p_1 p_2 p_3 p_4 
0.3579581 0.3041155 0.01878637 0.31914 
0.3895201 0.2388584 0.06608422 0.3055373 
0.3422434 0.3095021 0.06469942 0.2835551 
0.409458 0.2679691 0.02071512 0.3018577 
0.3591218 0.261244 0.0002498124 0.3793845 
0.5186171 0.2497482 0.01800308 0.2136316 
0.4526322 0.2062805 0.06954524 0.271542 
0.4208891 0.2075396 0.01225935 0.359312 
0.4370467 0.2422612 0.01919502 0.301497 
0.2867462 0.3417269 0.01328718 0.3582397 
0.3404647 0.3608951 0.0156051 0.2830351 
0.337608 0.2302493 0.04419417 0.3879485 
0.4150145 0.2631408 0.04004011 0.2818046 
0.3459149 0.3371464 0.01407639 0.3028623 
0.3800785 0.2332051 0.03469381 0.3520226 
0.3804243 0.3007097 0.01053737 0.3083287 
0.2938544 0.3177127 0.007953834 0.3804791 
0.3419044 0.3024251 0.03147115 0.3241994 
0.4683571 0.2576668 0.06550406 0.2084721 
0.4323771 0.2371427 0.06671681 0.2637633 
0.451739 0.2049819 0.001640942 0.3416382 
0.4327743 0.2345981 0.03124567 0.3013819 
0.3445385 0.295145 0.03941817 0.3208984 
0.4132607 0.2419637 0.009529257 0.3352464 
0.3461688 0.2985921 0.001615741 0.3536234 
0.3646988 0.3055787 0.000632875 0.3290897 
0.4196652 0.2611952 0.03380752 0.2853321 
0.4148193 0.2336519 0.008839635 0.3426892 
0.4407701 0.2772325 0.001084816 0.2809126 
0.3464862 0.307619 0.03390194 0.3119928 
0.3756703 0.1990442 0.08311714 0.3421684 
0.4217319 0.2628599 0.0008767706 0.3145314 
0.4452467 0.2381176 0.01139102 0.3052446 
0.4219048 0.324794 0.000987694 0.2523135 
0.4011329 0.2783823 0.05685744 0.2636274 
0.4206925 0.3574977 0.0025259 0.2192839 
0.4772077 0.2382677 0.02883679 0.2556878 
0.4115627 0.2846995 0.02797096 0.2757668 
0.3739109 0.2440897 0.02993831 0.3520612 
0.4469493 0.2295069 0.0178258 0.305718 
0.3455466 0.266808 0.01859184 0.3690535 
0.3849396 0.3326638 0.02505117 0.2573455 
0.4361427 0.2198129 0.007985778 0.3360587 
0.3118711 0.323432 0.0246653 0.3400316 
0.4498779 0.3046824 0.05849016 0.1869496 
0.4263711 0.2886899 0.003628797 0.2813102 
0.391067 0.285619 0.01046078 0.3128532 
0.388124 0.3310738 0.006098872 0.2747033 
0.4285635 0.2412615 0.01518411 0.3149909 
0.3609082 0.2857398 0.04268474 0.3106672 
0.3919661 0.2690725 0.01040511 0.3285563 
0.3679805 0.2713899 0.08477879 0.2758509 
0.4040911 0.2289847 0.01091568 0.3560085 
0.4061874 0.2898347 0.01578172 0.2881961 
0.3748636 0.2307436 0.006936013 0.3874568 
0.3050507 0.3580201 0.002649471 0.3342798 
0.4291577 0.3137367 0.003982833 0.2531228 
0.3506205 0.3041487 0.01947659 0.3257542 
0.4549361 0.2231905 0.0187276 0.3031457 
0.4186187 0.2674699 0.007594415 0.3063169 
0.3674188 0.2924257 0.01473096 0.3254245 
0.4268546 0.2918468 0.003589962 0.2777087 
0.4173981 0.3148302 0.005860626 0.2619111 
0.3492367 0.3004998 0.05660653 0.2936569 
0.471223 0.2601022 0.04053306 0.2281417 
0.4075762 0.2997934 0.009399457 0.2832309 
0.4022037 0.2513017 0.001273963 0.3452207 
0.3351508 0.311796 0.01366785 0.3393853 
0.3962012 0.2739355 0.008811379 0.3210519 
0.4113499 0.1993682 0.09994491 0.289337 
0.3988525 0.2659268 0.01027918 0.3249415 
0.4018157 0.2768832 0.01494134 0.3063598 
0.4069781 0.3350081 0.005021061 0.2529927 
0.4383385 0.2522806 0.01076488 0.298616 
0.4491351 0.2636311 0.01198475 0.275249 
0.4384477 0.2971403 0.003562453 0.2608495 
0.3950234 0.309346 0.000483938 0.2951467 
0.3906328 0.2553499 0.02355614 0.3304612 
0.3708137 0.3167912 0.0133563 0.2990388 
0.4118599 0.2487889 0.0002842379 0.339067 
0.4396957 0.2385664 0.009038362 0.3126995 
0.3284404 0.409962 0.02245635 0.2391412 
0.4195054 0.3441228 0.003065993 0.2333058 
0.4289312 0.2478278 0.04699972 0.2762413 
0.3906767 0.275877 0.0009171883 0.3325292 
0.3853594 0.3315327 0.005386245 0.2777216 
0.4482675 0.2303919 0.009017404 0.3123232 
0.3470325 0.3270265 0.009009533 0.3169315 
0.3890382 0.2581512 0.02370399 0.3291066 
0.4063503 0.2382472 0.001011715 0.3543908 
0.3578653 0.3232947 0.01156909 0.3072709 
0.3655266 0.2940593 0.003459849 0.3369542 
0.439546 0.2517501 0.001515844 0.3071881 
0.3948544 0.3944223 0.02334997 0.1873733 
0.3599626 0.3361544 0.001868304 0.3020147 
0.3806206 0.2721175 0.002006689 0.3452552 
0.3486769 0.2215756 0.0165308 0.4132167 
0.4199137 0.3010018 0.004532622 0.2745519 
0.3987256 0.3081316 0.01864236 0.2745005 
0.4557209 0.2599819 0.001552709 0.2827445 
0.4199113 0.2434657 0.001329793 0.3352932 
0.3945452 0.2983189 0.01239796 0.2947379 
0.4309542 0.3242868 0.03383096 0.210928 
0.4338489 0.3093557 0.006371293 0.2504241 
0.3668136 0.2696089 0.002618659 0.3609589 
0.3758743 0.2247628 0.02580046 0.3735624 
0.4246611 0.2880152 0.009960236 0.2773635 
0.4261142 0.3112312 0.00148731 0.2611673 
0.3319956 0.3537601 0.001025031 0.3132193 
0.4329011 0.2212746 0.01150333 0.334321 
0.3781516 0.3201983 0.004532514 0.2971176 
0.5077242 0.2201852 0.006660222 0.2654304 
0.3836298 0.2651009 0.002872868 0.3483964 
0.3144318 0.3816753 0.02956693 0.274326 
0.4193732 0.2423098 0.01176723 0.3265497 
0.5026185 0.2226087 0.01938173 0.2553911 
0.4486201 0.2918336 0.004936851 0.2546095 
0.3800036 0.2243554 0.02786415 0.3677768 
0.3536714 0.3408129 0.005225101 0.3002907 
0.3601406 0.2676082 0.0230134 0.3492378 
0.435957 0.2625981 0.006466388 0.2949786 
0.4452671 0.2191713 0.01814186 0.3174197 
0.3850052 0.2863589 0.005091449 0.3235445 
0.4056879 0.2680636 0.006757019 0.3194915 
0.3950889 0.2444476 0.02024238 0.3402211 
0.3859936 0.2085803 0.01242734 0.3929988 
0.495206 0.2684847 0.01743556 0.2188737 
0.4612284 0.3007814 0.002371155 0.235619 
0.3230506 0.275169 0.01259531 0.3891851 
0.4779305 0.1824836 0.0217545 0.3178314 
0.4228524 0.2641409 0.0002955905 0.312711 
0.3876465 0.3144046 0.01470634 0.2832426 
0.4269818 0.2461023 0.01837332 0.3085425 
0.3666354 0.3167247 0.008160184 0.3084797 
0.4255514 0.3337781 0.009277528 0.231393 
0.4204155 0.2510361 0.006457808 0.3220905 
0.4434129 0.2365013 0.03815239 0.2819334 
0.354291 0.1878923 0.07210289 0.3857138 
0.305849 0.2866903 0.0394322 0.3680285 
0.3518111 0.3255476 0.009369079 0.3132722 
0.4509545 0.2574081 0.005131323 0.286506 
0.3812255 0.3217657 0.0339235 0.2630853 
0.3681272 0.3169395 0.02498661 0.2899467 
0.3827705 0.3220603 0.008450703 0.2867185 
0.3940389 0.2843751 0.01707568 0.3045103 
0.416937 0.3022277 0.01545972 0.2653755 
0.4498567 0.2577345 0.008802582 0.2836062 
0.4384661 0.2792471 0.01544923 0.2668376 
0.3644763 0.3211693 0.02613514 0.2882193 
0.2817762 0.2466787 0.06557777 0.4059674 
0.4436186 0.2216436 0.001217521 0.3335204 
0.354679 0.2640745 0.01063769 0.3706088 
0.3666411 0.2936471 0.008737401 0.3309744 
0.3976318 0.2900016 0.005000419 0.3073662 
0.3350264 0.2706013 0.01853998 0.3758323 
0.4262498 0.2163845 0.04290241 0.3144633 
0.3574433 0.2176318 0.0119801 0.4129448 
0.4703234 0.2469218 0.02274032 0.2600146 
0.3316869 0.3070097 0.01623302 0.3450704 
0.4233903 0.2399212 0.01880152 0.3178869 
0.3941748 0.3006244 0.006176728 0.299024 
0.4305049 0.253286 0.008383852 0.3078253 
0.4805211 0.2024672 0.004027171 0.3129845 
0.377559 0.262255 0.01316889 0.3470171 
0.4554281 0.2497659 0.006550845 0.2882552 
0.4073374 0.3246336 0.001275697 0.2667533 
0.4013144 0.3208925 0.0004143801 0.2773787 
0.4110647 0.3007832 0.004120684 0.2840314 
0.3297934 0.3496005 0.03436539 0.2862408 
0.3418497 0.2245899 0.01599709 0.4175633 
0.4394414 0.2167969 0.001702912 0.3420587 
0.3720202 0.3087773 0.01153573 0.3076668 
0.3958694 0.3577939 0.005777631 0.240559 
0.3669275 0.2394691 0.02136037 0.3722431 
0.3956203 0.2681805 0.02800882 0.3081904 
0.3971177 0.2847551 0.01229977 0.3058275 
0.4280828 0.292546 0.01321899 0.2661522 
0.4224037 0.2694293 0.03129336 0.2768736 
0.527856 0.19481 0.002315172 0.2750188 
0.3628772 0.2798759 0.0199235 0.3373235 
0.3345111 0.3689394 0.009128735 0.2874208 
0.345837 0.3178254 0.006163519 0.330174 
0.3969245 0.2893977 0.005698142 0.3079797 
0.2933307 0.3092075 0.006572096 0.3908897 
0.4260877 0.2480729 0.02691104 0.2989283 
0.3893659 0.2397352 0.08138584 0.289513 
0.3561332 0.2782737 0.009885335 0.3557078 
0.3695995 0.2308822 0.01405743 0.3854609 
0.3902074 0.3681971 0.02243758 0.219158 
0.315698 0.2974883 0.06663744 0.3201763 
0.4074415 0.2824275 0.008370138 0.3017609 
0.3535063 0.294141 0.01701828 0.3353344 
0.4584718 0.282738 0.006696715 0.2520935 
0.4120181 0.3037839 0.01092624 0.2732718 
0.4070833 0.1955504 0.006922397 0.390444 
0.4473256 0.2248431 0.01669269 0.3111387 
0.4235609 0.3102398 0.004434408 0.2617649 
0.4645438 0.2039689 0.006618016 0.3248693 
0.4807746 0.2414367 0.008866498 0.2689222 
0.3916265 0.354345 0.0154859 0.2385426 
0.4690381 0.2702784 0.003584545 0.257099 
0.3763291 0.2498288 0.09740056 0.2764416 
0.4979815 0.2077234 0.007037082 0.287258 
0.3451337 0.3399326 0.01227577 0.3026579 
0.3853923 0.2695279 0.01034011 0.3347397 
0.3969413 0.2852718 0.008295175 0.3094918 
0.3345621 0.3222822 0.04020341 0.3029523 
0.4065734 0.2294447 0.04209691 0.3218851 
0.3235995 0.3751449 0.03986834 0.2613872 
0.4104236 0.3002148 0.006077673 0.2832839 
0.3800195 0.3754086 0.01393298 0.2306389 
0.4235667 0.2453934 0.002787906 0.328252 
0.3686826 0.3663412 0.00102363 0.2639526 
0.3973243 0.253183 0.04759926 0.3018934 
0.4356915 0.2241933 0.01374356 0.3263717 
0.3919311 0.2617435 0.02545604 0.3208694 
0.3937389 0.2863333 0.03074295 0.2891849 
0.4590566 0.1908753 0.00513521 0.3449329 
0.3640891 0.2947069 0.03136212 0.3098419 
0.2335447 0.2986734 0.0325745 0.4352074 
0.4215843 0.2415235 0.006293632 0.3305986 
0.3634484 0.338348 0.006392508 0.2918112 
0.4636664 0.190648 0.0009870076 0.3446986 
0.3886256 0.303804 0.01470409 0.2928663 
0.4592526 0.2325263 0.003934928 0.3042861 
0.4698113 0.2485316 0.0236025 0.2580546 
0.384446 0.2779858 0.003348156 0.33422 
0.3438865 0.3076356 0.0418511 0.3066268 
0.3665715 0.2677447 0.001523394 0.3641604 
0.3810934 0.2886187 0.006401599 0.3238863 
0.3501127 0.2947444 0.06769334 0.2874495 
0.3533972 0.3378866 0.01065977 0.2980564 
0.4152828 0.2559078 0.01270783 0.3161015 
0.3658555 0.2847739 0.003598867 0.3457718 
0.4271598 0.2195031 0.01709397 0.3362432 
0.415703 0.2602481 0.003392193 0.3206567 
0.4144838 0.3720706 0.006260223 0.2071853 
0.4069441 0.2961857 0.01048629 0.2863838 
0.3136325 0.3102968 0.00991834 0.3661524 
0.4597695 0.1883534 0.01989505 0.3319821 
0.3976408 0.2440383 0.0001752812 0.3581456 
0.3773171 0.3277997 0.007255309 0.2876279 
0.3937604 0.2460562 0.005869426 0.3543139 
0.4103172 0.3347407 0.02628265 0.2286595 
0.4086503 0.2446579 0.004107738 0.3425841 
0.4100838 0.2665061 0.0034453 0.3199648 
0.4268591 0.2459898 0.05206013 0.275091 
0.3452676 0.3069411 0.002598232 0.345193 
0.4160287 0.2318447 0.001756116 0.3503704 
0.5163684 0.2185827 0.0003575967 0.2646913 
0.4440394 0.1888435 0.007993716 0.3591234 
0.3240516 0.3181837 0.002688977 0.3550758 
0.4635721 0.2737817 0.01083308 0.2518131 
0.4113288 0.2148928 0.03566866 0.3381097 
0.3618962 0.3274438 0.02254921 0.2881107 
0.3927459 0.2941068 0.02454835 0.2885989 
0.4321017 0.178771 0.04775239 0.3413749 
0.3940082 0.2998804 0.01354942 0.292562 
0.4114547 0.3264212 0.01017698 0.2519471 
0.4314558 0.2525677 0.01333119 0.3026453 
0.5126495 0.2347216 0.02830632 0.2243226 
0.4365484 0.2638632 0.003573041 0.2960153 
0.4105432 0.2807614 0.05265584 0.2560395 
0.3980442 0.2366158 0.004057804 0.3612822 
0.3783368 0.2859341 0.01009446 0.3256347 
0.3745433 0.2694851 0.02588081 0.3300908 
0.3823077 0.3411373 0.001761457 0.2747936 
0.3715832 0.1766877 0.007943771 0.4437854 
0.4356007 0.2680212 0.007713869 0.2886642 
0.4085898 0.2466239 0.02058285 0.3242034 
0.3449527 0.2847516 0.03439223 0.3359034 
0.3426111 0.3069749 0.00451366 0.3459003 
0.3388507 0.3386319 1.513923e-06 0.3225159 
0.3760598 0.2564098 0.005648571 0.3618818 
0.4297958 0.3093911 0.01526358 0.2455495 
0.4388453 0.2475202 0.003441592 0.3101929 
0.4032617 0.3245681 0.00645053 0.2657196 
0.353943 0.3069254 0.02478955 0.314342 
0.2953284 0.3548523 0.04318775 0.3066316 
0.4032351 0.1941875 0.02082805 0.3817493 
0.3516354 0.2264347 0.06008085 0.3618491 
0.3505543 0.2620908 0.02206666 0.3652883 
0.4037876 0.2439937 0.02564866 0.32657 
0.427273 0.2949332 0.009461635 0.2683321 
0.4223497 0.2953123 0.00458865 0.2777494 
0.3721599 0.3164439 0.02024297 0.2911532 
0.4468442 0.2864565 0.005421513 0.2612778 
0.4170914 0.299532 0.01085836 0.2725183 
0.3992421 0.29034 0.05919311 0.2512249 
0.4249473 0.2762044 0.007983567 0.2908648 
0.4156094 0.1886423 0.002949324 0.392799 
0.3926697 0.2979196 0.02262039 0.2867903 
0.4745994 0.2704757 0.02201609 0.2329088 
0.2921455 0.4660628 0.03071308 0.2110787 
0.4275927 0.296932 0.01016917 0.2653061 
0.3775297 0.304731 0.01043154 0.3073078 
0.3129253 0.3843308 0.02145802 0.2812858 
0.3616044 0.339921 0.009014794 0.2894598 
0.3139495 0.3581201 0.008961285 0.3189691 
0.4761542 0.2600998 0.001709414 0.2620366 
0.05679866 0.2816528 0.3873002 0.2742483 
0.01497628 0.3402574 0.4270618 0.2177045 
0.02779546 0.2814291 0.4000611 0.2907144 
0.01157576 0.3229601 0.4075519 0.2579122 
0.01069524 0.3711022 0.355431 0.2627716 
0.003739724 0.2228663 0.3945253 0.3788686 
0.01247857 0.3145403 0.3478013 0.3251798 
0.006229183 0.2137409 0.4795519 0.300478 
0.02718037 0.2179222 0.4677253 0.2871721 
0.0120278 0.2698996 0.3881288 0.3299438 
0.006831535 0.3600116 0.3595372 0.2736197 
0.005819479 0.3015964 0.4208678 0.2717163 
0.003240316 0.2870551 0.4692008 0.2405038 
0.02307678 0.2439377 0.372126 0.3608595 
0.01718248 0.3003185 0.3213596 0.3611394 
0.01454921 0.2849893 0.37749 0.3229715 
0.01004004 0.2238275 0.4157029 0.3504296 
0.01727156 0.3698377 0.3314379 0.2814528 
0.03054564 0.258225 0.3826052 0.3286242 
0.003312993 0.2378082 0.4787324 0.2801465 
0.03305142 0.2536247 0.4073459 0.305978 
0.002640143 0.3117538 0.3497474 0.3358586 
0.003083144 0.236319 0.4061101 0.3544878 
0.02341456 0.2987854 0.337547 0.340253 
0.01608145 0.2542699 0.4366832 0.2929655 
0.004493529 0.2179072 0.4829624 0.2946369 
0.01174383 0.3325402 0.3143162 0.3413998 
0.0146437 0.2735752 0.3592901 0.352491 
0.03324108 0.2791149 0.3634826 0.3241614 
0.006477849 0.3086627 0.379497 0.3053625 
0.01696912 0.3540093 0.3307546 0.298267 
0.02287563 0.2176797 0.4101985 0.3492462 
0.0141638 0.2847842 0.4270765 0.2739755 
0.005870309 0.2244529 0.4964777 0.2731992 
0.03959342 0.3409856 0.3643786 0.2550425 
0.02432588 0.2376795 0.3575796 0.380415 
0.02084564 0.3447041 0.3458976 0.2885527 
0.01251448 0.2711705 0.3454861 0.3708289 
0.02643476 0.2686728 0.4548529 0.2500395 
0.01706983 0.3211325 0.3966439 0.2651538 
0.01954209 0.2244715 0.4554633 0.3005231 
0.002414228 0.3442468 0.3369801 0.3163589 
0.001928493 0.2767942 0.3555775 0.3656997 
0.02048884 0.3196016 0.2830225 0.376887 
0.008836043 0.2160496 0.4343781 0.3407363 
0.001585331 0.2174434 0.4098678 0.3711035 
0.0004654377 0.2682893 0.3626954 0.3685498 
0.02845628 0.262239 0.3756779 0.3336268 
0.007595439 0.2447046 0.4407906 0.3069094 
0.00363622 0.3518056 0.3383166 0.3062415 
0.004559326 0.3002475 0.3942253 0.3009679 
0.01127429 0.255012 0.3788989 0.3548148 
0.0181291 0.2522566 0.4143265 0.3152878 
0.006610135 0.2391487 0.3812788 0.3729623 
0.003628958 0.2225443 0.494699 0.2791278 
0.00765491 0.2878819 0.380884 0.3235792 
0.002637518 0.2599673 0.472032 0.2653632 
0.01227718 0.243334 0.4121726 0.3322162 
0.01986598 0.2392884 0.4040632 0.3367824 
0.01743466 0.2297175 0.3919029 0.3609449 
0.004077566 0.2755213 0.4668664 0.2535347 
0.01417593 0.2383398 0.4275604 0.3199238 
0.00151593 0.4111822 0.3298145 0.2574874 
0.01460339 0.2739482 0.4057296 0.3057189 
0.01034386 0.3183083 0.3396114 0.3317364 
0.0008276069 0.2683001 0.4120114 0.3188609 
0.03522731 0.3092718 0.3780557 0.2774452 
0.01554281 0.2236611 0.3867646 0.3740316 
0.01134246 0.2272794 0.4632453 0.2981329 
0.07570847 0.2139622 0.3806765 0.3296528 
0.01663255 0.2439572 0.4540929 0.2853174 
0.01486769 0.2861293 0.3508418 0.3481612 
0.01191336 0.3041981 0.4100908 0.2737977 
0.004244337 0.2607705 0.4544252 0.2805599 
0.03482385 0.2336829 0.4029127 0.3285805 
0.01626994 0.2217113 0.3908696 0.3711491 
0.003658519 0.3052958 0.4312026 0.2598431 
0.01643678 0.2370718 0.368756 0.3777354 
0.005276476 0.3744692 0.3454347 0.2748196 
0.003721372 0.2835651 0.3589637 0.3537499 
0.00270713 0.2657346 0.4085536 0.3230047 
0.04890447 0.2657007 0.4930739 0.1923209 
0.007442415 0.2742832 0.4647818 0.2534926 
0.004443329 0.2143024 0.5596456 0.2216087 
0.001698173 0.2659784 0.4232394 0.309084 
0.01139559 0.218213 0.4579156 0.3124758 
0.004815606 0.3328814 0.3451309 0.3171721 
0.02055082 0.2580827 0.3609701 0.3603964 
0.01847769 0.2527849 0.4334189 0.2953186 
0.02569407 0.3095263 0.3649502 0.2998294 
0.02239516 0.2054186 0.3684247 0.4037616 
0.02613899 0.3372939 0.3419627 0.2946044 
0.006383401 0.3326024 0.3871505 0.2738638 
0.005257001 0.2142414 0.4348533 0.3456483 
0.006486915 0.2816565 0.4922007 0.2196559 
0.0113299 0.2402946 0.4116571 0.3367184 
0.07654295 0.2295909 0.394866 0.2990002 
0.01276647 0.3127871 0.4387453 0.2357012 
0.001396442 0.3706731 0.291468 0.3364625 
0.02375553 0.2522114 0.4181894 0.3058437 
0.02315115 0.2616536 0.4222257 0.2929695 
0.02425011 0.217795 0.3864518 0.3715032 
0.0007379467 0.3093885 0.433247 0.2566266 
0.002804042 0.2173412 0.3838269 0.3960279 
0.02687805 0.1942212 0.4386301 0.3402707 
0.005150957 0.2826935 0.4123217 0.2998339 
0.008702365 0.2595283 0.3860921 0.3456773 
0.003236321 0.3333651 0.373585 0.2898136 
0.005493384 0.3089259 0.3960695 0.2895111 
0.01689674 0.1940559 0.3810044 0.4080429 
0.002561955 0.3073937 0.3696228 0.3204215 
0.02397563 0.2383691 0.4095118 0.3281435 
0.01658964 0.3123584 0.4257986 0.2452533 
0.01385161 0.2309538 0.4462791 0.3089155 
0.03880184 0.2445019 0.4760036 0.2406927 
0.007736611 0.3091408 0.3680154 0.3151072 
0.01704793 0.210768 0.2929544 0.4792297 
0.002824716 0.3248412 0.3365465 0.3357875 
0.00657881 0.2679395 0.4413016 0.2841801 
0.05234034 0.3012975 0.3647654 0.2815967 
0.06768884 0.250337 0.432678 0.2492962 
0.01664799 0.2804933 0.3759616 0.3268971 
0.0223162 0.3544099 0.3647826 0.2584913 
0.03252001 0.2403606 0.3857944 0.3413251 
0.007954609 0.2907986 0.4235558 0.277691 
0.07219291 0.1786439 0.385954 0.3632092 
0.0216143 0.2728649 0.4592801 0.2462407 
0.02104181 0.3203229 0.3651972 0.2934382 
0.009926656 0.3825566 0.4012283 0.2062885 
0.04455257 0.2883939 0.3698382 0.2972153 
0.005728541 0.2213443 0.4681778 0.3047493 
0.02670544 0.3451415 0.4059311 0.222222 
0.01545955 0.3144844 0.3615549 0.3085011 
0.02113822 0.3038577 0.5008674 0.1741366 
0.004041134 0.2422663 0.3634581 0.3902345 
0.009651236 0.3646089 0.3498076 0.2759323 
0.009035843 0.2713977 0.4572031 0.2623633 
0.006039741 0.2646726 0.3983529 0.3309347 
0.006874839 0.2561884 0.4207895 0.3161472 
0.008698074 0.2211011 0.3186796 0.4515212 
0.02926431 0.2802046 0.3783062 0.3122249 
0.00281348 0.2550624 0.4527472 0.2893769 
0.0107126 0.3135509 0.3560382 0.3196983 
0.006094835 0.3021834 0.3650192 0.3267026 
0.01107443 0.2275748 0.5265515 0.2347992 
0.05038771 0.2648141 0.3826692 0.302129 
0.002707357 0.3031151 0.4357587 0.2584189 
0.003798932 0.2993063 0.4530962 0.2437985 
0.007687953 0.2668654 0.4798145 0.2456322 
0.04929953 0.2512138 0.3679821 0.3315046 
0.02915598 0.2196963 0.3478136 0.4033341 
0.006738864 0.1999611 0.4512905 0.3420095 
0.02495486 0.3037497 0.346708 0.3245874 
0.006581005 0.2742359 0.4080185 0.3111646 
0.0007590807 0.3124522 0.4463404 0.2404483 
0.003403276 0.3118202 0.3835307 0.3012459 
0.01768182 0.3254356 0.3260424 0.3308401 
0.05583736 0.3494114 0.318644 0.2761072 
0.02344536 0.221187 0.5136693 0.2416983 
0.00390772 0.3377417 0.3835937 0.2747569 
0.006131521 0.2720558 0.3919628 0.3298499 
0.02734506 0.2352295 0.4013431 0.3360823 
0.016641 0.2936315 0.3269194 0.3628082 
0.01266607 0.3447747 0.3858488 0.2567104 
0.007820762 0.2001444 0.4787609 0.3132739 
0.04200798 0.2786603 0.3843727 0.2949591 
0.01468451 0.3100252 0.3936724 0.2816179 
0.008846143 0.2007816 0.4444414 0.3459308 
0.01013244 0.2827377 0.4200876 0.2870422 
0.00126733 0.2474745 0.409262 0.3419962 
0.01832352 0.2070775 0.5219439 0.2526551 
0.0367826 0.3495955 0.3846864 0.2289355 
0.007011306 0.2536465 0.4672823 0.2720599 
0.02802607 0.3229244 0.3756574 0.2733922 
0.008616155 0.2765581 0.3535437 0.3612821 
0.009630672 0.3462367 0.3776108 0.2665218 
0.01309856 0.3168949 0.3656424 0.3043642 
0.01277542 0.2493016 0.4862308 0.2516922 
0.0001427887 0.2160379 0.4822577 0.3015616 
0.01297333 0.2784726 0.4111203 0.2974337 
0.01541724 0.20205 0.4564319 0.3261009 
0.01031788 0.2168865 0.4924656 0.28033 
0.01077855 0.2701071 0.3892199 0.3298944 
0.01763298 0.2187177 0.3487603 0.4148891 
0.0114503 0.21941 0.3853347 0.383805 
0.01050984 0.2493701 0.371451 0.368669 
0.0113588 0.2369134 0.4549324 0.2967954 
0.00189 0.4296232 0.2903996 0.2780872 
0.004954431 0.3023519 0.3601617 0.332532 
0.004109684 0.3919589 0.3495511 0.2543804 
0.0209654 0.2115696 0.3556648 0.4118002 
0.04516589 0.295524 0.3752297 0.2840804 
0.01830765 0.3144571 0.3765244 0.2907108 
0.008822225 0.2620658 0.3778599 0.3512521 
0.01471009 0.3578049 0.346562 0.2809231 
0.04081404 0.2963444 0.3575421 0.3052995 
0.008566187 0.2638401 0.4249575 0.3026363 
0.005285389 0.2625371 0.3889325 0.3432451 
0.0005162003 0.2751898 0.3777803 0.3465136 
0.002554263 0.280743 0.322745 0.3939578 
0.03270452 0.3209482 0.3778055 0.2685418 
0.003474999 0.269972 0.4504526 0.2761004 
0.05202368 0.3361071 0.3604315 0.2514377 
0.0005310178 0.2535388 0.3839121 0.3620181 
0.02197246 0.306442 0.4258722 0.2457133 
0.02310586 0.247131 0.4749358 0.2548273 
0.03672297 0.3386558 0.3633799 0.2612412 
0.01055649 0.254958 0.5346327 0.1998528 
6.262184e-05 0.2395053 0.4288388 0.3315933 
0.01566514 0.2996087 0.3263959 0.3583302 
0.00721375 0.2519327 0.4163175 0.324536 
0.007734318 0.2532196 0.4406243 0.2984217 
0.02157999 0.2957376 0.3710946 0.3115877 
0.01432803 0.3131782 0.3608348 0.3116589 
0.001821559 0.3092895 0.3525346 0.3363544 
9.066116e-05 0.2506341 0.4376453 0.3116299 
0.04474792 0.3311291 0.2903626 0.3337604 
0.02999758 0.3140896 0.3618529 0.2940599 
0.0436961 0.2579492 0.3401929 0.3581618 
0.02673218 0.2658497 0.3717335 0.3356845 
0.01625297 0.2887619 0.4025558 0.2924293 
0.002066129 0.2950758 0.3745486 0.3283095 
0.02214137 0.3086075 0.413662 0.2555891 
0.04762431 0.2946201 0.360445 0.2973106 
0.01997123 0.322859 0.3712424 0.2859273 
0.003708642 0.2660036 0.431373 0.2989148 
0.03924939 0.2540875 0.3874511 0.3192119 
0.003118657 0.274685 0.4323201 0.2898762 
0.0138988 0.1704936 0.4666288 0.3489788 
0.02873555 0.278739 0.4253928 0.2671327 
0.02201507 0.251503 0.3479374 0.3785445 
0.002422253 0.2514594 0.3844493 0.361669 
0.004158461 0.2394524 0.3698549 0.3865343 
0.001472679 0.2036722 0.4203164 0.3745387 
0.02850676 0.2523903 0.4740435 0.2450595 
0.01811218 0.2693763 0.4608459 0.2516656 
0.01790858 0.2734023 0.442237 0.2664522 
0.007062751 0.3019727 0.3400595 0.3509051 
0.02787395 0.2599675 0.4581495 0.2540091 
0.008389446 0.2691237 0.4927583 0.2297286 
0.01815787 0.3216473 0.306023 0.3541718 
0.001857941 0.3230314 0.4284871 0.2466236 
0.01238859 0.2262834 0.472986 0.288342 
0.001580487 0.2870163 0.4101386 0.3012646 
0.01778125 0.2392608 0.4150388 0.3279191 
0.02848407 0.2550287 0.4168298 0.2996574 
0.01187228 0.3617509 0.3544955 0.2718813 
0.0444145 0.2240742 0.407321 0.3241902 
0.007790667 0.2848549 0.3820567 0.3252977 
0.003366958 0.3184454 0.4049774 0.2732103 
0.02157616 0.2931231 0.4281591 0.2571417 
0.001028004 0.3406177 0.4017617 0.2565927 
0.05509113 0.2009108 0.4737551 0.270243 
0.01048858 0.3378158 0.3811924 0.2705031 
0.02171752 0.3320677 0.3676337 0.2785811 
0.008478038 0.274091 0.3808688 0.3365622 
0.008228633 0.250476 0.4100001 0.3312952 
0.035688 0.3570791 0.3826696 0.2245633 
0.02250287 0.2783511 0.4062804 0.2928657 
0.004450445 0.2337389 0.364257 0.3975537 
0.001133516 0.2456247 0.430835 0.3224067 
0.004264641 0.2780708 0.4211708 0.2964938 
0.01033169 0.2838605 0.3956768 0.310131 
0.01851904 0.2538697 0.366953 0.3606583 
0.01213801 0.2451973 0.4498066 0.2928581 
0.004938711 0.2629705 0.4099826 0.3221082 
0.01934752 0.2758863 0.4875317 0.2172345 
0.0110417 0.310492 0.4120169 0.2664493 
0.02824072 0.2198493 0.4240355 0.3278745 
0.05516681 0.3091578 0.4020436 0.2336318 
0.005003001 0.2935868 0.4052909 0.2961193 
0.0131026 0.3820435 0.2893081 0.3155457 
0.004371555 0.3316787 0.4285105 0.2354393 
0.006418451 0.251958 0.3248643 0.4167593 
0.0240389 0.3591899 0.3774091 0.2393621 
0.02198124 0.2535459 0.3945211 0.3299517 
0.05695262 0.3208271 0.4059215 0.2162988 
0.004261002 0.1977747 0.3778117 0.4201526 
0.01061552 0.3043201 0.2737724 0.411292 
0.06651163 0.2032501 0.4847287 0.2455096 
0.01827127 0.2250336 0.4748799 0.2818152 
0.00930531 0.2290707 0.5069642 0.2546598 
0.004258041 0.2397118 0.381009 0.3750211 
0.02177473 0.2708516 0.4429033 0.2644704 
0.008976043 0.3067297 0.3774862 0.3068081 
0.005470633 0.3416678 0.3800224 0.2728392 
0.0238793 0.2418149 0.4194033 0.3149025 
0.001766487 0.3233357 0.4606603 0.2142375 
0.0265756 0.3361862 0.3635669 0.2736713 
0.00931969 0.2852325 0.4390397 0.2664081 
0.07378366 0.2272384 0.3609167 0.3380612 
0.02457455 0.2397496 0.4100174 0.3256585 
0.003619617 0.2170601 0.441065 0.3382553 
0.01734093 0.2205139 0.4762419 0.2859032 
0.04134711 0.229881 0.3826948 0.3460771 
0.01427515 0.2543939 0.4456903 0.2856407 
0.006729957 0.2727225 0.4482844 0.2722632 
0.006680881 0.2596789 0.4204768 0.3131634 
0.001872585 0.2951037 0.3597997 0.343224 
0.01021169 0.2802357 0.4290354 0.2805173 
0.007617405 0.2357605 0.43641 0.3202121 
0.02308487 0.2443996 0.4297641 0.3027514 
0.01877498 0.2477636 0.3599535 0.373508 
0.005898158 0.3094044 0.3488231 0.3358743 
0.02636562 0.347008 0.3610437 0.2655827 
0.02243788 0.2686394 0.3560269 0.3528959 
0.00153869 0.2404818 0.3667123 0.3912672 
0.01126996 0.1693889 0.4629029 0.3564383 
0.008388829 0.2530046 0.4493882 0.2892184 
0.04661565 0.2390873 0.4011151 0.3131819 
0.008792337 0.3352406 0.3747057 0.2812613 
0.02856188 0.3601082 0.3214512 0.2898787 
0.001884387 0.2405046 0.4713145 0.2862965 
0.02845202 0.2435293 0.3627789 0.3652397 
0.007657071 0.2388512 0.411584 0.3419077 
0.000399326 0.406179 0.4122972 0.1811244 
0.01670947 0.2326985 0.4198764 0.3307156 
0.002043357 0.2537855 0.3634534 0.3807178 
0.001972024 0.2625118 0.3922606 0.3432556 
0.00242161 0.2360346 0.4656963 0.2958475 
0.03778144 0.3482856 0.319 0.2949329 
0.003877519 0.4031342 0.3562593 0.236729 
0.0160955 0.18978 0.46029 0.3338345 
0.01047508 0.3504589 0.3458698 0.2931962 
0.02038862 0.2482016 0.3912519 0.3401579 
0.005356146 0.3106386 0.3573372 0.326668 
0.000561854 0.2615626 0.4049744 0.3329011 
0.009610737 0.2998128 0.4015216 0.2890548 
0.02058082 0.209786 0.5086924 0.2609408 
0.01255673 0.2390875 0.4241914 0.3241644 
0.001354029 0.318754 0.3683883 0.3115036 
0.03699221 0.285496 0.4091012 0.2684106 
0.01208499 0.3256588 0.3964736 0.2657826 
0.006352311 0.213342 0.5463448 0.2339609 
0.0101198 0.2643051 0.3923944 0.3331807 
0.007826349 0.2522339 0.3989879 0.3409519 
0.004455003 0.3279264 0.3889938 0.2786248 
0.001075947 0.269496 0.4303419 0.2990862 
0.008880865 0.3116567 0.4254078 0.2540546 
0.02959671 0.2195366 0.3530026 0.3978641 
0.01534178 0.319856 0.409721 0.2550812 
0.003864347 0.23593 0.3810226 0.379183 
0.002847781 0.2720485 0.4345829 0.2905209 
0.002625943 0.3234255 0.4144502 0.2594984 
0.007876337 0.2438565 0.4457262 0.302541 
0.00791029 0.2209998 0.4333851 0.3377048 
0.01819676 0.2021618 0.3825162 0.3971253 
0.03192918 0.2508395 0.3684143 0.348817 
0.05982664 0.2270902 0.3820603 0.3310229 
0.006303062 0.2811806 0.4685925 0.2439238 
0.02533631 0.2727844 0.485485 0.2163943 
0.030119 0.2260635 0.4443936 0.2994239 
0.05182135 0.2298362 0.3836886 0.3346539 
0.009572036 0.2797127 0.4667697 0.2439456 
0.04624614 0.336654 0.3415635 0.2755364 
0.004425921 0.2364988 0.4047046 0.3543707 
0.003824963 0.2765757 0.4223579 0.2972414 
0.02954081 0.2829344 0.341178 0.3463468 
0.01041943 0.2290264 0.4379788 0.3225754 
0.01590622 0.308488 0.4333605 0.2422453 
0.01075092 0.2761997 0.3346442 0.3784052 
0.007415914 0.2552525 0.329623 0.4077086 
0.03528159 0.2776221 0.3705739 0.3165224 
0.001092276 0.2091449 0.4712749 0.318488 
1.067595e-05 0.3452239 0.4100196 0.2447458 
0.02240154 0.2520802 0.3145667 0.4109516 
0.03418407 0.2938036 0.3546783 0.3173341 
0.009959522 0.2736534 0.3954814 0.3209057 
0.01242758 0.3322437 0.4068075 0.2485212 
0.007151763 0.2431309 0.4671386 0.2825787 
0.0259448 0.2431951 0.4549227 0.2759374 
0.007573028 0.2857388 0.3987121 0.3079761 
0.01153362 0.1780667 0.4724649 0.3379347 
0.001573628 0.3264484 0.3552448 0.3167332 
0.01913928 0.2732778 0.338602 0.3689809 
0.01916451 0.2464686 0.4455083 0.2888586 
0.03270707 0.3199466 0.3981217 0.2492246 
0.003348733 0.3699271 0.3822566 0.2444676 
0.001210366 0.2740503 0.3374175 0.3873218 
0.01090854 0.3951322 0.2594972 0.3344621 
0.01184871 0.3652479 0.2759415 0.3469619 
0.000732603 0.3653062 0.3482081 0.2857531 
0.01260988 0.2063913 0.4811368 0.2998621 
0.006608562 0.2584335 0.4832568 0.2517011 
0.04201161 0.2369554 0.4083082 0.3127248 
0.009675946 0.2231367 0.4572637 0.3099237 
0.003942312 0.2971734 0.4219708 0.2769135 
0.01556728 0.3753485 0.334159 0.2749252 
0.0009332372 0.264235 0.4638608 0.270971 
0.02775919 0.2611041 0.4072087 0.303928 
0.01211333 0.3138121 0.3361609 0.3379137 
0.0447614 0.2481684 0.3814745 0.3255957 
0.02406801 0.2587012 0.4479282 0.2693026 
0.001608422 0.2702145 0.4375229 0.2906542 
0.03433168 0.4146297 0.35513 0.1959087 
0.0324349 0.3293016 0.3168797 0.3213838 
0.0112297 0.2679763 0.3718835 0.3489105 
0.007007027 0.2705079 0.4161894 0.3062957 
0.00374636 0.2945503 0.3170834 0.3846199 
0.0422159 0.2757027 0.4033348 0.2787466 
0.01320764 0.3057397 0.3771006 0.303952 
0.006652504 0.1986358 0.4950141 0.2996975 
0.003404787 0.2468168 0.4556489 0.2941295 
0.01894673 0.3215112 0.3889813 0.2705608 
0.01543746 0.3325538 0.2941881 0.3578206 
0.003494278 0.2575676 0.4285541 0.3103841 
0.05351859 0.2317654 0.4467295 0.2679865 
0.01992948 0.2964175 0.452801 0.230852 
0.04141251 0.2722057 0.3380124 0.3483694 
0.02669022 0.381084 0.3117802 0.2804456 
7.124184e-06 0.3305203 0.3165502 0.3529223 
0.01282673 0.2797057 0.4564537 0.2510139 
0.004589277 0.2417326 0.3972605 0.3564176 
0.004155935 0.2778708 0.3241294 0.3938438 
0.00210364 0.2721374 0.4489682 0.2767908 
6.118121e-05 0.2463071 0.4434901 0.3101416 
0.01222071 0.197977 0.4719735 0.3178288 
0.01590852 0.2045996 0.4401026 0.3393892 
0.02012403 0.2304382 0.4390704 0.3103674 
0.000204547 0.2859397 0.3607709 0.3530848 
0.002409033 0.262519 0.4449264 0.2901455 
0.01479313 0.2864638 0.4145585 0.2841845 
0.00283317 0.2998311 0.4153997 0.281936 
0.01149912 0.3238771 0.4110071 0.2536167 
0.02854071 0.336599 0.3535987 0.2812615 
0.01909485 0.2606343 0.3332668 0.3870041 
0.0105139 0.2353989 0.402322 0.3517651 
0.01101498 0.2461131 0.4195354 0.3233365 
0.0417965 0.3162438 0.3213559 0.3206038 
0.01267599 0.3013602 0.4122988 0.2736651 
0.002068674 0.3497638 0.3339238 0.3142437 
0.02211676 0.2475524 0.3513102 0.3790207 
0.005746975 0.2742606 0.3896564 0.330336 
0.005800876 0.2236021 0.4608654 0.3097316 
0.003112027 0.2400881 0.424108 0.3326919 
0.0005164469 0.3128164 0.3854095 0.3012577 
0.06349707 0.2761998 0.4127294 0.2475737 
0.0005356148 0.2390343 0.4694618 0.2909682 
0.01609341 0.3413263 0.3183907 0.3241896 
0.01213897 0.3382732 0.3578943 0.2916935 
0.03233277 0.2413561 0.4546993 0.2716118 
0.01587181 0.2855505 0.3777835 0.3207941 
0.008751946 0.2945027 0.409795 0.2869504 
0.01855457 0.3263251 0.3683982 0.2867221 
0.002218285 0.2220405 0.4109296 0.3648117 
0.005267369 0.3388083 0.3790803 0.276844 
0.00164726 0.2463895 0.4252454 0.3267178 
0.01764832 0.2553798 0.4429273 0.2840446 
0.007058724 0.282906 0.4118771 0.2981582 
0.005106163 0.289777 0.3847612 0.3203556 
0.0004058102 0.2743225 0.4180549 0.3072168 
0.002039513 0.2187842 0.4584147 0.3207616 
0.002213639 0.2465459 0.4091046 0.3421358 
0.00324176 0.2847825 0.4599016 0.2520741 
0.03196765 0.2801619 0.3835601 0.3043103 
0.02331514 0.2206423 0.3975874 0.3584552 
0.0001224546 0.2808408 0.4377841 0.2812526 
0.03113211 0.3185775 0.3635005 0.2867898 
0.009423569 0.3214012 0.3380252 0.33115 
0.02738795 0.2597527 0.333988 0.3788713 
0.0135223 0.2275965 0.4059234 0.3529578 
0.01168486 0.2800481 0.3545243 0.3537427 
0.009264003 0.2847706 0.4797126 0.2262529 
0.0001264109 0.3176948 0.4432715 0.2389073 
0.01615368 0.3158416 0.4192495 0.2487553 
0.02973435 0.3032295 0.3423365 0.3246997 
0.01032128 0.3874656 0.3506166 0.2515966 
0.0546949 0.2733149 0.410231 0.2617592 
0.01954157 0.2440367 0.4745755 0.2618462 
0.001167885 0.2534794 0.3500629 0.3952899 
0.009726438 0.251893 0.4546763 0.2837043 
0.0001757472 0.2237425 0.4388168 0.337265 
0.01769562 0.2887027 0.4188334 0.2747682 
0.02361467 0.2610866 0.4210798 0.294219 
0.03294764 0.2430095 0.3422127 0.3818301 
0.07857385 0.2391544 0.3984926 0.2837792 
0.008193629 0.2380686 0.4206633 0.3330745 
0.002644839 0.2590239 0.340777 0.3975542 
0.02302042 0.3261595 0.3537482 0.2970719 
0.03039477 0.2058849 0.4628076 0.3009128 
0.006230957 0.2845166 0.4430143 0.2662381 
0.02811386 0.2487822 0.4299962 0.2931078 
0.007161248 0.3019087 0.4904652 0.2004649 
0.003727913 0.283451 0.3294143 0.3834068 
0.01201032 0.2712577 0.4351829 0.281549 
0.001994805 0.2413875 0.5031253 0.2534925 
0.01058031 0.3165303 0.4051496 0.2677398 
0.08316831 0.2610314 0.3172582 0.3385421 
0.01147488 0.3346828 0.3829732 0.2708691 
0.003275341 0.2939006 0.4860691 0.216755 
0.07363334 0.2792406 0.3471142 0.3000119 
0.01117096 0.2589247 0.4032915 0.3266128 
0.00796601 0.2900372 0.3763242 0.3256726 
0.004279727 0.2477003 0.3449857 0.4030343 
0.01742459 0.2458763 0.4703426 0.2663564 
0.01373795 0.2866987 0.4239933 0.27557 
0.007413375 0.2599442 0.4359049 0.2967376 
0.008989392 0.2587107 0.3625991 0.3697008 
0.002994675 0.2317285 0.5161763 0.2491005 
0.006229134 0.2683344 0.4113279 0.3141085 
0.02046221 0.2551626 0.3818297 0.3425455 
0.02900881 0.2838827 0.4128969 0.2742116 
0.01438876 0.2975144 0.371702 0.3163948 
0.002558441 0.2466835 0.4515941 0.299164 
0.03045339 0.2386952 0.3846925 0.3461588 
0.001515388 0.3347802 0.4400514 0.2236529 
0.0108795 0.3126624 0.4306555 0.2458027 
0.009785514 0.262846 0.3917951 0.3355734 
0.01285696 0.3430952 0.3455015 0.2985464 
0.004698764 0.2898998 0.4154649 0.2899365 
0.05826732 0.2456735 0.3659166 0.3301426 
0.01283236 0.2830345 0.4524685 0.2516647 
0.01262118 0.2423611 0.397379 0.3476388 
0.005179896 0.2285499 0.4917904 0.2744798 
0.02873617 0.3146308 0.3343335 0.3222994 
0.01627709 0.2690818 0.37697 0.3376711 
0.001415803 0.305757 0.3390296 0.3537975 
0.02459019 0.3062043 0.4402375 0.228968 
0.001876146 0.3164327 0.4043883 0.2773029 
0.003369295 0.3128238 0.3799968 0.3038101 
0.0003484924 0.3515817 0.375927 0.2721429 
0.02403234 0.3019498 0.381173 0.2928449 
0.01043032 0.2189195 0.4332936 0.3373565 
0.01698213 0.2183851 0.4448703 0.3197625 
0.01036459 0.3155356 0.3900744 0.2840254 
0.04864028 0.257014 0.4492231 0.2451226 
0.03333676 0.2427601 0.4594143 0.2644888 
0.01003853 0.2589626 0.4213042 0.3096946 
0.007755146 0.3317101 0.3156413 0.3448935 
0.03256007 0.238807 0.3862531 0.3423798 
0.04697529 0.2920007 0.3007005 0.3603235 
0.007127829 0.246947 0.4370901 0.3088351 
0.0001306044 0.2787772 0.3729921 0.3481001 
0.02379252 0.2276181 0.3885702 0.3600191 
0.007952968 0.3198252 0.3400893 0.3321325 
0.0174616 0.2328116 0.4612889 0.2884378 
0.006060789 0.175403 0.4197824 0.3987538 
0.008119252 0.2540729 0.4958336 0.2419743 
0.05536241 0.2989274 0.3767447 0.2689655 
0.04333764 0.2892353 0.4319643 0.2354627 
0.03934367 0.2618971 0.4257669 0.2729923 
0.008816978 0.2440179 0.3848004 0.3623647 
0.0007164327 0.3229763 0.4266932 0.2496141 
0.03785324 0.3858305 0.3254516 0.2508647 
0.008456901 0.2394778 0.4390487 0.3130166 
0.01794504 0.238254 0.4335226 0.3102783 
0.004510093 0.2321837 0.4437902 0.319516 
0.01343935 0.2755806 0.3670164 0.3439637 
0.02246189 0.3378273 0.3719504 0.2677604 
0.01388261 0.2172695 0.5007308 0.2681171 
0.002201731 0.3156286 0.3254006 0.356769 
0.01424988 0.2456126 0.4351835 0.304954 
0.0008691001 0.2938652 0.4231623 0.2821035 
0.007779115 0.2600856 0.3883698 0.3437655 
0.009212447 0.2745192 0.3982573 0.3180111 
0.03580524 0.2432752 0.4721888 0.2487307 
0.01538952 0.2438688 0.3118664 0.4288753 
0.0317372 0.2497791 0.3873919 0.3310918 
0.01234807 0.3363083 0.3754848 0.2758589 
0.01857048 0.2959928 0.4003124 0.2851243 
0.01128279 0.2685027 0.3733399 0.3468746 
0.02184642 0.2364489 0.3074555 0.4342491 
0.03557983 0.272665 0.4249487 0.2668065 
0.0210662 0.2581698 0.3354775 0.3852865 
0.004199899 0.3192854 0.3496084 0.3269063 
0.001781552 0.338983 0.40061 0.2586255 
0.0005892903 0.3288782 0.329592 0.3409405 
0.007207054 0.317359 0.3756987 0.2997353 
0.01112198 0.3044686 0.3988934 0.285516 
0.04015974 0.2860161 0.3728033 0.3010209 
0.01565558 0.2517856 0.4635781 0.2689807 
0.005799073 0.2827751 0.3534236 0.3580022 
0.004078767 0.3108061 0.4180909 0.2670242 
0.01449946 0.2098842 0.4061548 0.3694615 
0.03926159 0.288757 0.4045615 0.26742 
0.006461699 0.2433434 0.4193073 0.3308876 
0.02566939 0.1748375 0.4512878 0.3482053 
0.01533609 0.2291116 0.4421123 0.31344 
0.09806795 0.2968266 0.4533211 0.1517844 
0.002515663 0.3085389 0.3557842 0.3331612 
0.0007576816 0.2820009 0.4333065 0.283935 
0.005418356 0.3228315 0.3684308 0.3033193 
0.004494325 0.3197585 0.409524 0.2662231 
0.002262977 0.2430595 0.4085615 0.3461161 
0.02181074 0.3071501 0.378896 0.2921432 
0.07572619 0.2436172 0.3800688 0.3005878 
0.01441741 0.2856155 0.4200917 0.2798754 
0.02051383 0.2910655 0.4512622 0.2371584 
0.0002180556 0.3696325 0.3280302 0.3021193 
0.005085152 0.289714 0.4607441 0.2444567 
0.003306106 0.2973116 0.3756538 0.3237285 
0.02870653 0.2645469 0.3616208 0.3451257 
0.01278974 0.3422462 0.4032735 0.2416905 
0.01896209 0.2567317 0.4122518 0.3120543 
0.0525782 0.2489098 0.4503007 0.2482113 
0.004954715 0.3127739 0.378243 0.3040284 
0.02900135 0.2424049 0.4405182 0.2880756 
0.004771112 0.2815054 0.4262712 0.2874524 
0.006413498 0.2398575 0.4342464 0.3194826 
0.005570304 0.2756029 0.34794 0.3708868 
0.0424237 0.2437481 0.407789 0.3060391 
0.008038129 0.2727303 0.4197594 0.2994722 
0.007471564 0.2696555 0.4541709 0.268702 
0.01009129 0.196584 0.4845461 0.3087786 
0.01415969 0.2397856 0.4445831 0.3014716 
0.01175312 0.2217302 0.4415817 0.324935 
0.02174851 0.3124412 0.451309 0.2145013 
0.006625093 0.2272271 0.4836179 0.2825299 
0.006105318 0.2826263 0.3979986 0.3132698 
0.007873027 0.2240052 0.382169 0.3859528 
0.03311479 0.3326072 0.3572477 0.2770303 
0.01283729 0.3257471 0.455833 0.2055826 
0.002815275 0.2741326 0.3949927 0.3280595 
0.02059198 0.2386264 0.4750308 0.2657508 
0.01983639 0.2245693 0.4319366 0.3236577 
0.008076722 0.2906859 0.4116727 0.2895647 
0.02723185 0.2161602 0.4370376 0.3195704 
0.003621549 0.2387464 0.4180059 0.3396262 
0.000218948 0.2523542 0.44928 0.2981469 
0.005237966 0.3348628 0.4016985 0.2582007 
0.04728792 0.3211842 0.3992384 0.2322895 
0.01379256 0.232794 0.5143496 0.2390639 
0.002263703 0.2759799 0.3635701 0.3581863 
0.006975093 0.2462705 0.4148664 0.3318881 
0.009118072 0.2691237 0.3928545 0.3289038 
0.02113452 0.2514894 0.3292616 0.3981145 
0.01377101 0.3870287 0.3713167 0.2278835 
0.005368258 0.2209661 0.4641473 0.3095184 
0.01274718 0.2690598 0.4513028 0.2668902 
0.005622597 0.2659349 0.3735055 0.3549369 
0.01025257 0.3525047 0.3307922 0.3064506 
0.01529169 0.366735 0.3755191 0.2424542 
0.001266137 0.265709 0.4600546 0.2729703 
0.007204963 0.2590802 0.3846789 0.3490359 
0.0147303 0.2926768 0.3930405 0.2995523 
0.02970433 0.2205262 0.4478402 0.3019293 
0.001482741 0.3071921 0.4403931 0.250932 
0.0004346364 0.3072462 0.3706779 0.3216413 
0.01898556 0.2722902 0.3851132 0.323611 
0.03609739 0.2929787 0.3652028 0.305721 
0.02740245 0.2615992 0.3997287 0.3112696 
0.04906546 0.361025 0.3621689 0.2277406 
0.002983165 0.2370884 0.4446568 0.3152716 
0.06277325 0.2123361 0.3656243 0.3592663 
0.0002081959 0.2948529 0.3756061 0.3293328 
0.03617529 0.2165859 0.3974664 0.3497724 
0.001971826 0.2969021 0.4534936 0.2476324 
0.005320384 0.2697034 0.4942008 0.2307754 
0.001639653 0.2714041 0.4653153 0.2616409 
0.01389552 0.2560008 0.4045339 0.3255697 
