"p_1" "p_2" "p_3" "p_4"
0.001402454 0.0575869 0.7787285 0.1622822
0.01318171 0.04981194 0.7881233 0.148883
0.005139992 0.05105114 0.7860091 0.1577998
0.004719647 0.04356499 0.7792557 0.1724597
0.0009489654 0.06307258 0.7795315 0.156447
0.007104068 0.0507194 0.7832054 0.1589712
0.0001537769 0.06565396 0.7699358 0.1642565
0.0004644104 0.05050248 0.8001839 0.1488493
0.001449776 0.05907475 0.7893736 0.1501018
0.004147395 0.05384033 0.7888998 0.1531125
0.002337799 0.06285902 0.7859308 0.1488724
0.03141899 0.02848457 0.7758474 0.164249
0.04953819 0.0001656826 0.7856752 0.1646209
0.05442201 0.002094646 0.7602945 0.1831888
0.06163053 0.002176611 0.7629542 0.1732387
0.06208701 0.0003808912 0.7835583 0.1539738
0.04663826 0.004040597 0.7800107 0.1693105
0.04838725 0.002172747 0.7920749 0.1573651
0.05634308 0.007219745 0.7985515 0.1378857
0.05311631 0.001827403 0.7777951 0.1672612
0.05666974 0.001158912 0.7701165 0.1720549
0.0604813 0.003746698 0.7838809 0.1518911
0.05278471 0.01159714 0.7830716 0.1525466
0.05172544 8.924778e-05 0.770702 0.1774833
0.05408011 0.001129749 0.7862337 0.1585565
0.05432689 0.01027685 0.7688425 0.1665538
0.04612821 0.004004002 0.7909013 0.1589664
0.05924284 0.0001848394 0.7846734 0.1558989
0.05281806 0.01121424 0.7728182 0.1631495
0.05284008 0.0007636888 0.7774449 0.1689514
0.06432975 0.001135606 0.7744012 0.1601334
0.0620709 0.0007658634 0.7794049 0.1577584
0.05375351 0.005298809 0.772255 0.1686927
0.04404295 0.01321249 0.7656908 0.1770537
0.04773147 0.01353953 0.7868265 0.1519025
0.06296888 0.0032847 0.7771461 0.1566003
0.07044217 0.0004688361 0.7821777 0.1469113
0.04638895 0.002761617 0.7880492 0.1628002
0.05429888 0.0008671443 0.7578429 0.1869911
0.03833752 0.001484014 0.7931264 0.167052
0.04572431 0.00281846 0.7856766 0.1657807
0.04508664 0.0004066792 0.7911629 0.1633438
0.04697831 0.001853282 0.7905968 0.1605716
0.05907393 0.0062671 0.7853172 0.1493418
0.06513642 0.01031547 0.7659807 0.1585674
0.0514614 0.005179453 0.7724161 0.1709431
0.0432951 0.007124742 0.7820482 0.167532
0.05447023 0.02371694 0.77807 0.1437428
0.05185469 0.002601137 0.7832221 0.1623221
0.05950153 0.0101924 0.7599512 0.1703549
0.03807073 4.87845e-06 0.8054065 0.1565179
0.05752633 0.005321831 0.7839678 0.153184
0.05235811 0.02941137 0.7873672 0.1308633
0.04529687 0.003677807 0.7945714 0.156454
0.05083764 0.002693342 0.7901263 0.1563428
0.05885881 0.0008741635 0.7546799 0.1855871
0.0552388 0.01053503 0.7627298 0.1714964
0.04881475 0.001623297 0.7934233 0.1561386
0.06074006 0.005972019 0.7671558 0.1661321
0.05340451 0.00130397 0.776339 0.1689526
0.05806524 0.0002586303 0.7926474 0.1490287
0.05008384 0.001319963 0.8004759 0.1481203
0.05688371 0.0004968675 0.7826297 0.1599898
0.05811786 4.924455e-05 0.7623249 0.179508
0.06193841 0.01024001 0.7635377 0.1642839
0.04424125 0.000570098 0.7950836 0.160105
0.05344216 0.002460349 0.7778677 0.1662298
0.05951873 0.0007425452 0.7711867 0.1685521
0.04838886 0.005015305 0.7926704 0.1539254
0.05598345 0.00767215 0.7788476 0.1574968
0.05292258 0.0003486507 0.7818793 0.1648494
0.0610029 0.0008997272 0.7713211 0.1667763
0.04873346 0.001055938 0.7798691 0.1703415
0.05658487 0.004206538 0.7683286 0.17088
0.05608491 0.009687621 0.791278 0.1429494
0.06654515 0.000420594 0.7874579 0.1455763
0.05347242 0.01397964 0.7663677 0.1661802
0.04553519 0.008049497 0.787761 0.1586543
0.06904876 0.0006741623 0.7504729 0.1798041
0.05065323 0.005336536 0.7728085 0.1712017
0.05140328 0.003045496 0.7685117 0.1770395
0.04247545 0.002594201 0.7778133 0.1771171
0.05271259 0.005253049 0.7814114 0.1606229
0.05252465 0.003725307 0.7741356 0.1696145
0.04014844 0.009928377 0.7747725 0.1751506
0.06706402 0.009147843 0.7498706 0.1739176
0.05902735 0.01110302 0.7609298 0.1689398
0.05819617 0.0003187723 0.7794577 0.1620273
0.05910291 0.005017992 0.7790998 0.1567793
0.06061792 0.03620073 0.7961781 0.1070033
0.06727755 0.0007569269 0.766257 0.1657085
0.0587459 0.001583704 0.7708582 0.1688122
0.05494185 1.418399e-06 0.8001382 0.1449185
0.05528326 0.02381523 0.7689212 0.1519803
0.04445315 0.0003691122 0.803831 0.1513467
0.04660825 0.00474564 0.7683423 0.1803038
0.04860971 0.001564005 0.7788485 0.1709778
0.05288438 0.005698853 0.7651406 0.1762762
0.06112918 0.005368949 0.7639101 0.1695918
0.04727794 0.01456851 0.7960459 0.1421076
0.05457011 0.04168786 0.7874204 0.1163217
0.07024826 0.03710902 0.7698755 0.1227672
0.06788322 0.05349715 0.7662547 0.112365
0.04312155 0.01128079 0.7878849 0.1577128
0.05341677 0.03149305 0.8129495 0.1021406
0.05763741 0.01746707 0.7773801 0.1475154
0.05193926 0.005547434 0.7781763 0.164337
0.0626341 0.0005331202 0.7695812 0.1672516
0.05492458 0.01166606 0.7767307 0.1566786
0.05756377 0.01456452 0.7616159 0.1662558
0.06120659 0.002158198 0.7839346 0.1527006
0.04773208 0.0002555384 0.785364 0.1666483
0.04282403 0.0001678302 0.770212 0.1867961
0.05244775 0.001065495 0.7635419 0.1829449
0.05488646 0.003337082 0.7691571 0.1726193
0.06216308 0.001404764 0.7871084 0.1493237
0.04798202 0.000477178 0.7892279 0.1623129
0.05996368 0.007004139 0.7735761 0.1594561
0.04212232 4.865319e-05 0.7845217 0.1733073
0.05292558 0.008594536 0.7823112 0.1561687
0.05044007 0.01073581 0.7526272 0.1861969
0.06175956 0.003764739 0.7787313 0.1557444
0.0692915 0.001892903 0.7556893 0.1731263
0.04404779 0.008102363 0.783192 0.1646579
0.0572461 2.831231e-05 0.7961834 0.1465421
0.06663559 0.000960045 0.7845047 0.1478997
0.04412297 0.000677026 0.7945122 0.1606878
0.05960917 0.004827849 0.7720799 0.1634831
0.05580277 0.007555323 0.7800186 0.1566233
0.05017797 0.003730152 0.7808663 0.1652256
0.06020648 0.001903208 0.7773636 0.1605268
0.06091374 0.02465598 0.7666608 0.1477695
0.05076647 0.01754665 0.8160828 0.115604
0.04658177 0.06715268 0.7969677 0.08929789
0.07220497 0.05615362 0.7669097 0.1047318
0.0542647 0.05332358 0.7612947 0.1311171
0.06460212 0.001487001 0.7959 0.1380109
0.05168715 0.002461064 0.7740791 0.1717727
0.05646531 0.001250484 0.791392 0.1508922
0.04212714 0.009479805 0.7734304 0.1749627
0.06460933 0.007167783 0.774421 0.1538019
0.06826912 0.007676085 0.7737806 0.1502742
0.05647862 0.003518491 0.7938361 0.1461668
0.04914369 0.002944602 0.7596678 0.1882439
0.04747212 0.006340994 0.7898701 0.1563168
0.0482821 0.003762796 0.7612238 0.1867313
0.04631453 0.003385892 0.7802256 0.170074
0.05293541 0.001643968 0.7788723 0.1665483
0.05800484 0.008920385 0.7742476 0.1588272
0.05653381 0.003923396 0.7634309 0.1761119
0.03274542 0.002286728 0.8027346 0.1622333
0.04833703 0.008420959 0.7784876 0.1647544
0.05865098 0.00934643 0.775266 0.1567366
0.05541973 0.003694827 0.7795974 0.161288
0.05829643 0.004602254 0.7870213 0.15008
0.05945434 0.004788738 0.7804725 0.1552844
0.06991438 0.01130324 0.7558896 0.1628928
0.04940809 0.01173894 0.7925804 0.1462725
0.05191577 0.001640278 0.7823553 0.1640887
0.06045549 0.001408022 0.7694516 0.1686848
0.06173154 0.001818174 0.7430679 0.1933824
0.04384505 0.001411074 0.7878919 0.1668519
0.04781254 0.005722747 0.7981025 0.1483622
0.05274209 0.004219807 0.8040242 0.1390139
0.05264067 0.0002797268 0.7569312 0.1901484
0.04159786 0.005873325 0.7810113 0.1715175
0.05916877 0.005359198 0.794642 0.1408301
0.04875263 0.002612637 0.7993365 0.1492982
0.05642609 0.005034858 0.7882783 0.1502608
0.0536509 0.004011079 0.7878707 0.1544673
0.05562606 0.0001653777 0.7985232 0.1456854
0.05532845 0.00402304 0.7741835 0.1664651
0.05329374 0.008425881 0.8010627 0.1372177
0.05229845 0.002788164 0.7922821 0.1526312
0.06375423 0.008210542 0.7868516 0.1411836
0.05694907 0.002791209 0.7918526 0.1484072
0.05071532 0.02180567 0.7777217 0.1497574
0.05322659 0.003432576 0.7915836 0.1517572
0.05056827 0.002265139 0.7862688 0.1608978
0.05216568 0.007436034 0.7812767 0.1591216
0.05439578 0.005702005 0.7533156 0.1865866
0.05294885 0.02012107 0.7847939 0.1421362
0.04941756 0.001787414 0.7595669 0.1892282
0.0523137 0.008032301 0.7850727 0.1545813
0.04522883 0.000526645 0.7655681 0.1886764
0.05352635 0.007609121 0.7701854 0.1686791
0.07082274 0.0003903404 0.7359828 0.1928041
0.06284357 0.007196462 0.7823797 0.1475803
0.05177673 0.0001552368 0.7709994 0.1770686
0.05160504 0.008573858 0.7544599 0.1853612
0.05257352 0.004227138 0.767269 0.1759303
0.06196712 0.006265409 0.7583062 0.1734613
0.05032287 8.71618e-05 0.7873182 0.1622717
0.05511675 0.002063626 0.777958 0.1648616
0.05270159 0.003895201 0.7657976 0.1776056
0.05316809 0.001170881 0.7853663 0.1602947
0.05355173 0.00270463 0.7798359 0.1639077
0.05975967 0.001661784 0.7849398 0.1536387
0.04044959 0.001906267 0.7925126 0.1651315
0.05816018 0.00553714 0.7755446 0.1607581
0.04970345 0.005044327 0.7813512 0.163901
0.05078083 0.0001957053 0.7896547 0.1593687
0.04651978 0.009246445 0.7519391 0.1922946
0.04184023 0.01104941 0.7926481 0.1544623
0.05916638 0.01251163 0.7642079 0.1641141
0.05540831 0.004768416 0.807421 0.1324023
0.04724867 0.004527059 0.7761335 0.1720908
0.06030537 0.0002709475 0.7935785 0.1458452
0.04676147 0.001992695 0.7747151 0.1765307
0.04869629 0.00328857 0.7894357 0.1585794
0.05245312 0.000725195 0.7867251 0.1600966
0.04943042 0.001010732 0.7835614 0.1659974
0.05710908 2.541279e-05 0.7749517 0.1679138
0.06001739 0.002512553 0.7718943 0.1655757
0.06482132 0.000586782 0.774565 0.1600269
0.0503411 0.006286746 0.7747907 0.1685815
0.05810372 0.003861845 0.7656052 0.1724292
0.06398745 0.004112202 0.7902237 0.1416766
0.0615763 0.006051648 0.7721715 0.1602005
0.05031207 0.002296552 0.7880769 0.1593145
0.04709962 8.574619e-05 0.78233 0.1704846
0.03229334 0.0009907901 0.7801276 0.1865883
0.05100599 0.007299572 0.7612556 0.1804389
0.06048054 0.005092986 0.7838864 0.15054
0.05666467 0.0006416105 0.799963 0.1427307
0.06163039 0.0007227715 0.7786026 0.1590442
0.04736136 0.0007495861 0.7828614 0.1690277
0.04590694 0.002675274 0.8045706 0.1468472
0.06327087 0.006174487 0.7830342 0.1475204
0.05163238 0.01132797 0.7772251 0.1598146
0.06711864 1.862445e-05 0.7602274 0.1726353
0.04911748 0.006289923 0.7534001 0.1911925
0.05449423 0.006256213 0.7548809 0.1843687
0.042552 0.01456099 0.7935502 0.1493368
0.05963211 0.005746229 0.7665085 0.1681131
0.05419335 7.685363e-05 0.7778682 0.1678616
0.04622849 0.006772713 0.7911035 0.1558953
0.05580392 0.009049811 0.7705795 0.1645667
0.05480935 0.04204877 0.7642568 0.1388851
0.05171935 0.04101252 0.7456768 0.1615914
0.05704818 0.03066978 0.7336827 0.1785994
0.04834202 0.01044704 0.7836135 0.1575975
0.05268637 0.02498986 0.7920649 0.1302589
0.0405315 0.03218697 0.7760993 0.1511823
0.04894367 0.04417877 0.7874966 0.119381
0.05436528 0.05046216 0.7798482 0.1153243
0.06255539 0.05250467 0.782905 0.1020349
0.06179272 0.04922371 0.7865774 0.1024062
0.05752993 0.07125408 0.7801058 0.09111022
0.06067296 0.0355574 0.7591772 0.1445925
0.06156791 0.004599506 0.7616697 0.1721629
0.05756332 0.002884646 0.7701975 0.1693545
0.06400876 0.007019231 0.739294 0.189678
0.05077307 0.00499788 0.7798643 0.1643647
0.05520887 0.01377078 0.7475116 0.1835088
0.04848549 0.02270965 0.7704665 0.1583384
0.0521016 0.01166022 0.7580711 0.178167
0.05403651 0.0005445437 0.7792773 0.1661416
0.04848975 0.000692697 0.764814 0.1860035
0.07972812 0.006307621 0.7467631 0.1672012
0.05728251 0.002428629 0.7646673 0.1756216
0.06405687 0.001753764 0.7878888 0.1463006
0.05287777 0.00138997 0.7736713 0.172061
0.05781248 0.001860862 0.769356 0.1709707
0.0463806 0.002635401 0.7894113 0.1615727
0.06686946 0.004635517 0.7816491 0.1468459
0.05958289 7.595858e-05 0.7757284 0.1646127
0.0498931 0.003854019 0.7967219 0.149531
0.06133725 0.002509834 0.7735676 0.1625854
0.06180502 0.01261961 0.7823269 0.1432485
0.04678325 0.0008594323 0.7755588 0.1767985
0.07048514 0.0009494239 0.7793643 0.1492011
0.0619451 0.00308953 0.7917508 0.1432146
0.04092948 0.0001851575 0.7980007 0.1608846
0.05927516 0.01369434 0.7766936 0.1503369
0.04370264 0.0001315543 0.7960323 0.1601336
0.04882728 0.009876135 0.7786108 0.1626858
0.06767392 0.00651796 0.7693151 0.156493
0.0601518 0.001786284 0.7804048 0.1576571
0.06203996 0.0009976007 0.7859033 0.1510591
0.05932275 0.004685283 0.7707398 0.1652522
0.05057896 0.005439781 0.7863317 0.1576495
0.06133644 0.005770259 0.7695169 0.1633764
0.05196436 0.001355775 0.7762501 0.1704297
0.05351721 0.00590627 0.7661241 0.1744524
0.04912914 0.003523967 0.7793772 0.1679697
0.04631465 0.001583299 0.774206 0.177896
0.05507572 0.001320199 0.7737836 0.1698205
0.05745366 0.01080331 0.7763089 0.1554341
0.0467484 0.03601348 0.7925078 0.1247303
0.06079045 0.004616827 0.7696061 0.1649866
0.04490458 0.02236924 0.7751727 0.1575535
0.04998461 0.005150988 0.7775653 0.1672991
0.05386977 0.006053731 0.774182 0.1658945
0.05624372 0.001093096 0.7916617 0.1510014
0.04811885 0.002884711 0.7861253 0.1628712
0.0563443 0.006225459 0.7549323 0.1824979
0.04562393 0.0004633781 0.7815231 0.1723896
0.04895354 0.003737765 0.7725338 0.1747749
0.05018901 0.004999971 0.7735079 0.1713031
0.04914752 0.002648121 0.7766314 0.171573
0.05214839 0.008802772 0.7544854 0.1845634
0.06477155 0.005219585 0.7901081 0.1399008
0.05561764 0.0004073754 0.7763593 0.1676157
0.05585408 0.003265196 0.7836366 0.1572441
0.06456611 0.0005373051 0.7899269 0.1449697
0.05345157 0.0007887645 0.7911701 0.1545896
0.06176742 0.001470948 0.7772296 0.159532
0.05891154 0.005846129 0.7901739 0.1450685
0.04725662 0.01080838 0.7712187 0.1707163
0.05253965 0.007494237 0.7690484 0.1709177
0.05840692 0.003053856 0.7741195 0.1644197
0.04973098 0.0003506674 0.7885203 0.161398
0.06056152 0.0003753673 0.7696113 0.1694518
0.05125789 0.006949966 0.7739116 0.1678806
0.04666359 0.000514158 0.7954457 0.1573766
0.05489492 0.0005385651 0.7806613 0.1639052
0.05582017 0.001293355 0.7817255 0.161161
0.0582305 0.002126435 0.8005194 0.1391237
0.04940808 0.001763628 0.7838621 0.1649662
0.03776876 0.00238834 0.816295 0.1435479
0.04865578 0.003050309 0.7969135 0.1513804
0.04410418 0.0007116032 0.7901828 0.1650014
0.04693841 0.004779682 0.7786291 0.1696528
0.0501235 0.003390326 0.7808546 0.1656316
0.04157379 0.008359955 0.7890193 0.1610469
0.05209715 0.01749833 0.7541657 0.1762388
0.05779459 0.002806723 0.7642057 0.175193
0.06275555 0.01015598 0.7844759 0.1426126
0.06267013 0.003267068 0.7751394 0.1589234
0.05284138 0.004820353 0.761168 0.1811703
0.05940392 0.00132006 0.7959005 0.1433755
0.06377988 0.00093078 0.7687587 0.1665306
0.07092939 0.002489109 0.7668203 0.1597612
0.05665167 0.005492553 0.7605739 0.1772819
0.05349053 0.001386501 0.7751903 0.1699327
0.06006064 0.004250263 0.7623087 0.1733804
0.05792034 0.01311798 0.7604606 0.1685011
0.06249491 0.000173392 0.7533448 0.1839869
0.0473616 0.0006897751 0.7983372 0.1536114
0.05304008 0.001145573 0.7943007 0.1515136
0.0435694 0.003754135 0.778158 0.1745184
0.06609047 0.00265166 0.7668327 0.1644252
0.04504401 0.004958266 0.7643074 0.1856903
0.05933897 0.001485785 0.7773781 0.1617972
0.05946498 0.01391532 0.7796202 0.1469995
0.04175467 0.001533067 0.8036067 0.1531055
0.06651377 0.01274695 0.7466243 0.174115
0.05111103 0.003338593 0.7578198 0.1877306
0.03880391 0.004928278 0.8013313 0.1549365
0.05616824 0.001393332 0.7522133 0.1902251
0.0431677 0.006280929 0.7793482 0.1712032
0.05338361 0.003669128 0.7625971 0.1803502
0.0563314 0.0008208461 0.7794421 0.1634057
0.05585948 0.0004250573 0.7583578 0.1853577
0.06569545 0.00129197 0.7787888 0.1542237
0.05064894 0.001013331 0.7931471 0.1551906
0.05900218 0.01113298 0.7695701 0.1602948
0.05442507 0.004380743 0.7855742 0.1556199
0.06565756 0.004731915 0.7798371 0.1497734
0.05455105 0.0004302416 0.7720968 0.1729219
0.05465825 0.001092375 0.7815511 0.1626983
0.05293275 0.006491838 0.7774473 0.1631281
0.05818693 0.001735251 0.7796962 0.1603816
0.04594145 0.0008203844 0.7810249 0.1722133
0.009084466 0.05273728 0.7822133 0.1559649
0.004420413 0.07001757 0.7771639 0.1483981
0.001951764 0.04054033 0.8032963 0.1542116
0.01307746 0.05702788 0.7596004 0.1702942
0.003926442 0.05477935 0.7685409 0.1727533
0.004231649 0.04810155 0.7823292 0.1653376
0.0044413 0.05435901 0.7851435 0.1560562
0.0007748522 0.05077629 0.7735491 0.1748997
0.01014206 0.0568884 0.7712539 0.1617156
0.0007165558 0.0503756 0.7967301 0.1521778
0.009557686 0.05049998 0.7750609 0.1648814
0.005810473 0.05435092 0.7550531 0.1847855
0.004592062 0.05280068 0.774484 0.1681232
0.004346885 0.05132824 0.7664492 0.1778757
0.007531416 0.05812777 0.7744493 0.1598915
0.005733174 0.05988285 0.7919059 0.1424781
0.003290851 0.06488522 0.7758022 0.1560217
0.02011579 0.05005639 0.7649228 0.164905
0.02068214 0.0506537 0.7756459 0.1530183
0.0008814774 0.0619119 0.7668833 0.1703233
0.0002772732 0.04896913 0.7810447 0.1697089
0.005141267 0.06235139 0.7603442 0.1721632
0.007658252 0.05234811 0.7759002 0.1640934
0.003462041 0.06059054 0.7714911 0.1644563
0.01433489 0.05995634 0.7823377 0.1433711
0.000688843 0.0590952 0.7772234 0.1629926
0.003289458 0.04856096 0.7773915 0.1707581
0.00277047 0.06142183 0.7671192 0.1686884
0.02284359 0.05526132 0.7853405 0.1365546
0.0004098343 0.05124349 0.8079732 0.1403735
1.184613e-05 0.04790931 0.7855391 0.1665397
0.00555641 0.05323024 0.7847504 0.156463
0.0001011198 0.04831624 0.7826484 0.1689343
0.004034124 0.05619944 0.7811831 0.1585834
0.0004042493 0.06298527 0.7555508 0.1810597
0.0005105527 0.06904465 0.7738862 0.1565586
0.0004762114 0.06275522 0.7763581 0.1604105
0.001819376 0.06400364 0.7774571 0.1567199
0.0008186081 0.06779769 0.7719618 0.1594219
0.001772059 0.0447675 0.8000033 0.1534571
2.1771e-05 0.0508386 0.8070597 0.1420799
0.01141931 0.06301168 0.7675796 0.1579894
0.02679152 0.06718603 0.7662507 0.1397718
0.002488654 0.04974483 0.7937215 0.154045
0.01186528 0.0336245 0.779387 0.1751233
0.0003324806 0.04625594 0.791158 0.1622536
0.004017203 0.05255323 0.7770164 0.1664131
0.01448543 0.06157824 0.7579206 0.1660157
0.005545292 0.05809632 0.7865931 0.1497653
0.01239374 0.04707068 0.7584695 0.1820661
0.007883654 0.05079944 0.7973585 0.1439584
0.004776638 0.04902146 0.7978789 0.148323
0.009191362 0.04696956 0.7633042 0.1805349
0.003114505 0.05050162 0.7656538 0.18073
0.003111264 0.05676431 0.7739085 0.1662159
0.0008410464 0.05321344 0.7720503 0.1738952
0.004686929 0.04497926 0.7876245 0.1627093
6.574259e-06 0.04264424 0.8017319 0.1556173
0.005022615 0.05423911 0.788237 0.1525013
0.0004339251 0.06202496 0.7548345 0.1827066
0.002035863 0.05071317 0.7667092 0.1805418
0.004237271 0.05378272 0.7666219 0.1753581
0.0004806512 0.06717147 0.7667166 0.1656313
0.003557147 0.05202197 0.7751426 0.1692783
0.001730152 0.06155028 0.7721284 0.1645912
0.003026194 0.05299084 0.7403404 0.2036426
0.002017734 0.05487586 0.7758469 0.1672595
0.02566138 0.07465297 0.7448615 0.1548242
0.02045969 0.05044964 0.7645258 0.1645649
0.005371514 0.04353314 0.78476 0.1663353
0.000215288 0.04453848 0.7961697 0.1590765
0.00432353 0.06193012 0.7795076 0.1542388
0.000554808 0.05192076 0.7726673 0.1748571
0.006724398 0.04632612 0.800005 0.1469445
0.02940735 0.05471586 0.7734573 0.1424195
0.001843694 0.06066569 0.7840711 0.1534195
0.006252993 0.0504233 0.7611177 0.182206
0.008180529 0.04715035 0.7915627 0.1531064
0.006292468 0.04412868 0.7909037 0.1586752
0.0004404009 0.0533039 0.7879204 0.1583353
0.004420589 0.04584566 0.7879865 0.1617473
0.003038664 0.05336969 0.7805582 0.1630334
0.003508972 0.04979992 0.7881434 0.1585477
0.0009472725 0.0601647 0.7900994 0.1487887
0.0006807148 0.05641493 0.7895749 0.1533294
0.01059729 0.05159903 0.7786385 0.1591651
0.007865557 0.05665854 0.7706788 0.1647971
0.00418462 0.05162044 0.7861059 0.158089
0.004035326 0.06045909 0.7796102 0.1558953
6.912748e-07 0.05305188 0.7819747 0.1649727
0.0009945251 0.05254233 0.7754723 0.1709908
0.008991175 0.05546186 0.7838755 0.1516714
0.008749376 0.05574667 0.7641317 0.1713723
0.004045463 0.06144259 0.7845381 0.1499738
0.005091754 0.05996255 0.771868 0.1630777
0.008098664 0.05734578 0.8012986 0.133257
0.0004938636 0.05584536 0.7854325 0.1582283
0.0009077011 0.04414121 0.8021556 0.1527955
0.0002514845 0.04073128 0.7759708 0.1830464
0.008890567 0.04314665 0.7805817 0.1673811
0.0006153507 0.04830568 0.7883878 0.1626912
0.005609147 0.05205989 0.7869323 0.1553987
0.003245654 0.07688182 0.7537254 0.1661472
0.003112683 0.04110278 0.7924723 0.1633123
0.0215657 0.0405602 0.7739261 0.163948
0.004278439 0.05883309 0.780877 0.1560115
0.001726948 0.06278027 0.7717347 0.1637581
0.006134856 0.04399929 0.7759814 0.1738845
0.002549063 0.0577701 0.8006058 0.139075
0.004551789 0.0495657 0.7870157 0.1588668
0.003804466 0.05981431 0.7731275 0.1632538
0.003575453 0.06529806 0.7664291 0.1646974
0.01133219 0.05334305 0.7610311 0.1742936
0.001309792 0.04007525 0.8006918 0.1579231
0.003177548 0.04441339 0.7798021 0.1726069
0.006527539 0.06614685 0.7514886 0.175837
0.01003289 0.05404163 0.7753538 0.1605717
0.002790782 0.06131278 0.7943538 0.1415426
0.008443711 0.06408884 0.7790431 0.1484243
0.01689983 0.04967314 0.7629569 0.1704702
0.006686947 0.05197331 0.7810687 0.1602711
0.002090937 0.05768957 0.7716336 0.1685859
0.006635996 0.05560299 0.7506433 0.1871178
0.002357442 0.05292966 0.7956652 0.1490477
0.007174869 0.05549652 0.7521029 0.1852257
0.007659216 0.06224435 0.763662 0.1664345
0.009250963 0.0564943 0.7640448 0.17021
0.002571485 0.06426505 0.75906 0.1741035
0.0003185203 0.05332207 0.7744735 0.1718859
0.002474247 0.04650122 0.7748113 0.1762133
0.0009138814 0.04648463 0.8041886 0.1484129
0.001476353 0.06321977 0.7851309 0.150173
0.009947164 0.04585433 0.7700322 0.1741663
0.000141529 0.0562769 0.7807918 0.1627897
0.006763995 0.05536149 0.7884197 0.1494548
0.01106551 0.06500381 0.7666843 0.1572463
0.007179729 0.05124719 0.7579012 0.1836718
0.003640345 0.04978053 0.7832291 0.16335
0.001962651 0.06395333 0.7819169 0.1521671
0.005680173 0.06236612 0.7446052 0.1873485
0.004120229 0.06211672 0.7698339 0.1639291
0.0001966885 0.05638688 0.7465492 0.1968672
0.006274254 0.05490395 0.8030964 0.1357254
0.002884364 0.05785467 0.7668295 0.1724315
0.01156019 0.05148513 0.7927471 0.1442076
0.004818403 0.05112806 0.7641973 0.1798563
0.002182714 0.05554775 0.7749729 0.1672967
0.005525888 0.04733203 0.7955023 0.1516398
0.01065411 0.06236643 0.7560349 0.1709446
0.0005952301 0.0576494 0.774628 0.1671274
0.0006391161 0.05670883 0.7804694 0.1621827
0.002498659 0.05579778 0.7727917 0.1689119
0.001914406 0.04923844 0.7890001 0.1598471
0.004911643 0.04549585 0.7893193 0.1602732
0.01391985 0.04586322 0.7647191 0.1754978
0.00179596 0.06140198 0.7705833 0.1662188
0.0006324441 0.06624512 0.7708148 0.1623076
0.000790833 0.05646439 0.7652879 0.1774569
0.00569959 0.05169265 0.7696142 0.1729935
0.001309932 0.05594967 0.7751498 0.1675906
0.0007267636 0.05363873 0.7928789 0.1527556
0.0005548081 0.04730246 0.7855441 0.1665987
0.001573083 0.0425737 0.7727173 0.1831359
0.0005777301 0.04748449 0.7796461 0.1722917
0.0001159074 0.07419572 0.7568934 0.1687949
0.009942225 0.04616925 0.7783228 0.1655657
0.0003449307 0.04421919 0.7543658 0.2010701
0.01402539 0.06511822 0.7709641 0.1498923
0.007938383 0.05501883 0.7742399 0.1628029
0.009083549 0.05047998 0.7853405 0.1550959
0.0006061422 0.06623043 0.7731858 0.1599776
0.001117737 0.05317524 0.7749 0.170807
0.006330595 0.05363028 0.7825188 0.1575203
0.0003576887 0.05875382 0.7750585 0.16583
0.001088276 0.05076522 0.7809522 0.1671943
0.01112455 0.05752676 0.7762797 0.155069
0.002690094 0.05470414 0.7877352 0.1548706
0.002574215 0.05275671 0.7518846 0.1927845
0.002008935 0.0564117 0.7757956 0.1657837
0.006044893 0.05568601 0.7596556 0.1786135
0.01059401 0.07434681 0.7691075 0.1459517
0.01007616 0.04551177 0.7619298 0.1824822
0.001444529 0.0597788 0.7986085 0.1401682
0.001272006 0.05922231 0.789265 0.1502407
0.004949428 0.04792712 0.7874324 0.159691
0.001319825 0.05627544 0.7885525 0.1538522
0.003705834 0.04022062 0.7873138 0.1687597
0.01370063 0.03279864 0.7920456 0.1614552
0.01607773 0.04249029 0.770811 0.1706209
0.001962519 0.05717308 0.7612816 0.1795828
0.001027128 0.05732808 0.7881263 0.1535185
0.001263337 0.05373019 0.7558467 0.1891598
0.003572846 0.05636245 0.7973569 0.1427078
0.002801235 0.04785995 0.7851917 0.1641471
8.725486e-05 0.0564083 0.7938729 0.1496316
0.0008768207 0.04532057 0.7753349 0.1784677
0.0007977787 0.05814924 0.7936094 0.1474436
0.005328426 0.05194128 0.7722098 0.1705205
0.002252428 0.05017313 0.7534739 0.1941006
0.001058425 0.05711516 0.7722704 0.169556
0.00519784 0.05733995 0.7725768 0.1648854
0.002098787 0.04169173 0.7618943 0.1943152
0.001630689 0.05522357 0.7837345 0.1594112
0.001341357 0.04848837 0.7974241 0.1527462
0.0009640199 0.0505113 0.7978953 0.1506293
0.0009728366 0.05811199 0.7824773 0.1584379
0.002085266 0.06796245 0.7822801 0.1476722
0.002050403 0.0751198 0.7304335 0.1923963
0.001252287 0.0586033 0.7578324 0.182312
0.0003012935 0.04626393 0.7748207 0.1786141
0.0004701211 0.05433342 0.7672864 0.1779101
0.0003618064 0.06711149 0.7840832 0.1484435
0.005497322 0.06311052 0.765613 0.1657792
0.0178297 0.04749344 0.7521004 0.1825765
0.01241236 0.05560367 0.7581977 0.1737863
0.001117847 0.05010877 0.7700791 0.1786942
0.002090214 0.06360886 0.769228 0.1650729
0.00662631 0.06096625 0.7809201 0.1514873
0.002563407 0.06066364 0.7717232 0.1650498
0.00486868 0.06063027 0.7533751 0.1811259
0.0004809077 0.07592153 0.7615164 0.1620812
0.0007758122 0.04973638 0.7847987 0.1646891
0.002692455 0.05817175 0.7883399 0.1507959
0.005150523 0.05569034 0.7515506 0.1876085
0.005378419 0.04552311 0.8056288 0.1434696
0.0145666 0.05496568 0.7740231 0.1564446
0.004241644 0.05882901 0.7721474 0.1647819
0.001532932 0.05586879 0.7581992 0.1843991
0.002017843 0.05490876 0.7798613 0.1632121
0.000589089 0.05295149 0.7783104 0.168149
0.001010458 0.0457606 0.7788323 0.1743966
0.009627557 0.0598821 0.7646384 0.1658519
0.002324257 0.06762006 0.7713337 0.158722
0.001048625 0.0543454 0.7740304 0.1705755
0.001143625 0.04877134 0.7659573 0.1841278
0.01495416 0.05361277 0.757704 0.173729
0.001506268 0.06222555 0.7580475 0.1782206
0.0004620489 0.05059677 0.7933699 0.1555713
0.0005576884 0.05797792 0.7715045 0.1699599
0.006756703 0.04971211 0.8030939 0.1404373
0.002511707 0.06856074 0.7773066 0.151621
0.002672694 0.04830034 0.7648232 0.1842038
0.0003279075 0.05929071 0.7753344 0.165047
0.008514659 0.05186998 0.7835794 0.156036
0.009370764 0.04787507 0.7872499 0.1555043
0.001281597 0.05326069 0.7809238 0.1645339
0.001072851 0.0605268 0.7776915 0.1607089
0.0002061722 0.07048591 0.7742469 0.155061
0.003989396 0.04746928 0.7910691 0.1574722
0.001056783 0.04356348 0.7710762 0.1843035
0.01321488 0.04537425 0.7904199 0.150991
0.02923644 0.03470153 0.7813553 0.1547067
0.009790754 0.05145485 0.7716924 0.167062
1.245461e-05 0.05087399 0.7788629 0.1702507
0.004904968 0.04409736 0.7985925 0.1524052
8.374509e-06 0.06039205 0.7863787 0.1532209
0.001788251 0.04402866 0.767121 0.187062
4.602753e-05 0.05014248 0.7799803 0.1698312
0.0007793216 0.04973512 0.7879351 0.1615505
0.01454469 0.051298 0.7805704 0.153587
0.004867202 0.05531733 0.7849903 0.1548252
0.005881998 0.05780471 0.7685529 0.1677604
0.0006557158 0.05835105 0.7793131 0.1616801
0.02707344 0.05701867 0.7793957 0.1365121
0.01379525 0.05744306 0.7844045 0.1443572
0.03725482 0.06603574 0.7733953 0.1233141
0.002499305 0.0602418 0.7594992 0.1777597
0.002105655 0.0548364 0.7831052 0.1599527
0.002898327 0.05864716 0.7963873 0.1420672
0.007622695 0.05057502 0.774639 0.1671633
0.002739319 0.04968398 0.8009372 0.1466395
0.003634607 0.04941848 0.7944741 0.1524729
0.001659851 0.06079131 0.7618171 0.1757317
0.006048927 0.04470611 0.7915554 0.1576895
0.003192641 0.04225341 0.791985 0.162569
0.0006305247 0.05643177 0.7746923 0.1682454
0.004583389 0.04819061 0.7802384 0.1669876
0.001986177 0.058586 0.76059 0.1788378
0.006465805 0.05246471 0.7590844 0.181985
0.001273781 0.05093429 0.7933511 0.1544409
0.005664377 0.04941936 0.7568648 0.1880515
0.00761873 0.05225794 0.7770401 0.1630833
0.007366867 0.06308071 0.7589539 0.1705985
0.001785273 0.04657136 0.8098851 0.1417582
0.001366274 0.04963769 0.7778186 0.1711774
0.001318786 0.07074191 0.7899271 0.1380122
0.001233217 0.0576787 0.7697451 0.171343
0.009347344 0.05387793 0.7787142 0.1580605
0.004209022 0.06478607 0.7897223 0.1412826
0.004683566 0.05524757 0.7671703 0.1728986
0.009802149 0.05443198 0.7616305 0.1741354
0.003062922 0.05095627 0.7855739 0.1604069
0.009688782 0.05697339 0.7714958 0.1618421
0.01265838 0.05031566 0.7553025 0.1817235
0.004422138 0.05481451 0.7966419 0.1441215
0.008986117 0.04828213 0.7639023 0.1788294
0.0008719311 0.06670262 0.7728279 0.1595976
0.01258501 0.05512615 0.7976021 0.1346868
0.0002278414 0.05337355 0.7689439 0.1774547
0.00730754 0.04550592 0.797106 0.1500805
0.001338412 0.04797044 0.7951469 0.1555443
0.00967379 0.0490169 0.7896902 0.1516191
0.008364285 0.04525197 0.7825801 0.1638036
0.008592786 0.0521295 0.7735668 0.1657109
0.003562693 0.05852002 0.7976193 0.140298
0.008230192 0.05672294 0.7712968 0.1637501
0.00104313 0.05989386 0.7567853 0.1822777
0.002436341 0.05125842 0.7883096 0.1579956
0.001367076 0.04913108 0.7821059 0.167396
0.002276856 0.05016964 0.7651646 0.1823889
0.0005784724 0.04463244 0.7947418 0.1600472
0.0004188428 0.05786017 0.7825796 0.1591413
0.0001304348 0.04105086 0.7816096 0.1772091
0.002262449 0.05184037 0.7773708 0.1685263
0.004384318 0.06808878 0.7818128 0.1457141
0.002373083 0.04130239 0.7910925 0.165232
0.0007872443 0.06774595 0.7689873 0.1624795
0.002047297 0.053026 0.7530608 0.1918659
0.000637364 0.04687894 0.7950129 0.1574708
0.001896823 0.0538353 0.807789 0.1364789
0.002778854 0.05016738 0.7852487 0.1618051
0.001533277 0.05225224 0.7773972 0.1688173
0.0004967579 0.0464061 0.7928901 0.160207
0.008923936 0.05837104 0.7932908 0.1394143
0.01830697 0.05366164 0.752303 0.1757284
0.000881057 0.0535893 0.7720515 0.1734782
0.007884915 0.05403622 0.7817602 0.1563187
0.00348084 0.05445542 0.7718294 0.1702344
0.001051869 0.0426333 0.80749 0.1488248
0.003413539 0.05757097 0.7781055 0.16091
0.0004231542 0.04966982 0.8031696 0.1467375
0.004575814 0.06715695 0.7541672 0.1741001
0.008411361 0.05263119 0.7687878 0.1701697
0.004274095 0.04948979 0.7866262 0.1596099
0.004949644 0.03881806 0.7900226 0.1662097
0.003181756 0.04204524 0.7892697 0.1655033
0.01023888 0.0623839 0.7664701 0.1609071
0.004831114 0.04776563 0.7990215 0.1483818
0.001466988 0.04858975 0.774973 0.1749703
0.002046313 0.06324432 0.7647706 0.1699388
0.005368945 0.05913994 0.7709016 0.1645895
0.003157954 0.05108162 0.7812084 0.164552
0.009403028 0.05866684 0.7702126 0.1617176
0.002768219 0.06033149 0.7652092 0.171691
0.002610523 0.06024545 0.7943325 0.1428116
0.002846333 0.06219035 0.7649847 0.1699786
0.006091299 0.05874748 0.790326 0.1448352
0.01482533 0.05701532 0.7910997 0.1370597
0.007063047 0.04873717 0.7795644 0.1646353
0.001830227 0.05896303 0.7899761 0.1492306
0.002399834 0.04129356 0.7818399 0.1744667
0.0009491684 0.04984214 0.7847293 0.1644794
0.0005476871 0.0450554 0.8005707 0.1538262
0.01208315 0.04633329 0.7651426 0.1764409
0.00265953 0.04427616 0.8161424 0.1369219
0.002045585 0.05374125 0.7839967 0.1602165
0.007545166 0.05231282 0.7830189 0.1571231
0.002014901 0.0511293 0.7886602 0.1581956
0.01425849 0.05557648 0.7621918 0.1679733
0.00208921 0.04788142 0.7943835 0.1556458
0.002653169 0.05502799 0.7669294 0.1753894
0.005481117 0.05549091 0.7704373 0.1685907
0.01213287 0.05375174 0.7711051 0.1630103
0.001848296 0.05163057 0.7815277 0.1649934
0.0111362 0.05474062 0.7703882 0.1637349
0.007607228 0.05223656 0.7637657 0.1763905
0.004139953 0.04505775 0.79666 0.1541423
0.01530783 0.0515948 0.7566884 0.176409
0.0002424319 0.04502411 0.8019021 0.1528313
0.001470649 0.07116355 0.771996 0.1553698
0.0007427855 0.05764726 0.7799374 0.1616726
0.001246094 0.05386941 0.7930729 0.1518116
9.164649e-05 0.05546378 0.7959333 0.1485112
0.0001911128 0.0448293 0.7772239 0.1777556
0.0008757312 0.06488565 0.766849 0.1673896
0.003977891 0.06214858 0.7523944 0.1814791
0.00470806 0.04148277 0.7726763 0.1811329
0.005771629 0.06491164 0.7645229 0.1647939
0.007704407 0.03999585 0.772739 0.1795608
0.002270848 0.05042131 0.7796146 0.1676932
0.01780391 0.05338212 0.794412 0.134402
0.002875594 0.05484477 0.7846511 0.1576285
0.002164395 0.06539518 0.7731385 0.1593019
0.005409882 0.06134807 0.7941707 0.1390714
0.002110198 0.05703067 0.7874972 0.1533619
0.003910409 0.04783974 0.7814655 0.1667843
0.0001350707 0.0484395 0.7904029 0.1610226
0.00984171 0.03390552 0.7863375 0.1699152
0.000404459 0.05421265 0.767643 0.1777398
9.837131e-05 0.05751776 0.7876159 0.1547679
0.002018263 0.04648167 0.7832149 0.1682852
0.001268656 0.04595836 0.8039963 0.1487766
0.00191043 0.04485042 0.7994147 0.1538245
0.001990576 0.06165193 0.771277 0.1650805
0.0009000811 0.06211913 0.7716445 0.1653363
0.0003682089 0.05259118 0.7594621 0.1875785
0.006588792 0.03908597 0.7739901 0.1803351
0.001357282 0.05245106 0.7792809 0.1669107
0.002687418 0.05014127 0.7852204 0.1619509
0.005581266 0.0612342 0.7744663 0.1587182
0.0009072102 0.05559438 0.7598077 0.1836907
0.000152113 0.07567277 0.7635666 0.1606085
0.003424568 0.05370746 0.7758259 0.1670421
0.002463892 0.04088971 0.7680549 0.1885915
0.0003880883 0.06215062 0.7711283 0.166333
0.00389264 0.04932381 0.7803515 0.1664321
0.0005140457 0.06192658 0.7642189 0.1733405
0.008644179 0.04284858 0.8043514 0.1441558
0.00882421 0.04963342 0.7780563 0.1634861
0.001917726 0.05415735 0.7873526 0.1565723
0.0008223574 0.06219339 0.7791344 0.1578499
0.0006575643 0.05964864 0.7796697 0.1600241
1.741769e-05 0.05553829 0.7780312 0.1664131
0.006528644 0.0569226 0.7677153 0.1688334
0.003926731 0.0491704 0.7824469 0.164456
0.0011772 0.05266127 0.7895521 0.1566094
0.001947822 0.0551719 0.793475 0.1494053
0.005086449 0.05595664 0.7522002 0.1867567
0.001989553 0.06347281 0.7676212 0.1669164
0.0204822 0.05917714 0.7515053 0.1688354
0.003548471 0.0566986 0.7708727 0.1688803
0.007338274 0.05625044 0.7825192 0.1538921
0.0003758627 0.05681786 0.8103414 0.1324649
0.003832644 0.05287049 0.7930604 0.1502365
0.005200464 0.05685048 0.7651349 0.1728141
0.001038351 0.0498668 0.7828351 0.1662597
0.007868663 0.06110722 0.7733738 0.1576503
0.002519345 0.05913591 0.7759206 0.1624241
0.0034927 0.06961075 0.7664021 0.1604944
0.0006934109 0.06024507 0.7860498 0.1530117
0.002229231 0.06686003 0.7715632 0.1593476
0.0008576899 0.04756821 0.7851096 0.1664645
0.0100217 0.05967989 0.7501177 0.1801807
0.005164905 0.0604301 0.7618331 0.1725719
0.0007880682 0.05305014 0.7817416 0.1644202
0.002387102 0.05008927 0.7892201 0.1583035
0.004884133 0.06150537 0.7722142 0.1613963
0.0118327 0.04672995 0.7752258 0.1662115
0.0009530491 0.04477292 0.7933459 0.1609282
0.00234036 0.04215972 0.7899362 0.1655637
0.01088433 0.04039925 0.7939029 0.1548135
0.01822942 0.05133216 0.7470075 0.1834309
0.003872362 0.04801238 0.7855163 0.162599
7.660454e-05 0.06512322 0.7761875 0.1586127
0.0006315937 0.05033746 0.7838924 0.1651385
0.0001416872 0.06841727 0.7749182 0.1565229
0.003602744 0.06246058 0.7594929 0.1744438
0.004985628 0.04323192 0.7705698 0.1812127
0.004497487 0.055491 0.7687749 0.1712367
0.006077597 0.05385509 0.7541353 0.1859321
0.00166914 0.05240873 0.7713466 0.1745755
0.01272476 0.05684748 0.7599202 0.1705075
0.001552725 0.07651953 0.7597263 0.1622014
0.0008740183 0.0431953 0.7821552 0.1737755
0.0004164354 0.0461519 0.8090271 0.1444046
0.02622371 0.05181937 0.7826476 0.1393093
0.006182985 0.06119962 0.7550097 0.1776077
0.001098791 0.05654602 0.7847342 0.157621
0.0001482294 0.06355427 0.7774406 0.1588569
0.0004775568 0.04714246 0.7848792 0.1675007
0.002933655 0.05503115 0.8028166 0.1392186
0.002720628 0.04992859 0.7712535 0.1760973
0.003743302 0.05507603 0.7732905 0.1678902
0.0006843383 0.04922331 0.7879605 0.1621318
0.002953838 0.05814183 0.7609276 0.1779768
0.001499478 0.03892352 0.7856394 0.1739376
0.0008520125 0.06070694 0.7840083 0.1544328
0.004188889 0.05680326 0.7619922 0.1770156
0.009372656 0.04954904 0.785053 0.1560253
0.008130553 0.06061464 0.7611021 0.1701527
0.003692836 0.06326518 0.7857074 0.1473346
0.03332087 0.05499201 0.7802608 0.1314263
0.006185383 0.05547358 0.7821526 0.1561884
0.003092122 0.04810048 0.7618087 0.1869987
0.0002728209 0.06003522 0.7679229 0.1717691
0.00447036 0.03914924 0.7816359 0.1747445
0.001479046 0.05316846 0.7876042 0.1577483
0.01587528 0.06360992 0.7916783 0.1288365
0.000481833 0.07408682 0.783847 0.1415843
0.001978788 0.06188856 0.7679624 0.1681703
0.002876383 0.05135313 0.7745895 0.171181
0.001762468 0.05802185 0.7994015 0.1408141
0.001638341 0.04781401 0.7762504 0.1742973
0.005786103 0.04368515 0.7937524 0.1567764
0.003996009 0.04893482 0.7716375 0.1754317
0.004144376 0.04836033 0.7643336 0.1831616
0.0008625933 0.05497935 0.8012475 0.1429106
0.004936109 0.04839017 0.7841679 0.1625058
0.004990793 0.05479502 0.7870824 0.1531318
0.007898525 0.0543259 0.7579116 0.179864
0.002246988 0.06409879 0.7926276 0.1410267
0.00493967 0.05862384 0.7926082 0.1438283
0.001470721 0.05429088 0.7667766 0.1774618
8.489702e-05 0.04092778 0.7858115 0.1731759
0.01025336 0.05725177 0.7775027 0.1549922
0.000252285 0.06599467 0.7690316 0.1647214
0.0168295 0.04959353 0.7716269 0.1619501
0.002767522 0.05464895 0.7767496 0.1658339
0.000651971 0.05613889 0.8014016 0.1418075
0.0002218863 0.05766725 0.7680453 0.1740656
0.003687023 0.04464803 0.7882284 0.1634366
0.007204511 0.05547474 0.7797892 0.1575316
0.0006780332 0.05333567 0.7679317 0.1780546
0.006076611 0.05494729 0.7522415 0.1867346
0.002068176 0.04948738 0.7827466 0.1656978
0.002386885 0.05492334 0.7560331 0.1866567
0.0117042 0.04896168 0.7814492 0.1578849
0.01208434 0.04533263 0.7781208 0.1644622
0.001991672 0.05011545 0.7877757 0.1601172
0.00677397 0.04726935 0.7778543 0.1681024
0.002946844 0.06483034 0.7613675 0.1708553
0.04548257 0.06432307 0.7727474 0.117447
0.09414537 0.06175229 0.7700669 0.0740354
0.004263639 0.04576367 0.7777756 0.1721971
0.01258331 0.05112884 0.7789522 0.1573356
8.3014e-05 0.05832643 0.7809088 0.1606817
0.03058543 0.04679532 0.768288 0.1543312
0.01030243 0.05242911 0.7541709 0.1830975
0.003068536 0.0525473 0.7761342 0.16825
0.003321992 0.05761756 0.7753385 0.163722
0.001781454 0.04719003 0.8078094 0.1432191
0.009083674 0.05809639 0.7607144 0.1721056
0.001302625 0.05834647 0.745329 0.1950219
0.002101323 0.03828652 0.7780436 0.1815686
0.0139154 0.05574631 0.7626308 0.1677075
0.002591955 0.05944765 0.7823314 0.155629
0.00162873 0.04827223 0.7808315 0.1692676
0.0003583351 0.0436186 0.7831116 0.1729114
7.785625e-05 0.05186627 0.7651623 0.1828936
0.003082435 0.05858598 0.7657261 0.1726055
0.007937861 0.05103046 0.7777664 0.1632653
0.001651976 0.05600667 0.7795713 0.1627701
0.005594033 0.05376586 0.773092 0.1675481
0.02133922 0.05366271 0.7672234 0.1577747
0.005524143 0.05815723 0.789143 0.1471757
0.002555339 0.06101818 0.775877 0.1605495
0.0004671879 0.05725872 0.7591833 0.1830908
0.0003738527 0.05879955 0.7698352 0.1709914
0.001403229 0.05097072 0.7763485 0.1712776
0.001307334 0.05772957 0.7754601 0.1655029
0.002193698 0.04953852 0.8054385 0.1428293
0.001726206 0.07316912 0.7736979 0.1514067
0.02684561 0.05104154 0.7480821 0.1740308
0.0004512219 0.061191 0.7659401 0.1724177
0.00356429 0.05267688 0.7849816 0.1587773
0.001452138 0.05066824 0.78533 0.1625496
0.01087287 0.06348297 0.7590948 0.1665494
0.0002647806 0.04857973 0.7544792 0.1966763
0.0115587 0.05132777 0.7745852 0.1625283
0.0002668961 0.06061776 0.7729537 0.1661616
0.003171298 0.05580467 0.7779575 0.1630665
0.0003990829 0.05821677 0.7731204 0.1682637
0.0004119037 0.05436698 0.7784423 0.1667788
7.115254e-05 0.05891308 0.7938393 0.1471765
0.007243871 0.04560931 0.7618296 0.1853172
0.004168933 0.07054179 0.7516738 0.1736154
0.01007497 0.05233984 0.760048 0.1775372
0.00591331 0.06201346 0.7533005 0.1787727
0.0005137565 0.05948195 0.7697546 0.1702497
0.003584102 0.06291377 0.7923078 0.1411943
0.03166082 0.0497825 0.7942787 0.124278
0.004257902 0.04434909 0.7864245 0.1649685
0.0008747794 0.06404846 0.7845035 0.1505733
0.003123754 0.04547521 0.7814828 0.1699182
0.01437305 0.04247819 0.7965257 0.1466231
0.03515686 0.01314886 0.7778169 0.1738774
0.05287919 0.001645388 0.7839833 0.1614921
0.0524815 0.000308457 0.7771723 0.1700377
0.06152439 0.001045976 0.7795861 0.1578435
0.0546327 0.005943533 0.7694542 0.1699695
0.05001827 0.003594505 0.7825348 0.1638525
0.05738505 0.007593246 0.7843292 0.1506925
