p_1 p_2 p_3 p_4 
0.7610159 0.146976 0.02773092 0.06427714 
0.7632743 0.1484533 0.02012899 0.06814345 
0.8285168 0.1289749 0.004196271 0.03831201 
0.7909587 0.1213459 0.008389919 0.07930557 
0.7538406 0.1431859 0.02004916 0.08292432 
0.8232737 0.1299221 0.01910098 0.02770323 
0.792445 0.1380275 0.006288618 0.06323891 
0.7539975 0.1958492 0.02023285 0.02992039 
0.7453185 0.1849762 0.02913339 0.04057194 
0.7708534 0.1343244 0.01990467 0.07491758 
0.8151829 0.128394 0.01120638 0.04521671 
0.762833 0.1376815 0.01927091 0.08021459 
0.7383118 0.1493439 0.0481751 0.06416924 
0.7395098 0.1498793 0.0211772 0.08943375 
0.7817491 0.1998752 0.007292278 0.01108348 
0.7611333 0.1149648 0.05812243 0.06577954 
0.8328697 0.1130301 0.01165064 0.04244959 
0.7736138 0.1365722 0.02211189 0.06770211 
0.7802952 0.1822682 0.0163317 0.02110487 
0.7206498 0.2081078 0.02163031 0.04961206 
0.7490634 0.2062168 0.02966999 0.01504974 
0.7457903 0.09536317 0.1360788 0.02276772 
0.7766044 0.1471613 0.06254614 0.01368816 
0.7803304 0.1552402 0.03267626 0.0317531 
0.7801116 0.1182945 0.06206181 0.03953209 
0.6698903 0.205027 0.03199109 0.0930916 
0.8126283 0.1046659 0.06963724 0.01306848 
0.7704167 0.1243329 0.08026751 0.02498293 
0.7709121 0.156302 0.07106894 0.001716989 
0.7730229 0.08097021 0.1414966 0.004510292 
0.7774124 0.1732782 0.03756174 0.01174762 
0.7993542 0.096822 0.05804701 0.04577679 
0.7665313 0.1731157 0.05270394 0.007648978 
0.825073 0.1055253 0.03991217 0.02948948 
0.8146733 0.1388209 0.01691919 0.02958662 
0.7964636 0.1356235 0.05169343 0.01621947 
0.7705236 0.1188333 0.08336056 0.02728252 
0.7862402 0.1676907 0.04345366 0.002615409 
0.8061354 0.1265129 0.002894726 0.06445695 
0.7796528 0.1416359 0.02032488 0.05838637 
0.7388908 0.1815284 0.01194198 0.06763889 
0.7493521 0.098784 0.02751158 0.1243523 
0.815585 0.06997373 0.07404596 0.04039532 
0.7745401 0.1677968 0.04539699 0.01226613 
0.7239111 0.1207508 0.1210324 0.03430574 
0.7759396 0.152829 0.05016955 0.02106192 
0.8128204 0.09145763 0.07737815 0.0183438 
0.7795214 0.1441692 0.0752019 0.001107449 
0.8101005 0.08682424 0.04499088 0.05808434 
0.787754 0.04835694 0.03651505 0.127374 
0.7568138 0.004044368 0.08272265 0.1564192 
0.736355 0.01945935 0.07093935 0.1732463 
0.7467319 0.01933393 0.1139458 0.1199883 
0.7783372 0.01844906 0.05888516 0.1443286 
0.7242658 0.03512255 0.05675985 0.1838518 
0.8079199 0.06829708 0.00980705 0.113976 
0.7609672 0.05733794 0.05558052 0.1261144 
0.7864902 0.06196181 0.006862298 0.1446857 
0.8029868 0.003897762 0.05375194 0.1393635 
0.7613516 0.004251201 0.05191864 0.1824785 
0.8099997 0.00102452 0.06196213 0.1270137 
0.8130586 0.02786292 0.04797725 0.1111012 
0.7934427 0.04962579 0.08057491 0.07635655 
0.8456994 0.02050543 0.05886854 0.07492665 
0.7679976 0.01378883 0.0623139 0.1558997 
0.7550269 0.005070189 0.1335918 0.1063111 
0.7769394 0.00161493 0.03451887 0.1869268 
0.7767255 0.0651255 0.00285539 0.1552936 
0.7694095 0.09454931 0.01979294 0.1162483 
0.749184 0.05427454 0.02427232 0.1722692 
0.7530103 0.03013749 0.08860463 0.1282476 
0.7558897 0.07074821 0.02606446 0.1472976 
0.7598281 0.0293058 0.06898801 0.1418781 
0.7836941 0.05734764 0.01657407 0.1423842 
0.7979104 0.03468361 0.003300137 0.1641058 
0.8053194 0.04987501 0.02365286 0.1211527 
0.8275681 0.03011943 0.03641815 0.1058943 
0.7373557 0.0002474062 0.1576868 0.1047101 
0.8124204 0.009276265 0.06556259 0.1127408 
0.7939812 0.0002059573 0.06167598 0.1441369 
0.8017517 0.01002636 0.06009055 0.1281314 
0.7921907 0.01969362 0.05214372 0.135972 
0.7634799 0.02543859 0.08745386 0.1236276 
0.7790843 0.02441487 0.04970369 0.1467971 
0.8253211 0.07348524 0.009531256 0.09166235 
0.7297849 0.08278092 0.05926418 0.12817 
0.8420045 0.05666552 0.0150904 0.08623954 
0.8074946 0.05161745 0.03294575 0.1079422 
0.7795509 0.06381026 0.013522 0.1431168 
0.7163195 0.06044249 0.02716256 0.1960754 
0.755953 0.03416026 0.01467324 0.1952135 
0.8518197 0.05354903 0.01739336 0.07723795 
0.7892812 0.02782131 0.101486 0.08141157 
0.8395443 0.05364706 0.01559402 0.09121462 
0.7261924 0.05077943 0.0662085 0.1568197 
0.8419794 0.01705274 0.03057182 0.110396 
0.7658522 0.01531933 0.07592742 0.1429011 
0.8547837 0.04501582 0.003435701 0.09676481 
0.8240668 0.08226434 0.02927008 0.06439879 
0.8134591 0.05155152 0.02647408 0.1085153 
0.8194885 0.04128728 0.05370965 0.08551456 
0.7879294 0.003547273 0.05646386 0.1520595 
0.6932236 0.01157496 0.1377599 0.1574416 
0.7468262 0.001884314 0.05489877 0.1963908 
0.8585777 0.01346332 0.03300601 0.09495295 
0.6705536 0.09348587 0.1075726 0.1283879 
0.7437779 0.01963255 0.04968185 0.1869077 
0.8107875 0.001492785 0.07611638 0.1116033 
0.7818568 0.06025093 0.02583125 0.132061 
0.7351998 0.03744899 0.03001627 0.1973349 
0.7995645 0.07672169 0.005552037 0.1181617 
0.7521518 0.09390736 0.02823241 0.1257085 
0.7188588 0.1018724 0.005136389 0.1741325 
0.785734 0.07017769 0.007308812 0.1367795 
0.7846069 0.01163885 0.06713749 0.1366168 
0.7620477 0.0469129 0.04218624 0.1488532 
0.7433844 0.03856856 0.06674438 0.1513027 
0.6720207 0.05373204 0.09947591 0.1747714 
0.8358066 0.008633527 0.05493755 0.1006224 
0.7878823 0.00549123 0.02804303 0.1785834 
0.7500886 0.02149022 0.04066514 0.187756 
0.7983188 0.001026484 0.05291548 0.1477392 
0.8078291 0.01220432 0.05140619 0.1285604 
0.7426908 0.05748345 0.04417548 0.1556503 
0.860098 0.00927318 0.0623555 0.06827333 
0.7782524 0.02283574 0.09000934 0.1089025 
0.8221179 0.0472618 0.02600271 0.1046176 
0.7626947 0.04839367 0.04081608 0.1480955 
0.7936229 0.03672693 0.04157778 0.1280724 
0.8154702 0.007260002 0.08844621 0.08882359 
0.8193703 0.01444823 0.0814 0.08478141 
0.8007869 0.01312297 0.0805139 0.1055762 
0.7200584 0.08196232 0.05479687 0.1431824 
0.7930602 0.01872876 0.1744847 0.01372631 
0.7183905 0.07158777 0.1504499 0.05957191 
0.689588 0.1251193 0.1552624 0.03003037 
0.8339746 0.03887579 0.1068293 0.02032027 
0.7327014 0.09624498 0.1413133 0.02974035 
0.8011838 0.04446991 0.1259261 0.02842021 
0.7272702 0.034806 0.1879779 0.0499459 
0.7928917 0.1242191 0.06868302 0.01420627 
0.7905196 0.04455181 0.1285783 0.03635036 
0.6912119 0.02200818 0.1695103 0.1172697 
0.7752257 0.02027197 0.1450646 0.05943771 
0.8167914 0.03424967 0.0939324 0.05502658 
0.7440527 0.05484559 0.1302642 0.07083748 
0.8032338 0.06654682 0.1041731 0.02604622 
0.7989233 0.034157 0.1421522 0.02476754 
0.7827636 0.04365462 0.1456089 0.02797287 
0.8004092 0.04151844 0.1012656 0.0568068 
0.7660182 0.03530893 0.1951537 0.003519127 
0.7538754 0.03786331 0.167888 0.04037336 
0.7736065 0.04393721 0.1668768 0.01557949 
0.784462 0.05178511 0.1179039 0.04584907 
0.7272994 0.0488219 0.2186374 0.00524133 
0.7733785 0.0711655 0.1463954 0.009060598 
0.7281726 0.06253942 0.1716108 0.03767723 
0.8130879 0.05382585 0.1212645 0.01182182 
0.7746244 0.03090024 0.1415095 0.05296588 
0.7508201 0.04513285 0.1644262 0.03962083 
0.8061322 0.03159688 0.1336469 0.02862403 
0.7673228 0.05458697 0.1622192 0.01587097 
0.7381472 0.09307857 0.1433345 0.02543974 
0.8015628 0.005711473 0.1495816 0.04314418 
0.7441267 0.02049335 0.1711559 0.06422402 
0.7224755 0.009944042 0.1113862 0.1561942 
0.7279234 0.09231954 0.1679092 0.01184786 
0.7580676 0.06449899 0.1693616 0.008071864 
0.8155308 0.04249413 0.134777 0.007198046 
0.7427219 0.09250638 0.1240734 0.04069835 
0.7941825 0.04220428 0.1110093 0.05260394 
0.8351067 0.03549087 0.0920999 0.03730249 
0.767984 0.04479745 0.1399286 0.04728999 
0.6944176 0.1698341 0.1308139 0.00493433 
0.7420584 0.02655017 0.1587208 0.07267069 
0.8710955 0.004443814 0.1033963 0.02106438 
0.8017335 0.02710128 0.1030802 0.06808499 
0.8184689 0.0009547873 0.1142315 0.06634479 
0.8044343 0.003671228 0.1165746 0.07531988 
0.7110535 0.01457132 0.2380785 0.03629668 
0.7753925 0.01690578 0.1348171 0.07288462 
0.7960709 0.002598599 0.07937421 0.1219563 
0.7848619 0.03555076 0.1249988 0.05458859 
0.7572291 0.0286281 0.1249827 0.08916003 
0.7946826 0.004022963 0.1458515 0.05544288 
0.7808852 0.0008109749 0.1403437 0.07796017 
0.7408764 0.01332695 0.1995962 0.04620048 
0.7767981 0.02953092 0.1503022 0.04336879 
0.7604263 0.03967381 0.1828637 0.0170362 
0.6585841 0.04731826 0.2036191 0.09047857 
0.74208 0.00803366 0.1409454 0.1089409 
0.8698872 0.002860602 0.09433609 0.03291612 
0.7664808 0.04651879 0.165511 0.02148943 
0.789574 0.03287066 0.1596772 0.01787815 
0.8092039 0.05224484 0.1364614 0.002089832 
0.7595678 0.08905093 0.1400919 0.01128933 
0.7546693 0.05529392 0.09069719 0.09933957 
0.7725953 0.01693469 0.1708276 0.0396424 
0.7247091 0.02029051 0.1777529 0.07724745 
0.8347311 0.02138449 0.09652087 0.0473636 
0.7740219 0.02887055 0.1274244 0.06968316 
0.7660485 0.1040693 0.09368638 0.03619583 
0.7723436 0.03957031 0.1609825 0.02710366 
0.8058085 0.0465278 0.1327199 0.01494384 
0.7249061 0.1074053 0.1398572 0.0278314 
0.7768565 0.0893175 0.1106427 0.02318331 
0.8579468 0.04818677 0.09184612 0.002020346 
0.7413491 0.06606056 0.1387046 0.05388576 
0.811551 0.0557341 0.124722 0.007992894 
0.7637048 0.001355399 0.2171311 0.01780867 
0.7573343 0.04773459 0.08766107 0.10727 
0.7754723 0.05486197 0.1500089 0.01965681 
0.7205959 0.04446836 0.2201756 0.01476019 
0.775759 0.08841985 0.1273597 0.008461488 
0.7798528 0.04498614 0.164806 0.01035501 
0.8095207 0.07465599 0.1023323 0.01349104 
0.7912949 0.06989182 0.1345553 0.004258048 
0.7885265 0.1004559 0.1038905 0.007127089 
0.8027851 0.05737616 0.1383063 0.001532434 
0.8027356 0.04375715 0.1413453 0.01216193 
0.8008677 0.07090243 0.1185945 0.009635348 
0.7879421 0.05224187 0.1566686 0.003147514 
0.8386426 0.06008403 0.07478813 0.02648524 
0.7982939 0.07785777 0.1147974 0.009050963 
0.7966581 0.03330598 0.1023044 0.06773149 
0.7413936 0.03889724 0.1887252 0.03098393 
0.8153222 0.01812579 0.128346 0.03820603 
0.8237367 0.005858013 0.1201862 0.05021913 
0.7938604 0.03475443 0.1447958 0.02658939 
0.7912718 0.07378485 0.05947555 0.07546781 
0.8446882 0.004739847 0.103088 0.04748394 
0.7833337 0.03978225 0.1301649 0.04671912 
0.6773343 0.1131997 0.1228759 0.08659016 
0.7648228 0.1037244 0.125475 0.005977745 
0.7308618 0.09180031 0.136636 0.04070184 
0.717427 0.09892637 0.1796136 0.004033014 
0.8308806 0.0397059 0.118236 0.01117743 
0.7076379 0.1068082 0.1791826 0.006371344 
0.7947619 0.01857079 0.1767959 0.009871393 
0.7829999 0.002568625 0.1961898 0.01824167 
0.7415255 0.08159518 0.1724137 0.004465605 
0.7937788 0.04558439 0.145372 0.01526488 
0.7493376 0.1069562 0.1232247 0.02048145 
0.8230975 0.09057704 0.06070453 0.02562095 
0.7256439 0.02572265 0.2046362 0.04399722 
0.7854542 0.04232608 0.1604232 0.01179656 
0.7457981 0.08958014 0.1370027 0.02761901 
0.819101 0.0737422 0.1054701 0.001686634 
0.7207914 0.07930629 0.1872687 0.01263363 
0.6696865 0.07338907 0.2490834 0.007841017 
0.7516153 0.05998619 0.1534684 0.03493015 
0.7561726 0.07107149 0.1534427 0.01931326 
0.8017169 0.04140484 0.1443886 0.01248969 
0.7636176 0.01889784 0.1767475 0.04073711 
0.7674991 0.04464683 0.1517343 0.03611978 
0.7759951 0.02940284 0.134203 0.0603991 
0.7811349 0.02380042 0.1215047 0.07355994 
0.8618927 0.01757458 0.0727189 0.04781379 
0.7207362 0.03990661 0.1369009 0.1024563 
0.7731071 0.1323798 0.06458592 0.02992719 
0.7714926 0.1471888 0.01192635 0.06939219 
0.6631197 0.1908582 0.09095774 0.05506436 
0.7316808 0.1832612 0.02576791 0.0592901 
0.744614 0.1669802 0.01450001 0.07390574 
0.7859219 0.02471412 0.1490641 0.04029991 
0.7734753 0.02177276 0.1764649 0.02828707 
0.7798519 0.09171101 0.09801323 0.03042384 
0.8064823 0.03164844 0.0932716 0.06859767 
0.759408 0.03882968 0.1421803 0.05958207 
0.7373069 0.02362959 0.1767526 0.06231091 
0.8336833 0.010644 0.1123889 0.04328388 
0.7188882 0.0398329 0.1753991 0.06587985 
0.7409699 0.1367613 0.1129297 0.00933905 
0.7393643 0.02205319 0.1973744 0.04120813 
0.7891986 0.002751616 0.1592541 0.04879569 
0.7666397 0.008509428 0.1642566 0.06059423 
0.7819738 0.1156891 0.08448502 0.017852 
0.7817929 0.02297227 0.116366 0.07886882 
0.7936822 0.01121327 0.136638 0.05846649 
0.7991752 0.04961472 0.1091916 0.04201849 
0.7237899 0.0159004 0.2029783 0.05733134 
0.8643386 0.01883009 0.07533142 0.04149992 
0.8196086 0.005438993 0.1282908 0.04666163 
0.7775937 0.09317748 0.1010624 0.02816641 
0.785596 0.00485487 0.1141047 0.09544444 
0.8154716 0.002398188 0.139318 0.04281219 
0.6944877 0.0761512 0.1644235 0.06493756 
0.7428464 0.02227327 0.1930275 0.04185274 
0.7739369 0.009533683 0.1615831 0.05494637 
0.8096961 0.09569098 0.07886189 0.01575106 
0.8184471 0.05887429 0.102144 0.02053458 
0.8137905 0.1092568 0.05475369 0.02219902 
0.7410814 0.07359131 0.1656448 0.01968244 
0.7626687 0.102393 0.1337929 0.001145403 
0.7338158 0.08769447 0.1306363 0.04785342 
0.6982079 0.0982232 0.1745197 0.0290492 
0.8048879 0.004593135 0.1453903 0.04512874 
0.8345689 0.02675395 0.06489291 0.07378428 
0.8451502 0.03512457 0.1188025 0.0009227747 
0.7594063 0.04726931 0.1923506 0.0009738467 
0.8263063 0.03478746 0.1349253 0.003980941 
0.7139667 0.03471318 0.2114787 0.03984135 
0.7154997 0.1052128 0.1774554 0.001832112 
0.8130581 0.009155194 0.08616117 0.09162557 
0.800958 0.002387013 0.1393072 0.05734782 
0.7600303 0.0152783 0.1721815 0.05250993 
0.7934879 0.03213145 0.1026258 0.07175484 
0.7647863 0.02107881 0.159074 0.05506089 
0.7093259 0.01298554 0.1670222 0.1106663 
0.7803695 0.004071587 0.1477835 0.0677755 
0.7748998 0.01734668 0.177323 0.03043047 
0.8382329 0.03423637 0.1071058 0.02042495 
0.7825114 0.0360787 0.08925428 0.09215566 
0.7843594 0.001852543 0.1522982 0.06148989 
0.7806128 0.03269004 0.12544 0.06125718 
0.7993038 0.05315712 0.1156427 0.03189637 
0.7779925 0.05862381 0.1057829 0.05760087 
0.7438488 0.001684652 0.1180272 0.1364393 
0.7744727 0.09813388 0.01395808 0.1134353 
0.8405634 0.01087705 0.01290872 0.1356508 
0.8294125 0.03129496 0.003136969 0.1361556 
0.8065697 0.02366853 0.0488954 0.1208664 
0.7633796 0.05632293 0.0001524657 0.180145 
0.8010158 0.0379299 0.1603133 0.000741027 
0.7717671 0.06253346 0.1570221 0.008677325 
0.8322967 0.06531872 0.1000324 0.002352193 
0.7701064 0.0315536 0.1628742 0.0354658 
0.7800321 0.06396465 0.1515393 0.00446392 
0.8043006 0.03821975 0.1492815 0.008198169 
0.803067 0.03963709 0.1536516 0.003644319 
0.786359 0.08157885 0.1214003 0.01066179 
0.7957886 0.07651186 0.117135 0.01056455 
0.8095465 0.02322613 0.1402248 0.02700257 
0.796547 0.04106619 0.1160725 0.04631437 
0.7605423 0.1110604 0.1124061 0.01599118 
0.8383582 0.07465596 0.08494274 0.002043136 
0.7925586 0.07027092 0.1171596 0.02001088 
0.7543597 0.08746754 0.1431779 0.01499489 
0.6998209 0.08697124 0.1136975 0.09951034 
0.7251461 0.06528176 0.1312325 0.07833964 
0.7046645 0.05162132 0.1347106 0.1090036 
0.8168555 0.02328071 0.1400669 0.01979693 
0.8120771 0.02656057 0.1257406 0.03562173 
0.7914536 0.08957667 0.1008681 0.01810164 
0.8075653 0.06211647 0.1083342 0.02198404 
0.7243718 0.06399102 0.1761239 0.03551331 
0.7623518 0.03254716 0.16331 0.04179103 
0.746354 0.04222612 0.1683653 0.04305464 
0.7699306 0.01421457 0.1639577 0.05189714 
0.775728 0.001763041 0.1392076 0.08330132 
0.7226847 0.0001268264 0.175218 0.1019704 
0.7775295 0.001779666 0.1597004 0.06099045 
0.7228361 0.01176779 0.1672025 0.09819363 
0.8006482 0.09462447 0.1046147 0.0001126588 
0.7483763 0.04243746 0.1454466 0.06373964 
0.8181832 0.04242896 0.1223075 0.01708034 
0.7979667 0.0631762 0.116364 0.02249309 
0.7564945 0.0207447 0.1332154 0.08954537 
0.7892377 0.01715603 0.1495116 0.04409462 
0.7625499 0.07433067 0.09749565 0.0656238 
0.7887345 0.008792537 0.1451367 0.0573363 
0.817234 0.0315058 0.1078547 0.04340556 
0.8149641 0.02886435 0.0894832 0.06668832 
0.8295766 0.01198154 0.09619207 0.06224975 
0.7757968 0.00273291 0.1252098 0.09626046 
0.8137546 0.01226894 0.1346012 0.03937525 
0.7302888 0.06006359 0.1788923 0.03075526 
0.7473283 0.005720687 0.1780013 0.06894966 
0.7730181 0.01307758 0.144366 0.06953839 
0.7857257 0.04146242 0.1026308 0.07018106 
0.755497 0.02831088 0.1606217 0.05557047 
0.7756771 0.1084278 0.1014799 0.01441516 
0.7484939 0.1034596 0.1188758 0.02917071 
0.7992538 0.06249732 0.1372685 0.0009803603 
0.7671441 0.09235663 0.1214995 0.0189998 
0.8081114 0.04245694 0.1075845 0.04184717 
0.7417895 0.05796922 0.09339043 0.1068508 
0.7421517 0.01929437 0.1351593 0.1033946 
0.7383692 0.02193776 0.1572724 0.08242065 
0.820776 0.1165354 0.02924381 0.03344481 
0.8038177 0.1009061 0.05971715 0.03555907 
0.8088173 0.1251963 0.006422194 0.05956418 
0.7815032 0.1602595 0.03459521 0.02364205 
0.8082055 0.1078177 0.01806705 0.06590977 
0.7502516 0.1300261 0.01909824 0.1006241 
0.7034943 0.1169046 0.05771574 0.1218853 
0.7360922 0.1628214 0.06372419 0.03736223 
0.801822 0.1028616 0.02635166 0.06896468 
0.7640834 0.1780527 0.006261105 0.05160285 
0.7258828 0.1725827 0.01765361 0.08388085 
0.8387111 0.09920508 0.03005542 0.03202838 
0.7438601 0.2018686 0.004247764 0.05002346 
0.8062113 0.1202508 0.006368737 0.06716925 
0.7875084 0.1098216 0.03220579 0.07046422 
0.8031206 0.07659795 0.0280048 0.09227662 
0.7869946 0.1131354 0.07818511 0.02168489 
0.7966539 0.1215735 0.07067041 0.01110212 
0.8376743 0.1297809 0.02489899 0.00764586 
0.7851263 0.1708302 0.01506082 0.02898271 
0.7745285 0.1263746 0.07502936 0.0240676 
0.8280179 0.08808824 0.06848538 0.01540846 
0.7870389 0.1750084 0.0282359 0.00971689 
0.7396891 0.1772143 0.05418922 0.02890743 
0.7265554 0.2130488 0.03765436 0.02274144 
0.7475933 0.1443747 0.1021339 0.005898196 
0.7719028 0.1410782 0.08588934 0.001129644 
0.7887453 0.1325072 0.04250212 0.03624535 
0.784322 0.1426667 0.05651531 0.01649592 
0.7229319 0.1725652 0.08324665 0.02125631 
0.7995313 0.110423 0.06082747 0.02921824 
0.8436327 0.07388239 0.03850164 0.04398327 
0.7649397 0.1395082 0.04297787 0.05257426 
0.7691846 0.1847618 0.04410807 0.001945481 
0.7433093 0.1312785 0.117475 0.007937185 
0.7769364 0.112605 0.01278862 0.09767001 
0.6489168 0.2170534 0.03105276 0.102977 
0.8706352 0.1138417 0.01084587 0.004677291 
0.7868912 0.120158 0.06702516 0.02592557 
0.7942717 0.1264303 0.03780324 0.04149476 
0.8145545 0.1541084 0.03069446 0.0006426178 
0.8265055 0.08139771 0.08413999 0.00795679 
0.797824 0.1089336 0.06392326 0.02931908 
0.8134014 0.1065501 0.01596647 0.06408208 
0.8068714 0.1377837 0.008726981 0.0466179 
0.7473508 0.1947851 0.004219273 0.05364486 
0.7039655 0.2142946 0.0229528 0.05878705 
0.847507 0.08912016 0.004754308 0.05861852 
0.7273828 0.1194683 0.1078069 0.04534211 
0.7585606 0.1646303 0.01966942 0.0571397 
0.7590704 0.1196215 0.01223702 0.109071 
0.8308328 0.08472361 0.01740953 0.06703409 
0.7401591 0.1239368 0.01626526 0.1196388 
0.7969525 0.1652261 0.001791748 0.03602964 
0.7817606 0.1392427 0.01869493 0.06030179 
0.7539857 0.2158001 0.02018289 0.0100313 
0.7694594 0.1375889 0.0430331 0.04991854 
0.7776612 0.1270211 0.01426259 0.08105503 
0.8382472 0.105349 0.0005994865 0.05580432 
0.7686309 0.1341903 0.02500789 0.07217082 
0.7142879 0.1125384 0.1500123 0.02316132 
0.7265762 0.1432208 0.05644872 0.07375432 
0.7367242 0.1788454 0.07391886 0.01051155 
0.76673 0.1406964 0.05598694 0.0365867 
0.76089 0.2165795 0.01602865 0.006501889 
0.704564 0.1100872 0.1796355 0.005713312 
0.7843109 0.1312568 0.01418426 0.07024804 
0.7597106 0.164464 0.001312888 0.07451246 
0.7948738 0.1515048 0.02410662 0.02951475 
0.8659527 0.1083506 0.0007468297 0.0249499 
0.763 0.1192348 0.008441628 0.1093236 
0.7278425 0.2115162 0.01562424 0.045017 
0.7701931 0.1726536 0.009833573 0.04731969 
0.7856025 0.1125862 0.06993285 0.03187847 
0.7444305 0.1815912 0.006315232 0.06766301 
0.738737 0.1719921 0.08215277 0.007118123 
0.8394173 0.1282865 0.02464101 0.007655168 
0.7351379 0.1530488 0.1056362 0.006177038 
0.8134194 0.1256288 0.05633315 0.004618668 
0.6932951 0.1434976 0.08856565 0.0746416 
0.7487444 0.1922494 0.05165813 0.00734809 
0.7145709 0.1537897 0.1017502 0.02988918 
0.6982455 0.2040687 0.08015674 0.01752909 
0.7678556 0.1594799 0.0389163 0.03374818 
0.7879512 0.1408857 0.05068156 0.02048149 
0.7937918 0.1469982 0.0513891 0.007820929 
0.8286213 0.1021345 0.05291153 0.01633275 
0.7316313 0.2165913 0.04896865 0.002808777 
0.891573 0.09185717 0.01479665 0.001773165 
0.7608844 0.1933187 0.04092943 0.004867459 
0.8372626 0.1170272 0.02626614 0.01944407 
0.7682154 0.1289968 0.08051835 0.02226943 
0.7011325 0.2100126 0.07182915 0.01702576 
0.7568748 0.1486336 0.08596332 0.008528234 
0.8202772 0.143957 0.03151028 0.004255544 
0.7738317 0.1337578 0.07909022 0.01332026 
0.7549807 0.1031816 0.1125593 0.02927848 
0.7833062 0.137312 0.008821821 0.07056002 
0.7685547 0.1627342 0.001747741 0.06696338 
0.8382366 0.1313153 0.002872066 0.02757609 
0.7960572 0.1252307 0.007671418 0.07104072 
0.7956753 0.1383613 0.005807543 0.06015578 
0.8102955 0.1176548 0.005876708 0.06617306 
0.8291642 0.1268491 0.003704293 0.04028247 
0.8039238 0.1200783 0.01807096 0.05792687 
0.8104601 0.09241157 0.06096569 0.03616263 
0.8331395 0.1141042 0.008945742 0.04381052 
0.7587664 0.1106927 0.03368476 0.09685611 
0.7848004 0.1609347 0.005750811 0.04851408 
0.8238709 0.1055712 0.003512018 0.06704583 
0.75205 0.1443429 0.04432106 0.05928599 
0.8258261 0.1007225 0.004151319 0.06930009 
0.8040359 0.1490393 0.003755913 0.04316882 
0.7971202 0.079113 0.05228737 0.07147942 
0.718418 0.2064379 0.000878237 0.07426586 
0.8223619 0.08816298 0.04854952 0.04092562 
0.7576981 0.1714471 0.01527438 0.05558042 
0.7689652 0.1421149 0.03532697 0.053593 
0.8016793 0.1387393 0.01803115 0.0415502 
0.7961555 0.1748356 0.001338015 0.02767092 
0.724183 0.2337951 0.001201517 0.04082036 
0.8004722 0.06851306 0.1106227 0.02039208 
0.7876757 0.1093525 0.07762467 0.02534713 
0.7635126 0.100734 0.1316785 0.00407489 
0.8213877 0.05686915 0.04764111 0.07410203 
0.7805569 0.1043164 0.003484116 0.1116426 
0.7844748 0.1568245 0.01806314 0.04063761 
0.7114435 0.1576227 0.06595758 0.06497626 
0.8047388 0.07324647 0.03568456 0.08633021 
0.772901 0.178586 0.006971082 0.04154193 
0.7940766 0.1660245 0.02706834 0.01283056 
0.7778845 0.1737659 0.01993174 0.02841789 
0.7950614 0.1542732 0.005157792 0.0455076 
0.729087 0.1255388 0.01884576 0.1265284 
0.856036 0.1173739 0.01231524 0.01427486 
0.7830553 0.1580384 0.00973755 0.04916882 
0.8102394 0.06826833 0.02055518 0.1009371 
0.8251719 0.1326768 0.01949477 0.02265646 
0.7287534 0.07326829 0.098008 0.09997027 
0.7620993 0.1105936 0.009482234 0.1178248 
0.8262942 0.01853977 0.048693 0.1064731 
0.8053937 0.00150892 0.1211041 0.07199319 
0.8364995 0.006939336 0.05898155 0.09757958 
0.7530301 0.01493172 0.09715248 0.1348857 
0.8006999 0.01915892 0.133615 0.04652619 
0.7444303 0.0832611 0.07115304 0.1011556 
0.7985368 0.0187219 0.03086982 0.1518715 
0.7894573 0.05179118 0.005754133 0.1529973 
0.7364253 0.05504589 0.01130382 0.197225 
0.7941693 0.0445711 0.03868597 0.1225736 
0.7023956 0.07403783 0.0852219 0.1383447 
0.8486705 0.09839965 0.04801391 0.004915925 
0.7669496 0.1385809 0.06385311 0.03061641 
0.8252181 0.1593015 0.005143146 0.01033717 
0.7515412 0.1939267 0.05072774 0.003804331 
0.8021457 0.09117691 0.08105532 0.02562203 
0.8201777 0.09256567 0.04352377 0.04373284 
0.7861112 0.1326441 0.07676728 0.004477494 
0.7723066 0.1346128 0.0365603 0.05652029 
0.7772776 0.1602884 0.03281189 0.0296221 
0.8253514 0.08345858 0.01331526 0.0778748 
0.7467376 0.1718658 0.001757322 0.07963928 
0.7640407 0.1375946 0.003795576 0.0945692 
0.8046986 0.1374842 0.001027118 0.05679003 
0.7445113 0.1926852 0.02562697 0.03717646 
0.8197398 0.1122097 0.01151181 0.0565387 
0.7787606 0.1718675 0.01118749 0.03818448 
0.7330269 0.1454074 0.01695634 0.1046093 
0.8266623 0.1142405 0.04328284 0.01581437 
0.8067984 0.1178502 0.01208535 0.06326602 
0.7657804 0.09857857 0.1173875 0.01825352 
0.8030898 0.1109825 0.05140525 0.03452254 
0.7410428 0.08431973 0.05477206 0.1198654 
0.7399637 0.1101973 0.145538 0.004300953 
0.8463025 0.09670424 0.04760669 0.009386524 
0.8408464 0.1072394 0.03656755 0.01534665 
0.779998 0.1436646 0.07211274 0.004224619 
0.7768809 0.1713154 0.03666889 0.01513478 
0.8194361 0.09973937 0.07400192 0.006822584 
0.8084319 0.1204283 0.06475773 0.006382095 
0.7985505 0.1145854 0.05606836 0.03079568 
0.8028844 0.1646311 0.008028686 0.02445584 
0.726632 0.2256642 0.02736062 0.02034319 
0.8125004 0.17442 0.002003027 0.01107659 
0.8058722 0.1426328 0.01135307 0.04014191 
0.8253588 0.08879673 0.01717394 0.06867054 
0.7768643 0.1718632 0.02450181 0.02677067 
0.8204864 0.1198641 0.04918049 0.01046902 
0.8109856 0.1098936 0.07911211 8.760919e-06 
0.8146501 0.0720754 0.09201808 0.02125647 
0.758166 0.1687141 0.0411932 0.03192669 
0.7763751 0.1131359 0.07277534 0.03771367 
0.8500378 0.08024978 0.05653569 0.0131767 
0.8603002 0.1094996 0.02518701 0.005013212 
0.7983175 0.1423331 0.03337641 0.02597295 
0.7696731 0.1504167 0.07218473 0.007725428 
0.7130803 0.2079372 0.07453607 0.004446494 
0.8317209 0.07692357 0.08645133 0.00490421 
0.8095814 0.1013975 0.08899141 2.968153e-05 
0.8693812 0.1006395 0.02959819 0.0003811438 
0.7991758 0.1320831 0.003021872 0.06571925 
0.7561667 0.1538463 0.08654231 0.003444686 
0.8689657 0.08373271 0.04486314 0.002438447 
0.8040198 0.1360395 0.04921737 0.01072332 
0.8014182 0.1762572 0.0161284 0.006196206 
0.7565007 0.1320755 0.008870252 0.1025536 
0.7438463 0.1431608 0.02210077 0.09089209 
0.7945308 0.1153362 0.02830913 0.06182385 
0.8009501 0.09714171 0.02245926 0.07944892 
0.7840185 0.1202911 0.01118164 0.08450873 
0.7327462 0.2152088 0.0003558398 0.05168917 
0.824744 0.1226222 0.01453022 0.03810366 
0.7798519 0.1268106 0.009685218 0.08365228 
0.8087153 0.1059872 0.03460706 0.0506905 
0.7341811 0.1696871 0.0311203 0.06501149 
0.7717515 0.1649885 0.0130868 0.05017323 
0.722582 0.2585376 0.01807014 0.0008102379 
0.7402534 0.1890889 0.005470842 0.06518694 
0.7884586 0.1389551 0.005700229 0.06688604 
0.7682589 0.1508147 0.01843897 0.06248741 
0.8339314 0.1072352 0.01848953 0.0403439 
0.757309 0.1465451 0.02973855 0.06640738 
0.7731773 0.162076 0.02539383 0.03935283 
0.849213 0.09503697 0.02480132 0.03094867 
0.7850671 0.1200644 0.03275242 0.06211609 
0.747929 0.1586751 0.07754211 0.01585382 
0.7833145 0.1310861 0.07696037 0.008639031 
0.77382 0.1262265 0.04108737 0.05886609 
0.7558737 0.110068 0.05326204 0.0807963 
0.7454301 0.1857176 0.004611642 0.06424064 
0.8294457 0.1289232 0.007619769 0.03401131 
0.7228129 0.121313 0.02655813 0.129316 
0.8503775 0.09426583 0.04054103 0.01481568 
0.7710406 0.1746552 0.009289362 0.04501481 
0.8065237 0.1358129 0.005113618 0.05254984 
0.8103183 0.1316892 0.006161544 0.05183094 
0.859993 0.02753007 0.05976204 0.0527149 
0.7658555 0.06800968 0.1655276 0.0006072228 
0.8015542 0.05345175 0.106793 0.0382011 
0.7605021 0.01830599 0.204517 0.01667488 
0.7689878 0.0769068 0.13784 0.01626535 
0.8084615 0.05393105 0.1232401 0.01436732 
0.8055153 0.06306172 0.1115919 0.0198311 
0.7075306 0.04266022 0.2466315 0.003177617 
0.742772 0.002784476 0.1069443 0.1474992 
0.7287327 0.01213561 0.1391185 0.1200131 
0.7787435 0.0004581603 0.1743746 0.04642371 
0.7558319 0.01665443 0.168619 0.05889468 
0.7968768 0.01812641 0.1468655 0.03813123 
0.8381923 0.03005743 0.1230185 0.008731771 
0.7821356 0.009551207 0.1467053 0.06160795 
0.7839424 0.09806902 0.105376 0.01261249 
0.7580951 0.06178546 0.1482431 0.03187627 
0.7670787 0.04803385 0.1678905 0.01699699 
0.7965967 0.03455883 0.1574037 0.01144073 
0.6996373 0.08003641 0.2147738 0.005552459 
0.7767897 0.02954967 0.1812213 0.01243937 
0.8014893 0.04322617 0.1538982 0.001386289 
0.7775071 0.02314263 0.17789 0.02146034 
0.7925924 0.04746619 0.1320874 0.02785405 
0.7299931 0.1025635 0.1391971 0.02824625 
0.8378084 0.05273359 0.1033492 0.006108811 
0.8217554 0.03728568 0.1162762 0.02468275 
0.7476053 0.04053632 0.2098445 0.002013949 
0.7413746 0.1070257 0.136938 0.01466172 
0.8017794 0.05794026 0.1279675 0.0123128 
0.770996 0.05420012 0.1296583 0.04514556 
0.7170642 0.05612245 0.1988241 0.02798932 
0.7701564 0.04819422 0.1739352 0.00771423 
0.7827838 0.1493112 0.06620408 0.001700885 
0.7579577 0.05559723 0.1624977 0.02394729 
0.8043027 0.03497478 0.1253619 0.03536062 
0.8127058 0.05197586 0.1152734 0.02004492 
0.8204645 0.04762186 0.129853 0.00206068 
0.7692894 0.08420462 0.1348774 0.01162865 
0.7865907 0.11158 0.1008645 0.0009647669 
0.7664353 0.04017993 0.1561198 0.03726498 
0.8187488 0.01815782 0.10443 0.05866342 
0.8104067 0.01750069 0.126718 0.0453746 
0.754477 0.02524261 0.1036895 0.1165908 
0.8223194 0.03315522 0.09356065 0.0509647 
0.8090606 0.005126151 0.1094646 0.07634867 
0.7942853 0.070864 0.1119563 0.0228944 
0.7366383 0.04101192 0.1796608 0.04268897 
0.7178497 0.005823192 0.1842431 0.09208405 
0.7219141 0.01476909 0.2142075 0.04910939 
0.7210318 0.03439947 0.166275 0.07829374 
0.7555223 0.01091372 0.2095435 0.02402049 
0.7447724 0.01414064 0.1481941 0.09289281 
0.7296172 0.00853863 0.1413614 0.1204828 
0.8210921 0.005098418 0.1217227 0.05208682 
0.7656358 0.02077354 0.1317654 0.08182528 
0.8363991 0.04530583 0.08259933 0.03569576 
0.787531 0.008134227 0.111438 0.09289677 
0.809855 0.008004372 0.1354512 0.0466894 
0.6709549 0.01881601 0.1898277 0.1204014 
0.7773645 0.01994056 0.1515808 0.05111406 
0.78164 0.00150866 0.1588591 0.05799222 
0.837838 0.002010803 0.129784 0.03036719 
0.6886246 0.0197547 0.2348911 0.05672964 
0.798211 0.04133974 0.1040078 0.05644145 
0.7858836 0.001447116 0.1377755 0.07489384 
0.7854975 0.04168558 0.1390686 0.03374832 
0.8032106 0.03539868 0.1357763 0.02561436 
0.7428058 0.02947009 0.200997 0.02672705 
0.8348287 0.04776593 0.09494567 0.02245975 
0.7135814 0.04144296 0.1280302 0.1169455 
0.784055 0.06895298 0.1308196 0.01617238 
0.7460974 0.05677676 0.1964917 0.0006341967 
0.7396164 0.05704018 0.007852426 0.195491 
0.7937019 0.0352869 0.03653678 0.1344744 
0.7800739 0.04519415 0.01845347 0.1562785 
0.7415766 0.08269693 0.04443833 0.1312882 
0.8176616 0.03338671 0.02384278 0.1251089 
0.6833871 0.1349091 0.03589423 0.1458096 
0.778065 0.06318795 0.003025183 0.1557219 
0.6995251 0.09527162 0.05350376 0.1516995 
0.7899367 0.06055804 0.02192613 0.1275791 
0.8091427 0.03409697 0.02354137 0.133219 
0.800521 0.09467158 0.006472471 0.09833491 
0.7714576 0.08961429 0.008635994 0.1302921 
0.6606793 0.1347438 0.05028949 0.1542874 
0.8179621 0.02275182 0.03049032 0.1287957 
0.7575062 0.03558942 0.03970003 0.1672043 
0.820268 0.0138204 0.04215622 0.1237554 
0.7430185 0.02875656 0.04143807 0.1867868 
0.7143897 0.01516417 0.05483066 0.2156155 
0.7909273 0.03428778 0.0452416 0.1295433 
0.806427 0.004243742 0.08041123 0.108918 
0.8090426 0.01044981 0.02194371 0.1585639 
0.6671667 0.009539438 0.06839953 0.2548944 
0.7731574 0.03409269 0.0530203 0.1397296 
0.7755833 0.006216585 0.08419254 0.1340076 
0.870244 0.00930068 0.05641855 0.06403676 
0.7887028 0.01886024 0.03982219 0.1526148 
0.8092601 0.01346636 0.09344745 0.08382614 
0.7951725 0.085806 0.008763603 0.1102579 
0.8679084 0.05105156 0.006715296 0.07432476 
0.7880254 0.07511582 0.02309956 0.1137592 
0.7266833 0.07529047 0.03944091 0.1585853 
0.734747 0.05519014 0.05685114 0.1532118 
0.810567 0.004222317 0.05581965 0.1293911 
0.8298001 0.007501179 0.03332847 0.1293702 
0.8114079 0.00260196 0.05233785 0.1336522 
0.803545 0.01963348 0.07691737 0.09990415 
0.8295799 0.03011916 0.02565532 0.1146456 
0.7719208 0.03035218 0.07629942 0.1214276 
0.7510255 0.01210372 0.05744565 0.1794251 
0.7583258 0.0119314 0.02996451 0.1997783 
0.8190622 0.02215438 0.06289312 0.09589025 
0.8804679 0.008250081 0.03556224 0.07571973 
0.8012174 0.1054591 0.03354917 0.05977437 
0.7562886 0.1637006 0.07748786 0.002522924 
0.819014 0.1185608 0.05065471 0.0117705 
0.7315014 0.1513258 0.1056402 0.01153272 
0.7932741 0.1508585 0.04616484 0.009702519 
0.7619799 0.1025847 0.134746 0.000689428 
0.7827445 0.1404322 0.0001817093 0.07664154 
0.7601514 0.1539938 0.05525545 0.03059935 
0.8033873 0.1095554 0.05093053 0.03612676 
0.7851271 0.1125334 0.0585034 0.04383612 
0.7779898 0.1444012 0.02053872 0.05707028 
0.7343465 0.135532 0.01907951 0.111042 
0.7143175 0.1712927 0.04878343 0.06560643 
0.7290682 0.1902683 0.0718442 0.008819295 
0.8170658 0.1483927 0.03181998 0.002721533 
0.7719837 0.143787 0.0451556 0.03907378 
0.8023706 0.1355829 0.01811461 0.04393186 
0.7961746 0.1119314 0.0001998292 0.09169416 
0.762367 0.01943256 0.1319393 0.08626108 
0.8076747 0.09233566 0.0887487 0.01124091 
0.8319808 0.04378242 0.1145493 0.009687454 
0.7204562 0.1088258 0.1303157 0.04040222 
0.8145593 0.03364796 0.117029 0.03476374 
0.7600746 0.04905392 0.1226384 0.06823308 
0.7764731 0.05385073 0.1376156 0.03206062 
0.7487954 0.05853385 0.1483441 0.04432669 
0.7513673 0.05421395 0.1268264 0.06759236 
0.7419131 0.05326958 0.199089 0.005728292 
0.786964 0.07485498 0.1184283 0.01975266 
0.7978456 0.09181283 0.0981982 0.01214333 
0.7963511 0.03578512 0.1422981 0.02556575 
0.759934 0.07100514 0.1120635 0.05699738 
0.8101861 0.03631542 0.1312367 0.0222618 
0.7818541 0.09240604 0.1171162 0.00862363 
0.6720756 0.1153305 0.2090118 0.003582083 
0.7362932 0.05715887 0.1359174 0.07063056 
0.769104 0.04363425 0.1046879 0.08257379 
0.6974159 0.02692616 0.154093 0.121565 
0.8034293 0.02605898 0.1090405 0.06147123 
0.810511 0.08319189 0.08543887 0.02085824 
0.8304463 0.07138771 0.08388473 0.01428129 
0.7019403 0.05583464 0.2262686 0.01595647 
0.7646608 0.08084007 0.1423898 0.01210932 
0.8030889 0.03537688 0.1254085 0.03612568 
0.799624 0.002701321 0.1394864 0.05818827 
0.7690105 0.03184963 0.1442313 0.05490853 
0.8130757 0.08132043 0.1046095 0.0009943822 
0.8089582 0.001486794 0.1336126 0.0559424 
0.7447575 0.01104159 0.1772506 0.06695025 
0.8057392 0.00693527 0.1151328 0.07219273 
0.8086332 0.03119623 0.1013977 0.05877283 
0.8151713 0.03523612 0.07533081 0.07426179 
0.8011095 0.02020762 0.1108318 0.06785105 
0.7939809 0.001372316 0.1292919 0.07535489 
0.7606186 0.02037069 0.1534844 0.06552634 
0.7108501 0.01648433 0.222876 0.04978954 
0.7674292 0.08521797 0.0883978 0.05895502 
0.7483759 0.02692665 0.1676967 0.05700075 
0.8125534 0.04646049 0.1135166 0.02746949 
0.7726226 0.02321196 0.1570335 0.04713193 
0.7815913 0.01125961 0.1576319 0.04951721 
0.789174 0.06748748 0.137687 0.005651539 
0.814163 0.04582655 0.1192881 0.0207224 
0.7205251 0.03756067 0.1750936 0.06682062 
0.7938103 0.02549907 0.1457734 0.03491719 
0.6862597 0.0988532 0.1809179 0.03396927 
0.7784475 0.09251171 0.124279 0.00476176 
0.7420174 0.03246689 0.2136487 0.01186703 
0.8052597 0.09427972 0.07291953 0.02754106 
0.7429048 0.1568994 0.0835359 0.01665995 
0.7676683 0.07931086 0.1213892 0.03163163 
0.7900975 0.08122011 0.05227324 0.07640911 
0.7587693 0.01484395 0.1339268 0.09245997 
0.7843053 0.002415667 0.06246675 0.1508123 
0.8054598 0.009376806 0.08109001 0.1040734 
0.7533965 0.04279724 0.04288667 0.1609196 
0.7637025 0.04674711 0.03656523 0.1529851 
0.7248582 0.06176076 0.09149622 0.1218848 
0.7624214 0.01701353 0.0432336 0.1773314 
0.8278921 0.003365498 0.04790273 0.1208396 
0.786712 0.03517104 0.05520803 0.122909 
0.7799298 0.01800217 0.1009311 0.1011369 
0.7806392 0.01505825 0.05672567 0.1475769 
0.7852892 0.02713046 0.04077306 0.1468073 
0.7539088 0.009801905 0.08317414 0.1531152 
0.7727427 0.01567493 0.0925839 0.1189984 
0.7941061 0.008973382 0.08834539 0.1085752 
0.746811 0.03651768 0.1019098 0.1147615 
0.7446852 0.01900019 0.08425834 0.1520563 
0.8108562 0.02121612 0.05309112 0.1148365 
0.7909324 0.04615678 0.06271076 0.1002 
0.868301 0.001732525 0.06331471 0.06665177 
0.8164045 0.009253284 0.04125558 0.1330867 
0.8045347 0.008674667 0.08367432 0.1031163 
0.8170726 0.002277219 0.0570465 0.1236037 
0.7525109 0.01086305 0.0891767 0.1474494 
0.7570926 0.07864011 0.003975576 0.1602917 
0.8543707 0.1329277 0.003019772 0.009681871 
0.7949825 0.1936753 0.009511099 0.001831125 
0.7849102 0.1928391 0.02020313 0.002047514 
0.8284301 0.1621684 0.001569418 0.007832079 
0.7875939 0.1838943 0.005591517 0.02292031 
0.8350953 0.08823231 0.05637073 0.02030162 
0.8542827 0.122733 0.01483266 0.0081516 
0.7725456 0.1882505 0.02337895 0.01582488 
0.8218094 0.02405816 0.09749143 0.05664096 
0.7899394 0.01085626 0.1181664 0.08103792 
0.7160942 0.009959802 0.1935516 0.08039441 
0.7963784 0.001921573 0.1520578 0.04964217 
0.8040847 0.02906162 0.1339669 0.03288677 
0.7723022 0.04810492 0.1710744 0.00851841 
0.7084824 0.1270312 0.125841 0.03864536 
0.787684 0.05835544 0.1474119 0.006548672 
0.7949994 0.07083726 0.1087768 0.02538649 
0.8375751 0.009081266 0.09726685 0.05607678 
0.8212936 0.002891464 0.1085412 0.06727374 
0.7795302 0.02694754 0.1588927 0.03462949 
0.8269042 0.04212982 0.07592229 0.05504367 
0.7557133 0.03136473 0.1463385 0.06658351 
0.7963784 0.0008579488 0.09779991 0.1049637 
0.7477818 0.03127195 0.1889007 0.03204556 
0.7903221 0.01228811 0.1439968 0.05339299 
0.7078851 0.02199554 0.1663331 0.1037863 
0.77228 0.03102515 0.1375261 0.05916878 
0.8150947 0.0216469 0.05570626 0.1075521 
0.8068461 0.00729801 0.1388709 0.04698495 
0.752596 0.07467979 0.122642 0.05008221 
0.8347119 0.01950911 0.1109021 0.03487686 
0.7875217 0.01074447 0.1088648 0.09286909 
0.7499383 0.06080116 0.1295398 0.05972071 
0.7299981 0.04363744 0.1653875 0.06097692 
0.7746029 0.04857537 0.1188329 0.05798887 
0.7585941 0.01139541 0.1502187 0.07979182 
0.7652373 0.027589 0.1568774 0.05029623 
0.7458097 0.03071474 0.1601944 0.06328115 
0.7605471 0.03599794 0.1456843 0.05777064 
0.7392124 0.07148425 0.1062909 0.08301238 
0.744313 0.02263737 0.1608824 0.07216725 
0.842564 0.01847054 0.12715 0.01181543 
0.8085775 0.05834285 0.09424681 0.03883286 
0.7670176 0.1234617 0.1091961 0.0003245742 
0.8193128 0.06463998 0.09600801 0.02003925 
0.8312219 0.05397484 0.1139058 0.0008973861 
0.7797881 0.04066908 0.1777709 0.001771941 
0.7279235 0.05432593 0.2037478 0.01400277 
0.8005692 0.03431016 0.1641961 0.0009245881 
0.8153348 0.05175402 0.1098585 0.02305263 
0.7444613 0.07227307 0.1730473 0.0102183 
0.7817469 0.02940664 0.1718995 0.01694693 
0.7964077 0.06160784 0.1235342 0.01845021 
0.7881459 0.09733386 0.09242693 0.02209328 
0.7968339 0.02568619 0.125785 0.05169485 
0.8045111 0.01298459 0.1174978 0.06500652 
0.7729427 0.005686193 0.1711804 0.05019069 
0.768411 0.0352028 0.1525264 0.04385983 
0.7591267 0.001626659 0.1919435 0.04730315 
0.828243 0.06285122 0.09906846 0.009837307 
0.8658865 0.001845801 0.07356845 0.05869919 
0.8183559 0.000195837 0.1422113 0.03923696 
0.8377582 0.02053242 0.09048084 0.0512285 
0.7257995 0.04313601 0.1584574 0.07260712 
0.7320535 0.000791415 0.134845 0.1323101 
0.8404389 0.05330966 0.08535241 0.02089904 
0.8320025 0.04864927 0.1079749 0.01137328 
0.7832751 0.0890012 0.124584 0.003139713 
0.8068325 0.05613196 0.0913958 0.0456397 
0.7757977 0.06191095 0.09874965 0.06354174 
0.7199507 0.05257453 0.2240802 0.003394577 
0.7657577 0.04841835 0.1836127 0.002211197 
0.85209 0.02683689 0.1107918 0.01028139 
0.7419249 0.05628903 0.1595758 0.04221026 
0.7553198 0.05900208 0.1838011 0.001877045 
0.8225424 0.05986263 0.1061503 0.01144474 
0.8102374 0.0524672 0.1189145 0.01838093 
0.79191 0.05042801 0.1544982 0.003163785 
0.750564 0.08344249 0.1342706 0.03172291 
0.7631996 0.1083159 0.1173183 0.01116617 
0.6806757 0.07379941 0.2260011 0.01952385 
0.8076967 0.03710896 0.1527049 0.002489431 
0.7716111 0.07551805 0.1385651 0.0143057 
0.8468764 0.01752585 0.1138323 0.02176549 
0.747298 0.008212229 0.1959717 0.04851812 
0.8066399 0.02852713 0.1072514 0.05758161 
0.8100693 0.007736374 0.1185268 0.0636676 
0.7883127 0.0163961 0.1277033 0.06758797 
0.7789351 0.03321777 0.1375991 0.05024805 
0.7766014 0.05054514 0.1280358 0.04481773 
0.7821794 0.0853486 0.1251497 0.00732227 
0.7742608 0.0006678462 0.1332216 0.09184977 
0.7477861 0.01026364 0.174353 0.06759728 
0.8065222 0.03273299 0.1262138 0.03453103 
0.8624552 0.0459513 0.08578367 0.005809827 
0.7377361 0.1517444 0.1096381 0.0008814193 
0.7619506 0.08510417 0.1463886 0.006556651 
0.742827 0.09365212 0.1523568 0.0111641 
0.7775292 0.06753614 0.1208973 0.03403737 
0.7691402 0.06378611 0.1507825 0.01629122 
0.8145382 0.01153035 0.1418029 0.03212854 
0.7412865 0.003358543 0.14894 0.1064149 
0.7776617 0.006612188 0.1331947 0.0825314 
0.809438 0.02601381 0.1025881 0.06196011 
