"p_1" "p_2" "p_3"
0.05546735 0.7822221 0.1623105
0.05797616 0.7982161 0.1438077
0.05087705 0.7857345 0.1633884
0.05236608 0.7696385 0.1779954
0.05620814 0.7822581 0.1615337
0.05382282 0.7704165 0.1757606
0.05478164 0.7742984 0.1709199
0.0542595 0.7906904 0.1550501
0.03344836 0.8061976 0.160354
0.03371567 0.7983881 0.1678962
0.04265202 0.8022045 0.1551435
0.05536454 0.7801233 0.1645121
0.04817081 0.7881206 0.1637085
0.05444558 0.7810183 0.1645361
0.07248124 0.7600853 0.1674334
0.05421031 0.7906969 0.1550928
0.05352883 0.7907657 0.1557055
0.04732924 0.8032285 0.1494423
0.05378926 0.8016296 0.1445811
0.05063321 0.7880455 0.1613213
0.06591525 0.7747118 0.1593729
0.05430395 0.7540572 0.1916389
0.05881627 0.7803071 0.1608766
0.05092883 0.8000167 0.1490545
0.05790575 0.7612989 0.1807954
0.05169552 0.7856281 0.1626764
0.04951795 0.8013202 0.1491619
0.06081698 0.7940335 0.1451495
0.04242923 0.7911082 0.1664626
0.04516203 0.7863431 0.1684949
0.06036989 0.7716745 0.1679556
0.04428969 0.7589686 0.1967417
0.05126199 0.7685061 0.1802319
0.05766962 0.7861618 0.1561686
0.05315371 0.7694313 0.177415
0.04754119 0.7575874 0.1948714
0.0754611 0.7555238 0.1690151
0.05801355 0.770007 0.1719794
0.06308216 0.7676623 0.1692555
0.0467145 0.7943835 0.158902
0.04742541 0.7848676 0.167707
0.05525382 0.7889391 0.1558071
0.05361829 0.7871846 0.1591971
0.0485608 0.7803139 0.1711253
0.05613516 0.7560775 0.1877873
0.04754055 0.7700125 0.1824469
0.05512982 0.767276 0.1775942
0.05467919 0.7713245 0.1739963
0.04873928 0.7759315 0.1753292
0.05295439 0.7851873 0.1618583
0.05812008 0.7800808 0.1617992
0.04484776 0.7785767 0.1765755
0.07459479 0.7462555 0.1791497
0.05803668 0.76745 0.1745133
0.05611872 0.7881018 0.1557795
0.0490815 0.7660666 0.184852
0.05287385 0.7621972 0.184929
0.0502416 0.7702762 0.1794822
0.04570703 0.7939993 0.1602936
0.05129195 0.7662424 0.1824656
0.04902479 0.7935491 0.1574262
0.06050805 0.7721759 0.167316
0.04550215 0.791322 0.1631758
0.06068313 0.7931037 0.1462132
0.04400576 0.7758266 0.1801676
0.05538537 0.7650363 0.1795783
0.04974534 0.7900246 0.1602301
0.06114061 0.7750926 0.1637668
0.04747584 0.7885737 0.1639505
0.04925109 0.7767071 0.1740418
0.04168592 0.781478 0.1768361
0.05768048 0.7812001 0.1611194
0.05487062 0.7735498 0.1715796
0.05265551 0.7895126 0.1578318
0.05687277 0.7853352 0.1577921
0.04932413 0.798585 0.1520909
0.05504946 0.7652233 0.1797272
0.06761572 0.7616934 0.1706909
0.05602083 0.7850604 0.1589187
0.05944558 0.7765619 0.1639926
0.04953945 0.7917212 0.1587393
0.05642925 0.7674348 0.176136
0.05173939 0.7799746 0.168286
0.05110594 0.7847777 0.1641164
0.06136977 0.7773912 0.161239
0.04960249 0.7876349 0.1627626
0.04591325 0.785439 0.1686477
0.06624674 0.7741914 0.1595619
0.04531755 0.7956314 0.159051
0.06234295 0.7809089 0.1567482
0.05207629 0.7871861 0.1607376
0.05599914 0.7677325 0.1762684
0.05150324 0.7825573 0.1659395
0.04974762 0.7955979 0.1546545
0.04137117 0.7868234 0.1718054
0.0452657 0.8001845 0.1545498
0.05063405 0.7752188 0.1741472
0.06936149 0.7447835 0.185855
0.07813563 0.7613879 0.1604765
0.06161726 0.769596 0.1687868
0.053822 0.7964851 0.1496929
0.05940626 0.7738546 0.1667391
0.06158755 0.7652139 0.1731986
0.05651286 0.7699977 0.1734895
0.05392611 0.7758102 0.1702636
0.0594624 0.7864495 0.1540881
0.04840491 0.7862867 0.1653084
0.05377615 0.7884152 0.1578086
0.06541702 0.7796133 0.1549697
0.04850897 0.7779661 0.173525
0.04908655 0.7739556 0.1769578
0.06049035 0.7784906 0.1610191
0.06163468 0.7945951 0.1437702
0.05582178 0.7914967 0.1526815
0.05414246 0.7604968 0.1853607
0.06491667 0.7871994 0.1478839
0.05489649 0.7712584 0.1738451
0.0593431 0.7791897 0.1614672
0.0658922 0.7835638 0.150544
0.04875288 0.7914213 0.1598258
0.04970659 0.7843522 0.1659412
0.06104356 0.773135 0.1658214
0.0417286 0.8021884 0.156083
0.05306609 0.7638303 0.1831036
0.04657515 0.7904731 0.1629517
0.05629648 0.804019 0.1396845
0.06530509 0.764601 0.1700939
0.05982591 0.7931194 0.1470547
0.05092604 0.7764906 0.1725833
0.0455702 0.7748885 0.1795413
0.04380226 0.7780524 0.1781453
0.04288194 0.789931 0.1671871
0.04825957 0.7974996 0.1542408
0.05399189 0.7929655 0.1530426
0.05458137 0.7801864 0.1652323
0.04019983 0.8054478 0.1543524
0.04810546 0.7969922 0.1549023
0.05805449 0.7806102 0.1613353
0.0520732 0.7781398 0.169787
0.06212727 0.7688751 0.1689976
0.06644393 0.7588666 0.1746895
0.05041443 0.7728312 0.1767544
0.0530499 0.7790214 0.1679287
0.04892442 0.7748275 0.1762481
0.05778297 0.7896415 0.1525756
0.05627833 0.7828747 0.160847
0.05780347 0.7811576 0.1610389
0.03869572 0.7699217 0.1913825
0.05649333 0.7959266 0.1475801
0.05300071 0.7749206 0.1720786
0.05299713 0.7729475 0.1740553
0.06538911 0.7656324 0.1689785
0.0501952 0.7730798 0.176725
0.05766432 0.7789502 0.1633855
0.0536036 0.7704144 0.175982
0.05733287 0.776165 0.1665021
0.05268452 0.7738536 0.1734619
0.05288797 0.8053771 0.1417349
0.0580318 0.777479 0.1644892
0.06206638 0.7477525 0.1901811
0.05376624 0.7786751 0.1675587
0.068468 0.7639181 0.1676139
0.05448661 0.7742377 0.1712757
0.07055749 0.7692153 0.1602272
0.05968172 0.7653987 0.1749196
0.04922854 0.7869354 0.1638361
0.04939438 0.7933212 0.1572844
0.05882224 0.7908128 0.150365
0.05048591 0.8027988 0.1467153
0.05602899 0.8004074 0.1435636
0.05419984 0.7809024 0.1648978
0.05359104 0.7893007 0.1571083
0.05249546 0.7744619 0.1730427
0.05595708 0.7807686 0.1632744
0.07540101 0.7692525 0.1553465
0.05635114 0.7908423 0.1528065
0.05600939 0.774522 0.1694686
0.07501154 0.744237 0.1807514
0.05295737 0.7804082 0.1666344
0.0504506 0.7838427 0.1657067
0.06054514 0.7885387 0.1509161
0.05620782 0.777035 0.1667572
0.04900696 0.7787182 0.1722748
0.05099262 0.77255 0.1764574
0.04929076 0.7702418 0.1804675
0.05438776 0.7839344 0.1616778
0.04995067 0.7866874 0.1633619
0.0527098 0.7912039 0.1560862
0.05929719 0.7707161 0.1699867
0.06199204 0.7806009 0.157407
0.05382518 0.7823813 0.1637935
0.05529689 0.7886241 0.156079
0.05750301 0.781431 0.161066
0.05791941 0.7778597 0.1642209
0.06290583 0.7726723 0.1644219
0.05943434 0.7860503 0.1545154
0.05508394 0.8033116 0.1416045
0.04800995 0.7961327 0.1558574
0.04437235 0.7848151 0.1708125
0.05234079 0.7979333 0.1497259
0.05382472 0.7842709 0.1619044
0.05142238 0.7801083 0.1684693
0.04529401 0.7837617 0.1709443
0.04975632 0.7798799 0.1703638
0.0569322 0.7700732 0.1729946
0.04282301 0.7938399 0.1633371
0.04665369 0.7892127 0.1641336
0.05689475 0.7782944 0.1648108
0.0609923 0.7952978 0.1437099
0.06148304 0.7931448 0.1453721
0.05381757 0.7958902 0.1502922
0.0545181 0.7881875 0.1572944
0.05709228 0.7892933 0.1536145
0.05217994 0.7987594 0.1490607
0.04800027 0.807466 0.1445337
0.0513666 0.7829371 0.1656963
0.04650864 0.8171087 0.1363827
0.04306088 0.7842713 0.1726678
0.054648 0.7654578 0.1798942
0.05886029 0.7811782 0.1599615
0.05389814 0.761844 0.1842578
0.06260217 0.782423 0.1549749
0.05712878 0.7690293 0.1738419
0.0477727 0.7926382 0.1595891
0.03927791 0.7939686 0.1667535
0.06524273 0.7752785 0.1594787
0.06536725 0.7697496 0.1648831
0.05988509 0.7794382 0.1606767
0.04485226 0.7831506 0.1719971
0.06320916 0.7687837 0.1680071
0.05496706 0.7618503 0.1831827
0.05935859 0.7757504 0.164891
0.04555111 0.7919573 0.1624916
0.05634259 0.7843986 0.1592589
0.05430824 0.7684647 0.177227
0.03942874 0.7907168 0.1698545
0.05472215 0.7830783 0.1621995
0.05811207 0.7687723 0.1731156
0.05184786 0.7971349 0.1510173
0.05536251 0.7868397 0.1577978
0.05287971 0.7889877 0.1581326
0.06365797 0.7552525 0.1810895
0.05443696 0.7840135 0.1615495
0.05089059 0.7773478 0.1717616
0.05247735 0.7973303 0.1501924
0.06114789 0.7795721 0.15928
0.05789998 0.7580441 0.184056
0.05161488 0.7765074 0.1718777
0.04182748 0.8000941 0.1580784
0.04494843 0.7653467 0.1897049
0.04900538 0.7803965 0.1705981
0.05515136 0.7772942 0.1675544
0.05240345 0.7780877 0.1695088
0.05934849 0.7571197 0.1835318
0.06988716 0.7509755 0.1791374
0.05343951 0.7821953 0.1643652
0.05297219 0.7683739 0.1786539
0.0502942 0.7852535 0.1644523
0.05896953 0.7843806 0.1566498
0.04714124 0.7945107 0.1583481
0.05475305 0.7556813 0.1895656
0.05430007 0.7934598 0.1522402
0.0554242 0.7752276 0.1693482
0.05474436 0.7827373 0.1625183
0.05498472 0.7766743 0.168341
0.05150699 0.7903359 0.1581571
0.0420738 0.7983362 0.15959
0.04704019 0.7733058 0.179654
0.04479644 0.7679646 0.187239
0.05182561 0.7561799 0.1919945
0.04776704 0.7889047 0.1633283
0.04353624 0.7946902 0.1617736
0.0407695 0.8077429 0.1514876
0.04057097 0.7938233 0.1656057
0.04543345 0.7796144 0.1749522
0.05484255 0.7797082 0.1654493
0.05619094 0.7659819 0.1778272
0.04948091 0.7829959 0.1675232
0.06865748 0.7615878 0.1697548
0.04684545 0.7810917 0.1720628
0.05726636 0.7685376 0.174196
0.05576868 0.7823148 0.1619165
0.05764809 0.7782152 0.1641367
0.06348069 0.7878646 0.1486547
0.04175594 0.788029 0.170215
0.05982633 0.8006102 0.1395635
0.05104469 0.7819428 0.1670125
0.03819442 0.7994023 0.1624033
0.06974825 0.7671077 0.163144
0.06238453 0.7660205 0.1715949
0.06240811 0.7899757 0.1476162
0.04626297 0.7853277 0.1684093
0.06265887 0.7806883 0.1566528
0.06418283 0.7826779 0.1531393
0.06171239 0.7616596 0.1766281
0.06289064 0.7646347 0.1724746
0.07234914 0.7756048 0.152046
0.04540163 0.7802988 0.1742996
0.05189466 0.7779342 0.1701711
0.04844612 0.8000637 0.1514902
0.05450236 0.7816858 0.1638118
0.03983399 0.7876547 0.1725113
0.05071341 0.7765287 0.1727579
0.0584406 0.7837418 0.1578176
0.05567867 0.7845396 0.1597817
0.05514606 0.7843092 0.1605447
0.04790809 0.779681 0.1724109
0.05302355 0.7633319 0.1836445
0.05057785 0.7766146 0.1728075
0.05518627 0.7769943 0.1678194
0.05825059 0.754726 0.1870234
0.05430525 0.7942888 0.151406
0.0531377 0.7616927 0.1851696
0.06329612 0.7742806 0.1624233
0.05677435 0.7750733 0.1681523
0.0483178 0.8110979 0.1405843
0.05791958 0.7596779 0.1824025
0.04991454 0.7896535 0.160432
0.05600873 0.7738498 0.1701415
0.05152824 0.7899909 0.1584808
0.05604989 0.758593 0.1853571
0.04878168 0.7682498 0.1829685
0.05733629 0.7854427 0.157221
0.04209037 0.7895986 0.1683111
0.04666882 0.7789072 0.174424
0.04664956 0.7822526 0.1710978
0.04515879 0.7851266 0.1697146
0.054729 0.7797479 0.1655231
0.04998456 0.774665 0.1753504
0.05376821 0.7980102 0.1482216
0.0576092 0.7865506 0.1558402
0.05788165 0.7925127 0.1496056
0.05369555 0.7878493 0.1584551
0.05576375 0.7882187 0.1560175
0.05438593 0.7905125 0.1551015
0.04678832 0.8054517 0.14776
0.05511509 0.7615592 0.1833257
0.04114631 0.7753688 0.1834849
0.06980306 0.7844542 0.1457427
0.04714287 0.7921349 0.1607222
0.0437938 0.7647297 0.1914765
0.04755266 0.7904476 0.1619998
0.05343397 0.770605 0.175961
0.04661295 0.7923633 0.1610237
0.050819 0.7717041 0.1774769
0.06340585 0.7766787 0.1599155
0.04573847 0.8026749 0.1515866
0.05402806 0.7803975 0.1655744
0.0505648 0.779422 0.1700132
0.04366706 0.775996 0.1803369
0.04908013 0.7696751 0.1812448
0.05311293 0.7920413 0.1548457
0.05103751 0.8046757 0.1442868
0.05590498 0.7852041 0.1588909
0.05893731 0.7743455 0.1667171
0.05203469 0.7905319 0.1574334
0.04042503 0.8007201 0.1588549
0.05029373 0.785364 0.1643423
0.06813208 0.7786417 0.1532262
0.05063644 0.7863177 0.1630459
0.05460804 0.7807178 0.1646742
0.05487361 0.7768697 0.1682567
0.05666556 0.7529446 0.1903899
0.04735271 0.7912943 0.161353
0.04398952 0.793853 0.1621575
0.06313951 0.7838861 0.1529744
0.05524099 0.7929192 0.1518398
0.04776303 0.7822678 0.1699692
0.05216181 0.7665517 0.1812864
0.0436402 0.7768118 0.179548
0.05139999 0.7781955 0.1704045
0.04143162 0.7981545 0.1604139
0.05207344 0.7924794 0.1554472
0.05454053 0.7953938 0.1500657
0.05917514 0.7674 0.1734248
0.04981321 0.778688 0.1714988
0.07610792 0.7675308 0.1563613
0.0526892 0.7900037 0.1573071
0.06338488 0.7778627 0.1587524
0.0413095 0.7811035 0.177587
0.05091209 0.7650597 0.1840282
0.05999164 0.7889558 0.1510525
0.0517263 0.7780128 0.1702609
0.04646748 0.7967834 0.1567491
0.05482889 0.7923991 0.152772
0.05472458 0.7856389 0.1596365
0.05371798 0.7781721 0.1681099
0.04528381 0.7906596 0.1640566
0.05138169 0.7726337 0.1759846
0.05532091 0.7724638 0.1722153
0.05250736 0.7793933 0.1680993
0.06264017 0.7674226 0.1699372
0.0488328 0.7863789 0.1647883
0.05053856 0.7779096 0.1715518
0.05865679 0.763132 0.1782112
0.04516515 0.7972143 0.1576205
0.04713238 0.8086161 0.1442515
0.04962306 0.7872517 0.1631252
0.05095526 0.7959625 0.1530823
0.05631184 0.7865958 0.1570923
0.05234136 0.7896894 0.1579692
0.04945776 0.7886473 0.1618949
0.04357981 0.791744 0.1646762
0.05912795 0.7645411 0.1763309
0.06058334 0.7741529 0.1652638
0.04470668 0.7743746 0.1809187
0.05638497 0.7972186 0.1463964
0.05963986 0.7724655 0.1678946
0.05328733 0.7931278 0.1535849
0.05791002 0.7837783 0.1583116
0.0700079 0.7672896 0.1627025
0.04524001 0.80926 0.1455
0.06334029 0.7628179 0.1738418
0.05822151 0.7699787 0.1717998
0.04639338 0.7893732 0.1642334
0.04616671 0.7796722 0.1741611
0.05780283 0.7771026 0.1650946
0.06049903 0.7960224 0.1434785
0.04992667 0.7812123 0.168861
0.0554972 0.7821304 0.1623724
0.05449094 0.7761712 0.1693379
0.05286459 0.7764019 0.1707335
0.05989393 0.7685391 0.171567
0.05630426 0.7902356 0.1534602
0.06430686 0.7851926 0.1505006
0.04444179 0.7758206 0.1797376
0.05813899 0.7683376 0.1735234
0.05365549 0.7766365 0.1697081
0.04161096 0.7881936 0.1701955
0.04771783 0.7753987 0.1768834
0.05196967 0.7610609 0.1869695
0.04769706 0.7902874 0.1620155
0.03675415 0.823406 0.1398398
0.04511285 0.7772547 0.1776325
0.04980098 0.8014904 0.1487087
0.06569508 0.7664937 0.1678112
0.04408217 0.7993858 0.156532
0.06221614 0.794114 0.1436699
0.05607931 0.7784227 0.165498
0.05175504 0.7884829 0.159762
0.04146872 0.8048482 0.153683
0.05759153 0.761719 0.1806894
0.06562089 0.7738964 0.1604827
0.05932473 0.7637316 0.1769436
0.06075459 0.7594873 0.1797581
0.03726659 0.8042799 0.1584536
0.04114201 0.775077 0.183781
0.05179807 0.7792444 0.1689576
0.06005072 0.7746899 0.1652593
0.05070555 0.7857007 0.1635938
0.05225087 0.7952433 0.1525058
0.05105108 0.7854925 0.1634564
0.05853684 0.7969791 0.144484
0.06174231 0.7760729 0.1621848
0.06342756 0.7645413 0.1720312
0.05832999 0.7790327 0.1626373
0.06050203 0.7728936 0.1666044
0.06366461 0.7715967 0.1647387
0.05276975 0.7924489 0.1547814
0.06303661 0.7508366 0.1861268
0.0420703 0.8011211 0.1568086
0.05942333 0.7767972 0.1637795
0.05918494 0.7731692 0.1676459
0.06962123 0.7594995 0.1708793
0.04966508 0.7767882 0.1735468
0.06689886 0.7680721 0.165029
0.04080276 0.7994357 0.1597616
0.0468256 0.7876775 0.1654969
0.05846569 0.7791497 0.1623846
0.05576313 0.7862131 0.1580238
0.07297236 0.7688006 0.158227
0.05144807 0.7732447 0.1753073
0.04327308 0.8205421 0.1361848
0.05336543 0.7711938 0.1754407
0.04443598 0.7772673 0.1782968
0.04072448 0.7798301 0.1794455
0.04701918 0.7843503 0.1686305
0.05512103 0.7729905 0.1718885
0.05514976 0.7675702 0.17728
0.04156116 0.7918548 0.1665841
0.04743309 0.7982206 0.1543463
0.05850989 0.7911589 0.1503312
0.04783598 0.7824415 0.1697225
0.04907336 0.7754699 0.1754567
0.05568558 0.7741062 0.1702082
0.05134779 0.7931009 0.1555513
0.0510366 0.7729749 0.1759885
0.04959057 0.7914979 0.1589115
0.0518061 0.7790765 0.1691174
0.06443633 0.7805867 0.154977
0.07006838 0.7687551 0.1611765
0.05736736 0.7870297 0.1556029
0.06551646 0.7538018 0.1806818
0.04602631 0.7782434 0.1757303
0.07042985 0.7679443 0.1616258
0.06419955 0.7519195 0.1838809
0.04930398 0.773166 0.17753
0.05367549 0.7672307 0.1790938
0.06746046 0.7672907 0.1652489
0.0508087 0.7855308 0.1636605
0.04685941 0.7944492 0.1586914
0.06055109 0.7720145 0.1674344
0.04969168 0.7891436 0.1611647
0.04933427 0.771761 0.1789047
0.0562287 0.7593745 0.1843968
0.06623553 0.7935533 0.1402112
0.05129032 0.7993517 0.149358
0.0617171 0.7834218 0.1548611
0.06812236 0.7822738 0.1496039
0.04203484 0.7983088 0.1596563
0.04926951 0.792327 0.1584035
0.04444383 0.7937173 0.1618389
0.05243358 0.776522 0.1710444
0.04156042 0.767488 0.1909515
0.06794243 0.7708592 0.1611984
0.06234058 0.8011405 0.1365189
0.05534922 0.78043 0.1642208
0.0480607 0.7769771 0.1749622
0.05214094 0.7943412 0.1535179
0.05622523 0.7464193 0.1973555
0.05903982 0.7747559 0.1662043
0.05565309 0.7651202 0.1792267
0.05896502 0.7605466 0.1804884
0.06098165 0.785558 0.1534604
0.04658264 0.8144075 0.1390098
0.04250358 0.8176394 0.139857
0.06638387 0.7853473 0.1482688
0.06064461 0.7707722 0.1685832
0.04994195 0.7982855 0.1517725
0.05464933 0.7942085 0.1511422
0.07209114 0.7799812 0.1479277
0.05299136 0.7944413 0.1525674
0.05166785 0.794136 0.1541961
0.05952674 0.7555754 0.1848978
0.05934978 0.7727445 0.1679057
0.04493461 0.8033505 0.1517149
0.05421193 0.7882194 0.1575687
0.05345632 0.8088646 0.137679
0.04540533 0.7833677 0.171227
0.04710942 0.7928827 0.1600079
0.0544841 0.7812551 0.1642608
0.0449118 0.7866307 0.1684575
0.06405589 0.7707912 0.1651529
0.064565 0.7615803 0.1738547
0.05908398 0.7605639 0.1803521
0.06440027 0.7875983 0.1480015
0.04819021 0.7957693 0.1560405
0.0538998 0.7941367 0.1519635
0.05292835 0.801883 0.1451887
0.04958916 0.7824083 0.1680026
0.03995279 0.8089187 0.1511285
0.05018651 0.7815758 0.1682377
0.04781902 0.7870521 0.1651289
0.06092721 0.7460451 0.1930277
0.05686506 0.777013 0.166122
0.06603321 0.7665447 0.1674221
0.05221448 0.7864572 0.1613283
0.06189052 0.7754097 0.1626998
0.04589479 0.7739021 0.1802031
0.05475217 0.7849234 0.1603244
0.05090468 0.8038502 0.1452451
0.05927201 0.7862103 0.1545177
0.05506764 0.7887994 0.156133
0.07217342 0.7626491 0.1651775
0.04392485 0.7898148 0.1662604
0.04788474 0.7844758 0.1676395
0.04600188 0.7958357 0.1581624
0.06701619 0.7706054 0.1623784
0.05845045 0.7691404 0.1724092
0.05940078 0.740983 0.1996162
0.05581966 0.7818938 0.1622866
0.05327213 0.7963666 0.1503613
0.05355215 0.7748065 0.1716414
0.04898344 0.7939343 0.1570823
0.0581234 0.7831264 0.1587503
0.05802282 0.7584968 0.1834804
0.04889296 0.7827759 0.1683312
0.0511604 0.7886767 0.1601629
0.05914835 0.7616055 0.1792461
0.05793931 0.7666904 0.1753703
0.05960856 0.7710162 0.1693753
0.05605638 0.7906229 0.1533208
0.05105178 0.7963741 0.1525741
0.0639116 0.7787423 0.1573461
0.04316345 0.7861925 0.170644
0.04611318 0.7855993 0.1682875
0.0588243 0.774561 0.1666147
0.05325674 0.7829741 0.1637692
0.0425573 0.8002886 0.1571541
0.06152719 0.7919831 0.1464897
0.05133043 0.7975197 0.1511499
0.0542009 0.7982178 0.1475813
0.06481464 0.7545914 0.180594
0.0450999 0.7710679 0.1838322
0.06085379 0.7586452 0.180501
0.05957524 0.7922903 0.1481345
0.04416052 0.7715736 0.1842659
0.0573856 0.7761329 0.1664815
0.04804747 0.7827939 0.1691586
0.05117485 0.7772627 0.1715624
0.05331002 0.783951 0.162739
0.05720924 0.7864494 0.1563414
0.05182558 0.7863534 0.161821
0.05109151 0.771788 0.1771205
0.05293815 0.7799793 0.1670825
0.04531478 0.7864499 0.1682353
0.04147113 0.8063791 0.1521497
0.05767995 0.745891 0.1964291
0.04711407 0.7555417 0.1973443
0.0522537 0.7827654 0.1649809
0.05429177 0.79174 0.1539682
0.04997206 0.8068992 0.1431287
0.04033713 0.8166329 0.14303
0.05387456 0.7997769 0.1463485
0.05621186 0.7877149 0.1560733
0.05066427 0.7936058 0.1557299
0.06133926 0.7782124 0.1604483
0.04768518 0.7915693 0.1607455
0.05511276 0.7927126 0.1521747
0.04785822 0.7826873 0.1694545
0.05436467 0.7819834 0.1636519
0.07125172 0.7596448 0.1691035
0.06467099 0.7866289 0.1487001
0.06049362 0.7656219 0.1738845
0.04397785 0.7877219 0.1683002
0.06286769 0.7691166 0.1680157
0.06943348 0.7647013 0.1658652
0.04149551 0.8037831 0.1547214
0.06950579 0.7661319 0.1643623
0.06248185 0.7664207 0.1710975
0.06223654 0.785646 0.1521174
0.05637722 0.7964861 0.1471366
0.04829056 0.7726396 0.1790698
0.05928168 0.7580062 0.1827121
0.05660317 0.760162 0.1832349
0.04370827 0.7499172 0.2063745
0.04404027 0.7780194 0.1779403
0.05601877 0.765545 0.1784362
0.06164634 0.7783957 0.1599579
0.04391886 0.7790567 0.1770245
0.05107369 0.7986881 0.1502382
0.04472313 0.7923739 0.1629029
0.05174504 0.7917881 0.1564669
0.05222155 0.7620152 0.1857633
0.04616966 0.7712318 0.1825985
0.05155995 0.7692494 0.1791907
0.0489521 0.7759594 0.1750885
0.06224496 0.7743114 0.1634437
0.0526041 0.7672648 0.1801311
0.05949781 0.7780688 0.1624333
0.04313229 0.795704 0.1611637
0.05409076 0.77043 0.1754792
0.06179507 0.762789 0.1754159
0.05965326 0.7875102 0.1528365
0.05768143 0.7927077 0.1496109
0.06750097 0.7703113 0.1621878
0.05609146 0.799216 0.1446925
0.05351922 0.783088 0.1633928
0.05934599 0.7702139 0.1704401
0.0561044 0.7436569 0.2002387
0.04225823 0.7848947 0.1728471
0.0392341 0.7731597 0.1876062
0.05082675 0.7863125 0.1628607
0.05717818 0.7725686 0.1702532
0.05982886 0.7734609 0.1667102
0.0492081 0.7816196 0.1691723
0.05932765 0.7649586 0.1757138
0.04324685 0.7915301 0.165223
0.04366856 0.7825182 0.1738133
0.05739983 0.7615365 0.1810637
0.05439195 0.7824401 0.163168
0.05596675 0.7639756 0.1800576
0.06206288 0.7628548 0.1750824
0.04736133 0.7843207 0.1683179
0.05677599 0.7664683 0.1767558
0.06493937 0.7833677 0.1516929
0.04368106 0.779134 0.177185
0.05262481 0.7892181 0.1581571
0.07082813 0.7698362 0.1593356
0.04887452 0.7944315 0.1566939
0.06633981 0.7918737 0.1417865
0.05487262 0.7839878 0.1611396
0.05178294 0.7804713 0.1677458
0.06217783 0.7780452 0.159777
0.05827739 0.7703543 0.1713684
0.05361668 0.8067189 0.1396644
0.06007795 0.7754092 0.1645129
0.04562576 0.7697294 0.1846449
0.05552017 0.7866972 0.1577826
0.05014891 0.7766791 0.173172
0.05616596 0.7677895 0.1760446
0.06658222 0.7715449 0.1618729
0.06557365 0.7671237 0.1673026
0.06086221 0.7899968 0.149141
0.0529735 0.8055906 0.1414359
0.06328359 0.7685076 0.1682088
0.07411226 0.7687347 0.157153
0.06384408 0.7516726 0.1844833
0.04782553 0.7794475 0.172727
0.05613412 0.7724938 0.1713721
0.04890161 0.7774523 0.1736461
0.05727794 0.7806867 0.1620354
0.04888581 0.7937675 0.1573467
0.03830659 0.806362 0.1553314
0.0496733 0.7931998 0.1571269
0.05624456 0.766061 0.1776944
0.04252407 0.7992206 0.1582554
0.05960038 0.7766551 0.1637445
0.06139108 0.7597521 0.1788568
0.06620401 0.7715739 0.1622221
0.06447436 0.7837246 0.1518011
0.05976101 0.8005116 0.1397274
0.04647316 0.7812345 0.1722923
0.07252632 0.7522674 0.1752062
0.05522574 0.7809151 0.1638591
0.06531064 0.766663 0.1680264
0.05881633 0.7764816 0.164702
0.04669886 0.7804566 0.1728445
0.04578899 0.7872838 0.1669272
0.0509956 0.7819914 0.167013
0.04501729 0.7925963 0.1623864
0.04900976 0.7856083 0.1653819
0.05045808 0.8015794 0.1479625
0.04777042 0.79624 0.1559896
0.06273214 0.7618191 0.1754488
0.05445113 0.7885701 0.1569788
0.05976567 0.7700802 0.1701541
0.04517205 0.7864736 0.1683544
0.05236903 0.7820773 0.1655537
0.06818469 0.7689445 0.1628708
0.05620244 0.7799831 0.1638145
0.05313595 0.7723408 0.1745233
0.05192392 0.7766771 0.171399
0.05448474 0.7654723 0.180043
0.06528931 0.7827701 0.1519406
0.05216692 0.7846235 0.1632096
0.05390827 0.7671686 0.1789231
0.04680873 0.7830552 0.170136
0.06813899 0.7588517 0.1730093
0.05536647 0.7752921 0.1693414
0.04421189 0.7961073 0.1596808
0.05989756 0.7676834 0.172419
0.05587821 0.7652001 0.1789217
0.05950209 0.7745019 0.165996
0.05650002 0.77294 0.17056
0.05395844 0.7873246 0.158717
0.04895305 0.7767315 0.1743154
0.04436237 0.7911072 0.1645305
0.05413639 0.7878925 0.1579711
0.05920302 0.7866333 0.1541637
0.05325426 0.7629296 0.1838161
0.04902022 0.7866221 0.1643577
0.05350152 0.8030565 0.143442
0.04747614 0.7917531 0.1607708
0.0636352 0.7889039 0.1474609
0.03548588 0.8064647 0.1580495
0.06971733 0.7612499 0.1690328
0.05033407 0.7722984 0.1773676
0.06244704 0.7790894 0.1584636
0.05616904 0.7702269 0.173604
0.05822928 0.7678446 0.1739261
0.05776319 0.7722165 0.1700203
0.05284355 0.7644457 0.1827107
0.0550337 0.7781375 0.1668288
0.05026542 0.7849879 0.1647467
0.05014898 0.7957315 0.1541195
0.0721295 0.7815904 0.1462801
0.05762842 0.7714043 0.1709672
0.04386423 0.7872964 0.1688394
0.05415018 0.7904301 0.1554197
0.05051086 0.7704723 0.1790169
0.04621387 0.7856808 0.1681053
0.04646822 0.8024599 0.1510719
0.04065629 0.8021289 0.1572148
0.05482441 0.7954435 0.149732
0.04824705 0.7964531 0.1552999
0.05717541 0.773823 0.1690016
0.06056778 0.7761836 0.1632487
0.05056916 0.789094 0.1603369
0.0571952 0.780992 0.1618128
0.05205237 0.7707148 0.1772329
0.05651618 0.7778589 0.1656249
0.05541311 0.7489099 0.195677
0.06354633 0.7563339 0.1801198
0.05143057 0.7865792 0.1619902
0.05120324 0.7743189 0.1744778
0.06340549 0.7675516 0.1690429
0.05324866 0.7645488 0.1822026
0.04888734 0.7880849 0.1630278
0.05771198 0.78594 0.156348
0.05120408 0.796366 0.1524299
0.06123541 0.7968168 0.1419478
0.0502592 0.7889719 0.1607689
0.06158111 0.7616171 0.1768018
0.06253565 0.7896743 0.1477901
0.05338505 0.7914038 0.1552111
0.04549828 0.7771382 0.1773635
0.05726748 0.7744987 0.1682338
0.04301609 0.7919463 0.1650376
0.0435483 0.7921898 0.1642619
0.05720733 0.7567071 0.1860856
0.04693929 0.7867775 0.1662832
0.04858246 0.7818302 0.1695873
0.05458712 0.7878595 0.1575534
0.05183913 0.7856221 0.1625388
0.04341064 0.7829351 0.1736543
0.05473343 0.756007 0.1892595
0.04753262 0.8063231 0.1461442
0.05773529 0.7751789 0.1670859
0.05941629 0.7748748 0.1657089
0.05099079 0.7666049 0.1824044
0.05185342 0.7835375 0.1646091
0.0454364 0.7748486 0.179715
0.06141198 0.7904159 0.1481721
0.05109945 0.7871425 0.161758
0.07322944 0.7647427 0.1620279
0.05596589 0.7909391 0.153095
0.06373082 0.7719482 0.164321
0.0563045 0.7831214 0.1605741
0.0545367 0.7680691 0.1773942
0.04501798 0.767136 0.187846
0.05039131 0.7820389 0.1675698
0.05859451 0.7862009 0.1552046
0.05471723 0.8033849 0.1418979
0.0551936 0.7707126 0.1740938
0.0526699 0.7872437 0.1600864
0.05293607 0.7864071 0.1606568
0.05744608 0.7936703 0.1488836
0.05554444 0.7857008 0.1587547
0.05044931 0.7693738 0.1801769
0.05492655 0.7767502 0.1683232
0.05453484 0.7894613 0.1560038
0.05369424 0.7566605 0.1896453
0.05157115 0.77995 0.1684789
0.04390329 0.793354 0.1627428
0.04464653 0.7811355 0.174218
0.06474231 0.7984665 0.1367912
0.06481316 0.760676 0.1745108
0.04745019 0.7987007 0.1538491
0.04038393 0.781227 0.178389
0.05777089 0.7931555 0.1490736
0.05536746 0.7887662 0.1558663
0.04084841 0.8031655 0.1559861
0.05722511 0.79089 0.1518849
0.04784768 0.7760539 0.1760984
0.05887183 0.7626431 0.178485
0.03920412 0.7998401 0.1609558
0.05030645 0.7825396 0.1671539
0.04651747 0.7941091 0.1593734
0.06260397 0.7658402 0.1715558
0.04518346 0.8092829 0.1455336
0.0542306 0.7651001 0.1806693
0.04653283 0.7641914 0.1892758
0.05473241 0.7706583 0.1746092
0.0513351 0.7752721 0.1733928
0.06187883 0.7771061 0.1610151
0.05815289 0.7596035 0.1822436
0.06256307 0.7850007 0.1524362
0.05489149 0.7728963 0.1722122
0.06195773 0.7977766 0.1402657
0.05449103 0.76803 0.1774789
0.0466734 0.7760967 0.1772299
0.05305824 0.7676775 0.1792642
0.04874768 0.7852391 0.1660132
0.05083107 0.7789807 0.1701883
0.05865582 0.7697037 0.1716405
0.04912596 0.8012316 0.1496425
0.05694336 0.7817633 0.1612933
0.05364128 0.7965559 0.1498028
0.06210134 0.7604276 0.1774711
0.05410857 0.780741 0.1651505
0.0457585 0.7664027 0.1878387
0.05425552 0.7793732 0.1663712
0.05383446 0.7889788 0.1571868
0.04748935 0.7756684 0.1768422
0.04237383 0.7890944 0.1685318
0.05904672 0.7873041 0.1536492
0.04988498 0.798853 0.1512621
0.05441101 0.7915372 0.1540518
0.06023313 0.7616487 0.1781182
0.06415616 0.753839 0.1820049
0.06145347 0.7891327 0.1494138
0.05746454 0.7814253 0.1611101
0.05333217 0.7917346 0.1549333
0.06740369 0.7829503 0.149646
0.04984462 0.8033217 0.1468337
0.05606396 0.7752921 0.168644
0.05285971 0.7805541 0.1665862
0.05703507 0.7605076 0.1824574
0.05843025 0.771509 0.1700607
0.05561628 0.7833022 0.1610815
0.06553104 0.7771441 0.1573248
0.04923732 0.782527 0.1682357
0.052269 0.787566 0.160165
0.05301587 0.7755147 0.1714694
0.05860808 0.7684403 0.1729516
0.07468705 0.7697505 0.1555624
0.05692969 0.7852569 0.1578135
0.05230772 0.7535947 0.1940976
0.04731361 0.780873 0.1718134
0.04782287 0.8048289 0.1473482
0.07682979 0.7511645 0.1720057
0.05260511 0.7876019 0.159793
0.04416673 0.7714313 0.184402
0.0621252 0.7738432 0.1640316
0.05496701 0.7864633 0.1585697
0.06052841 0.7649592 0.1745124
0.0604984 0.7637829 0.1757187
0.06240819 0.7588337 0.1787581
0.06688444 0.7658423 0.1672732
0.04954113 0.8095993 0.1408595
0.05597631 0.7718392 0.1721845
0.05624051 0.7948107 0.1489488
0.04279986 0.791236 0.1659641
0.05536663 0.7945252 0.1501082
0.06072335 0.7790038 0.1602728
0.05002942 0.7747176 0.1752529
0.04779031 0.7942275 0.1579822
0.05653761 0.7647059 0.1787565
0.05519948 0.782055 0.1627455
0.0536512 0.7895527 0.1567961
0.06339724 0.7723087 0.1642941
0.06815427 0.7739881 0.1578577
0.05459843 0.7684273 0.1769743
0.05651711 0.7852946 0.1581882
0.04556804 0.7916688 0.1627632
0.06081416 0.7689951 0.1701907
0.06092402 0.769626 0.16945
0.0517027 0.7668568 0.1814405
0.04676548 0.7783704 0.1748641
0.04894904 0.782169 0.168882
0.05756247 0.7860479 0.1563896
0.04552874 0.7945798 0.1598915
0.06850531 0.7550176 0.1764771
0.05014692 0.7821387 0.1677144
0.04465353 0.7824222 0.1729243
0.04977059 0.7853604 0.164869
0.04384658 0.7793149 0.1768385
0.04501426 0.8063182 0.1486675
0.05697779 0.7646171 0.1784051
0.04444303 0.7901494 0.1654076
0.05942306 0.7752907 0.1652862
0.04636738 0.7932036 0.160429
0.04186823 0.7946688 0.163463
0.05765391 0.7830738 0.1592723
0.05698602 0.7749148 0.1680992
0.0597302 0.7735787 0.1666911
0.05544148 0.7611136 0.1834449
0.04431121 0.8035137 0.1521751
0.05697062 0.7512297 0.1917997
0.05161198 0.7934725 0.1549156
0.04258163 0.7751022 0.1823162
0.04898751 0.7981645 0.152848
0.0617952 0.7796105 0.1585943
0.05549096 0.7795947 0.1649143
0.05024723 0.8096927 0.14006
0.05129857 0.8027981 0.1459033
0.04998004 0.7768608 0.1731591
0.06149954 0.7877125 0.150788
0.05438168 0.7827393 0.1628791
0.05079875 0.7821932 0.1670081
0.06592806 0.7570581 0.1770139
0.06407626 0.7767404 0.1591833
0.06472135 0.7745574 0.1607213
0.0481889 0.7754639 0.1763472
0.05350156 0.7742301 0.1722683
0.05366092 0.7978252 0.1485139
0.04675865 0.7902273 0.1630141
0.05843702 0.7734129 0.16815
0.05662681 0.760705 0.1826682
0.0470446 0.8004789 0.1524765
0.0479181 0.7847482 0.1673337
0.04936797 0.7915662 0.1590659
0.05484727 0.7894505 0.1557022
0.04268104 0.7736137 0.1837053
0.06077363 0.7740377 0.1651887
0.04510202 0.7934596 0.1614384
0.05989715 0.7815687 0.1585341
0.06763593 0.7618254 0.1705387
0.0459058 0.7795773 0.1745169
0.06636312 0.7736024 0.1600344
0.04560688 0.7900535 0.1643396
0.0542672 0.7716814 0.1740514
0.05101928 0.7786061 0.1703746
0.05047304 0.7902101 0.1593168
0.05050792 0.7574113 0.1920808
0.05815991 0.7669993 0.1748408
0.04707104 0.7964427 0.1564862
0.06272752 0.7612701 0.1760023
0.05446177 0.767358 0.1781802
0.06548216 0.7801693 0.1543485
0.04845673 0.7825536 0.1689896
0.06699786 0.7705715 0.1624306
0.05521556 0.7748445 0.16994
0.04558716 0.8021215 0.1522913
0.0647155 0.776929 0.1583555
0.04984944 0.7797895 0.1703611
0.05308811 0.7791154 0.1677965
0.06715298 0.7828652 0.1499818
0.05358779 0.8040002 0.142412
0.04899108 0.7969359 0.1540731
0.06009283 0.766027 0.1738801
0.05455691 0.7893201 0.1561229
0.05089202 0.7632373 0.1858706
0.05109257 0.7739279 0.1749795
0.0664299 0.7883786 0.1451915
0.04431156 0.7825077 0.1731808
0.04990805 0.7846383 0.1654537
0.05774286 0.764208 0.1780492
0.05154525 0.7768965 0.1715583
0.05109041 0.7751102 0.1737994
0.04113515 0.7872063 0.1716586
0.0570627 0.7739332 0.1690041
0.05787691 0.7857596 0.1563635
0.04462878 0.7832982 0.172073
0.06214468 0.7544618 0.1833935
0.06599428 0.7675274 0.1664783
0.05607086 0.7989772 0.1449519
0.05571529 0.8078099 0.1364748
0.05388733 0.7696728 0.1764399
0.04843414 0.7955849 0.1559809
0.05743243 0.7757534 0.1668142
0.05769939 0.7869882 0.1553124
0.04841011 0.7783106 0.1732793
0.06697679 0.7657394 0.1672838
0.05790956 0.7667359 0.1753545
0.05590463 0.7975693 0.1465261
0.04329578 0.7970119 0.1596923
0.05990488 0.7615288 0.1785663
0.05421129 0.7557905 0.1899982
0.05245519 0.8162078 0.131337
0.05864878 0.7595241 0.1818271
0.04601475 0.7683285 0.1856567
0.04926851 0.776934 0.1737975
0.06801479 0.7687447 0.1632406
0.0673926 0.7594597 0.1731477
0.05356268 0.7788344 0.1676029
0.05384673 0.7979003 0.1482529
0.0592822 0.7692309 0.1714869
0.0516427 0.7934103 0.154947
0.05526571 0.7850964 0.1596379
0.05360703 0.7620634 0.1843295
0.06216901 0.7661413 0.1716896
0.05734743 0.7827652 0.1598874
0.07119047 0.7934343 0.1353752
0.04978035 0.783323 0.1668967
0.05160538 0.7858912 0.1625035
0.06996867 0.7465402 0.1834912
0.0405975 0.7812852 0.1781173
0.05037292 0.7735615 0.1760655
0.05830782 0.755536 0.1861562
0.06658971 0.7731954 0.1602149
0.04913022 0.7877334 0.1631364
0.04713658 0.7996475 0.1532159
0.06806523 0.7723819 0.1595529
0.05862947 0.7718149 0.1695556
0.05553749 0.7734431 0.1710194
0.05497664 0.7722066 0.1728167
0.04359561 0.7922127 0.1641917
0.05383958 0.7743383 0.1718221
0.06204874 0.7894867 0.1484646
0.04898918 0.8042812 0.1467296
0.04489057 0.7754294 0.17968
0.04907736 0.8059145 0.1450082
0.04799414 0.7974798 0.1545261
0.05859332 0.7839154 0.1574913
0.06425769 0.7828446 0.1528978
0.04986688 0.7828671 0.167266
0.06892218 0.7806705 0.1504073
0.04556183 0.8183334 0.1361047
0.05067515 0.7763712 0.1729536
0.05548525 0.7740786 0.1704362
0.03933988 0.8006829 0.1599772
0.05180087 0.7819494 0.1662497
0.05795441 0.7829574 0.1590882
0.06881852 0.7523117 0.1788697
0.05683258 0.7860225 0.1571449
0.05484779 0.7734537 0.1716985
0.05482879 0.7849293 0.1602419
0.06750769 0.7372898 0.1952025
0.05650808 0.7856995 0.1577924
0.04755995 0.7730578 0.1793822
0.05445953 0.7901645 0.1553759
0.05034231 0.7880883 0.1615694
0.04693605 0.7941888 0.1588751
0.04112685 0.8030504 0.1558228
0.05610538 0.7754828 0.1684118
0.06345179 0.7525812 0.183967
0.07142454 0.7711425 0.157433
0.04596947 0.8025924 0.1514382
0.05746258 0.7738837 0.1686537
0.04752627 0.7843646 0.1681091
0.05887153 0.7687744 0.172354
0.05942109 0.776493 0.1640859
0.05917086 0.7843207 0.1565084
0.05999125 0.7656219 0.1743868
0.06161074 0.7581101 0.1802791
0.04752365 0.776976 0.1755004
0.03951225 0.7682633 0.1922245
0.04203222 0.7784884 0.1794794
0.0634513 0.7735448 0.1630039
0.07173141 0.7545183 0.1737503
0.05138355 0.7918853 0.1567311
0.08099096 0.7506577 0.1683513
0.06453728 0.7685489 0.1669139
0.05928086 0.7656285 0.1750906
0.05556851 0.7564801 0.1879514
0.05214268 0.7857022 0.1621551
0.0534683 0.802624 0.1439077
0.04704866 0.7902625 0.1626888
0.05940046 0.7727794 0.1678201
0.04237978 0.7725313 0.1850889
0.0429211 0.7692332 0.1878457
0.05110441 0.7600648 0.1888307
0.05863299 0.7793406 0.1620264
0.04566619 0.7870377 0.1672961
0.05097716 0.7682803 0.1807425
0.05138294 0.7854214 0.1631956
0.05369001 0.7523437 0.1939663
0.06309382 0.7829325 0.1539737
0.04600252 0.7802456 0.1737519
0.04775215 0.7958507 0.1563972
0.05524216 0.7776022 0.1671557
0.06909512 0.7709376 0.1599673
0.06086732 0.7598284 0.1793043
0.06501304 0.7818966 0.1530904
0.05149297 0.7915191 0.1569879
0.06296182 0.7609733 0.1760648
0.04938372 0.7592074 0.1914089
0.05889814 0.7684667 0.1726351
0.06055084 0.7850169 0.1544323
0.05725292 0.7761354 0.1666117
0.0577397 0.76322 0.1790403
0.0471443 0.7839082 0.1689475
0.03815888 0.7649945 0.1968466
0.04555368 0.7735188 0.1809275
0.05783113 0.7884894 0.1536795
0.0589602 0.7744501 0.1665897
0.05037138 0.7908432 0.1587854
0.04066345 0.7968792 0.1624574
0.06164073 0.7528403 0.185519
0.06709994 0.7723779 0.1605222
0.06710423 0.7803445 0.1525513
0.0526574 0.7764145 0.1709281
0.0470885 0.8042122 0.1486993
0.04868105 0.7874296 0.1638894
0.05503654 0.7673191 0.1776444
0.06586594 0.7725852 0.1615489
0.05118132 0.7861504 0.1626683
0.05034792 0.787879 0.1617731
0.05959564 0.7660172 0.1743872
0.05315731 0.7796121 0.1672306
0.04925775 0.7866319 0.1641103
0.04886446 0.7676331 0.1835025
0.06144687 0.7679328 0.1706203
0.06527393 0.7754517 0.1592743
0.06361172 0.7690528 0.1673355
0.0616814 0.7791054 0.1592132
0.04135529 0.8068275 0.1518173
0.04441408 0.771171 0.1844149
0.0341095 0.794837 0.1710535
0.05166449 0.7633037 0.1850318
0.05256943 0.8049212 0.1425094
0.0659603 0.7699446 0.1640951
0.05739222 0.7914639 0.1511439
0.05741885 0.7749797 0.1676014
0.04642063 0.7779147 0.1756646
0.07051125 0.7566474 0.1728413
0.07072857 0.7806746 0.1485968
0.06375164 0.7685736 0.1676747
0.04832819 0.771593 0.1800788
0.04282175 0.7808063 0.176372
0.05695707 0.7834646 0.1595783
0.05701828 0.7768367 0.166145
0.05488865 0.7677511 0.1773603
0.05346338 0.7569216 0.189615
0.05355659 0.8031809 0.1432625
0.05284006 0.7847282 0.1624317
0.05148998 0.7545921 0.1939179
0.05428477 0.7949912 0.1507241
0.05091769 0.7817392 0.1673431
0.05346677 0.7870912 0.159442
0.05530784 0.794835 0.1498571
0.05241542 0.7948989 0.1526857
0.07324973 0.7498284 0.1769219
0.04252342 0.7891938 0.1682828
0.05000476 0.7815661 0.1684291
0.05742088 0.7835058 0.1590734
0.05450842 0.791662 0.1538295
0.06290075 0.7697958 0.1673035
0.04704931 0.7883534 0.1645973
0.05357248 0.7782496 0.168178
0.06016843 0.7712138 0.1686178
0.0498445 0.7836392 0.1665163
0.04982843 0.784388 0.1657836
0.04735592 0.822189 0.1304551
0.05838301 0.7668046 0.1748124
0.06168664 0.7689197 0.1693937
0.04546136 0.8123906 0.142148
0.06397951 0.7497344 0.1862861
0.04631698 0.7493952 0.2042878
0.06146472 0.7685805 0.1699548
0.05370714 0.7751635 0.1711294
0.04768788 0.785126 0.1671861
0.05467916 0.7859001 0.1594208
0.04964118 0.7846111 0.1657477
0.05267199 0.7841203 0.1632077
0.05608462 0.7836812 0.1602342
0.05162811 0.8061193 0.1422526
0.04611826 0.7861071 0.1677746
0.03878682 0.7870149 0.1741982
0.04714419 0.778375 0.1744808
0.05083352 0.7887902 0.1603763
0.04605931 0.7903565 0.1635842
0.05125864 0.7833051 0.1654363
0.05195342 0.7929869 0.1550597
0.05969254 0.7980876 0.1422199
0.0431024 0.7947458 0.1621518
0.05546777 0.7614329 0.1830993
0.03998193 0.776477 0.1835411
0.04534348 0.7928707 0.1617858
0.0584658 0.768026 0.1735081
0.0573181 0.7663749 0.176307
0.04902448 0.7902988 0.1606768
0.05761019 0.7806074 0.1617825
0.04370203 0.8114858 0.1448122
0.04887565 0.7713401 0.1797843
0.06669024 0.7560396 0.1772702
0.05536847 0.8004986 0.1441329
0.04827974 0.7855148 0.1662055
0.04830684 0.7643349 0.1873582
0.04604792 0.7752165 0.1787356
0.04550097 0.7931192 0.1613799
0.06184078 0.7824917 0.1556675
0.04106798 0.8013845 0.1575476
0.044985 0.7872808 0.1677342
0.05401327 0.7679928 0.1779939
0.04853015 0.7832949 0.1681749
0.05884288 0.775004 0.1661531
0.05585704 0.7580738 0.1860692
0.05688183 0.7882455 0.1548727
0.04563623 0.7974973 0.1568664
0.05047775 0.7721313 0.1773909
0.04799343 0.7755479 0.1764586
0.04648119 0.8076911 0.1458277
0.04460445 0.7688648 0.1865307
0.04711593 0.7812707 0.1716134
0.05077781 0.792759 0.1564632
0.06963341 0.7718446 0.158522
0.04502538 0.7876023 0.1673724
0.05586655 0.7831116 0.1610219
0.0526778 0.7489272 0.198395
0.05666601 0.7978801 0.1454539
0.05521777 0.7493505 0.1954317
0.05622572 0.7930739 0.1507003
0.05019338 0.7705777 0.1792289
0.05659468 0.7625499 0.1808554
0.05353107 0.7970037 0.1494652
0.0585683 0.7890197 0.152412
0.05490835 0.7853839 0.1597077
0.06122806 0.7825988 0.1561732
0.06043968 0.773076 0.1664843
0.04784038 0.7780304 0.1741292
0.04587994 0.7708096 0.1833105
0.05611324 0.7807988 0.1630879
0.06044184 0.7558622 0.183696
0.05702869 0.7855038 0.1574675
0.0581009 0.7883216 0.1535775
0.05588639 0.7807805 0.1633331
0.05529336 0.774402 0.1703047
0.05356941 0.7883528 0.1580778
0.05965569 0.7578385 0.1825058
0.0543578 0.7965313 0.1491109
0.05779508 0.7619526 0.1802523
0.05056665 0.7885241 0.1609092
0.04681583 0.7914955 0.1616887
0.04885679 0.785555 0.1655882
0.04462322 0.7810852 0.1742916
0.05313072 0.8000382 0.146831
0.04156241 0.788025 0.1704125
0.052591 0.788189 0.15922
0.06286876 0.7643111 0.1728201
0.04392192 0.7945602 0.1615179
0.05146144 0.7919261 0.1566125
0.0485118 0.7964923 0.1549959
0.07086133 0.7530842 0.1760544
0.05092385 0.7782503 0.1708258
0.04632368 0.8045533 0.149123
0.0560047 0.7597617 0.1842336
0.03883242 0.7861197 0.1750479
0.05605617 0.7677836 0.1761603
0.05738195 0.7795846 0.1630335
0.0604449 0.7733213 0.1662338
0.04631141 0.7862239 0.1674647
0.05086571 0.7849607 0.1641736
0.07157342 0.7616723 0.1667543
0.06483699 0.7692865 0.1658765
0.04784149 0.7979858 0.1541727
0.04598605 0.7842774 0.1697366
0.04554262 0.7791887 0.1752687
0.06403097 0.7580476 0.1779214
0.05924922 0.7823389 0.1584119
0.04287111 0.7843719 0.172757
