p_1 p_2 p_3 
0.790884 0.05132761 0.1577884 
0.8221564 0.02920103 0.1486425 
0.8073882 0.05146956 0.1411423 
0.7970082 0.07133086 0.131661 
0.7618097 0.1293597 0.1088306 
0.8451514 0.04542924 0.1094194 
0.8175357 0.1037985 0.07866588 
0.798503 0.07518938 0.1263077 
0.7825172 0.03389634 0.1835864 
0.8019996 0.05602193 0.1419785 
0.7478122 0.0676059 0.1845819 
0.8866974 0.03157276 0.08172988 
0.7695822 0.04031629 0.1901015 
0.8569661 0.06786841 0.07516552 
0.8494414 0.03005151 0.1205071 
0.877712 0.03425737 0.08803063 
0.8155074 0.05451891 0.1299737 
0.7270504 0.06444663 0.208503 
0.8089509 0.0463582 0.1446909 
0.850953 0.06376254 0.0852845 
0.8215775 0.03923547 0.139187 
0.8052526 0.07290388 0.1218435 
0.8018362 0.0828073 0.1153565 
0.8058593 0.1148462 0.07929452 
0.7794433 0.1036003 0.1169564 
0.7683968 0.05176126 0.179842 
0.7914422 0.05240786 0.1561499 
0.8070053 0.08770762 0.1052871 
0.8460749 0.03364423 0.1202809 
0.8274719 0.0237595 0.1487686 
0.8352173 0.07136013 0.0934226 
0.8161389 0.04996441 0.1338967 
0.8138324 0.04356971 0.1425978 
0.7695882 0.06830994 0.1621019 
0.8064059 0.03494549 0.1586486 
0.7806904 0.06330031 0.1560093 
0.8657074 0.07853402 0.0557586 
0.7712362 0.1273697 0.1013941 
0.7959614 0.005881751 0.1981568 
0.8716708 0.01408847 0.1142407 
0.7776576 0.1010664 0.121276 
0.825713 0.0342393 0.1400477 
0.8320844 0.04780929 0.1201063 
0.8043246 0.01665131 0.179024 
0.8276571 0.04663289 0.1257101 
0.8483389 0.07743989 0.07422125 
0.8545226 0.02790281 0.1175746 
0.7947606 0.08568407 0.1195553 
0.8326012 0.02885092 0.1385479 
0.8500515 0.04661396 0.1033346 
0.8416963 0.04960607 0.1086976 
0.7698589 0.07586052 0.1542806 
0.7453669 0.09720386 0.1574292 
0.7502775 0.1257317 0.1239908 
0.8100379 0.06924674 0.1207153 
0.7879515 0.04954976 0.1624988 
0.7210554 0.09609234 0.1828522 
0.8149542 0.04997735 0.1350684 
0.8449219 0.04107986 0.1139982 
0.7936452 0.08297287 0.1233819 
0.8527107 0.0444478 0.1028415 
0.8505061 0.02950886 0.1199851 
0.7795714 0.05918918 0.1612394 
0.8320986 0.03928898 0.1286124 
0.7188631 0.1381277 0.1430092 
0.7696994 0.08244392 0.1478567 
0.80601 0.08088402 0.113106 
0.8854955 0.02690534 0.0875992 
0.7817251 0.05088601 0.1673889 
0.8238731 0.04783762 0.1282893 
0.8341841 0.05577681 0.1100391 
0.7469205 0.04044217 0.2126374 
0.7826614 0.06835058 0.1489881 
0.7650799 0.0747691 0.160151 
0.8072851 0.06254873 0.1301662 
0.863305 0.03971352 0.09698153 
0.8333587 0.08607325 0.08056805 
0.8211153 0.0499833 0.1289014 
0.7964924 0.1730434 0.03046421 
0.6563084 0.09257092 0.2511206 
0.8152126 0.04735124 0.1374361 
0.7974063 0.06314489 0.1394488 
0.7426835 0.05345355 0.203863 
0.8260477 0.05188041 0.1220719 
0.8203731 0.05677866 0.1228482 
0.783546 0.0226097 0.1938443 
0.8971004 0.03216467 0.07073489 
0.8373627 0.04309715 0.1195401 
0.8221677 0.04551393 0.1323184 
0.88598 0.02612843 0.08789152 
0.8226407 0.04492487 0.1324344 
0.8437714 0.03546467 0.1207639 
0.84066 0.07540275 0.08393721 
0.8141322 0.03590082 0.1499669 
0.803582 0.07435207 0.122066 
0.7982695 0.04450432 0.1572261 
0.8029995 0.06769542 0.129305 
0.8181317 0.03216807 0.1497002 
0.8437811 0.06959683 0.08662208 
0.8352965 0.05168454 0.1130189 
0.845129 0.05326337 0.1016077 
0.7779347 0.07100805 0.1510573 
0.8032489 0.05560339 0.1411477 
0.8371001 0.03391768 0.1289822 
0.7861926 0.04325691 0.1705504 
0.837879 0.07814269 0.08397836 
0.7994818 0.07996122 0.120557 
0.7750547 0.04830957 0.1766357 
0.8306885 0.07768594 0.09162556 
0.8035354 0.04017702 0.1562876 
0.8490829 0.04191964 0.1089974 
0.8826821 0.0371608 0.08015709 
0.7625354 0.06029003 0.1771746 
0.75499 0.07589349 0.1691165 
0.8366992 0.03825083 0.12505 
0.7989896 0.05476567 0.1462448 
0.8461177 0.04548029 0.108402 
0.8354681 0.02653399 0.1379979 
0.8018585 0.054469 0.1436725 
0.7896127 0.03967465 0.1707127 
0.8116995 0.101383 0.08691751 
0.7899129 0.0638502 0.1462369 
0.7080526 0.05626721 0.2356802 
0.7962614 0.06795088 0.1357877 
0.8113905 0.09062039 0.0979891 
0.8043264 0.07249826 0.1231753 
0.8735803 0.03686271 0.08955696 
0.7715195 0.03069794 0.1977826 
0.7943765 0.08404732 0.1215762 
0.7732868 0.06780351 0.1589097 
0.8015088 0.05090657 0.1475846 
0.8574749 0.0461482 0.09637685 
0.8105714 0.05811079 0.1313178 
0.858844 0.05635696 0.08479908 
0.8189835 0.03296001 0.1480565 
0.8280643 0.04232232 0.1296134 
0.795548 0.07265496 0.1317971 
0.7245387 0.0590895 0.2163718 
0.8488668 0.05403943 0.09709372 
0.83877 0.06192274 0.09930728 
0.8812581 0.02813224 0.09060964 
0.7756108 0.03063608 0.1937531 
0.8295567 0.04977302 0.1206703 
0.7963131 0.03041344 0.1732735 
0.7504525 0.07355486 0.1759926 
0.8156939 0.0595418 0.1247643 
0.7618334 0.04004423 0.1981223 
0.7831479 0.1046454 0.1122067 
0.8116647 0.0500424 0.1382929 
0.715864 0.05787008 0.226266 
0.7446667 0.0991323 0.156201 
0.8315589 0.05508891 0.1133522 
0.8424941 0.04751726 0.1099886 
0.8138509 0.07150825 0.1146408 
0.8251934 0.04121752 0.1335891 
0.827583 0.02060391 0.1518131 
0.8036846 0.03004103 0.1662744 
0.8209327 0.04224009 0.1368272 
0.7321273 0.0696209 0.1982518 
0.7573212 0.05852372 0.1841551 
0.809566 0.1155167 0.07491728 
0.8129644 0.03988813 0.1471475 
0.8385484 0.05143574 0.1100159 
0.8099059 0.0340405 0.1560536 
0.8131469 0.06426766 0.1225855 
0.7461377 0.07878565 0.1750766 
0.8898213 0.01343553 0.09674315 
0.7743947 0.08526 0.1403453 
0.7256455 0.0635569 0.2107976 
0.752301 0.04086894 0.2068301 
0.7794642 0.08147813 0.1390577 
0.8239072 0.0436312 0.1324616 
0.8256385 0.03022338 0.1441381 
0.8384978 0.06764804 0.09385418 
0.8510792 0.04937252 0.09954828 
0.7851674 0.07652879 0.1383039 
0.753763 0.08649652 0.1597405 
0.7495326 0.07795304 0.1725144 
0.8004999 0.08624995 0.1132502 
0.7588862 0.04400092 0.1971129 
0.748315 0.1470542 0.1046308 
0.821034 0.1185311 0.06043495 
0.8134814 0.1029156 0.08360303 
0.8178988 0.10305 0.07905111 
0.7760127 0.1784267 0.04556052 
0.8399182 0.1159823 0.04409949 
0.7952336 0.1783558 0.0264106 
0.7409062 0.2073869 0.05170689 
0.8368596 0.1415937 0.02154669 
0.7819837 0.1720631 0.04595311 
0.8410855 0.1207337 0.03818074 
0.8578219 0.1122201 0.02995805 
0.8469295 0.1096554 0.04341513 
0.8443224 0.1015807 0.05409688 
0.8546917 0.0818804 0.06342793 
0.8259195 0.09624519 0.07783533 
0.8220935 0.08476447 0.09314204 
0.7049963 0.138231 0.1567727 
0.8311027 0.09199729 0.07689998 
0.7702555 0.119046 0.1106985 
0.7966916 0.1245838 0.07872454 
0.7797136 0.157854 0.06243237 
0.8300226 0.1282697 0.04170765 
0.7857967 0.1412282 0.07297509 
0.878597 0.08342644 0.03797661 
0.871948 0.09315868 0.03489337 
0.7930496 0.1177853 0.08916512 
0.7747227 0.1661361 0.05914114 
0.8019106 0.1218085 0.07628094 
0.7861455 0.1443849 0.06946962 
0.7700349 0.1689805 0.06098459 
0.8203059 0.1143165 0.0653776 
0.7743753 0.1805203 0.0451044 
0.8146172 0.1356976 0.04968516 
0.8502813 0.1199292 0.02978953 
0.8986105 0.07224144 0.02914804 
0.7350274 0.1873943 0.07757835 
0.7758769 0.1671559 0.05696721 
0.8130452 0.1331957 0.05375911 
0.8164501 0.1305775 0.05297235 
0.8272199 0.1318198 0.04096036 
0.7714608 0.180483 0.04805623 
0.7339426 0.2061878 0.05986969 
0.7626203 0.163205 0.0741747 
0.7803055 0.1211238 0.0985707 
0.8602187 0.1018257 0.03795561 
0.7249355 0.2056275 0.06943704 
0.8554736 0.1178573 0.02666905 
0.836399 0.09629453 0.06730648 
0.8200191 0.1205737 0.05940719 
0.7711633 0.1782368 0.05059989 
0.7677583 0.1424046 0.08983706 
0.7680336 0.1887876 0.04317878 
0.7952483 0.1447988 0.05995287 
0.8180162 0.1337373 0.04824643 
0.8015496 0.08083288 0.1176175 
0.850256 0.1083925 0.04135158 
0.7810315 0.1354687 0.0834998 
0.7409107 0.2054654 0.05362381 
0.7784161 0.1413307 0.08025316 
0.7853574 0.1272554 0.08738721 
0.8625672 0.06774209 0.06969068 
0.8534373 0.1128198 0.03374283 
0.781823 0.1382806 0.07989633 
0.8566844 0.1152696 0.02804596 
0.8116832 0.09493289 0.09338388 
0.7781467 0.1740975 0.04775581 
0.8083316 0.1479508 0.04371769 
0.7512087 0.2110828 0.03770851 
0.78197 0.148914 0.069116 
0.8333335 0.1346855 0.03198097 
0.8617384 0.08405179 0.0542098 
0.8584447 0.1079253 0.03362998 
0.8488736 0.1148671 0.03625925 
0.8210528 0.1172083 0.0617389 
0.8329037 0.1149953 0.05210097 
0.7921986 0.151452 0.0563494 
0.7839998 0.1520166 0.06398353 
0.8308683 0.1088554 0.06027631 
0.8017818 0.1620724 0.03614576 
0.7743976 0.1858055 0.03979692 
0.8395778 0.136334 0.02408815 
0.7292198 0.1595096 0.1112706 
0.8274741 0.10864 0.0638859 
0.7994192 0.1205325 0.08004831 
0.8377987 0.1186476 0.04355367 
0.7093392 0.2302622 0.06039863 
0.766479 0.1482941 0.08522692 
0.7587362 0.154112 0.08715186 
0.7651352 0.1806816 0.05418317 
0.8179281 0.1281717 0.05390018 
0.838782 0.1170115 0.04420651 
0.8563499 0.1016747 0.04197543 
0.8546538 0.06378671 0.08155946 
0.7217443 0.2147035 0.06355227 
0.8132206 0.1392567 0.04752276 
0.7796936 0.1359275 0.08437883 
0.790659 0.1630093 0.04633173 
0.8305212 0.1191967 0.05028211 
0.7934214 0.1131932 0.09338547 
0.7692196 0.1662119 0.06456851 
0.761058 0.1893448 0.04959718 
0.8221063 0.1165517 0.06134205 
0.7823822 0.1379296 0.07968819 
0.7746526 0.1446012 0.08074623 
0.7647938 0.1793064 0.05589975 
0.7835199 0.1331008 0.08337926 
0.8136507 0.1546045 0.03174481 
0.8307976 0.166822 0.002380333 
0.8409166 0.07626751 0.08281588 
0.8111707 0.08798361 0.1008457 
0.7903669 0.1087334 0.1008997 
0.8759544 0.05691668 0.06712891 
0.7982954 0.0524701 0.1492345 
0.865437 0.05402855 0.08053446 
0.8005645 0.05721669 0.1422188 
0.8466145 0.05946993 0.09391559 
0.7496262 0.03990153 0.2104723 
0.7680299 0.04839038 0.1835797 
0.8047478 0.09991701 0.09533522 
0.7523247 0.09049186 0.1571835 
0.7749327 0.08714841 0.1379189 
0.7920516 0.04488533 0.1630631 
0.746683 0.06924588 0.1840711 
0.8091052 0.06710774 0.1237871 
0.8334842 0.06563521 0.1008806 
0.7888254 0.09036561 0.120809 
0.7842723 0.07070325 0.1450245 
0.7972939 0.05958298 0.1431231 
0.8020578 0.05064672 0.1472955 
0.7925095 0.08283753 0.124653 
0.8292729 0.04243392 0.1282932 
0.7602252 0.07697111 0.1628037 
0.7736157 0.03250105 0.1938833 
0.7516492 0.04846167 0.1998892 
0.8438361 0.06105989 0.09510404 
0.8078228 0.06538731 0.1267899 
0.8318858 0.0293071 0.1388071 
0.8675939 0.03685334 0.09555275 
0.7799924 0.04754589 0.1724617 
0.800605 0.08436788 0.1150271 
0.8342009 0.05122098 0.1145781 
0.7698101 0.08771077 0.1424792 
0.8344268 0.0447239 0.1208493 
0.7133722 0.1039094 0.1827184 
0.8187661 0.06356446 0.1176694 
0.7781979 0.09531676 0.1264853 
0.7849571 0.101469 0.1135739 
0.733436 0.1103043 0.1562597 
0.8444501 0.03974235 0.1158076 
0.862157 0.037075 0.100768 
0.8411864 0.03366413 0.1251495 
0.7695032 0.04208724 0.1884096 
0.7898872 0.08211607 0.1279968 
0.8578501 0.05294739 0.0892025 
0.776368 0.0472291 0.1764029 
0.8746377 0.02115428 0.104208 
0.8512968 0.02529459 0.1234086 
0.7778905 0.1297967 0.09231275 
0.7832321 0.05917666 0.1575912 
0.8251297 0.04655029 0.12832 
0.8191495 0.07250046 0.10835 
0.7900943 0.0651986 0.1447071 
0.843765 0.04021684 0.1160182 
0.8692672 0.04308205 0.08765072 
0.8168725 0.03265314 0.1504744 
0.7687835 0.04757184 0.1836447 
0.7631121 0.05929354 0.1775944 
0.8181645 0.1028954 0.0789401 
0.783309 0.03921273 0.1774783 
0.8300937 0.06642838 0.103478 
0.8673732 0.04165544 0.09097137 
0.7964346 0.04177556 0.1617898 
0.8068597 0.04863845 0.1445019 
0.8118346 0.0411529 0.1470125 
0.8294074 0.02221653 0.1483761 
0.8033252 0.07672882 0.119946 
0.8097499 0.05662023 0.1336298 
0.8682654 0.02404574 0.1076889 
0.8306787 0.08913562 0.08018567 
0.8438496 0.04446087 0.1116896 
0.8677568 0.03919206 0.09305118 
0.7739494 0.05243901 0.1736116 
0.8187859 0.04206904 0.139145 
0.8090699 0.04887954 0.1420506 
0.8409842 0.04312162 0.1158942 
0.8352507 0.04213331 0.122616 
0.827091 0.05401703 0.1188919 
0.7724948 0.03831937 0.1891858 
0.7874461 0.0682893 0.1442646 
0.8007839 0.07551569 0.1237005 
0.8029286 0.05827501 0.1387964 
0.8103302 0.01872738 0.1709424 
0.8308614 0.07210808 0.09703055 
0.8034726 0.04040465 0.1561227 
0.8083542 0.06772577 0.1239201 
0.82935 0.06131699 0.109333 
0.8086108 0.07372623 0.117663 
0.8260237 0.0367841 0.1371922 
0.7252816 0.09861879 0.1760996 
0.8053304 0.02054097 0.1741287 
0.802402 0.03406695 0.163531 
0.7701458 0.08028014 0.1495741 
0.8242765 0.07267268 0.1030509 
0.7360102 0.1249769 0.1390129 
0.7878934 0.05670202 0.1554046 
0.7842504 0.09153931 0.1242103 
0.8916723 0.04003435 0.06829337 
0.7755417 0.07374263 0.1507156 
0.8413261 0.03604167 0.1226322 
0.7823752 0.04953454 0.1680903 
0.8024234 0.02504973 0.1725268 
0.8618328 0.0643278 0.0738394 
0.7780967 0.07542843 0.1464749 
0.780085 0.06579077 0.1541243 
0.8027837 0.04716752 0.1500488 
0.8556533 0.07170384 0.07264286 
0.8129002 0.03987875 0.147221 
0.7547352 0.08299867 0.1622661 
0.7703669 0.0592295 0.1704036 
0.8471044 0.08157136 0.07132424 
0.8088584 0.04573815 0.1454035 
0.829373 0.04018464 0.1304424 
0.7662988 0.07331576 0.1603855 
0.8158024 0.04368774 0.1405099 
0.8001306 0.048783 0.1510864 
0.8198242 0.05927424 0.1209015 
0.8146486 0.05084301 0.1345084 
0.8102031 0.06527207 0.1245248 
0.7157208 0.1434104 0.1408688 
0.8057447 0.1192305 0.07502477 
0.8093617 0.1182885 0.07234988 
0.7990132 0.05673939 0.1442474 
0.7976983 0.03505877 0.1672429 
0.8302352 0.02223476 0.1475301 
0.8418481 0.04937768 0.1087742 
0.8411196 0.03454068 0.1243398 
0.781452 0.05530813 0.1632398 
0.7464063 0.04115551 0.2124382 
0.8366308 0.04062483 0.1227444 
0.8831148 0.05025871 0.06662652 
0.8631112 0.04883496 0.0880538 
0.7971245 0.07136102 0.1315145 
0.7927326 0.06068741 0.14658 
0.8150471 0.05261656 0.1323363 
0.8231398 0.02974476 0.1471154 
0.8171804 0.04569124 0.1371283 
0.8222633 0.08635552 0.09138122 
0.8294767 0.03203898 0.1384843 
0.8117362 0.09535257 0.09291123 
0.8602179 0.02975015 0.110032 
0.7753782 0.05317746 0.1714443 
0.8223614 0.04434286 0.1332957 
0.7852476 0.08343225 0.1313201 
0.7931802 0.04434842 0.1624713 
0.7793141 0.08755381 0.133132 
0.7800197 0.08006421 0.1399161 
0.7764679 0.09761914 0.125913 
0.8688623 0.04105353 0.09008415 
0.7397021 0.06979769 0.1905002 
0.8651201 0.04672625 0.08815363 
0.790236 0.06674631 0.1430177 
0.7788792 0.08441698 0.1367039 
0.7921746 0.06007256 0.1477528 
0.802638 0.06692623 0.1304358 
0.767785 0.04099632 0.1912187 
0.7417415 0.03973444 0.2185241 
0.8565227 0.03375 0.1097273 
0.8191297 0.04727721 0.1335931 
0.6454191 0.06045364 0.2941273 
0.795278 0.07847108 0.1262509 
0.824024 0.02811787 0.1478581 
0.8450959 0.05399014 0.100914 
0.858615 0.03462123 0.1067637 
0.8640019 0.03664276 0.09935533 
0.8109033 0.05550467 0.133592 
0.8455018 0.05005282 0.1044453 
0.8387168 0.07180495 0.0894783 
0.8059212 0.06078029 0.1332985 
0.7894381 0.1088521 0.1017098 
0.8077992 0.05180829 0.1403925 
0.8119771 0.02499081 0.1630321 
0.8688774 0.06258402 0.06853861 
0.8203913 0.077329 0.1022797 
0.8355557 0.05185147 0.1125929 
0.7255263 0.1121563 0.1623174 
0.8188524 0.0421665 0.1389811 
0.8678472 0.03922582 0.09292694 
0.8029948 0.0445857 0.1524194 
0.8107269 0.05168182 0.1375913 
0.7821174 0.06585956 0.152023 
0.8840864 0.01987717 0.09603647 
0.7465652 0.08162112 0.1718136 
0.8284223 0.03744163 0.1341361 
0.7811492 0.03034826 0.1885025 
0.8469214 0.02110865 0.1319699 
0.8520784 0.03764372 0.1102778 
0.7818755 0.08767524 0.1304493 
0.7848823 0.05937837 0.1557393 
0.7385954 0.06051962 0.200885 
0.8856345 0.03969231 0.07467319 
0.8164573 0.04875669 0.134786 
0.7775714 0.04263928 0.1797893 
0.8392393 0.08333581 0.0774249 
0.8232161 0.02985518 0.1469287 
0.7749373 0.07538156 0.1496811 
0.8154671 0.03368254 0.1508504 
0.8221915 0.05987543 0.1179331 
0.8796967 0.0274963 0.09280698 
0.8135241 0.06795459 0.1185213 
0.8063521 0.0399022 0.1537457 
0.7529056 0.05754714 0.1895473 
0.7901539 0.09761364 0.1122324 
0.6959236 0.06200734 0.2420691 
0.710674 0.09060324 0.1987227 
0.8347322 0.07477727 0.09049049 
0.7486767 0.04003703 0.2112863 
0.7333613 0.09638437 0.1702543 
0.7418497 0.07950369 0.1786466 
0.8489209 0.03633425 0.1147449 
0.8113597 0.06168324 0.1269571 
0.7964803 0.09521853 0.1083012 
0.7715138 0.07197929 0.1565069 
0.8191694 0.05984719 0.1209834 
0.8026642 0.03297675 0.164359 
0.8391021 0.03188679 0.1290111 
0.8315398 0.06428821 0.1041719 
0.8165318 0.01652058 0.1669476 
0.8109779 0.03157926 0.1574428 
0.8440583 0.06462128 0.09132039 
0.8006703 0.04468269 0.154647 
0.8437034 0.06522856 0.09106806 
0.8150502 0.05486549 0.1300843 
0.8046369 0.04426831 0.1510948 
0.8434022 0.03288583 0.1237119 
0.8334914 0.09276091 0.07374765 
0.8922787 0.04891453 0.05880673 
0.804586 0.05093326 0.1444807 
0.7837253 0.04688457 0.1693901 
0.7657902 0.1123722 0.1218376 
0.8039479 0.06102777 0.1350243 
0.8544447 0.04205221 0.1035031 
0.7694529 0.05888582 0.1716613 
0.81848 0.05007235 0.1314477 
0.8585114 0.01342139 0.1280672 
0.8367304 0.01850721 0.1447624 
0.7433474 0.08531659 0.171336 
0.8343394 0.06339736 0.1022632 
0.8648717 0.04632832 0.08880002 
0.8464112 0.05609021 0.09749857 
0.8469514 0.04676839 0.1062803 
0.8210345 0.04210723 0.1368582 
0.8355035 0.04626063 0.1182359 
0.831828 0.04190379 0.1262682 
0.7423814 0.08959347 0.1680252 
0.7888914 0.05043826 0.1606704 
0.8196055 0.05237879 0.1280157 
0.7875573 0.03614371 0.176299 
0.7648699 0.0797927 0.1553374 
0.7901493 0.04866964 0.1611811 
0.8373662 0.05363344 0.1090004 
0.8109142 0.0757376 0.1133482 
0.748258 0.06147339 0.1902686 
0.8614512 0.06417907 0.07436969 
0.7848558 0.04526249 0.1698817 
0.7965165 0.03760487 0.1658787 
0.8247665 0.08620942 0.08902409 
0.7623434 0.09059395 0.1470627 
0.7266578 0.07377708 0.1995651 
0.7746438 0.1073357 0.1180206 
0.8232266 0.08025517 0.09651821 
0.8180576 0.04973562 0.1322067 
0.7533814 0.04949762 0.197121 
0.8309571 0.06766932 0.1013736 
0.7925042 0.07329956 0.1341962 
0.8125969 0.07116889 0.1162343 
0.8399362 0.03098151 0.1290822 
0.8364324 0.07886743 0.0847002 
0.7458924 0.04130724 0.2128003 
0.7341702 0.1104988 0.155331 
0.876495 0.0954784 0.02802663 
0.8744937 0.04238873 0.08311754 
0.8929325 0.03459269 0.07247478 
0.803111 0.05601395 0.140875 
0.8254391 0.03524636 0.1393146 
0.7818551 0.0500009 0.168144 
0.821039 0.06450878 0.1144522 
0.872594 0.06122639 0.06617957 
0.8274971 0.06286857 0.1096343 
0.7371266 0.1099934 0.15288 
0.8116943 0.083902 0.1044037 
0.8061915 0.1016479 0.09216059 
0.8219654 0.04969264 0.128342 
0.8321222 0.05214981 0.115728 
0.8255719 0.06339896 0.1110292 
0.7948891 0.09521619 0.1098947 
0.8262174 0.04356764 0.130215 
0.7998535 0.08081325 0.1193332 
0.8324264 0.06171985 0.1058538 
0.8023585 0.02154673 0.1760948 
0.7850463 0.1276754 0.08727824 
0.8436774 0.07648754 0.07983509 
0.8320922 0.06610557 0.1018022 
0.8596092 0.03090384 0.109487 
0.8705994 0.06817473 0.0612259 
0.7896568 0.03964233 0.1707008 
0.8388229 0.05048296 0.1106942 
0.7936524 0.08694789 0.1193997 
0.8219817 0.06509848 0.1129199 
0.8010892 0.05308905 0.1458218 
0.7424801 0.0460458 0.2114741 
0.7695712 0.07557685 0.1548519 
0.821853 0.05090405 0.1272429 
0.8403262 0.04142836 0.1182454 
0.825569 0.0570869 0.1173441 
0.7246801 0.08213728 0.1931827 
0.7868705 0.07691043 0.1362191 
0.810569 0.09057755 0.09885347 
0.7138335 0.05169259 0.2344739 
0.8544296 0.07582712 0.06974326 
0.8065477 0.04014548 0.1533068 
0.8341602 0.0385176 0.1273222 
0.7969704 0.02210663 0.1809229 
0.7941735 0.0546065 0.15122 
0.8338168 0.04385529 0.1223279 
0.822051 0.05134372 0.1266053 
0.8051511 0.08613281 0.108716 
0.8323475 0.0554214 0.1122311 
0.8313816 0.06577665 0.1028417 
0.8242001 0.02392421 0.1518757 
0.8718501 0.04823376 0.07991616 
0.7924602 0.09778659 0.1097532 
0.7672178 0.05342678 0.1793554 
0.7821476 0.05422036 0.163632 
0.7814711 0.07678432 0.1417446 
0.7373427 0.06295622 0.1997011 
0.7777348 0.03508556 0.1871797 
0.703282 0.06081168 0.2359063 
0.7938096 0.05742466 0.1487657 
0.8118447 0.0910734 0.09708192 
0.7883002 0.07975626 0.1319435 
0.7963721 0.04251197 0.161116 
0.7912251 0.0654128 0.1433621 
0.7623561 0.126252 0.1113919 
0.7740502 0.06750599 0.1584438 
0.852668 0.02528761 0.1220444 
0.8769815 0.0415804 0.08143807 
0.8523877 0.0631432 0.08446905 
0.7835702 0.06534339 0.1510864 
0.8186612 0.0816504 0.09968844 
0.7981432 0.04402734 0.1578294 
0.8380469 0.05886104 0.1030921 
0.8286162 0.02233486 0.149049 
0.7550451 0.06908633 0.1758686 
0.8052483 0.06807639 0.1266753 
0.8291439 0.04879154 0.1220646 
0.7775745 0.1263711 0.09605432 
0.8345448 0.02735024 0.138105 
0.8243433 0.08334142 0.09231527 
0.7841864 0.06444759 0.151366 
0.8104075 0.08269071 0.1069018 
0.8544393 0.07060974 0.074951 
0.7757909 0.07567298 0.1485361 
0.8219268 0.05428287 0.1237903 
0.8316208 0.04782101 0.1205582 
0.7321949 0.09978085 0.1680243 
0.8297772 0.05061083 0.119612 
0.7630937 0.03449832 0.202408 
0.7833066 0.1003848 0.1163086 
0.7953849 0.0865247 0.1180904 
0.8348446 0.08344189 0.08171351 
0.8600602 0.03896285 0.1009769 
0.7488309 0.08364381 0.1675253 
0.7605213 0.07709339 0.1623853 
0.8345881 0.07293961 0.09247229 
0.8629285 0.04703045 0.090041 
0.8071 0.04709006 0.1458099 
0.766503 0.0424874 0.1910096 
0.8579977 0.04227697 0.09972528 
0.7647685 0.08338108 0.1518505 
0.8432076 0.04337096 0.1134214 
0.8010671 0.04206774 0.1568652 
0.7743457 0.013051 0.2126033 
0.8190878 0.01083566 0.1700766 
0.8160927 0.04149532 0.142412 
0.7506495 0.06104274 0.1883077 
0.7034496 0.01308416 0.2834662 
0.8067996 0.02450943 0.168691 
0.7971817 0.04467687 0.1581414 
0.7341918 0.06112783 0.2046804 
0.8414831 0.02037751 0.1381394 
0.7756894 0.001966841 0.2223437 
0.7975204 0.005836102 0.1966435 
0.807643 0.06645242 0.1259046 
0.8362042 0.05874578 0.10505 
0.7527718 0.1038407 0.1433876 
0.8288659 0.05223548 0.1188986 
0.7992192 0.04447055 0.1563102 
0.8027619 0.03961083 0.1576272 
0.8581071 0.05157547 0.09031741 
0.8059354 0.04030543 0.1537591 
0.7718177 0.05119251 0.1769898 
0.8411551 0.05649469 0.1023502 
0.7969159 0.05253435 0.1505497 
0.7938352 0.1113088 0.09485596 
0.8677286 0.02527251 0.1069989 
0.808634 0.0776838 0.1136822 
0.8213303 0.04712886 0.1315409 
0.8566484 0.04389447 0.09945713 
0.8514506 0.06420733 0.08434204 
0.7566941 0.05558722 0.1877187 
0.769549 0.1161624 0.1142886 
0.7874924 0.03828024 0.1742273 
0.8025152 0.05649743 0.1409874 
0.8129276 0.03267738 0.154395 
0.7784794 0.06209121 0.1594294 
0.8315296 0.0806909 0.08777954 
0.782531 0.06962273 0.1478463 
0.7975621 0.05805287 0.1443851 
0.7387963 0.05758501 0.2036187 
0.7426842 0.07428906 0.1830267 
0.7624766 0.07914203 0.1583813 
0.814516 0.04080869 0.1446753 
0.838133 0.05672122 0.1051457 
0.8208661 0.04605195 0.133082 
0.8058967 0.05280773 0.1412956 
0.8304669 0.02531317 0.1442199 
0.8603831 0.04544878 0.09416817 
0.8605409 0.03042925 0.1090299 
0.7867928 0.06618936 0.1470179 
0.7982576 0.06020905 0.1415334 
0.8437567 0.03447102 0.1217723 
0.8301848 0.06707424 0.1027409 
0.8359651 0.01871563 0.1453193 
0.7870272 0.04600337 0.1669694 
0.8169127 0.06861167 0.1144756 
0.7976384 0.03999081 0.1623708 
0.7776169 0.06944718 0.1529359 
0.7970323 0.08255017 0.1204175 
0.8052481 0.08200904 0.1127429 
0.7693412 0.06253742 0.1681214 
0.7814825 0.04672759 0.17179 
0.843847 0.05490471 0.1012482 
0.8074607 0.06719208 0.1253472 
0.8260619 0.07937259 0.09456548 
0.8655266 0.04908218 0.08539126 
0.8173551 0.09515768 0.08748721 
0.7833061 0.1293759 0.08731798 
0.8062576 0.06321227 0.1305301 
0.8008781 0.08261939 0.1165025 
0.7559259 0.06878567 0.1752885 
0.777638 0.09260093 0.1297611 
0.8061791 0.07294745 0.1208734 
0.8044922 0.0655745 0.1299333 
0.8022235 0.09380945 0.1039671 
0.8652947 0.04121682 0.09348846 
0.7599219 0.1160739 0.1240042 
0.834051 0.05066789 0.1152812 
0.7557333 0.1155002 0.1287666 
0.839386 0.03788349 0.1227305 
0.7747322 0.09893225 0.1263355 
0.7406781 0.1350095 0.1243124 
0.8074237 0.101797 0.09077929 
0.8227554 0.05068251 0.126562 
0.8254737 0.04653928 0.127987 
0.8219574 0.02742608 0.1506165 
0.8033371 0.08053258 0.1161303 
0.8159512 0.03492211 0.1491267 
0.7981686 0.07365455 0.1281769 
0.7609388 0.1122888 0.1267725 
0.7453199 0.112776 0.141904 
0.8289794 0.02784239 0.1431782 
0.7614701 0.06625035 0.1722796 
0.8194367 0.03659109 0.1439722 
0.8577893 0.02802153 0.1141891 
0.7896858 0.04138211 0.1689321 
0.8794082 0.02556535 0.0950264 
0.7843433 0.05933942 0.1563173 
0.8280697 0.02773144 0.1441989 
0.838441 0.05946783 0.1020912 
0.8138865 0.07008592 0.1160275 
0.8159228 0.03272535 0.1513519 
0.7111839 0.07045872 0.2183574 
0.8235114 0.05571035 0.1207782 
0.8048544 0.0690466 0.126099 
0.8328845 0.08843893 0.07867661 
0.7973362 0.03551196 0.1671519 
0.8521012 0.02841803 0.1194808 
0.7650476 0.05588772 0.1790647 
0.8607601 0.02327627 0.1159636 
0.8120768 0.07987037 0.1080528 
0.8327713 0.03640185 0.1308269 
0.7938236 0.04612641 0.16005 
0.7794293 0.04227534 0.1782954 
0.7169556 0.06579085 0.2172535 
0.8223274 0.07721228 0.1004603 
0.7434371 0.07184065 0.1847222 
0.835057 0.04793459 0.1170084 
0.7697542 0.1130567 0.1171891 
0.82582 0.05946424 0.1147157 
0.8592418 0.04589612 0.09486211 
0.7904679 0.05987538 0.1496567 
0.797529 0.03809246 0.1643785 
0.8274047 0.06905851 0.1035368 
0.7983065 0.06509384 0.1365996 
0.774582 0.05785979 0.1675582 
0.8133892 0.02800901 0.1586018 
0.8467194 0.0167337 0.1365469 
0.7965305 0.03700944 0.1664601 
0.8003003 0.05163975 0.1480599 
0.8753405 0.02179439 0.1028651 
0.8370716 0.02592131 0.1370071 
0.775537 0.1287494 0.09571358 
0.8329499 0.04866555 0.1183846 
0.8168498 0.0525639 0.1305863 
0.7939587 0.07281602 0.1332253 
0.8305701 0.04144754 0.1279824 
0.7976744 0.0895592 0.1127664 
0.8133088 0.06245332 0.1242379 
0.8634743 0.04702687 0.08949885 
0.8069644 0.06902874 0.1240068 
0.799537 0.06503617 0.1354268 
0.8348257 0.03255243 0.1326219 
0.8363371 0.04056199 0.1231009 
0.8142539 0.045295 0.1404511 
0.8297438 0.0356806 0.1345756 
0.7807704 0.1077419 0.1114878 
0.8004103 0.09220308 0.1073866 
0.7823607 0.04576329 0.171876 
0.8519514 0.03080145 0.1172471 
0.8645314 0.04690665 0.08856199 
0.836127 0.05753606 0.106337 
0.7765043 0.09023714 0.1332585 
0.7862027 0.05478612 0.1590112 
0.8810173 0.04766285 0.07131982 
0.8152294 0.04726444 0.1375061 
0.8036065 0.09370893 0.1026846 
0.841574 0.08521715 0.07320887 
0.8817447 0.03430641 0.08394886 
0.7508999 0.0461758 0.2029243 
0.7684978 0.1102495 0.1212527 
0.7698939 0.0383425 0.1917636 
0.8222985 0.04777147 0.12993 
0.7878354 0.07154619 0.1406184 
0.8263825 0.03922451 0.134393 
0.8455162 0.0497597 0.1047241 
0.8462979 0.04123903 0.112463 
0.8616967 0.0417444 0.09655891 
0.7846832 0.04573971 0.1695771 
0.7940193 0.06285397 0.1431267 
0.8481519 0.04527636 0.1065717 
0.7586025 0.06806198 0.1733355 
0.8165197 0.05931125 0.1241691 
0.832511 0.02511744 0.1423716 
0.7689319 0.08898761 0.1420805 
0.8231404 0.04877816 0.1280814 
0.7841173 0.1076033 0.1082794 
0.7962513 0.04089311 0.1628556 
0.8081666 0.05605051 0.1357829 
0.7684423 0.0562436 0.1753141 
0.7635354 0.08224089 0.1542237 
0.853738 0.03310035 0.1131617 
0.6748217 0.1569481 0.1682302 
0.8122256 0.05441392 0.1333605 
0.7947011 0.01673055 0.1885684 
0.8414688 0.05696004 0.1015712 
0.8167589 0.048895 0.1343461 
0.8195779 0.03290073 0.1475214 
0.7473031 0.09973727 0.1529596 
0.7811426 0.07158109 0.1472763 
0.8528388 0.03926447 0.1078968 
0.8459153 0.03686869 0.117216 
0.7831675 0.1059023 0.1109302 
0.8394863 0.0450804 0.1154333 
0.7605274 0.1084968 0.1309758 
0.8318959 0.03295931 0.1351448 
0.7695843 0.05499946 0.1754163 
0.7643369 0.05458204 0.1810811 
0.7991327 0.04586872 0.1549986 
0.8217105 0.03866947 0.13962 
0.8458649 0.03417306 0.1199621 
0.7762432 0.07148658 0.1522702 
0.7954497 0.03082138 0.173729 
0.7497012 0.05891141 0.1913874 
0.8307439 0.0710378 0.09821827 
0.8273483 0.06276076 0.1098909 
0.8056762 0.06497859 0.1293452 
0.8605991 0.02540113 0.1139998 
0.7663737 0.05350279 0.1801235 
0.8298551 0.01958644 0.1505585 
0.7697727 0.07947875 0.1507486 
0.7471832 0.04928315 0.2035337 
0.7772475 0.05777903 0.1649734 
0.7758362 0.06308636 0.1610774 
0.8290901 0.03760951 0.1333004 
0.8367818 0.112713 0.05050526 
0.8622317 0.0226136 0.1151547 
0.7886039 0.07931553 0.1320805 
0.8019356 0.07897267 0.1190917 
0.7041557 0.1069017 0.1889426 
0.8024005 0.07856392 0.1190356 
0.7929115 0.09559364 0.1114949 
0.8706369 0.0260145 0.1033486 
0.8109759 0.03050778 0.1585163 
0.7306646 0.05985409 0.2094813 
0.7934883 0.02183155 0.1846801 
0.8156162 0.05905492 0.1253289 
0.7776889 0.03701324 0.1852979 
0.8165702 0.03572352 0.1477063 
0.7857125 0.05436845 0.159919 
0.830112 0.04948507 0.1204029 
0.8250203 0.04061413 0.1343655 
0.7965443 0.04294034 0.1605154 
0.8053314 0.04863699 0.1460317 
0.7569012 0.04878723 0.1943115 
0.821566 0.03213281 0.1463012 
0.783012 0.08408825 0.1328998 
0.779921 0.07551272 0.1445663 
0.7568049 0.04443653 0.1987585 
0.8766382 0.05686721 0.06649462 
0.7844439 0.0609425 0.1546136 
0.8448691 0.02846625 0.1266646 
0.7681331 0.1194734 0.1123936 
0.7251502 0.05530272 0.2195471 
0.8016129 0.08431057 0.1140765 
0.7305088 0.04838391 0.2211073 
0.7890748 0.04111749 0.1698077 
0.7876609 0.05845643 0.1538827 
0.7821996 0.08568455 0.1321158 
0.8890608 0.04902143 0.06191782 
0.8489467 0.04776306 0.1032902 
0.8084223 0.07415006 0.1174276 
0.7662351 0.1175741 0.1161909 
0.7979016 0.03257557 0.1695228 
0.9035612 0.03056997 0.06586881 
0.8367469 0.06250031 0.1007528 
0.8310938 0.05305999 0.1158462 
0.826228 0.06122689 0.1125451 
0.8097583 0.06817709 0.1220647 
0.8170606 0.03072929 0.1522101 
0.7910817 0.04440093 0.1645174 
0.7891627 0.04414739 0.1666899 
0.8421811 0.04834938 0.1094695 
0.8429869 0.0235853 0.1334278 
0.8241737 0.04533738 0.1304889 
0.7823996 0.00312261 0.2144778 
0.7955216 0.007783881 0.1966945 
0.7386468 0.03168102 0.2296722 
0.8316152 0.0005544018 0.1678304 
0.795752 0.008402173 0.1958459 
0.8231961 0.0004936069 0.1763103 
0.7461436 0.0173137 0.2365427 
0.7953091 0.03337671 0.1713142 
0.8118224 0.03906312 0.1491145 
0.7758686 0.06218383 0.1619476 
0.8478322 0.05247667 0.09969109 
0.7336348 0.1247286 0.1416366 
0.8488497 0.02056058 0.1305898 
0.7657579 0.04135516 0.1928869 
0.7878767 0.06023968 0.1518836 
0.7766947 0.06955975 0.1537456 
0.8337601 0.02971551 0.1365244 
0.831564 0.04370234 0.1247337 
0.7977116 0.07163334 0.1306551 
0.7555677 0.06015406 0.1842782 
0.7895648 0.03533026 0.1751049 
0.8082041 0.03782487 0.153971 
0.8060503 0.0723011 0.1216486 
0.7825642 0.08510275 0.1323331 
0.8375011 0.05374813 0.1087508 
0.771974 0.1030644 0.1249616 
0.7937582 0.06804245 0.1381993 
0.8438992 0.04195321 0.1141476 
0.7768589 0.06975615 0.1533849 
0.7717919 0.1083433 0.1198648 
0.7866002 0.05537878 0.158021 
0.736054 0.09692997 0.167016 
0.753729 0.08779359 0.1584774 
0.7025144 0.1190055 0.1784801 
0.7789883 0.07263083 0.1483809 
0.7909686 0.06502815 0.1440032 
0.7647758 0.1112232 0.124001 
0.8310873 0.04730579 0.1216069 
0.7315109 0.1188383 0.1496508 
0.8010695 0.07434637 0.1245842 
0.8641941 0.04457915 0.09122672 
0.769402 0.09330486 0.1372931 
0.8514752 0.04894086 0.09958398 
0.7634473 0.1982344 0.03831821 
0.8821899 0.07585112 0.04195901 
0.8455538 0.1351888 0.01925743 
0.8543671 0.1103015 0.03533141 
0.7591938 0.2404211 0.0003851516 
0.8373729 0.1556165 0.007010563 
0.8343338 0.1577895 0.00787671 
0.8539026 0.1319147 0.01418267 
0.827882 0.1668589 0.005259067 
0.7635163 0.1223355 0.1141482 
0.7793542 0.1294595 0.09118628 
0.7762962 0.1061908 0.117513 
0.7922909 0.1166207 0.09108842 
0.7516223 0.1698032 0.07857458 
0.7322955 0.1948845 0.07282005 
0.8232988 0.1293956 0.04730565 
0.8128924 0.1361245 0.05098308 
0.8264987 0.1239284 0.04957293 
0.77603 0.1714213 0.05254868 
0.73666 0.1407945 0.1225455 
0.7639604 0.1439908 0.09204874 
0.811777 0.1646915 0.02353149 
0.8007349 0.131634 0.06763119 
0.8198278 0.1340059 0.04616632 
0.8664667 0.08097481 0.05255846 
0.8550635 0.09962583 0.04531069 
0.8535651 0.1135725 0.03286239 
0.7647371 0.2082051 0.02705787 
0.8442754 0.1093268 0.04639775 
0.7839697 0.1335632 0.08246711 
0.8047088 0.1393152 0.05597596 
0.8326652 0.1182794 0.0490554 
0.7964435 0.1530146 0.05054197 
0.7780148 0.1557113 0.06627382 
0.8286842 0.1319452 0.03937055 
0.8101128 0.1351452 0.05474207 
0.8949394 0.0834285 0.02163206 
0.7864219 0.1491841 0.06439407 
0.826507 0.1291556 0.04433739 
0.7321149 0.1847811 0.08310401 
0.8626987 0.1001893 0.037112 
0.7670525 0.161915 0.07103252 
0.8251342 0.1223729 0.05249288 
0.7809946 0.1380675 0.08093784 
0.7988921 0.160228 0.04087987 
0.8178997 0.1400791 0.04202123 
0.8168326 0.1453839 0.03778352 
0.795468 0.1404173 0.06411475 
0.7363235 0.1884589 0.07521763 
0.7637444 0.1679471 0.06830851 
0.6828832 0.2769584 0.04015839 
0.8452794 0.09440155 0.06031909 
0.8421856 0.1110026 0.04681182 
0.7769177 0.1443152 0.07876708 
0.8154372 0.1221011 0.06246171 
0.8057194 0.1337996 0.06048102 
0.7718968 0.1778866 0.05021657 
0.786601 0.1482601 0.06513892 
0.8069865 0.1158554 0.07715809 
0.8460424 0.1022691 0.05168855 
0.7477393 0.197009 0.05525166 
0.8332687 0.131252 0.03547933 
0.7659208 0.1668874 0.0671918 
0.8531579 0.0913063 0.05553579 
0.7686568 0.1798502 0.05149302 
0.8517842 0.07591038 0.07230543 
0.8285402 0.1303647 0.04109517 
0.7849436 0.1118602 0.1031962 
0.7938731 0.1409194 0.06520748 
0.7509592 0.1674504 0.08159047 
0.7765832 0.1651299 0.0582869 
0.796499 0.1276609 0.07584011 
0.8116811 0.1441454 0.04417351 
0.8010953 0.1378118 0.06109288 
0.7620257 0.1769811 0.06099313 
0.8641161 0.07308367 0.0628002 
0.7944171 0.1180798 0.08750307 
0.7729763 0.1734586 0.05356509 
0.7795288 0.1472024 0.07326881 
0.7893644 0.1478534 0.06278212 
0.8274828 0.1207576 0.05175964 
0.8405505 0.1210014 0.03844814 
0.8413578 0.09030463 0.06833756 
0.7569275 0.1544956 0.08857685 
0.8354964 0.1390135 0.02549014 
0.7802115 0.1657011 0.05408743 
0.7490346 0.1884326 0.06253279 
0.8595941 0.09822869 0.04217721 
0.8249313 0.1191594 0.05590931 
0.7774788 0.1557043 0.06681686 
0.7569882 0.2138796 0.02913219 
0.7783777 0.1769496 0.04467265 
0.7566336 0.1516786 0.09168786 
0.8820681 0.07150827 0.04642361 
0.8534493 0.1124291 0.03412156 
0.8272567 0.1340283 0.03871497 
0.8641107 0.09106873 0.04482058 
0.8794246 0.10727 0.01330543 
0.802291 0.1179284 0.07978062 
0.8315251 0.1390198 0.02945503 
0.7774736 0.140058 0.0824684 
0.7948264 0.1139793 0.09119433 
0.8043776 0.1394864 0.05613596 
0.831998 0.119799 0.04820294 
0.8309016 0.1388108 0.03028755 
0.7932776 0.1676528 0.03906952 
0.7888564 0.1913156 0.01982802 
0.7652616 0.1569599 0.07777856 
0.8109661 0.136235 0.05279884 
0.8119473 0.1346727 0.05338 
0.8328039 0.1111149 0.05608114 
0.6942745 0.163196 0.1425295 
0.7961491 0.130377 0.07347395 
0.7628127 0.1694317 0.06775556 
0.8246707 0.1269583 0.04837101 
0.8316832 0.1302403 0.03807642 
0.8460461 0.1194527 0.03450119 
0.8125686 0.1429383 0.04449316 
0.8201988 0.1476359 0.0321653 
0.78703 0.1293139 0.08365609 
0.8432672 0.1043682 0.05236464 
0.8596359 0.1141228 0.02624132 
0.8992765 0.07612841 0.0245951 
0.7985048 0.1576204 0.04387478 
0.8395902 0.1051371 0.05527272 
0.6935333 0.2379691 0.0684976 
0.8642066 0.1078621 0.02793136 
0.7808961 0.1684821 0.05062177 
0.7422935 0.1371215 0.120585 
0.8492825 0.1209286 0.02978888 
0.7590812 0.1802017 0.06071712 
0.7736743 0.1731909 0.05313485 
0.8424744 0.1066094 0.05091626 
0.8718118 0.08269217 0.04549607 
0.7945521 0.1478813 0.05756652 
0.772714 0.08625869 0.1410273 
0.7890364 0.1237722 0.0871914 
0.8364144 0.1084569 0.05512863 
0.7176166 0.1838009 0.09858248 
0.8733468 0.09451155 0.03214169 
0.8513183 0.09453765 0.05414403 
0.7754384 0.1421353 0.0824263 
0.7866988 0.1639837 0.04931746 
0.7220923 0.201327 0.07658073 
0.8298803 0.1176236 0.05249611 
0.8409596 0.139514 0.01952645 
0.791268 0.1174237 0.09130831 
0.754528 0.1425049 0.102967 
0.8112998 0.112132 0.0765682 
0.7673562 0.1906549 0.04198888 
0.8127969 0.09485935 0.09234372 
0.8040964 0.1509242 0.04497947 
0.882029 0.09335896 0.02461207 
0.8394282 0.09934368 0.06122814 
0.8334318 0.127215 0.03935319 
0.7169996 0.1691405 0.11386 
0.8141444 0.1258627 0.05999289 
0.8555719 0.09195432 0.05247374 
0.7414899 0.1878053 0.07070484 
0.8094885 0.1350137 0.05549782 
0.7949773 0.1181489 0.08687381 
0.8562412 0.1157926 0.02796628 
0.765884 0.1500118 0.0841042 
0.7177484 0.2232485 0.05900302 
0.7647319 0.1781286 0.05713956 
0.8187146 0.13723 0.04405537 
0.8339649 0.09144752 0.07458758 
0.8279733 0.1305672 0.04145946 
0.7904745 0.1635149 0.04601051 
0.7338802 0.1949683 0.07115145 
0.8119924 0.1244106 0.06359699 
0.8659916 0.09294316 0.04106519 
0.7801127 0.1825201 0.03736711 
0.8443791 0.1202305 0.03539046 
0.8579579 0.1124393 0.02960278 
0.7720839 0.2126549 0.01526123 
0.7579695 0.1797076 0.06232288 
0.830858 0.1166837 0.05245833 
0.7890947 0.1709059 0.03999943 
0.7604757 0.1519468 0.08757752 
0.7366726 0.2200008 0.0433266 
0.8835575 0.07083344 0.04560904 
0.8162002 0.1163217 0.06747815 
0.8314752 0.1156168 0.05290803 
0.7878352 0.1268703 0.08529452 
0.8466827 0.1350097 0.0183076 
0.8051135 0.1266904 0.06819605 
0.8119076 0.1068615 0.0812309 
0.8122453 0.1203864 0.0673683 
0.7915848 0.1107776 0.09763766 
0.7944928 0.176166 0.0293412 
0.7981902 0.137718 0.06409186 
0.7634439 0.1592552 0.07730098 
0.8453692 0.1383417 0.01628906 
0.8495926 0.1255272 0.02488018 
0.7328381 0.1634052 0.1037567 
0.8245327 0.1160964 0.0593709 
0.7944741 0.1405567 0.06496917 
0.7278776 0.1936435 0.07847892 
0.8167917 0.1420043 0.04120406 
0.8295678 0.1313985 0.03903371 
0.7741157 0.1787151 0.04716914 
0.8088547 0.09719859 0.09394668 
0.748952 0.2053231 0.04572492 
0.8251477 0.106639 0.06821329 
0.8144727 0.1351852 0.05034212 
0.8013205 0.1590823 0.03959728 
0.7988913 0.1399141 0.06119463 
0.7511032 0.2054185 0.04347838 
0.822156 0.1338089 0.04403506 
0.8203815 0.147794 0.0318245 
0.8734063 0.118784 0.007809709 
0.7915707 0.1968964 0.01153289 
0.8034349 0.1753394 0.02122578 
0.7822455 0.1891122 0.02864231 
0.8004908 0.1890658 0.01044335 
0.7745257 0.2160854 0.009388841 
0.8487319 0.1439734 0.007294673 
0.8224531 0.1558883 0.02165858 
0.808734 0.1578386 0.03342743 
0.7526595 0.234396 0.01294452 
0.8436986 0.1446783 0.01162308 
0.7865166 0.1930231 0.02046025 
0.8285551 0.1454295 0.0260154 
0.8015193 0.1668024 0.03167831 
0.8197276 0.1493202 0.03095228 
0.814286 0.1180132 0.06770083 
0.8032779 0.1361558 0.06056632 
0.7471992 0.2121828 0.04061798 
0.7961875 0.1289107 0.07490179 
0.8407183 0.1224867 0.03679497 
0.7754207 0.126765 0.09781426 
0.8090096 0.1330428 0.05794762 
0.8128188 0.1432726 0.04390861 
0.817132 0.147028 0.03584005 
0.8837275 0.08949797 0.0267745 
0.7476982 0.1591709 0.09313087 
0.7468126 0.189057 0.06413047 
0.8746691 0.06624692 0.059084 
0.8048053 0.1370986 0.05809607 
0.7246511 0.1659927 0.1093562 
0.7453756 0.1253758 0.1292486 
0.8459047 0.1172423 0.03685303 
0.7788932 0.1495049 0.07160184 
0.7735886 0.1784537 0.04795769 
0.8028178 0.1193349 0.07784733 
0.6368641 0.2348385 0.1282974 
0.722155 0.2161926 0.06165233 
0.748622 0.1666338 0.08474415 
0.8444137 0.1389816 0.0166046 
0.8159157 0.1532391 0.03084519 
0.7862551 0.1768118 0.03693311 
0.8553689 0.08453072 0.06010035 
0.8037504 0.154566 0.04168361 
0.8162219 0.08241329 0.1013648 
0.7674951 0.1563223 0.07618255 
0.7637347 0.166237 0.0700283 
0.8656638 0.1089144 0.02542186 
0.8237547 0.1130413 0.06320401 
0.7928832 0.1699544 0.03716239 
0.8694573 0.06435532 0.06618735 
0.8057693 0.1010847 0.09314607 
0.8230673 0.1469161 0.03001668 
0.8045518 0.1149192 0.080529 
0.7975103 0.1292807 0.07320901 
0.8064297 0.1179813 0.075589 
0.8452276 0.1159932 0.03877929 
0.8671162 0.08470538 0.0481784 
0.8103582 0.1422977 0.0473441 
0.7972824 0.08787077 0.1148468 
0.7874034 0.1121113 0.1004853 
0.8264156 0.1275307 0.04605373 
0.7632162 0.16669 0.07009382 
0.8246143 0.1163417 0.05904401 
0.7482444 0.1568642 0.09489149 
0.8467411 0.1283012 0.02495763 
0.7862859 0.1204794 0.09323475 
0.8371294 0.1148266 0.04804401 
0.8068097 0.1052306 0.08795967 
0.7852907 0.1444548 0.07025455 
0.7437435 0.1431681 0.1130884 
0.882584 0.07919265 0.03822331 
0.8228819 0.1186278 0.05849032 
0.8287108 0.1376822 0.03360702 
0.8041744 0.1339892 0.06183646 
0.764495 0.1450335 0.09047151 
0.8083281 0.1326423 0.05902961 
0.7935182 0.1716777 0.03480413 
0.7487792 0.2173177 0.03390309 
0.8265073 0.1013444 0.07214829 
0.8415685 0.113853 0.04457849 
0.8156263 0.1343735 0.05000013 
