"p_1" "p_2" "p_3"
0.3142858 0.3876498 0.2980644
0.2937587 0.3983068 0.3079346
0.2946909 0.3979583 0.3073508
0.3196784 0.3823718 0.2979498
0.3210389 0.3854162 0.293545
0.304983 0.3867968 0.3082201
0.3095966 0.4120257 0.2783777
0.3041794 0.3787152 0.3171054
0.3088029 0.3911598 0.3000373
0.3118004 0.3720321 0.3161675
0.2929697 0.4051258 0.3019045
0.3286054 0.4047847 0.2666098
0.3221845 0.3825715 0.2952441
0.3209574 0.3875704 0.2914722
0.3477396 0.3451236 0.3071368
0.3209954 0.3649752 0.3140294
0.2929577 0.4217479 0.2852944
0.3084224 0.3940286 0.297549
0.3016128 0.351779 0.3466082
0.2898876 0.3873217 0.3227908
0.3175335 0.3862928 0.2961737
0.2700012 0.4155711 0.3144276
0.342892 0.3714373 0.2856707
0.3060834 0.3875275 0.3063891
0.3217925 0.3874545 0.2907529
0.2679047 0.3998642 0.3322312
0.298894 0.4112941 0.2898119
0.3153273 0.3819536 0.3027191
0.2943964 0.3825105 0.323093
0.3221686 0.3549666 0.3228648
0.3128099 0.3939965 0.2931936
0.3300552 0.3774644 0.2924804
0.2882519 0.3944326 0.3173155
0.3120464 0.3734156 0.3145379
0.3303111 0.3816 0.2880888
0.2991027 0.3936777 0.3072195
0.2793604 0.4041681 0.3164715
0.3210016 0.3939495 0.2850489
0.2963659 0.4024145 0.3012196
0.3257906 0.3881759 0.2860334
0.3249196 0.3833939 0.2916865
0.3081938 0.3958076 0.2959986
0.3043194 0.4086198 0.2870608
0.3051895 0.3978124 0.2969981
0.285442 0.3971398 0.3174183
0.2975653 0.4124394 0.2899953
0.3070153 0.3926983 0.3002863
0.3055376 0.3922383 0.3022242
0.3162876 0.3850974 0.298615
0.2968034 0.4007401 0.3024565
0.2811826 0.3995872 0.3192302
0.2861014 0.4232358 0.2906628
0.3094516 0.4135609 0.2769876
0.3209167 0.3729924 0.3060908
0.3260039 0.3893299 0.2846662
0.2914719 0.4083093 0.3002188
0.3218872 0.409433 0.2686799
0.2953659 0.3948737 0.3097604
0.2799105 0.4095602 0.3105293
0.2953475 0.4043452 0.3003073
0.3023625 0.3809848 0.3166528
0.3213696 0.3922944 0.2863359
0.3179265 0.3620437 0.3200299
0.3132963 0.3996538 0.2870499
0.3211501 0.4002492 0.2786008
0.3034674 0.3979579 0.2985747
0.2974187 0.3760937 0.3264876
0.3421409 0.366018 0.2918411
0.3249205 0.3692021 0.3058774
0.2802124 0.4166379 0.3031498
0.3121511 0.387569 0.3002799
0.2959126 0.4014295 0.3026579
0.3084614 0.3941152 0.2974234
0.2943361 0.3931918 0.3124722
0.3204176 0.3675806 0.3120018
0.2966252 0.401968 0.3014068
0.33854 0.3587732 0.3026868
0.2777077 0.4081635 0.3141288
0.3267877 0.3699394 0.3032728
0.2911631 0.4286152 0.2802217
0.2968679 0.4382232 0.2649089
0.3319478 0.3852789 0.2827733
0.3182988 0.3765365 0.3051647
0.3083815 0.382484 0.3091345
0.3151878 0.3896432 0.295169
0.3005836 0.3882076 0.3112088
0.2972319 0.4195707 0.2831974
0.2986939 0.4058664 0.2954396
0.3069399 0.40124 0.2918201
0.3350861 0.3744749 0.290439
0.2923925 0.4149909 0.2926166
0.320747 0.3751028 0.3041502
0.3342487 0.37543 0.2903212
0.332063 0.39222 0.275717
0.2643417 0.4079741 0.3276842
0.3068263 0.3897938 0.3033799
0.323718 0.3930454 0.2832366
0.3462623 0.3691044 0.2846334
0.3150196 0.3825287 0.3024517
0.3173796 0.3835641 0.2990563
0.2929562 0.3966022 0.3104417
0.311113 0.3877021 0.3011849
0.3219848 0.389096 0.2889192
0.3252321 0.3958337 0.2789343
0.2952831 0.3916666 0.3130503
0.2897381 0.4145609 0.2957011
0.310303 0.3710548 0.3186422
0.3258734 0.3827089 0.2914178
0.3100861 0.4109708 0.2789431
0.3030114 0.375795 0.3211935
0.3061658 0.4032922 0.290542
0.3070984 0.4019023 0.2909994
0.3310673 0.3608262 0.3081065
0.2854908 0.4179988 0.2965104
0.3123197 0.4155241 0.2721562
0.3216066 0.383253 0.2951404
0.3254097 0.3713506 0.3032397
0.3251365 0.3779637 0.2968998
0.3136547 0.4083894 0.2779559
0.2975497 0.4082143 0.294236
0.299495 0.4162752 0.2842298
0.3028395 0.3942944 0.3028661
0.3282884 0.382629 0.2890826
0.3174216 0.3994729 0.2831055
0.2995154 0.3981 0.3023846
0.3183666 0.4045075 0.2771259
0.3207658 0.4012994 0.2779348
0.3197968 0.3816495 0.2985538
0.3235743 0.4049472 0.2714785
0.3027822 0.3820847 0.3151331
0.294923 0.4036079 0.3014691
0.3160075 0.3769812 0.3070113
0.3253323 0.3677878 0.3068799
0.3220736 0.3756259 0.3023005
0.317212 0.3861564 0.2966316
0.3193521 0.4064981 0.2741498
0.3101371 0.3908881 0.2989748
0.3058456 0.3764258 0.3177286
0.291134 0.4025933 0.3062727
0.3227664 0.3899957 0.2872379
0.3052128 0.40654 0.2882473
0.3031693 0.4038076 0.2930231
0.3025039 0.4068429 0.2906532
0.3031355 0.376168 0.3206965
0.3112433 0.4084575 0.2802992
0.2981019 0.3906336 0.3112645
0.2905889 0.3813275 0.3280836
0.3074042 0.3842922 0.3083035
0.311588 0.4006816 0.2877304
0.3370329 0.3621948 0.3007723
0.3112318 0.4051829 0.2835853
0.3160531 0.4044972 0.2794496
0.3091803 0.3912413 0.2995784
0.3041272 0.3826778 0.313195
0.3070482 0.4099111 0.2830407
0.2928418 0.3879526 0.3192055
0.2925244 0.3951214 0.3123543
0.3153928 0.3877015 0.2969057
0.3360507 0.3603056 0.3036436
0.3086823 0.3816676 0.3096502
0.3273148 0.3603641 0.3123211
0.3157648 0.3975134 0.2867219
0.3222206 0.382282 0.2954974
0.3198089 0.3745363 0.3056548
0.3039212 0.3980727 0.2980062
0.3184755 0.3831017 0.2984228
0.3397079 0.3753577 0.2849343
0.3159023 0.3827382 0.3013596
0.3243244 0.3569321 0.3187435
0.3024646 0.3969553 0.3005801
0.3211204 0.4031352 0.2757444
0.3235115 0.3777145 0.298774
0.3113554 0.4090137 0.2796309
0.3280405 0.3953135 0.276646
0.3096642 0.3908081 0.2995276
0.3148073 0.3882663 0.2969264
0.3178175 0.3845752 0.2976072
0.3130713 0.4042944 0.2826342
0.3207461 0.3997508 0.2795031
0.3221273 0.3885443 0.2893284
0.3262504 0.3820626 0.291687
0.2803431 0.4131746 0.3064823
0.3041408 0.3871461 0.3087131
0.3197974 0.3937066 0.286496
0.3353849 0.3633079 0.3013072
0.3094304 0.3919976 0.298572
0.2952311 0.4073777 0.2973912
0.2753624 0.3951326 0.329505
0.2777222 0.4234435 0.2988343
0.3024938 0.3937269 0.3037793
0.2756787 0.3924302 0.3318911
0.2980088 0.3808355 0.3211557
0.2939352 0.4016053 0.3044595
0.3359804 0.3862249 0.2777946
0.3061127 0.4166972 0.2771902
0.3135929 0.4001434 0.2862638
0.2955805 0.4106387 0.2937808
0.3227203 0.3884319 0.2888478
0.2922813 0.3994547 0.308264
0.2955813 0.3818648 0.3225539
0.3171897 0.3776148 0.3051955
0.3161645 0.3957347 0.2881008
0.293465 0.413915 0.29262
0.320917 0.4008368 0.2782462
0.3035195 0.389284 0.3071965
0.3044366 0.3918123 0.3037511
0.3000217 0.3905349 0.3094433
0.3406715 0.3560362 0.3032923
0.316351 0.3913197 0.2923293
0.3035437 0.3917403 0.304716
0.3407161 0.3708547 0.2884293
0.3001082 0.3967299 0.3031619
0.3033558 0.3858471 0.3107971
0.3344914 0.3736762 0.2918323
0.2901226 0.4406833 0.2691941
0.3096966 0.4115849 0.2787185
0.3034832 0.4123345 0.2841823
0.3074954 0.3908411 0.3016635
0.3190535 0.3755591 0.3053874
0.2814997 0.4125562 0.3059441
0.3022001 0.4001324 0.2976674
0.2874917 0.4014758 0.3110325
0.337302 0.3871964 0.2755016
0.3067618 0.3635223 0.3297158
0.3175615 0.3898278 0.2926108
0.3122464 0.4006093 0.2871443
0.3190671 0.392949 0.2879839
0.2951345 0.3953711 0.3094944
0.3272457 0.3773613 0.295393
0.2780101 0.4230474 0.2989425
0.307369 0.3992467 0.2933843
0.327104 0.3640248 0.3088712
0.3369305 0.3714159 0.2916537
0.301119 0.4192458 0.2796353
0.3095258 0.3918864 0.2985878
0.3129104 0.3891947 0.2978949
0.2972922 0.4147782 0.2879295
0.3155575 0.3889442 0.2954982
0.3110809 0.4024835 0.2864356
0.3076581 0.3914151 0.3009268
0.301295 0.3821568 0.3165482
0.3008095 0.3990308 0.3001597
0.2991772 0.3878897 0.3129331
0.3208435 0.3775156 0.3016409
0.3156453 0.3685064 0.3158483
0.3117127 0.3919156 0.2963717
0.2953901 0.3829076 0.3217023
0.3228893 0.3808205 0.2962902
0.2781568 0.4004274 0.3214159
0.3210476 0.3676503 0.3113021
0.3158737 0.3875559 0.2965704
0.315453 0.3917136 0.2928334
0.3073043 0.4186762 0.2740195
0.3236187 0.4083795 0.2680018
0.2973005 0.3896354 0.313064
0.3117718 0.395173 0.2930552
0.3006358 0.3887846 0.3105796
0.3029935 0.3888008 0.3082057
0.3157224 0.390281 0.2939966
0.3225159 0.3793356 0.2981486
0.3296559 0.4023716 0.2679726
0.315706 0.3919555 0.2923385
0.2967704 0.3952287 0.3080009
0.3056662 0.3807763 0.3135575
0.3113235 0.3924348 0.2962417
0.2984591 0.3945936 0.3069473
0.3161861 0.4015381 0.2822758
0.3175143 0.3782105 0.3042752
0.3190596 0.3768038 0.3041365
0.2951042 0.3877416 0.3171542
0.290664 0.3933231 0.3160128
0.3213162 0.3831681 0.2955157
0.321634 0.3746177 0.3037483
0.3290773 0.3843894 0.2865333
0.3192679 0.364626 0.3161061
0.2876171 0.4002231 0.3121598
0.3010473 0.3822908 0.3166619
0.3143735 0.4000945 0.285532
0.3707434 0.3832808 0.2459758
0.3186112 0.3722878 0.309101
0.3041069 0.3851772 0.3107158
0.307958 0.4144781 0.2775639
0.3116193 0.3806169 0.3077638
0.3263251 0.3688483 0.3048266
0.3162586 0.3681006 0.3156407
0.3089227 0.3828226 0.3082546
0.3006695 0.4054305 0.2939
0.3414381 0.3762835 0.2822784
0.3150094 0.3837666 0.301224
0.3262801 0.3757064 0.2980135
0.3167857 0.3879132 0.2953011
0.3148115 0.3983745 0.286814
0.3357375 0.3971671 0.2670954
0.3137859 0.3900249 0.2961891
0.3031846 0.3944055 0.3024099
0.3093573 0.42538 0.2652627
0.2968474 0.4073686 0.295784
0.3064019 0.4148173 0.2787808
0.2991316 0.392662 0.3082065
0.2995055 0.4054935 0.295001
0.3147761 0.3769428 0.3082811
0.3064093 0.4110309 0.2825597
0.3288166 0.3672679 0.3039155
0.3088054 0.3625275 0.3286672
0.3249701 0.3788935 0.2961364
0.3114512 0.4090614 0.2794874
0.3600646 0.3482784 0.291657
0.289141 0.3939639 0.3168952
0.3107337 0.3736166 0.3156497
0.3342397 0.3765784 0.2891819
0.3068429 0.3952488 0.2979083
0.3101553 0.4095423 0.2803025
0.3284305 0.3710342 0.3005353
0.3219262 0.3965419 0.2815319
0.3015303 0.3931988 0.3052709
0.3236879 0.3850462 0.2912659
0.3241408 0.3713721 0.3044871
0.314026 0.4031556 0.2828184
0.3114027 0.3972159 0.2913814
0.2956342 0.4183661 0.2859997
0.3026634 0.4065243 0.2908123
0.3118705 0.3833419 0.3047876
0.3291349 0.396887 0.273978
0.3351095 0.3635571 0.3013334
0.3188648 0.4033882 0.2777471
0.2979341 0.4063582 0.2957077
0.3281773 0.3623866 0.3094361
0.3086872 0.3843261 0.3069867
0.320108 0.3769143 0.3029778
0.3225424 0.372787 0.3046706
0.3047096 0.4165743 0.2787161
0.301546 0.3987507 0.2997033
0.2992193 0.392588 0.3081927
0.3140201 0.4004744 0.2855055
0.3155635 0.4148261 0.2696104
0.308847 0.420351 0.270802
0.3188621 0.3844746 0.2966633
0.3262862 0.4128237 0.2608901
0.308797 0.3886446 0.3025583
0.2899939 0.3869112 0.3230949
0.3324602 0.3528108 0.314729
0.3254082 0.3911692 0.2834225
0.3336684 0.366784 0.2995476
0.2974656 0.3979286 0.3046057
0.3195215 0.4025229 0.2779556
0.2892576 0.4032054 0.307537
0.2926023 0.3998561 0.3075416
0.3047971 0.3992108 0.2959921
0.3180769 0.39796 0.2839631
0.3037395 0.3942677 0.3019928
0.3196758 0.3864356 0.2938886
0.3059882 0.3848685 0.3091433
0.3119454 0.3929716 0.295083
0.2903176 0.3894426 0.3202398
0.3196078 0.3827882 0.297604
0.3155868 0.3963362 0.288077
0.321725 0.3962742 0.2820008
0.336537 0.4121355 0.2513275
0.3098604 0.4095117 0.2806278
0.3207045 0.3666425 0.3126531
0.3152934 0.3881765 0.2965301
0.3227673 0.3843866 0.2928461
0.3354958 0.3885164 0.2759878
0.3088144 0.4078482 0.2833374
0.3212157 0.4013464 0.2774379
0.3026596 0.4014874 0.295853
0.3094656 0.3710849 0.3194496
0.3216668 0.3884053 0.2899279
0.3064033 0.3763675 0.3172292
0.2944762 0.4002753 0.3052485
0.3038111 0.4087603 0.2874286
0.3064149 0.3903749 0.3032102
0.3121204 0.4062734 0.2816062
0.3118698 0.3880724 0.3000578
0.3143126 0.3812084 0.304479
0.3052363 0.3992496 0.2955141
0.3266435 0.3605731 0.3127834
0.2948283 0.417967 0.2872047
0.3081777 0.4137055 0.2781168
0.3277319 0.3664726 0.3057956
0.2906775 0.4068443 0.3024782
0.29992 0.4102759 0.289804
0.3043571 0.3931179 0.302525
0.3221629 0.4005071 0.27733
0.347737 0.3975517 0.2547114
0.3071535 0.3868167 0.3060298
0.2883462 0.4083307 0.3033231
0.3180103 0.3776596 0.3043302
0.3135221 0.3837973 0.3026806
0.3238406 0.3922613 0.283898
0.3106577 0.388098 0.3012442
0.3290509 0.3752755 0.2956736
0.3128577 0.4294901 0.2576521
0.3119248 0.4018472 0.2862279
0.2827656 0.4111117 0.3061227
0.3175081 0.4093757 0.2731162
0.3079525 0.4060141 0.2860334
0.2980786 0.392527 0.3093944
0.3148805 0.3840446 0.3010749
0.3401892 0.3635304 0.2962804
0.3076281 0.4119319 0.28044
0.3279636 0.4158168 0.2562197
0.3015477 0.3782663 0.3201859
0.3123365 0.4175148 0.2701487
0.3292619 0.3536542 0.3170839
0.2999872 0.4048609 0.2951519
0.3095045 0.3730478 0.3174477
0.3265183 0.3950139 0.2784678
0.2983732 0.3861152 0.3155117
0.3195624 0.4054123 0.2750252
0.3395997 0.3667992 0.2936011
0.3198582 0.3805527 0.2995891
0.321666 0.3802841 0.2980499
0.3268519 0.379231 0.2939171
0.2924907 0.4023182 0.3051911
0.2835974 0.4152143 0.3011883
0.288126 0.3953301 0.3165439
0.2931903 0.4013606 0.3054491
0.3163919 0.3998157 0.2837924
0.3012748 0.3884975 0.3102277
0.3303935 0.3833746 0.2862319
0.3018686 0.3912434 0.306888
0.3195983 0.3821304 0.2982713
0.3219806 0.3763864 0.301633
0.3007701 0.3988805 0.3003494
0.3375558 0.3699675 0.2924767
0.2891229 0.4373406 0.2735366
0.3080018 0.357886 0.3341123
0.319286 0.4002893 0.2804247
0.3172881 0.3973255 0.2853864
0.3070595 0.386572 0.3063684
0.332465 0.3572745 0.3102605
0.3309308 0.3789152 0.290154
0.2888427 0.3891039 0.3220533
0.3036509 0.4010611 0.2952879
0.3030172 0.4078903 0.2890925
0.3222532 0.3807099 0.297037
0.3262274 0.3857435 0.2880291
0.2955222 0.3939391 0.3105387
0.3125764 0.3807718 0.3066517
0.2932858 0.403523 0.3031911
0.3006544 0.4095044 0.2898412
0.3160289 0.3959369 0.2880342
0.3068204 0.3837359 0.3094437
0.3441005 0.3529588 0.3029407
0.3027791 0.3970731 0.3001478
0.3188073 0.3723965 0.3087962
0.3144788 0.3982169 0.2873043
0.3034921 0.3905559 0.3059519
0.3066115 0.3879108 0.3054777
0.3295024 0.3955447 0.2749529
0.3042742 0.4156036 0.2801223
0.3169752 0.376366 0.3066588
0.274465 0.4098124 0.3157226
0.3113793 0.406402 0.2822187
0.3104016 0.3785129 0.3110855
0.319612 0.4087507 0.2716373
0.2846018 0.404843 0.3105552
0.3373631 0.3731972 0.2894398
0.3288386 0.3609151 0.3102464
0.3027011 0.3923556 0.3049433
0.2993314 0.4124368 0.2882319
0.2837755 0.4380285 0.278196
0.3299626 0.384805 0.2852324
0.3086863 0.4171569 0.2741568
0.3197157 0.4011714 0.2791128
0.3187802 0.3860045 0.2952153
0.2949497 0.412912 0.2921382
0.3164295 0.3711607 0.3124099
0.3023456 0.4004231 0.2972313
0.3137566 0.396035 0.2902084
0.294256 0.3965793 0.3091647
0.3351386 0.3819289 0.2829325
0.2995631 0.3828532 0.3175837
0.329409 0.3954522 0.2751389
0.3082167 0.3713646 0.3204187
0.3100524 0.3931204 0.2968272
0.3394077 0.3676381 0.2929542
0.3061531 0.4107326 0.2831143
0.3196523 0.3801116 0.3002361
0.3372297 0.3691144 0.2936558
0.3112911 0.389606 0.299103
0.3136907 0.3871517 0.2991576
0.3178856 0.3653035 0.3168109
0.3057431 0.3816872 0.3125697
0.2987758 0.3818616 0.3193626
0.3214696 0.4116028 0.2669276
0.3096681 0.4045142 0.2858177
0.2993771 0.4107154 0.2899075
0.3324661 0.3801497 0.2873842
0.2813006 0.4216911 0.2970083
0.3389046 0.3761512 0.2849442
0.3167408 0.3937376 0.2895216
0.3150116 0.3666584 0.31833
0.3036451 0.3884281 0.3079268
0.323657 0.3800722 0.2962708
0.3328298 0.3786738 0.2884964
0.3081605 0.3847436 0.3070959
0.3318684 0.3799924 0.2881392
0.3228759 0.387244 0.2898801
0.3169268 0.3946276 0.2884456
0.2944453 0.3900574 0.3154973
0.3432374 0.3719684 0.2847942
0.3259637 0.3685711 0.3054652
0.3162154 0.3939051 0.2898795
0.3195254 0.3967163 0.2837583
0.3319048 0.3637013 0.3043939
0.3118624 0.3906418 0.2974958
0.3114469 0.3622668 0.3262862
0.2894254 0.3821063 0.3284682
0.3453303 0.3917154 0.2629543
0.2973544 0.3917176 0.310928
0.3090339 0.3790027 0.3119634
0.3061279 0.398816 0.2950561
0.3263504 0.3652048 0.3084448
0.3332361 0.3719221 0.2948418
0.3077179 0.3924995 0.2997826
0.2984726 0.4032596 0.2982678
0.2849478 0.3943339 0.3207183
0.2907439 0.4143259 0.2949301
0.3347499 0.3819319 0.2833181
0.3129515 0.3988018 0.2882466
0.3092027 0.3868448 0.3039526
0.3086608 0.3916782 0.299661
0.3193165 0.3571546 0.3235288
0.2998464 0.3911085 0.3090451
0.2937104 0.3918054 0.3144843
0.3299159 0.3811574 0.2889267
0.3141848 0.4001714 0.2856438
0.2852278 0.3988946 0.3158776
0.2880147 0.4121136 0.2998717
0.3027905 0.4037646 0.2934449
0.2980556 0.4146778 0.2872666
0.3069783 0.3952913 0.2977304
0.2786819 0.4187813 0.3025368
0.3005339 0.397513 0.3019531
0.2936893 0.4159657 0.290345
0.337976 0.3819928 0.2800312
0.2924587 0.4182529 0.2892884
0.300664 0.3953425 0.3039935
0.3076544 0.406571 0.2857746
0.3027572 0.3991197 0.2981231
0.3288317 0.3847493 0.286419
0.3060019 0.401728 0.2922702
0.3092427 0.4007433 0.2900139
0.3162736 0.3855894 0.298137
0.2832779 0.4323232 0.2843989
0.315546 0.3923622 0.2920918
0.295174 0.3901817 0.3146443
0.2999293 0.3772033 0.3228674
0.3041401 0.3912819 0.304578
0.3116126 0.3813644 0.3070231
0.3426851 0.381096 0.276219
0.3102686 0.3784568 0.3112746
0.3006961 0.4085936 0.2907103
0.3226207 0.3988805 0.2784989
0.293492 0.3868708 0.3196373
0.3323172 0.350844 0.3168388
0.3022898 0.4004045 0.2973057
0.3255077 0.3776232 0.2968691
0.2879416 0.4087786 0.3032798
0.3015562 0.3928569 0.3055869
0.3252422 0.3582445 0.3165133
0.3356735 0.3650154 0.299311
0.2961184 0.3882425 0.3156391
0.3325535 0.3770591 0.2903874
0.3155074 0.3836268 0.3008658
0.3351069 0.3977503 0.2671428
0.3145925 0.3989633 0.2864442
0.3102359 0.3868343 0.3029298
0.293273 0.4209844 0.2857426
0.2935214 0.4349189 0.2715597
0.297231 0.4050394 0.2977295
0.2964822 0.4346984 0.2688194
0.3010907 0.4061382 0.2927711
0.3080506 0.416764 0.2751853
0.3324882 0.3673001 0.3002117
0.3030759 0.411595 0.2853291
0.3078388 0.3724283 0.319733
0.3130007 0.3577791 0.3292202
0.299423 0.3923368 0.3082402
0.3080875 0.3777633 0.3141492
0.3152878 0.3630174 0.3216948
0.2843586 0.3813611 0.3342803
0.3240331 0.3783144 0.2976525
0.3206255 0.3726949 0.3066796
0.3214938 0.3823769 0.2961294
0.3190351 0.40259 0.278375
0.3109354 0.4150126 0.274052
0.2862973 0.4149565 0.2987462
0.3368974 0.3796334 0.2834692
0.2984125 0.4012891 0.3002984
0.323053 0.3845913 0.2923557
0.3096158 0.3917172 0.298667
0.2964978 0.4132755 0.2902267
0.3315575 0.3637529 0.3046896
0.3035831 0.383666 0.3127508
0.2954705 0.4058283 0.2987012
0.3272793 0.3637121 0.3090086
0.3277489 0.3908076 0.2814435
0.3056089 0.4084483 0.2859428
0.3195271 0.3951292 0.2853438
0.3106001 0.3950532 0.2943467
0.3057255 0.3853489 0.3089256
0.332498 0.3765507 0.2909513
0.3037206 0.3792855 0.3169939
0.3235818 0.3745 0.3019182
0.3133155 0.3830194 0.3036651
0.2892094 0.388067 0.3227236
0.3197137 0.3939449 0.2863414
0.2886752 0.4071213 0.3042035
0.3076455 0.3894071 0.3029474
0.2947377 0.4357536 0.2695087
0.2954336 0.4170685 0.2874979
0.283886 0.4170973 0.2990167
0.3155139 0.3917956 0.2926905
0.2931439 0.4007948 0.3060613
0.3171207 0.371306 0.3115733
0.3262399 0.37282 0.3009401
0.3402415 0.3772525 0.282506
0.3338402 0.3643326 0.3018272
0.3323325 0.3854449 0.2822226
0.3029324 0.3717682 0.3252994
0.335962 0.3657041 0.2983339
0.3175367 0.3920291 0.2904342
0.3257099 0.3792389 0.2950512
0.3054571 0.3776987 0.3168442
0.3114947 0.3946464 0.2938589
0.3309452 0.3613542 0.3077007
0.2943461 0.4233867 0.2822671
0.3103745 0.3846651 0.3049604
0.27689 0.4348834 0.2882266
0.3209037 0.3756117 0.3034847
0.3063405 0.3980925 0.295567
0.2911519 0.4190341 0.2898139
0.2963764 0.3914412 0.3121824
0.3209361 0.3836078 0.2954561
0.2858492 0.392209 0.3219418
0.3002094 0.3763933 0.3233972
0.3459221 0.3463507 0.3077271
0.3047703 0.3948979 0.3003318
0.2969838 0.384278 0.3187382
0.3202682 0.3845772 0.2951546
0.3263278 0.3825276 0.2911446
0.2940929 0.4195866 0.2863205
0.2785753 0.3859928 0.3354319
0.3189273 0.3829735 0.2980993
0.2819509 0.4237261 0.294323
0.2904446 0.401189 0.3083664
0.3110022 0.3841237 0.3048741
0.2932446 0.4020406 0.3047148
0.3212333 0.4038743 0.2748924
0.3025579 0.3864753 0.3109668
0.3177763 0.3812976 0.300926
0.3202761 0.3817985 0.2979254
0.3040128 0.4076246 0.2883626
0.3349042 0.3659367 0.2991591
0.2888952 0.3922593 0.3188455
0.3197194 0.4001602 0.2801204
0.3300725 0.3852446 0.2846829
0.3127336 0.4042305 0.2830359
0.2960057 0.3889221 0.3150721
0.2991128 0.4016142 0.2992729
0.3114333 0.3784538 0.310113
0.2971642 0.4075276 0.2953082
0.2852728 0.3906335 0.3240936
0.3496096 0.3810378 0.2693526
0.3039202 0.389649 0.3064308
0.3171156 0.3889553 0.2939292
0.3231966 0.399653 0.2771504
0.3235093 0.3715304 0.3049602
0.3106941 0.398034 0.2912719
0.3225815 0.3733253 0.3040932
0.2945264 0.4068105 0.2986631
0.321301 0.3940562 0.2846428
0.3310207 0.3909195 0.2780598
0.2862246 0.3905895 0.3231858
0.3100386 0.4007353 0.2892261
0.2901183 0.4040078 0.3058739
0.2881063 0.4102753 0.3016184
0.3209384 0.3771124 0.3019492
0.2975916 0.384259 0.3181495
0.2851016 0.380625 0.3342734
0.3192725 0.3905682 0.2901592
0.3076472 0.3838696 0.3084832
0.307314 0.3821436 0.3105424
0.3276315 0.3944088 0.2779597
0.3284586 0.3733834 0.298158
0.3205842 0.4034505 0.2759653
0.3225902 0.3969337 0.2804761
0.2901322 0.3880147 0.3218532
0.3169733 0.4030486 0.2799781
0.3091093 0.3895726 0.3013181
0.2934929 0.4173705 0.2891366
0.3144051 0.3851104 0.3004845
0.3181459 0.4076706 0.2741836
0.3097876 0.3842743 0.3059381
0.2949561 0.4009243 0.3041196
0.2881757 0.4152575 0.2965667
0.3045916 0.4028805 0.292528
0.3183587 0.4086331 0.2730082
0.3075709 0.4087586 0.2836705
0.3070853 0.3784102 0.3145046
0.3186414 0.3623127 0.3190458
0.3035902 0.4196453 0.2767645
0.2854075 0.4222792 0.2923133
0.3029786 0.407847 0.2891744
0.32831 0.4023067 0.2693833
0.3301201 0.3621264 0.3077535
0.3112346 0.4016026 0.2871629
0.3166628 0.3662725 0.3170648
0.3223397 0.3875426 0.2901177
0.3021178 0.4037855 0.2940967
0.3201445 0.3782492 0.3016063
0.3226715 0.3880848 0.2892437
0.3299286 0.3824657 0.2876056
0.326865 0.3810573 0.2920778
0.3028494 0.3700893 0.3270614
0.319062 0.403184 0.277754
0.3297008 0.3844871 0.2858121
0.2913473 0.4150976 0.2935551
0.2994133 0.3956838 0.3049029
0.3033247 0.4006791 0.2959962
0.3214031 0.3658257 0.3127711
0.331924 0.3739412 0.2941347
0.3079677 0.3939928 0.2980396
0.2960192 0.4164784 0.2875024
0.3414894 0.4070061 0.2515045
0.3119031 0.3920165 0.2960803
0.306276 0.3942258 0.2994982
0.3207505 0.3919922 0.2872573
0.2949251 0.4329798 0.2720951
0.3104303 0.3901176 0.299452
0.3214823 0.3992627 0.2792551
0.3195244 0.3841792 0.2962964
0.3198406 0.3798674 0.300292
0.3101921 0.3993574 0.2904504
0.313954 0.3669356 0.3191103
0.2958102 0.3944834 0.3097064
0.331722 0.3892208 0.2790572
0.3345631 0.3685064 0.2969305
0.3159849 0.3777316 0.3062835
0.3237585 0.3732063 0.3030352
0.3246615 0.3814197 0.2939189
0.3284222 0.3648518 0.306726
0.3078103 0.3952233 0.2969664
0.3112875 0.4102783 0.2784342
0.3179538 0.3656692 0.316377
0.3071274 0.4142612 0.2786114
0.318349 0.3877559 0.2938951
0.2905326 0.421872 0.2875954
0.3250644 0.3791868 0.2957488
0.3213851 0.395165 0.2834499
0.3132734 0.390834 0.2958926
0.3333827 0.3534776 0.3131397
0.3391583 0.395131 0.2657107
0.2922936 0.4367419 0.2709645
0.2956521 0.3845971 0.3197508
0.3038048 0.3928586 0.3033366
0.285506 0.4218673 0.2926267
0.3148817 0.3828865 0.3022318
0.2974988 0.4119883 0.2905129
0.3281888 0.3850912 0.28672
0.3128195 0.3963046 0.2908758
0.3196982 0.3959655 0.2843363
0.3235341 0.3825966 0.2938693
0.3155233 0.378912 0.3055647
0.3098992 0.3922278 0.297873
0.3109962 0.4055294 0.2834744
0.3158351 0.3866725 0.2974924
0.3210667 0.4038955 0.2750378
0.2983705 0.4150497 0.2865798
0.3448683 0.3483036 0.306828
0.2921857 0.407753 0.3000612
0.2821966 0.4023266 0.3154768
0.3060334 0.4121268 0.2818397
0.3120208 0.3698026 0.3181765
0.3107638 0.3863428 0.3028934
0.3338569 0.384623 0.2815201
0.3022944 0.3995704 0.2981352
0.33736 0.3849417 0.2776983
0.3315436 0.3857549 0.2827015
0.3118799 0.3846222 0.3034979
0.3217006 0.3693764 0.308923
0.3234598 0.3949349 0.2816053
0.3071192 0.3861479 0.3067329
0.2882566 0.4159457 0.2957977
0.3312023 0.3762083 0.2925894
0.317044 0.3778354 0.3051206
0.3202311 0.3755261 0.3042428
0.3083684 0.3798015 0.3118301
0.3091895 0.3931105 0.2977
0.3113646 0.3952016 0.2934338
0.3075185 0.3943879 0.2980937
0.3077339 0.3962859 0.2959802
0.3185824 0.3981031 0.2833145
0.304725 0.3892842 0.3059908
0.3059167 0.3711312 0.3229521
0.326942 0.3699361 0.3031219
0.3186458 0.3629576 0.3183966
0.3038754 0.3882059 0.3079187
0.2989845 0.3901633 0.3108521
0.317333 0.3764819 0.3061851
0.3248676 0.3778941 0.2972384
0.340475 0.3639957 0.2955293
0.3098634 0.3925899 0.2975467
0.3097764 0.4012129 0.2890107
0.3134291 0.3975649 0.289006
0.3117617 0.3913627 0.2968755
0.2950418 0.4182665 0.2866918
0.3063157 0.4046221 0.2890622
0.2954784 0.3541941 0.3503275
0.2834547 0.393462 0.3230832
0.2858852 0.4044298 0.309685
0.2900188 0.3941034 0.3158778
0.303488 0.3906615 0.3058505
0.3041345 0.3937544 0.3021111
0.3063434 0.3812201 0.3124365
0.3155408 0.3970682 0.2873909
0.3149183 0.3722641 0.3128176
0.3264487 0.3754744 0.2980769
0.3053048 0.3942595 0.3004357
0.3140087 0.4055088 0.2804825
0.3091138 0.4054971 0.2853892
0.3237323 0.3757784 0.3004893
0.3296454 0.3684033 0.3019513
0.322292 0.3744545 0.3032534
0.3009146 0.4134398 0.2856456
0.2996595 0.3952539 0.3050866
0.3194132 0.3964245 0.2841623
0.3333688 0.3876566 0.2789746
0.2961839 0.4131475 0.2906686
0.2848808 0.392506 0.3226133
0.3100055 0.3887564 0.3012381
0.3185358 0.4008106 0.2806536
0.3017054 0.403642 0.2946526
0.3190452 0.3742533 0.3067015
0.3040882 0.3979068 0.298005
0.3182202 0.4026284 0.2791514
0.3282228 0.4083253 0.2634519
0.3242499 0.3776757 0.2980744
0.315025 0.3915222 0.2934528
0.3035993 0.4120402 0.2843605
0.2962963 0.3882698 0.3154338
0.3106453 0.4169898 0.272365
0.3087043 0.4049673 0.2863284
0.3200214 0.3863722 0.2936064
0.3183254 0.3631672 0.3185074
0.2832224 0.4081274 0.3086502
0.3085045 0.3754542 0.3160413
0.3079561 0.3858143 0.3062296
0.3082909 0.381234 0.3104751
0.3117237 0.3781454 0.3101309
0.3091647 0.3759432 0.3148921
0.3545958 0.3643922 0.281012
0.3083004 0.3988532 0.2928464
0.3042726 0.374381 0.3213464
0.3156558 0.3935963 0.2907478
0.3009405 0.4197938 0.2792657
0.3118008 0.3735918 0.3146074
0.3172948 0.3580293 0.3246759
0.3172068 0.3888628 0.2939304
0.3093592 0.3862418 0.304399
0.3248876 0.3853979 0.2897145
0.304076 0.3916473 0.3042766
0.3262999 0.383814 0.2898861
0.3197767 0.3815756 0.2986477
0.3216389 0.405004 0.2733571
0.3054571 0.3894845 0.3050584
0.2963824 0.4157021 0.2879155
0.3130109 0.3881729 0.2988162
0.305137 0.4193327 0.2755302
0.3033081 0.3977576 0.2989343
0.3132712 0.3816151 0.3051137
0.3110026 0.3955319 0.2934654
0.3142841 0.3625008 0.3232151
0.3222813 0.3939395 0.2837793
0.3023014 0.3923572 0.3053414
0.3240141 0.3898461 0.2861398
0.3352587 0.3757187 0.2890226
0.2984654 0.3700624 0.3314723
0.3223871 0.3897518 0.2878611
0.2988459 0.4146251 0.286529
0.2991351 0.4022806 0.2985843
0.3026987 0.3939705 0.3033309
0.3146291 0.4087793 0.2765916
0.3262904 0.3921935 0.2815161
0.3136691 0.3986628 0.2876681
0.315373 0.3940489 0.2905782
0.3126952 0.3949553 0.2923494
0.2982425 0.404871 0.2968865
0.3248254 0.3834378 0.2917368
0.3043472 0.3919073 0.3037455
0.3016911 0.3863825 0.3119264
0.3252557 0.3864814 0.288263
0.3211018 0.4062866 0.2726116
0.3234699 0.388878 0.2876521
0.3243166 0.3884043 0.2872791
0.2902496 0.427226 0.2825245
0.3126657 0.3842894 0.3030448
0.304149 0.3875197 0.3083313
0.3116736 0.4099913 0.278335
0.3009765 0.3714477 0.3275758
0.2730212 0.4276005 0.2993784
0.3104429 0.4011833 0.2883738
0.3300066 0.3790358 0.2909576
0.339785 0.3927252 0.2674899
0.3052031 0.4017088 0.293088
0.299563 0.3988448 0.3015922
0.2974222 0.3695936 0.3329842
0.2918637 0.40636 0.3017762
0.3109884 0.3911889 0.2978227
0.3318156 0.3965379 0.2716464
0.3109514 0.4188315 0.270217
0.2978591 0.3982803 0.3038607
0.3176176 0.3823119 0.3000705
0.3154448 0.3832305 0.3013247
0.3193358 0.3923938 0.2882704
0.3081348 0.3637996 0.3280656
0.3120171 0.3727277 0.3152552
0.3026789 0.3991221 0.2981991
0.3065509 0.4090483 0.2844008
0.3015606 0.4095128 0.2889266
0.289084 0.4009665 0.3099496
0.3094117 0.3844589 0.3061294
0.3096353 0.4009099 0.2894548
0.3239949 0.3834347 0.2925704
0.3072143 0.3827798 0.3100059
0.3055133 0.386945 0.3075417
0.3223863 0.3858227 0.291791
0.2873707 0.4323056 0.2803236
0.296228 0.4054888 0.2982832
0.3262902 0.3948834 0.2788264
0.3192122 0.3768396 0.3039482
0.3084908 0.4076886 0.2838206
0.3094693 0.4071421 0.2833886
0.3191968 0.3932241 0.287579
0.3426567 0.3582697 0.2990736
0.3390504 0.3768095 0.2841401
0.3135473 0.3836309 0.3028217
0.3080556 0.3771177 0.3148267
0.3141047 0.4070754 0.27882
0.3276981 0.3751388 0.2971631
0.2908249 0.4328808 0.2762943
0.3223603 0.3755516 0.3020881
0.3075061 0.3850967 0.3073973
0.3071151 0.4118938 0.2809911
0.3152285 0.3848444 0.2999271
0.3123025 0.3731668 0.3145306
0.3061738 0.4027201 0.291106
0.3119728 0.3933049 0.2947223
0.3015572 0.3986646 0.2997781
0.2972193 0.3847677 0.318013
0.324306 0.3972857 0.2784083
0.2977442 0.3843411 0.3179147
0.2873607 0.4088724 0.3037669
0.3397037 0.3838583 0.276438
0.3075183 0.3751235 0.3173582
0.3077624 0.408368 0.2838695
0.3301406 0.3959364 0.273923
0.3018983 0.384597 0.3135047
0.3320793 0.3928291 0.2750916
0.3069722 0.3987267 0.2943011
0.3132711 0.3970953 0.2896336
0.3128979 0.3774096 0.3096925
0.3114825 0.3585143 0.3300032
0.2922681 0.3876948 0.3200371
0.3011133 0.3921348 0.3067518
0.2999112 0.3952561 0.3048327
0.3178884 0.3573374 0.3247742
0.2986227 0.4097688 0.2916086
0.3086904 0.3939199 0.2973897
0.3056129 0.3766316 0.3177555
0.3047911 0.4143345 0.2808744
0.3200443 0.3709912 0.3089644
0.3172037 0.385111 0.2976853
0.3135598 0.3754112 0.3110289
0.2987803 0.3870837 0.314136
0.3273675 0.3782445 0.294388
0.3067679 0.4023352 0.2908969
0.3032255 0.4062844 0.2904901
0.291089 0.4013832 0.3075278
0.2966427 0.4009792 0.3023781
0.283363 0.4223755 0.2942615
0.3149434 0.3914136 0.2936429
0.3131554 0.4012028 0.2856418
0.3304185 0.3903478 0.2792337
0.2951542 0.4127655 0.2920803
0.3237018 0.3889841 0.2873141
0.3273357 0.3832581 0.2894063
0.3297842 0.3546953 0.3155206
0.3437281 0.3693048 0.2869671
0.3052632 0.3914462 0.3032906
0.3201631 0.3981752 0.2816617
0.3093974 0.4013998 0.2892028
0.3079198 0.4057702 0.28631
0.3106989 0.4241008 0.2652003
0.2923802 0.4089629 0.2986569
0.3027826 0.3918072 0.3054103
0.3125323 0.3998092 0.2876585
0.3080612 0.3943457 0.2975932
0.295357 0.4175652 0.2870778
0.3367734 0.3859505 0.2772762
0.3179653 0.3765866 0.3054482
0.3246697 0.4127752 0.262555
0.3017086 0.4054365 0.2928549
0.3015185 0.4082357 0.2902459
0.2996605 0.3913421 0.3089974
0.3108771 0.3971685 0.2919545
0.3111004 0.3774118 0.3114878
0.3059986 0.3954446 0.2985567
0.3102643 0.4182519 0.2714838
0.3112675 0.3908612 0.2978713
0.2804139 0.4121713 0.3074147
0.2990361 0.3997802 0.3011838
0.30226 0.381996 0.315744
0.3056142 0.4114171 0.2829687
0.3226236 0.3753737 0.3020026
0.3195314 0.3833959 0.2970728
0.3295433 0.3865021 0.2839545
0.3036599 0.4127271 0.283613
0.2992481 0.4007661 0.2999858
0.3363918 0.3980728 0.2655354
0.3464092 0.3670395 0.2865514
0.3210168 0.3764794 0.3025038
0.3154559 0.3839609 0.3005832
0.2967916 0.4157712 0.2874372
0.3066029 0.4107636 0.2826336
0.3228181 0.3798796 0.2973023
0.3146009 0.361324 0.3240751
0.3187109 0.3742164 0.3070727
0.3132219 0.4150805 0.2716976
0.2925651 0.3888148 0.3186201
0.2981971 0.4110081 0.2907948
0.2940636 0.3925784 0.313358
0.3178747 0.3939718 0.2881535
0.3007091 0.37151 0.3277809
0.2726495 0.3996852 0.3276653
0.3189996 0.3919324 0.289068
0.3139193 0.3718854 0.3141953
0.3058998 0.4023715 0.2917286
0.3147761 0.382179 0.3030449
0.3222073 0.3880095 0.2897833
0.3085418 0.3634083 0.3280499
0.3014273 0.3880671 0.3105056
0.2993398 0.3945933 0.3060669
0.3098645 0.3818928 0.3082428
0.3453641 0.3985092 0.2561268
0.2972062 0.4135551 0.2892387
0.298431 0.39654 0.305029
0.3001178 0.3955713 0.3043109
0.3144117 0.384623 0.3009653
0.3217409 0.3908203 0.2874387
0.3146444 0.3808081 0.3045475
0.3247125 0.387569 0.2877185
0.3170723 0.3895103 0.2934173
0.298841 0.4148735 0.2862855
0.3181761 0.3639364 0.3178875
0.3129259 0.369935 0.3171391
0.3080502 0.403865 0.2880848
0.2989795 0.405885 0.2951355
0.308938 0.3824529 0.3086091
0.3133519 0.3779373 0.3087108
0.2991968 0.3893887 0.3114145
0.2947306 0.4201135 0.2851558
0.3117267 0.3818175 0.3064558
0.3046315 0.3938464 0.3015221
0.3024066 0.3968724 0.3007211
0.2825069 0.4166996 0.3007935
0.3290803 0.3768427 0.294077
0.3022549 0.4075226 0.2902225
0.2846862 0.3945163 0.3207975
0.3024104 0.4068821 0.2907075
0.3305268 0.3902887 0.2791845
0.2971946 0.4141789 0.2886265
0.3012106 0.3741092 0.3246801
0.3089105 0.4025233 0.2885663
0.2997568 0.3841322 0.3161109
0.3339156 0.3679008 0.2981836
0.3235499 0.3759893 0.3004607
0.3062281 0.3993588 0.2944131
0.3075567 0.4041065 0.2883368
0.3033339 0.3934483 0.3032178
0.3188075 0.3886137 0.2925789
0.3301544 0.3876981 0.2821475
0.3011884 0.384562 0.3142496
0.3300133 0.3888547 0.281132
0.3085241 0.3938283 0.2976476
0.3346429 0.3766448 0.2887123
0.3095163 0.3924519 0.2980318
0.3367976 0.3841948 0.2790076
0.3278603 0.3910656 0.2810741
0.3238258 0.3885377 0.2876365
0.3010545 0.37927 0.3196756
0.3087351 0.3740706 0.3171943
0.3015813 0.4097432 0.2886755
0.3004365 0.3907966 0.3087669
0.2935705 0.3781577 0.3282718
0.3243493 0.394469 0.2811817
0.3239855 0.3819259 0.2940886
0.3193476 0.3932085 0.2874439
0.2937909 0.4089393 0.2972698
0.306878 0.3625645 0.3305574
0.3059107 0.3787015 0.3153878
0.3107529 0.3752807 0.3139663
0.322575 0.3636341 0.3137909
0.3008026 0.3809506 0.3182468
0.2787185 0.4051544 0.3161271
0.3144311 0.3602354 0.3253335
0.3078634 0.4122026 0.279934
0.2953558 0.4008821 0.3037621
0.3131584 0.3893491 0.2974925
0.3276744 0.3766925 0.2956331
0.3308003 0.3871129 0.2820868
0.2973979 0.38795 0.3146522
0.3331399 0.3724344 0.2944257
0.3279656 0.3876609 0.2843735
0.2909764 0.4354506 0.273573
0.3203658 0.3899671 0.2896672
0.3403377 0.3613101 0.2983523
0.3353704 0.3637515 0.3008781
0.3031869 0.386391 0.3104221
0.3033092 0.3963727 0.3003181
0.2993106 0.3981333 0.3025561
0.3206266 0.3862925 0.2930809
0.2860634 0.4132677 0.3006689
0.3332121 0.3837563 0.2830316
0.3265699 0.3952775 0.2781526
0.3010593 0.3579914 0.3409493
0.3280686 0.3851381 0.2867932
0.3042371 0.3756115 0.3201513
0.3224072 0.3797991 0.2977937
0.3259166 0.3957794 0.2783041
0.3221929 0.4025958 0.2752114
0.3373502 0.3779479 0.2847019
0.2883153 0.392404 0.3192807
0.2862377 0.4204893 0.2932729
0.284887 0.4061769 0.3089362
0.3263765 0.3665164 0.3071071
0.3147948 0.3995861 0.2856191
0.2928782 0.3984866 0.3086353
0.3250736 0.3985446 0.2763819
0.3153986 0.3833507 0.3012508
0.300094 0.3935061 0.3063999
0.3171512 0.3860303 0.2968185
0.3064852 0.4066217 0.2868931
0.3010147 0.3934782 0.3055072
0.3055981 0.4224224 0.2719795
0.323858 0.3758323 0.3003097
0.3149954 0.3893552 0.2956494
0.3094167 0.3816751 0.3089082
0.2926377 0.396926 0.3104362
0.3203255 0.3541895 0.325485
0.297388 0.4021115 0.3005005
0.3192025 0.3764834 0.3043142
0.3235517 0.3865623 0.289886
0.2917837 0.3857546 0.3224617
0.3001702 0.4201626 0.2796672
0.2956754 0.4010508 0.3032738
0.3130809 0.4057039 0.2812152
0.3349638 0.4081376 0.2568985
0.3120745 0.3851344 0.3027911
0.3016972 0.3753274 0.3229754
0.3151971 0.3850488 0.2997541
0.2910015 0.3938469 0.3151516
0.3122927 0.3898784 0.2978289
0.3119856 0.3934192 0.2945951
0.3055842 0.3866538 0.307762
0.3021626 0.4135908 0.2842466
0.3139605 0.3913605 0.294679
0.303086 0.3932425 0.3036715
0.3089699 0.3966169 0.2944132
0.3021771 0.4031194 0.2947035
0.3333908 0.3923973 0.2742119
0.3218322 0.3610807 0.317087
0.3256482 0.3643075 0.3100443
0.324771 0.3849104 0.2903185
0.3200526 0.3837588 0.2961886
0.2915993 0.4050013 0.3033994
0.321985 0.3907913 0.2872237
0.3044865 0.4058025 0.289711
0.3119289 0.3981473 0.2899237
0.3397498 0.3676992 0.292551
0.3276647 0.3811991 0.2911362
0.2892903 0.4239126 0.2867971
0.3104622 0.3842951 0.3052428
0.3203143 0.3913481 0.2883376
0.3462881 0.3744053 0.2793066
0.3050912 0.3891095 0.3057993
0.3353901 0.3890394 0.2755706
0.309937 0.414192 0.2758711
0.3323085 0.3836293 0.2840622
0.3087808 0.3917057 0.2995135
0.3033398 0.4146768 0.2819834
0.3189274 0.3593434 0.3217292
0.3118222 0.3850856 0.3030922
0.2909842 0.4204473 0.2885685
0.323157 0.3908369 0.2860061
0.2898826 0.4110424 0.299075
0.303441 0.4130907 0.2834683
0.3299359 0.3752855 0.2947786
0.3444302 0.4015706 0.2539992
0.3234941 0.3875938 0.288912
0.3225595 0.386052 0.2913885
0.3013053 0.3841288 0.3145659
0.3011407 0.3986045 0.3002548
0.296514 0.402788 0.300698
0.2946416 0.3917766 0.3135818
0.2998601 0.390658 0.309482
0.3323503 0.3750781 0.2925716
0.2781576 0.4254579 0.2963846
0.3217871 0.3793643 0.2988486
0.2941259 0.4045941 0.30128
0.3021785 0.4060922 0.2917292
0.2970917 0.3964632 0.3064451
0.308602 0.388702 0.3026959
0.3012207 0.3682591 0.3305202
0.3255437 0.3943037 0.2801525
0.2882365 0.4041659 0.3075976
0.3217259 0.379042 0.2992321
0.3112748 0.4405892 0.2481359
0.3059603 0.4179615 0.2760782
0.2973979 0.4112122 0.2913899
0.3391935 0.384491 0.2763155
0.3120326 0.3935944 0.2943729
0.2977011 0.3937364 0.3085625
0.3021628 0.4093977 0.2884395
0.3088168 0.3876649 0.3035182
0.3066972 0.4039504 0.2893525
0.3100401 0.3913741 0.2985858
0.3072465 0.3885583 0.3041952
0.2863605 0.4101388 0.3035007
0.3105572 0.3950822 0.2943606
0.3151881 0.3899284 0.2948835
0.3079149 0.3650693 0.3270158
0.3037177 0.3998907 0.2963916
0.3133128 0.3919826 0.2947045
0.320775 0.3922773 0.2869477
0.3193508 0.3765585 0.3040907
0.3221267 0.3657958 0.3120775
0.3256732 0.364281 0.3100458
0.304915 0.3866669 0.3084182
0.3145822 0.3631284 0.3222893
0.3495008 0.334004 0.3164952
0.326739 0.3887921 0.2844689
0.3176711 0.3703901 0.3119388
0.3307995 0.385002 0.2841985
0.3115509 0.3678962 0.3205529
0.3157355 0.3972066 0.287058
0.3075669 0.3946161 0.297817
0.3066873 0.3999996 0.2933131
0.2940105 0.402389 0.3036006
0.3251208 0.3810557 0.2938235
0.3093241 0.3978793 0.2927966
0.3345336 0.3891536 0.2763128
0.3024135 0.4103412 0.2872453
0.3113766 0.3990156 0.2896078
0.2925005 0.4126777 0.2948218
0.3001268 0.3891483 0.3107249
0.316488 0.3953377 0.2881743
0.3108567 0.3935218 0.2956215
0.2976748 0.4121105 0.2902147
0.3028141 0.3984088 0.2987771
0.3291921 0.3804979 0.29031
0.3135951 0.3930328 0.2933721
0.3283029 0.3684203 0.3032768
0.3323441 0.3882834 0.2793725
0.2954851 0.4078336 0.2966814
0.2922238 0.4311415 0.2766347
0.2819049 0.4056705 0.3124246
0.3087677 0.3757403 0.315492
0.2816198 0.4093189 0.3090613
0.326357 0.3640567 0.3095862
0.2972656 0.3939714 0.3087631
0.2972411 0.3941878 0.3085711
0.284379 0.4257395 0.2898815
0.3009742 0.4132391 0.2857867
0.3153564 0.3964271 0.2882165
0.2973089 0.3970042 0.3056869
0.2960737 0.3956094 0.308317
0.3028663 0.4132967 0.2838371
0.3084763 0.4135423 0.2779814
0.3274252 0.394405 0.2781698
0.2918366 0.4039877 0.3041756
0.3051712 0.387639 0.3071898
0.2986543 0.3995796 0.3017661
0.292395 0.3902581 0.3173469
0.298316 0.3858031 0.315881
0.2967728 0.4007042 0.302523
0.3061347 0.3847917 0.3090735
0.3160115 0.37139 0.3125985
0.3019812 0.3972869 0.3007319
0.3023077 0.3950976 0.3025948
0.3235542 0.38934 0.2871058
0.3011645 0.3844784 0.3143571
0.3079109 0.3508683 0.3412208
0.3106498 0.4154189 0.2739313
0.3316939 0.3736902 0.2946159
0.3043409 0.4066108 0.2890484
0.3049652 0.381693 0.3133419
0.3030668 0.3849365 0.3119966
0.2797022 0.4126535 0.3076442
0.3277175 0.3916227 0.2806598
0.3099845 0.3903296 0.2996859
0.3275443 0.3675337 0.304922
0.3115015 0.3923148 0.2961837
0.3157688 0.3808102 0.303421
0.2860485 0.4022082 0.3117433
0.3284612 0.3878405 0.2836983
0.3070202 0.3879771 0.3050027
0.3124332 0.3847722 0.3027946
0.3095347 0.3756981 0.3147672
0.3076357 0.387549 0.3048153
0.2957796 0.3858965 0.3183239
0.3092175 0.3816476 0.3091349
0.3098998 0.3716211 0.318479
0.3054084 0.3850079 0.3095837
0.2878614 0.4027305 0.3094081
0.3273713 0.3673041 0.3053246
0.3307527 0.3776965 0.2915508
0.3179239 0.4042643 0.2778119
0.2980035 0.4020272 0.2999693
0.2932846 0.4097939 0.2969215
0.3141297 0.4082632 0.2776071
0.3089182 0.3945728 0.296509
0.3288395 0.3907342 0.2804263
0.2982313 0.4020756 0.2996931
0.2988129 0.377765 0.3234221
0.299481 0.3970172 0.3035019
0.2952639 0.4120833 0.2926528
0.3235281 0.3939559 0.282516
0.3214394 0.4037845 0.2747761
0.3175725 0.3838182 0.2986093
0.3191716 0.3813377 0.2994907
0.3199775 0.3708372 0.3091853
0.2970896 0.4102456 0.2926648
0.2990793 0.3766226 0.3242981
0.2927272 0.3989531 0.3083197
0.3205255 0.3939365 0.285538
0.3268712 0.3756206 0.2975082
0.292266 0.3985267 0.3092073
0.3115623 0.379741 0.3086967
0.30254 0.3971329 0.3003271
0.2931221 0.3998672 0.3070108
0.3116958 0.3874488 0.3008554
0.329834 0.3608828 0.3092832
