"p_1" "p_2" "p_3" "p_4"
0.001214805 0.06458053 0.1745956 0.7596091
4.341815e-05 0.05346281 0.189352 0.7571418
0.00119993 0.03339431 0.1794747 0.785931
0.00147693 0.0730313 0.1760312 0.7494606
0.004175569 0.05723944 0.1578837 0.7807013
0.0003821416 0.04641865 0.1942768 0.7589224
0.000127487 0.06226494 0.1820967 0.7555109
0.003522594 0.04998326 0.1752106 0.7712836
0.0009344352 0.05442874 0.180304 0.7643328
0.0003706992 0.05335916 0.1879515 0.7583187
0.0001530069 0.05483198 0.1653519 0.7796631
0.0001048575 0.05412706 0.1554374 0.7903307
0.002772202 0.06447668 0.1657876 0.7669635
0.003135839 0.05989358 0.1586303 0.7783403
0.0003594536 0.04950824 0.145731 0.8044013
0.004902617 0.0436158 0.1630702 0.7884114
0.0003045844 0.0593892 0.16027 0.7800362
0.0003091786 0.0649362 0.1692866 0.765468
0.0003357857 0.04932158 0.1608196 0.7895231
0.001027282 0.05018433 0.1548052 0.7939832
0.004697756 0.04253815 0.1642684 0.7884957
0.002447181 0.05474303 0.1569613 0.7858485
0.001236031 0.06037286 0.1635798 0.7748113
0.007341375 0.04897956 0.1676381 0.776041
0.009270178 0.059348 0.145293 0.7860889
0.002075454 0.05454831 0.1768775 0.7664987
0.0004058095 0.05402222 0.1687734 0.7767986
0.001374285 0.05261753 0.1661278 0.7798804
0.0007000526 0.05814346 0.1675857 0.7735708
0.00048591 0.06389235 0.1662362 0.7693856
0.0003246523 0.0464068 0.1723078 0.7809608
0.001405848 0.06745431 0.1652426 0.7658972
0.006998314 0.05885542 0.1661852 0.7679611
0.0009693244 0.04331034 0.1780619 0.7776584
5.305335e-05 0.05228756 0.1589229 0.7887364
0.0003213343 0.05447015 0.165757 0.7794515
0.0001557988 0.04953625 0.1566509 0.7936571
0.001669654 0.05437078 0.1715382 0.7724214
0.001823865 0.05643559 0.1592 0.7825405
0.01487269 0.05536895 0.1437151 0.7860432
0.0006226829 0.04901104 0.1646764 0.7856898
0.002120592 0.05734286 0.1573087 0.7832278
0.0001752718 0.06137625 0.1748996 0.7635489
0.001957515 0.05659388 0.1906663 0.7507823
0.0002832242 0.0600078 0.1637792 0.7759297
0.001682887 0.05038577 0.1523894 0.795542
0.002343001 0.0407078 0.1845685 0.7723807
0.003089266 0.05520806 0.1551048 0.7865979
0.005147464 0.0627836 0.1555938 0.7764751
0.0005825806 0.05934031 0.1641343 0.7759428
0.0005246333 0.06672368 0.1890494 0.7437023
0.002736564 0.0526859 0.1643885 0.7801891
0.0004888272 0.06695513 0.1709566 0.7615994
0.001083248 0.04365888 0.1777263 0.7775315
0.001148099 0.07665421 0.1681365 0.7540612
0.0004556101 0.05234437 0.1448531 0.802347
0.0001853939 0.05067182 0.1790463 0.7700965
0.0008751007 0.04241398 0.1699847 0.7867262
0.0009979668 0.06181977 0.1414648 0.7957175
0.001203753 0.0670896 0.1767955 0.7549112
0.009736624 0.05033731 0.160809 0.779117
0.0004071724 0.04690195 0.1690455 0.7836454
0.0001910566 0.04883658 0.1698907 0.7810816
0.0009474018 0.05096827 0.1458498 0.8022345
0.002834162 0.05315672 0.1516553 0.7923538
0.0007692666 0.04709201 0.1576869 0.7944518
0.0009503691 0.05163015 0.1598477 0.7875717
0.0001060435 0.06117251 0.1631442 0.7755773
0.003538084 0.068202 0.164501 0.7637589
0.006484493 0.05862767 0.1611082 0.7737797
0.0009251403 0.05341747 0.1645755 0.7810819
0.0003941596 0.05563575 0.1859903 0.7579798
0.0002132696 0.04666009 0.1496547 0.803472
0.005335349 0.05091738 0.1647025 0.7790448
0.002140181 0.04807202 0.1576381 0.7921497
0.0008043975 0.06726709 0.1669441 0.7649844
0.000491626 0.05153997 0.1483602 0.7996082
0.003432757 0.04808592 0.1700432 0.7784382
0.003250126 0.05586481 0.1703146 0.7705705
0.0006893634 0.05366345 0.1864327 0.7592145
0.001710416 0.05000996 0.167565 0.7807146
0.001156319 0.06410814 0.1661771 0.7685585
0.001082652 0.05794482 0.188872 0.7521005
0.0005808507 0.05205968 0.1686178 0.7787416
0.001742208 0.03500345 0.1820663 0.781188
0.0008992208 0.05421919 0.1550482 0.7898334
0.001147228 0.04169655 0.1612061 0.7959501
0.002656605 0.03592474 0.155565 0.8058536
0.001400351 0.05011731 0.1702161 0.7782662
0.0009687439 0.05537392 0.1504418 0.7932155
0.001504343 0.05312998 0.1559283 0.7894374
0.0007355658 0.05297309 0.1715353 0.7747561
0.0008056134 0.05907973 0.1782306 0.7618841
0.0006338864 0.041046 0.1645853 0.7937348
0.00104121 0.06296568 0.1720054 0.7639877
0.005337155 0.05256423 0.1687016 0.773397
0.0003976479 0.0548384 0.1539176 0.7908464
0.002603405 0.04661813 0.15991 0.7908685
0.0006296866 0.05847246 0.1594525 0.7814454
0.002064777 0.05932527 0.1577416 0.7808683
0.005599648 0.06498682 0.158575 0.7708386
0.0006119936 0.05473469 0.1611969 0.7834564
0.0004771114 0.04026416 0.1425651 0.8166937
0.0004307735 0.05380922 0.1542401 0.7915199
0.001414503 0.04297746 0.1520007 0.8036074
0.0003997384 0.06084736 0.1721654 0.7665875
0.0009277462 0.05839295 0.152448 0.7882313
0.003077695 0.04794495 0.1786741 0.7703033
0.0009545121 0.03788366 0.199101 0.7620608
0.004391196 0.05327829 0.1660508 0.7762797
0.0008783188 0.05982479 0.1358059 0.803491
0.0005353023 0.04644325 0.1580449 0.7949766
0.0008094823 0.05569896 0.1841758 0.7593158
0.001445712 0.05710241 0.1528906 0.7885613
2.004298e-06 0.05178169 0.1516502 0.7965661
0.0002308613 0.05641414 0.1707344 0.7726206
0.01593111 0.04159549 0.1622416 0.7802319
0.0001968347 0.05072135 0.1525567 0.7965252
0.00633022 0.04997303 0.1533239 0.7903729
0.000266556 0.05427411 0.1596725 0.7857868
0.0002110243 0.05687593 0.13751 0.805403
5.429288e-05 0.0629142 0.1841101 0.7529215
0.003203308 0.06186231 0.1698345 0.7650999
0.0033647 0.04637747 0.1779471 0.7723107
0.003855182 0.05433097 0.1575306 0.7842833
0.002620011 0.05407713 0.1712522 0.7720506
0.001840208 0.04988752 0.1684824 0.7797899
0.007189824 0.06258121 0.1377699 0.7924591
0.0001950126 0.05612253 0.152206 0.7914765
0.007024372 0.05725009 0.1514546 0.7842709
0.0007819886 0.05410116 0.1633062 0.7818107
0.001580709 0.04019324 0.1643094 0.7939166
0.0009196787 0.05696364 0.1628024 0.7793143
0.004240942 0.04952971 0.1605077 0.7857217
0.0002975847 0.05966326 0.1607389 0.7793003
0.0007588715 0.05346824 0.162645 0.7831278
0.0001991468 0.05321913 0.161936 0.7846457
0.001340257 0.05861913 0.1555661 0.7844745
0.001342907 0.04877194 0.1645421 0.7853431
0.005419345 0.04540094 0.1463215 0.8028582
0.005090747 0.05517762 0.1772216 0.7625101
0.0004807818 0.05041315 0.1515119 0.7975942
0.01170781 0.06259525 0.1607834 0.7649135
0.002404628 0.04194293 0.1627537 0.7928987
0.001024692 0.0483733 0.1757741 0.7748279
0.003498231 0.05734772 0.1662838 0.7728703
0.0007269115 0.05755424 0.1566894 0.7850294
0.0002202164 0.04755988 0.1655443 0.7866756
0.004480851 0.05346708 0.1567463 0.7853057
0.00220507 0.05530107 0.165127 0.7773668
0.0003726771 0.05846948 0.139499 0.8016588
0.002269619 0.05262608 0.1610576 0.7840467
0.00156271 0.05407642 0.1622643 0.7820965
0.001034712 0.04972581 0.1756635 0.773576
0.0001735287 0.04524273 0.1737755 0.7808083
0.001178096 0.05625007 0.1701778 0.7723941
0.0002003376 0.05190488 0.1564561 0.7914387
0.0005008608 0.06385495 0.1677651 0.767879
0.001138698 0.04883651 0.1624895 0.7875353
0.002909125 0.0534225 0.1644843 0.7791841
0.0001517437 0.05101021 0.1737272 0.7751109
0.0004158933 0.04796075 0.1547013 0.796922
0.0006352456 0.05257244 0.1902449 0.7565474
0.0005380174 0.06335272 0.1638835 0.7722257
0.001337327 0.04379315 0.1442016 0.8106679
0.002542277 0.04921577 0.1756759 0.772566
0.001151237 0.05143882 0.1639912 0.7834188
0.001385782 0.04195541 0.1732066 0.7834522
0.008626712 0.04471555 0.1583227 0.7883351
0.002526611 0.06128824 0.1568031 0.7793821
0.0001225283 0.06988068 0.1703408 0.759656
0.0008489956 0.03919355 0.1638685 0.796089
0.000282055 0.05860286 0.172707 0.7684081
0.0003285648 0.05855103 0.1630829 0.7780375
0.0001845063 0.06065213 0.1525903 0.786573
0.0004777725 0.04237203 0.1580486 0.7991016
0.006742061 0.05070384 0.1590923 0.7834618
0.001959704 0.0508462 0.1662934 0.7809007
0.003933403 0.05157341 0.1429998 0.8014933
0.002869574 0.04821843 0.1654407 0.7834713
0.001043511 0.04259837 0.1806415 0.7757166
0.0002595009 0.0462413 0.1522891 0.8012101
0.001939724 0.06153509 0.1692333 0.7672919
0.002619806 0.05488312 0.1519471 0.79055
0.002697978 0.05296865 0.1923585 0.7519749
4.380405e-05 0.04441714 0.1662793 0.7892597
0.001081854 0.04115537 0.1524904 0.8052723
0.001337472 0.04925277 0.1749819 0.7744279
0.0007459141 0.04438652 0.1352147 0.8196529
9.309321e-05 0.03867976 0.1654264 0.7958008
0.007676932 0.0510623 0.1547293 0.7865315
0.001217012 0.04015697 0.1584499 0.8001761
0.001700716 0.04170311 0.1568666 0.7997295
0.000531718 0.05401416 0.1741701 0.771284
0.0003453324 0.04659418 0.1744584 0.7786021
0.0006895915 0.04548572 0.1808279 0.7729968
0.005471942 0.06615217 0.1629346 0.7654413
0.0001034016 0.05724476 0.1809588 0.761693
0.000241709 0.0596867 0.1684294 0.7716422
0.0006832706 0.04547345 0.1641016 0.7897417
0.0004571405 0.05462281 0.1607876 0.7841325
0.0009056497 0.04981445 0.1582561 0.7910238
0.001842835 0.04270838 0.158422 0.7970268
7.258066e-05 0.05374273 0.1814487 0.764736
0.001525989 0.04460523 0.1614934 0.7923754
0.003166165 0.05998246 0.1436954 0.7931559
0.005250776 0.05196368 0.1512988 0.7914867
0.0003473893 0.06302853 0.1656946 0.7709295
0.001455281 0.06107284 0.1732409 0.7642309
0.0006122138 0.04463516 0.1737819 0.7809708
0.000520395 0.04223049 0.1567288 0.8005203
0.0004898395 0.05763634 0.1665468 0.7753271
0.0126699 0.05605918 0.1658663 0.7654046
0.009527046 0.05224185 0.1576241 0.780607
0.0002644701 0.05886687 0.1504672 0.7904014
0.001957175 0.05655948 0.1735779 0.7679054
0.002280263 0.0470674 0.162859 0.7877933
0.001738304 0.04098721 0.1582265 0.799048
0.0001255688 0.0539968 0.1475912 0.7982864
0.001134746 0.05726359 0.1596335 0.7819681
0.001072324 0.05722712 0.1769826 0.764718
0.00470137 0.04370873 0.1797514 0.7718385
0.001462985 0.04519317 0.1590736 0.7942702
0.003035661 0.04297185 0.1519106 0.8020819
0.002189061 0.06569947 0.1693086 0.7628029
0.0007832777 0.04179222 0.1576229 0.7998016
0.001339017 0.05057389 0.1642295 0.7838576
0.001799697 0.06602981 0.1701939 0.7619766
0.002339026 0.04621219 0.1493211 0.8021277
0.001043786 0.059765 0.1491327 0.7900585
0.0005938741 0.05089362 0.1528283 0.7956842
0.0005100133 0.0508145 0.1834283 0.7652472
0.00054436 0.05008258 0.1677311 0.781642
0.0003472785 0.06043983 0.1648629 0.77435
0.0007768746 0.05975856 0.1659652 0.7734994
0.0006842251 0.06280439 0.1755107 0.7610007
0.007168665 0.04437117 0.1585117 0.7899485
0.001144975 0.05270761 0.1723832 0.7737642
8.18806e-05 0.04344993 0.1480819 0.8083863
0.001120075 0.04877868 0.1608995 0.7892018
0.000890113 0.04922289 0.1540349 0.7958521
0.0002056996 0.05452449 0.1733145 0.7719554
0.003138194 0.05895199 0.1674353 0.7704745
0.002533792 0.05447881 0.1695476 0.7734398
0.0005427798 0.05031735 0.1816904 0.7674494
0.0001255707 0.05965629 0.1462016 0.7940165
0.0003918712 0.04282517 0.1596962 0.7970868
0.0003562094 0.04626204 0.1639399 0.7894419
0.00111564 0.06090225 0.1677904 0.7701917
0.0008492167 0.05826601 0.1748395 0.7660453
0.00112271 0.06140208 0.1525671 0.7849081
0.003549938 0.05449888 0.1592885 0.7826627
0.00411091 0.05336108 0.1976272 0.7449008
9.681873e-05 0.05503228 0.1593138 0.7855571
0.007567873 0.05382165 0.1572064 0.7814041
0.001062024 0.04789717 0.1723317 0.7787091
0.001555545 0.06708567 0.1475348 0.783824
0.0006796879 0.049335 0.1717523 0.778233
0.001745207 0.06008055 0.1580107 0.7801635
0.001478845 0.05084233 0.1710528 0.7766261
0.003221913 0.06414378 0.1484373 0.784197
0.003072925 0.05487754 0.139606 0.8024436
0.001839844 0.04602214 0.1537394 0.7983986
0.001663269 0.07371461 0.1679508 0.7566714
0.002006945 0.0536889 0.1852557 0.7590484
0.003443969 0.04069981 0.1567592 0.799097
0.002634396 0.05448655 0.1713072 0.7715719
0.001356371 0.04323441 0.1693877 0.7860215
0.001520912 0.04531438 0.153375 0.7997897
0.0005684625 0.04290788 0.1582306 0.798293
0.0003890819 0.04566325 0.1569328 0.7970149
0.0007121234 0.05202035 0.1649709 0.7822966
0.005365895 0.0519255 0.172016 0.7706926
0.0009790958 0.05776974 0.1875028 0.7537484
0.0008819231 0.04912489 0.1578234 0.7921698
0.005511731 0.06369752 0.1650929 0.7656978
0.006017678 0.0569936 0.1553668 0.7816219
0.00785699 0.06195407 0.1732116 0.7569773
0.003568625 0.05609158 0.1553347 0.7850051
0.0005965363 0.05132613 0.1723102 0.7757671
0.006168627 0.04744288 0.1755543 0.7708342
0.00123106 0.05263829 0.167728 0.7784027
0.000121801 0.05699076 0.1617205 0.7811669
0.009270098 0.07242822 0.1378042 0.7804975
0.0008775461 0.0458496 0.1463456 0.8069273
0.001297419 0.0626529 0.162591 0.7734586
0.0001795556 0.04522824 0.1883396 0.7662526
0.002246892 0.05095363 0.1569087 0.7898908
0.0005772176 0.05744763 0.1672638 0.7747113
0.0007589197 0.06268629 0.1672514 0.7693034
0.0009140698 0.06175954 0.1603259 0.7770005
0.0005305366 0.05558794 0.1601515 0.7837301
0.002018909 0.06889998 0.1595082 0.7695729
0.0009160385 0.04597222 0.1747547 0.778357
0.0009243701 0.04517702 0.1546098 0.7992888
0.001068388 0.05987 0.1672565 0.7718051
0.001789357 0.05871154 0.1584368 0.7810623
0.0008393421 0.05467916 0.1705966 0.7738849
0.0003645941 0.04459711 0.1771715 0.7778668
0.0006843799 0.05469208 0.1623704 0.7822532
0.003511975 0.07168131 0.1534894 0.7713173
0.002240006 0.04744202 0.1732917 0.7770263
0.001245742 0.05105408 0.1635876 0.7841126
0.0007372481 0.04662272 0.1531306 0.7995094
0.0002894207 0.06707046 0.1564293 0.7762108
0.003927991 0.04162331 0.1887941 0.7656546
0.001009716 0.04449164 0.1697236 0.784775
0.002319743 0.05717432 0.1697269 0.770779
0.00165513 0.05970235 0.1799789 0.7586636
0.001952315 0.05582757 0.1510551 0.791165
0.005124566 0.0533084 0.1674127 0.7741544
0.00260915 0.05393776 0.1711014 0.7723517
0.00582473 0.05088013 0.1725357 0.7707594
0.0003820232 0.05608207 0.186439 0.7570969
0.001266588 0.05581186 0.156737 0.7861845
0.0002037247 0.04730627 0.1648632 0.7876268
0.001678599 0.05079828 0.1564663 0.7910568
0.0004921547 0.05036645 0.1733821 0.7757593
0.0007568885 0.04466304 0.1738311 0.7807489
0.0006014077 0.05669046 0.1826956 0.7600125
0.004404053 0.05007264 0.1473051 0.7982182
0.001038443 0.06075023 0.1789501 0.7592612
0.001348556 0.04273434 0.1732129 0.7827042
0.001332254 0.05114937 0.1570998 0.7904185
0.0005634361 0.04926895 0.1573572 0.7928104
3.455887e-05 0.05219161 0.1623236 0.7854503
0.00309718 0.05659358 0.1624214 0.7778878
0.0004114342 0.05345103 0.1593912 0.7867463
4.996378e-05 0.06030224 0.1533266 0.7863212
0.000634853 0.05255181 0.1701276 0.7766857
0.0001656657 0.04658998 0.1421841 0.8110603
0.001665597 0.04564804 0.1809757 0.7717107
0.00316229 0.04900057 0.1692468 0.7785903
1.346221e-05 0.05833551 0.1644262 0.7772248
0.002490766 0.05638149 0.1621473 0.7789805
0.003525605 0.06009319 0.1599181 0.7764631
0.0001402879 0.04953295 0.1502629 0.8000639
0.001473077 0.04637392 0.17764 0.774513
0.0003776081 0.0538716 0.1652795 0.7804712
0.001526579 0.04997844 0.1632908 0.7852041
0.01246905 0.0508384 0.1675623 0.7691303
0.005692002 0.04203417 0.1718147 0.7804592
0.0001334291 0.04942402 0.1792762 0.7711664
0.0003511607 0.05329805 0.1685713 0.7777795
0.0004550271 0.04598762 0.1547565 0.7988009
0.004495475 0.05739069 0.1581823 0.7799315
0.0001664462 0.06575502 0.1770519 0.7570266
0.001761229 0.05007214 0.1625306 0.785636
1.431244e-05 0.05077098 0.1526032 0.7966115
0.000692879 0.0527229 0.1648195 0.7817647
0.0001082321 0.03681997 0.1567273 0.8063444
0.002817257 0.06846576 0.1520422 0.7766747
0.001025041 0.05741704 0.1601341 0.7814238
0.001081002 0.06574511 0.1624536 0.7707203
0.006710148 0.03966899 0.1638091 0.7898117
0.002084338 0.0460645 0.1480313 0.8038199
0.001073884 0.05503031 0.1549556 0.7889402
0.0002538383 0.05337819 0.1659473 0.7804207
0.002974216 0.04427845 0.1703003 0.782447
0.002095833 0.04394689 0.1607561 0.7932012
0.001624154 0.05376313 0.1635725 0.7810402
0.004580141 0.06155877 0.145373 0.7884881
0.005962379 0.05599242 0.170755 0.7672902
0.001530123 0.05085164 0.1667423 0.780876
0.002351699 0.05458633 0.1744384 0.7686235
0.002218697 0.05295637 0.1383754 0.8064495
2.79924e-06 0.05334364 0.1591573 0.7874963
0.0004899178 0.05539474 0.1211444 0.8229709
0.0003132493 0.0567703 0.163532 0.7793845
0.002856995 0.06040524 0.1509651 0.7857726
0.007265624 0.0620767 0.1324766 0.7981811
0.0008545659 0.05224641 0.165544 0.7813551
0.0006746829 0.05344448 0.1348361 0.8110448
0.007930934 0.0606069 0.1428776 0.7885846
0.002445253 0.05480673 0.1638442 0.7789038
0.00132742 0.05112637 0.1613094 0.7862369
8.107075e-05 0.0622292 0.1655816 0.7721081
0.008126051 0.03826843 0.1577276 0.795878
0.002563268 0.05110949 0.1782001 0.7681271
0.001497461 0.05377362 0.1673725 0.7773564
0.004251329 0.04630964 0.1488611 0.8005779
0.0009929492 0.0519615 0.1702479 0.7767976
0.001784182 0.06024309 0.1764191 0.7615536
0.004167647 0.05266857 0.1704445 0.7727193
3.071173e-05 0.06431459 0.1569329 0.7787218
0.001004361 0.06075821 0.1656164 0.7726211
0.001234196 0.05751196 0.1692535 0.7720004
0.0001039865 0.05383995 0.1670898 0.7789662
0.002317846 0.05543886 0.1689222 0.7733211
0.006347555 0.04852679 0.1600785 0.7850471
0.0004301511 0.05373574 0.1689011 0.776933
0.002467473 0.05494098 0.1543094 0.7882821
0.001723254 0.06375885 0.1930802 0.7414377
0.001628382 0.04501655 0.1687262 0.7846289
0.001046881 0.04907168 0.1703418 0.7795396
0.0007876453 0.05376572 0.1484084 0.7970383
0.0004964384 0.05989271 0.1700892 0.7695217
0.00182715 0.05850616 0.1760898 0.7635769
0.002964572 0.06011124 0.1637857 0.7731384
0.0005394215 0.05408782 0.1579084 0.7874643
0.001673131 0.05551431 0.18942 0.7533926
0.001188112 0.04786593 0.1689097 0.7820363
0.0003558425 0.05993411 0.174411 0.765299
0.003477322 0.0638316 0.1382152 0.7944758
0.001233481 0.05974951 0.1721329 0.7668841
0.001392773 0.04901672 0.1788646 0.7707259
0.0002428065 0.04990817 0.1499451 0.7999039
0.0009938572 0.06120492 0.1650551 0.7727461
0.001423164 0.05088023 0.175334 0.7723626
0.000330326 0.06142654 0.1607378 0.7775053
0.0007522253 0.06194717 0.1620574 0.7752432
0.0006188854 0.05719459 0.1842461 0.7579405
0.0005975944 0.06548744 0.1552041 0.7787108
0.006720121 0.05177037 0.1566528 0.7848567
0.006976973 0.04970217 0.1730343 0.7702866
0.000661764 0.04088632 0.1744655 0.7839864
0.01184134 0.05475495 0.1731178 0.7602859
0.001422721 0.06604251 0.1597073 0.7728275
0.0006462819 0.06460575 0.1756943 0.7590537
0.00156045 0.0573595 0.169426 0.7716541
0.002150292 0.05190068 0.1624473 0.7835017
0.002263173 0.05427149 0.1796811 0.7637842
0.0001695971 0.05470223 0.162303 0.7828252
0.001345247 0.04881274 0.1799131 0.7699289
0.002151835 0.05315829 0.1542889 0.790401
0.00082248 0.04438667 0.1548892 0.7999016
0.0004178905 0.04761688 0.1700723 0.7818929
0.006372681 0.05114931 0.1814943 0.7609837
0.007046076 0.03081725 0.1551792 0.8069575
0.00317097 0.06040215 0.1758746 0.7605523
0.0017905 0.05239526 0.1671184 0.7786959
0.001133054 0.03926462 0.1786521 0.7809502
0.0003001537 0.05262679 0.1604006 0.7866725
0.0008021514 0.05762409 0.1704451 0.7711287
9.118724e-05 0.05907096 0.1645872 0.7762507
0.002328834 0.05758826 0.1732785 0.7668044
0.0007866558 0.06356497 0.1710026 0.7646458
0.002622861 0.05029561 0.1671623 0.7799193
0.00160432 0.05870792 0.1650183 0.7746695
0.0006654937 0.04891299 0.1709227 0.7794988
0.00214559 0.06594844 0.1433414 0.7885646
0.0004026915 0.05197044 0.178436 0.7691909
0.09868236 0.05565734 0.07778593 0.7678744
0.03111466 0.05286846 0.1317549 0.784262
0.0006300667 0.0478276 0.1906086 0.7609337
0.0001722174 0.05044349 0.177414 0.7719703
0.000753452 0.05581111 0.1629114 0.7805241
0.0002953498 0.04493853 0.1645031 0.790263
0.00183165 0.04579639 0.1893274 0.7630445
0.006557776 0.06126031 0.1628118 0.7693701
0.008240422 0.0536821 0.1577539 0.7803236
3.067157e-05 0.05816205 0.1615455 0.7802617
0.001024001 0.04425846 0.1662786 0.788439
0.002060094 0.06087512 0.1769835 0.7600813
0.001378756 0.06313773 0.1817389 0.7537447
0.0007488687 0.04818711 0.1645738 0.7864902
0.001836306 0.05718968 0.1667795 0.7741945
0.006613004 0.04652413 0.163117 0.7837459
0.002152857 0.05195088 0.1608958 0.7850004
0.0003224955 0.0533174 0.1732804 0.7730797
0.001225269 0.04930374 0.1629144 0.7865566
0.0006466474 0.05074404 0.167006 0.7816033
0.0002322818 0.05949855 0.1709602 0.769309
0.002085098 0.05723637 0.164898 0.7757805
0.000240001 0.0596917 0.1854235 0.7546448
0.00026942 0.04466547 0.1795396 0.7755255
0.0026156 0.05212524 0.1732473 0.7720119
0.001415946 0.04394957 0.1625183 0.7921162
0.002108535 0.0487189 0.1590926 0.79008
0.00120997 0.04777834 0.1612458 0.7897658
0.000102608 0.05659072 0.1929543 0.7503524
0.002726575 0.0520472 0.1604809 0.7847454
0.002533729 0.05190568 0.1745433 0.7710173
2.051293e-05 0.0551641 0.1814343 0.7633811
0.007716816 0.05027294 0.1728538 0.7691565
0.001472223 0.0516303 0.170459 0.7764384
0.0009175516 0.06042904 0.1592841 0.7793693
0.001188625 0.05410145 0.1623573 0.7823527
0.001073728 0.04575396 0.1547859 0.7983865
0.0001586729 0.04972453 0.149335 0.8007818
0.002460093 0.0666818 0.1692382 0.7616199
0.006141722 0.0471486 0.1486415 0.7980682
0.0009104565 0.0495859 0.1722954 0.7772082
0.00292909 0.05206284 0.1677456 0.7772625
0.00125955 0.0544784 0.1650598 0.7792023
0.004468922 0.05297687 0.1589126 0.7836416
0.0001358117 0.04992714 0.1571479 0.7927891
0.00576514 0.0540381 0.1640618 0.7761349
0.002524832 0.04888473 0.1659727 0.7826177
0.003212627 0.05600773 0.1643482 0.7764315
7.288593e-05 0.05840876 0.18213 0.7593884
0.002555937 0.05213103 0.1797551 0.7655579
0.01170123 0.05609832 0.1317708 0.8004296
0.008361559 0.05221943 0.1428028 0.7966162
0.002028316 0.05025476 0.1553728 0.7923441
0.0005960547 0.04295892 0.1723512 0.7840938
0.002796442 0.06201899 0.1723005 0.7628841
0.0008286562 0.04855395 0.194555 0.7560624
0.00367175 0.06997748 0.1579492 0.7684016
0.001256677 0.04949546 0.1522438 0.797004
0.0009357712 0.05285259 0.1592503 0.7869613
0.001006373 0.04022322 0.1805298 0.7782406
0.0009630934 0.04939296 0.1786247 0.7710193
0.001293108 0.04645706 0.1441661 0.8080838
0.0004381653 0.05548475 0.1429204 0.8011566
0.0003162099 0.05198009 0.1723411 0.7753626
0.009223203 0.04940632 0.1609411 0.7804294
0.0004990806 0.05264566 0.1868565 0.7599988
0.003520174 0.05542495 0.1604295 0.7806254
0.0006976506 0.05721239 0.151861 0.790229
0.0006468318 0.05578379 0.1831209 0.7604485
0.001678431 0.0574675 0.1638249 0.7770292
0.003396511 0.04637795 0.1479307 0.8022949
0.001947682 0.04971944 0.1672476 0.7810853
0.002870409 0.05035856 0.1703568 0.7764142
0.0006877198 0.05723802 0.1479384 0.7941359
0.002521534 0.07810571 0.1550983 0.7642745
0.005082399 0.0455507 0.1541446 0.7952223
0.002030167 0.05213693 0.1375502 0.8082827
0.000323171 0.04932648 0.197367 0.7529834
0.004767917 0.06940666 0.1375113 0.7883142
0.002611607 0.04704701 0.1632086 0.7871328
0.0008842365 0.06883921 0.149985 0.7802916
0.001784623 0.05893523 0.1604545 0.7788256
0.000638096 0.04831375 0.1710605 0.7799876
0.0007545691 0.05313479 0.1692153 0.7768954
0.0002770377 0.04508269 0.1750877 0.7795525
0.0004815922 0.04619458 0.1771676 0.7761562
0.005696535 0.06838044 0.1483583 0.7775647
0.001587025 0.04535216 0.1690069 0.784054
0.000714363 0.07384277 0.1620927 0.7633501
0.001189489 0.05596814 0.1508262 0.7920161
0.0006133069 0.04195358 0.1857016 0.7717315
0.0003578938 0.05557588 0.1710668 0.7729995
0.0004548258 0.05189608 0.1582434 0.7894057
0.008421974 0.04498617 0.1467475 0.7998443
0.001079655 0.06320731 0.1697695 0.7659436
0.002101088 0.06079012 0.1516746 0.7854342
0.0008860515 0.0527247 0.1690178 0.7773715
0.00223033 0.04647308 0.1486353 0.8026613
0.001086509 0.05113272 0.1531742 0.7946066
0.001161892 0.05170109 0.1625 0.7846371
0.003076481 0.0517939 0.1424622 0.8026674
0.0002077219 0.05487072 0.1910702 0.7538514
0.001107775 0.04778093 0.1689758 0.7821355
0.005182935 0.07271361 0.1657325 0.756371
0.000257958 0.05883864 0.1641272 0.7767762
0.0001204194 0.05983813 0.1705605 0.7694809
0.002272054 0.05492898 0.1628849 0.7799141
0.0006357562 0.055484 0.1389673 0.8049129
0.003777096 0.05624671 0.1568389 0.7831373
0.0008831658 0.06165982 0.1689219 0.7685351
0.005738534 0.05150505 0.1632814 0.7794751
2.091349e-05 0.05407137 0.1707703 0.7751374
0.001208479 0.06297495 0.1757882 0.7600284
0.002339285 0.04549431 0.182635 0.7695314
0.002811849 0.04616125 0.1511901 0.7998369
0.0001304068 0.04996818 0.1825125 0.767389
0.001573673 0.04878435 0.1686862 0.7809558
0.01073981 0.04050569 0.1581226 0.7906319
0.001342454 0.0476324 0.1616516 0.7893735
0.003190338 0.05914585 0.1504255 0.7872383
0.0009674252 0.05431719 0.1589912 0.7857242
0.002659983 0.05118043 0.1539153 0.7922443
0.0002238874 0.0594072 0.1676198 0.7727491
0.000513246 0.04935448 0.1711925 0.7789397
0.005142751 0.05593835 0.1753211 0.7635978
0.0001712852 0.05300669 0.1560839 0.7907381
0.0001992956 0.04898467 0.1513918 0.7994243
0.001751953 0.04564306 0.1524292 0.8001758
0.001618918 0.06465131 0.1691246 0.7646052
0.02005417 0.05718456 0.1275863 0.795175
0.001193433 0.05024846 0.1672635 0.7812946
0.002553638 0.05963914 0.1504069 0.7874003
0.001980855 0.06407342 0.1632661 0.7706796
4.504077e-05 0.05352988 0.1641558 0.7822693
0.002030019 0.04459554 0.1586326 0.7947419
0.0002027922 0.04664755 0.1368888 0.8162609
0.001472323 0.06333554 0.177419 0.7577732
0.000333937 0.05767869 0.1581689 0.7838185
0.0005602769 0.05227213 0.173558 0.7736096
0.0001966201 0.04720991 0.163059 0.7895344
0.003736152 0.06536713 0.1433285 0.7875682
0.0005523111 0.06047559 0.1551395 0.7838326
0.001923953 0.042661 0.178894 0.776521
0.0004608651 0.0580793 0.169881 0.7715788
0.003127908 0.05016565 0.1442404 0.8024661
0.002647993 0.05939989 0.1692568 0.7686953
0.002217143 0.04940499 0.1704774 0.7779004
0.0005591071 0.04214555 0.1675732 0.7897221
0.0008426496 0.04089186 0.1525839 0.8056816
0.0003563985 0.05743853 0.1556429 0.7865622
0.001558214 0.04692865 0.1512296 0.8002835
0.003251479 0.04831381 0.1521028 0.796332
0.001541899 0.05212138 0.1587262 0.7876106
0.004785408 0.06441038 0.1754151 0.7553891
0.001793344 0.06692608 0.13818 0.7931006
0.0002087511 0.0375052 0.1502732 0.8120128
0.004650782 0.06061002 0.1510789 0.7836603
0.00153446 0.05974876 0.1745449 0.7641719
0.0009321669 0.04918401 0.1539592 0.7959247
0.003728452 0.06799321 0.1488571 0.7794212
0.0001770987 0.04128236 0.2024318 0.7561087
0.01406465 0.06723448 0.1372566 0.7814443
0.0005039779 0.05047428 0.1495721 0.7994496
0.0008918611 0.05015275 0.1581851 0.7907703
0.001661019 0.05321914 0.1664147 0.7787052
0.0007662993 0.05053327 0.1842314 0.764469
0.000709204 0.04350261 0.1807082 0.77508
0.001341557 0.04768567 0.1630493 0.7879235
0.002970855 0.04671637 0.1741871 0.7761257
0.0004980177 0.06363624 0.1662075 0.7696582
0.001187293 0.04547797 0.1753901 0.7779446
0.001318242 0.07198325 0.1843799 0.7423186
0.009473286 0.05471633 0.1418462 0.7939642
0.002089771 0.04887075 0.1730503 0.7759892
0.004221 0.06100752 0.1379982 0.7967733
0.001101401 0.05523325 0.1438039 0.7998615
0.001100592 0.05603835 0.1528824 0.7899787
0.0004955303 0.05335017 0.1533262 0.7928281
0.001475551 0.04292201 0.1431342 0.8124683
0.001250023 0.0450985 0.1726928 0.7809586
0.0004368575 0.04614602 0.1545992 0.7988179
0.006135248 0.04908217 0.1832476 0.761535
0.00385883 0.06071614 0.1466663 0.7887587
0.0003620561 0.04734316 0.1727964 0.7794984
0.0006418285 0.03891332 0.1738232 0.7866216
0.0006126483 0.060952 0.1395771 0.7988582
0.006574842 0.05245929 0.1629483 0.7780175
0.001997973 0.0630638 0.1520604 0.7828778
0.0003237921 0.05406187 0.1626389 0.7829755
0.002978644 0.05019749 0.153356 0.7934678
0.001226893 0.06828163 0.1546647 0.7758268
0.0002130604 0.05061316 0.1830751 0.7660987
0.00155758 0.04886013 0.1599598 0.7896225
0.0001623957 0.05777675 0.1674684 0.7745925
0.0004385112 0.04087935 0.1459202 0.8127619
0.003138738 0.0605256 0.1496368 0.7866988
0.004029401 0.05226702 0.1662258 0.7774778
0.002027956 0.05423762 0.1783796 0.7653548
0.002228553 0.04710626 0.178716 0.7719492
0.000312415 0.04940653 0.1690566 0.7812244
0.0006645232 0.04817039 0.1640492 0.7871159
0.007996865 0.05941308 0.1468449 0.7857452
0.001833249 0.06106036 0.1629617 0.7741447
3.514287e-05 0.05461401 0.1674542 0.7778966
0.00294069 0.05829623 0.1744792 0.7642839
0.001392447 0.05735103 0.1527578 0.7884987
0.001463366 0.04841755 0.1497824 0.8003366
0.008868215 0.06877252 0.1469381 0.7754212
0.01213382 0.05959282 0.1418769 0.7863965
0.000487577 0.06761663 0.1611738 0.770722
0.0004785992 0.05997561 0.1648081 0.7747376
0.001599323 0.05796531 0.163969 0.7764663
0.0009026856 0.05212536 0.1662764 0.7806956
0.0006862271 0.02953411 0.1852273 0.7845524
0.004507326 0.0479375 0.1703462 0.777209
0.0021295 0.04597928 0.1677872 0.784104
0.002181815 0.04987724 0.1682499 0.779691
0.0006046864 0.05268511 0.1685764 0.7781338
0.005345181 0.05782404 0.1730658 0.763765
0.002164278 0.05198781 0.169267 0.7765809
0.0008296197 0.06243515 0.1497236 0.7870116
0.0006172209 0.05577259 0.1625776 0.7810326
0.0007983181 0.04853179 0.1614701 0.7891998
0.001914627 0.0611789 0.1616579 0.7752486
0.001653547 0.05699364 0.1691969 0.7721559
0.002097617 0.05228081 0.1741868 0.7714348
0.00263368 0.05420939 0.1689731 0.7741839
0.004691926 0.0568659 0.1511502 0.787292
0.00337578 0.04366553 0.1716152 0.7813435
0.001243888 0.05004048 0.1789502 0.7697654
0.0002338613 0.05021798 0.1812004 0.7683477
0.000850046 0.05390218 0.1596012 0.7856466
0.002959938 0.04871022 0.1731294 0.7752005
0.0001482465 0.05727431 0.1384512 0.8041262
0.008011029 0.04783628 0.1510158 0.7931369
0.001595189 0.06133289 0.1478057 0.7892662
0.0009781152 0.05299484 0.178644 0.7673831
0.002459918 0.05994883 0.1490022 0.788589
0.0007943589 0.04299909 0.175716 0.7804906
0.0003552068 0.05031569 0.1608558 0.7884733
0.0003066258 0.06523114 0.1589275 0.7755347
0.0008491169 0.05277978 0.1558391 0.790532
0.000874855 0.05016618 0.154209 0.79475
0.002319427 0.05021681 0.1727748 0.7746889
7.38252e-05 0.06370589 0.1740909 0.7621293
0.0006145998 0.06221834 0.1876967 0.7494704
0.002786668 0.05822358 0.1589107 0.7800791
0.01280129 0.05349985 0.1705831 0.7631157
0.001257536 0.05202165 0.1574985 0.7892223
0.003299891 0.05356804 0.1491399 0.7939922
0.003069426 0.05465232 0.1518501 0.7904282
0.0002505027 0.04224524 0.1803023 0.7772019
0.000711542 0.04509351 0.1739743 0.7802206
0.0003415117 0.04544035 0.1895899 0.7646283
0.001134865 0.04727493 0.1497107 0.8018795
0.001873204 0.05011843 0.1523252 0.7956831
0.004965799 0.04107363 0.1647511 0.7892094
0.02244636 0.04373254 0.1375878 0.7962333
0.002344473 0.04494053 0.1780424 0.7746726
0.002455213 0.04428993 0.1791903 0.7740646
0.0113894 0.04305958 0.1577565 0.7877945
0.0007629652 0.04165934 0.1440637 0.813514
0.03161848 0.06174761 0.144602 0.7620319
0.06317916 0.05642668 0.1028811 0.7775131
0.003659562 0.04839614 0.1559973 0.791947
0.01053305 0.05533428 0.1654696 0.7686631
0.03388988 0.05204286 0.1441559 0.7699114
0.001061023 0.05599262 0.1555186 0.7874278
0.0009174587 0.05317933 0.1517934 0.7941098
0.0007792032 0.05186333 0.1649845 0.782373
0.000439157 0.0558329 0.1518946 0.7918334
0.002095229 0.06020876 0.1533104 0.7843857
0.0001218549 0.056202 0.167125 0.7765511
0.002193559 0.04915205 0.2002995 0.7483549
0.01105255 0.05028555 0.1687046 0.7699573
0.0003367879 0.05335859 0.1530937 0.7932109
0.01035129 0.04405086 0.1558768 0.789721
0.0007103825 0.05808848 0.1726364 0.7685647
0.006787409 0.04555329 0.1538654 0.7937939
0.007441204 0.03864039 0.1718801 0.7820383
0.01513499 0.05324928 0.175967 0.7556487
0.001064022 0.05744508 0.1772788 0.7642121
0.002609027 0.04776373 0.1752324 0.7743948
0.004668727 0.04525576 0.1702603 0.7798152
0.0006883468 0.04920169 0.1664948 0.7836151
0.001245842 0.05069444 0.150717 0.7973427
0.03082784 0.0515238 0.1315253 0.7861231
0.04578955 0.05573646 0.1229149 0.775559
0.0434871 0.06456 0.1353224 0.7566305
0.0004092572 0.05073994 0.1651142 0.7837366
0.001582194 0.06447198 0.1642359 0.7697099
0.005877207 0.04841607 0.171616 0.7740907
0.0028991 0.05381983 0.164043 0.779238
0.003581655 0.04694834 0.1389855 0.8104845
0.001007952 0.05288095 0.1488576 0.7972535
0.001060281 0.05545513 0.1505875 0.7928971
0.001458486 0.04475477 0.1684329 0.7853539
0.002303632 0.0540594 0.1553863 0.7882506
0.001570547 0.05502083 0.1618104 0.7815982
0.001496777 0.05214533 0.15872 0.7876379
0.004154221 0.05314277 0.1556284 0.7870746
0.004888819 0.05031592 0.1733252 0.77147
0.001452781 0.05227907 0.1459888 0.8002794
0.0003322239 0.0508221 0.1917867 0.7570589
0.001343024 0.05459942 0.1738376 0.7702199
0.001184338 0.05698103 0.1442563 0.7975783
0.00619181 0.06039355 0.1677444 0.7656702
0.00103156 0.06000662 0.1534683 0.7854935
0.001379276 0.04021378 0.1676743 0.7907327
0.0006545451 0.06510675 0.1626678 0.7715709
1.048593e-05 0.05708982 0.1455545 0.7973452
3.246319e-05 0.06874292 0.1518598 0.7793648
0.006832465 0.05768707 0.1430904 0.7923901
0.001433367 0.05564497 0.159955 0.7829666
5.567249e-05 0.04347595 0.1499139 0.8065545
0.001811666 0.05239249 0.1801837 0.7656121
0.0008106299 0.04939806 0.1486723 0.801119
0.0006836542 0.06213147 0.1639431 0.7732418
0.002182304 0.06962921 0.1518573 0.7763312
0.001344162 0.05324631 0.1788422 0.7665673
6.713328e-05 0.05338351 0.1621983 0.7843511
0.004250227 0.05790179 0.1772711 0.7605768
0.0003508535 0.05534811 0.1697862 0.7745148
0.001859182 0.05618197 0.1563542 0.7856047
0.00070308 0.06548025 0.1527968 0.7810199
0.0006322874 0.05763912 0.152925 0.7888036
5.68907e-05 0.04600385 0.1740048 0.7799344
0.003102122 0.04302547 0.1477865 0.8060859
0.0006817941 0.04436385 0.1837799 0.7711745
0.003143871 0.05774191 0.1684888 0.7706254
0.0005461009 0.05461644 0.174314 0.7705234
0.001247846 0.05322078 0.1980104 0.747521
0.0009664626 0.06222916 0.1502039 0.7866004
0.004624137 0.05231721 0.1566695 0.7863891
0.001788257 0.05178542 0.1611948 0.7852315
0.001806336 0.05052925 0.1480984 0.799566
0.0005286341 0.06481611 0.1546668 0.7799885
0.005435438 0.04577178 0.1634586 0.7853342
0.0008942286 0.05004815 0.1808522 0.7682054
0.001133758 0.05042046 0.1456275 0.8028183
0.0009093061 0.06760452 0.1608022 0.770684
0.01377147 0.04149709 0.1665816 0.7781498
0.003050884 0.04179092 0.1665008 0.7886574
0.004007985 0.05045692 0.1573075 0.7882276
0.001114942 0.04916902 0.1627741 0.7869419
0.001554282 0.05727034 0.1417971 0.7993782
0.001921239 0.05643814 0.1608798 0.7807609
0.003501392 0.06190144 0.1473218 0.7872754
0.001679195 0.05775272 0.1652535 0.7753146
0.008208034 0.0565473 0.1525572 0.7826875
0.006268432 0.03874334 0.1675974 0.7873909
0.005195164 0.0575044 0.1615454 0.775755
0.001042374 0.06550543 0.156825 0.7766272
0.0002131085 0.05075064 0.1667411 0.7822952
0.0001143614 0.06255375 0.165523 0.7718089
0.003506836 0.06337224 0.1730837 0.7600373
0.002903857 0.0556827 0.1785381 0.7628753
0.002663921 0.0625213 0.1596803 0.7751345
0.0004670534 0.06328822 0.1585525 0.7776922
0.0006663435 0.04521663 0.1557767 0.7983404
0.005740386 0.04859494 0.1761149 0.7695498
0.003971762 0.05916594 0.1708263 0.766036
0.0004722552 0.05976575 0.1744101 0.7653519
0.0008162922 0.0517192 0.1589059 0.7885586
0.000167455 0.0493911 0.1670016 0.7834399
0.000958844 0.05397504 0.1663905 0.7786756
0.0008032366 0.04996925 0.1654458 0.7837817
0.0004525143 0.05050757 0.1661282 0.7829117
0.003001265 0.06062072 0.1521854 0.7841926
0.002613459 0.06072407 0.166445 0.7702175
0.0008794901 0.05559073 0.1487727 0.7947571
0.0003197376 0.04404221 0.1604482 0.7951899
0.000177647 0.0636301 0.1660851 0.7701071
0.0003880158 0.05391813 0.147494 0.7981998
0.004916372 0.06029648 0.1724975 0.7622896
0.002129101 0.06529661 0.1482497 0.7843246
0.0006380013 0.05735733 0.1691415 0.7728631
0.00214151 0.05229023 0.1593254 0.7862429
0.0005185667 0.04059561 0.1492014 0.8096844
0.001019737 0.04794555 0.1586222 0.7924125
0.005245979 0.05728831 0.1828072 0.7546586
0.0002310713 0.0565697 0.1924535 0.7507457
0.01107509 0.05862855 0.1850215 0.7452749
0.00103644 0.05428888 0.1645851 0.7800896
0.001807126 0.05875383 0.1774176 0.7620214
0.002616854 0.0694451 0.1684688 0.7594693
0.0009497101 0.05053102 0.1595747 0.7889445
0.0005636323 0.05405749 0.1600916 0.7852873
0.001401698 0.04622756 0.166451 0.7859197
0.0003620874 0.05869647 0.1679395 0.773002
0.001212314 0.04255485 0.1697027 0.7865302
0.002545329 0.05667922 0.1816016 0.7591739
0.002678439 0.07094615 0.1666525 0.7597229
0.005868217 0.05219063 0.1671466 0.7747946
0.003879056 0.0496945 0.1531801 0.7932464
0.001526228 0.05021902 0.1694648 0.77879
8.048865e-05 0.06513271 0.1595142 0.7752726
0.003477995 0.04307811 0.1518002 0.8016437
0.000856556 0.06630788 0.1541416 0.778694
0.0008725367 0.05763157 0.1607512 0.7807447
0.001282529 0.0579982 0.1840205 0.7566987
1.829942e-05 0.06321191 0.1505809 0.7861889
0.0001913224 0.05675678 0.1756628 0.7673891
0.0009669438 0.05004365 0.1646373 0.7843521
0.0003204855 0.04972644 0.1644986 0.7854545
0.0007140619 0.04036421 0.1690551 0.7898666
0.0008153935 0.055705 0.1557949 0.7876847
0.0006610015 0.03469065 0.1808611 0.7837872
9.020169e-05 0.0442281 0.1582074 0.7974743
0.002650477 0.05563936 0.1879173 0.7537929
0.001942299 0.06607161 0.1818797 0.7501064
0.001339474 0.07021729 0.160896 0.7675472
8.501918e-05 0.0520479 0.1640024 0.7838646
0.001385468 0.04413725 0.186641 0.7678363
0.0008883938 0.05125737 0.1662461 0.7816081
0.0005178631 0.05735379 0.1755921 0.7665363
0.0009463348 0.06607028 0.1888833 0.7441
0.0005345794 0.05516242 0.1661664 0.7781366
0.00148471 0.0625876 0.1624504 0.7734773
0.02475303 0.05225899 0.1302146 0.7927734
0.04668297 0.05063019 0.1346128 0.768074
0.01678076 0.04608787 0.1521208 0.7850105
0.04095605 0.03330972 0.1478102 0.7779241
0.0417164 0.03784394 0.1258957 0.794544
0.03882076 0.05942665 0.1173767 0.7843759
0.03814476 0.05862305 0.1255172 0.777715
0.01413924 0.05394396 0.1449667 0.7869501
0.008949036 0.05547823 0.1392776 0.7962952
0.001607028 0.0720384 0.1525943 0.7737603
0.01062 0.04903522 0.1429247 0.7974201
0.001027246 0.04494995 0.1674752 0.7865476
0.004426437 0.05541305 0.1579302 0.7822303
0.0003155864 0.06768338 0.1481474 0.7838536
0.0003116446 0.05983051 0.1670831 0.7727748
5.39685e-05 0.03931111 0.1966923 0.7639427
0.001743401 0.04447123 0.1607959 0.7929894
0.001785664 0.04673359 0.1672874 0.7841933
0.001018443 0.05075228 0.196641 0.7515883
0.001007898 0.04874432 0.1752439 0.7750039
0.004889479 0.05313745 0.1697429 0.7722302
0.0008667592 0.05113507 0.1990612 0.748937
0.003272891 0.04923769 0.1567057 0.7907837
0.004809665 0.05097015 0.1716106 0.7726096
0.002343308 0.04773088 0.1611369 0.7887889
0.0003352515 0.05565034 0.1554368 0.7885776
0.001052899 0.06026809 0.1665059 0.7721731
0.000927604 0.04680983 0.1828098 0.7694527
0.0005072923 0.06193524 0.1573293 0.7802282
0.001020357 0.05916208 0.1663888 0.7734288
0.001603935 0.0586681 0.1647557 0.7749722
4.438866e-05 0.04169502 0.1618945 0.7963661
0.001966906 0.05731352 0.1541404 0.7865791
0.002575344 0.05268574 0.147131 0.7976079
0.00243647 0.05408973 0.1606389 0.7828349
0.0008593625 0.06425393 0.1705755 0.7643113
0.007826355 0.0576352 0.1757052 0.7588333
0.008899479 0.0646102 0.1565609 0.7699294
0.008193652 0.05014679 0.152841 0.7888186
0.0004576854 0.05010326 0.1669575 0.7824815
0.001008316 0.0423756 0.1680292 0.7885868
0.0007724478 0.05043855 0.1618322 0.7869568
0.001557137 0.05685939 0.1619941 0.7795894
0.001436671 0.06413498 0.1584002 0.7760282
0.0003460871 0.05410489 0.1724305 0.7731185
0.0005999745 0.06582435 0.1413178 0.7922579
0.0008885343 0.05161837 0.1578635 0.7896296
0.001038046 0.06212822 0.1597638 0.7770699
0.0002359875 0.0580402 0.1680013 0.7737226
0.0004069684 0.04072401 0.1532786 0.8055904
0.005668728 0.05827818 0.1505763 0.7854768
0.0001613585 0.05550539 0.1622114 0.7821219
0.001371602 0.05722946 0.1675132 0.7738857
0.0006215063 0.06095634 0.1594384 0.7789837
0.0002070762 0.04757016 0.1571848 0.795038
0.001499953 0.05051341 0.155614 0.7923726
2.668451e-05 0.06378288 0.1534785 0.7827119
0.001060149 0.05056298 0.1590059 0.789371
0.0007483927 0.04960273 0.1682258 0.7814231
0.0004383506 0.05074369 0.1654829 0.783335
0.001729682 0.05850863 0.1733542 0.7664075
0.00628454 0.06139687 0.1648322 0.7674864
0.001562893 0.04400488 0.1491637 0.8052686
0.0001903877 0.06258942 0.1878358 0.7493844
0.002255271 0.06606362 0.1635436 0.7681376
0.002714645 0.04720559 0.1771388 0.772941
0.003092514 0.06201102 0.1735535 0.7613429
0.001052592 0.06253188 0.1621341 0.7742814
0.0004087787 0.05927811 0.1632811 0.777032
0.0002491654 0.0354998 0.1658555 0.7983955
