p_1 p_2 p_3 p_4 
0.7308967 0.1673708 0.0002233737 0.1015092 
0.8557705 0.09401374 0.001154195 0.04906157 
0.7931494 0.1342059 0.007246363 0.06539842 
0.7943303 0.1340872 0.01768283 0.05389966 
0.8089654 0.1551211 0.004245055 0.03166843 
0.7860021 0.134667 0.04745652 0.03187439 
0.7341047 0.1768137 0.01124198 0.07783963 
0.7697024 0.143521 0.02468187 0.06209477 
0.7245939 0.1644844 0.02544964 0.08547204 
0.8006256 0.08175775 0.02597433 0.09164232 
0.8041549 0.1351389 0.0003072625 0.06039888 
0.7487001 0.1797475 0.01228653 0.05926582 
0.8097217 0.09909192 0.04572681 0.04545958 
0.8057266 0.03245546 0.09411546 0.0677025 
0.8492337 0.09748573 0.01798617 0.03529437 
0.6766156 0.2274541 0.0008423868 0.09508792 
0.7821952 0.1442194 0.007650376 0.06593508 
0.7780645 0.1605993 0.01307589 0.04826035 
0.7819481 0.1196995 0.02368729 0.07466505 
0.8457952 0.08743897 0.001904293 0.06486155 
0.7672905 0.1636386 0.005304338 0.06376658 
0.782334 0.09634035 0.008659782 0.1126658 
0.6849429 0.2401988 0.005486199 0.06937213 
0.8918729 0.05936742 0.002287512 0.04647215 
0.7965905 0.1372916 0.01588364 0.05023428 
0.8261418 0.08844903 0.03354058 0.05186863 
0.8050127 0.09581216 0.02007677 0.07909834 
0.8097905 0.1208381 0.01083227 0.05853913 
0.8321531 0.1014925 0.01569037 0.05066406 
0.7753663 0.1518359 0.001752665 0.07104517 
0.807662 0.1529154 0.002875915 0.03654664 
0.809135 0.105037 0.02495036 0.06087765 
0.7869718 0.1383061 0.01943802 0.05528401 
0.7737683 0.1427126 0.004555513 0.07896366 
0.8153952 0.1123884 0.03120317 0.0410132 
0.8573059 0.09688355 0.008610476 0.03720006 
0.8007068 0.1002134 0.005428248 0.09365159 
0.8254869 0.07217381 0.01602434 0.0863149 
0.767203 0.1479038 0.08186117 0.003032082 
0.8119806 0.1017424 0.01598578 0.07029127 
0.8106442 0.1512017 0.005344647 0.0328094 
0.7358573 0.1351079 0.03383061 0.09520421 
0.794014 0.1142926 0.01576994 0.07592345 
0.7637971 0.1998699 0.00553454 0.03079842 
0.8083603 0.124175 0.009933642 0.057531 
0.7643755 0.1740303 0.002302958 0.05929125 
0.7869206 0.1444133 0.01356702 0.05509906 
0.8455141 0.1048263 0.001787228 0.04787237 
0.8202678 0.07169565 0.03033494 0.07770166 
0.8176134 0.09251512 0.01561783 0.07425369 
0.8193224 0.03417389 0.1407694 0.005734323 
0.8202357 0.03137582 0.1432154 0.005173008 
0.806783 0.09262209 0.09309236 0.00750258 
0.7665792 0.04031292 0.1890065 0.004101371 
0.7825976 0.06385883 0.1365617 0.01698183 
0.7471454 0.05584037 0.1773558 0.01965841 
0.7290968 0.09572952 0.1531334 0.02204027 
0.784807 0.06174991 0.1103734 0.04306972 
0.8008389 0.075241 0.1174964 0.006423769 
0.8189403 0.03473013 0.1427678 0.003561761 
0.8396773 0.02257208 0.1315493 0.006201248 
0.738663 0.06482974 0.1663498 0.03015753 
0.8110878 0.06393445 0.1114618 0.01351599 
0.7836113 0.05623143 0.1338669 0.02629033 
0.7674087 0.06645902 0.1615396 0.004592634 
0.8122665 0.0766217 0.09981521 0.0112966 
0.8185431 0.04403275 0.1208862 0.01653799 
0.8185526 0.05674075 0.1158228 0.008883857 
0.8024487 0.04256036 0.1319287 0.02306227 
0.8353943 0.03325688 0.1135708 0.01777797 
0.8305548 0.05387232 0.1079113 0.007661588 
0.7939455 0.06864478 0.1352057 0.002204035 
0.815267 0.06085526 0.1220265 0.001851174 
0.7647631 0.1204702 0.1034518 0.01131492 
0.7962718 0.04886156 0.1541191 0.0007475058 
0.8065695 0.03787528 0.1478611 0.00769409 
0.8256249 0.05737479 0.1127797 0.004220668 
0.7584556 0.040332 0.1973714 0.003840987 
0.8368057 0.02885591 0.1030754 0.03126299 
0.7186489 0.03314268 0.2417406 0.006467887 
0.7662237 0.05707954 0.1728786 0.003818225 
0.7364469 0.05054847 0.1827197 0.03028496 
0.8174011 0.03767563 0.1226969 0.02222635 
0.8585742 0.04053452 0.08866861 0.01222263 
0.7847073 0.06444563 0.1340454 0.01680167 
0.7607178 0.08995248 0.1404452 0.00888452 
0.7720097 0.04688444 0.1787211 0.002384695 
0.8078293 0.05404654 0.1266528 0.01147134 
0.756687 0.05380681 0.1807895 0.00871667 
0.7773903 0.0207513 0.133678 0.0681804 
0.7602649 0.0363062 0.1924544 0.01097447 
0.8236179 0.07756523 0.09538631 0.003430569 
0.802372 0.0523056 0.1216851 0.02363735 
0.8666585 0.0473192 0.07420188 0.01182046 
0.7888991 0.05698218 0.126653 0.02746568 
0.7997594 0.04924378 0.1508113 0.0001855158 
0.7806818 0.06169858 0.1552119 0.002407773 
0.8483774 0.03760476 0.1122347 0.001783106 
0.7970899 0.04622722 0.1372253 0.01945759 
0.8242164 0.04766263 0.1216382 0.006482776 
0.8210677 0.03713196 0.1364511 0.005349217 
0.8559132 0.0573519 0.06749225 0.01924268 
0.7328607 0.02992203 0.2300816 0.007135611 
0.7801495 0.03507746 0.1846236 0.0001494272 
0.7634369 0.07002078 0.1417355 0.02480682 
0.7999667 0.07340093 0.1185267 0.008105613 
0.8196935 0.04662386 0.1045857 0.02909688 
0.8009966 0.03928608 0.1347248 0.02499248 
0.7670004 0.04006684 0.1709598 0.02197289 
0.6755192 0.07277393 0.2382712 0.01343575 
0.7859308 0.05617086 0.1476869 0.01021143 
0.8743311 0.01689149 0.07599067 0.03278674 
0.7166891 0.05163067 0.2236095 0.008070767 
0.8200034 0.03696711 0.1209485 0.02208099 
0.772146 0.06685829 0.1213335 0.03966218 
0.7934088 0.05239382 0.1326094 0.02158798 
0.81418 0.06349555 0.1190912 0.003233234 
0.7996952 0.02797762 0.1610262 0.01130102 
0.7516135 0.09072594 0.1444038 0.01325683 
0.8224421 0.04349529 0.1196239 0.01443874 
0.7836309 0.07116046 0.1296686 0.01554001 
0.7577056 0.05974761 0.1254484 0.05709843 
0.7414748 0.08223053 0.1094965 0.0667981 
0.8285947 0.03952624 0.098333 0.03354607 
0.7953742 0.02264911 0.1787025 0.003274164 
0.8408036 0.04297025 0.1155056 0.0007205653 
0.8508983 0.03912903 0.1080988 0.00187385 
0.8477934 0.04116438 0.09591772 0.01512449 
0.748302 0.105013 0.1394513 0.007233746 
0.7367799 0.05209306 0.1667616 0.04436547 
0.7929237 0.04626315 0.1326698 0.02814334 
0.7816943 0.0368005 0.1724455 0.009059788 
0.7959344 0.05656647 0.1448807 0.002618456 
0.7730167 0.04956836 0.1639816 0.01343332 
0.777932 0.05342113 0.1362049 0.03244202 
0.7798918 0.03235371 0.1710008 0.01675372 
0.7899567 0.0742889 0.1299661 0.005788378 
0.8127904 0.04397916 0.1380335 0.005196955 
0.734974 0.07693568 0.1869886 0.001101714 
0.8101688 0.04583354 0.1435994 0.0003982091 
0.7418404 0.07221775 0.1439604 0.04198148 
0.8908389 0.03696398 0.07088601 0.001311116 
0.7180487 0.05709731 0.2149854 0.0098686 
0.7803952 0.06508819 0.1536886 0.0008280527 
0.802888 0.08280171 0.1122597 0.002050639 
0.7438192 0.07790799 0.1760864 0.002186371 
0.8062084 0.09846506 0.09306158 0.002264917 
0.815685 0.0496046 0.1272264 0.007483971 
0.7809011 0.07827773 0.1330006 0.007820539 
0.7225425 0.0562838 0.1765691 0.04460457 
0.7714425 0.1321742 0.08338755 0.01299574 
0.7766804 0.01937366 0.1644081 0.03953787 
0.7844373 0.05416748 0.1483482 0.01304695 
0.7982128 0.03022729 0.1686246 0.002935308 
0.805892 0.04791536 0.1295379 0.01665469 
0.7470103 0.07909086 0.1569533 0.01694552 
0.7897167 0.08938418 0.1172925 0.003606597 
0.7857865 0.06757443 0.1410541 0.005584898 
0.8154054 0.04212877 0.1397299 0.002735906 
0.8129768 0.02978271 0.1147532 0.04248726 
0.841688 0.05458666 0.09770047 0.006024866 
0.7880455 0.05010029 0.1572933 0.004560852 
0.7676502 0.05955962 0.147788 0.02500222 
0.8550456 0.04435606 0.07245346 0.02814484 
0.8343301 0.01005461 0.1416401 0.01397515 
0.7807113 0.0180813 0.1351743 0.0660331 
0.8537958 0.03150239 0.06485937 0.04984242 
0.8145376 0.004787511 0.1279496 0.05272534 
0.8421824 0.005167374 0.1058639 0.04678633 
0.862105 0.003284311 0.1069817 0.02762902 
0.8803686 0.005439376 0.0756094 0.0385826 
0.7435082 0.001974179 0.2290972 0.02542045 
0.748946 0.0524177 0.1400147 0.05862161 
0.8178776 0.01278406 0.09212657 0.07721181 
0.8444282 0.01160586 0.1015017 0.04246423 
0.809296 0.03365398 0.1146385 0.04241152 
0.7913938 0.004881821 0.1644211 0.03930321 
0.8071914 0.03171493 0.08962232 0.07147135 
0.7536963 0.02878982 0.08415689 0.1333569 
0.7211924 0.01213871 0.1986617 0.06800726 
0.846292 0.01256717 0.08721574 0.05392508 
0.7613335 0.006413914 0.1949549 0.03729767 
0.7692189 0.009340279 0.1240093 0.09743152 
0.8219833 0.007415595 0.135316 0.03528509 
0.8235019 0.01897174 0.1176037 0.03992264 
0.8324808 0.01918119 0.1268528 0.02148518 
0.7568125 0.01329318 0.156768 0.07312633 
0.8205284 0.02843221 0.09131442 0.05972497 
0.7670928 0.02478095 0.1228411 0.08528517 
0.8630762 0.01752605 0.09521583 0.02418193 
0.8193785 0.0005104412 0.1367775 0.04333365 
0.8262423 0.03093011 0.1074819 0.03534565 
0.771787 0.02870101 0.1698479 0.02966407 
0.7895478 0.000608027 0.1742775 0.03556667 
0.80048 0.001981109 0.1334313 0.06410759 
0.8046463 0.007129487 0.1223684 0.06585579 
0.790889 0.005825313 0.1365494 0.06673625 
0.7705892 0.003695312 0.1566564 0.06905913 
0.7763928 0.0693187 0.1371458 0.01714272 
0.7614646 0.07502111 0.1532954 0.0102189 
0.8581311 0.03363245 0.1079777 0.0002588308 
0.6903309 0.1959937 0.1113887 0.002286708 
0.7485753 0.1290286 0.1075091 0.01488703 
0.8164185 0.01140178 0.1453443 0.02683538 
0.8049551 0.02443878 0.1447317 0.0258744 
0.7739539 0.09099514 0.1064928 0.02855824 
0.7723124 0.08997943 0.1342229 0.003485283 
0.7898147 0.04872308 0.1254694 0.03599277 
0.7677486 0.04049115 0.1116264 0.08013383 
0.8090214 0.009240336 0.07913098 0.1026072 
0.8698464 0.003334728 0.07996709 0.04685174 
0.7279619 0.02910981 0.197537 0.04539125 
0.7566543 0.001177511 0.172019 0.07014921 
0.844092 0.0287288 0.05801048 0.06916874 
0.8014522 0.01032349 0.1485519 0.03967232 
0.7855986 0.01119325 0.114155 0.08905308 
0.8228913 0.02356771 0.100754 0.05278703 
0.7652125 0.0133064 0.118177 0.1033041 
0.7266397 0.07531 0.1635752 0.03447513 
0.7883706 0.0062085 0.121578 0.0838429 
0.8265286 0.01199687 0.1197425 0.04173205 
0.7709311 0.03749521 0.1410638 0.05050996 
0.7728755 0.003339233 0.1526451 0.07114012 
0.8078396 0.07245889 0.1000435 0.01965796 
0.7433411 0.08962913 0.160706 0.006323839 
0.8068507 0.05155439 0.1344478 0.007147102 
0.829379 0.08341215 0.06534444 0.02186438 
0.8533119 0.01373928 0.1319414 0.001007449 
0.7702815 0.1292071 0.08305295 0.01745844 
0.8408674 0.0269916 0.1283287 0.003812227 
0.7415101 0.0597242 0.1878191 0.01094658 
0.8243639 0.04914652 0.0269264 0.09956318 
0.7942395 0.03055621 0.02120518 0.1539991 
0.7727602 0.09813229 0.003145894 0.1259616 
0.7696401 0.07333235 0.01137474 0.1456528 
0.7964107 0.01445021 0.01605835 0.1730808 
0.7910182 0.05869378 0.01585741 0.1344306 
0.7167245 0.07659625 0.003283211 0.203396 
0.7442917 0.07364147 0.01900342 0.1630634 
0.710018 0.03810927 0.07775493 0.1741178 
0.7679333 0.05810694 0.05317275 0.1207871 
0.79681 0.04257147 0.0005556436 0.1600629 
0.774274 0.04464556 0.01604319 0.1650372 
0.7456586 0.07667893 6.999807e-06 0.1776555 
0.8210902 0.0612871 0.02075531 0.09686737 
0.7865645 0.0315205 0.001336274 0.1805788 
0.8213082 0.05220364 0.006977008 0.1195111 
0.8458529 0.03584101 0.005548263 0.1127578 
0.8256612 0.03759503 0.0287478 0.1079959 
0.7619926 0.08561567 0.02053167 0.1318601 
0.7844176 0.09767004 0.01129946 0.1066129 
0.85722 0.0348206 0.004149879 0.1038096 
0.8518154 0.03732833 0.002790608 0.1080656 
0.7714321 0.08313594 0.008734674 0.1366973 
0.7837596 0.0423006 0.002317753 0.171622 
0.7895771 0.02916615 0.004767031 0.1764898 
0.758334 0.1011082 0.001664177 0.1388936 
0.8083015 0.07843731 0.00869747 0.1045638 
0.7576142 0.09946032 0.01555185 0.1273736 
0.7995179 0.0402639 0.02607833 0.1341399 
0.7979431 0.1180303 0.01174706 0.07227955 
0.7854018 0.07641683 0.03231676 0.1058646 
0.7380631 0.125678 0.005159077 0.1310998 
0.7934101 0.01116217 0.06298987 0.1324378 
0.7538243 0.02591442 0.07510777 0.1451535 
0.7164318 0.02161245 0.05902346 0.2029323 
0.7711818 0.007482381 0.04824953 0.1730863 
0.7543679 0.03390052 0.0337607 0.1779709 
0.8358154 0.01442235 0.04387972 0.1058825 
0.7657716 0.009294697 0.06092679 0.1640069 
0.830229 0.004126479 0.04585642 0.1197881 
0.7640956 0.1083245 0.1124786 0.01510132 
0.7366383 0.1836886 0.07081528 0.008857797 
0.7992454 0.1132433 0.08335323 0.004158026 
0.84669 0.1090774 0.02565685 0.01857569 
0.7973867 0.160632 0.03172375 0.01025751 
0.7825796 0.09298381 0.09582823 0.02860835 
0.7272436 0.09451888 0.08424744 0.09399012 
0.7703798 0.08135358 0.01440735 0.1338592 
0.8110769 0.05024846 0.008559754 0.1301149 
0.8408001 0.01876358 0.0352478 0.1051885 
0.8001467 0.07459364 0.001590888 0.1236688 
0.7535405 0.04881423 0.007563304 0.190082 
0.8402986 0.04655773 0.0009517668 0.1121919 
0.7924404 0.05159092 0.001794191 0.1541745 
0.8055779 0.02674505 0.001939031 0.165738 
0.8215317 0.0679076 0.009982564 0.1005782 
0.8366206 0.05633844 0.001100629 0.1059403 
0.8598593 0.04745972 0.0004378428 0.09224315 
0.8243071 0.05331876 0.001301932 0.1210722 
0.7857643 0.06397364 0.01632631 0.1339358 
0.9027803 0.03300334 0.03579827 0.02841807 
0.7948929 0.03063195 0.07062497 0.1038502 
0.7873281 0.01575126 0.07416339 0.1227572 
0.8141003 0.03039782 0.04032595 0.1151759 
0.8443899 0.003716532 0.03280511 0.1190884 
0.7623519 0.03944348 0.1793238 0.01888084 
0.8592569 0.0008327455 0.03613404 0.1037763 
0.7677441 0.006296285 0.04121113 0.1847485 
0.7526795 0.003366772 0.07196903 0.1719847 
0.7460073 0.02368897 0.05298433 0.1773194 
0.8185574 0.03096949 0.02337541 0.1270977 
0.8244282 0.0006031005 0.04920533 0.1257633 
0.758414 0.003207194 0.09507381 0.143305 
0.7574059 0.06840251 0.04089362 0.1332979 
0.82248 0.001802237 0.06298311 0.1127346 
0.8541175 0.004814069 0.04619774 0.09487066 
0.8081856 0.006866403 0.05631016 0.1286378 
0.8011341 0.0006121132 0.04272501 0.1555288 
0.8417996 0.00803133 0.04853206 0.101637 
0.7977294 0.006804956 0.06196953 0.1334961 
0.737759 0.03308472 0.03962935 0.1895269 
0.8417274 0.004313893 0.05923321 0.09472549 
0.8445542 0.00472809 0.04200247 0.1087152 
0.7821712 0.004991189 0.03793315 0.1749044 
0.7949326 6.191641e-05 0.0638037 0.1412018 
0.8117801 0.00040177 0.06222181 0.1255964 
0.7077973 0.02013796 0.07193712 0.2001276 
0.7718745 0.02966315 0.05053477 0.1479276 
0.8086699 0.01417924 0.0468455 0.1303054 
0.8006094 0.02333173 0.06116672 0.1148922 
0.8605292 0.02028157 0.03913844 0.08005076 
0.8312082 0.001642896 0.0881351 0.07901385 
0.7944422 0.02434759 0.08901544 0.09219478 
0.7659301 0.0158658 0.09060261 0.1276015 
0.8711464 0.005275379 0.02822963 0.09534858 
0.7691935 0.01170263 0.06897079 0.1501331 
0.8025334 0.01200771 0.06764829 0.1178106 
0.8216859 0.008416244 0.07432219 0.09557563 
0.8440409 5.244423e-06 0.05974887 0.09620502 
0.8687985 0.004428192 0.0644435 0.06232983 
0.779425 0.01339326 0.0801519 0.1270299 
0.8770463 0.001001098 0.03171009 0.09024251 
0.7640121 0.01496667 0.03897464 0.1820466 
0.7608167 0.01405746 0.03334438 0.1917814 
0.7779149 0.007828662 0.06443273 0.1498237 
0.7889319 0.04026007 0.02836125 0.1424467 
0.835471 0.005460517 0.04232449 0.116744 
0.8128222 0.01468422 0.06990755 0.102586 
0.7368075 0.01833472 0.042892 0.2019658 
0.795929 0.01123665 0.05399959 0.1388348 
0.7491505 0.009365247 0.07096436 0.1705199 
0.8055523 0.01543515 0.1015076 0.07750488 
0.7773901 0.0007464041 0.1064023 0.1154612 
0.8103437 0.02914005 0.04347615 0.1170401 
0.7662983 0.02944226 0.09657161 0.1076878 
0.7695285 0.006087044 0.04560687 0.1787776 
0.7996951 0.02952324 0.04671282 0.1240688 
0.8260418 0.01393087 0.119371 0.0406563 
0.7573149 0.01842077 0.1255982 0.09866617 
0.8544306 0.007682376 0.02444467 0.1134423 
0.7869132 0.007601154 0.02478362 0.180702 
0.8193671 0.03318607 0.01914753 0.1282993 
0.8149187 0.0276086 0.04880444 0.1086682 
0.7930636 0.02042161 0.06941825 0.1170966 
0.8658563 0.01438088 0.02867092 0.09109193 
0.784254 0.007817195 0.05807501 0.1498538 
0.7932999 0.04060823 0.03118566 0.1349062 
0.7917312 0.1304804 0.007564447 0.07022394 
0.8063999 0.07793454 0.01557005 0.1000955 
0.8120836 0.01817743 0.005281108 0.1644579 
0.7819816 0.03630926 0.03859027 0.1431188 
0.7474173 0.08142604 0.01421941 0.1569372 
0.7777123 0.02304327 0.03295439 0.1662901 
0.8220867 0.0002759368 0.06865599 0.1089813 
0.8407518 0.007550861 0.05366487 0.09803244 
0.8574937 0.004580137 0.05585933 0.08206687 
0.8270741 0.05200018 0.05121249 0.06971329 
0.7821744 0.01625387 0.08758936 0.1139824 
0.7837798 0.01148817 0.0754579 0.1292741 
0.7698352 0.01882018 0.09153807 0.1198066 
0.835029 0.00104267 0.03898814 0.1249402 
0.7909671 0.0224234 0.06016061 0.1264489 
0.8146431 0.01451996 0.03824181 0.1325952 
0.8041053 0.007504927 0.08487098 0.1035188 
0.7598444 0.05556968 0.06425371 0.1203322 
0.7805199 0.000781638 0.05595109 0.1627473 
0.8476077 0.006068147 0.09008813 0.05623602 
0.7836733 0.01165654 0.06112649 0.1435436 
0.8395472 0.0001193362 0.0804468 0.07988663 
0.7637893 0.0001564509 0.07772795 0.1583263 
0.8705702 0.01451124 0.03501342 0.07990517 
0.7285702 0.001035441 0.08722926 0.1831651 
0.7924717 0.008449933 0.06663299 0.1324454 
0.851233 0.008687019 0.070392 0.06968797 
0.7927963 0.007739968 0.05945726 0.1400064 
0.7705978 0.005784691 0.0847656 0.138852 
0.8291461 0.03345734 0.04150009 0.09589648 
0.8340312 0.005749828 0.05641029 0.1038087 
0.8178466 0.03715934 0.01948124 0.1255128 
0.7866222 0.002649602 0.07653209 0.1341961 
0.7351041 0.008245392 0.06797296 0.1886775 
0.7980416 0.005617409 0.05092317 0.1454178 
0.7568945 0.01288277 0.08637648 0.1438463 
0.8575135 0.01108867 0.03553424 0.09586358 
0.7779932 0.02518193 0.0833755 0.1134494 
0.8150064 0.01758696 0.06919737 0.09820922 
0.8286151 0.006090359 0.05312635 0.1121682 
0.7701819 0.04522543 0.0360498 0.1485428 
0.7943591 0.004105062 0.06500844 0.1365274 
0.7835878 0.01466486 0.06553694 0.1362104 
0.7523864 0.007393227 0.05922369 0.1809967 
0.8477342 0.01288552 0.04705232 0.09232802 
0.8150415 0.01750619 0.07664186 0.09081042 
0.7918458 0.03648847 0.04211601 0.1295497 
0.8210282 0.002745927 0.04192483 0.134301 
0.8699865 0.02192591 0.04813287 0.05995471 
0.7818719 0.01734831 0.05321059 0.1475692 
0.8107692 0.1464713 0.02289543 0.01986409 
0.76153 0.1704632 0.06346602 0.004540731 
0.8319203 0.1069714 0.06107473 3.351611e-05 
0.7693461 0.1136401 0.1065088 0.01050496 
0.7501908 0.1644421 0.03590662 0.04946047 
0.7838889 0.136492 0.04764675 0.03197238 
0.8147588 0.1251747 0.05270323 0.007363224 
0.7420366 0.1749964 0.07038913 0.01257786 
0.8092772 0.1265461 0.04484374 0.01933288 
0.7856712 0.1282131 0.07303255 0.01308313 
0.8379131 0.1142897 0.03222111 0.01557613 
0.8242713 0.09627398 0.07373305 0.005721625 
0.7746683 0.1395888 0.06013292 0.02561 
0.8524115 0.09210127 0.0508125 0.004674763 
0.8001085 0.1283637 0.0460781 0.02544974 
0.7471267 0.1586975 0.0868407 0.007335057 
0.8232933 0.1278638 0.0259449 0.02289805 
0.7788224 0.1254343 0.08960605 0.00613727 
0.7884622 0.1618375 0.04099895 0.008701309 
0.8140321 0.1013114 0.07657701 0.008079411 
0.8097629 0.0937827 0.01782507 0.07862931 
0.8203426 0.08366934 0.03956735 0.05642072 
0.8128937 0.1416799 0.001696314 0.04373009 
0.806993 0.1398186 0.01820696 0.03498147 
0.7676772 0.07725468 0.09367763 0.06139047 
0.8115573 0.1070591 0.007120471 0.07426308 
0.7976393 0.1507502 0.01016556 0.04144493 
0.7895974 0.1339504 0.01319431 0.06325783 
0.7192926 0.1783194 0.03956451 0.06282357 
0.7924052 0.1445267 0.006199468 0.05686865 
0.7093422 0.1579119 0.05552348 0.07722251 
0.8376926 0.1069779 0.01595128 0.03937828 
0.8272488 0.08870256 0.008106825 0.07594183 
0.7829067 0.1087534 0.01633434 0.09200562 
0.7786671 0.1544816 0.009315504 0.05753578 
0.7682052 0.1476609 0.001009639 0.08312427 
0.7716744 0.1036922 0.04151643 0.08311699 
0.7835987 0.1167763 0.01646794 0.083157 
0.7566903 0.1916849 0.008338813 0.04328603 
0.7675331 0.1230816 0.03071254 0.07867268 
0.780612 0.158101 0.02939677 0.03189026 
0.7479219 0.1736592 0.02358037 0.05483851 
0.7978324 0.1175572 0.01583609 0.0687743 
0.8041222 0.1297344 0.01843222 0.04771113 
0.8303704 0.108847 0.02033479 0.0404478 
0.7726787 0.1584649 0.0007642621 0.06809215 
0.7718575 0.1675392 0.01233617 0.04826709 
0.746371 0.1565846 0.01831512 0.07872925 
0.7279943 0.1592371 0.009345348 0.1034233 
0.7644492 0.1677538 0.001459544 0.06633753 
0.7823322 0.1531333 0.01138464 0.05314985 
0.7786372 0.151362 0.03032003 0.03968079 
0.7594509 0.1839519 0.01541898 0.04117822 
0.8275126 0.08894246 0.03846504 0.0450799 
0.7398267 0.1630639 0.05431453 0.04279487 
0.6882464 0.2191959 0.01094849 0.08160916 
0.8048682 0.1461711 0.01045183 0.03850887 
0.7764669 0.1470366 0.0290442 0.04745234 
0.8250926 0.1213957 0.00621994 0.04729174 
0.7749253 0.1162211 0.001353865 0.1074997 
0.8257143 0.1347116 0.005262717 0.03431137 
0.8527972 0.08580587 0.01285179 0.04854515 
0.8139157 0.1339907 0.001155473 0.05093811 
0.7648548 0.1243655 0.04277112 0.06800857 
0.8126333 0.1104888 0.003371857 0.07350606 
0.7792867 0.1105142 0.0009392507 0.1092598 
0.7481302 0.2256215 0.004800224 0.02144805 
0.826015 0.002539045 0.05788511 0.1135609 
0.8277266 0.0560418 0.03334585 0.08288571 
0.8122829 0.0004293891 0.073659 0.1136287 
0.7738073 0.01413475 0.05623889 0.155819 
0.7732073 0.001618531 0.05390322 0.1712709 
0.8556054 0.004093206 0.03819354 0.1021078 
0.835977 0.01643113 0.05266462 0.09492724 
0.727934 0.03529873 0.06786802 0.1688993 
0.817045 0.004276467 0.04921272 0.1294658 
0.8429239 0.008921494 0.03837705 0.1097776 
0.766268 0.03992876 0.04092716 0.1528761 
0.7285706 0.01163852 0.04184467 0.2179462 
0.8008387 0.03021112 0.08793832 0.08101182 
0.8020172 0.001676499 0.06982832 0.1264779 
0.7687695 0.001269541 0.07688115 0.1530798 
0.8070922 0.003551051 0.04657167 0.1427851 
0.7781431 0.008021264 0.08211101 0.1317247 
0.8123227 0.02084754 0.04349333 0.1233364 
0.7465329 0.1614934 0.05520641 0.03676729 
0.8619317 0.09273414 0.04525544 7.875457e-05 
0.8566562 0.1017167 0.02838478 0.01324231 
0.726464 0.1579762 0.05987635 0.05568341 
0.8104982 0.1324338 0.05510117 0.001966782 
0.7948682 0.129076 0.06221847 0.01383728 
0.8495129 0.1126283 0.01906956 0.01878917 
0.8126076 0.1344626 0.03518825 0.01774153 
0.7647636 0.1612203 0.07193915 0.002076981 
0.8470596 0.09410362 0.0574303 0.001406476 
0.8129237 0.1157367 0.05577062 0.015569 
0.6967471 0.2243814 0.05068046 0.02819098 
0.8278522 0.1102458 0.04805445 0.01384759 
0.8568553 0.09172455 0.04947626 0.001943911 
0.7707733 0.1646399 0.06166722 0.002919556 
0.7462733 0.1712529 0.0809377 0.001536089 
0.805807 0.1172358 0.05279798 0.02415926 
0.8291843 0.1107035 0.04512483 0.01498736 
0.8336811 0.1217356 0.03519269 0.009390674 
0.827623 0.1178686 0.05179771 0.002710673 
0.8042669 0.1125118 0.06826405 0.01495721 
0.7736669 0.1577625 0.05085933 0.01771121 
0.7013379 0.1803565 0.09850191 0.01980371 
0.8704637 0.08098894 0.04732379 0.001223564 
0.8082517 0.1432525 0.03831677 0.01017903 
0.8330724 0.133267 0.03016118 0.003499373 
0.7864344 0.1297212 0.06138196 0.02246241 
0.6823315 0.2210709 0.08495848 0.01163912 
0.79177 0.1256269 0.05570353 0.02689953 
0.8288492 0.1041771 0.05545494 0.01151877 
0.7835412 0.1758053 0.01235864 0.02829492 
0.8220033 0.1116726 0.06562188 0.0007022151 
0.7660861 0.1022538 0.1044512 0.02720891 
0.8627096 0.05840476 0.07501751 0.003868133 
0.7220997 0.171679 0.07578584 0.03043554 
0.8047192 0.1363841 0.05184471 0.007051922 
0.7993293 0.1534385 0.04277151 0.004460764 
0.7581463 0.1655657 0.05821711 0.01807097 
0.7821004 0.1296755 0.08256641 0.005657615 
0.8609232 0.1008383 0.03071928 0.007519201 
0.802221 0.08336699 0.07561999 0.03879198 
0.8225423 0.1040088 0.04961051 0.02383843 
0.7857561 0.1351389 0.07487385 0.004231134 
0.8210625 0.1232659 0.0476085 0.00806317 
0.7159811 0.1796582 0.08546282 0.01889786 
0.7463634 0.1722021 0.04672011 0.03471442 
0.7397245 0.1668409 0.08072407 0.01271049 
0.8226492 0.1101434 0.05545637 0.01175106 
0.7397691 0.1370239 0.1057967 0.01741031 
0.7671136 0.1625817 0.06944954 0.000855125 
0.8061293 0.1400329 0.002813796 0.05102397 
0.767224 0.1670985 0.007879211 0.05779834 
0.8428507 0.1357546 0.003969806 0.01742486 
0.8124444 0.1319549 0.03256989 0.02303081 
0.7883048 0.1265685 0.008282701 0.07684407 
0.7420111 0.1447811 0.006832459 0.1063753 
0.8526516 0.08454121 0.02398129 0.03882594 
0.8046658 0.1443127 0.009178844 0.04184261 
0.8373456 0.1085721 4.156948e-05 0.05404074 
0.8441671 0.1071671 0.005299224 0.04336655 
0.8255119 0.09956776 0.02181734 0.05310299 
0.7933341 0.1330694 0.01275153 0.06084494 
0.8282705 0.1174759 0.01620429 0.0380494 
0.8616149 0.08794184 0.005319579 0.04512368 
0.7842369 0.1452872 0.0004483345 0.07002756 
0.7618318 0.1701076 0.01310401 0.0549566 
0.7277751 0.1941938 0.00989624 0.06813493 
0.7556683 0.1559642 0.0003758542 0.08799168 
0.7014595 0.1638978 0.0348784 0.09976436 
0.8234741 0.1191475 0.02485962 0.03251883 
0.7628671 0.1506688 0.03486041 0.05160372 
0.7545706 0.1404783 0.01003967 0.09491152 
0.7974797 0.1422573 0.01639578 0.04386714 
0.7760511 0.08098785 0.06290352 0.08005749 
0.8664936 0.07427923 0.006320876 0.0529063 
0.7917921 0.100276 0.01937288 0.08855907 
0.6752925 0.2019692 0.05566235 0.06707597 
0.8191615 0.1060335 0.03566545 0.03913964 
0.8218664 0.1201661 0.006406224 0.05156125 
0.8582015 0.1076 0.005266203 0.02893234 
0.8499024 0.06463807 0.003015631 0.0824439 
0.8345386 0.08321877 0.002107227 0.08013541 
0.7440752 0.1380084 0.03874122 0.07917521 
0.8393668 0.06995802 0.006625562 0.08404958 
0.7566566 0.1916719 0.0208624 0.0308091 
0.8405543 0.1201885 0.001881901 0.03737531 
0.8363049 0.0976299 0.02512091 0.04094428 
0.8549679 0.1100152 0.001836036 0.03318084 
0.8109952 0.1448078 0.002070781 0.04212617 
0.773511 0.1734171 0.01394081 0.03913111 
0.804801 0.1268642 0.006465555 0.06186925 
0.7869176 0.1729354 0.004945402 0.03520163 
0.7884553 0.128429 0.02248245 0.06063316 
0.8285708 0.1066652 0.0633446 0.001419377 
0.7623352 0.1718437 0.05257271 0.01324833 
0.7974339 0.06577026 0.04256112 0.09423475 
0.7960963 0.01942742 0.04841529 0.136061 
0.7725154 0.01534792 0.04662768 0.165509 
0.7550068 0.05651136 0.04852937 0.1399525 
0.7593518 0.01968934 0.03446954 0.1864893 
0.7728407 0.02684576 0.0431653 0.1571482 
0.7490806 0.0021642 0.0680944 0.1806608 
0.820216 0.04511118 0.03599911 0.09867371 
0.8588183 0.003609151 0.05248553 0.08508699 
0.8705724 0.009612166 0.0798597 0.03995575 
0.8679501 0.003397661 0.03244123 0.09621099 
0.8861073 0.02106057 0.02131459 0.07151753 
0.7814323 0.005219618 0.06499532 0.1483527 
0.7736591 0.02026992 0.06078684 0.1452841 
0.7926258 0.01384953 0.04216716 0.1513575 
0.737854 0.01103652 0.04506397 0.2060455 
0.790587 0.02472599 0.05182531 0.1328617 
0.8005486 0.02180149 0.06499096 0.112659 
0.6993665 0.01976912 0.05160983 0.2292545 
0.8750759 0.004088075 0.03381706 0.087019 
0.8523416 0.00493314 0.06916471 0.07356054 
0.8025314 0.00155225 0.03506614 0.1608502 
0.7633668 0.001444583 0.06721719 0.1679714 
0.771784 0.0144227 0.02732033 0.186473 
0.8602935 0.007619277 0.05987064 0.07221654 
0.8002705 0.005965347 0.04272495 0.1510392 
0.7703334 0.01778018 0.07322498 0.1386614 
0.8521175 0.01375004 0.05395446 0.08017805 
0.7945102 0.02807927 0.06654182 0.1108687 
0.8843381 0.006810621 0.04999207 0.05885918 
0.7689802 0.01075217 0.07145437 0.1488133 
0.7408985 0.005446072 0.08454549 0.1691099 
0.7709897 0.003745123 0.07167482 0.1535904 
0.7978115 0.0005786866 0.07038495 0.1312248 
0.7668807 0.02205292 0.03293277 0.1781336 
0.834134 0.05285701 0.02885042 0.0841586 
0.769418 0.02313884 0.1092529 0.09819024 
0.8193152 0.01355842 0.09914624 0.06798012 
0.8039436 0.007239499 0.02451189 0.164305 
0.7999249 0.0452656 0.03669768 0.1181118 
0.8147137 0.02449204 0.05264205 0.1081522 
0.7796525 0.01535817 0.0707889 0.1342005 
0.8401458 0.00116331 0.08160372 0.07708712 
0.731529 0.04622663 0.03835594 0.1838884 
0.7815886 0.008188154 0.08018969 0.1300336 
0.739713 0.01144585 0.06780549 0.1810356 
0.7607979 0.009117785 0.02568925 0.2043951 
0.7684975 0.0298872 0.04960757 0.1520077 
0.8199723 0.00127179 0.04457203 0.1341839 
0.8018467 0.01281201 0.07829405 0.1070472 
0.8084731 0.02188445 0.04645411 0.1231884 
0.778653 0.00895311 0.0935825 0.1188114 
0.8108874 0.03009083 0.01992413 0.1390976 
0.8474181 0.00277065 0.05677624 0.09303502 
0.8199484 0.00606952 0.03450517 0.1394769 
0.8329817 0.00645288 0.03420531 0.1263601 
0.7619596 0.04458003 0.02590081 0.1675596 
0.7231793 0.005364094 0.09847909 0.1729775 
0.7193114 0.02826766 0.0491275 0.2032934 
0.8007292 0.02422262 0.02326863 0.1517795 
0.8020073 0.007547496 0.01931001 0.1711352 
0.7873318 0.02564914 0.04987365 0.1371454 
0.8271324 0.004538608 0.05276616 0.1155629 
0.7882404 0.002762251 0.1187356 0.09026167 
0.7919783 0.02942508 0.0492816 0.129315 
0.7505838 0.05740727 0.04217586 0.1498331 
0.7870864 0.01091234 0.06759433 0.134407 
0.8143786 0.001155526 0.04713292 0.1373329 
0.771505 0.03969897 0.02694301 0.161853 
0.806521 0.04348593 0.04493871 0.1050543 
0.8010545 0.01766088 0.05262166 0.1286629 
0.7426082 0.03120399 0.08586957 0.1403183 
0.7957495 0.04913309 0.03826194 0.1168554 
0.7588273 0.015971 0.06933449 0.1558672 
0.7949035 0.02121972 0.06864965 0.1152272 
0.8434241 0.01812002 0.0368453 0.1016106 
0.738179 0.03964426 0.08010467 0.1420721 
0.7982289 0.008313018 0.05026386 0.1431942 
0.7863684 0.01075176 0.0695885 0.1332914 
0.7876329 0.009033477 0.05019803 0.1531356 
0.7769707 0.01772315 0.09586044 0.1094457 
0.8176503 0.02797145 0.03013524 0.124243 
0.7667152 0.0312502 0.06566535 0.1363692 
0.8020357 0.005996582 0.06878788 0.1231798 
0.845228 0.00968753 0.04865117 0.09643328 
0.7367644 0.02102672 0.0921272 0.1500817 
0.7690894 0.03656089 0.08852328 0.1058264 
0.7880311 0.001375246 0.04879278 0.1618008 
0.8092038 0.00475484 0.04255596 0.1434854 
0.787405 0.01191834 0.06812689 0.1325497 
0.8300451 0.00972715 0.04476048 0.1154672 
0.8295654 0.004467955 0.05223743 0.1137292 
0.7475548 0.01625828 0.0984011 0.1377858 
0.7830271 0.00456541 0.08764071 0.1247668 
0.7543332 0.01693569 0.09530108 0.13343 
0.7864559 0.0212127 0.07147452 0.1208569 
0.798594 0.01512363 0.06534236 0.12094 
0.7182681 0.004714158 0.06458008 0.2124377 
0.8330369 0.04047733 0.02185848 0.1046273 
0.7950444 0.02077611 0.04506834 0.1391112 
0.711384 0.02311241 0.1059472 0.1595565 
0.7767276 0.001155315 0.05320494 0.1689122 
0.8138957 0.003366518 0.05989288 0.1228449 
0.836717 0.009257841 0.05917932 0.09484581 
0.7588964 0.000525631 0.04084849 0.1997295 
0.7983878 0.008927362 0.0600326 0.1326522 
0.8009061 0.002467845 0.08065948 0.1159666 
0.8559346 0.01684033 0.04424829 0.08297683 
0.738258 0.007219883 0.09976832 0.1547538 
0.8304449 0.009410608 0.03991502 0.1202294 
0.8225938 0.00491933 0.03829491 0.134192 
0.871542 0.02556776 0.03710573 0.06578452 
0.8799648 0.01302163 0.03725213 0.06976149 
0.8061898 0.005544529 0.05770629 0.1305594 
0.8288694 0.009710511 0.02375532 0.1376648 
0.8509616 0.005824723 0.06876114 0.07445259 
0.8265205 0.006431629 0.05525093 0.1117969 
0.7678587 0.007135135 0.08896459 0.1360416 
0.8426792 0.02865995 0.03957792 0.08908297 
0.8338561 0.003630288 0.06980339 0.09271023 
0.767133 0.009164351 0.07383046 0.1498722 
0.7878968 0.008633261 0.0504601 0.1530099 
0.7999721 0.001177686 0.07094218 0.127908 
0.7252732 0.01507806 0.08052023 0.1791285 
0.7653315 0.0003777059 0.07058043 0.1637104 
0.8216405 0.005028108 0.07969599 0.09363538 
0.8106167 0.01844728 0.0664888 0.1044473 
0.8636274 0.00505841 0.03626278 0.09505142 
0.8258606 0.01888435 0.04714935 0.1081057 
0.7718426 0.01703089 0.07608741 0.1350391 
0.8618415 0.0005193833 0.04507269 0.09256639 
0.8385749 0.01798255 0.04500946 0.09843304 
0.7674886 0.03552157 0.05582865 0.1411612 
0.8147771 0.06367923 0.03928574 0.08225793 
0.7520724 0.03829201 0.05142538 0.1582102 
0.8767748 0.002101808 0.02480437 0.09631906 
0.8273657 0.008327196 0.04986695 0.1144401 
0.8533055 0.002572644 0.01398956 0.1301323 
0.7683161 0.03424132 0.07477419 0.1226684 
0.8509466 0.07772539 0.01447142 0.05685655 
0.8578229 0.0522294 0.02561255 0.06433519 
0.7390702 0.08478422 0.01526898 0.1608766 
0.7938612 0.05182449 0.002704908 0.1516094 
0.8221997 0.005506393 0.03302645 0.1392675 
0.8059171 0.01186453 0.04362866 0.1385897 
0.753493 0.04528676 0.04411941 0.1571009 
0.8680611 0.01996912 0.03136403 0.08060574 
0.7711215 0.03040808 0.0683893 0.1300812 
0.7325706 0.001019747 0.08487429 0.1815354 
0.7506542 0.009332734 0.1104685 0.1295446 
0.8303629 0.03450027 0.0757257 0.0594111 
0.8352864 0.01818937 0.02808465 0.1184396 
0.7600193 0.02302686 0.08123957 0.1357143 
0.8581849 0.001349781 0.06867456 0.07179079 
0.791433 0.004880676 0.04495439 0.1587319 
0.7717765 0.02075463 0.05723767 0.1502312 
0.7564938 0.02861825 0.06978321 0.1451048 
0.8108943 0.01776897 0.04460916 0.1267275 
0.7884497 0.001330405 0.06750668 0.1427132 
0.8413993 0.02675337 0.03983767 0.09200965 
0.82781 0.09304618 0.0234787 0.05566515 
0.8032259 0.0002936276 0.0615463 0.1349342 
0.7864587 0.001517956 0.04898927 0.1630341 
0.7417509 0.02295212 0.04239185 0.1929051 
0.7688234 0.01424451 0.03997164 0.1769604 
0.829268 0.01462379 0.03747717 0.1186311 
0.7650004 0.00133291 0.0659712 0.1676955 
0.8199837 0.01394617 0.03296697 0.1331032 
0.8178889 0.05657495 0.04280805 0.08272812 
0.7049818 0.03092388 0.07321245 0.1908819 
0.7152935 0.002089039 0.05578992 0.2268275 
0.7021227 0.06595129 0.07202804 0.159898 
0.7882343 0.001842605 0.04563217 0.1642909 
0.7951631 0.01003708 0.08036395 0.1144358 
0.8853379 0.00756115 0.05157226 0.05552866 
0.8217989 0.0007863218 0.02136618 0.1560486 
0.8131969 0.009135979 0.06247952 0.1151876 
0.8602261 0.0759444 0.03590351 0.02792595 
0.8149233 0.1400293 0.04439439 0.0006530436 
0.729421 0.1851951 0.05467324 0.03071067 
0.8392338 0.1061192 0.0526206 0.00202642 
0.8291453 0.1256394 0.04406974 0.001145533 
0.7875784 0.1372821 0.07255983 0.002579663 
0.7974372 0.1134279 0.04826755 0.04086741 
0.7912908 0.1339177 0.05177065 0.02302083 
0.7469731 0.1825086 0.06017633 0.01034193 
0.7435934 0.1903754 0.05839579 0.007635383 
0.8482932 0.09892586 0.01096148 0.04181941 
0.7828341 0.1391735 0.01141911 0.0665733 
0.7587612 0.2175281 0.02031892 0.003391784 
0.7474155 0.121462 0.006379851 0.1247427 
0.8074063 0.1394236 0.007275245 0.04589488 
0.7442185 0.1336338 0.005811988 0.1163358 
0.8162109 0.1072225 0.004055696 0.07251094 
0.7410601 0.1960164 0.0002517308 0.06267175 
0.8000035 0.1235721 0.02379164 0.0526328 
0.7491673 0.1589161 0.03160474 0.06031195 
0.8456488 0.06318348 0.002000101 0.08916765 
0.8369484 0.1167586 0.01235315 0.03393978 
0.8171732 0.1034264 0.002559194 0.07684126 
0.8278148 0.09045986 0.003696639 0.07802873 
0.8601464 0.08725868 0.01529606 0.03729885 
0.7854217 0.1487948 0.004211036 0.06157241 
0.8542782 0.09135443 0.002504391 0.05186298 
0.7222051 0.1477041 0.01613976 0.113951 
0.8933392 0.06945196 0.002095163 0.03511364 
0.8310437 0.105541 0.001997762 0.06141758 
0.7835675 0.1144717 0.01949031 0.08247053 
0.8082002 0.1195121 0.01129869 0.06098903 
0.7921855 0.1456165 0.0006695231 0.06152852 
0.7684032 0.1645473 0.02199997 0.04504956 
0.7908762 0.157905 0.002232353 0.04898646 
0.8436752 0.1233497 0.001414137 0.03156094 
0.7867323 0.1291986 0.002982888 0.08108624 
0.7927223 0.1915875 0.004317747 0.01137247 
0.8014688 0.09249702 0.07788546 0.02814869 
0.8150077 0.1489479 0.005163396 0.03088099 
0.8847313 0.08373136 0.0001619746 0.03137533 
0.7918054 0.1275926 0.0202804 0.06032157 
0.847533 0.0917171 0.0154712 0.04527867 
0.7953617 0.09380664 0.01893731 0.09189435 
0.7793945 0.1364016 0.01817561 0.06602836 
0.7391657 0.1727238 0.05811232 0.02999809 
0.8343174 0.1206378 0.003509862 0.04153496 
0.7407751 0.1833763 0.003540389 0.07230818 
0.7294001 0.1673383 0.03234412 0.07091756 
0.8441833 0.100034 0.005989709 0.049793 
0.8449921 0.09121112 0.01731674 0.04648006 
0.8382957 0.1104675 0.004988724 0.04624813 
0.8396404 0.09685675 0.01004887 0.05345399 
0.7382498 0.2143697 0.01154021 0.03584023 
0.7856066 0.157232 0.002485704 0.05467574 
0.8360118 0.09200473 0.01386354 0.05811995 
0.759229 0.1660963 0.005456902 0.06921776 
0.7962122 0.1458671 0.01817916 0.03974155 
0.7203001 0.173761 0.01396369 0.09197519 
0.8459061 0.09508288 0.006092106 0.0529189 
0.8810666 0.06936209 0.003928375 0.04564296 
0.8027998 0.05796404 0.01267673 0.1265594 
0.7366194 0.09752981 0.01718119 0.1486696 
0.752845 0.1614973 0.07784715 0.007810558 
0.7947285 0.1439803 0.05526231 0.006028871 
0.8172779 0.005192194 0.07446479 0.1030652 
0.8092287 0.0007666975 0.05112429 0.1388803 
0.7396112 0.04706173 0.09386766 0.1194594 
0.845782 0.009178574 0.04723288 0.09780657 
0.8354822 0.003884659 0.02932165 0.1313115 
0.8013073 0.1229086 0.06009157 0.01569256 
0.7739272 0.1746493 0.04587418 0.005549301 
0.7446666 0.1692723 0.0675549 0.01850627 
0.7072662 0.1996951 0.08321498 0.00982371 
0.8342884 0.07730245 0.07513573 0.01327338 
0.8189091 0.1277275 0.04771316 0.005650276 
0.8455937 0.0826799 0.06366844 0.008057945 
0.7923191 0.1358297 0.07011121 0.001739953 
0.7802187 0.1247677 0.05354626 0.04146732 
0.7668214 0.1036699 0.07632617 0.05318251 
0.723903 0.2264786 0.04656905 0.00304932 
0.78114 0.1164945 0.07826117 0.02410438 
0.7687108 0.1304326 0.09467538 0.006181282 
0.8245826 0.116933 0.05093719 0.007547229 
0.8032081 0.1609315 0.03114551 0.004714825 
0.8197349 0.062171 0.1147878 0.003306278 
0.7394975 0.1628145 0.0596254 0.03806259 
0.8188233 0.140361 0.03541947 0.005396214 
0.74725 0.151476 0.08815882 0.01311513 
0.7754798 0.1387763 0.07931552 0.006428377 
0.7465726 0.1975556 0.04654255 0.009329217 
0.8305177 0.1213964 0.04564345 0.002442409 
0.8278073 0.1039579 0.06644014 0.001794728 
0.7718163 0.105401 0.07836337 0.04441935 
0.8154016 0.1227939 0.0445858 0.01721873 
0.7913587 0.1423 0.06017185 0.006169368 
0.7782891 0.1308513 0.08127168 0.009587907 
0.8157599 0.1274824 0.04763958 0.009118143 
0.7995389 0.1192475 0.04974156 0.03147198 
0.7442076 0.1749299 0.07506697 0.005795429 
0.7736408 0.1315353 0.07083872 0.02398522 
0.7876939 0.1465801 0.05559703 0.01012902 
0.7799897 0.11125 0.1041885 0.004571783 
0.6959434 0.1599916 0.07331232 0.07075266 
0.8102491 0.130948 0.03615575 0.02264715 
0.8177515 0.1524168 0.02717875 0.002652881 
0.8444852 0.09784891 0.05086345 0.006802448 
0.7655102 0.1928558 0.0397579 0.001876113 
0.8434052 0.108497 0.04516082 0.00293705 
0.7996662 0.1168393 0.07874425 0.004750314 
0.8573685 0.09459892 0.04284284 0.005189689 
0.825176 0.1120329 0.05737134 0.005419714 
0.8279772 0.1224352 0.04598415 0.003603488 
0.7355822 0.1681373 0.0722068 0.02407372 
0.8541561 0.1010789 0.03494959 0.009815393 
0.8155802 0.01230052 0.05455889 0.1175604 
0.8317285 0.0129911 0.04561516 0.1096652 
0.7446878 0.0327371 0.06167877 0.1608963 
0.8778152 0.007643409 0.03469696 0.07984442 
0.7799297 0.03982297 0.03661143 0.1436359 
0.7225961 0.01365567 0.05960841 0.2041398 
0.7655997 0.01455022 0.05114912 0.1687009 
0.7917757 0.0494473 0.05265788 0.1061192 
0.7988651 0.005190834 0.02813851 0.1678055 
0.8249857 0.00185233 0.05243704 0.1207249 
0.8209146 0.006488228 0.06500007 0.1075971 
0.8219297 0.02766194 0.07130203 0.07910632 
0.7637945 0.00654621 0.05926332 0.170396 
0.7558447 0.004670313 0.04772393 0.1917611 
0.8005535 0.007740884 0.04305575 0.1486499 
0.7293851 0.05083765 0.07117644 0.1486008 
0.7737612 0.009018633 0.04412409 0.1730961 
0.8025512 0.01494253 0.054613 0.1278933 
0.8525419 0.0007527701 0.05732774 0.08937756 
0.8162908 0.005986916 0.07047019 0.1072521 
0.8262952 0.007260072 0.06090564 0.1055391 
0.783929 0.04039429 0.06389186 0.1117849 
0.857804 0.07289702 0.02828492 0.0410141 
0.7772899 0.1353265 0.0864642 0.0009193997 
0.6761331 0.1535158 0.1471286 0.02322245 
0.7981308 0.1612103 0.03623758 0.004421329 
0.7711953 0.1823945 0.03264634 0.01376383 
0.8374343 0.09161309 0.05031337 0.02063927 
0.838443 0.1213434 0.03152419 0.008689417 
0.8301469 0.09388065 0.07577366 0.0001988124 
0.7430733 0.1454817 0.1051084 0.006336655 
0.8396995 0.09282094 0.04463104 0.02284857 
0.8113395 0.1253848 0.04185635 0.02141929 
0.7720859 0.1239362 0.07948485 0.02449302 
0.8424434 0.1182879 0.0245233 0.01474548 
0.7554825 0.2143592 0.0300212 0.0001370228 
0.7657819 0.1580957 0.06087995 0.01524248 
0.7638744 0.1473185 0.06410686 0.02470024 
0.8661093 0.06924121 0.05531084 0.009338673 
0.8453972 0.07827623 0.06553112 0.01079543 
0.7068466 0.124853 0.1516438 0.01665651 
0.7524222 0.08988667 0.06919268 0.08849842 
0.8194602 0.0900926 0.08289338 0.007553769 
0.7796686 0.1242281 0.09163983 0.004463463 
