"p_1" "p_2" "p_3" "p_4"
0.3842336 0.001348935 0.3098199 0.3045976
0.3722801 0.003089249 0.3115085 0.3131221
0.3595907 0.01596601 0.3016193 0.322824
0.3784164 0.003252826 0.3248822 0.2934486
0.3756681 0.004380016 0.2956684 0.3242835
0.3721528 0.003218963 0.3199192 0.304709
0.3917965 0.006273795 0.3005081 0.3014216
0.3628913 0.004486232 0.3019548 0.3306676
0.4124371 0.0004726876 0.2810425 0.3060477
0.3902935 0.0006243609 0.3121909 0.2968913
0.3795817 0.001706028 0.2888394 0.3298729
0.3939547 0.001670844 0.2958249 0.3085496
0.4074329 0.0003061422 0.2840087 0.3082523
0.3705484 0.0001723342 0.3228744 0.3064049
0.3967274 0.002067691 0.2926101 0.3085949
0.4084454 0.002004163 0.2987566 0.2907938
0.3811631 0.006274186 0.285153 0.3274097
0.3837974 0.003165984 0.3032636 0.309773
0.4236395 0.00149888 0.2807619 0.2940997
0.368547 0.001795601 0.2967029 0.3329545
0.3748263 0.006349426 0.2956379 0.3231864
0.3897588 0.005645791 0.3040302 0.3005652
0.404981 0.008394932 0.2838304 0.3027936
0.3738498 0.001491565 0.3165171 0.3081416
0.3464754 0.01415888 0.309779 0.3295868
0.4163753 0.006074619 0.2813631 0.296187
0.3782974 0.001107242 0.3000422 0.3205532
0.3650725 0.0008425681 0.3206216 0.3134633
0.3972191 0.002655641 0.2881485 0.3119768
0.3902867 0.003363591 0.3124684 0.2938812
0.4031518 0.001098607 0.277616 0.3181336
0.3934924 0.007233312 0.2844936 0.3147806
0.3971068 0.006690206 0.2856216 0.3105814
0.4007851 0.0097559 0.2897918 0.2996672
0.3717019 0.002250017 0.2870598 0.3389883
0.4023797 0.002745443 0.292482 0.3023928
0.3921805 0.006123395 0.3050536 0.2966425
0.4165412 0.002269303 0.2887585 0.2924309
0.4052037 0.009363284 0.2847863 0.3006467
0.4242737 0.005048147 0.2809908 0.2896873
0.3762301 0.0008028603 0.3097291 0.3132379
0.3789855 0.0007199453 0.3047555 0.3155391
0.386211 0.004335904 0.2998002 0.309653
0.3671281 0.001945642 0.307466 0.3234603
0.399276 0.002829009 0.2976656 0.3002294
0.4030011 0.007768368 0.2929049 0.2963256
0.3828544 0.001837695 0.2925437 0.3227642
0.3889589 0.00177566 0.3132561 0.2960093
0.385696 0.002875762 0.2911687 0.3202596
0.3562822 0.003739111 0.3107153 0.3292633
0.3804215 0.0001878327 0.3203673 0.2990234
0.3573389 0.00207543 0.3165956 0.32399
0.3924352 0.003871267 0.2846424 0.3190511
0.4131353 0.005108434 0.2744249 0.3073314
0.3843556 0.00239243 0.3125735 0.3006785
0.4134114 0.006963897 0.2774694 0.3021553
0.3953395 0.0001285864 0.3067498 0.2977821
0.3875093 0.00902462 0.3018616 0.3016045
0.3704013 0.003759725 0.2966319 0.3292071
0.3744058 0.001075929 0.2958126 0.3287056
0.3850181 0.002286526 0.30565 0.3070453
0.4044955 0.003010303 0.2849663 0.3075279
0.3894924 0.001388088 0.3060773 0.3030422
0.4108908 0.00140869 0.285121 0.3025795
0.4075015 0.001203916 0.299418 0.2918766
0.4005897 0.008471075 0.2857909 0.3051484
0.3832234 0.001182955 0.2942515 0.3213422
0.3956653 0.005673494 0.299855 0.2988062
0.3660985 0.01861277 0.3056758 0.309613
0.3785623 0.009735027 0.2949166 0.3167861
0.3582201 0.007878158 0.31805 0.3158517
0.396785 0.001375579 0.301185 0.3006544
0.3772327 0.00430024 0.2976771 0.3207899
0.3782653 0.009462839 0.3346724 0.2775994
0.4071293 0.004414576 0.2746108 0.3138453
0.4108387 0.01304276 0.2717627 0.3043558
0.3827414 0.0112527 0.31123 0.2947758
0.3912174 0.006445671 0.2895049 0.312832
0.3924083 0.0003966382 0.2833752 0.3238199
0.3715101 0.0008192153 0.3097984 0.3178723
0.4235681 0.00156297 0.2916714 0.2831975
0.3847224 0.002693778 0.2905141 0.3220698
0.4089972 3.748812e-05 0.2655573 0.3254079
0.3737388 0.01081393 0.2923986 0.3230487
0.3579977 0.02124878 0.3101298 0.3106238
0.3954245 0.0246428 0.3016593 0.2782734
0.3824727 0.001700499 0.3018886 0.3139382
0.3810245 0.01196953 0.2825301 0.3244758
0.383545 0.02010237 0.2875129 0.3088397
0.3918379 0.002437534 0.3109808 0.2947438
0.3886038 0.002915949 0.29918 0.3093003
0.4039043 0.008598258 0.2857267 0.3017708
0.380862 0.005859476 0.2854532 0.3278253
0.3506345 0.004945958 0.3296295 0.31479
0.3930119 0.001495999 0.2783888 0.3271033
0.3896907 0.002089244 0.3004833 0.3077367
0.3929153 0.003641819 0.306599 0.2968439
0.3856036 0.001711053 0.3078522 0.3048332
0.3791477 0.0113094 0.29968 0.309863
0.3702286 0.00575116 0.3125029 0.3115173
0.401349 0.0005215311 0.3014651 0.2966643
0.4158633 0.0009400493 0.3044493 0.2787473
0.392848 0.008244014 0.3161276 0.2827804
0.4030166 0.0009246773 0.2867167 0.309342
0.3810226 0.004564578 0.3146787 0.2997341
0.3821603 0.0007602232 0.3172143 0.2998652
0.4041284 0.009685578 0.2744978 0.3116882
0.4008881 0.005620506 0.277807 0.3156844
0.3886148 0.009783597 0.2903909 0.3112106
0.4246103 0.007253414 0.2822042 0.2859321
0.3869389 0.0009946376 0.2987464 0.31332
0.4044452 0.001292517 0.2792608 0.3150015
0.4104045 0.002226588 0.2951971 0.2921718
0.4098282 0.004234074 0.277374 0.3085637
0.4113729 0.00776179 0.2940519 0.2868134
0.3719015 3.703014e-05 0.3167307 0.3113307
0.4130967 0.003950875 0.2665695 0.3163829
0.409688 0.003632186 0.2870922 0.2995877
0.3736519 0.002836512 0.3056471 0.3178645
0.4015113 0.0006181498 0.2791521 0.3187185
0.370249 0.001386913 0.307209 0.321155
0.3898015 0.0003721854 0.2819637 0.3278627
0.3963347 0.002281418 0.3046097 0.2967742
0.3893369 0.001737231 0.2927899 0.316136
0.3917638 0.00232449 0.3176894 0.2882223
0.3555635 0.01242353 0.2936422 0.3383707
0.3925177 0.0004653922 0.2928665 0.3141504
0.3782028 0.001363276 0.2980733 0.3223606
0.392371 0.001717966 0.2860493 0.3198618
0.3872817 0.002042847 0.2718303 0.3388451
0.3934905 0.00313241 0.2910351 0.312342
0.3758704 0.001826184 0.2879742 0.3343292
0.4096003 0.0004022004 0.2855126 0.3044849
0.3997019 0.002867014 0.2947871 0.302644
0.3825709 0.008494057 0.3073362 0.3015989
0.389047 0.000886515 0.3076462 0.3024203
0.3993568 0.00272789 0.2923506 0.3055648
0.3862002 0.0001641742 0.314289 0.2993467
0.3744504 0.004815183 0.315949 0.3047855
0.3999223 0.00122598 0.3078227 0.291029
0.3870543 0.003130768 0.3141766 0.2956384
0.3803955 0.006610421 0.3094262 0.3035679
0.4144284 0.008207912 0.289581 0.2877827
0.3687705 0.007342001 0.3060656 0.317822
0.3887596 0.005017009 0.2989052 0.3073182
0.3813186 0.003826767 0.3006665 0.3141882
0.3736385 0.000273589 0.2964517 0.3296362
0.3672345 0.005053005 0.3039746 0.3237379
0.3758119 0.004921773 0.3095227 0.3097436
0.3941703 0.003928985 0.2824971 0.3194036
0.3857107 0.00426603 0.2768978 0.3331254
0.3806305 0.004754026 0.2724502 0.3421653
0.3643314 0.005143397 0.2877836 0.3427416
0.3851282 0.006918569 0.2949115 0.3130417
0.3927407 0.009369104 0.3067149 0.2911753
0.3818176 0.006761563 0.2629258 0.3484951
0.3816448 0.007141656 0.2772784 0.3339351
0.3481307 0.0430942 0.3029602 0.3058149
0.3636899 0.04646111 0.2795108 0.3103382
0.2249696 0.1526038 0.3024856 0.319941
0.3840045 0.03336591 0.2654843 0.3171453
0.3654159 0.003462251 0.3432466 0.2878753
0.4016267 0.0100629 0.2715939 0.3167165
0.3965016 0.01071242 0.2954863 0.2972996
0.4012766 0.000470873 0.3015645 0.2966881
0.3621657 0.0001551059 0.3048148 0.3328644
0.4095025 2.77002e-05 0.2996891 0.2907808
0.4081635 0.002308422 0.3052891 0.284239
0.4101805 0.0003548951 0.2748987 0.3145659
0.3890943 0.005102067 0.3178062 0.2879974
0.3595857 0.01954837 0.3021039 0.3187621
0.3780179 0.003193716 0.2966181 0.3221703
0.3877524 0.002860284 0.2953042 0.3140832
0.3903731 0.006372368 0.2802631 0.3229914
0.4030749 0.005469725 0.2877287 0.3037267
0.3533841 0.004775814 0.3037872 0.3380529
0.3972865 0.0001919202 0.3180779 0.2844437
0.3525056 0.001132693 0.3149694 0.3313923
0.3832664 0.003519016 0.3110861 0.3021284
0.3997978 0.005266285 0.3023687 0.2925672
0.3699969 0.004757687 0.3102521 0.3149933
0.3976508 0.01044606 0.2958886 0.2960145
0.3828487 0.0006940094 0.3016153 0.314842
0.3954432 0.005569368 0.2943273 0.3046601
0.3802164 0.004565804 0.304514 0.3107038
0.3747348 0.004585928 0.3058896 0.3147896
0.3681811 0.005011394 0.3101136 0.3166939
0.3763211 0.006616019 0.2973415 0.3197214
0.4065816 0.001535906 0.2992301 0.2926524
0.3855388 0.004889676 0.2959766 0.3135949
0.3735732 0.01223837 0.3012304 0.3129581
0.3801402 0.02298108 0.3062845 0.2905943
0.3761857 0.003330629 0.2877821 0.3327016
0.3868249 0.0005525255 0.2790729 0.3335497
0.3886797 6.621111e-05 0.2978435 0.3134106
0.4020764 0.002875368 0.2927643 0.3022839
0.3878739 0.003832277 0.289061 0.3192329
0.3905094 0.02522063 0.2715264 0.3127436
0.3904496 0.0008221926 0.2834954 0.3252328
0.3730844 0.007548587 0.2996916 0.3196754
0.4009598 0.002301076 0.2794392 0.3172999
0.3766906 0.004718568 0.2960277 0.3225631
0.3768917 0.006274994 0.3320093 0.2848241
0.387712 0.005905926 0.3038731 0.302509
0.4020606 0.001066638 0.2571272 0.3397455
0.3820677 0.00443519 0.3262675 0.2872296
0.3881846 0.007254206 0.2960681 0.3084931
0.3776067 0.001427886 0.2914369 0.3295285
0.3990702 0.0005907268 0.3092881 0.2910509
0.3808124 0.001741326 0.2931611 0.3242852
0.3920348 0.006523439 0.3090464 0.2923953
0.380254 0.005602481 0.2792092 0.3349343
0.3802273 0.002663649 0.2983203 0.3187887
0.4027443 0.00369162 0.2812305 0.3123335
0.3635836 0.002166998 0.3295725 0.3046769
0.382836 0.005155464 0.3008096 0.311199
0.3918992 0.002295453 0.2637404 0.342065
0.3836989 5.834629e-05 0.3192539 0.2969889
0.3853026 6.107312e-05 0.2958309 0.3188055
0.3778135 0.01474768 0.2971764 0.3102625
0.3739034 0.01972098 0.3122906 0.2940851
0.3984688 0.00799822 0.3006938 0.2928392
0.4156871 0.002723975 0.2947838 0.2868052
0.3854235 0.002362849 0.2926695 0.3195441
0.393209 0.006007815 0.2943852 0.3063979
0.3698442 0.0006398992 0.3052124 0.3243035
0.4101785 0.0006639635 0.2739821 0.3151754
0.411927 0.000198293 0.2830338 0.304841
0.396864 0.00208103 0.2819512 0.3191038
0.398767 0.006381208 0.3158246 0.2790272
0.3735426 0.004997693 0.3223553 0.2991044
0.3901658 0.0004404959 0.3210139 0.2883797
0.4052974 0.0007597354 0.2946529 0.29929
0.418893 0.002575815 0.293546 0.2849851
0.371989 0.008662215 0.2893552 0.3299936
0.3943986 0.001076188 0.269668 0.3348572
0.3897159 0.002693633 0.2946512 0.3129393
0.3626189 0.01412326 0.2962276 0.3270303
0.4000129 0.001385433 0.3021221 0.2964795
0.3731195 0.0001301677 0.2922415 0.3345088
0.415609 0.002286436 0.2812056 0.300899
0.3991446 1.371393e-05 0.2825261 0.3183156
0.4145101 7.131805e-05 0.2701409 0.3152777
0.4081872 0.00132717 0.2906094 0.2998763
0.3896653 0.003263217 0.2743573 0.3327142
0.3837567 0.01059652 0.2933543 0.3122925
0.3990583 0.0008002921 0.288198 0.3119434
0.4103667 0.003239342 0.2931002 0.2932938
0.3914546 0.003811075 0.2704982 0.3342361
0.393175 0.0002593294 0.3190978 0.2874679
0.3960073 0.01548947 0.2839888 0.3045144
0.3815733 0.01095602 0.2905225 0.3169481
0.3937287 0.00189641 0.3049942 0.2993807
0.3675341 0.01598489 0.2894768 0.3270042
0.4095749 0.002465224 0.2876284 0.3003314
0.3886807 0.004799662 0.2980451 0.3084745
0.3982822 0.00698461 0.3030932 0.29164
0.3683804 0.003493409 0.3197186 0.3084076
0.3847193 0.008388998 0.2975344 0.3093573
0.4131402 0.003275247 0.2713981 0.3121864
0.393124 0.005542272 0.2883018 0.313032
0.3758802 0.007931584 0.3279273 0.288261
0.3826806 0.001787227 0.2882967 0.3272354
0.3963622 0.01869648 0.2818348 0.3031065
0.4134035 0.006968881 0.2833737 0.296254
0.3807701 0.004246436 0.2859087 0.3290748
0.376955 0.001547686 0.3019903 0.319507
0.3833049 0.003355469 0.3090982 0.3042414
0.404533 0.01344592 0.2829943 0.2990268
0.3577613 0.001880021 0.3064246 0.3339341
0.3895684 0.002816392 0.2925679 0.3150474
0.3975564 0.002796512 0.2904818 0.3091653
0.3821002 0.002255514 0.2984887 0.3171556
0.3861014 0.005816317 0.2811046 0.3269777
0.3698156 0.004357757 0.3096656 0.316161
0.4063721 0.00436279 0.3020658 0.2871994
0.380066 0.003322019 0.2934941 0.3231178
0.4188108 0.002611748 0.28201 0.2965674
0.4009351 0.001907984 0.2909214 0.3062355
0.4082469 0.0002641113 0.2766799 0.3148091
0.3864902 0.001678171 0.2942119 0.3176198
0.4055772 0.00636366 0.2848996 0.3031596
0.4016333 0.0001601587 0.297782 0.3004245
0.3928776 0.001861162 0.3111729 0.2940884
0.403774 0.003293269 0.3019724 0.2909604
0.3342124 0.003770977 0.3145952 0.3474214
0.3899624 0.003920527 0.2907279 0.3153891
0.3724808 0.00438477 0.3052661 0.3178683
0.4075789 0.0007934264 0.2980276 0.2936001
0.433842 0.002340351 0.2812019 0.2826157
0.3906715 0.00189847 0.3086374 0.2987927
0.3683571 0.0002138188 0.3162921 0.315137
0.376701 0.007239317 0.3050745 0.3109851
0.3960656 0.001964253 0.2827453 0.3192248
0.397744 0.00116927 0.3007142 0.3003726
0.3972986 0.001463452 0.2581315 0.3431065
0.4079369 0.008387757 0.2764135 0.3072619
0.3730274 0.0005586585 0.3271057 0.2993082
0.3894632 0.007787163 0.2811623 0.3215874
0.3774912 0.009363218 0.2971298 0.3160158
0.361434 0.003124202 0.3283337 0.307108
0.3791833 0.00137694 0.2860986 0.3333412
0.3927173 0.007950323 0.2836024 0.31573
0.3923269 0.00114145 0.2841954 0.3223363
0.3876559 0.01892726 0.292613 0.3008038
0.3966285 2.965774e-05 0.2872249 0.316117
0.3913475 0.0006162271 0.2948439 0.3131925
0.4081447 0.003411972 0.2617759 0.3266675
0.3913018 0.002445806 0.2966156 0.3096369
0.3963881 0.0006220162 0.2837709 0.3192189
0.3972971 0.004769298 0.2938388 0.3040948
0.3871237 0.003022878 0.2839597 0.3258937
0.4160828 0.0007729745 0.2744535 0.3086908
0.393547 0.003440452 0.2985718 0.3044408
0.3820401 0.002746227 0.3072289 0.3079848
0.4099408 0.01011593 0.2747066 0.3052366
0.3875804 0.00232078 0.3022169 0.3078819
0.3937202 0.002741693 0.304086 0.2994521
0.4057598 0.003112803 0.2973828 0.2937446
0.3918661 0.0003238136 0.3097322 0.2980779
0.4209484 0.0005032736 0.2648589 0.3136894
0.3763339 0.001473746 0.2918495 0.3303428
0.3810644 0.003523524 0.3101759 0.3052362
0.3621245 0.00884448 0.325155 0.303876
0.3828432 0.007024941 0.2872863 0.3228456
0.3783335 0.001351172 0.3097877 0.3105277
0.3801973 0.001985118 0.3056068 0.3122109
0.3752106 0.00136102 0.3096679 0.3137605
0.4105421 0.0006989118 0.2759448 0.3128142
0.3865861 0.002290346 0.2957384 0.3153852
0.4009319 0.0002837467 0.3176329 0.2811515
0.401652 0.00463972 0.2962047 0.2975036
0.3874764 0.001308381 0.2877563 0.3234589
0.3870951 0.005131626 0.2671139 0.3406594
0.4076965 0.003457449 0.3086889 0.2801571
0.3935037 0.0003555298 0.2840825 0.3220582
0.3807785 0.002151638 0.3132622 0.3038076
0.4002106 0.0002592748 0.2946451 0.304885
0.4014656 0.0020679 0.2711127 0.3253538
0.4000395 0.003989309 0.2714176 0.3245536
0.3862684 0.0006362544 0.2899764 0.3231189
0.357915 0.004915303 0.3321998 0.3049699
0.3817207 0.0008122179 0.2931018 0.3243653
0.4083805 0.008823031 0.2978927 0.2849037
0.3713378 0.00658764 0.3160729 0.3060017
0.3956832 0.007186945 0.2777508 0.3193791
0.365353 0.0008589314 0.3054797 0.3283084
0.3972586 0.004625875 0.3054242 0.2926914
0.3854731 0.005093447 0.2977967 0.3116367
0.422114 0.007791062 0.2834631 0.2866318
0.3876905 0.01616073 0.2984191 0.2977297
0.3990778 0.0005462248 0.3042711 0.2961049
0.3976757 0.004885064 0.2652316 0.3322076
0.385648 0.01508422 0.2987386 0.3005293
0.3958073 0.006590508 0.3044924 0.2931098
0.3848054 0.001754483 0.3044891 0.308951
0.386859 0.002935446 0.3132853 0.2969202
0.4035383 0.0006040297 0.2538132 0.3420445
0.4209159 0.0009162159 0.2852152 0.2929527
0.3743942 0.003152449 0.2967284 0.3257249
0.4222429 0.003863129 0.2898491 0.2840449
0.4088401 0.005874806 0.3143745 0.2709106
0.4174532 0.002417622 0.2696126 0.3105166
0.4188887 0.003218158 0.2737319 0.3041612
0.3851526 0.004666495 0.2826294 0.3275515
0.378554 0.00842681 0.3204909 0.2925283
0.4251458 0.001523344 0.2859023 0.2874286
0.4113039 0.002160659 0.2811407 0.3053948
0.3956682 0.005852597 0.2918418 0.3066375
0.3972837 0.000447374 0.2677632 0.3345057
0.4025065 0.001408903 0.2902679 0.3058167
0.4328147 0.004351422 0.2748141 0.2880198
0.3975305 0.007992271 0.2801974 0.3142799
0.3814085 0.009116458 0.286233 0.3232421
0.3788666 0.006448684 0.3006786 0.3140061
0.382937 0.0009206141 0.319469 0.2966733
0.3804026 0.001963291 0.2874311 0.3302031
0.3994259 0.001137163 0.2839387 0.3154983
0.4068408 0.0004881929 0.2967541 0.2959169
0.3895021 0.003692535 0.2777121 0.3290933
0.3725646 0.002874191 0.3280637 0.2964976
0.3735577 0.003119087 0.2957976 0.3275256
0.3908282 0.001265287 0.2898208 0.3180857
0.3754762 0.004644717 0.2894388 0.3304403
0.4066398 0.009901494 0.2883052 0.2951535
0.384204 0.0006911644 0.2868043 0.3283006
0.3881983 0.003375394 0.2943634 0.3140629
0.4444742 0.0002724553 0.273268 0.2819854
0.3450232 0.01199299 0.2984136 0.3445702
0.4240606 0.01200673 0.2899991 0.2739335
0.3933515 0.001737568 0.2862928 0.3186181
0.4054335 0.000408051 0.3052293 0.2889292
0.3865742 0.006866323 0.3037963 0.3027631
0.3715113 0.001106145 0.294313 0.3330695
0.3986846 0.002150566 0.2875892 0.3115756
0.3996324 0.006315037 0.2888946 0.305158
0.3666864 0.002856285 0.2813438 0.3491135
0.4125739 0.00435546 0.2785368 0.3045339
0.3856504 0.00249484 0.2978237 0.3140311
0.3646631 0.01200577 0.2988329 0.3244982
0.3833288 0.003018741 0.3266553 0.2869971
0.4006346 0.00487947 0.2974855 0.2970004
0.3912559 0.00384403 0.2890883 0.3158117
0.388355 0.004141822 0.3187621 0.288741
0.3900743 0.00643705 0.3037658 0.2997229
0.398013 0.01425584 0.2899536 0.2977775
0.3950341 0.005325474 0.2975709 0.3020695
0.4025568 0.0005309464 0.2973323 0.2995799
0.3908433 0.006935976 0.2855156 0.3167052
0.3813199 0.00654682 0.3224314 0.2897019
0.3963217 0.003906348 0.300829 0.298943
0.3921701 0.002394282 0.292294 0.3131416
0.3987015 0.00409544 0.2821584 0.3150446
0.3833003 0.002549805 0.2943393 0.3198107
0.3824148 0.002445427 0.3148756 0.3002642
0.3810601 0.003808623 0.2963289 0.3188023
0.3612089 0.03445365 0.2713594 0.3329781
0.3611991 0.006353662 0.306285 0.3261622
0.3661312 0.01548979 0.3020198 0.3163592
0.3937669 0.002792003 0.2903448 0.3130963
0.3675873 0.0025657 0.3033921 0.3264549
0.4048152 0.005675203 0.291145 0.2983646
0.4035389 0.0009194144 0.2884501 0.3070916
0.409929 0.0004458697 0.2976497 0.2919754
0.3876673 0.0007057866 0.3265282 0.2850988
0.3716868 0.00900243 0.2954418 0.3238689
0.4168971 0.01188634 0.2668292 0.3043874
0.3958119 0.002583351 0.3103409 0.2912639
0.3910282 0.006719818 0.2925265 0.3097255
0.3805 0.004055171 0.3148749 0.3005699
0.3799784 0.0008792318 0.2955371 0.3236053
0.3775535 0.004470998 0.299223 0.3187524
0.3724177 0.001688965 0.3310088 0.2948845
0.4003172 0.006728686 0.286876 0.3060781
0.3885494 0.0009076971 0.3171204 0.2934225
0.4445575 0.002842088 0.2704107 0.2821896
0.3733238 1.37521e-05 0.3104274 0.316235
0.3764813 0.003642338 0.3114574 0.3084189
0.3965913 0.002278602 0.305498 0.2956321
0.3972481 0.001725072 0.2982408 0.302786
0.3614734 0.006937496 0.3002817 0.3313074
0.3889098 0.006690303 0.2923355 0.3120644
0.3701431 0.003974505 0.3151411 0.3107413
0.3912309 0.003703586 0.2916727 0.3133928
0.4035359 0.004510256 0.2627474 0.3292064
0.4009396 0.007292331 0.2840458 0.3077223
0.3761326 0.001083396 0.3101904 0.3125936
0.3833073 0.01106842 0.2893004 0.3163239
0.3820353 0.001462078 0.2856101 0.3308925
0.4078204 0.008905045 0.2912829 0.2919917
0.3946876 0.0006837486 0.2831062 0.3215225
0.3660766 0.002346452 0.3048124 0.3267645
0.3807395 0.002226551 0.2986145 0.3184195
0.3926662 0.00914294 0.2934697 0.3047212
0.369359 0.0009025219 0.3247563 0.3049822
0.4176562 0.0002302232 0.3014413 0.2806724
0.3812797 0.004779604 0.2872174 0.3267232
0.3798314 0.01152643 0.2952913 0.3133508
0.3881977 0.008477411 0.3042753 0.2990496
0.3811784 0.01196335 0.2828528 0.3240055
0.3775192 0.002622605 0.3074224 0.3124357
0.3721518 0.002950065 0.3096561 0.3152421
0.3954609 0.01156403 0.2981757 0.2947994
0.3977323 0.00898145 0.2859083 0.3073779
0.3888713 0.00560844 0.2959318 0.3095885
0.4033658 3.819069e-05 0.3003139 0.2962822
0.3784703 0.0007755776 0.3133735 0.3073806
0.4120696 0.003448688 0.2838401 0.3006415
0.3977393 0.002364217 0.3063646 0.2935319
0.407261 0.006330307 0.2918404 0.2945683
0.3880168 0.006087685 0.2876543 0.3182412
0.3853951 0.003454901 0.2852967 0.3258534
0.3753226 0.000650688 0.3100006 0.314026
0.3815496 0.001107074 0.2828077 0.3345356
0.3869743 0.004096489 0.3035921 0.3053371
0.394608 0.001279149 0.2855381 0.3185748
0.4190318 5.607456e-05 0.2694028 0.3115093
0.3396155 0.02349753 0.3121412 0.3247458
0.3368594 0.0344916 0.3130164 0.3156326
0.3813707 0.008822251 0.3007213 0.3090858
0.3887677 0.002228599 0.3051907 0.303813
0.3598916 8.283784e-05 0.3094227 0.3306028
0.3991254 0.001228436 0.2803455 0.3193006
0.3609662 0.0008420336 0.2976534 0.3405384
0.3883422 0.01112495 0.2856065 0.3149263
0.370279 0.002686283 0.3103413 0.3166934
0.387869 0.01730464 0.2957275 0.2990988
0.3844966 0.002283348 0.2953416 0.3178784
0.3697292 0.004137132 0.2923936 0.3337401
0.3721117 0.006475797 0.3026956 0.3187169
0.4156543 0.001679465 0.2889005 0.2937658
0.4025281 0.0008222916 0.2889392 0.3077103
0.3864931 0.008432815 0.2985705 0.3065036
0.4008996 0.002173951 0.2763265 0.3205999
0.3788146 0.007517898 0.2841204 0.329547
0.3943229 0.01350083 0.2861022 0.306074
0.3924481 0.004877377 0.28588 0.3167945
0.3561226 0.02630943 0.2996677 0.3179003
0.4096116 0.00417064 0.2810045 0.3052132
0.4102959 0.01381512 0.2815649 0.2943241
0.3821902 0.00601745 0.2990388 0.3127536
0.3767277 0.01208111 0.2870893 0.3241018
0.3656967 0.01109688 0.2973505 0.3258559
0.3966706 0.001490105 0.2774321 0.3244072
0.3740121 0.001246656 0.2876447 0.3370965
0.3868534 0.004176882 0.3056732 0.3032965
0.3933841 0.008775503 0.2875511 0.3102893
0.3855577 0.001100292 0.3010335 0.3123085
0.4034581 0.002737993 0.2906477 0.3031562
0.417066 0.002807716 0.2530692 0.327057
0.4084897 0.000813582 0.3051265 0.2855702
0.4127297 0.0007183853 0.2881546 0.2983973
0.3962084 0.0009245819 0.2911345 0.3117325
0.3996764 0.0003382158 0.2716029 0.3283825
0.412589 0.00280611 0.2805837 0.3040212
0.3884263 0.002172658 0.3063983 0.3030028
0.3811153 0.00149317 0.310812 0.3065795
0.4260875 0.00244626 0.2946536 0.2768126
0.3911688 0.01684519 0.276853 0.315133
0.3606728 0.0009469629 0.3048941 0.3334862
0.3743652 0.007951545 0.3076445 0.3100387
0.4087452 2.411435e-05 0.2924283 0.2988023
0.3855512 0.01504215 0.3050045 0.2944022
0.3616202 0.0125934 0.304451 0.3213354
0.3767357 0.001662166 0.2847513 0.3368508
0.37891 0.001113209 0.3002893 0.3196875
0.4021094 0.0003690337 0.2890244 0.3084972
0.3705432 0.007698341 0.3142209 0.3075376
0.3894221 0.002637939 0.301162 0.3067779
0.3893295 0.0001610621 0.2789518 0.3315576
0.3953575 0.002122482 0.286013 0.3165071
0.399095 0.003981517 0.3011108 0.2958126
0.353309 0.0004598379 0.294364 0.3518672
0.4131688 0.0009033726 0.3013462 0.2845816
0.4020699 0.002975802 0.3091077 0.2858466
0.4180991 0.007481426 0.2759476 0.2984719
0.362037 0.009405868 0.3030609 0.3254963
0.387526 0.01435161 0.2814403 0.3166821
0.3793717 0.008415306 0.3037656 0.3084474
0.3747772 0.004624338 0.3183911 0.3022074
0.3923941 0.005848317 0.2935221 0.3082354
0.3621176 0.005878405 0.3139505 0.3180535
0.3771989 0.0002484825 0.3058169 0.3167357
0.372622 0.006935925 0.3091842 0.3112578
0.4200206 0.0001514222 0.2855886 0.2942393
0.3799829 0.004482667 0.3021195 0.3134149
0.3843203 0.009790637 0.27651 0.3293791
0.3622133 0.0004372239 0.3162792 0.3210703
0.3577814 0.002253513 0.3011002 0.338865
0.3627824 0.008786014 0.3191623 0.3092693
0.3902103 0.0072162 0.3156886 0.2868849
0.3864329 0.0004279524 0.3015849 0.3115542
0.3952211 0.003975649 0.288544 0.3122593
0.3818231 0.004738183 0.3167108 0.296728
0.4215586 0.005318468 0.2796359 0.293487
0.386977 0.006811719 0.2995649 0.3066464
0.4227528 0.004707902 0.3023047 0.2702346
0.4070006 0.000638277 0.3015839 0.2907772
0.3970067 0.003746395 0.2830607 0.3161862
0.3951774 0.001746479 0.2820235 0.3210526
0.4008693 0.008070183 0.2791865 0.3118739
0.3596098 0.009221479 0.310265 0.3209037
0.4066299 0.001082836 0.2833787 0.3089085
0.3667328 0.02152973 0.296204 0.3155335
0.3931521 0.000626481 0.2896275 0.316594
0.4017334 0.001623442 0.3094317 0.2872115
0.3641659 0.0003230793 0.3115471 0.3239639
0.3841385 0.00101178 0.2869865 0.3278632
0.3997573 0.003379567 0.2890817 0.3077814
0.3877612 0.004601114 0.2975105 0.3101272
0.3742412 0.01354249 0.2888461 0.3233701
0.3990143 0.0002273259 0.2875435 0.3132148
0.396458 0.0003447861 0.2998609 0.3033363
0.3936899 0.003858067 0.2885859 0.3138661
0.3853322 0.01803114 0.303561 0.2930756
0.3736902 0.006507533 0.3129478 0.3068544
0.3835001 0.004271324 0.3095507 0.3026779
0.3977095 1.548962e-05 0.3113649 0.2909101
0.3675638 0.007748498 0.315778 0.3089096
0.377781 0.0107174 0.2973348 0.3141668
0.3959622 0.0004386149 0.291357 0.3122422
0.3656713 0.003232612 0.3166641 0.314432
0.4224029 0.000464449 0.2929464 0.2841863
0.3667982 0.00584799 0.2988975 0.3284563
0.4064067 0.00072605 0.2702868 0.3225804
0.3876438 0.0001472263 0.3110827 0.3011262
0.3647097 0.001668164 0.2992338 0.3343883
0.3838649 0.004119809 0.2835748 0.3284405
0.4048784 0.002698698 0.2932112 0.2992117
0.3652303 0.008141677 0.3243698 0.3022582
0.3755828 0.003257679 0.2996583 0.3215013
0.3835367 0.000637867 0.3129581 0.3028674
0.3849983 0.001213382 0.3074963 0.306292
0.3732166 0.0006981929 0.3082737 0.3178115
0.3551685 0.005933979 0.2793034 0.3595941
0.3841226 0.009380646 0.2998997 0.3065971
0.3839115 0.005671996 0.2998179 0.3105986
0.3586497 0.005077167 0.3003666 0.3359065
0.3680426 0.004341272 0.2910064 0.3366097
0.3932002 0.002281353 0.2943909 0.3101275
0.370884 0.002729464 0.2888376 0.337549
0.4087247 0.00110211 0.2987017 0.2914715
0.3543511 0.003625351 0.3555587 0.2864649
0.4078812 0.001526314 0.3026087 0.2879838
0.3771719 0.001996416 0.3329324 0.2878993
0.3596654 0.009357592 0.2946416 0.3363354
0.3864102 0.004835445 0.2973118 0.3114426
0.3994655 0.005432471 0.2862481 0.3088539
0.3766842 0.003055903 0.3169045 0.3033554
0.3688065 0.01135489 0.3033325 0.316506
0.3860281 0.005191886 0.3095494 0.2992307
0.3778258 0.004934207 0.3025694 0.3146706
0.3777129 0.003628152 0.3184693 0.3001896
0.3949417 0.003419229 0.2916031 0.310036
0.3609827 0.00204866 0.3224339 0.3145347
0.3842016 0.008411379 0.2902894 0.3170977
0.3878512 0.0009274661 0.2919912 0.3192301
0.4063361 0.0003196178 0.2944782 0.2988661
0.3961961 0.0156791 0.2985471 0.2895777
0.364056 0.01829081 0.2991366 0.3185166
0.4338496 0.004065441 0.2545009 0.3075841
0.4212208 0.001401863 0.295892 0.2814854
0.3858079 0.00338879 0.2977971 0.3130061
0.3747053 0.004039439 0.3041604 0.3170949
0.3904406 0.02543644 0.2786068 0.3055161
0.3816625 0.002845584 0.2792635 0.3362284
0.3983544 0.008764656 0.2916779 0.301203
0.4033625 0.006176944 0.2797769 0.3106836
0.4011812 0.001790574 0.2976563 0.2993719
0.3771045 0.00715289 0.3119401 0.3038025
0.3912943 0.003121013 0.3119148 0.2936699
0.3780268 0.003764429 0.2921716 0.3260372
0.3804908 0.004826255 0.3032182 0.3114648
0.3874821 0.004896844 0.2879787 0.3196424
0.4025714 0.01001202 0.2742669 0.3131496
0.3967886 0.00865107 0.3008223 0.2937381
0.3917698 0.0004080858 0.3055044 0.3023178
0.3943233 0.001744222 0.3017203 0.3022122
0.3698188 0.005367517 0.2970597 0.3277539
0.3877044 0.0005765745 0.3024048 0.3093142
0.3885443 0.002909369 0.283036 0.3255103
0.3817724 0.00219834 0.2929212 0.323108
0.3914672 0.01077024 0.2984099 0.2993526
0.3951477 0.004130056 0.2840475 0.3166747
0.3768657 0.006323149 0.2979042 0.318907
0.3877306 0.001762509 0.3007825 0.3097243
0.3841198 0.006047771 0.2947554 0.315077
0.3838544 0.006884022 0.2927912 0.3164704
0.3958121 0.004369195 0.2882306 0.3115881
0.4034817 0.007185709 0.2874681 0.3018645
0.3869971 0.001561046 0.2866986 0.3247433
0.3976026 0.003910337 0.300854 0.2976331
0.378038 0.002498781 0.2954962 0.323967
0.3921314 0.008057865 0.267316 0.3324948
0.4029183 0.002543005 0.2772877 0.3172509
0.3742125 0.01019223 0.3087569 0.3068383
0.3759116 2.405143e-05 0.3021883 0.321876
0.3619628 0.004726019 0.284174 0.3491372
0.3944978 0.0003646887 0.2803971 0.3247404
0.392854 0.004505604 0.2925051 0.3101353
0.3973785 0.004267677 0.2952532 0.3031006
0.3630478 0.000720977 0.3218301 0.3144011
0.3711267 0.003270021 0.3017753 0.323828
0.4029806 0.004484486 0.288936 0.3035989
0.3622817 0.006651491 0.2947129 0.3363539
0.3688207 0.002387261 0.2748036 0.3539884
0.4085391 0.004367638 0.2806375 0.3064557
0.3756369 0.0007414755 0.3096085 0.3140132
0.369564 0.001550493 0.3076867 0.3211988
0.383505 0.007999841 0.3107616 0.2977336
0.4029559 0.006683457 0.2860976 0.304263
0.4150057 0.008528478 0.280864 0.2956018
0.3749997 0.02543744 0.2845348 0.315028
0.4009874 0.002530934 0.269304 0.3271777
0.3754009 0.002843197 0.2982521 0.3235038
0.3693669 0.004164247 0.3241965 0.3022724
0.4074062 0.01007776 0.2829806 0.2995354
0.3876876 0.002921062 0.2873068 0.3220846
0.3795394 0.00302585 0.299609 0.3178258
0.3800876 0.004559525 0.3306488 0.2847041
0.3740462 0.01168168 0.2959195 0.3183527
0.3757513 0.01151977 0.2836353 0.3290937
0.4033173 0.005727457 0.2812907 0.3096645
0.3705566 0.00414552 0.3010894 0.3242084
0.3815987 0.003521214 0.2761538 0.3387263
0.382172 0.00136954 0.2913954 0.3250631
0.4300552 0.001149228 0.2692929 0.2995026
0.38272 0.002102882 0.2949165 0.3202607
0.3810096 0.0009239186 0.2953116 0.3227549
0.3832618 0.0004731925 0.3026174 0.3136477
0.3880233 0.001953097 0.3202058 0.2898178
0.392806 0.0005890682 0.2885915 0.3180135
0.3772424 0.00554826 0.3058191 0.3113903
0.3895692 0.006622123 0.3029998 0.3008089
0.3843164 0.005740001 0.2852019 0.3247417
0.3908743 0.001238638 0.3001248 0.3077623
0.3926302 0.004453622 0.2638989 0.3390173
0.404354 0.006718413 0.2725656 0.3163619
0.3761753 0.007808421 0.300564 0.3154523
0.4085449 0.001806718 0.281729 0.3079194
0.3750122 0.001570098 0.2786568 0.3447609
0.4058902 0.001581862 0.2889513 0.3035766
0.3913532 0.0003354921 0.317193 0.2911183
0.3979 0.001337551 0.31726 0.2835024
0.3729232 0.0007940537 0.3100097 0.3162731
0.3756904 0.00109088 0.295112 0.3281067
0.3884648 0.003579256 0.295281 0.3126749
0.4048579 0.004222027 0.3030598 0.2878602
0.3639241 0.009427801 0.3060265 0.3206217
0.3971522 0.001823341 0.2900284 0.310996
0.4268588 0.0003751101 0.2726062 0.3001598
0.4007459 0.004228516 0.2846477 0.3103779
0.3931209 0.0008190458 0.2850201 0.32104
0.3767765 0.0004652647 0.3104572 0.3123011
0.371255 0.01329457 0.3061073 0.3093431
0.3931755 0.01564051 0.2805278 0.3106561
0.3842153 0.01341999 0.3067737 0.295591
0.3867498 0.00101364 0.3060861 0.3061505
0.3836552 0.0001392931 0.3004943 0.3157111
0.3861835 9.133008e-05 0.306379 0.3073463
0.376559 0.007140913 0.3117023 0.3045978
0.4019049 0.01093667 0.2833238 0.3038347
0.3930922 0.0002612454 0.2874945 0.3191521
0.3911735 0.0008369571 0.3180944 0.2898951
0.381849 0.007205652 0.2828938 0.3280516
0.3784698 0.008766914 0.2717805 0.3409828
0.3981278 0.003750142 0.3123068 0.2858152
0.3675547 0.007454116 0.3116101 0.3133811
0.3888802 0.01297126 0.2914548 0.3066937
0.370734 0.01154897 0.3008613 0.3168557
0.3956828 0.003368189 0.297542 0.303407
0.3815738 0.004420513 0.2826288 0.3313768
0.3759689 0.01236285 0.2863309 0.3253374
0.3755557 0.001013122 0.3185349 0.3048963
0.3892715 0.002242903 0.3096764 0.2988092
0.3885151 0.004188654 0.2711216 0.3361746
0.3826151 0.0003406247 0.301158 0.3158863
0.3855165 0.01600535 0.2699368 0.3285414
0.4140225 0.005535522 0.2790018 0.3014402
0.3796806 0.004107595 0.2970201 0.3191917
0.3905275 0.006929094 0.2952915 0.3072519
0.3737913 0.001073477 0.2893283 0.3358069
0.3965362 0.003734996 0.3100661 0.2896627
0.3717896 0.0013927 0.3164644 0.3103533
0.3833909 0.0003535175 0.3254094 0.2908461
0.3688473 0.001340811 0.3101469 0.3196649
0.3803245 0.0006565054 0.3209308 0.2980882
0.376062 0.003445545 0.2847474 0.335745
0.4131178 0.0057021 0.2821117 0.2990684
0.3873826 3.984638e-05 0.2947674 0.3178102
0.3791414 0.003050236 0.31769 0.3001184
0.3911542 0.01008005 0.294558 0.3042078
0.3952773 0.01149291 0.3074905 0.2857393
0.4251688 0.001740662 0.2768233 0.2962673
0.4121388 0.002898752 0.2728786 0.3120838
0.3990185 0.003176576 0.2808221 0.3169827
0.3987679 0.005478508 0.2766931 0.3190606
0.393864 0.01276126 0.2876327 0.305742
0.3766237 0.00932099 0.3221743 0.291881
0.3806146 0.01231775 0.2886654 0.3184023
0.3652119 0.008534767 0.3057639 0.3204895
0.3919099 0.001306641 0.3194868 0.2872967
0.364931 0.002074075 0.3037318 0.3292631
0.405869 0.003664799 0.277869 0.3125972
0.3997918 0.0004745646 0.2908099 0.3089238
0.3803158 0.01243499 0.3044269 0.3028223
0.3765538 0.0049143 0.2850531 0.3334789
0.3967574 0.001293859 0.2956321 0.3063166
0.3819852 0.002593349 0.2789393 0.3364821
0.370078 0.02006147 0.3077313 0.3021293
0.3853703 0.005107034 0.3295129 0.2800098
0.3938037 0.006368872 0.299769 0.3000585
0.3673278 0.01935718 0.3047175 0.3085976
0.3774922 0.001460658 0.3220789 0.2989683
0.3660267 0.001733121 0.3146661 0.317574
0.4075353 0.004260584 0.3116328 0.2765712
0.3898764 0.0004368535 0.2879066 0.3217801
0.3698153 0.001401161 0.3120354 0.3167481
0.3871856 0.007520513 0.2914843 0.3138096
0.3926934 0.009597104 0.2982893 0.2994202
0.3919593 0.002214293 0.3056921 0.3001343
0.4091481 0.004656644 0.282265 0.3039302
0.4004671 0.001000659 0.2914923 0.3070399
0.3545031 0.00565095 0.2972896 0.3425563
0.3898965 0.001491429 0.2943055 0.3143066
0.4201917 0.0003110443 0.2668263 0.3126709
0.4177419 0.001581848 0.2887307 0.2919456
0.3888927 0.003881291 0.2843971 0.3228289
0.3763938 0.007725568 0.3062436 0.3096371
0.3827668 0.004167957 0.3121141 0.3009511
0.4018477 0.004686008 0.2986983 0.294768
0.3640827 0.02497204 0.3103635 0.3005817
0.3908527 0.0003403613 0.2897917 0.3190153
0.3761105 0.01756809 0.3040323 0.3022892
0.3856106 0.0007518529 0.2887321 0.3249055
0.4142804 0.004973191 0.2757761 0.3049703
0.4145132 0.0006703928 0.2906467 0.2941697
0.39019 0.001299387 0.2791432 0.3293674
0.3939065 0.01129846 0.3123504 0.2824446
0.3966098 0.01125702 0.3163815 0.2757516
0.394494 0.007708109 0.2759787 0.3218192
0.400272 0.01013338 0.2772429 0.3123516
0.3967962 0.001307288 0.2940503 0.3078462
0.3675305 0.001701827 0.3086076 0.3221601
0.3850496 0.003304677 0.2997194 0.3119263
0.3791429 0.01124173 0.3185388 0.2910766
0.3720037 0.0003636021 0.2943939 0.3332388
0.3864575 0.00694962 0.2784291 0.3281639
0.3904098 0.001713383 0.2856865 0.3221903
0.4112769 0.002869895 0.2801069 0.3057463
0.356751 0.001859631 0.3233016 0.3180878
0.3872041 0.01883526 0.287938 0.3060227
0.4208135 0.003080139 0.2988729 0.2772334
0.4036211 0.002005747 0.2976654 0.2967078
0.3959226 0.001214831 0.302669 0.3001936
0.3989756 0.001653302 0.2859458 0.3134253
0.4080564 0.00050777 0.2689927 0.3224431
0.3715444 0.005547743 0.3292411 0.2936668
0.3741388 0.005522434 0.2913289 0.3290099
0.3905253 0.004826528 0.3003706 0.3042776
0.3944429 0.006752711 0.2997279 0.2990765
0.3982658 0.002064856 0.3093393 0.2903301
0.4038398 0.000128037 0.2874427 0.3085894
0.4051005 0.0002547873 0.2770966 0.3175481
0.3740817 0.01129602 0.2988221 0.3158002
0.3701294 0.002574749 0.3048192 0.3224767
0.3756754 0.000509361 0.3192263 0.3045889
0.3764807 0.005919103 0.3087464 0.3088538
0.3908325 0.004262582 0.3213304 0.2835745
0.3771628 0.01253412 0.2738585 0.3364446
0.3905384 0.002747725 0.2789051 0.3278088
0.3478387 0.01698328 0.2914037 0.3437743
0.4025306 0.001665117 0.2969078 0.2988965
0.3949584 0.001477339 0.3118641 0.2917002
0.3896406 0.003967906 0.2934997 0.3128918
0.3967778 0.002331772 0.2927718 0.3081186
0.3569125 0.003869528 0.3088399 0.330378
0.3613138 0.003577079 0.3230002 0.3121089
0.3682306 0.001487695 0.2908758 0.3394059
0.3912744 0.001440836 0.297572 0.3097128
0.3919965 0.003518019 0.2984807 0.3060047
0.3915699 0.002693142 0.3093809 0.296356
0.3932204 0.001078233 0.3013709 0.3043305
0.4110169 0.001824191 0.2823357 0.3048232
0.4080045 0.0003093657 0.2944589 0.2972272
0.3766098 0.001744216 0.3112338 0.3104122
0.4048231 0.0005015547 0.2752745 0.3194009
0.3742833 0.003065822 0.3016218 0.3210291
0.4155876 0.002306295 0.2819262 0.3001799
0.3807812 0.002820061 0.2910607 0.325338
0.4061541 0.006566282 0.2828266 0.304453
0.389595 0.004449168 0.2968918 0.309064
0.4072292 0.000650791 0.2876411 0.3044789
0.387122 0.002165925 0.295891 0.3148211
0.3894486 0.0001562923 0.2908673 0.3195279
0.395322 0.0008335892 0.3061845 0.2976599
0.3843313 0.003591621 0.3053118 0.3067653
0.3880244 0.003729168 0.312068 0.2961784
0.3770365 0.001180287 0.3082938 0.3134894
0.3752394 0.0002891714 0.3102847 0.3141867
0.3949829 0.003951631 0.284621 0.3164445
0.3755956 0.00223009 0.2942426 0.3279317
0.3539077 0.02513731 0.3342975 0.2866575
0.3691082 0.02628394 0.3087356 0.2958723
0.379048 0.02000481 0.322187 0.2787602
0.3781715 0.01084729 0.2913633 0.3196179
0.4001528 0.007532945 0.2892071 0.3031072
0.3865687 0.001966635 0.2984907 0.3129739
0.3694621 0.009641285 0.3347563 0.2861403
0.4195183 0.001346463 0.2872618 0.2918735
0.3878383 0.003902106 0.2856176 0.3226419
0.4062503 0.0007445599 0.2742704 0.3187348
0.3754341 0.003062284 0.2863909 0.3351127
0.3854226 0.007556595 0.2889452 0.3180757
0.3936285 0.001400386 0.2787761 0.326195
0.382502 0.01202041 0.2783775 0.3271
0.3904132 0.006157141 0.2977337 0.305696
0.4140152 0.01295742 0.3033125 0.2697149
0.4066279 0.007512139 0.2615682 0.3242917
0.4019558 0.003389822 0.3018723 0.2927821
0.4129683 0.01489871 0.2608155 0.3113175
0.3961747 0.005393991 0.2789098 0.3195215
0.3906125 0.005886549 0.2989515 0.3045495
0.3689444 0.009272392 0.3211635 0.3006197
0.3734684 0.004179355 0.2974048 0.3249474
0.3990116 0.0014704 0.3097513 0.2897668
0.371559 0.01785446 0.2951622 0.3154243
0.3798255 0.004634675 0.3085322 0.3070076
0.3965966 0.005875102 0.3098389 0.2876894
0.3593255 0.002802188 0.3256513 0.3122211
0.3941129 0.003792692 0.3046998 0.2973946
0.3781058 0.0004229959 0.2849766 0.3364946
0.3642482 0.009524292 0.2961562 0.3300712
0.3973593 0.0003894612 0.2902035 0.3120477
0.3475717 0.006123667 0.2941101 0.3521946
0.3998668 0.001873748 0.2762529 0.3220065
0.3968612 0.002850462 0.2972434 0.3030449
0.3476546 0.00243196 0.3257053 0.3242082
0.3585664 0.005119433 0.3169207 0.3193935
0.4054182 0.003874767 0.3008392 0.2898678
0.4062647 0.001420738 0.2988298 0.2934848
0.3877306 0.005783727 0.3003055 0.3061801
0.3631187 0.007996893 0.3023743 0.32651
0.3851747 0.002705356 0.2870946 0.3250253
0.3951718 0.0004779248 0.311558 0.2927923
0.3893295 0.0001789285 0.3104216 0.30007
0.3848446 0.003402814 0.309561 0.3021916
0.3935008 0.01525599 0.2853523 0.3058909
0.3569684 0.03455952 0.3021056 0.3063665
0.3780224 0.01089032 0.3034907 0.3075965
0.4112395 0.001034757 0.2779504 0.3097753
0.3567494 0.000764919 0.3090266 0.3334591
0.3968404 0.001846007 0.2907965 0.3105171
0.3689063 0.008750514 0.2999483 0.3223949
0.373814 0.001241613 0.3024891 0.3224553
0.3741951 0.003253629 0.2946812 0.32787
0.3884403 0.0003363536 0.3015095 0.3097139
0.3952981 0.0001323506 0.2787998 0.3257698
0.3706617 0.002706026 0.2889634 0.3376689
0.4111787 0.01411853 0.2780928 0.2966099
0.3509681 0.005531001 0.3101619 0.333339
0.4011689 0.002757675 0.2921217 0.3039518
0.3872929 0.02746563 0.2924381 0.2928034
0.4046664 0.0034951 0.3266674 0.2651711
0.3744871 0.003391405 0.299408 0.3227135
0.3895691 0.009127516 0.2930373 0.3082661
0.4216152 0.003647584 0.2743268 0.3004104
0.3979779 0.003741439 0.2997417 0.298539
0.4207401 0.00267691 0.2761207 0.3004623
0.4089886 0.005962445 0.2819065 0.3031424
0.3982801 0.0006690119 0.2930198 0.3080311
0.3754116 0.0007350257 0.3221474 0.301706
0.3886493 0.003053472 0.280367 0.3279303
0.340913 0.005616464 0.3351341 0.3183364
0.3845295 0.0008309142 0.3048622 0.3097774
0.3913401 0.0005919676 0.3076018 0.3004661
0.4054992 0.003107988 0.2951104 0.2962824
0.4101702 0.001901748 0.2893315 0.2985965
0.370732 0.001245901 0.3012064 0.3268157
0.405809 0.0001029215 0.2949971 0.299091
0.40472 0.002427684 0.2752975 0.3175549
0.3817279 0.00323569 0.3145949 0.3004415
0.3725589 0.003316806 0.3061026 0.3180217
0.4001402 0.002217346 0.283575 0.3140675
0.400544 0.007136166 0.2976232 0.2946967
0.393342 0.006638532 0.2976655 0.302354
0.3876489 0.0004354853 0.2834724 0.3284432
0.3955938 0.004814579 0.2975726 0.302019
0.3785201 0.001284484 0.3050802 0.3151152
0.3931415 0.001586515 0.3144477 0.2908243
0.3587476 0.006439176 0.2901593 0.3446539
0.3947302 0.003605389 0.2828586 0.3188058
0.4193148 0.00398021 0.2762631 0.3004419
0.3605659 0.00433579 0.3233032 0.3117952
0.3992829 0.001914548 0.2967451 0.3020575
0.4144445 0.0006245829 0.2675063 0.3174246
0.4091188 0.001172415 0.302089 0.2876198
0.3834599 0.0003193968 0.2876477 0.328573
0.3873899 0.005573685 0.2880794 0.318957
0.3909607 0.002482452 0.3053629 0.301194
0.3789653 0.001929952 0.28084 0.3382647
