p_1 p_2 p_3 
0.2424016 0.7573558 0.000242668 
0.2856783 0.7034456 0.01087611 
0.2789921 0.7122711 0.008736863 
0.3064954 0.693472 3.257453e-05 
0.2192134 0.7770424 0.00374423 
0.2903777 0.704529 0.005093237 
0.3720237 0.6275098 0.0004664275 
0.2443993 0.7555572 4.3443e-05 
0.2715473 0.7260749 0.002377753 
0.340826 0.6565059 0.002668086 
0.3105781 0.684183 0.005238879 
0.3941639 0.5992387 0.006597428 
0.2792997 0.7140397 0.006660593 
0.3168202 0.6804599 0.002719909 
0.3531271 0.6463421 0.0005307978 
0.3592323 0.6346343 0.006133473 
0.3241703 0.6735955 0.002234252 
0.3628474 0.6307486 0.006403968 
0.2348044 0.7510786 0.01411708 
0.3136845 0.677663 0.00865254 
0.4479234 0.538723 0.01335357 
0.3670652 0.6304382 0.0024966 
0.308919 0.6903033 0.0007776948 
0.2819596 0.7046986 0.01334183 
0.3714338 0.6185218 0.01004433 
0.3322525 0.6625287 0.005218796 
0.4108429 0.5842458 0.004911295 
0.3247864 0.6678849 0.007328688 
0.3156207 0.6836529 0.0007264198 
0.3862497 0.6078371 0.005913184 
0.4209008 0.563526 0.01557321 
0.2799919 0.7062233 0.01378479 
0.2732254 0.7172313 0.009543358 
0.2659716 0.7146938 0.01933461 
0.3468927 0.644132 0.008975246 
0.3428189 0.6326144 0.02456671 
0.3920656 0.5887805 0.0191539 
0.2892795 0.7098909 0.0008296658 
0.4027224 0.5839888 0.01328872 
0.2795278 0.7201622 0.0003099803 
0.2841371 0.7141227 0.001740191 
0.2205271 0.7770098 0.002463111 
0.29655 0.694887 0.008563033 
0.2185089 0.7765559 0.004935208 
0.380649 0.6159872 0.003363852 
0.2691241 0.7306586 0.0002173827 
0.3621935 0.6229476 0.01485888 
0.278258 0.7100546 0.01168742 
0.2138781 0.7831201 0.003001797 
0.2762539 0.7181492 0.005596915 
0.3014662 0.6901132 0.008420573 
0.3514643 0.6434415 0.00509421 
0.3330444 0.662695 0.004260557 
0.3269578 0.6690893 0.003952883 
0.2915584 0.7042155 0.004226066 
0.2132606 0.7715867 0.01515267 
0.3493663 0.6443443 0.006289402 
0.386034 0.601063 0.012903 
0.2987782 0.694804 0.00641784 
0.30375 0.6935379 0.002712091 
0.2379418 0.7585558 0.003502443 
0.2805435 0.7154646 0.00399195 
0.2416297 0.752007 0.00636332 
0.335819 0.6605604 0.003620562 
0.3311291 0.6678261 0.001044805 
0.2673184 0.7323284 0.0003531556 
0.3602566 0.6387569 0.0009865738 
0.1761138 0.8147851 0.009101027 
0.4213984 0.5745573 0.004044304 
0.4146598 0.5827436 0.002596631 
0.2768752 0.7200498 0.003075028 
0.4121568 0.583955 0.003888239 
0.3668842 0.6119633 0.02115257 
0.3894981 0.6022294 0.00827249 
0.329641 0.6606728 0.009686204 
0.2368954 0.754958 0.008146599 
0.3946044 0.6027558 0.00263987 
0.3520349 0.6424742 0.005490894 
0.2301351 0.7695438 0.0003210909 
0.2429707 0.7513095 0.005719786 
0.2312416 0.7655896 0.003168762 
0.2965962 0.7028176 0.000586177 
0.309894 0.6810564 0.009049634 
0.3234841 0.6694751 0.00704086 
0.2075478 0.782644 0.00980813 
0.2493691 0.7473114 0.003319465 
0.3476056 0.6491035 0.003290926 
0.2597544 0.7379478 0.002297792 
0.2744044 0.7185426 0.007052976 
0.3146167 0.6782522 0.007131084 
0.3047855 0.6893699 0.005844573 
0.2640173 0.7338177 0.002165038 
0.4095638 0.5827282 0.007708033 
0.3408847 0.6532855 0.005829798 
0.2021887 0.7948183 0.002992986 
0.3018266 0.6894839 0.008689531 
0.236668 0.7615905 0.001741592 
0.1806306 0.8132743 0.006095076 
0.3646122 0.6331661 0.00222163 
0.2959175 0.6948747 0.009207818 
0.2330293 0.7667631 0.0002076319 
0.3444544 0.6459627 0.00958291 
0.2626964 0.7273364 0.009967154 
0.2588538 0.7238159 0.01733035 
0.3068292 0.6918066 0.001364228 
0.3197307 0.6798601 0.0004092145 
0.3802146 0.6117767 0.008008743 
0.3365062 0.6567338 0.006760009 
0.3629202 0.6357294 0.001350323 
0.3413706 0.6495339 0.0090955 
0.2717364 0.7219766 0.006286934 
0.2616229 0.7337029 0.004674207 
0.3854809 0.5954099 0.01910921 
0.377938 0.6211905 0.00087151 
0.3442348 0.6537574 0.002007798 
0.2188979 0.7748542 0.006247974 
0.3436238 0.6555098 0.0008663357 
0.2824426 0.7137398 0.003817598 
0.3109244 0.6876087 0.001466871 
0.3529664 0.6401182 0.006915445 
0.2515714 0.7465121 0.001916568 
0.2731368 0.7198751 0.006988051 
0.4110573 0.5832512 0.005691455 
0.2856024 0.7035166 0.010881 
0.3980362 0.6006748 0.001289021 
0.3227301 0.6769725 0.0002974704 
0.2898242 0.7041248 0.006050956 
0.1796367 0.8197462 0.0006171175 
0.2233507 0.7713235 0.005325831 
0.3810093 0.608936 0.01005469 
0.3202763 0.6790641 0.0006595366 
0.298589 0.683406 0.01800493 
0.3096525 0.6884583 0.001889167 
0.3532071 0.640095 0.006697908 
0.2819952 0.7160434 0.00196137 
0.272173 0.7181989 0.009628084 
0.2727299 0.7206807 0.006589384 
0.2492461 0.7359108 0.0148431 
0.3320159 0.6606777 0.007306432 
0.3737446 0.6222907 0.003964663 
0.2907882 0.7077269 0.001484873 
0.2273032 0.7698275 0.002869318 
0.3804372 0.6149127 0.004650114 
0.307081 0.6874732 0.005445753 
0.2766734 0.7190335 0.004293118 
0.30187 0.6898442 0.008285717 
0.3752424 0.6200431 0.004714487 
0.3540663 0.6363531 0.009580647 
0.2381061 0.7513534 0.01054047 
0.2766962 0.704377 0.01892673 
0.37705 0.6226804 0.0002696161 
0.2384386 0.7539111 0.007650347 
0.2415227 0.7565238 0.001953571 
0.287313 0.6936553 0.01903167 
0.351142 0.6378961 0.01096196 
0.2251835 0.7707155 0.004101018 
0.3429327 0.6454678 0.01159949 
0.3279714 0.6498453 0.02218327 
0.2784727 0.7196893 0.001838035 
0.2768545 0.7229886 0.0001568254 
0.4712395 0.5285555 0.000205076 
0.4278185 0.5681689 0.004012602 
0.3308354 0.6646348 0.004529705 
0.2649131 0.7301668 0.004920028 
0.4104397 0.5876416 0.001918675 
0.2721209 0.7185989 0.00928014 
0.2960622 0.7039288 8.999211e-06 
0.4013941 0.5984061 0.0001997879 
0.285195 0.7121212 0.002683811 
0.3480663 0.6493585 0.002575269 
0.2979334 0.7010958 0.000970789 
0.2216264 0.7522968 0.0260768 
0.21304 0.78542 0.001540056 
0.2539246 0.7342873 0.01178807 
0.2837189 0.7156727 0.0006084064 
0.2514238 0.7427166 0.005859624 
0.2469075 0.7460496 0.007042942 
0.2953462 0.6952258 0.009428013 
0.32149 0.6655575 0.01295249 
0.333768 0.662745 0.003487015 
0.3528699 0.6321283 0.01500178 
0.3727522 0.6210545 0.006193285 
0.1952028 0.7884341 0.01636304 
0.3192572 0.678572 0.002170793 
0.2171064 0.7694392 0.01345447 
0.2075023 0.7838276 0.008670107 
0.3089161 0.6842564 0.006827516 
0.3526889 0.6458712 0.001439942 
0.3335508 0.6649767 0.001472561 
0.2481028 0.7316874 0.02020983 
0.3902646 0.5795972 0.03013828 
0.2898352 0.7070381 0.003126725 
0.2621539 0.7308527 0.006993367 
0.2554948 0.7384773 0.0060279 
0.3221197 0.6747212 0.003159052 
0.2454976 0.7520191 0.002483291 
0.30879 0.6838828 0.007327235 
0.2806272 0.7111542 0.008218573 
0.2120489 0.782351 0.005600094 
0.3063642 0.6757393 0.01789658 
0.3773393 0.619341 0.003319658 
0.3261482 0.6728938 0.0009579963 
0.3695014 0.6225085 0.007990019 
0.2688122 0.7301299 0.001057923 
0.2434487 0.7491005 0.007450756 
0.3758375 0.590983 0.03317943 
0.3071892 0.6795085 0.01330226 
0.2589144 0.7187794 0.0223062 
0.3026984 0.6961179 0.00118371 
0.3231799 0.6709464 0.005873704 
0.2406426 0.7470722 0.01228513 
0.3048856 0.6933551 0.00175927 
0.3706961 0.627157 0.002146943 
0.3256606 0.6722674 0.00207199 
0.3434615 0.6498042 0.006734322 
0.2459876 0.7514685 0.00254396 
0.2537064 0.7264626 0.01983102 
0.2748107 0.7204232 0.004766125 
0.2691357 0.7195676 0.01129671 
0.2154385 0.7832773 0.001284241 
0.3221352 0.6718455 0.006019373 
0.3305192 0.6416918 0.02778899 
0.2841792 0.6958448 0.01997609 
0.3250323 0.672124 0.002843749 
0.301978 0.696698 0.001324019 
0.3036976 0.690153 0.006149445 
0.2766291 0.7108182 0.01255274 
0.2762498 0.7218181 0.001932173 
0.2542495 0.7382321 0.007518435 
0.2842045 0.7148556 0.000939891 
0.3023987 0.6932099 0.004391378 
0.334167 0.6633675 0.002465471 
0.2951974 0.7018847 0.002917945 
0.3222098 0.6767011 0.001089128 
0.2393789 0.7511642 0.009456866 
0.3304147 0.6615426 0.008042717 
0.2721363 0.7266902 0.001173479 
0.3355577 0.6517891 0.01265325 
0.4200303 0.5779282 0.002041545 
0.3912964 0.6045085 0.004195114 
0.3174494 0.6710527 0.01149782 
0.3341418 0.6648303 0.001027903 
0.2702039 0.7293783 0.0004178487 
0.2732973 0.720797 0.005905695 
0.3415341 0.6563065 0.002159418 
0.3502362 0.644281 0.005482717 
0.2897185 0.7003878 0.009893667 
0.2987981 0.6940636 0.007138221 
0.3222908 0.6669833 0.01072591 
0.3528835 0.6299259 0.01719065 
0.4787768 0.5114222 0.009800951 
0.3596476 0.6396466 0.0007057546 
0.2639525 0.7214455 0.014602 
0.3102804 0.6877225 0.001997155 
0.3269353 0.6375807 0.03548408 
0.2834675 0.7131436 0.00338889 
0.2849945 0.7105706 0.004434946 
0.3288744 0.6617153 0.009410313 
0.3176098 0.666771 0.01561918 
0.2962457 0.6985746 0.005179702 
0.3154411 0.6844576 0.0001013092 
0.2907074 0.704904 0.00438858 
0.2731948 0.7262305 0.0005746532 
0.3472441 0.6487182 0.004037688 
0.3253382 0.6632084 0.01145346 
0.1908233 0.8044962 0.004680504 
0.2881631 0.7064169 0.005419977 
0.2292652 0.7696247 0.001110136 
0.241355 0.7547723 0.003872721 
0.3266799 0.6713989 0.001921173 
0.2657082 0.7121539 0.02213796 
0.3021181 0.6969073 0.0009746108 
0.3073199 0.6894172 0.003262905 
0.2476881 0.7506642 0.001647768 
0.2734925 0.7246237 0.001883758 
0.2235397 0.7600032 0.01645712 
0.3441575 0.6545145 0.001328028 
0.3062406 0.6880439 0.005715512 
0.3836801 0.6076782 0.008641704 
0.307023 0.6888101 0.004166833 
0.2507433 0.7462515 0.003005274 
0.3409938 0.654139 0.004867195 
0.3042508 0.6900682 0.005680968 
0.2583892 0.7310325 0.01057832 
0.3046843 0.6875305 0.007785198 
0.3505988 0.6481086 0.001292629 
0.3551203 0.6426398 0.002239897 
0.3191175 0.6799437 0.0009388183 
0.3248943 0.6701117 0.004994022 
0.3068627 0.6925985 0.0005387184 
0.3231711 0.671114 0.005714874 
0.3605504 0.636441 0.003008684 
0.2972637 0.6895025 0.01323376 
0.303119 0.6907576 0.006123466 
0.1851414 0.8039108 0.01094779 
0.1794124 0.8088895 0.01169808 
0.3513175 0.6357012 0.01298132 
0.3084598 0.6787293 0.01281088 
0.1789298 0.7989229 0.02214722 
0.3325139 0.6620403 0.005445778 
0.282953 0.7134946 0.003552468 
0.3026203 0.6935646 0.003815139 
0.2896801 0.6998491 0.01047081 
0.2851048 0.7113789 0.003516354 
0.2814017 0.7166401 0.001958187 
0.3066736 0.6915378 0.001788591 
0.3448724 0.6540437 0.001083861 
0.1910675 0.8017367 0.007195779 
0.3551402 0.633629 0.01123079 
0.2971862 0.6933153 0.009498497 
0.2991978 0.6875398 0.0132624 
0.3445011 0.6503698 0.005129163 
0.2889073 0.6634597 0.04763292 
0.3515859 0.6204105 0.02800356 
0.2857052 0.700617 0.0136778 
0.264541 0.7349218 0.000537206 
0.1994815 0.7932898 0.007228724 
0.3398812 0.6496637 0.01045511 
0.3834793 0.6054856 0.01103519 
0.3516318 0.6449177 0.003450528 
0.2967334 0.6937165 0.009550116 
0.3494286 0.6370492 0.01352226 
0.3190769 0.6648405 0.01608263 
0.2263392 0.7560922 0.01756856 
0.3260149 0.6638839 0.01010117 
0.2885072 0.6879864 0.02350639 
0.3377367 0.6506737 0.01158955 
0.312672 0.6754075 0.01192047 
0.277784 0.7136151 0.008600861 
0.3274751 0.6624315 0.01009336 
0.3265526 0.6598319 0.01361552 
0.2649475 0.7188596 0.01619281 
0.3446913 0.6410964 0.01421233 
0.3200427 0.6715214 0.008435966 
0.3069251 0.6862161 0.006858719 
0.2687123 0.7153505 0.01593718 
0.2649226 0.7211123 0.0139651 
0.3021393 0.6956958 0.002164985 
0.3011767 0.6936035 0.005219843 
0.3433409 0.6490078 0.007651387 
0.2872899 0.7114615 0.001248638 
0.340426 0.659055 0.0005190853 
0.1689306 0.8301224 0.0009469845 
0.3316122 0.6627803 0.005607559 
0.2975759 0.7000053 0.002418849 
0.2624348 0.7197516 0.01781363 
0.2787874 0.702014 0.01919866 
0.339641 0.6596661 0.0006928916 
0.2441921 0.7431109 0.01269705 
0.2244251 0.7709293 0.004645541 
0.4213239 0.5744358 0.004240361 
0.3600178 0.639375 0.000607195 
0.3479212 0.651 0.001078766 
0.227583 0.7720936 0.0003234668 
0.320967 0.6750482 0.003984831 
0.2819545 0.7167288 0.001316701 
0.292946 0.7051589 0.001895071 
0.3253664 0.6641912 0.01044237 
0.3496177 0.6499421 0.0004402201 
0.3193441 0.6795442 0.001111703 
0.3378316 0.6510914 0.01107703 
0.3348305 0.6633781 0.001791334 
0.3128277 0.6839227 0.00324962 
0.2863441 0.7070717 0.006584173 
0.3825884 0.6165618 0.000849885 
0.3064995 0.6915383 0.001962251 
0.2751812 0.7209999 0.003818914 
0.1890453 0.8105368 0.000417918 
0.1760302 0.821551 0.00241876 
0.2499148 0.7199785 0.03010668 
0.2720011 0.7267463 0.001252544 
0.2946972 0.6886892 0.01661365 
0.3378284 0.6579973 0.0041743 
0.2368059 0.7512128 0.01198123 
0.265494 0.7297207 0.004785294 
0.2421461 0.7543521 0.003501854 
0.2322648 0.7621872 0.005548 
0.2443908 0.7520548 0.003554354 
0.2027279 0.7961333 0.00113876 
0.3065885 0.6677531 0.02565841 
0.3610393 0.635642 0.003318652 
0.3248442 0.6731548 0.002000958 
0.2417872 0.7318138 0.026399 
0.2101632 0.7796289 0.01020797 
0.3930312 0.6036568 0.003312053 
0.3253015 0.6617941 0.01290446 
0.2774104 0.7224583 0.0001313593 
0.3276071 0.6624611 0.009931798 
0.2985883 0.679733 0.02167868 
0.2558515 0.7290235 0.01512498 
0.2471244 0.7501085 0.002767123 
0.2448269 0.7529392 0.00223391 
0.3346874 0.6437836 0.02152903 
0.1817482 0.810499 0.007752861 
0.301426 0.6662067 0.03236733 
0.4287484 0.5462771 0.02497448 
0.2635646 0.7333793 0.003056102 
0.2416614 0.7526765 0.00566215 
0.3418949 0.651379 0.006726088 
0.2994284 0.6938313 0.006740329 
0.293862 0.6844809 0.02165715 
0.2750957 0.7123638 0.01254055 
0.3137762 0.6601645 0.02605932 
0.2328964 0.7637009 0.00340271 
0.2883488 0.7026347 0.009016482 
0.2501405 0.7421049 0.0077546 
0.2456346 0.7511763 0.003189083 
0.2691217 0.722573 0.008305316 
0.2715751 0.714126 0.01429894 
0.29298 0.7006357 0.006384304 
0.2832609 0.7158099 0.0009291957 
0.2334798 0.7555437 0.01097644 
0.2619149 0.7061391 0.03194598 
0.2402197 0.743031 0.01674929 
0.3339279 0.6417205 0.02435165 
0.3305729 0.6631521 0.006275012 
0.3487294 0.6509645 0.0003060716 
0.3898042 0.6074662 0.002729656 
0.3232037 0.6765622 0.0002341133 
0.3281302 0.6630988 0.008771004 
0.2880741 0.6991747 0.01275123 
0.3086923 0.6812409 0.01006676 
0.359377 0.6383515 0.002271571 
0.1970818 0.795845 0.007073233 
0.2633526 0.7313986 0.005248765 
0.3558292 0.6354289 0.008741919 
0.3446553 0.6416792 0.01366557 
0.3836311 0.6090551 0.007313771 
0.3238379 0.6690383 0.00712384 
0.3506747 0.6407427 0.008582605 
0.361666 0.6303314 0.008002594 
0.308019 0.684254 0.007726948 
0.3715558 0.6217452 0.006698969 
0.3162672 0.6830393 0.0006935094 
0.2505512 0.7356894 0.01375946 
0.2396702 0.7469003 0.01342952 
0.2094961 0.7870704 0.003433462 
0.303926 0.6848123 0.01126169 
0.2837776 0.6973701 0.01885221 
0.2971022 0.7002749 0.002622864 
0.2410633 0.7509399 0.00799681 
0.3454226 0.6512601 0.00331734 
0.2548114 0.7450181 0.0001705393 
0.358856 0.6346496 0.006494418 
0.22643 0.7668082 0.0067618 
0.3345058 0.6624312 0.003062982 
0.4222986 0.5776565 4.490404e-05 
0.2854289 0.7123608 0.002210311 
0.3353288 0.6573775 0.007293681 
0.3365001 0.6386526 0.02484732 
0.2739753 0.7113023 0.01472242 
0.421082 0.578524 0.0003939917 
0.3272284 0.6498425 0.02292918 
0.2253264 0.7740141 0.0006594646 
0.3334988 0.641026 0.02547518 
0.3182565 0.6792686 0.002474934 
0.3141719 0.6814745 0.004353586 
0.3260518 0.6731207 0.0008275394 
0.313554 0.6858714 0.0005746392 
0.3090053 0.6879581 0.003036667 
0.30465 0.6819867 0.01336336 
0.245663 0.7520593 0.002277668 
0.211417 0.7866185 0.001964546 
0.2620278 0.7242176 0.01375461 
0.2599114 0.724009 0.01607952 
0.3577335 0.6328893 0.009377169 
0.2643303 0.7355348 0.0001349015 
0.291095 0.7058066 0.003098468 
0.3437428 0.6480231 0.00823409 
0.2712 0.7251454 0.003654587 
0.3342137 0.6622224 0.003563955 
0.2655905 0.7331953 0.001214171 
0.2816452 0.7083366 0.01001812 
0.2788767 0.7078464 0.01327688 
0.3116339 0.674565 0.01380109 
0.3731711 0.6187163 0.008112511 
0.2355535 0.758584 0.005862446 
0.2866239 0.713171 0.0002050959 
0.2843489 0.6920756 0.02357545 
0.3060786 0.6839016 0.01001979 
0.3261356 0.6730529 0.0008114986 
0.3430875 0.6529919 0.003920629 
0.3060929 0.6807951 0.01311203 
0.308709 0.6835226 0.007768352 
0.3626409 0.6353087 0.002050371 
0.2895226 0.7051154 0.005362057 
0.2356232 0.7598013 0.004575416 
0.2799398 0.7194443 0.0006159253 
0.282495 0.7141745 0.003330454 
0.3128011 0.6852565 0.001942391 
0.2940055 0.6980958 0.007898678 
0.2395054 0.7601692 0.000325381 
0.3297976 0.6693364 0.0008659505 
0.286129 0.6846009 0.02927014 
0.2989628 0.6774428 0.02359445 
0.2797523 0.7194542 0.000793512 
0.2706318 0.7242229 0.005145258 
0.2680246 0.7238131 0.00816224 
0.2148458 0.7703069 0.01484731 
0.2057826 0.7889629 0.005254498 
0.3354199 0.6503093 0.0142708 
0.2810674 0.7167932 0.002139402 
0.2563435 0.725772 0.01788451 
0.3517219 0.6206929 0.02758519 
0.2473643 0.7518904 0.0007452978 
0.2168653 0.7813835 0.001751212 
0.1995635 0.7962632 0.004173306 
0.3151122 0.6788508 0.006036967 
0.3384557 0.646687 0.01485733 
0.3700144 0.6278274 0.002158204 
0.3144588 0.6835834 0.001957765 
0.3440054 0.6477948 0.008199891 
0.2946977 0.6769271 0.02837513 
0.3228873 0.6617277 0.01538502 
0.3952559 0.5897895 0.01495465 
0.3963733 0.5958166 0.007810093 
0.2784549 0.7032213 0.01832384 
0.2860065 0.701978 0.01201556 
0.3101368 0.689319 0.0005441749 
0.347648 0.6390475 0.01330448 
0.3492133 0.6484232 0.002363451 
0.3920563 0.5951871 0.01275661 
0.3192901 0.6692314 0.01147852 
0.3309164 0.6542596 0.014824 
0.2067514 0.7842034 0.009045115 
0.3508173 0.6431249 0.00605777 
0.2465322 0.7516603 0.00180751 
0.4434915 0.5425789 0.01392957 
0.3367437 0.661135 0.002121368 
0.3693515 0.6304463 0.0002022154 
0.3331166 0.6467266 0.02015676 
0.2354149 0.707072 0.05751306 
0.2837078 0.7108903 0.005401826 
0.4243835 0.5639032 0.01171329 
0.3299727 0.6676467 0.002380607 
0.2302676 0.7670561 0.002676319 
0.2933343 0.696241 0.01042468 
0.305136 0.6835516 0.01131234 
0.2230534 0.7710529 0.005893702 
0.3515443 0.6461627 0.002292944 
0.2167288 0.7794759 0.003795299 
0.3818136 0.6153786 0.002807745 
0.2275023 0.7695735 0.002924177 
0.3484301 0.6443506 0.007219272 
0.3568762 0.6360394 0.007084375 
0.2730924 0.7266623 0.0002453192 
0.3099528 0.6860369 0.004010315 
0.2002972 0.791859 0.007843788 
0.2813204 0.7116194 0.007060186 
0.2767477 0.7094437 0.01380862 
0.278622 0.6959588 0.02541927 
0.3480017 0.6409294 0.01106891 
0.2204097 0.7785896 0.001000671 
0.2441941 0.7466956 0.009110248 
0.2885585 0.6938012 0.01764025 
0.206546 0.790691 0.002762962 
0.2456239 0.7534624 0.0009136508 
0.2604157 0.7310712 0.008513103 
0.3662883 0.6331548 0.0005568857 
0.262294 0.7376813 2.469306e-05 
0.2712808 0.7227629 0.005956318 
0.1923281 0.8025287 0.005143226 
0.3037016 0.6924264 0.003872021 
0.3570735 0.633744 0.009182474 
0.3322063 0.6629075 0.004886285 
0.3556503 0.6415922 0.00275753 
0.2701158 0.7259216 0.003962588 
0.3077474 0.6880968 0.004155844 
0.2945323 0.6961526 0.009315136 
0.2549926 0.7314261 0.01358132 
0.2571055 0.7427181 0.0001764289 
0.2468252 0.7526742 0.0005005957 
0.2560227 0.7359857 0.007991587 
0.2944714 0.7054345 9.409912e-05 
0.2453809 0.7466063 0.008012778 
0.3123952 0.6822343 0.005370486 
0.3387888 0.6530956 0.008115595 
0.391337 0.6014595 0.007203454 
0.3021034 0.6887147 0.009181895 
0.3609071 0.6294486 0.00964433 
0.3405372 0.6515212 0.007941596 
0.2378186 0.755529 0.006652397 
0.3012993 0.6954713 0.003229444 
0.3366927 0.6583273 0.004980048 
0.3262977 0.6736041 9.81795e-05 
0.1521525 0.8425488 0.005298678 
0.3235718 0.6616035 0.0148247 
0.3031797 0.690738 0.006082375 
0.2629091 0.7291117 0.007979202 
0.3491574 0.6473386 0.003503965 
0.2641223 0.7269261 0.008951502 
0.3626192 0.6329452 0.004435592 
0.3247129 0.6682833 0.007003842 
0.2966313 0.6986138 0.004754967 
0.2763506 0.7193636 0.004285768 
0.3747404 0.5791681 0.04609148 
0.2474687 0.7519348 0.000596488 
0.3961522 0.5989225 0.004925309 
0.3158099 0.6676291 0.01656099 
0.3877734 0.6070679 0.005158776 
0.3453681 0.6485206 0.006111319 
0.2540994 0.7391757 0.006724914 
0.2424504 0.7514077 0.006141844 
0.3564487 0.6410056 0.002545661 
0.2661476 0.7225246 0.01132782 
0.33995 0.6563877 0.003662318 
0.3060731 0.688822 0.005104947 
0.2760491 0.705272 0.0186789 
0.3259133 0.6707506 0.003336151 
0.3975063 0.599834 0.002659717 
0.2809197 0.7112543 0.007825919 
0.3319319 0.6628335 0.00523453 
0.3485003 0.647432 0.004067769 
0.2019321 0.7689368 0.0291311 
0.3148534 0.6616206 0.02352599 
0.3417526 0.6541274 0.004120051 
0.3368157 0.6576655 0.005518868 
0.2499736 0.7442176 0.005808828 
0.2472998 0.7428401 0.009860102 
0.2250214 0.7653951 0.009583519 
0.3081314 0.6872328 0.004635833 
0.3008171 0.6970525 0.002130416 
0.3217095 0.6779294 0.000361138 
0.3035177 0.695416 0.001066314 
0.3327483 0.6501817 0.01706998 
0.3332236 0.663466 0.003310337 
0.2616309 0.7154602 0.02290894 
0.3168773 0.6796961 0.003426539 
0.2340582 0.7659347 7.082607e-06 
0.2618399 0.7319855 0.006174677 
0.3441954 0.6471647 0.008639869 
0.3499302 0.6480262 0.00204364 
0.2793656 0.6920633 0.0285711 
0.3004235 0.6670107 0.03256584 
0.3619025 0.6333438 0.004753686 
0.3367647 0.6581663 0.005068997 
0.261669 0.7349854 0.003345592 
0.2494745 0.7263111 0.02421442 
0.2702515 0.722138 0.007610531 
0.3274983 0.6583008 0.01420089 
0.3645917 0.6139462 0.02146218 
0.2425615 0.7455305 0.01190796 
0.3470505 0.637981 0.01496852 
0.3390246 0.639621 0.0213544 
0.2733474 0.7098072 0.0168454 
0.2582668 0.7228929 0.01884022 
0.3282681 0.6635085 0.008223338 
0.3021248 0.6971605 0.0007147708 
0.3449126 0.6517579 0.003329491 
0.2755538 0.7243782 6.800049e-05 
0.4567223 0.5405559 0.002721843 
0.363404 0.6354474 0.001148604 
0.3761497 0.6138786 0.00997167 
0.3051133 0.6941086 0.0007780466 
0.369187 0.6274891 0.003323988 
0.4102969 0.586 0.003703088 
0.33281 0.6649052 0.002284789 
0.2626266 0.721997 0.0153764 
0.2625806 0.7371784 0.0002410433 
0.2916198 0.7002152 0.008165086 
0.3761118 0.6133427 0.01054552 
0.3299569 0.6446382 0.02540495 
0.2417448 0.7504746 0.007780648 
0.2868016 0.7041554 0.009043006 
0.2501124 0.7432825 0.006605077 
0.300248 0.6954379 0.004314135 
0.2717196 0.7228446 0.005435779 
0.2422712 0.7502446 0.007484198 
0.35313 0.6278078 0.0190622 
0.2756535 0.7233362 0.001010328 
0.2965227 0.690192 0.01328528 
0.2731806 0.7124593 0.01436016 
0.3424049 0.6533132 0.004281906 
0.279042 0.7191177 0.001840289 
0.2944328 0.696736 0.00883116 
0.2178852 0.7801692 0.001945585 
0.3390051 0.6577082 0.003286631 
0.3252499 0.6519155 0.02283468 
0.3571754 0.6336374 0.009187199 
0.3459845 0.6477318 0.006283775 
0.277529 0.7218848 0.0005861451 
0.3177053 0.6722365 0.01005824 
0.3809143 0.6160159 0.003069787 
0.3988388 0.5846711 0.01649005 
0.3429762 0.6570114 1.237714e-05 
0.2625287 0.7340429 0.003428468 
0.3357821 0.6618245 0.002393359 
0.2109141 0.7829963 0.006089644 
0.2505732 0.7468448 0.002581994 
0.3099573 0.6894632 0.0005794558 
0.2198596 0.7681821 0.01195835 
0.2517088 0.7482522 3.897134e-05 
0.2388168 0.758866 0.002317207 
0.2288797 0.7653316 0.00578875 
0.3029402 0.6848607 0.01219909 
0.3168848 0.6760505 0.007064687 
0.3916529 0.602567 0.005780069 
0.3638824 0.6324093 0.003708226 
0.4374205 0.5619765 0.0006029547 
0.2544374 0.7418239 0.003738678 
0.4222451 0.5720009 0.005753965 
0.2651133 0.7331973 0.001689396 
0.3997261 0.5990401 0.001233779 
0.3733233 0.6159637 0.01071303 
0.3457404 0.6472859 0.006973638 
0.2668593 0.7267401 0.006400599 
0.249623 0.743137 0.007240037 
0.2634092 0.7363448 0.0002460145 
0.3126766 0.6829619 0.004361499 
0.2665275 0.7192894 0.01418308 
0.3601611 0.6387959 0.001043081 
0.3222124 0.6738417 0.003945934 
0.2834043 0.7113938 0.005201891 
0.2659568 0.7281327 0.005910488 
0.2911734 0.6958368 0.01298986 
0.2508135 0.7474236 0.00176288 
0.2879632 0.710154 0.001882779 
0.4544412 0.5436418 0.001916989 
0.2433784 0.7483276 0.008293932 
0.277173 0.6796058 0.04322124 
0.2321007 0.7482332 0.01966609 
0.3070528 0.6867317 0.006215452 
0.3682112 0.624498 0.007290791 
0.3007481 0.6986017 0.0006502419 
0.2440143 0.7340827 0.02190307 
0.3723284 0.6220819 0.005589647 
0.2518311 0.7460101 0.002158798 
0.3268226 0.6686477 0.00452974 
0.3477449 0.642253 0.01000217 
0.326601 0.6599413 0.01345766 
0.21353 0.7839782 0.002491778 
0.3032252 0.6937501 0.003024656 
0.2977281 0.7008283 0.001443603 
0.3566531 0.643272 7.491051e-05 
0.2109526 0.7754577 0.0135897 
0.2048619 0.790665 0.004473188 
0.3158189 0.6814752 0.002705912 
0.2485195 0.743011 0.008469428 
0.2480629 0.7457094 0.006227686 
0.2753241 0.7244271 0.0002488191 
0.2470136 0.7351606 0.01782582 
0.2978509 0.6585203 0.04362874 
0.3107145 0.6747266 0.0145589 
0.2449284 0.7464848 0.008586813 
0.3557971 0.6322981 0.01190482 
0.4232728 0.5708339 0.00589329 
0.3329639 0.6582996 0.008736533 
0.3012054 0.6961506 0.002644013 
0.304429 0.6887933 0.006777773 
0.2869727 0.7111822 0.001845137 
0.3179236 0.6725896 0.009486858 
0.3079802 0.6886817 0.003338117 
0.2552374 0.7404902 0.004272404 
0.2909043 0.6953601 0.01373563 
0.275842 0.7162857 0.007872299 
0.3122117 0.6872733 0.0005150794 
0.2818318 0.7153139 0.002854328 
0.2486409 0.7483133 0.003045802 
0.2816622 0.7026794 0.01565836 
0.3224837 0.6410347 0.03648156 
0.3671467 0.621809 0.01104436 
0.2809475 0.7188662 0.0001862145 
0.3001165 0.6721328 0.02775077 
0.284863 0.7132064 0.001930582 
0.23108 0.746604 0.02231602 
0.3544107 0.6444318 0.001157478 
0.2853715 0.7033224 0.0113061 
0.2687265 0.7309013 0.0003722432 
0.275124 0.7197125 0.005163574 
0.3253703 0.6663234 0.008306295 
0.4612846 0.5381301 0.000585268 
0.3634324 0.62501 0.01155757 
0.3655457 0.6290424 0.005411914 
0.2693112 0.7261405 0.004548363 
0.3473773 0.639856 0.01276671 
0.3266194 0.6621434 0.0112372 
0.3300896 0.666688 0.003222366 
0.459855 0.519994 0.02015098 
0.2839509 0.7116128 0.00443638 
0.2717514 0.7254045 0.002844176 
0.2500675 0.7456109 0.004321534 
0.3101744 0.6874082 0.002417455 
0.2733255 0.7177237 0.008950844 
0.3347776 0.6608097 0.004412619 
0.3019257 0.6970995 0.0009748371 
0.2408552 0.7575129 0.001631902 
0.254362 0.7427393 0.002898657 
0.2734942 0.7036281 0.02287776 
0.5158831 0.4804973 0.00361965 
0.3596504 0.6356477 0.004701975 
0.2940711 0.7036245 0.002304467 
0.3012066 0.6950629 0.003730525 
0.2802906 0.707356 0.01235337 
0.388991 0.6101824 0.0008265841 
0.3217499 0.6677322 0.01051785 
0.2684297 0.7295837 0.001986602 
0.3205586 0.6743459 0.005095498 
0.280197 0.7134028 0.006400199 
0.2626173 0.7339758 0.003406912 
0.2697499 0.7265159 0.003734245 
0.28934 0.7064687 0.004191307 
0.240792 0.7581539 0.001054092 
0.2847652 0.7040748 0.01116005 
0.3739811 0.6130553 0.01296368 
0.286038 0.7120855 0.001876453 
0.2477536 0.7448085 0.007437859 
0.2849808 0.7095068 0.005512364 
0.3930416 0.6034629 0.003495429 
0.3348383 0.6522571 0.01290458 
0.4001261 0.5990309 0.0008430793 
0.2769043 0.7124113 0.01068444 
0.2997669 0.6784529 0.02178025 
0.3272174 0.6711507 0.001631892 
0.4066232 0.5791083 0.01426857 
0.364086 0.6352381 0.0006758683 
0.3265487 0.6702273 0.003223977 
0.3131371 0.6846551 0.002207814 
0.2122481 0.786842 0.0009098573 
0.3501876 0.6476515 0.002160935 
0.2148798 0.7740449 0.01107525 
0.2705955 0.7115802 0.01782432 
0.2750017 0.720577 0.004421255 
0.2754507 0.7212222 0.003327127 
0.3640775 0.6273035 0.008619022 
0.3509687 0.6421194 0.006911897 
0.3614605 0.6353806 0.003158944 
0.2611829 0.727765 0.01105213 
0.2955737 0.6823546 0.02207173 
0.2862875 0.7065866 0.007125929 
0.2883469 0.7110692 0.0005839244 
0.2696909 0.718135 0.01217402 
0.2655047 0.7300113 0.004483955 
0.2554468 0.7435555 0.0009977537 
0.3095579 0.6883169 0.002125215 
0.2067254 0.7737435 0.01953107 
0.2584092 0.642133 0.09945783 
0.4441541 0.5529259 0.002920006 
0.3118169 0.6862731 0.001910004 
0.199684 0.7974386 0.002877452 
0.3658032 0.6069135 0.02728332 
0.2828831 0.7162067 0.0009102029 
0.2497821 0.7480574 0.002160582 
0.2433981 0.7465507 0.01005128 
0.3660245 0.6314823 0.002493169 
0.2347913 0.7632434 0.001965284 
0.2642679 0.7353336 0.0003984514 
0.3469517 0.6500404 0.003007947 
0.3103948 0.6873929 0.002212296 
0.2511275 0.7433899 0.005482613 
0.2629656 0.7315723 0.005462151 
0.2381011 0.7529952 0.008903704 
0.300847 0.6956262 0.003526756 
0.3186097 0.6797356 0.001654745 
0.2880705 0.7115488 0.000380651 
0.2353561 0.7604375 0.004206388 
0.2779418 0.7207968 0.001261452 
0.2593195 0.7400631 0.0006173824 
0.2613658 0.7333403 0.005293875 
0.3113798 0.6842751 0.004345144 
0.3694838 0.6297535 0.0007626754 
0.3496054 0.6489996 0.001394974 
0.4305554 0.5608457 0.008598897 
0.2481097 0.7471854 0.004704857 
0.2591598 0.7394837 0.001356468 
0.2728981 0.7200109 0.007091049 
0.154187 0.8235824 0.02223056 
0.2733281 0.706978 0.01969385 
0.2441596 0.7521901 0.003650338 
0.3438982 0.6481166 0.007985147 
0.2660939 0.7331747 0.0007313363 
0.2805629 0.7167752 0.002661929 
0.2239614 0.7745694 0.001469225 
0.2283888 0.7677536 0.003857632 
0.3799723 0.6125231 0.0075046 
0.2830264 0.7120823 0.00489131 
0.4549989 0.5238836 0.02111757 
0.3366574 0.6619705 0.001372083 
0.3030742 0.6667909 0.03013492 
0.3950101 0.5891899 0.0158 
0.2514099 0.7464181 0.002171932 
0.3726974 0.6197193 0.007583334 
0.3109498 0.6879763 0.001073907 
0.3175964 0.673565 0.008838636 
0.3325581 0.6626905 0.004751414 
0.2555316 0.7209691 0.02349925 
0.3442399 0.654408 0.001352073 
0.3567506 0.6338846 0.009364809 
0.2713591 0.6972224 0.03141851 
0.2127041 0.7765236 0.01077226 
0.3056572 0.6614198 0.03292297 
0.3174168 0.6782036 0.004379548 
0.2825508 0.7053512 0.01209802 
0.2995505 0.6965393 0.003910178 
0.3981221 0.5971417 0.004736215 
0.2923316 0.7015428 0.006125605 
0.2509836 0.7398068 0.009209592 
0.32379 0.6759773 0.000232647 
0.2697433 0.7285334 0.001723285 
0.2409011 0.7545148 0.004584093 
0.3990322 0.6003179 0.0006498881 
0.3712641 0.623107 0.005628934 
0.3274029 0.6704077 0.002189445 
0.2432044 0.7564771 0.000318541 
0.2498613 0.7384672 0.01167149 
0.3317847 0.6634128 0.004802476 
0.2737219 0.7167721 0.009505976 
0.3387279 0.6427642 0.01850795 
0.3202035 0.6605919 0.01920458 
0.3947012 0.5916875 0.01361126 
0.3420008 0.6472457 0.01075349 
0.3774844 0.6140877 0.008427875 
0.2543558 0.7371003 0.008543831 
0.2819975 0.7113138 0.006688764 
0.332919 0.6606911 0.006389955 
0.3310498 0.6579523 0.01099786 
0.2998871 0.6850763 0.01503656 
0.2792066 0.7094699 0.01132351 
0.2910501 0.6942981 0.01465172 
0.2318766 0.7592779 0.008845495 
0.3612621 0.6327329 0.006004971 
0.3972527 0.5968146 0.00593268 
0.3199909 0.6758787 0.00413041 
0.2638904 0.7342094 0.001900146 
0.2673136 0.7079478 0.02473862 
0.3301135 0.6689873 0.0008991854 
0.2422855 0.7524904 0.005224062 
0.3779775 0.6037654 0.01825708 
0.312205 0.6847267 0.003068251 
0.2863896 0.711908 0.001702378 
0.221499 0.7773311 0.00116997 
0.2531194 0.7309822 0.01589846 
0.2563857 0.7428012 0.0008131651 
0.359415 0.6228854 0.01769968 
0.365184 0.6300461 0.004769813 
0.3134151 0.6859123 0.0006726437 
0.3375407 0.6584699 0.003989357 
0.2950389 0.6996968 0.00526428 
0.2692899 0.7304549 0.0002551062 
0.275939 0.7223527 0.001708297 
0.3044321 0.6947221 0.0008458082 
0.2902395 0.707107 0.002653494 
0.3630527 0.6361715 0.000775823 
0.2756918 0.7204685 0.003839689 
0.2606763 0.7176935 0.02163026 
0.3310569 0.6620722 0.006870992 
0.2840441 0.6982989 0.01765702 
0.2324425 0.7538162 0.01374124 
0.310039 0.6843447 0.005616314 
0.2726385 0.7270425 0.000319008 
0.3452517 0.6544131 0.000335194 
0.3155756 0.6814482 0.002976183 
0.3383269 0.6616366 3.650669e-05 
0.309953 0.6879869 0.002060074 
0.285837 0.7040944 0.01006861 
0.2608164 0.7263036 0.01288004 
0.296727 0.6935597 0.00971335 
0.2967981 0.6937457 0.009456204 
0.3105874 0.6788345 0.0105781 
0.3198479 0.6733028 0.006849215 
0.3521101 0.6441486 0.003741282 
0.3109259 0.685746 0.00332817 
0.3220034 0.6653072 0.01268932 
0.2631225 0.7171711 0.01970637 
0.3873556 0.599571 0.01307335 
0.3033081 0.6894488 0.007243127 
0.2734707 0.7264214 0.0001078851 
0.3909664 0.6060709 0.002962716 
0.3510367 0.6336477 0.01531557 
0.3196444 0.680346 9.577581e-06 
0.2847311 0.7124838 0.002785093 
0.2370092 0.7466243 0.01636653 
0.3017806 0.6786465 0.01957295 
0.3289202 0.6493238 0.02175601 
0.2811748 0.7078513 0.01097385 
0.2742435 0.7247027 0.001053857 
0.252772 0.7348569 0.01237109 
0.2785187 0.7108632 0.01061809 
0.2525877 0.7418389 0.005573418 
0.2409001 0.7557687 0.003331141 
0.3364547 0.6622712 0.001274149 
0.3878772 0.6077586 0.004364174 
0.352214 0.6300449 0.01774113 
0.253182 0.7370867 0.009731268 
0.3319211 0.6549005 0.01317838 
0.2991073 0.6971455 0.003747187 
0.3946722 0.5953519 0.009975926 
0.2457034 0.7539709 0.0003257073 
0.2320113 0.7608639 0.007124779 
0.3192601 0.675817 0.004922949 
0.326983 0.6693818 0.003635215 
0.1728639 0.8265824 0.000553798 
0.210316 0.7713252 0.01835883 
0.2538977 0.7314586 0.01464375 
0.2375316 0.7603668 0.002101592 
0.3393438 0.6589484 0.001707801 
0.229183 0.7707506 6.643154e-05 
0.3664945 0.6173368 0.01616867 
0.3331946 0.6647451 0.002060297 
0.31037 0.6881513 0.001478783 
0.4028685 0.5909216 0.00620991 
0.2549106 0.7146002 0.03048918 
0.3863516 0.6133842 0.0002641718 
0.2496899 0.7391291 0.01118098 
0.3053466 0.6890632 0.005590173 
0.2789356 0.7192488 0.001815592 
0.2737143 0.7247528 0.001532884 
0.24429 0.7503474 0.005362626 
0.333868 0.6589874 0.007144626 
0.2499569 0.7433843 0.006658792 
0.364154 0.6114286 0.02441746 
0.2572092 0.7426554 0.0001353443 
0.2613901 0.7383821 0.0002278502 
0.3207101 0.6708796 0.008410313 
0.3073181 0.684682 0.007999848 
0.3466135 0.64341 0.009976565 
0.265024 0.7296494 0.005326647 
0.2795225 0.7139065 0.006571028 
0.4027455 0.5783741 0.01888041 
0.3680451 0.6290922 0.002862608 
0.3404502 0.6519289 0.007620852 
0.2975693 0.7022055 0.0002252299 
0.3738754 0.6229809 0.003143673 
0.2822941 0.7029055 0.01480045 
0.2940527 0.7052815 0.0006657551 
0.3205605 0.6650608 0.01437869 
0.4064424 0.5891936 0.004363938 
0.2948099 0.7027117 0.002478388 
0.361574 0.6217621 0.0166639 
0.266303 0.722713 0.01098406 
0.231068 0.7631994 0.00573256 
0.3040211 0.6913873 0.004591562 
0.3578278 0.6382164 0.003955809 
0.3245502 0.6754202 2.963817e-05 
0.3175745 0.6758425 0.006583028 
0.2767091 0.7120755 0.01121539 
0.3240005 0.6703923 0.005607171 
0.3219 0.6565951 0.02150484 
0.2022798 0.7881042 0.009616018 
0.3062006 0.6914903 0.002309155 
0.3484166 0.6478505 0.003732925 
0.3198797 0.6625999 0.01752045 
0.3182278 0.6622664 0.01950584 
0.2827916 0.711507 0.005701413 
0.2430377 0.752103 0.004859388 
0.3716578 0.6280499 0.0002922443 
0.3155386 0.6823016 0.002159819 
0.2027679 0.7903582 0.006873864 
0.2446659 0.7516868 0.003647334 
0.3650273 0.6126728 0.02229993 
0.2129045 0.7858315 0.001263974 
0.3080885 0.6864411 0.005470396 
0.3784519 0.6128918 0.008656251 
0.2971469 0.6969857 0.005867447 
0.2735002 0.7151157 0.01138412 
0.4627831 0.5369584 0.0002585102 
0.2807171 0.7040697 0.01521322 
0.2980807 0.698083 0.003836244 
0.3026464 0.6917281 0.005625529 
0.2633221 0.7212727 0.01540515 
0.264081 0.7303578 0.005561224 
0.3764149 0.6075351 0.01605002 
0.3354459 0.6618739 0.002680229 
0.3416288 0.6503239 0.008047284 
0.2537787 0.7448461 0.001375254 
0.3517987 0.6432551 0.004946214 
0.3378777 0.6566647 0.005457642 
0.367476 0.6315596 0.0009644829 
0.2400677 0.7586 0.001332303 
0.2508252 0.7478625 0.001312273 
0.3999142 0.5993308 0.0007549996 
0.2396149 0.7581022 0.002282912 
0.3352827 0.649392 0.01532531 
0.3421656 0.6574141 0.0004202611 
0.2603458 0.7232073 0.01644691 
0.3190937 0.6744054 0.006500937 
0.2802184 0.7196569 0.0001247303 
0.2564289 0.7434924 7.868539e-05 
0.2065516 0.7921326 0.001315728 
0.3382962 0.6587652 0.002938596 
0.2117745 0.7849648 0.003260663 
0.3373771 0.6421528 0.0204701 
0.2504551 0.7438014 0.005743466 
0.3029583 0.6933626 0.003679143 
0.2774244 0.717835 0.004740628 
0.3388444 0.6443121 0.01684351 
0.3752647 0.6196034 0.00513189 
0.3440013 0.655826 0.0001727093 
0.2725736 0.7176425 0.009783896 
0.3144489 0.6730612 0.01248996 
0.3448062 0.6526397 0.002554074 
0.3300483 0.6458419 0.02410981 
0.3279058 0.6689857 0.003108474 
0.2703963 0.7278271 0.001776618 
0.3825135 0.6017854 0.01570105 
0.3750909 0.6212793 0.003629785 
0.3011183 0.6793766 0.01950506 
0.3302471 0.6667562 0.002996753 
0.2385281 0.736281 0.02519092 
0.4031507 0.5888886 0.007960673 
0.2908272 0.7005686 0.008604151 
0.3523506 0.638966 0.008683388 
0.4212122 0.5691745 0.009613335 
0.3556721 0.6381891 0.0061388 
0.291282 0.6881661 0.02055195 
0.2844183 0.7118752 0.003706573 
0.3578299 0.6293216 0.01284844 
0.3019529 0.6705051 0.02754205 
0.2701841 0.7265258 0.003290084 
0.2907636 0.7029727 0.006263655 
0.3132374 0.6734228 0.01333977 
0.2868316 0.7102088 0.002959582 
0.262556 0.7342179 0.003226077 
0.3463063 0.6500833 0.003610343 
0.2815826 0.7080234 0.01039397 
0.289862 0.709079 0.001059019 
0.3144492 0.6650152 0.02053556 
0.3245313 0.667167 0.008301674 
0.3163303 0.6776016 0.006068108 
0.3162689 0.6828353 0.0008958092 
0.2379897 0.7580177 0.00399254 
0.2814006 0.6978097 0.02078964 
0.3051105 0.6866109 0.008278602 
0.2617276 0.7228626 0.01540985 
0.2957646 0.690562 0.01367343 
0.2612341 0.731426 0.007339926 
0.2847719 0.7087658 0.006462292 
0.3231828 0.66974 0.00707722 
0.2807382 0.7172997 0.001962089 
0.2956241 0.7015324 0.00284353 
0.2428919 0.748411 0.008697169 
0.2821642 0.7078007 0.01003518 
0.3336214 0.660492 0.005886583 
0.2658629 0.7325403 0.001596744 
0.2647787 0.7296856 0.005535661 
0.3619492 0.6287352 0.009315594 
0.3857311 0.6053151 0.008953746 
0.2168165 0.7767966 0.006386883 
0.3327699 0.6548462 0.01238392 
0.3167033 0.6816881 0.001608562 
0.3493405 0.6347411 0.01591841 
0.2936804 0.7055641 0.0007555259 
0.1852507 0.801751 0.01299832 
0.2604454 0.7387453 0.0008092227 
0.2413844 0.7540122 0.00460342 
0.310843 0.6888714 0.0002856463 
0.3024182 0.6945272 0.003054611 
0.2789164 0.7197547 0.001328959 
0.3776241 0.6220486 0.0003272336 
0.3427231 0.6450814 0.0121955 
0.3615614 0.6291657 0.009272909 
0.3437966 0.6559784 0.0002250584 
0.1958589 0.7898669 0.01427424 
0.2714218 0.7096233 0.01895486 
0.2486804 0.7426583 0.008661356 
0.3216109 0.6756457 0.002743355 
0.2948224 0.6992818 0.005895774 
0.276803 0.7021791 0.02101789 
0.4427651 0.5545441 0.002690821 
0.2952596 0.6963879 0.008352439 
0.310576 0.6842003 0.005223762 
0.2404603 0.7522531 0.007286601 
0.2496363 0.7497882 0.000575482 
0.3325811 0.6574153 0.01000365 
0.3677194 0.6161532 0.01612748 
0.3922704 0.607071 0.0006586061 
0.3231383 0.6720222 0.004839461 
0.3684399 0.6281741 0.003385958 
0.333912 0.664108 0.001979972 
0.3185231 0.6791048 0.002372086 
0.2574585 0.7387086 0.003832887 
0.3079049 0.6891704 0.002924724 
0.2432669 0.7558102 0.0009229747 
0.3660191 0.6331406 0.0008402786 
0.3235205 0.6739305 0.002548933 
0.3045986 0.6946531 0.0007483186 
0.3025799 0.6967248 0.0006953641 
0.2084002 0.7913816 0.0002181957 
0.3117413 0.6855363 0.002722399 
0.2819002 0.7084314 0.009668392 
0.2093839 0.7767164 0.01389974 
0.4398096 0.5503617 0.009828705 
0.4136166 0.5834596 0.002923821 
0.3044959 0.686961 0.008543094 
0.3350422 0.6502704 0.01468734 
0.3346243 0.6648895 0.0004861985 
0.3030976 0.6959468 0.0009555809 
0.4301296 0.5698037 6.671301e-05 
0.2652972 0.7228693 0.01183349 
0.2836166 0.7143933 0.001990054 
0.3320059 0.6602806 0.007713447 
0.2688889 0.7228811 0.008230008 
0.3272655 0.6700232 0.002711323 
0.3503143 0.6370342 0.01265155 
0.3988147 0.5830617 0.0181236 
0.2848457 0.7129129 0.002241355 
0.3055192 0.6904321 0.004048712 
0.3424031 0.6560856 0.001511231 
0.2487017 0.747841 0.003457343 
0.3092748 0.6896671 0.001058055 
0.3403478 0.6536306 0.006021612 
0.2760916 0.7220138 0.001894549 
0.2491491 0.7472798 0.003571134 
0.3000249 0.6931432 0.006831832 
0.2802698 0.7161888 0.003541399 
0.2609768 0.7275724 0.01145075 
0.3058005 0.6897184 0.004481173 
0.345346 0.6496348 0.005019219 
0.3648313 0.6271419 0.008026818 
0.3473469 0.6511622 0.001490921 
0.2728977 0.7268756 0.0002266556 
0.3243053 0.6752745 0.000420108 
0.2964266 0.696263 0.007310428 
0.3814492 0.6164821 0.002068713 
0.3491909 0.6439 0.006909118 
0.2851548 0.7063846 0.00846055 
0.3057034 0.6911852 0.003111419 
0.4535727 0.5464175 9.797977e-06 
0.3947451 0.6048989 0.0003560078 
0.3061578 0.6464532 0.04738901 
0.3369067 0.6542345 0.008858816 
0.4142957 0.5744903 0.01121401 
0.269376 0.7215855 0.009038507 
0.228597 0.7696753 0.00172768 
0.286562 0.7060833 0.00735475 
0.2333917 0.7557045 0.01090381 
0.3608391 0.638278 0.0008829038 
0.212375 0.7836476 0.003977479 
0.1976685 0.7950186 0.007312958 
0.2572611 0.7198376 0.02290128 
0.3494956 0.6441961 0.006308203 
