"p_1" "p_2" "p_3" "p_4"
0.3077957 0.37895 0.3126126 0.0006417202
0.2871299 0.3873484 0.3243955 0.001126154
0.273768 0.4183249 0.3019122 0.005994916
0.2988217 0.3768609 0.3218096 0.002507906
0.3170558 0.3819514 0.2909596 0.01003316
0.2641777 0.4034062 0.3290856 0.003330502
0.2949575 0.3836618 0.3022138 0.01916696
0.2674617 0.3919089 0.3285304 0.01209894
0.3077107 0.3777901 0.3085976 0.005901604
0.3186881 0.3801693 0.2985338 0.002608779
0.2947464 0.3996739 0.2970345 0.008545156
0.2883896 0.379158 0.3297344 0.002718047
0.2855016 0.3902251 0.3228652 0.001408084
0.3277398 0.3787718 0.2902262 0.003262102
0.2845095 0.3969305 0.3082293 0.01033077
0.307425 0.3821623 0.3041389 0.006273802
0.2722496 0.394997 0.3277443 0.005009146
0.3149255 0.3891957 0.2936905 0.002188284
0.2995652 0.3989395 0.2962105 0.005284785
0.3078864 0.3948799 0.292864 0.004369698
0.3056295 0.3782728 0.309522 0.006575734
0.3148386 0.3866935 0.2940786 0.004389289
0.2964212 0.3898701 0.3133361 0.0003725819
0.3015869 0.4069043 0.2838971 0.007611749
0.2842979 0.4190932 0.2851031 0.0115058
0.2989183 0.3786942 0.3158802 0.006507323
0.2986695 0.3775169 0.3211565 0.002657177
0.2985977 0.3799973 0.3210148 0.0003901344
0.3300255 0.3512945 0.3130503 0.005629597
0.2721579 0.4147031 0.3103011 0.00283799
0.3107477 0.3763435 0.312627 0.0002817397
0.2896119 0.3913871 0.3160095 0.00299149
0.3175371 0.3546508 0.3200466 0.007765474
0.3015542 0.3720409 0.3214217 0.00498323
0.293973 0.3796986 0.3262693 5.907377e-05
0.3008215 0.3664557 0.3311563 0.001566624
0.2963416 0.3897497 0.3138161 9.26221e-05
0.3005954 0.4110525 0.2830006 0.005351491
0.2990983 0.3730607 0.3229552 0.004885827
0.3086013 0.378086 0.3117798 0.001532957
0.2990434 0.3847501 0.3161562 5.035855e-05
0.3079656 0.3767141 0.3132753 0.002045007
0.2952029 0.3908763 0.3127747 0.001146003
0.2936351 0.3735948 0.3304956 0.002274473
0.306896 0.3696441 0.3191511 0.004308816
0.2786721 0.4093452 0.3102673 0.001715363
0.315871 0.4038668 0.2795444 0.0007178372
0.3229522 0.3754577 0.2997293 0.001860772
0.2857217 0.4056078 0.3065564 0.0021142
0.3065818 0.3801837 0.3120013 0.001233118
0.2851799 0.3921568 0.3218667 0.0007965778
0.2863881 0.3861271 0.3253614 0.002123455
0.3018975 0.3973891 0.2985302 0.002183251
0.3094683 0.390954 0.2887459 0.01083174
0.2722913 0.3848277 0.3428123 6.864365e-05
0.2867382 0.4186261 0.2919519 0.002683824
0.3215209 0.3712338 0.3026501 0.004595144
0.3338939 0.3517736 0.3106493 0.003683205
0.2997073 0.3960689 0.2989128 0.005310975
0.3100073 0.3738666 0.312197 0.00392912
0.2870211 0.4122367 0.2977493 0.00299288
0.3045269 0.3927438 0.2991 0.003629274
0.2968505 0.3824709 0.3170914 0.003587168
0.2849344 0.399098 0.3152928 0.0006747863
0.2901367 0.385998 0.3222959 0.001569368
0.3005925 0.3916314 0.3052352 0.002540936
0.2898991 0.3781315 0.3236586 0.008310759
0.2846681 0.4082207 0.305021 0.002090209
0.2930696 0.4144554 0.2894879 0.0029871
0.3118185 0.3779288 0.307343 0.002909662
0.2828368 0.3894598 0.322375 0.005328433
0.2913859 0.3693802 0.3334274 0.005806543
0.2878293 0.3861269 0.3251892 0.0008545652
0.3063322 0.3860096 0.3052288 0.002429467
0.3197679 0.3580912 0.3186394 0.003501546
0.2867444 0.393404 0.3163461 0.003505492
0.286292 0.3790538 0.3334831 0.001171095
0.306601 0.3739877 0.310572 0.008839349
0.3116466 0.3805505 0.2975674 0.01023557
0.292153 0.3838384 0.310736 0.0132726
0.2943769 0.3731314 0.3257463 0.006745394
0.2752272 0.3952808 0.3289711 0.0005208024
0.3076703 0.3777761 0.3110587 0.003494867
0.309483 0.3927675 0.2922127 0.005536806
0.2804379 0.3877044 0.3308852 0.0009723926
0.3176332 0.3816716 0.2912194 0.009475743
0.2831144 0.3949125 0.3163838 0.005589375
0.2971504 0.4058337 0.2903007 0.006715302
0.3013635 0.3949034 0.2930984 0.01063468
0.3047793 0.3731536 0.3087329 0.01333417
0.2968409 0.4149515 0.2864119 0.001795706
0.3157209 0.3714015 0.3075734 0.005304227
0.2973953 0.3856442 0.3143765 0.002583937
0.29984 0.3966713 0.2924737 0.01101498
0.273448 0.4017143 0.3136926 0.01114507
0.2890204 0.4027877 0.3028132 0.005378725
0.3129102 0.3884169 0.2927649 0.005908058
0.2870565 0.385446 0.3251439 0.002353608
0.292162 0.3955341 0.3082858 0.004018073
0.2996131 0.3801502 0.3125438 0.007692909
0.2899766 0.3946488 0.3067664 0.008608212
0.2849903 0.4006863 0.3098402 0.004483125
0.2939996 0.4038733 0.3020912 3.597312e-05
0.2863259 0.3817556 0.3206657 0.0112527
0.2910215 0.3714672 0.3251156 0.01239571
0.2893113 0.3727155 0.3321148 0.005858482
0.2984914 0.4079789 0.2925961 0.0009336069
0.2959306 0.404424 0.298673 0.0009723851
0.325557 0.3667784 0.3050927 0.002571842
0.2845103 0.4085122 0.3023178 0.004659645
0.2927139 0.410614 0.2953194 0.001352711
0.301443 0.3697856 0.3264509 0.002320421
0.2875884 0.3939033 0.30946 0.009048377
0.2975823 0.3548763 0.3418012 0.00574015
0.3155783 0.3922778 0.2913747 0.0007691533
0.3108966 0.3983657 0.2838747 0.006863089
0.2696714 0.3814662 0.3446174 0.004244962
0.2701615 0.415643 0.3106313 0.003564235
0.2813597 0.3766461 0.3367723 0.00522188
0.2705814 0.3780492 0.3400299 0.0113395
0.3153605 0.3721783 0.3053389 0.007122293
0.2950123 0.3881989 0.3136769 0.003111951
0.2781384 0.3767851 0.3446783 0.0003982325
0.2849876 0.3954849 0.3175939 0.001933529
0.3025231 0.3938348 0.2965462 0.00709592
0.2986724 0.3970251 0.3025387 0.001763784
0.2838264 0.3740911 0.3337882 0.008294281
0.2967833 0.3763345 0.3098027 0.01707957
0.2792765 0.4154561 0.3022183 0.003049105
0.3058437 0.3716847 0.3143576 0.008113961
0.2952266 0.4058187 0.2861747 0.01278
0.3052257 0.4025616 0.290972 0.00124067
0.3205331 0.3902636 0.2720112 0.01719203
0.3015809 0.3911547 0.3066146 0.0006497456
0.2943371 0.3932913 0.3042344 0.008137299
0.2934177 0.3537687 0.3402327 0.0125809
0.2973299 0.4039037 0.2970259 0.001740522
0.3189992 0.3811089 0.2956935 0.004198361
0.2807689 0.401757 0.3143819 0.003092198
0.2720362 0.4115685 0.314071 0.002324438
0.271215 0.3870797 0.3390109 0.002694426
0.2911866 0.4063627 0.3023156 0.0001350955
0.286812 0.3998859 0.3015582 0.01174393
0.2982197 0.3880496 0.3113999 0.002330902
0.3001381 0.4099103 0.2879743 0.001977326
0.2857339 0.4021484 0.3082898 0.003827884
0.3202215 0.3789286 0.2989691 0.001880765
0.2856568 0.4016165 0.3043768 0.008349936
0.2856039 0.4136904 0.2904169 0.01028876
0.3110038 0.3942236 0.2897888 0.004983809
0.269203 0.4189115 0.3056338 0.006251631
0.3186916 0.3696864 0.3115176 0.0001044413
0.3151293 0.3898394 0.2921433 0.002888007
0.2858759 0.3901436 0.32274 0.001240526
0.2964317 0.3534484 0.3430383 0.00708166
0.3241151 0.3832109 0.2912768 0.001397232
0.2969805 0.4015684 0.3012527 0.0001984127
0.3106158 0.3606028 0.3183053 0.01047614
0.3121763 0.3859304 0.3013233 0.0005699768
0.2815312 0.4044668 0.3095737 0.004428316
0.2873622 0.4188331 0.290518 0.003286617
0.2802643 0.4027028 0.3166775 0.0003554989
0.2725734 0.3647345 0.3593668 0.003325329
0.2974691 0.3898339 0.3095283 0.003168724
0.2895557 0.4007229 0.3044776 0.005243854
0.2963682 0.3946208 0.3088008 0.0002101886
0.2971259 0.3845249 0.3178091 0.0005401805
0.2993863 0.3731634 0.3251749 0.002275455
0.2991692 0.3984274 0.3020402 0.0003631868
0.3047234 0.4049452 0.2870569 0.00327449
0.3238576 0.3798632 0.295166 0.001113254
0.3050754 0.3665768 0.3250568 0.003290971
0.3007757 0.3656558 0.3275899 0.005978562
0.3032581 0.3916466 0.302647 0.002448345
0.2716616 0.4093706 0.3186995 0.0002681733
0.3136137 0.3694367 0.315749 0.001200593
0.3017046 0.3907998 0.3037346 0.003760972
0.3116328 0.3762711 0.3117592 0.0003368942
0.2691434 0.3930315 0.3363903 0.00143475
0.2842909 0.4218007 0.2907589 0.003149608
0.3154507 0.3635719 0.3193324 0.001644986
0.3033447 0.3867116 0.3031837 0.006759925
0.2686228 0.4205135 0.3087544 0.002109296
0.3060649 0.3825655 0.310758 0.0006115667
0.3006715 0.3951553 0.300898 0.003275131
0.3113778 0.3926241 0.2956895 0.000308618
0.3057758 0.3872497 0.3045012 0.002473354
0.293675 0.4105285 0.2896106 0.006185877
0.3011354 0.3862884 0.3114542 0.001121991
0.2862134 0.3965121 0.3010284 0.01624608
0.2755404 0.3928177 0.330017 0.001624868
0.3187885 0.375793 0.2992321 0.006186435
0.3078922 0.3763507 0.3093109 0.006446069
0.2977422 0.3980407 0.3023572 0.001859982
0.270176 0.3941089 0.3330778 0.002637345
0.2813642 0.3944052 0.3215511 0.002679538
0.2816457 0.3906581 0.3221849 0.005511288
0.3044874 0.3696957 0.319303 0.00651384
0.2647341 0.4054005 0.3246719 0.005193559
0.315385 0.3776471 0.296702 0.010266
0.27833 0.4200848 0.2972276 0.004357642
0.3073175 0.3834445 0.3032059 0.006032131
0.3088284 0.3816442 0.3082012 0.001326236
0.3142997 0.395392 0.2873501 0.002958177
0.307369 0.389521 0.2977233 0.005386697
0.295566 0.3880276 0.3098674 0.006538927
0.3076744 0.3958734 0.2929125 0.003539674
0.266724 0.4020501 0.3287852 0.002440714
0.3195438 0.3666638 0.3051225 0.008669917
0.3008654 0.3975663 0.2879833 0.01358498
0.2972324 0.3893521 0.3122886 0.001126883
0.2892127 0.4078245 0.3025295 0.0004333262
0.3117809 0.3639644 0.3028103 0.02144443
0.302293 0.3739888 0.3234523 0.0002658084
0.2840449 0.4220218 0.2925442 0.001389102
0.318598 0.3708739 0.3103483 0.0001798071
0.3162999 0.3888228 0.294802 7.529683e-05
0.3077911 0.3772692 0.308313 0.006626706
0.2818793 0.4017766 0.3114693 0.004874742
0.2920969 0.3920019 0.3085991 0.007302087
0.3440904 0.3523229 0.3016342 0.001952515
0.2827134 0.4094078 0.3074387 0.0004400648
0.2858635 0.385997 0.3247187 0.003420723
0.2898041 0.4010981 0.3018868 0.007210987
0.302589 0.3670399 0.3255711 0.004800034
0.2851788 0.3942163 0.3081538 0.01245108
0.297502 0.3994045 0.3028177 0.0002757839
0.284949 0.3886263 0.3215342 0.004890494
0.2930379 0.4017387 0.3005583 0.004665129
0.309787 0.3911029 0.2970805 0.002029539
0.2845343 0.3849979 0.3272889 0.003178893
0.311091 0.3804884 0.3017814 0.006639204
0.3044277 0.364602 0.3245152 0.006455191
0.3114004 0.3932004 0.2928566 0.00254264
0.2751946 0.3980169 0.3258146 0.0009739696
0.3123435 0.3869713 0.2995069 0.001178281
0.2946538 0.383892 0.3157786 0.005675558
0.2926376 0.3985772 0.3043831 0.004402069
0.3217206 0.3822761 0.2945128 0.001490452
0.322592 0.3774489 0.297082 0.002877077
0.2972585 0.3745853 0.3203783 0.007777933
0.2893811 0.3611509 0.346118 0.003349947
0.2793659 0.4019981 0.3131794 0.005456606
0.3104469 0.4047922 0.2834651 0.001295843
0.3121385 0.3922762 0.2925816 0.003003693
0.2825703 0.4030167 0.3088469 0.005566092
0.2853772 0.3767321 0.3297047 0.008185981
0.2942782 0.3820958 0.3226362 0.000989854
0.3058874 0.3832383 0.3036576 0.007216706
0.3066394 0.3833895 0.3058 0.004171031
0.281086 0.4058944 0.310534 0.002485625
0.2977794 0.3642877 0.3376282 0.0003046866
0.3119652 0.3542057 0.3303645 0.003464658
0.3030158 0.3865464 0.3066676 0.003770136
0.3372042 0.3502749 0.3056035 0.006917296
0.3230262 0.3981682 0.2779782 0.0008274629
0.3075032 0.3858543 0.306201 0.0004414902
0.3122499 0.3944783 0.2923451 0.0009265997
0.3127748 0.3933076 0.2920616 0.001855933
0.2848252 0.3749758 0.3346334 0.00556551
0.317806 0.3662059 0.3107587 0.005229399
0.2763965 0.4049256 0.3146511 0.004026822
0.2829407 0.4033409 0.3120864 0.00163197
0.294894 0.3923054 0.3111224 0.001678229
0.3174459 0.3762576 0.2993935 0.006902998
0.2774221 0.4212144 0.2983155 0.003047946
0.3222357 0.3713248 0.3012629 0.005176572
0.2815576 0.4042116 0.3090125 0.0052183
0.3063855 0.391125 0.2962394 0.006250011
0.283843 0.3978384 0.3173906 0.0009280416
0.3136679 0.3835092 0.299716 0.00310688
0.2986232 0.3930516 0.3059951 0.002330143
0.2952903 0.3906573 0.3092398 0.00481265
0.2922645 0.3900147 0.3128799 0.004840855
0.2818919 0.4106814 0.3047029 0.002723702
0.2862508 0.4002639 0.3095679 0.003917463
0.301026 0.3707312 0.3116881 0.0165547
0.257416 0.408519 0.3188837 0.01518121
0.3336082 0.399774 0.2574912 0.009126519
0.3210588 0.3780696 0.2946243 0.00624729
0.2990433 0.3918501 0.3058427 0.003263803
0.2815869 0.3985721 0.3179957 0.001845249
0.3097552 0.3769381 0.3125477 0.0007590143
0.3185164 0.3860727 0.2921644 0.003246563
0.3004119 0.3577339 0.3256344 0.01621989
0.2793543 0.3621218 0.3533847 0.005139113
0.2713815 0.4075573 0.310367 0.01069427
0.2907563 0.3864556 0.3209489 0.001839097
0.283458 0.4289853 0.2843891 0.003167596
0.2971013 0.3815344 0.3183515 0.003012814
0.2633133 0.3990618 0.3364375 0.00118737
0.2886917 0.4142374 0.2878475 0.009223319
0.295705 0.3818551 0.317938 0.004501986
0.3013642 0.3839804 0.3112029 0.003452555
0.2965995 0.4049308 0.2923172 0.006152511
0.2795465 0.3860595 0.3303298 0.004064231
0.2866967 0.3988023 0.3142823 0.0002187124
0.3110995 0.3829454 0.3051041 0.0008510081
0.3258765 0.3634891 0.3014596 0.009174837
0.3189536 0.3627982 0.306034 0.01221415
0.3000536 0.4292255 0.2691752 0.001545682
0.3152294 0.3804185 0.2997448 0.004607281
0.2934159 0.3774087 0.3283018 0.0008736127
0.3055705 0.37555 0.315462 0.00341755
0.2718906 0.4238072 0.2937759 0.01052632
0.3216177 0.3593348 0.31772 0.001327518
0.3109075 0.379217 0.3031455 0.006730015
0.2858741 0.3893741 0.3174523 0.007299541
0.2754424 0.4011178 0.3225158 0.0009240501
0.3087698 0.3638135 0.3250139 0.002402777
0.2938772 0.3873191 0.3182522 0.0005514828
0.2872758 0.4275504 0.283882 0.001291781
0.3117108 0.3976708 0.2855057 0.00511265
0.291228 0.3945147 0.3084827 0.005774596
0.3193857 0.3441307 0.3318686 0.00461501
0.295265 0.3937921 0.310372 0.0005708663
0.3056361 0.3653435 0.324277 0.004743467
0.2854219 0.3823476 0.331814 0.0004164395
0.3140623 0.3676202 0.3150018 0.003315677
0.2774554 0.392158 0.3202568 0.01012977
0.2763644 0.4125332 0.3061869 0.004915522
0.2932538 0.3887509 0.3134974 0.004497886
0.2897663 0.3769864 0.3285326 0.004714713
0.2811266 0.3979151 0.3187162 0.002242103
0.284744 0.4103602 0.2972475 0.007648291
0.298555 0.386774 0.3100126 0.004658302
0.2985998 0.3853625 0.3128844 0.003153309
0.2995972 0.3803679 0.3171055 0.002929432
0.3041467 0.3939627 0.2977729 0.004117723
0.3111486 0.4064154 0.2811634 0.001272597
0.2983736 0.3891967 0.310377 0.002052617
0.3054732 0.3780032 0.308532 0.007991634
0.3041791 0.3751372 0.3200081 0.0006756194
0.3239599 0.361781 0.3025925 0.01166669
0.28527 0.384973 0.3204609 0.009296067
0.2896873 0.4222156 0.283529 0.00456811
0.29438 0.3772078 0.3280589 0.0003532771
0.2893869 0.3907845 0.3193988 0.0004298715
0.3131907 0.3835417 0.2989336 0.004334062
0.3009924 0.3867694 0.3101154 0.002122766
0.297509 0.3986421 0.3026931 0.001155798
0.2836857 0.3884822 0.3274748 0.0003573734
0.3461933 0.3233542 0.3156346 0.01481787
0.2960039 0.3755557 0.3240344 0.004405969
0.3036199 0.401147 0.2925165 0.002716595
0.294258 0.3791909 0.3210314 0.00551965
0.2733644 0.4039246 0.3166544 0.006056583
0.3128759 0.4046162 0.2811474 0.001360392
0.3063749 0.37592 0.3158566 0.001848417
0.31333 0.3753868 0.3028997 0.00838341
0.2658878 0.3792615 0.3496006 0.005250064
0.2852621 0.3830292 0.3305175 0.001191225
0.2837444 0.3765758 0.334438 0.005241725
0.273225 0.3932978 0.3277291 0.005748095
0.3125292 0.3607187 0.3170508 0.009701245
0.2878959 0.3621346 0.3427283 0.007241283
0.2953872 0.3627447 0.3282835 0.01358454
0.3181648 0.3702871 0.310044 0.00150401
0.2859141 0.4009332 0.309699 0.003453671
0.3148809 0.3496498 0.3345927 0.0008765931
0.3079378 0.3972919 0.289553 0.005217297
0.2939366 0.3967705 0.3061521 0.003140799
0.3378369 0.3659926 0.2940609 0.002109608
0.3036206 0.4018584 0.2924167 0.00210436
0.2814479 0.393947 0.3212431 0.00336198
0.3027541 0.399493 0.2971427 0.0006101675
0.3080352 0.3872195 0.3030562 0.001689144
0.2788623 0.4070404 0.310708 0.003389317
0.3099923 0.362568 0.326309 0.001130643
0.3093135 0.4016836 0.2842136 0.004789335
0.2943525 0.3949162 0.3054381 0.005293097
0.2721724 0.395663 0.3285498 0.003614709
0.2971321 0.391692 0.3067587 0.004417261
0.2673557 0.3982541 0.3338787 0.0005114537
0.2928588 0.3838806 0.315217 0.008043539
0.2950414 0.3747848 0.3235506 0.006623149
0.283833 0.3824403 0.3324581 0.001268557
0.3070724 0.3901516 0.2921393 0.01063674
0.2883621 0.4083802 0.3005515 0.002706182
0.2809346 0.4113564 0.306676 0.001033018
0.2871538 0.3963223 0.3152264 0.001297512
0.2921415 0.3733924 0.3307722 0.003693921
0.2912521 0.4066201 0.2993961 0.002731774
0.3057652 0.400858 0.2894766 0.003900195
0.2820118 0.3968981 0.3167563 0.004333877
0.2948547 0.3939982 0.3084531 0.002694078
0.2851009 0.4131455 0.294309 0.007444647
0.2984768 0.3817649 0.3186187 0.001139594
0.2844996 0.3901678 0.3194792 0.005853423
0.3241152 0.3451863 0.3129854 0.01771309
0.2758632 0.4166714 0.3006133 0.006852027
0.3075751 0.3819838 0.3000614 0.01037965
0.2812853 0.3895243 0.3204233 0.008767069
0.2996358 0.3687059 0.3267083 0.004949941
0.2745509 0.3916466 0.3332875 0.000515019
0.3234347 0.3804919 0.2919139 0.004159544
0.3155709 0.4006358 0.2832801 0.0005131163
0.2910136 0.4142919 0.2909487 0.003745836
0.2652697 0.407922 0.32077 0.006038265
0.2793559 0.3976817 0.3188515 0.004110895
0.3133694 0.3796081 0.2978825 0.009139976
0.3029761 0.391306 0.3034657 0.002252192
0.2745695 0.3884541 0.3368294 0.0001469431
0.2846314 0.3915175 0.3229469 0.0009041911
0.3077273 0.3760853 0.3135324 0.002655087
0.3125979 0.3808133 0.3058438 0.000745017
0.2913676 0.3892122 0.318565 0.00085514
0.3208073 0.3753529 0.3012626 0.002577168
0.3041755 0.3976741 0.2953322 0.002818257
0.2832153 0.3895238 0.3233275 0.003933326
0.305754 0.4075137 0.2829969 0.003735479
0.2783788 0.4073809 0.3141021 0.0001382328
0.2886126 0.3800967 0.3267857 0.004504978
0.2918158 0.3968786 0.3085503 0.002755312
0.2838853 0.3914271 0.3215122 0.003175324
0.3015495 0.3925303 0.286892 0.01902813
0.3014773 0.3908243 0.3028774 0.004821041
0.3009081 0.3924796 0.3044011 0.002211302
0.2937112 0.3992455 0.3036967 0.003346615
0.3108861 0.3731377 0.3156562 0.0003200054
0.2883637 0.3737842 0.336329 0.00152302
0.2864508 0.383906 0.3250839 0.004559229
0.296251 0.4046182 0.2985067 0.0006240945
0.3025408 0.3905103 0.3024562 0.004492758
0.2914097 0.3976034 0.3087458 0.002241119
0.3093114 0.4038222 0.28586 0.001006384
0.2914261 0.405911 0.3011726 0.001490327
0.2730279 0.4106678 0.2920705 0.02423372
0.2674937 0.3910538 0.3412604 0.000192044
0.3169041 0.3537596 0.3242548 0.005081444
0.2992556 0.384604 0.3147478 0.001392614
0.2842537 0.4145234 0.2980806 0.003142295
0.299419 0.3791689 0.3208969 0.0005151414
0.301135 0.353168 0.3363655 0.009331373
0.2852562 0.379807 0.3339952 0.0009415565
0.3088534 0.3812244 0.3037253 0.006196812
0.288067 0.3985753 0.3106961 0.002661537
0.2708286 0.4033721 0.3196322 0.006167162
0.2945846 0.4034856 0.2965776 0.005352227
0.3079394 0.3910598 0.298141 0.002859691
0.3000316 0.3781728 0.3080972 0.01369837
0.3189311 0.3686645 0.3089622 0.003442179
0.3062493 0.3891275 0.2941104 0.01051288
0.2973225 0.4068556 0.2878958 0.007926158
0.2961976 0.3724396 0.3219195 0.009443255
0.3203913 0.3804297 0.2962889 0.002890055
0.2883672 0.3963283 0.3100638 0.005240735
0.2838606 0.3889076 0.3245494 0.002682354
0.3057879 0.3782931 0.3152723 0.0006466617
0.2971842 0.3918475 0.3095723 0.001395995
0.311634 0.3844701 0.2943658 0.009530081
0.3080467 0.3863628 0.3054349 0.0001556711
0.3063189 0.383495 0.307386 0.002800089
0.3002665 0.3959805 0.3005833 0.00316966
0.3013333 0.3908492 0.3059671 0.001850451
0.2877035 0.4044365 0.3039881 0.003871899
0.2675323 0.4103423 0.3216628 0.0004626067
0.3030449 0.3911628 0.3057558 3.653573e-05
0.3045938 0.3528052 0.3416269 0.0009741423
0.2643149 0.4176864 0.3057156 0.0122831
0.3065272 0.3935424 0.2963916 0.003538853
0.2973532 0.4048407 0.2962853 0.001520783
0.2890408 0.4036474 0.3056954 0.00161647
0.2844082 0.4018359 0.3127107 0.001045163
0.2711137 0.4050819 0.3124379 0.01136646
0.2970392 0.4084726 0.2935659 0.0009222489
0.2839602 0.3434206 0.3711104 0.001508817
0.3038786 0.3809775 0.3123917 0.002752182
0.2876943 0.3924378 0.3101806 0.009687328
0.3170094 0.3750922 0.3018467 0.006051703
0.2895521 0.389752 0.3181069 0.002588999
0.289146 0.4253324 0.2840274 0.001494262
0.2863693 0.3958558 0.3143204 0.003454475
0.2983887 0.3944365 0.3055576 0.001617292
0.3118045 0.3872875 0.2990039 0.001904144
0.2797188 0.3916089 0.3235034 0.005168884
0.3186393 0.3704368 0.305314 0.00560986
0.3192642 0.3600585 0.3133936 0.007283775
0.2991023 0.3927847 0.3074117 0.0007012766
0.3014734 0.4168272 0.2816021 9.728687e-05
0.300107 0.3953574 0.3042161 0.0003194144
0.2962131 0.3872693 0.3090784 0.007439186
0.3370258 0.3467802 0.3048657 0.01132825
0.2851816 0.3937114 0.3178587 0.003248228
0.2967721 0.3939017 0.2952492 0.01407701
0.2885424 0.4142906 0.2945225 0.002644529
0.3064659 0.3787164 0.3122211 0.002596569
0.2996664 0.3905509 0.3073235 0.002459093
0.2766386 0.4028978 0.3175313 0.002932296
0.2824796 0.4239868 0.2928329 0.000700692
0.2753022 0.4181548 0.3030252 0.003517794
0.2996086 0.3955149 0.301584 0.003292469
0.294077 0.4081824 0.2947801 0.002960463
0.3065585 0.3936101 0.2998271 4.280707e-06
0.2753027 0.4149984 0.3072702 0.002428718
0.2741369 0.3924229 0.3261802 0.007260048
0.2948248 0.3982359 0.3034147 0.0035246
0.3136163 0.3574298 0.3188686 0.0100854
0.2799289 0.434418 0.2852699 0.0003832935
0.3052667 0.3832255 0.31131 0.0001978074
0.2904044 0.3714289 0.3289986 0.009168047
0.2797741 0.3997653 0.3026134 0.0178472
0.2987806 0.3989984 0.3011286 0.001092415
0.2844482 0.4070845 0.3060851 0.002382129
0.301445 0.4101483 0.2823947 0.006012037
0.307496 0.3907374 0.2926592 0.009107438
0.2837811 0.3861171 0.3251294 0.004972344
0.3056015 0.3586217 0.3262324 0.009544366
0.3311849 0.3729592 0.2955892 0.0002667074
0.3006794 0.3837619 0.3152144 0.000344259
0.2910843 0.3851933 0.3217727 0.001949704
0.2572315 0.4352821 0.3034191 0.004067356
0.2890977 0.3868332 0.3238568 0.0002122803
0.2768671 0.413779 0.3073772 0.00197659
0.3102444 0.3568346 0.3156285 0.01729251
0.3028782 0.4130991 0.2797862 0.004236445
0.2791716 0.4003115 0.3105711 0.009945803
0.3084785 0.3776097 0.3103256 0.003586123
0.2876582 0.3843963 0.3257796 0.00216593
0.2997883 0.3867244 0.3054265 0.008060734
0.2725056 0.403432 0.3145933 0.009469129
0.3234777 0.3669777 0.3071068 0.002437705
0.2989946 0.4027834 0.2921774 0.006044687
0.3086379 0.3846121 0.2961453 0.01060468
0.2885434 0.3786111 0.3230906 0.009754927
0.3019112 0.360617 0.3365914 0.0008805268
0.2679651 0.3698313 0.3451279 0.01707576
0.323247 0.3668402 0.2893075 0.02060529
0.278853 0.3983956 0.3226992 5.222947e-05
0.3012941 0.397669 0.2991911 0.001845849
0.2728022 0.4204996 0.3057898 0.0009084929
0.3126032 0.3634542 0.3064137 0.01752893
0.3096011 0.3881752 0.2984195 0.003804301
0.3160567 0.383306 0.2953181 0.005319196
0.2744189 0.424181 0.3012399 0.000160246
0.3076003 0.3791933 0.3099137 0.003292658
0.251062 0.4152936 0.3316113 0.002033115
0.3000198 0.3819817 0.316954 0.001044565
0.2856893 0.3884326 0.324407 0.001471073
0.3039736 0.392836 0.3026426 0.0005477983
0.3064701 0.3868914 0.2943539 0.01228462
0.3096439 0.3910395 0.2981712 0.001145468
0.318291 0.3605185 0.3199554 0.001235072
0.3043736 0.3969828 0.2949185 0.003725133
0.3075833 0.3892395 0.2937954 0.009381852
0.3092736 0.3770878 0.3133588 0.0002798146
0.2737102 0.4175132 0.3083372 0.0004393539
0.3045736 0.3649073 0.3289793 0.001539793
0.2913262 0.392458 0.3123013 0.003914461
0.2938796 0.3742593 0.3170727 0.01478835
0.2914597 0.3884628 0.3187555 0.001322091
0.3153097 0.3814627 0.2968961 0.006331571
0.2922724 0.3845714 0.3224108 0.0007454126
0.2988353 0.3850195 0.3123136 0.003831622
0.3253657 0.3681641 0.3027031 0.003767116
0.2807815 0.4208571 0.295648 0.002713442
0.2791788 0.3912289 0.3281141 0.001478139
0.2941882 0.371274 0.3290103 0.005527481
0.3315567 0.3421683 0.3245509 0.00172416
0.2899289 0.3887278 0.3203566 0.0009867337
0.2894972 0.395751 0.3143056 0.0004462509
0.2854152 0.3887249 0.3249091 0.0009508015
0.2962739 0.390689 0.3093236 0.00371346
0.2821226 0.4227936 0.2942521 0.0008316339
0.3274624 0.3594858 0.3124251 0.0006266915
0.3045579 0.3894159 0.2985999 0.007426325
0.3084334 0.3834541 0.306703 0.001409376
0.3286912 0.360244 0.3075496 0.00351523
0.2853762 0.3779978 0.3288902 0.00773585
0.2970633 0.4013977 0.2993753 0.002163716
0.2820815 0.3818947 0.335876 0.0001477398
0.2939844 0.3852341 0.3165071 0.004274305
0.279269 0.3888199 0.330749 0.00116219
0.2988977 0.390855 0.309182 0.001065376
0.287079 0.3840952 0.3279464 0.0008793932
0.3024772 0.3883271 0.30869 0.0005057094
0.3076416 0.3702925 0.3200271 0.002038858
0.3180947 0.3814701 0.2971426 0.00329259
0.2906113 0.3970642 0.3086175 0.003707046
0.295053 0.3738788 0.3190044 0.01206378
0.2874223 0.4161503 0.2893286 0.007098771
0.3108508 0.3894051 0.2952674 0.004476739
0.3139835 0.3749253 0.3078698 0.003221435
0.2903113 0.4127824 0.2942092 0.002697132
0.2905922 0.3907537 0.318282 0.0003720443
0.3103989 0.3788108 0.3038239 0.006966382
0.2869466 0.4081554 0.3045263 0.0003717757
0.2934681 0.3902 0.3098743 0.006457596
0.2752847 0.4047036 0.3178834 0.002128292
0.3077705 0.3859658 0.3059961 0.0002676656
0.309043 0.3883215 0.3006449 0.001990578
0.2999135 0.362421 0.315744 0.0219215
0.2757391 0.3819752 0.3394601 0.00282558
0.3183701 0.385964 0.2907755 0.004890459
0.3025838 0.3979189 0.2993181 0.0001791717
0.3126912 0.3690517 0.3147472 0.003509839
0.2853671 0.4120689 0.2999862 0.00257778
0.2981013 0.3963681 0.3024148 0.003115814
0.3142693 0.382724 0.3027029 0.0003037354
0.3065312 0.3928544 0.3005253 8.909101e-05
0.2673326 0.3793296 0.3394972 0.01384059
0.304192 0.3699192 0.3100773 0.01581143
0.2816391 0.3987356 0.3166876 0.002937693
0.274571 0.4103421 0.3119155 0.003171364
0.3048567 0.3781495 0.3130296 0.003964165
0.2933837 0.3864625 0.3166647 0.003489189
0.2714835 0.381942 0.3404049 0.006169616
0.2981252 0.3874058 0.3144313 3.770578e-05
0.3031612 0.4015524 0.2939996 0.001286852
0.2560825 0.397017 0.3452973 0.001603123
0.2831195 0.3839941 0.3272246 0.005661772
0.3074488 0.3853729 0.306781 0.0003973064
0.3028026 0.3880515 0.3084369 0.0007089688
0.2802168 0.3996117 0.3174489 0.002722638
0.3021306 0.3963061 0.3002435 0.001319816
0.3051829 0.3927457 0.3005592 0.001512141
0.2933518 0.408626 0.2945435 0.003478735
0.2869222 0.3895869 0.3182663 0.005224534
0.291899 0.4034859 0.3040644 0.0005506483
0.3135909 0.3664353 0.30417 0.01580386
0.3054256 0.3828785 0.3049638 0.006732117
0.3134273 0.3752197 0.311064 0.0002890757
0.2849075 0.3811317 0.3248544 0.009106469
0.2863779 0.3735867 0.3378565 0.002178852
0.2844843 0.3894235 0.325574 0.000518214
0.3016969 0.4012407 0.2919504 0.005111912
0.2973637 0.3986679 0.2998116 0.004156772
0.3180055 0.3610454 0.3207342 0.0002149547
0.3070452 0.366542 0.324539 0.001873771
0.3087886 0.3636376 0.31535 0.01222381
0.2791517 0.3935355 0.3210726 0.006240216
0.2898669 0.3953111 0.3137712 0.001050782
0.2822295 0.4050636 0.3111592 0.00154762
0.2860829 0.3763967 0.3331006 0.004419844
0.3013621 0.3597704 0.3376667 0.001200819
0.2779669 0.3870582 0.3348146 0.0001603024
0.3040898 0.3703967 0.3061802 0.01933326
0.2713587 0.4086291 0.3112677 0.008744528
0.2848918 0.4067157 0.3061762 0.002216349
0.2726785 0.3894387 0.3327015 0.005181351
0.3080002 0.3724204 0.3184879 0.001091446
0.2742333 0.4079299 0.3132145 0.004622354
0.2976182 0.3686571 0.3097894 0.0239353
0.3124013 0.355419 0.2952564 0.0369232
0.3030963 0.4092681 0.2873023 0.0003333396
0.3019131 0.3914538 0.2849804 0.02165277
0.2861395 0.3878499 0.3189618 0.007048866
0.3175709 0.3760483 0.2988695 0.007511236
0.2882972 0.3845154 0.3244435 0.002743933
0.3000707 0.3912175 0.2936207 0.01509118
0.289938 0.4021392 0.3003173 0.007605491
0.2735654 0.413116 0.3112577 0.002060906
0.2768954 0.3953263 0.326272 0.001506305
0.2852747 0.3751839 0.337491 0.002050444
0.2805316 0.4152101 0.3019679 0.002290452
0.3028705 0.3478189 0.3481075 0.001203014
0.2881585 0.3990006 0.3103548 0.002486059
0.2835978 0.3910345 0.3163112 0.009056461
0.2925833 0.4005636 0.3051013 0.001751709
0.2851474 0.4111983 0.2946109 0.009043426
0.2974216 0.3740366 0.3180461 0.01049575
0.329762 0.3675164 0.3016291 0.001092614
0.3164588 0.3775222 0.3038077 0.002211262
0.290049 0.3945499 0.3120288 0.003372344
0.3032406 0.4120643 0.278984 0.005711028
0.2760915 0.4080532 0.3092888 0.006566505
0.2976109 0.3978408 0.3039526 0.0005956655
0.3140837 0.3592432 0.3259336 0.0007395524
0.3247496 0.3591707 0.3095596 0.006520018
0.3017022 0.3881302 0.3077726 0.002394956
0.2946751 0.3846442 0.3195579 0.001122761
0.2872155 0.4128027 0.2889777 0.01100411
0.3053287 0.3730308 0.3196394 0.002001065
0.3085527 0.3949918 0.2912633 0.005192233
0.2934322 0.3761281 0.32856 0.001879731
0.3045413 0.3982138 0.2908007 0.006444193
0.3058363 0.3798673 0.3117611 0.002535333
0.2883675 0.3614605 0.3467314 0.003440538
0.2965276 0.3708082 0.3308556 0.001808571
0.3056805 0.3806095 0.3111963 0.002513778
0.2716612 0.409283 0.3124027 0.006653075
0.3007251 0.3861127 0.3103779 0.002784257
0.322835 0.3615054 0.314039 0.001620644
0.3025671 0.375237 0.3187901 0.003405733
0.2809401 0.3784253 0.3335144 0.00712019
0.3025817 0.3845799 0.2996928 0.01314558
0.2854259 0.382904 0.3298255 0.001844553
0.3175252 0.3913548 0.2846678 0.006452212
0.2901783 0.3914087 0.3088328 0.00958015
0.2840165 0.4117856 0.3034374 0.0007604907
0.2837047 0.4219033 0.2942365 0.0001555068
0.3025671 0.4177342 0.2771474 0.00255133
0.2719884 0.3918404 0.331541 0.004630194
0.3160314 0.3667133 0.3028619 0.01439338
0.2889501 0.3975257 0.3092729 0.004251344
0.2975989 0.3986789 0.3031778 0.0005443207
0.2912067 0.3748424 0.3286252 0.005325689
0.30346 0.4077815 0.2882241 0.000534393
0.2758929 0.371195 0.3349888 0.01792332
0.2935507 0.3823705 0.3193365 0.004742259
0.2971496 0.3943326 0.2995127 0.009005124
0.3026543 0.3803183 0.3157542 0.001273228
0.2985528 0.3963085 0.3010841 0.004054657
0.3139832 0.3967804 0.2760656 0.01317085
0.297396 0.3900626 0.3084132 0.004128205
0.3059429 0.404488 0.2871645 0.002404611
0.2825668 0.3821927 0.3343435 0.0008970483
0.3003953 0.3668207 0.3267249 0.006059167
0.3005157 0.400057 0.295896 0.003531237
0.3083534 0.3810095 0.3063762 0.004260849
0.3044833 0.3823395 0.3122001 0.0009771393
0.2929073 0.3942606 0.2940876 0.01874438
0.3112035 0.3820587 0.3010788 0.005659027
0.2935531 0.4092767 0.2964222 0.0007480847
0.3145817 0.3878878 0.2869474 0.01058305
0.2972844 0.3844205 0.3177361 0.0005590553
0.3023005 0.3955998 0.3010149 0.001084872
0.3049736 0.3821771 0.3067468 0.00610246
0.2729671 0.4143817 0.3065042 0.00614703
0.2808677 0.4225135 0.295156 0.001462789
0.2821994 0.3980588 0.3135056 0.006236216
0.2913037 0.40373 0.3010991 0.003867249
0.3015423 0.4000578 0.2959213 0.002478647
0.3033605 0.377246 0.3176052 0.001788216
0.2721396 0.3980247 0.3246084 0.005227284
0.2804576 0.4067706 0.3091869 0.003584875
0.3042589 0.3714457 0.3193124 0.004983034
0.3033836 0.3882173 0.3056541 0.002745017
0.3117254 0.3892311 0.2975406 0.001502914
0.2751265 0.368173 0.3378408 0.01885975
0.2877361 0.3996655 0.295219 0.01737936
0.3102366 0.3665407 0.3171696 0.00605313
0.2871414 0.3810894 0.319206 0.01256325
0.308076 0.361095 0.3158594 0.01496954
0.3197656 0.3794644 0.2975568 0.003213211
0.2867278 0.3885957 0.3228284 0.001848032
0.2714116 0.3805593 0.3434435 0.004585581
0.304355 0.3818578 0.3128533 0.0009339061
0.2925985 0.3775328 0.3225172 0.007351515
0.2926148 0.3908155 0.3133638 0.003205973
0.3127839 0.3726808 0.3116682 0.002867212
0.29387 0.3966657 0.3089331 0.0005310909
0.3122631 0.3858564 0.3017573 0.0001231735
0.2915952 0.395026 0.3132709 0.0001080014
0.2979571 0.3877262 0.3139612 0.0003555083
0.2871215 0.3656708 0.3438021 0.003405556
0.2909878 0.3891092 0.3171694 0.002733619
0.2919778 0.4046731 0.2993833 0.003965839
0.2856002 0.3779661 0.3289309 0.007502814
0.3148585 0.3725915 0.3054696 0.007080441
0.2741879 0.425109 0.3004844 0.000218704
0.2815496 0.3943594 0.3209762 0.003114774
0.3141913 0.3571544 0.3278941 0.0007602228
0.277895 0.3937914 0.3225485 0.005765115
0.2957028 0.3892925 0.3092613 0.0057434
0.2974646 0.3610378 0.3327779 0.008719648
0.318398 0.3763295 0.3038451 0.001427382
0.2865692 0.4168884 0.2937467 0.002795796
0.2911179 0.365912 0.3426488 0.0003212608
0.2898198 0.3822345 0.3237394 0.004206336
0.2746916 0.4067767 0.3158266 0.002705138
0.2843059 0.3782336 0.3220476 0.01541291
0.3079739 0.3649811 0.3242161 0.002828915
0.2712885 0.3808505 0.3374765 0.01038452
0.2921587 0.3751883 0.3214377 0.01121541
0.3082565 0.3950318 0.2934713 0.003240391
0.297839 0.3759533 0.3203948 0.005812994
0.3039546 0.3761495 0.3183892 0.001506705
0.3074906 0.3791822 0.3045589 0.008768277
0.2773121 0.4163134 0.3060686 0.0003058972
0.2766446 0.4208277 0.3012772 0.001250461
0.3179313 0.3951265 0.2829175 0.004024716
0.3036836 0.3943703 0.3013693 0.0005766753
0.2728638 0.4127949 0.310548 0.003793303
0.3127152 0.3765362 0.3095558 0.001192839
0.2920605 0.3962074 0.3111071 0.0006250321
0.3069772 0.3735397 0.3097785 0.009704574
0.2686954 0.4132868 0.3142318 0.003786053
0.2840524 0.3564545 0.3486142 0.01087887
0.2922117 0.4081979 0.297344 0.002246433
0.2851791 0.3372311 0.3462624 0.03132737
0.3107764 0.3763797 0.3072887 0.005555286
0.2836231 0.3937074 0.321665 0.001004553
0.2740858 0.4203188 0.2976536 0.007941731
0.2928906 0.4116445 0.2941447 0.001320204
0.2777115 0.3919152 0.3283371 0.002036227
0.2857868 0.4124316 0.2966077 0.005173958
0.3001477 0.3852025 0.3076853 0.006964567
0.2806551 0.4041975 0.3138472 0.001300252
0.3003527 0.3777006 0.3139989 0.007947873
0.2876512 0.3835522 0.3282264 0.0005702069
0.3131189 0.3465672 0.3274538 0.01285998
0.2860493 0.3947217 0.3190865 0.0001425003
0.2953468 0.3845256 0.317139 0.002988565
0.3023566 0.399119 0.2982346 0.0002897449
0.2800969 0.4049271 0.314549 0.0004270383
0.2772832 0.3971846 0.3228772 0.002654966
0.3040007 0.3688128 0.3191155 0.008070993
0.2899779 0.3897109 0.3105649 0.009746223
0.2792884 0.3865008 0.331829 0.002381734
0.3169385 0.3805174 0.2984715 0.00407263
0.2704321 0.4101991 0.3126484 0.006720326
0.2982716 0.3966808 0.2918341 0.01321349
0.2992311 0.3878799 0.3128141 7.487007e-05
0.3203939 0.3920416 0.2785922 0.008972264
0.2661639 0.4113116 0.3093555 0.01316908
0.2881599 0.4014471 0.3093702 0.001022814
0.2851645 0.409516 0.3044379 0.0008815233
0.2724027 0.3992494 0.3258934 0.002454515
0.2958362 0.3530079 0.349843 0.001312855
0.2896479 0.382582 0.3229058 0.004864291
0.3051902 0.3835027 0.298291 0.01301618
0.3163799 0.3680641 0.3142784 0.00127764
0.2811568 0.3905046 0.3126638 0.0156748
0.2760801 0.4190842 0.3019137 0.002922078
0.3058419 0.391416 0.292851 0.009891056
0.2826035 0.3996757 0.3158396 0.001881142
0.303972 0.4040061 0.2906647 0.001357114
0.2980356 0.3927604 0.3087255 0.0004784121
0.2921086 0.3787238 0.327395 0.001772663
0.2901122 0.3997746 0.3096458 0.0004673046
0.3158384 0.3635354 0.3141579 0.006468288
0.2976094 0.3874262 0.3113066 0.003657764
0.3042315 0.3641247 0.3281405 0.003503357
0.3019794 0.3934112 0.3038898 0.0007195634
0.3105678 0.3896259 0.2973309 0.002475368
0.2949147 0.4152604 0.2870681 0.002756815
0.3008436 0.3842513 0.3094682 0.005436861
0.3100825 0.3930605 0.2947817 0.002075261
0.2992166 0.3974522 0.302448 0.0008831932
0.2866252 0.3803324 0.3299919 0.003050561
0.3141224 0.3697451 0.3155858 0.00054663
0.3080613 0.371843 0.3168743 0.003221412
0.3041928 0.3914357 0.3023851 0.001986371
0.3171881 0.3928109 0.2861334 0.003867579
0.2773684 0.3910072 0.3277992 0.003825184
0.2911163 0.3737454 0.3346856 0.0004527377
0.2897689 0.4023469 0.301588 0.006296158
0.2863875 0.3767392 0.3321615 0.004711828
0.2767751 0.3899745 0.3088938 0.02435659
0.2727174 0.3943472 0.3308663 0.002069127
0.3062266 0.3625238 0.3181274 0.01312213
0.2946621 0.3958584 0.3061373 0.003342175
0.3038352 0.3571909 0.3292273 0.009746596
0.3060366 0.3859931 0.306335 0.001635246
0.2822905 0.399494 0.3102867 0.007928767
0.2902746 0.3879411 0.313798 0.007986295
0.2860235 0.4004017 0.3109508 0.002624061
0.2867916 0.3982709 0.3129064 0.002031105
0.2774617 0.4187088 0.3006601 0.003169382
0.2953748 0.3897735 0.3095685 0.005283177
0.2854826 0.3804297 0.3251924 0.008895298
0.273978 0.3924134 0.3259074 0.007701218
0.301697 0.405063 0.2910393 0.00220074
0.3045458 0.3930834 0.2989289 0.003441868
0.2911766 0.3874497 0.3209373 0.0004364462
0.2975927 0.3867427 0.3138761 0.001788412
0.3139883 0.3849241 0.2990524 0.002035218
0.2877396 0.3940116 0.3126928 0.005556048
0.2998961 0.3644294 0.3334595 0.002215
0.3081641 0.386295 0.3052996 0.000241304
0.2839489 0.3951048 0.3196224 0.001323796
0.2837074 0.3925173 0.322886 0.0008893022
0.31126 0.3657674 0.3215763 0.001396199
0.2802299 0.4042612 0.3149272 0.000581671
0.2832948 0.4164922 0.2997328 0.0004801547
0.2996724 0.3978281 0.2970999 0.005399527
0.2961681 0.3834924 0.3199225 0.0004170282
0.3177218 0.3831127 0.29743 0.001735525
0.2834187 0.4272368 0.2879947 0.001349836
0.302229 0.3700913 0.3251286 0.002551066
0.2995559 0.4012029 0.2986492 0.0005920955
0.2919484 0.3916251 0.3107019 0.00572464
0.2958479 0.38347 0.3158213 0.004860833
0.2876429 0.4001076 0.310684 0.001565408
0.3201484 0.3860463 0.2917131 0.002092251
0.2928502 0.4032361 0.2966957 0.00721791
0.29737 0.407257 0.2948166 0.0005564136
0.28796 0.3890557 0.3203515 0.002632813
0.2865964 0.4003457 0.3075213 0.005536617
0.2948209 0.3750667 0.3200229 0.01008955
0.2615881 0.4223852 0.3156997 0.000326938
0.3002117 0.3889758 0.300368 0.01044457
0.2813727 0.3841333 0.332644 0.001850034
0.3044303 0.3759493 0.312618 0.007002297
0.278928 0.4028275 0.315303 0.002941534
0.2732034 0.4206339 0.3045308 0.001631852
0.2736518 0.4080333 0.3131436 0.005171294
0.3077666 0.4002237 0.2888011 0.003208637
0.2807367 0.4245385 0.2925114 0.002213448
0.3116443 0.3852136 0.2941519 0.008990124
0.3045673 0.3533593 0.3064021 0.03567131
0.3145254 0.3799418 0.3040731 0.001459776
0.3139521 0.3849278 0.2997037 0.00141649
0.3050154 0.3758201 0.3029412 0.01622337
0.3023784 0.4052399 0.2903071 0.002074587
0.2959101 0.3774334 0.305994 0.0206625
0.2669831 0.3581151 0.3201208 0.054781
0.3054766 0.4000505 0.2865185 0.007954435
0.2912545 0.3995402 0.2999023 0.009303031
0.284135 0.4068409 0.3068866 0.002137432
0.309829 0.37921 0.3071955 0.003765574
0.28618 0.3937517 0.3131706 0.006897694
0.286173 0.3982629 0.3116998 0.00386426
0.2842283 0.3954151 0.3197018 0.0006547458
0.2904582 0.3978138 0.3112869 0.0004410594
0.2828488 0.3978834 0.3163035 0.002964251
0.2713113 0.3816003 0.3383624 0.008726045
0.3013954 0.382793 0.3145962 0.001215374
0.2843908 0.4218162 0.2928828 0.0009102624
0.2691033 0.396834 0.3312922 0.0027704
0.3186296 0.3487164 0.3315668 0.001087141
0.3101584 0.3909777 0.2943269 0.004536979
0.3029743 0.3859541 0.3070557 0.004015926
0.2814919 0.3902379 0.3155031 0.01276713
0.2956938 0.4050576 0.2966696 0.002578987
0.3077581 0.3928496 0.2980298 0.001362385
0.3000466 0.4032851 0.2962782 0.0003900319
0.2733443 0.4061519 0.3157418 0.004762058
0.2772793 0.4054988 0.3135196 0.003702283
0.2983051 0.3448263 0.349175 0.007693641
0.2962069 0.3898247 0.3112587 0.002709716
0.2940837 0.3885734 0.3166866 0.0006563274
0.3311183 0.3742584 0.2933184 0.001304938
0.2885777 0.3933875 0.3149916 0.003043173
0.2974889 0.3702059 0.3250207 0.007284441
0.2825395 0.393507 0.3187348 0.005218726
0.2746875 0.3986865 0.3240021 0.002623977
0.3102065 0.3518706 0.3347091 0.003213813
0.3003842 0.3685015 0.3259376 0.005176701
0.2855728 0.3982791 0.3144726 0.001675508
0.3004184 0.3941081 0.3031867 0.002286799
0.2678287 0.4124616 0.3179267 0.001782926
0.3134338 0.3928391 0.2908193 0.002907776
0.2939769 0.3907828 0.313611 0.001629311
0.2959545 0.4072108 0.2968089 2.576772e-05
0.308837 0.3844807 0.3039196 0.002762637
0.283792 0.3767298 0.3366694 0.002808792
0.2755547 0.3832601 0.3388434 0.00234177
0.2855783 0.3948829 0.3192124 0.0003263773
0.2889971 0.3841645 0.3217608 0.005077555
0.3009573 0.3882972 0.3069519 0.003793632
0.2745377 0.4123294 0.3100739 0.00305903
0.2916687 0.3894748 0.3187535 0.000103041
0.2972082 0.358014 0.3378914 0.006886387
0.2846837 0.3656582 0.3476304 0.002027653
0.2906342 0.3874228 0.3125588 0.009384214
0.2886594 0.3824412 0.3074839 0.02141542
0.2907741 0.393805 0.3107538 0.004667038
0.2797066 0.4056682 0.2892292 0.02539589
0.2874582 0.4016436 0.310087 0.0008112824
0.303104 0.3959881 0.2957682 0.005139701
0.31527 0.3892288 0.292752 0.002749234
0.2955852 0.3708654 0.3286373 0.004912033
0.2917904 0.3963374 0.3071084 0.004763811
0.2702172 0.4153473 0.3028117 0.01162384
0.3081959 0.3939025 0.2751304 0.02277123
0.2945908 0.3761237 0.3287419 0.0005435811
0.2931504 0.3961759 0.3095118 0.001161975
0.3069082 0.389794 0.3021143 0.001183532
0.2949451 0.3958813 0.3061544 0.003019262
