p_1 p_2 p_3 p_4 
0.004881875 0.3431024 0.6493162 0.002699471 
0.004910483 0.3181731 0.6592777 0.01763871 
0.01772249 0.3141478 0.6607683 0.007361432 
0.000590944 0.3527787 0.6347479 0.01188238 
0.01061983 0.2690506 0.7159851 0.004344435 
0.001317364 0.354305 0.6362558 0.008121795 
0.004164127 0.3220788 0.6673988 0.006358209 
0.005125707 0.2744799 0.6996866 0.02070782 
0.002996192 0.2676981 0.727231 0.002074711 
0.0009333784 0.3534692 0.6414873 0.004110129 
0.00567368 0.2388609 0.7536821 0.001783324 
0.005849281 0.2593043 0.731919 0.002927475 
0.0009988632 0.2834859 0.714974 0.0005412499 
0.003733177 0.2779484 0.7132665 0.005051951 
0.01957608 0.3055892 0.6693527 0.005481994 
0.003462851 0.323553 0.6655495 0.007434567 
0.009001912 0.3305781 0.6536713 0.006748664 
0.015944 0.3522697 0.6165169 0.01526947 
0.01652886 0.2348831 0.7483611 0.0002268877 
0.0007656796 0.3817232 0.5901274 0.02738371 
0.01062097 0.3320876 0.6529819 0.004309471 
0.009130692 0.280442 0.7079791 0.002448277 
0.01555052 0.3056032 0.6765978 0.002248482 
0.003364144 0.3276043 0.66672 0.002311491 
0.008606221 0.2644748 0.7169761 0.009942841 
0.01269405 0.2777551 0.7077181 0.001832712 
0.00194013 0.2765357 0.7124413 0.009082882 
0.005679964 0.3813903 0.6122683 0.0006614176 
0.006675235 0.2909556 0.6894295 0.01293971 
0.0002187091 0.3154598 0.6681809 0.01614066 
0.02180557 0.2625698 0.7026321 0.01299254 
0.007841881 0.2480824 0.7436196 0.0004560432 
0.004658308 0.2937443 0.6959089 0.005688425 
0.01053012 0.3088418 0.6556832 0.02494489 
0.002060654 0.3838528 0.61381 0.0002765227 
0.02250536 0.2247171 0.749517 0.003260465 
0.006576285 0.2539478 0.7357939 0.003682007 
0.0003419517 0.2684501 0.7293781 0.001829793 
0.004053144 0.1755881 0.8110105 0.009348248 
0.005271614 0.3003784 0.6890534 0.005296536 
0.005346042 0.2448996 0.7494174 0.0003369498 
0.008857452 0.3045604 0.6838428 0.002739355 
0.001071897 0.383871 0.6036673 0.01138981 
0.003165549 0.2900954 0.7066886 5.051372e-05 
0.0160359 0.2854921 0.6973386 0.001133395 
0.01212021 0.3330766 0.6547633 3.994371e-05 
0.001754709 0.3106912 0.6730818 0.01447223 
0.002444656 0.2014818 0.795145 0.0009285816 
0.0002523253 0.3021097 0.6819715 0.01566648 
0.01463844 0.2783342 0.6950535 0.0119738 
0.005225877 0.424719 0.5681348 0.001920313 
0.009369051 0.3200431 0.6592528 0.01133499 
0.0004048888 0.347031 0.6454187 0.007145362 
0.009775011 0.3183805 0.669941 0.001903458 
0.01729951 0.3997634 0.5811977 0.001739384 
0.01054495 0.2639429 0.7165041 0.009008008 
0.01461211 0.3209009 0.663351 0.00113594 
0.0131303 0.2211325 0.7541143 0.01162294 
0.008167244 0.2328526 0.7589025 7.761079e-05 
0.007125189 0.3253234 0.6618688 0.005682619 
1.324052e-05 0.3435836 0.6539406 0.00246254 
0.0009481008 0.1949816 0.7844265 0.01964379 
0.0007187388 0.3583808 0.6301171 0.01078337 
0.002076834 0.2434412 0.7543112 0.0001707664 
0.01154124 0.3356517 0.6516494 0.001157645 
0.005286741 0.3192396 0.6752177 0.0002559427 
0.02123867 0.304939 0.6228411 0.05098125 
0.02282895 0.2648156 0.7118636 0.0004918562 
0.002821884 0.2970067 0.698536 0.001635385 
0.006680582 0.2600977 0.7327398 0.0004819077 
0.006380323 0.2664978 0.7230219 0.004099926 
0.003575693 0.3452934 0.651097 3.398527e-05 
0.02027695 0.2602493 0.6933853 0.02608846 
0.01144424 0.3059591 0.6731323 0.009464382 
0.006817384 0.2822579 0.7037171 0.007207647 
0.0002540667 0.1873505 0.8095447 0.002850732 
0.007718428 0.3156012 0.6758158 0.0008646072 
0.01075947 0.3162244 0.665317 0.007699116 
0.00755211 0.3270132 0.6611944 0.00424025 
1.091051e-05 0.2508897 0.7422232 0.006876221 
0.02396301 0.3670615 0.6077246 0.001250904 
0.001027716 0.3416196 0.6537666 0.003586025 
0.003587934 0.2677585 0.7166594 0.0119942 
0.01290894 0.2124182 0.7696523 0.005020565 
0.00876969 0.3239217 0.6629585 0.004350095 
0.00229039 0.3747363 0.6166619 0.006311359 
0.00710812 0.3450973 0.6432951 0.004499412 
0.007905223 0.2795997 0.7087159 0.00377922 
0.004342981 0.2860606 0.7042562 0.005340266 
0.0009441976 0.367549 0.6263405 0.005166293 
0.002966901 0.2301515 0.7609397 0.005941917 
0.006979761 0.2881783 0.7040481 0.0007938694 
0.00501366 0.3262913 0.6644697 0.004225301 
0.01040001 0.3119641 0.6583317 0.01930428 
0.002381939 0.3839599 0.6133679 0.0002902427 
0.002698879 0.3664948 0.6243696 0.006436762 
0.003824628 0.3191033 0.6579999 0.01907222 
0.00349869 0.3576051 0.633474 0.005422158 
0.0009616988 0.2918783 0.7028776 0.004282438 
0.0139383 0.2839101 0.7005554 0.001596205 
0.005142739 0.2556756 0.7371298 0.002051873 
0.009892511 0.2449865 0.7436301 0.001490874 
0.01985206 0.389526 0.5869453 0.003676609 
0.00514901 0.272401 0.7007908 0.02165927 
0.008304581 0.3989744 0.5908752 0.001845733 
0.009242373 0.3701278 0.5800692 0.04056062 
0.006060977 0.2748853 0.7143397 0.004713985 
0.004284901 0.2545128 0.7357132 0.005489061 
0.02859882 0.3547597 0.6146314 0.002010077 
0.009743392 0.4054815 0.5723946 0.01238048 
0.007362888 0.3051075 0.6809582 0.006571341 
0.002582401 0.3714051 0.625388 0.0006244553 
0.006868217 0.3231033 0.6682798 0.001748661 
0.01811957 0.2766939 0.6836612 0.02152533 
0.004810723 0.2634478 0.7216052 0.01013629 
0.0074072 0.2486975 0.7431916 0.0007036753 
0.001546191 0.3431925 0.6501437 0.00511755 
0.004413375 0.3108571 0.6812816 0.003447856 
0.01427145 0.2805195 0.7026352 0.002573853 
0.009840219 0.4327914 0.5555275 0.00184092 
0.02386193 0.2352373 0.7393624 0.001538338 
0.01106083 0.301433 0.6863481 0.00115814 
0.001072513 0.3881083 0.6104858 0.0003333741 
0.002984406 0.2876635 0.7054331 0.00391894 
0.0003869845 0.3526268 0.6283629 0.01862331 
0.0002725082 0.3134355 0.6832652 0.003026784 
0.003336666 0.2893038 0.7047092 0.002650288 
0.01030475 0.3369897 0.6505249 0.002180701 
0.006234816 0.3317609 0.6514017 0.01060262 
0.01255206 0.2559739 0.7191882 0.01228582 
0.001876619 0.3253285 0.6714656 0.001329348 
0.04681045 0.2682855 0.6597098 0.02519424 
0.02320879 0.2959864 0.6802615 0.0005432693 
0.008663987 0.2966043 0.6906997 0.004031993 
0.001350166 0.3229899 0.6672026 0.008457321 
0.008394261 0.2957467 0.6829701 0.01288894 
0.00129307 0.34502 0.6489783 0.004708655 
0.0005282278 0.2577107 0.7330702 0.008690855 
0.0006040786 0.2794749 0.7110552 0.008865775 
0.01784125 0.2676081 0.7085373 0.006013338 
0.001594519 0.1955017 0.7979725 0.004931372 
0.004182689 0.3441827 0.6472547 0.004379902 
0.0116418 0.1996393 0.7881608 0.0005580467 
0.006463697 0.3869417 0.6044643 0.002130277 
0.001460265 0.3175148 0.6741334 0.006891593 
0.004535355 0.314528 0.6667978 0.0141389 
0.02465578 0.3770412 0.5917169 0.006586111 
0.02897641 0.3017183 0.6677331 0.001572144 
0.002218034 0.3225809 0.6710885 0.004112579 
0.004762279 0.2822392 0.7053485 0.007650071 
0.001067316 0.3140137 0.6736133 0.01130566 
0.01741793 0.330237 0.6444239 0.007921204 
0.004632644 0.2325598 0.7471388 0.01566878 
0.001367329 0.2776335 0.7183331 0.002666058 
8.784746e-05 0.247505 0.7324782 0.01992897 
0.01282751 0.2256954 0.7362206 0.02525643 
0.01852482 0.3213254 0.6575968 0.002552975 
0.008927777 0.3390661 0.6503336 0.001672488 
0.001011732 0.2626747 0.7306475 0.005666041 
0.004733388 0.3705041 0.6228623 0.00190015 
0.02976786 0.302365 0.653506 0.0143611 
0.005526926 0.2407953 0.7524265 0.001251284 
0.01264962 0.3490473 0.6108 0.0275031 
0.00023861 0.3177074 0.6801312 0.001922877 
0.002960081 0.2125387 0.7634841 0.02101711 
0.0006770975 0.2905153 0.7069851 0.001822488 
0.005388779 0.3483406 0.643426 0.002844616 
0.007804711 0.2806578 0.7091775 0.002359938 
0.001822339 0.2659254 0.7269435 0.005308711 
0.0006689266 0.3889789 0.6054159 0.004936236 
0.000674029 0.3132607 0.685752 0.0003133227 
0.004120594 0.3176751 0.6649147 0.01328963 
0.006725636 0.2408915 0.747511 0.004871943 
0.01396146 0.3517625 0.6252034 0.009072635 
0.01452431 0.3363321 0.6401739 0.008969741 
0.02398699 0.2620768 0.7136216 0.0003146072 
0.0034488 0.3051364 0.6887028 0.002711962 
0.001611821 0.3435342 0.6465516 0.008302387 
0.001154206 0.3560047 0.6388426 0.003998397 
0.03188919 0.2929385 0.6714526 0.003719709 
0.003572478 0.2659281 0.7115516 0.01894786 
0.008412801 0.2478343 0.7154449 0.028308 
0.0008495732 0.3452387 0.6538851 2.663768e-05 
0.0002511067 0.3122865 0.6834028 0.004059683 
0.0106096 0.3390563 0.6478228 0.002511352 
0.0009321623 0.2965076 0.6753798 0.02718042 
0.007848727 0.2389741 0.6678555 0.08532168 
0.004312681 0.3930249 0.5992643 0.003398148 
0.002179306 0.3162092 0.6809357 0.0006758612 
0.001301509 0.2915231 0.7021266 0.005048785 
0.005349807 0.271057 0.7205037 0.003089477 
0.006228919 0.2909244 0.7000332 0.002813451 
0.003700174 0.2757543 0.7177355 0.002810007 
0.01304412 0.2114413 0.769958 0.005556577 
0.003833702 0.3006414 0.691055 0.004469972 
0.002079211 0.2593622 0.7348845 0.003674169 
0.0006714649 0.2865248 0.7121448 0.0006589237 
0.0006951212 0.3087576 0.6753319 0.01521536 
0.02203883 0.2326561 0.7343947 0.0109103 
0.007537289 0.296372 0.6890549 0.007035802 
0.02220372 0.2549425 0.7162616 0.006592251 
0.02372618 0.2039252 0.7701993 0.002149283 
0.001897116 0.3904952 0.6075803 2.742396e-05 
0.001682245 0.3872523 0.6064294 0.004636104 
0.006557274 0.2799473 0.7084888 0.005006569 
0.001880858 0.2432001 0.7519357 0.002983397 
0.007953518 0.251983 0.7359304 0.004133096 
0.006179023 0.3351973 0.6510234 0.007600363 
0.0002357353 0.3304196 0.6683736 0.0009710668 
0.00031159 0.2438788 0.7520797 0.003729852 
0.002295909 0.2916093 0.6909107 0.01518403 
0.00166783 0.2615878 0.7323461 0.004398356 
0.01184507 0.3266243 0.6535196 0.008010964 
0.0001147031 0.363268 0.6318417 0.004775632 
0.004611553 0.2569624 0.7207253 0.01770072 
0.0007401617 0.3228809 0.6659906 0.01038841 
0.004883891 0.325634 0.6566534 0.01282878 
0.0006924476 0.2639569 0.7223606 0.0129901 
0.01026397 0.3280926 0.6566063 0.005037118 
0.005033217 0.2267467 0.7535462 0.01467389 
0.004522579 0.3076553 0.6844422 0.003379969 
0.001996393 0.2344649 0.7541894 0.009349307 
0.001587982 0.3043476 0.6919661 0.00209832 
0.0003969372 0.3122595 0.6835322 0.003811355 
0.005249416 0.3143472 0.6651735 0.0152299 
0.03277542 0.3127048 0.6379167 0.01660311 
0.001537157 0.2942002 0.6966248 0.007637826 
0.0009798885 0.3073022 0.6873944 0.004323466 
0.002014978 0.3930864 0.6012078 0.003690774 
0.007062168 0.3258535 0.6616146 0.005469703 
0.0007770265 0.3363511 0.6574771 0.005394849 
0.003306895 0.2414567 0.7527705 0.002465908 
0.01058558 0.239911 0.7478194 0.001683961 
0.01972752 0.3372853 0.640699 0.002288227 
0.01050617 0.3339009 0.6545901 0.001002837 
0.01569992 0.2022877 0.7804106 0.001601788 
0.01141552 0.2773146 0.7109756 0.0002942774 
0.0002501631 0.2833065 0.7131259 0.003317435 
0.001678164 0.39749 0.5998767 0.0009551204 
0.002863322 0.3033565 0.6818169 0.01196325 
0.007563123 0.3367293 0.6398288 0.01587876 
0.004667453 0.2967285 0.6968852 0.001718809 
0.004023094 0.3663681 0.617056 0.01255284 
0.003359519 0.219243 0.7745152 0.002882217 
0.002018721 0.3317838 0.6492919 0.01690561 
0.02401692 0.3993834 0.5761084 0.0004913071 
0.006746035 0.3059316 0.6799617 0.007360732 
0.001189875 0.3220553 0.6711737 0.005581067 
0.001136497 0.2441364 0.7509113 0.003815818 
0.002331139 0.2325224 0.7591586 0.005987775 
0.005327947 0.3541189 0.6350382 0.005514984 
0.009307422 0.3467313 0.6407797 0.003181637 
0.004815283 0.3487549 0.6291887 0.01724112 
0.005421674 0.3663123 0.6255664 0.002699632 
0.005577871 0.2677058 0.7203652 0.006351201 
0.004011815 0.2860963 0.7016723 0.008219639 
0.0008801501 0.2389476 0.7514061 0.008766086 
0.001234443 0.2439161 0.7548145 3.487156e-05 
0.007529885 0.298419 0.6852088 0.00884229 
0.01003306 0.2837596 0.700375 0.005832343 
0.00745625 0.2798156 0.7069532 0.005774961 
0.004929372 0.1742565 0.8145586 0.006255477 
0.003544637 0.2938978 0.7010156 0.001541998 
0.01133023 0.3051954 0.6824121 0.001062279 
0.0007096153 0.2414841 0.7453077 0.01249858 
0.001506292 0.3001285 0.6922559 0.00610932 
0.002111753 0.3447391 0.6350454 0.01810376 
0.004159335 0.3668951 0.6215475 0.0073981 
0.007009533 0.3491056 0.6412653 0.002619539 
0.01090892 0.2684077 0.7166097 0.004073682 
0.002544531 0.43559 0.5503276 0.01153788 
0.004371327 0.3535504 0.6385541 0.003524118 
0.007910708 0.3690168 0.6208182 0.002254233 
0.001451208 0.3870681 0.6110975 0.0003831841 
0.002173706 0.2908168 0.701456 0.005553455 
0.002883599 0.2097773 0.7737712 0.01356787 
0.0004762695 0.3065262 0.6715875 0.02141002 
0.01337436 0.325299 0.6553258 0.006000905 
0.007989062 0.2981889 0.6680058 0.02581629 
0.004260693 0.3514093 0.6429731 0.00135694 
0.00338819 0.3186932 0.6670108 0.01090777 
0.003198134 0.2434978 0.7341399 0.01916411 
0.01234304 0.2879728 0.6961009 0.003583215 
0.004433334 0.2934586 0.7018387 0.0002693517 
0.00363917 0.3498179 0.6379169 0.008625977 
0.003261843 0.2646734 0.731182 0.0008827817 
0.0006914089 0.2710676 0.726294 0.001947036 
0.001209249 0.2695626 0.7208375 0.008390638 
0.002250288 0.2896762 0.705241 0.002832525 
0.007949191 0.3158032 0.6725947 0.003652855 
0.00305542 0.2832636 0.6912467 0.02243427 
0.004680379 0.3280319 0.6613999 0.005887754 
0.002736901 0.3809283 0.6111954 0.005139398 
0.0005843011 0.4320022 0.5608944 0.00651903 
0.001954509 0.2160191 0.7736778 0.00834857 
0.001808569 0.4153596 0.5822538 0.0005780303 
0.0001288465 0.2944509 0.6986777 0.006742494 
0.004545243 0.2704954 0.7238255 0.001133886 
0.008668512 0.2874105 0.7029809 0.0009400445 
0.001800336 0.2947336 0.6961248 0.007341289 
0.004815149 0.3524147 0.6419399 0.0008303173 
0.004007999 0.3472974 0.6451134 0.003581129 
0.003719564 0.287172 0.6864796 0.02262878 
0.006635136 0.2355935 0.7475043 0.01026709 
0.01079612 0.3234898 0.6573469 0.008367176 
0.006385773 0.3500697 0.6401908 0.003353754 
0.0008040039 0.3204399 0.6740916 0.004664413 
0.001527185 0.3281321 0.6688038 0.001536879 
0.01385735 0.2680068 0.7051868 0.01294908 
0.003081763 0.2828621 0.7115782 0.002477965 
0.007692549 0.2407025 0.7454016 0.006203422 
0.07302723 0.3467003 0.5794558 0.0008166989 
0.01631451 0.3558736 0.6255352 0.002276666 
0.01483338 0.3284891 0.6532294 0.003448066 
0.01021743 0.3485588 0.632701 0.008522825 
0.01688223 0.2578963 0.7157376 0.009483888 
0.005559225 0.3785486 0.5949984 0.02089376 
0.00732818 0.3276925 0.6576068 0.007372471 
0.00367785 0.3466935 0.6492899 0.000338726 
0.01637301 0.4026937 0.5589045 0.02202875 
0.01117015 0.3678188 0.6180923 0.00291875 
0.004991735 0.3391877 0.6524489 0.003371658 
0.0002882554 0.3548372 0.6447079 0.0001666298 
0.003385045 0.2910597 0.696622 0.008933214 
0.002973074 0.2185875 0.7637899 0.01464951 
0.00479588 0.2766905 0.7136051 0.00490852 
0.01047359 0.2544207 0.7331962 0.001909517 
0.005120706 0.3790588 0.6089729 0.006847575 
0.0004335047 0.3646069 0.6316325 0.003327127 
0.001464198 0.3076056 0.6771208 0.01380948 
0.007521073 0.2579205 0.7322123 0.00234615 
0.004229169 0.3380312 0.656865 0.0008746186 
0.007993689 0.2573523 0.7274757 0.007178287 
0.005439931 0.2744868 0.7174988 0.002574448 
0.01441343 0.2960798 0.678637 0.01086976 
0.01857487 0.319441 0.6449205 0.01706361 
0.001297285 0.3228551 0.6741836 0.001663962 
0.002364667 0.3870075 0.5956934 0.01493442 
0.002400846 0.2201904 0.766054 0.0113548 
0.001993377 0.2668416 0.7289572 0.00220784 
0.003170016 0.2556485 0.7347735 0.006407949 
0.002435548 0.2159283 0.772932 0.008704118 
0.009230658 0.2508762 0.7229099 0.01698324 
0.006558398 0.3869016 0.6010213 0.005518646 
0.00486408 0.2698629 0.7248358 0.0004372292 
0.01140267 0.3154475 0.6346582 0.03849162 
0.004471634 0.2742811 0.7153704 0.005876852 
0.0001388234 0.2288995 0.7618992 0.009062485 
0.004715408 0.3088627 0.6837474 0.002674479 
0.01108543 0.3101143 0.6734928 0.005307418 
0.001850042 0.301111 0.6738517 0.02318721 
0.004606106 0.3580245 0.6077367 0.02963273 
0.003727228 0.2515338 0.7412225 0.003516477 
0.0005061961 0.2429653 0.7540149 0.002513678 
0.00278722 0.2473571 0.747512 0.002343675 
0.002704186 0.2397558 0.754391 0.003148956 
0.01307862 0.3354727 0.623842 0.0276067 
0.0006705494 0.3631676 0.6236789 0.01248299 
0.002795271 0.380233 0.612029 0.004942719 
0.001809905 0.2931346 0.6935727 0.01148286 
0.004783189 0.2469073 0.7460341 0.00227537 
0.002322257 0.3789747 0.6056432 0.01305983 
0.008190222 0.2470151 0.7381698 0.006624876 
0.0031552 0.3381249 0.6521468 0.006573059 
0.01115999 0.2646202 0.7230138 0.001206043 
0.001613739 0.2344919 0.7606433 0.00325101 
0.0004190133 0.3716052 0.6228829 0.005092849 
0.002407112 0.4257697 0.56072 0.01110328 
0.002185383 0.4222496 0.566422 0.009143018 
0.004463385 0.2729323 0.7079736 0.01463076 
0.0005438518 0.3078788 0.6909031 0.0006742581 
0.009534609 0.2525959 0.7313118 0.006557709 
0.005289083 0.3865208 0.6078306 0.0003595052 
0.01735082 0.1861908 0.7840657 0.01239262 
0.009721316 0.3459094 0.6285721 0.01579717 
0.006846328 0.2895258 0.7022919 0.001335996 
0.01568146 0.2852276 0.6963612 0.002729704 
0.005026393 0.3451028 0.639342 0.01052886 
0.001624925 0.2556946 0.7385992 0.004081322 
0.009082143 0.3337595 0.6409663 0.01619206 
0.0004965039 0.4395408 0.550855 0.009107613 
0.005289074 0.2898273 0.7044312 0.0004524082 
0.0005529542 0.3070739 0.690208 0.002165115 
0.001281437 0.2405262 0.7061579 0.05203453 
0.00317787 0.3858365 0.6105933 0.0003923122 
0.008276832 0.1599991 0.819984 0.01174007 
0.007212327 0.2888572 0.6989777 0.004952776 
0.002745724 0.2832537 0.7138336 0.0001670343 
0.03069737 0.2655679 0.7000252 0.003709573 
0.001595799 0.3775392 0.603017 0.01784796 
0.002512895 0.2725943 0.7066681 0.01822468 
0.001065129 0.2722461 0.7237413 0.002947482 
0.006555594 0.2996596 0.6935937 0.0001910338 
0.007535087 0.2517961 0.729105 0.01156382 
0.004896378 0.3464301 0.6468734 0.001800078 
0.0115787 0.3142001 0.6716171 0.002604018 
0.01199609 0.2960612 0.6892427 0.002699989 
0.002329946 0.3840812 0.5934673 0.02012155 
0.005044377 0.3442478 0.6481738 0.002534012 
0.002824528 0.302455 0.6747494 0.01997105 
0.02324364 0.3441784 0.6312405 0.001337494 
0.01108744 0.3489084 0.6082907 0.03171344 
0.005095023 0.3042088 0.6900225 0.0006736575 
0.007806481 0.3025723 0.6607843 0.02883685 
0.004518416 0.3144894 0.6774228 0.003569457 
0.001373695 0.3495207 0.6376816 0.01142407 
0.002489596 0.2474028 0.7496274 0.0004801718 
0.006944471 0.2310653 0.7557033 0.006286865 
0.003717373 0.23733 0.7404815 0.0184712 
0.0002670591 0.3046977 0.6886578 0.006377428 
0.01166354 0.3840431 0.604181 0.0001123136 
0.009300798 0.2864283 0.7032307 0.001040211 
0.002969151 0.4106383 0.5760143 0.01037824 
0.001127082 0.3382334 0.658277 0.002362559 
0.01006424 0.2693887 0.7165725 0.003974503 
0.01716307 0.3327078 0.6494025 0.0007266095 
0.006350156 0.2873856 0.7044381 0.001826217 
0.001918188 0.2264897 0.7698881 0.001703987 
0.0001452672 0.2676458 0.7240725 0.008136429 
0.00483405 0.3594504 0.6352412 0.0004743151 
0.007610659 0.3235995 0.661731 0.007058856 
1.800265e-05 0.2437167 0.7503292 0.005936089 
0.004437501 0.2691844 0.6947666 0.03161151 
0.002218154 0.2476376 0.7140373 0.03610693 
0.002663436 0.2854767 0.7066672 0.005192675 
0.01578945 0.3629677 0.6153213 0.005921527 
0.01593886 0.3746039 0.6016856 0.007771607 
0.009562769 0.2861926 0.7014096 0.002835083 
0.02343879 0.2471711 0.722244 0.007146138 
0.01511168 0.4398823 0.5349144 0.01009164 
0.004440979 0.3811218 0.6075956 0.006841639 
0.008253992 0.3318336 0.6543694 0.005543007 
0.01621127 0.2274985 0.7404633 0.01582692 
0.01449259 0.2663745 0.7116606 0.007472225 
0.003433476 0.2095201 0.7845873 0.002459087 
0.003103333 0.333309 0.6613283 0.002259306 
0.004403265 0.3274939 0.6661373 0.001965624 
0.006293723 0.3227967 0.6569729 0.01393661 
0.004930891 0.287076 0.6989684 0.0090247 
0.00272545 0.3926375 0.5960966 0.008540468 
0.003434625 0.3407582 0.6534276 0.002379552 
0.007767668 0.2444302 0.7307025 0.01709967 
0.003910164 0.3006755 0.6927736 0.002640702 
0.0001479026 0.2232361 0.7734511 0.003164963 
0.02045879 0.2659081 0.7061834 0.007449646 
0.01185509 0.2926668 0.6872123 0.008265843 
0.002676789 0.2754048 0.7217953 0.0001230918 
0.01695307 0.2511473 0.7222245 0.009675066 
0.01318841 0.2915565 0.6942722 0.0009828127 
0.01311974 0.3084829 0.6749234 0.003473952 
0.00216509 0.3079882 0.6868955 0.002951167 
0.007429454 0.4180852 0.5610063 0.0134791 
0.001576529 0.2702501 0.7209561 0.007217275 
0.02299012 0.2788996 0.6950831 0.003027187 
0.01243339 0.3424397 0.6334622 0.01166476 
0.002708003 0.24563 0.7434912 0.008170727 
0.0002977641 0.2576432 0.7415819 0.0004770934 
0.02378804 0.3176648 0.6460511 0.01249597 
0.002373282 0.3091201 0.6809755 0.007531069 
0.002952464 0.3634001 0.6328766 0.0007707735 
0.007081509 0.3840475 0.5954398 0.01343114 
0.003802301 0.2085397 0.7841022 0.003555881 
0.00722765 0.2899685 0.7007586 0.002045181 
0.005497795 0.3712258 0.5990415 0.02423489 
0.007373751 0.2221405 0.7592825 0.01120319 
0.0009615931 0.2831281 0.7104759 0.005434413 
0.003450327 0.2993911 0.6862168 0.01094176 
0.0001389467 0.3266137 0.6729486 0.0002987903 
0.007267909 0.4174444 0.5688158 0.00647196 
0.0006780969 0.3444116 0.6519321 0.002978177 
0.006664957 0.2242652 0.7656484 0.003421488 
0.008054341 0.3358376 0.6534933 0.002614728 
0.01500587 0.2983273 0.6828675 0.003799344 
0.008446385 0.2954977 0.6870081 0.009047756 
2.654964e-05 0.3925692 0.6050706 0.002333665 
0.005241873 0.2929678 0.6956632 0.006127071 
0.0218235 0.3113264 0.6595607 0.007289438 
0.0053456 0.338587 0.6539487 0.002118708 
9.555546e-05 0.2468963 0.7467341 0.006274055 
0.003524823 0.4283652 0.5648319 0.003278002 
0.006377934 0.2995051 0.679869 0.01424795 
0.03402654 0.3081532 0.6529017 0.004918566 
0.0008863386 0.2317136 0.7627586 0.00464143 
0.0102905 0.2666827 0.7202494 0.002777408 
0.013554 0.3001709 0.6731904 0.01308474 
0.003386099 0.2268477 0.7646334 0.005132863 
0.0005803746 0.2252758 0.7692241 0.004919666 
0.01051734 0.3684639 0.6107542 0.01026457 
0.002813169 0.3265959 0.6315671 0.03902384 
0.006673899 0.3852255 0.5989965 0.009104118 
0.0002137336 0.3205526 0.6532977 0.02593595 
0.006973336 0.3209732 0.65508 0.01697348 
0.004235022 0.2798766 0.7123706 0.003517794 
0.009406807 0.2766278 0.7106479 0.003317495 
0.001488134 0.3808765 0.6109403 0.006695058 
0.002252689 0.2524029 0.7404581 0.004886231 
0.005820557 0.3044656 0.6870648 0.002648968 
0.0126294 0.3097641 0.6755386 0.002067946 
0.00777192 0.3526177 0.6249313 0.01467904 
0.002349294 0.2495115 0.7428026 0.005336608 
0.01273942 0.3954639 0.5898656 0.001931081 
0.004095413 0.3508612 0.6312904 0.01375304 
0.001189278 0.3088505 0.6836921 0.006268132 
0.009235736 0.2461977 0.7423101 0.002256475 
0.004182489 0.2505778 0.7443759 0.0008638186 
0.005716129 0.2358535 0.7513457 0.007084735 
0.02770867 0.2578424 0.7044474 0.01000158 
0.01928887 0.2930451 0.6842503 0.00341579 
0.005534069 0.291026 0.7018068 0.001633168 
0.008863531 0.33479 0.6562909 5.556918e-05 
0.0003022781 0.2988912 0.7002097 0.0005968216 
0.0004364655 0.2530895 0.7414104 0.005063657 
0.01471625 0.2995689 0.6751458 0.01056906 
0.003328403 0.2984491 0.6908302 0.007392357 
0.002450182 0.3038454 0.6899706 0.003733845 
0.0002460432 0.2787072 0.7207317 0.0003150238 
0.0009825404 0.3578199 0.6362544 0.004943156 
0.00175116 0.2685771 0.7257657 0.003906032 
0.004984185 0.295522 0.698788 0.0007057561 
0.00915197 0.2105383 0.7782669 0.002042821 
0.00935593 0.3480476 0.6379464 0.004650116 
0.00207487 0.3388843 0.6585352 0.0005056333 
0.008818767 0.1657046 0.8253908 8.582698e-05 
0.001745844 0.356852 0.6390689 0.002333202 
0.007356518 0.2445849 0.742036 0.006022522 
0.0001974203 0.2575222 0.7387399 0.003540522 
0.003975327 0.3661001 0.6209566 0.008968047 
0.005015787 0.335799 0.6544608 0.004724371 
0.002982205 0.2993581 0.6916582 0.006001501 
0.01096245 0.1813001 0.7988716 0.008865847 
0.0002777162 0.2779699 0.7195724 0.002179894 
0.007736583 0.3340421 0.6488751 0.009346207 
0.01159779 0.2315134 0.753953 0.002935818 
0.001229181 0.2286806 0.7569619 0.01312831 
0.001554567 0.2941271 0.6944098 0.009908468 
0.0007226054 0.2391991 0.7438136 0.01626468 
0.003140408 0.3429819 0.6446842 0.00919346 
0.009299025 0.3997881 0.5874491 0.003463795 
0.005773624 0.2811622 0.6878223 0.02524184 
0.005875325 0.305721 0.6824571 0.00594662 
0.00436035 0.3621207 0.6262363 0.007282641 
0.007551137 0.3228553 0.6647016 0.004891945 
0.007141458 0.2831076 0.7017274 0.008023541 
0.00396955 0.4392883 0.55467 0.002072174 
0.0048567 0.3382646 0.6428857 0.01399301 
0.007941165 0.3504492 0.6368985 0.004711179 
0.002456802 0.2650058 0.7139321 0.01860532 
0.009190827 0.2778157 0.7067273 0.006266159 
0.005549526 0.2511096 0.7129654 0.03037549 
0.005950623 0.3175877 0.6335243 0.04293744 
0.008831611 0.3238651 0.6647245 0.002578786 
0.002166442 0.341862 0.6431655 0.01280608 
0.008541908 0.2920138 0.6827513 0.01669303 
0.004387777 0.3876902 0.6028788 0.005043221 
0.01253881 0.2865779 0.6987084 0.002174919 
0.0123115 0.2744804 0.7084119 0.004796243 
0.01623452 0.3337082 0.6419898 0.008067494 
0.002794658 0.2836174 0.7078952 0.005692826 
0.01164376 0.3004126 0.686295 0.001648657 
0.001926112 0.2234928 0.7600202 0.0145609 
0.0003271033 0.3250191 0.6745985 5.526059e-05 
0.007379812 0.2855522 0.6844028 0.0226652 
0.01038768 0.2630411 0.7256491 0.0009220933 
0.0004313998 0.2997057 0.6933879 0.006474962 
0.005360827 0.3197153 0.6619705 0.01295343 
0.02688452 0.3009627 0.6717529 0.0003998449 
0.01389227 0.3538671 0.6120022 0.02023836 
0.006738726 0.3086463 0.6827745 0.001840445 
0.009211949 0.3734132 0.614381 0.002993855 
6.315538e-06 0.3078776 0.686327 0.005789063 
0.001406796 0.2873686 0.7041992 0.00702535 
0.01082493 0.3041906 0.6843024 0.0006820659 
0.005311528 0.3276333 0.6515063 0.01554891 
0.01541277 0.1986784 0.7801951 0.00571369 
0.002743346 0.3082898 0.6714336 0.01753333 
0.004319102 0.3234212 0.6706546 0.001605009 
0.004836835 0.3035294 0.6844968 0.007136981 
0.009728249 0.2321445 0.7577819 0.0003452938 
0.009387154 0.3916056 0.5882299 0.01077731 
0.01755021 0.3621725 0.6100528 0.01022452 
0.01045457 0.3282634 0.6567241 0.004557979 
0.003518289 0.3138181 0.6792975 0.003366112 
0.0001470059 0.3300609 0.6689086 0.0008834131 
0.006906029 0.2718008 0.7204737 0.000819455 
0.004081356 0.3192593 0.6719985 0.004660826 
0.01722032 0.3533567 0.6273626 0.002060357 
0.004882059 0.2789081 0.7049224 0.01128747 
0.01394344 0.1791299 0.801897 0.005029612 
0.003262817 0.3108498 0.679802 0.006085389 
0.01005288 0.2799964 0.6989225 0.01102823 
0.003223814 0.2395802 0.7266843 0.03051173 
0.004076192 0.3570597 0.637123 0.001741096 
0.02667394 0.3532787 0.6171513 0.002896102 
0.003440651 0.3453923 0.6377605 0.0134065 
0.008329885 0.238116 0.7411287 0.0124254 
0.002810164 0.3459503 0.6439261 0.007313386 
0.003474643 0.3069209 0.6895139 9.049252e-05 
0.01239045 0.2051084 0.7786242 0.003876964 
0.006518208 0.399429 0.5912159 0.002836885 
0.001396029 0.4441212 0.542127 0.01235569 
0.004218713 0.3304812 0.6628248 0.002475268 
0.00514558 0.3171312 0.6632897 0.01443345 
0.0003263805 0.2650605 0.7255921 0.009020985 
0.001323149 0.3905242 0.6030922 0.005060451 
0.004484113 0.2500494 0.7428232 0.002643277 
0.008722283 0.3556924 0.6251327 0.01045261 
0.0005405193 0.2292184 0.7476029 0.02263825 
0.01069033 0.296462 0.6913685 0.001479171 
0.008825047 0.2905379 0.6852505 0.0153866 
0.01274436 0.3871686 0.5922017 0.007885323 
0.00235381 0.384772 0.6048278 0.008046366 
0.008121295 0.2661032 0.6986506 0.02712495 
0.007205156 0.2703602 0.7012915 0.02114322 
0.008545309 0.2322413 0.7513324 0.007881028 
0.001366448 0.2894758 0.7055733 0.003584494 
0.004311423 0.2274953 0.7576528 0.01054042 
0.003416289 0.3017348 0.6932889 0.00156002 
0.0003705024 0.2532876 0.7434138 0.002928097 
0.006009847 0.398013 0.5877667 0.008210505 
0.00834169 0.253368 0.7365611 0.001729276 
0.004123062 0.2763589 0.7165638 0.002954287 
0.001606438 0.3630306 0.6140154 0.02134755 
0.01579075 0.2538943 0.7299787 0.0003363067 
0.001934077 0.3685761 0.6278578 0.001632083 
0.001209564 0.3357395 0.6623586 0.0006922484 
0.001835868 0.2597127 0.7287248 0.009726664 
0.002640697 0.3189779 0.6760323 0.002349072 
0.00310986 0.3465122 0.6449408 0.005437204 
0.01538098 0.2745753 0.7046924 0.00535134 
0.003307796 0.3055494 0.6880931 0.003049733 
0.005473217 0.3591747 0.6105379 0.02481422 
0.001629529 0.3844116 0.6119519 0.002006959 
0.01769136 0.2800817 0.7004422 0.001784745 
0.001581179 0.2641306 0.73248 0.001808231 
0.004219495 0.3340361 0.6590142 0.002730288 
0.002918526 0.4413413 0.5554279 0.0003123104 
0.03241365 0.3096954 0.6541355 0.003755405 
0.007244945 0.2569906 0.7286556 0.007108838 
0.007450956 0.2341705 0.7549055 0.003473105 
0.00835173 0.3776884 0.6084351 0.005524819 
0.01863637 0.2426278 0.7334969 0.005238961 
0.01030526 0.2994175 0.6900191 0.0002582372 
0.01365107 0.2517659 0.7310049 0.003578114 
0.0170788 0.279659 0.6985607 0.004701514 
0.001970635 0.2450973 0.7393837 0.01354828 
0.0005174905 0.2930929 0.6995299 0.006859797 
0.007197579 0.3953238 0.592933 0.004545603 
0.001794182 0.2563656 0.7348928 0.006947373 
0.001556618 0.3893121 0.6067649 0.002366438 
0.0003840417 0.3900665 0.603364 0.006185471 
0.003304895 0.3130663 0.6808029 0.002825838 
0.02435853 0.2914383 0.6818849 0.002318199 
0.005107074 0.2566435 0.7344387 0.003810683 
0.0002947653 0.4076032 0.5903713 0.001730795 
0.01962154 0.2891674 0.6867672 0.004443827 
0.007673477 0.3259525 0.6538134 0.01256061 
0.002235817 0.323708 0.6739061 0.0001501352 
0.009393743 0.2674858 0.7015854 0.02153508 
0.0007855976 0.2757684 0.7056686 0.01777739 
0.003732104 0.2954272 0.6973906 0.003450107 
0.006915355 0.2601704 0.7159756 0.01693869 
0.005749024 0.2188064 0.7748384 0.0006061404 
0.006996299 0.2660366 0.7168541 0.01011298 
0.00536287 0.3005389 0.6910939 0.003004313 
0.003222803 0.2571841 0.7393294 0.0002636861 
0.005722487 0.2887243 0.6943729 0.01118039 
0.001840842 0.2890976 0.6831764 0.02588516 
0.002302359 0.2488473 0.7454317 0.003418715 
0.02759473 0.4103753 0.5531541 0.008875881 
0.0004795593 0.3091169 0.6876566 0.002746909 
0.02071501 0.3339485 0.6434699 0.001866621 
0.006091294 0.2905336 0.6969218 0.006453248 
0.0008316917 0.2397483 0.756907 0.002513007 
0.02245966 0.2996884 0.670355 0.007496897 
0.0117866 0.2467719 0.7390523 0.002389258 
0.00624188 0.3101462 0.6753633 0.008248655 
0.006003747 0.2453918 0.7477892 0.0008153224 
0.002094474 0.2629982 0.7114061 0.02350127 
0.01537323 0.3164245 0.6641384 0.004063826 
0.02947635 0.2810624 0.6819912 0.007470126 
0.003237745 0.3176124 0.6725976 0.006552234 
0.005002034 0.2043204 0.7620181 0.02865949 
0.008501976 0.2970357 0.692453 0.002009377 
0.003392286 0.410434 0.5725208 0.01365287 
0.0006639891 0.3882977 0.6107362 0.0003020446 
0.01626766 0.2514956 0.7244511 0.007785713 
0.0002596335 0.2076935 0.7881524 0.003894477 
1.298918e-05 0.3006616 0.6938407 0.005484728 
0.00787026 0.3478797 0.6389695 0.005280585 
0.004121515 0.3233611 0.6517776 0.02073977 
0.00685258 0.3447657 0.6477331 0.0006486093 
0.0002005566 0.2999275 0.6973677 0.002504291 
0.008625042 0.3050418 0.6744423 0.0118908 
0.007686452 0.3677609 0.6243867 0.0001659113 
0.03358635 0.240511 0.7231408 0.002761774 
0.01000442 0.2953534 0.6852427 0.009399471 
0.007836046 0.2606981 0.7305252 0.0009406352 
0.0005227456 0.2695531 0.7145227 0.01540145 
0.00882282 0.2966956 0.6926174 0.001864148 
0.003610538 0.3269664 0.6511051 0.01831792 
0.005713809 0.3307727 0.659588 0.003925563 
0.002910106 0.2412278 0.7473872 0.008474887 
0.00137729 0.314933 0.6819685 0.001721215 
0.006648828 0.3252906 0.6559819 0.01207866 
0.02904138 0.3217268 0.6407066 0.008525294 
0.005377832 0.2559671 0.7309645 0.007690572 
0.006698806 0.3441616 0.6321515 0.01698808 
0.0008429612 0.2778681 0.7200656 0.001223309 
0.0009081769 0.3070103 0.6891357 0.00294576 
0.0002009016 0.3304825 0.6667176 0.002599053 
0.009814273 0.2687522 0.7175868 0.003846722 
0.001952914 0.2652867 0.7177205 0.01503983 
0.004305625 0.3225131 0.6612718 0.01190942 
0.004175928 0.3176959 0.6745093 0.003618898 
0.004662203 0.2573195 0.7373476 0.0006707121 
0.00403892 0.4144582 0.5768376 0.004665264 
0.01204157 0.2598315 0.7177553 0.0103717 
0.01485863 0.2354971 0.749169 0.0004752765 
0.0004338698 0.3789265 0.6182823 0.002357383 
0.00151343 0.27717 0.7113107 0.01000583 
0.008107511 0.2871959 0.6944216 0.01027503 
0.007551396 0.4680559 0.5241331 0.0002595966 
0.003677147 0.2950761 0.7003738 0.0008729856 
0.006965824 0.2598314 0.730512 0.002690707 
0.02288927 0.2458539 0.7163028 0.01495411 
0.001960573 0.2372396 0.746517 0.0142829 
0.003695298 0.2985083 0.6894451 0.008351316 
0.000973175 0.3157037 0.6749159 0.008407217 
0.0144206 0.3365325 0.6419739 0.007072969 
0.002056596 0.3860135 0.6100069 0.001923 
0.0004259051 0.2456912 0.72005 0.03383287 
0.0001995264 0.2440303 0.7549661 0.0008041085 
0.0009259261 0.2659955 0.7327241 0.0003545228 
0.002357986 0.3828481 0.6048735 0.009920481 
0.00722332 0.2247778 0.7660282 0.001970602 
0.0122545 0.3091343 0.6739653 0.004645851 
0.002638258 0.3211075 0.6702734 0.005980868 
0.00108118 0.2811635 0.714958 0.002797255 
0.0001656968 0.2541259 0.7412664 0.004442042 
0.01451269 0.2646757 0.7143232 0.006488377 
0.002748373 0.3395536 0.6575669 0.0001311858 
0.004135419 0.2557134 0.728666 0.01148519 
0.007232418 0.2526436 0.7362215 0.003902459 
0.002649157 0.2696513 0.7265437 0.001155861 
0.005288664 0.338415 0.6518139 0.00448248 
0.01553036 0.3503958 0.6250468 0.009027109 
0.01533062 0.2816917 0.6997033 0.003274383 
0.002555752 0.2781045 0.7114622 0.007877483 
0.004232595 0.3391039 0.6548687 0.001794775 
0.01032093 0.3278394 0.657814 0.004025627 
0.004011183 0.1724637 0.8185068 0.005018372 
0.005306868 0.3554009 0.6389843 0.0003079679 
0.003485699 0.300619 0.6786471 0.01724826 
0.01283873 0.3139572 0.6724623 0.0007417293 
0.0007454156 0.4111017 0.5803757 0.00777723 
0.007084679 0.2695125 0.7227797 0.0006231401 
0.002337723 0.3180086 0.6670666 0.01258701 
0.0001243342 0.290817 0.7085412 0.0005174612 
0.00235912 0.2403867 0.7519712 0.005283007 
0.01398953 0.2538502 0.7269515 0.005208792 
0.02433178 0.2244888 0.7129252 0.03825416 
0.001971755 0.2545337 0.7348955 0.008599064 
0.02573034 0.2507936 0.722789 0.0006870521 
0.02075343 0.2777916 0.6807365 0.02071845 
0.004419901 0.3253369 0.6584978 0.01174538 
0.0048493 0.3039034 0.6855369 0.005710429 
0.002536366 0.2646654 0.7151759 0.0176224 
0.009376848 0.2824298 0.6808793 0.02731407 
0.01458921 0.3777817 0.6054407 0.002188384 
0.01300068 0.2953435 0.6896897 0.001966176 
0.0002276923 0.3626786 0.6308867 0.006206955 
0.000183949 0.3255034 0.6737936 0.0005191077 
0.01449878 0.2076078 0.7680006 0.00989288 
0.007808556 0.2634558 0.7229166 0.005819058 
0.02637519 0.2056047 0.7658143 0.002205749 
0.00127606 0.3143266 0.6695591 0.01483832 
0.01048357 0.2733997 0.6935749 0.02254189 
0.008020641 0.3245649 0.6517962 0.01561819 
0.006064724 0.3801203 0.597685 0.01613001 
0.01355043 0.2814058 0.6994108 0.005632912 
0.00961437 0.2566016 0.7212788 0.01250524 
3.282631e-05 0.2664264 0.7240379 0.009502885 
0.00147263 0.3489638 0.6474795 0.002084121 
0.006392633 0.275953 0.7117729 0.005881446 
0.01108344 0.2416064 0.7369542 0.01035595 
0.005291658 0.2825367 0.6891791 0.02299249 
0.001851778 0.3428924 0.6367053 0.01855052 
0.006260513 0.3120085 0.6711097 0.01062133 
0.0005392116 0.3797445 0.6178862 0.001830093 
0.006028049 0.3389872 0.6462489 0.008735804 
0.005502468 0.4267205 0.5516145 0.01616248 
0.01505068 0.3254025 0.6542381 0.005308794 
0.02437939 0.3554258 0.619239 0.0009557393 
0.0001675953 0.2908284 0.7064523 0.002551643 
0.007729188 0.2862978 0.7040229 0.001950047 
0.01810844 0.321732 0.6585178 0.001641742 
0.00890889 0.2923497 0.6951778 0.00356355 
0.001180248 0.3037047 0.6863316 0.008783516 
0.004795798 0.1978097 0.7966293 0.000765221 
0.003996133 0.3476078 0.6465496 0.001846463 
0.0007848787 0.3818202 0.6108301 0.006564827 
0.0007451987 0.3696206 0.6288504 0.0007837394 
0.006905052 0.3238244 0.668009 0.001261605 
0.003080101 0.2696355 0.7190303 0.008254149 
0.01033351 0.3218161 0.6655931 0.002257252 
0.01016451 0.2842599 0.7053889 0.0001867394 
0.004673685 0.2925757 0.6892562 0.0134944 
0.01071842 0.2351163 0.740914 0.01325125 
0.0007233765 0.3186143 0.6742706 0.006391669 
0.008594301 0.3697681 0.6211082 0.0005293236 
0.003151239 0.2705014 0.7184808 0.007866572 
0.008193697 0.2499001 0.7388225 0.003083686 
0.003543411 0.2419859 0.7494456 0.005025125 
0.002169702 0.2973822 0.699477 0.0009710852 
0.000610301 0.2252043 0.7728354 0.001349958 
0.005686265 0.3704362 0.6191213 0.004756204 
0.01664718 0.2803784 0.7008645 0.002109908 
0.01196072 0.3129736 0.6686708 0.006394881 
0.0005214216 0.3083342 0.6745825 0.01656189 
0.00395441 0.2996875 0.6892117 0.00714643 
0.006764966 0.2655669 0.7206456 0.007022498 
0.00132165 0.2592378 0.7340274 0.005413076 
0.01594758 0.4193014 0.5614167 0.003334315 
0.001593276 0.3111159 0.67049 0.01680082 
0.002819814 0.3136101 0.6715434 0.0120267 
0.004399107 0.252498 0.7313423 0.01176065 
0.002387956 0.3738005 0.6180133 0.005798208 
0.0004737112 0.2529286 0.741479 0.005118739 
0.002591719 0.2950113 0.6988721 0.003524801 
0.003000711 0.2464494 0.7476989 0.002851081 
0.009850705 0.3010807 0.6789116 0.01015707 
0.007352058 0.2903791 0.6890101 0.01325883 
0.0004173031 0.2273152 0.7676846 0.004582874 
0.002654189 0.2865701 0.7040691 0.006706655 
0.006683264 0.3421154 0.6507994 0.0004019142 
0.02993355 0.2954778 0.6700244 0.004564245 
0.0005907127 0.3253556 0.6724586 0.001595088 
0.01115668 0.2029394 0.7829495 0.002954402 
0.004048212 0.3027696 0.6930586 0.0001235774 
0.0008562323 0.2793404 0.7192882 0.0005151318 
0.010598 0.440092 0.5470527 0.002257291 
0.02778879 0.3134067 0.6298943 0.02891023 
0.01024209 0.367837 0.6187446 0.00317627 
0.009317013 0.2936345 0.6892221 0.007826365 
0.001968309 0.3088078 0.682019 0.00720487 
0.00632019 0.3160078 0.6744485 0.00322349 
0.002021139 0.2365935 0.7612853 9.999212e-05 
0.009860227 0.1697237 0.8174586 0.002957532 
0.01946592 0.2895534 0.6868151 0.004165638 
0.01303588 0.3224556 0.6447918 0.01971674 
0.003456512 0.2231558 0.7722176 0.001170108 
0.0001883706 0.2875893 0.7108945 0.001327798 
0.01498595 0.3176872 0.662822 0.004504787 
0.000939599 0.3087967 0.6845939 0.005669788 
0.005597561 0.2269273 0.76601 0.001465112 
0.0009293634 0.3879638 0.6008217 0.01028519 
0.007463242 0.2974356 0.6939743 0.001126771 
0.02201726 0.2530594 0.7237417 0.001181678 
0.009432136 0.2985267 0.6909594 0.001081751 
0.005749582 0.229141 0.7579908 0.00711858 
0.007741525 0.2731193 0.7190316 0.0001075982 
0.000477138 0.2975046 0.699238 0.002780255 
0.01870959 0.2352401 0.7452369 0.0008133864 
0.001629005 0.3655295 0.6315568 0.001284698 
0.001638041 0.177413 0.8119255 0.009023411 
0.000160148 0.3089915 0.6869742 0.003874161 
0.0139884 0.2513452 0.7266065 0.0080599 
0.01998727 0.309476 0.670064 0.0004727913 
0.02305504 0.4130266 0.5608651 0.003053199 
0.005390582 0.3247189 0.665138 0.004752541 
0.003461204 0.3444364 0.6482696 0.003832775 
0.003586903 0.3930894 0.5975452 0.005778474 
0.01941162 0.3776648 0.6016231 0.001300476 
0.004265093 0.2860256 0.7031016 0.006607764 
0.00565726 0.2442048 0.7483655 0.001772435 
0.003078972 0.3707393 0.6164497 0.009732069 
0.002508979 0.290644 0.7054632 0.001383764 
0.005413356 0.4933839 0.4895247 0.01167809 
0.003529199 0.344235 0.6512861 0.0009496525 
0.001185245 0.2199398 0.7646756 0.0141993 
0.00373726 0.3295211 0.6598441 0.006897501 
0.01112871 0.235444 0.748333 0.005094339 
0.003210438 0.2903381 0.7003454 0.006106076 
0.006046563 0.308204 0.6812068 0.004542658 
0.006476144 0.3263127 0.663063 0.004148214 
7.032436e-05 0.3102521 0.6891678 0.000509755 
0.001711248 0.4072634 0.5908812 0.0001440955 
0.01965506 0.2704155 0.7088544 0.001074998 
0.001672519 0.3281971 0.6468288 0.02330162 
0.003577946 0.2517181 0.7442832 0.0004207251 
0.00157927 0.2682741 0.7263353 0.003811371 
0.004826661 0.3385312 0.6504068 0.006235325 
0.004788186 0.3724008 0.6193429 0.003468106 
0.005182236 0.2440845 0.7503749 0.0003584283 
0.008003855 0.3423908 0.6287513 0.02085396 
0.005177808 0.2983585 0.6918667 0.004596912 
0.00406422 0.2391277 0.7508835 0.005924537 
0.02574301 0.2471384 0.7212997 0.005818858 
0.008095294 0.3663765 0.6234162 0.002112022 
0.002525456 0.4333273 0.5641425 4.761026e-06 
