"p_1" "p_2" "p_3"
0.3459063 0.2714459 0.3826477
0.3174364 0.2903943 0.3921693
0.3184668 0.2757696 0.4057636
0.3236782 0.2833148 0.393007
0.3203962 0.2961067 0.383497
0.337996 0.275619 0.386385
0.3093507 0.2907777 0.3998716
0.3127688 0.2786307 0.4086005
0.2872508 0.3030584 0.4096908
0.2963141 0.3016212 0.4020646
0.3130194 0.2784559 0.4085247
0.326689 0.2774521 0.3958589
0.3430792 0.325763 0.3311578
0.3163638 0.2975878 0.3860484
0.3014656 0.2898451 0.4086893
0.3140859 0.3156377 0.3702764
0.3062314 0.2829609 0.4108077
0.2964646 0.3274555 0.3760799
0.3007244 0.3034485 0.3958272
0.3129086 0.286926 0.4001654
0.3184952 0.2898495 0.3916553
0.3296069 0.2919195 0.3784736
0.2842558 0.2979039 0.4178403
0.3067503 0.3118476 0.3814021
0.3408914 0.2762649 0.3828438
0.3000658 0.2939091 0.4060251
0.3209539 0.2970429 0.3820031
0.3064365 0.2997803 0.3937832
0.2984725 0.3002701 0.4012574
0.3175735 0.2889919 0.3934347
0.3145734 0.2945006 0.390926
0.3129179 0.2747439 0.4123382
0.3213541 0.2879082 0.3907377
0.3243897 0.2924817 0.3831286
0.3176088 0.2944056 0.3879855
0.3165374 0.2975449 0.3859177
0.3105728 0.282634 0.4067931
0.3214026 0.3007555 0.3778419
0.3042454 0.2898993 0.4058554
0.3185844 0.2992248 0.3821908
0.3450829 0.3003998 0.3545174
0.3102639 0.2885034 0.4012328
0.2863032 0.3084238 0.405273
0.2943489 0.2962779 0.4093732
0.2888416 0.293653 0.4175054
0.3010772 0.2885307 0.4103921
0.3267309 0.2964653 0.3768038
0.3297889 0.2724252 0.3977859
0.3195858 0.2979515 0.3824627
0.3169278 0.2965936 0.3864785
0.314165 0.2898355 0.3959995
0.3247357 0.2963747 0.3788897
0.3066841 0.2842036 0.4091124
0.3180261 0.3127291 0.3692448
0.3272018 0.2792207 0.3935775
0.3367959 0.2758801 0.3873241
0.2663537 0.3202877 0.4133585
0.3133941 0.2924842 0.3941216
0.3256884 0.308612 0.3656996
0.3102306 0.3069126 0.3828568
0.3169598 0.3011046 0.3819356
0.3108708 0.2940995 0.3950298
0.3124681 0.2942386 0.3932933
0.3086407 0.3292204 0.3621389
0.3160734 0.310552 0.3733746
0.3188994 0.2986653 0.3824353
0.3071274 0.3100823 0.3827902
0.3201652 0.293292 0.3865427
0.311355 0.2923029 0.3963421
0.3293365 0.2708635 0.3998001
0.2835034 0.3201741 0.3963225
0.3156778 0.3267602 0.357562
0.3106265 0.2920878 0.3972857
0.2991394 0.3088805 0.3919801
0.2996274 0.3076297 0.3927429
0.3016971 0.2960046 0.4022982
0.3025303 0.2745011 0.4229686
0.3186692 0.2639704 0.4173604
0.326437 0.2896777 0.3838853
0.3200269 0.2907221 0.3892509
0.3534513 0.277091 0.3694577
0.3076757 0.3169415 0.3753828
0.3098159 0.3106179 0.3795662
0.2923859 0.3056104 0.4020037
0.3025471 0.2905626 0.4068903
0.3175258 0.2972865 0.3851877
0.3205234 0.2888982 0.3905784
0.3420197 0.2942339 0.3637464
0.3178233 0.2952537 0.386923
0.3192223 0.3088299 0.3719478
0.3005001 0.3036172 0.3958827
0.3065522 0.2939054 0.3995424
0.3136829 0.3069493 0.3793678
0.3133368 0.300478 0.3861852
0.3124623 0.3026639 0.3848738
0.3190109 0.3060545 0.3749345
0.3189628 0.2808691 0.4001681
0.3076141 0.2794006 0.4129853
0.3222642 0.296707 0.3810287
0.3133843 0.3000007 0.3866149
0.3105253 0.298238 0.3912367
0.2956839 0.3066858 0.3976303
0.3109268 0.2911857 0.3978875
0.3298743 0.2877253 0.3824004
0.3292976 0.3097295 0.360973
0.2780681 0.3059869 0.4159451
0.310597 0.2983081 0.3910949
0.3192483 0.2784507 0.4023009
0.2906815 0.3096677 0.3996508
0.3068827 0.314139 0.3789783
0.3141597 0.2869883 0.398852
0.3194348 0.3052989 0.3752663
0.3092112 0.3072726 0.3835162
0.3060869 0.3097083 0.3842048
0.2828665 0.2879349 0.4291986
0.310235 0.2933154 0.3964496
0.321503 0.3035101 0.3749869
0.321018 0.2907731 0.3882089
0.3160919 0.2718165 0.4120916
0.314654 0.2929 0.3924461
0.3426693 0.3015942 0.3557365
0.3000576 0.2992288 0.4007135
0.2955455 0.2910695 0.413385
0.3107576 0.2947196 0.3945228
0.2888311 0.3135658 0.3976031
0.3280106 0.2744508 0.3975386
0.3155336 0.3021249 0.3823414
0.3035168 0.3127069 0.3837763
0.2983027 0.3100081 0.3916892
0.31527 0.2906719 0.3940581
0.3123859 0.2916685 0.3959456
0.3163147 0.2888694 0.3948159
0.3142182 0.2987143 0.3870675
0.3111834 0.2848106 0.404006
0.3176013 0.3037433 0.3786555
0.3139183 0.2873215 0.3987601
0.2840274 0.2935751 0.4223975
0.3008159 0.2942586 0.4049254
0.2933899 0.3168406 0.3897695
0.3060972 0.2951525 0.3987502
0.3126467 0.315911 0.3714422
0.3115637 0.304928 0.3835083
0.327902 0.2714255 0.4006725
0.281303 0.2937646 0.4249324
0.3263831 0.2875602 0.3860567
0.29631 0.3100722 0.3936178
0.3202199 0.3089638 0.3708163
0.3117829 0.3027553 0.3854618
0.3088021 0.3021436 0.3890542
0.3093359 0.2998415 0.3908226
0.3041067 0.3130899 0.3828034
0.3197458 0.3087591 0.3714951
0.2922428 0.2833512 0.424406
0.3136157 0.2955515 0.3908328
0.3203204 0.2887369 0.3909427
0.3395367 0.2895071 0.3709562
0.3175438 0.2797882 0.402668
0.3131081 0.2958904 0.3910016
0.3008875 0.2994179 0.3996946
0.3193661 0.3108156 0.3698183
0.3019057 0.2829972 0.415097
0.3113708 0.2848717 0.4037575
0.3289587 0.2917669 0.3792743
0.3028882 0.3041159 0.3929959
0.3101804 0.2842141 0.4056055
0.3018358 0.3035372 0.394627
0.3136439 0.274633 0.4117231
0.2867007 0.3072671 0.4060322
0.3115016 0.3263535 0.3621449
0.3354219 0.2834169 0.3811613
0.3131941 0.3297252 0.3570807
0.3004986 0.3032666 0.3962348
0.3067824 0.312703 0.3805146
0.334478 0.2836626 0.3818594
0.3105191 0.3042295 0.3852514
0.3100525 0.3020431 0.3879044
0.3040965 0.3111147 0.3847888
0.3005168 0.3039628 0.3955204
0.2981131 0.2890691 0.4128179
0.3345155 0.2833756 0.3821089
0.3222877 0.2734259 0.4042864
0.3228795 0.2625728 0.4145477
0.3279324 0.2781806 0.393887
0.3427841 0.280237 0.3769789
0.2962917 0.3201258 0.3835825
0.3309332 0.2918154 0.3772515
0.3340179 0.253082 0.4129001
0.2986469 0.308576 0.392777
0.3125984 0.3108584 0.3765432
0.2917713 0.3068015 0.4014272
0.3005291 0.2966204 0.4028505
0.2990491 0.2944204 0.4065304
0.3283116 0.2856991 0.3859893
0.2936908 0.3060753 0.400234
0.3192155 0.3055107 0.3752739
0.3304451 0.3045116 0.3650433
0.3236382 0.2821013 0.3942605
0.2855836 0.3164263 0.3979902
0.3243353 0.3142718 0.3613929
0.3124099 0.2906689 0.3969212
0.31831 0.3164325 0.3652575
0.3083944 0.3093175 0.3822881
0.2822564 0.326534 0.3912097
0.2934961 0.3016082 0.4048957
0.300786 0.3075286 0.3916854
0.3309531 0.287707 0.3813399
0.3229096 0.2932968 0.3837936
0.310638 0.2779677 0.4113944
0.3326328 0.3093949 0.3579723
0.3134419 0.2998857 0.3866724
0.3073239 0.2980568 0.3946193
0.294761 0.2874128 0.4178262
0.2788012 0.2992109 0.4219879
0.3082531 0.2787541 0.4129928
0.3176084 0.282845 0.3995466
0.3254026 0.2927849 0.3818124
0.3053179 0.2973604 0.3973217
0.3058757 0.3282173 0.365907
0.2824651 0.3018745 0.4156604
0.3138475 0.2837965 0.4023559
0.2927409 0.3005593 0.4066997
0.2959981 0.3037695 0.4002323
0.3062166 0.2776894 0.416094
0.3113406 0.2810373 0.4076221
0.3046002 0.2972052 0.3981946
0.3286293 0.292387 0.3789837
0.3031606 0.2960547 0.4007847
0.2904034 0.2931726 0.416424
0.3071176 0.3066479 0.3862345
0.2910919 0.3036589 0.4052493
0.3519299 0.2966216 0.3514485
0.3289782 0.2828114 0.3882104
0.3225826 0.2643489 0.4130685
0.326015 0.2912398 0.3827452
0.2925717 0.2998692 0.4075591
0.3049238 0.3072598 0.3878165
0.2970235 0.3080145 0.394962
0.3372646 0.2930284 0.3697069
0.3266743 0.2841133 0.3892124
0.3018215 0.2832885 0.4148901
0.3066114 0.2985978 0.3947908
0.3174754 0.2889124 0.3936122
0.3252954 0.2840517 0.3906529
0.3365137 0.2862585 0.3772279
0.3074524 0.2999823 0.3925653
0.3103624 0.2980682 0.3915694
0.2943255 0.3129109 0.3927636
0.2681853 0.3054399 0.4263748
0.3048611 0.3151766 0.3799623
0.3047076 0.2983801 0.3969123
0.3107216 0.2900521 0.3992262
0.31585 0.3041955 0.3799544
0.3088576 0.2940953 0.3970471
0.3031324 0.3051599 0.3917076
0.3196747 0.2932181 0.3871072
0.3301148 0.2884924 0.3813928
0.3135348 0.2840449 0.4024202
0.3235066 0.2945267 0.3819668
0.3024526 0.3291759 0.3683715
0.3313655 0.305257 0.3633775
0.3253938 0.3085704 0.3660359
0.3077672 0.2993025 0.3929303
0.3017269 0.2918015 0.4064716
0.3106847 0.2956179 0.3936973
0.2906698 0.3399152 0.3694151
0.3303683 0.3099439 0.3596878
0.2897796 0.3112094 0.399011
0.3234367 0.2735901 0.4029732
0.3001436 0.3060119 0.3938444
0.3056136 0.3056997 0.3886867
0.307368 0.2818447 0.4107873
0.3114831 0.313714 0.3748029
0.2758022 0.3002003 0.4239975
0.3291836 0.2823233 0.3884931
0.323471 0.2958539 0.3806751
0.3051438 0.2990322 0.3958239
0.3110944 0.2946528 0.3942528
0.2863325 0.3209915 0.392676
0.2921483 0.2909157 0.416936
0.2972056 0.3032065 0.3995879
0.2975195 0.2715429 0.4309376
0.3271394 0.2782589 0.3946016
0.3284351 0.2835091 0.3880558
0.3238984 0.3012476 0.374854
0.3155682 0.2826341 0.4017978
0.2911525 0.3123196 0.396528
0.3196119 0.2835004 0.3968877
0.3222879 0.2919998 0.3857123
0.3092692 0.3106557 0.3800751
0.3096793 0.2787297 0.411591
0.3277469 0.3022633 0.3699898
0.3088352 0.3030374 0.3881274
0.3102133 0.3210235 0.3687632
0.3014806 0.3140093 0.3845101
0.3026539 0.2821082 0.4152379
0.325944 0.2753725 0.3986835
0.3018366 0.2926281 0.4055353
0.2941141 0.3003472 0.4055387
0.3137302 0.2871288 0.3991411
0.2987232 0.3220257 0.3792511
0.3129975 0.3071542 0.3798483
0.3199524 0.3147781 0.3652695
0.3157544 0.2902848 0.3939608
0.3304706 0.286483 0.3830465
0.3104988 0.2885068 0.4009944
0.3294199 0.2707589 0.3998213
0.3268695 0.2781813 0.3949492
0.3151764 0.2943551 0.3904684
0.3315854 0.2929388 0.3754758
0.2833184 0.3124484 0.4042332
0.3052442 0.3109033 0.3838525
0.3100209 0.2728138 0.4171653
0.2948309 0.2879087 0.4172605
0.3253971 0.291567 0.3830359
0.3126321 0.2908573 0.3965106
0.3214868 0.2931624 0.3853508
0.303758 0.2842127 0.4120292
0.3129946 0.2716993 0.4153061
0.3055561 0.2977404 0.3967035
0.2905347 0.3144145 0.3950508
0.3021483 0.3058967 0.391955
0.3045751 0.2948815 0.4005434
0.3220275 0.3015627 0.3764098
0.2873282 0.3027844 0.4098873
0.2935219 0.306407 0.4000711
0.2831537 0.3149271 0.4019192
0.3208074 0.2732191 0.4059735
0.3200808 0.292511 0.3874081
0.304573 0.296315 0.399112
0.3028906 0.329268 0.3678414
0.3218933 0.319052 0.3590548
0.3185273 0.2778412 0.4036315
0.2979106 0.3164517 0.3856377
0.3276661 0.2876818 0.3846521
0.3042767 0.3016313 0.394092
0.3089215 0.3142784 0.3768
0.2972368 0.2840301 0.4187331
0.3063421 0.2988428 0.3948151
0.2997568 0.2910743 0.4091689
0.3046468 0.2882011 0.4071521
0.3021315 0.3146911 0.3831774
0.324113 0.2894212 0.3864658
0.3035698 0.2883542 0.4080761
0.3188712 0.3051998 0.375929
0.3149506 0.324327 0.3607224
0.3367834 0.2819409 0.3812758
0.3289172 0.2793426 0.3917402
0.3062251 0.3293201 0.3644548
0.3029449 0.282982 0.4140731
0.3150581 0.3058864 0.3790555
0.3062614 0.299632 0.3941066
0.3430973 0.27145 0.3854527
0.3172709 0.2991743 0.3835548
0.3235048 0.317425 0.3590702
0.3185165 0.3122337 0.3692499
0.3305766 0.2883732 0.3810503
0.3064485 0.3210401 0.3725115
0.3101401 0.3147238 0.3751361
0.3092663 0.3168717 0.3738619
0.3186166 0.2953717 0.3860117
0.3018562 0.3226424 0.3755014
0.3069748 0.3055727 0.3874525
0.3131884 0.3079553 0.3788563
0.3446676 0.2959521 0.3593803
0.3139893 0.2892142 0.3967965
0.3219981 0.2932233 0.3847786
0.2960839 0.3009239 0.4029922
0.3340611 0.3139302 0.3520087
0.3528018 0.2780821 0.3691161
0.2979378 0.3112042 0.3908579
0.3169717 0.277378 0.4056503
0.3382509 0.2956216 0.3661275
0.3014765 0.311797 0.3867265
0.3165529 0.2741181 0.409329
0.3056489 0.3152833 0.3790678
0.3241809 0.2955584 0.3802606
0.3115244 0.2940369 0.3944387
0.315319 0.3049804 0.3797005
0.3043291 0.3168548 0.3788161
0.3183911 0.2994228 0.3821861
0.3216907 0.285633 0.3926763
0.3432816 0.3087843 0.347934
0.2953132 0.3222238 0.382463
0.3149741 0.2871441 0.3978818
0.3161933 0.291212 0.3925948
0.293941 0.3311182 0.3749408
0.3052305 0.3025218 0.3922477
0.3309058 0.3180653 0.3510289
0.3115723 0.3246845 0.3637432
0.3126238 0.2967373 0.3906389
0.3273134 0.2805974 0.3920892
0.3264982 0.2801529 0.3933489
0.3049536 0.2862502 0.4087962
0.3090904 0.2930382 0.3978714
0.3040746 0.3070138 0.3889116
0.3116493 0.3002887 0.388062
0.2972162 0.3033996 0.3993842
0.3146186 0.2664814 0.4189
0.3095646 0.311385 0.3790504
0.2958826 0.3008021 0.4033153
0.3059153 0.2985225 0.3955621
0.308696 0.2931036 0.3982004
0.3225908 0.2890491 0.3883601
0.2948546 0.3514021 0.3537434
0.3084265 0.2881176 0.4034559
0.3150876 0.2991493 0.385763
0.3143023 0.2897261 0.3959716
0.3307874 0.2766542 0.3925584
0.3152451 0.3063438 0.3784111
0.3063851 0.2800148 0.4136
0.2961047 0.2776979 0.4261974
0.322798 0.282515 0.394687
0.28809 0.2817168 0.4301932
0.3124665 0.309679 0.3778544
0.3037825 0.3017359 0.3944816
0.3135883 0.2839654 0.4024463
0.3002032 0.3022095 0.3975873
0.3086505 0.309646 0.3817035
0.3305363 0.2751975 0.3942662
0.3019534 0.313657 0.3843896
0.3163218 0.304839 0.3788392
0.333923 0.2722074 0.3938697
0.3130691 0.297748 0.389183
0.2964743 0.3137291 0.3897965
0.2973846 0.3136219 0.3889934
0.328405 0.2743775 0.3972175
0.3157223 0.3198777 0.3644
0.295926 0.3058902 0.3981839
0.3222027 0.2801062 0.3976911
0.2953645 0.2973015 0.407334
0.3397236 0.2790008 0.3812756
0.3178346 0.2833599 0.3988055
0.3250184 0.2711266 0.403855
0.3243853 0.3027997 0.372815
0.3013747 0.3111801 0.3874452
0.3342632 0.2824913 0.3832454
0.3012842 0.3268329 0.3718829
0.3183617 0.3014379 0.3802005
0.2989192 0.3193565 0.3817243
0.3178759 0.2872017 0.3949223
0.3144096 0.3193779 0.3662125
0.3163203 0.2900157 0.393664
0.3049253 0.2833985 0.4116762
0.3070151 0.3031022 0.3898828
0.2923105 0.3198321 0.3878573
0.3109543 0.2958901 0.3931556
0.3094974 0.3158549 0.3746477
0.2866478 0.2946074 0.4187448
0.3181709 0.2933382 0.3884909
0.2974378 0.3007315 0.4018307
0.32396 0.3058375 0.3702024
0.3145218 0.2790497 0.4064285
0.3193839 0.2950906 0.3855255
0.3250701 0.2867116 0.3882183
0.2967992 0.3014556 0.4017452
0.3108139 0.2689276 0.4202585
0.2944069 0.3055677 0.4000254
0.3175401 0.3123692 0.3700907
0.3145056 0.2996894 0.3858051
0.2981157 0.2996439 0.4022404
0.2879501 0.2989095 0.4131404
0.2994451 0.3095574 0.3909975
0.2838821 0.3223636 0.3937544
0.3025503 0.3110016 0.3864482
0.3151414 0.2855905 0.3992681
0.3046961 0.2987593 0.3965446
0.3359091 0.2622093 0.4018817
0.3152375 0.302072 0.3826905
0.3346811 0.2950715 0.3702475
0.2930074 0.3101548 0.3968379
0.329753 0.2866974 0.3835495
0.314427 0.2792962 0.4062768
0.3349687 0.2933315 0.3716998
0.2994215 0.3160698 0.3845088
0.2867864 0.2811744 0.4320392
0.332494 0.282307 0.3851991
0.289772 0.3043264 0.4059016
0.2908567 0.3185152 0.3906281
0.3074707 0.3130766 0.3794527
0.3485634 0.2857825 0.3656541
0.266124 0.2950389 0.4388371
0.2932934 0.3061738 0.4005327
0.3140021 0.2924523 0.3935456
0.3093965 0.2881958 0.4024076
0.2948277 0.2986746 0.4064977
0.3264774 0.3055953 0.3679273
0.3246066 0.2825706 0.3928228
0.3011701 0.3223657 0.3764641
0.3207769 0.2960953 0.3831278
0.3225782 0.3043671 0.3730546
0.324098 0.2936387 0.3822633
0.3084264 0.2992633 0.3923102
0.3111312 0.2974128 0.391456
0.3133304 0.2969922 0.3896774
0.3282243 0.2965325 0.3752433
0.2900148 0.2951912 0.4147939
0.2968244 0.3105693 0.3926064
0.3043854 0.324353 0.3712616
0.3327479 0.2736186 0.3936335
0.2867844 0.303555 0.4096606
0.3165493 0.2902696 0.393181
0.3256373 0.293922 0.3804407
0.3229313 0.2904365 0.3866322
0.303041 0.3143965 0.3825624
0.3376538 0.2992984 0.3630478
0.3141164 0.2771383 0.4087453
0.3312849 0.275117 0.393598
0.3251626 0.2889791 0.3858582
0.3159906 0.3062769 0.3777325
0.31784 0.3023792 0.3797808
0.3005328 0.3044206 0.3950467
0.3274627 0.3051525 0.3673849
0.3178606 0.3153124 0.366827
0.3077862 0.2894267 0.4027871
0.2949734 0.2820089 0.4230177
0.325168 0.3089257 0.3659062
0.2979019 0.3116102 0.3904879
0.3011428 0.2948228 0.4040343
0.3267129 0.2863895 0.3868977
0.3075514 0.287651 0.4047976
0.3262829 0.2882436 0.3854735
0.3058303 0.3088224 0.3853473
0.3358075 0.279638 0.3845545
0.2798227 0.3110202 0.4091571
0.3120889 0.2732097 0.4147014
0.2826177 0.3049467 0.4124356
0.2993938 0.2922086 0.4083976
0.290285 0.3270333 0.3826817
0.3331635 0.2843205 0.382516
0.2979176 0.2667229 0.4353595
0.3205148 0.3234711 0.3560141
0.2767094 0.3147601 0.4085305
0.3216514 0.2954187 0.3829299
0.320676 0.2847193 0.3946048
0.2886265 0.3129348 0.3984387
0.307834 0.2798131 0.4123528
0.2930255 0.3199786 0.3869959
0.3218793 0.2632347 0.414886
0.341962 0.2661056 0.3919324
0.3049966 0.2875129 0.4074905
0.3089825 0.2690187 0.4219989
0.3301392 0.2928361 0.3770246
0.2995361 0.2884494 0.4120145
0.3336848 0.2832737 0.3830415
0.2985126 0.3027435 0.3987439
0.297941 0.3011639 0.400895
0.309206 0.3092663 0.3815277
0.2952373 0.3239861 0.3807765
0.2938574 0.3042883 0.4018542
0.2943028 0.302749 0.4029482
0.3153898 0.3043925 0.3802176
0.3317455 0.2812615 0.386993
0.2858777 0.3192017 0.3949206
0.309201 0.2964485 0.3943505
0.327247 0.28545 0.387303
0.3323104 0.2949437 0.3727459
0.3229424 0.2686336 0.408424
0.3142817 0.2832164 0.4025019
0.3063019 0.3073167 0.3863814
0.2879424 0.3118874 0.4001702
0.3187038 0.3034682 0.377828
0.2890355 0.3187379 0.3922266
0.3213815 0.2909454 0.3876731
0.3104801 0.2937126 0.3958073
0.3130949 0.2811698 0.4057353
0.2925434 0.3153917 0.3920649
0.3113497 0.2843839 0.4042664
0.3231236 0.2993216 0.3775548
0.3295809 0.2890556 0.3813635
0.3129968 0.3035885 0.3834147
0.2949689 0.290976 0.414055
0.3002192 0.2958761 0.4039046
0.2944175 0.303274 0.4023086
0.3213058 0.298342 0.3803522
0.3289533 0.2857483 0.3852984
0.2983072 0.3086636 0.3930293
0.3076868 0.295315 0.3969982
0.2871237 0.3265429 0.3863334
0.3357693 0.2926763 0.3715545
0.2996979 0.2941398 0.4061623
0.3019686 0.3125271 0.3855044
0.3001567 0.3105281 0.3893152
0.2936894 0.3081418 0.3981688
0.3084831 0.2799541 0.4115627
0.2958872 0.2859929 0.4181198
0.3234712 0.2976777 0.3788512
0.3174541 0.2972705 0.3852754
0.3291341 0.2757916 0.3950743
0.3302541 0.2952329 0.374513
0.3386127 0.2871563 0.374231
0.3217304 0.3004965 0.3777731
0.3011666 0.2942745 0.4045589
0.2988719 0.285389 0.4157391
0.3041695 0.2820257 0.4138048
0.3108045 0.2791495 0.410046
0.3200173 0.3133216 0.366661
0.3138692 0.3206462 0.3654846
0.3099902 0.2784446 0.4115653
0.3040671 0.2996761 0.3962568
0.3347033 0.2741778 0.3911189
0.3277452 0.2668501 0.4054047
0.3107041 0.2962854 0.3930104
0.3005562 0.2910577 0.4083861
0.3233754 0.2913444 0.3852802
0.3012379 0.2911194 0.4076427
0.3272238 0.2796506 0.3931256
0.3209699 0.3001891 0.378841
0.3227688 0.2843603 0.392871
0.3268329 0.2666258 0.4065413
0.3051026 0.3006503 0.3942471
0.3180456 0.3092436 0.3727109
0.301344 0.3000248 0.3986312
0.2935299 0.2914414 0.4150287
0.3022149 0.2996576 0.3981275
0.3031615 0.2954213 0.4014172
0.3073135 0.2872639 0.4054226
0.3041677 0.336032 0.3598004
0.305517 0.2994728 0.3950102
0.303296 0.3077938 0.3889103
0.3313828 0.3258783 0.3427389
0.3078923 0.3062608 0.3858469
0.3274638 0.2899946 0.3825416
0.3242283 0.3024705 0.3733013
0.3439561 0.2784644 0.3775796
0.3175909 0.3091147 0.3732944
0.2921657 0.2946754 0.4131589
0.3072007 0.2964077 0.3963916
0.3216388 0.2839284 0.3944328
0.3176483 0.2948003 0.3875514
0.2964228 0.3071545 0.3964228
0.3091388 0.256977 0.4338842
0.3084613 0.2852613 0.4062774
0.3271885 0.311993 0.3608184
0.2989693 0.3099796 0.3910511
0.3045541 0.3190643 0.3763816
0.3365993 0.282081 0.3813198
0.2930156 0.3186513 0.3883331
0.2992141 0.3002602 0.4005257
0.3280957 0.2716482 0.4002561
0.3097857 0.2979496 0.3922647
0.2941987 0.310323 0.3954783
0.2922861 0.2938678 0.4138462
0.3108817 0.3072358 0.3818826
0.3046404 0.2791846 0.416175
0.3167305 0.2994211 0.3838484
0.3410669 0.2548218 0.4041114
0.3478654 0.2607567 0.3913779
0.311198 0.3010762 0.3877258
0.2930081 0.298508 0.4084839
0.3274179 0.2798017 0.3927804
0.3141565 0.3148195 0.371024
0.2978487 0.3251629 0.3769884
0.3200633 0.2871981 0.3927386
0.319181 0.2995949 0.3812241
0.3189039 0.3020545 0.3790417
0.2989039 0.3240651 0.3770309
0.2942324 0.2964188 0.4093488
0.2831961 0.3054853 0.4113186
0.3060272 0.2820138 0.4119591
0.3200624 0.2906891 0.3892485
0.3114889 0.2693814 0.4191296
0.3243883 0.2956319 0.3799798
0.3221081 0.2768311 0.4010608
0.3287513 0.3071187 0.3641299
0.3029748 0.2703709 0.4266544
0.3228887 0.2862062 0.3909051
0.3126862 0.2947742 0.3925396
0.288847 0.3207398 0.3904132
0.3209554 0.2873526 0.3916921
0.3256264 0.3079915 0.3663821
0.3048422 0.3106446 0.3845133
0.3053614 0.300652 0.3939866
0.3162679 0.2756372 0.4080949
0.3061583 0.2929502 0.4008915
0.3093632 0.2878758 0.402761
0.3282434 0.2832854 0.3884712
0.3216874 0.2821671 0.3961454
0.3277799 0.2895808 0.3826393
0.3200513 0.309604 0.3703447
0.3095522 0.2869253 0.4035226
0.3000845 0.3123973 0.3875182
0.3227978 0.3046995 0.3725027
0.295414 0.2921577 0.4124283
0.3139985 0.2843121 0.4016894
0.3097328 0.3067003 0.3835669
0.2872643 0.2912528 0.4214829
0.3075774 0.2686153 0.4238073
0.2907902 0.298079 0.4111309
0.3132564 0.3096418 0.3771017
0.2932105 0.2749957 0.4317938
0.3166379 0.2923786 0.3909835
0.2891271 0.3033311 0.4075418
0.298837 0.308409 0.392754
0.3142443 0.3090285 0.3767272
0.3089456 0.3071331 0.3839213
0.2901965 0.2951896 0.4146139
0.3171532 0.2809512 0.4018956
0.3237467 0.2700047 0.4062486
0.3216736 0.2754251 0.4029013
0.3391937 0.2829642 0.377842
0.307994 0.2830982 0.4089078
0.3210145 0.2900635 0.388922
0.2987229 0.3081259 0.3931512
0.3019192 0.3132212 0.3848596
0.300266 0.2963654 0.4033686
0.3132902 0.3048086 0.3819012
0.3226141 0.2848432 0.3925427
0.3162167 0.2569046 0.4268786
0.2988216 0.2991968 0.4019816
0.3098976 0.2995539 0.3905485
0.3358328 0.2872542 0.376913
0.330966 0.302684 0.36635
0.2886635 0.3155125 0.3958241
0.3173063 0.2863532 0.3963405
0.302534 0.2814256 0.4160404
0.297162 0.3043867 0.3984514
0.309167 0.2975967 0.3932362
0.3108791 0.3126738 0.3764471
0.3090999 0.2929499 0.3979502
0.3215151 0.2881672 0.3903177
0.3228665 0.2994098 0.3777237
0.2966692 0.313304 0.3900268
0.3251051 0.2769023 0.3979926
0.299375 0.3132251 0.3873999
0.3193176 0.2979186 0.3827639
0.3273959 0.2721882 0.4004159
0.2995225 0.2785427 0.4219348
0.3222901 0.2849234 0.3927864
0.3262362 0.281006 0.3927578
0.3086917 0.299635 0.3916733
0.3130225 0.3158052 0.3711723
0.3116415 0.2810421 0.4073164
0.2985029 0.3195202 0.3819768
0.2922761 0.2765325 0.4311914
0.2872945 0.3233133 0.3893923
0.3026367 0.2975188 0.3998445
0.3303194 0.2913591 0.3783215
0.3259128 0.2967407 0.3773465
0.2751525 0.3109697 0.4138778
0.3205676 0.2914794 0.3879529
0.2833027 0.3109195 0.4057777
0.3225749 0.3052799 0.3721452
0.2945221 0.3012668 0.4042111
0.2951257 0.3295826 0.3752917
0.3072024 0.2667516 0.426046
0.3175941 0.2905457 0.3918602
0.3075032 0.2993087 0.3931881
0.3625783 0.3060137 0.3314079
0.3264386 0.262764 0.4107975
0.3144714 0.2749949 0.4105337
0.3079786 0.3095533 0.3824681
0.3200926 0.2987673 0.3811401
0.3059956 0.2843796 0.4096247
0.3176479 0.2992218 0.3831303
0.3064917 0.296737 0.3967713
0.2973355 0.2982404 0.4044241
0.3006985 0.3019825 0.397319
0.3059652 0.2870444 0.4069904
0.3266596 0.2810283 0.3923122
0.3375956 0.2913673 0.3710371
0.3218509 0.2876584 0.3904907
0.307316 0.2818603 0.4108237
0.315552 0.2992014 0.3852466
0.294984 0.3277765 0.3772395
0.299827 0.2928862 0.4072868
0.3227063 0.287332 0.3899617
0.3061278 0.2722069 0.4216653
0.2894195 0.315338 0.3952425
0.3228304 0.2842844 0.3928852
0.3287151 0.2826083 0.3886766
0.298316 0.2888948 0.4127892
0.3161746 0.2962629 0.3875625
0.307051 0.2884826 0.4044664
0.3046993 0.3051115 0.3901892
0.3022445 0.3115802 0.3861752
0.3001105 0.3097371 0.3901524
0.3300737 0.2903237 0.3796025
0.2937269 0.3194395 0.3868336
0.3284839 0.295261 0.3762552
0.3102594 0.2892597 0.4004809
0.3364771 0.2847853 0.3787376
0.3138371 0.2831165 0.4030465
0.3167137 0.2961703 0.387116
0.3124659 0.2755605 0.4119736
0.2935119 0.3099648 0.3965234
0.3140301 0.2763619 0.409608
0.3146047 0.2911199 0.3942754
0.3167276 0.3090171 0.3742554
0.3306382 0.269536 0.3998258
0.2829117 0.2930404 0.4240479
0.3218861 0.2784778 0.3996361
0.2941023 0.3032267 0.402671
0.3160942 0.2967232 0.3871827
0.2651861 0.3137436 0.4210704
0.3185612 0.2930134 0.3884255
0.2722994 0.3057446 0.421956
0.3030394 0.3049558 0.3920048
0.3002159 0.2863489 0.4134352
0.3071325 0.3078004 0.3850671
0.2776422 0.3061933 0.4161645
0.2743592 0.3057523 0.4198885
0.314603 0.3040098 0.3813872
0.3421356 0.28462 0.3732443
0.3047583 0.2934146 0.4018271
0.2943456 0.2857543 0.4199001
0.3142964 0.2881672 0.3975364
0.2959174 0.2988054 0.4052772
0.2950228 0.320842 0.3841352
0.2904008 0.3078255 0.4017737
0.3221434 0.3027425 0.3751141
0.32827 0.2885305 0.3831995
0.3249919 0.298132 0.3768761
0.3086646 0.2893133 0.4020221
0.3226567 0.2998726 0.3774706
0.2957092 0.2904902 0.4138006
0.3225276 0.2818847 0.3955877
0.3083595 0.3090475 0.382593
0.2862805 0.3102175 0.403502
0.3240863 0.2884034 0.3875103
0.2894593 0.2795419 0.4309988
0.322909 0.2777645 0.3993265
0.3033333 0.3014273 0.3952394
0.3284411 0.2815815 0.3899774
0.3008812 0.3382452 0.3608736
0.3019764 0.3002437 0.3977799
0.3015679 0.3004517 0.3979804
0.3194813 0.3065612 0.3739575
0.3206812 0.2935197 0.3857991
0.3125545 0.2990088 0.3884367
0.3050303 0.3050226 0.3899472
0.3034381 0.310514 0.3860479
0.3027311 0.2909902 0.4062787
0.3181385 0.2921716 0.3896899
0.3191576 0.2921495 0.3886929
0.2920016 0.3163533 0.3916451
0.3160911 0.2869322 0.3969767
0.2952034 0.3268729 0.3779236
0.299654 0.2738735 0.4264726
0.3127754 0.3043527 0.3828719
0.3003001 0.3065112 0.3931888
0.2976318 0.3062074 0.3961608
0.3287182 0.3086097 0.3626721
0.3190079 0.2994885 0.3815036
0.3034745 0.2994587 0.3970669
0.3208138 0.2957978 0.3833884
0.3315285 0.2987414 0.36973
0.3280331 0.2790648 0.3929022
0.3245473 0.2687639 0.4066887
0.319236 0.2857538 0.3950102
0.3184487 0.266679 0.4148723
0.3085974 0.26912 0.4222826
0.3098412 0.2979627 0.3921962
0.326218 0.2921254 0.3816566
0.3181996 0.2850952 0.3967053
0.3221641 0.3039066 0.3739294
0.2929072 0.2699967 0.4370961
0.3001846 0.3075874 0.392228
0.3152251 0.2923563 0.3924186
0.3011353 0.3028437 0.396021
0.3067825 0.302137 0.3910805
0.296936 0.302963 0.4001009
0.2957501 0.3021788 0.4020711
0.3265457 0.293322 0.3801323
0.3014484 0.2899864 0.4085652
0.3234112 0.2995124 0.3770764
0.3099666 0.2810666 0.4089668
0.315171 0.2977538 0.3870752
0.3004355 0.2890061 0.4105584
0.3088416 0.3325414 0.358617
0.3129544 0.3367169 0.3503287
0.2868471 0.325451 0.3877019
0.3286368 0.2865074 0.3848558
0.2940324 0.291539 0.4144286
0.2999044 0.3110082 0.3890874
0.3154973 0.282262 0.4022407
0.3153339 0.309332 0.3753341
0.3091378 0.2942583 0.3966039
0.303104 0.2876021 0.4092939
0.3349392 0.2784626 0.3865983
0.3404194 0.2808365 0.3787441
0.2968615 0.3125602 0.3905783
0.3096115 0.2794571 0.4109314
0.2995384 0.3271747 0.373287
0.3074605 0.2942735 0.398266
0.2982397 0.3038157 0.3979446
0.3184341 0.3028695 0.3786964
0.3216057 0.2910647 0.3873295
0.3084177 0.2823413 0.409241
0.2936508 0.3183501 0.3879991
0.3119052 0.2997547 0.3883401
0.3203179 0.3098274 0.3698548
0.3126514 0.2951483 0.3922003
0.2833474 0.3194735 0.3971791
0.3120415 0.3206903 0.3672683
0.2994961 0.3098316 0.3906724
0.3101025 0.2887631 0.4011344
0.2738498 0.3304772 0.395673
0.2965426 0.3013242 0.4021333
0.3197869 0.2920315 0.3881815
0.2898126 0.2883368 0.4218505
0.3208641 0.298262 0.3808739
0.3107891 0.292872 0.3963389
0.3303078 0.2941483 0.3755439
0.3135058 0.2933663 0.3931279
0.3180734 0.2979474 0.3839793
0.3063475 0.3217079 0.3719445
0.3237638 0.2944038 0.3818325
0.3200172 0.2990622 0.3809206
0.2998262 0.2872027 0.4129711
0.3199085 0.3019285 0.378163
0.3002349 0.2797296 0.4200356
0.3053795 0.3075269 0.3870937
0.3213473 0.2772587 0.4013941
0.295564 0.3086303 0.3958057
0.2966104 0.2908591 0.4125304
0.3262939 0.2966317 0.3770744
0.3265153 0.2805065 0.3929781
0.3015038 0.300177 0.3983192
0.3324247 0.2819286 0.3856467
0.3183858 0.3088892 0.372725
0.3096362 0.2904324 0.3999314
0.3191287 0.3000243 0.380847
0.3020944 0.2918106 0.406095
0.311056 0.2943878 0.3945562
0.3080165 0.3084747 0.3835089
0.3172433 0.3063786 0.3763781
0.3039957 0.2803526 0.4156517
0.2974737 0.2986375 0.4038889
0.3427786 0.2963301 0.3608913
0.295469 0.3266698 0.3778613
0.291479 0.3210066 0.3875143
0.3077366 0.2951145 0.3971488
0.2931271 0.308522 0.3983509
0.2914661 0.3186606 0.3898733
0.3036559 0.2940841 0.4022601
0.3293511 0.2607656 0.4098832
0.2862738 0.3178028 0.3959235
0.3151636 0.2743109 0.4105255
0.3097826 0.2944684 0.3957491
0.2961042 0.3042964 0.3995994
0.3431718 0.2729723 0.3838559
0.292507 0.2919414 0.4155516
0.3019789 0.2742841 0.423737
0.3108204 0.2827171 0.4064625
0.336455 0.2936027 0.3699423
0.3038325 0.2837654 0.4124021
0.3080589 0.3044601 0.387481
0.3168081 0.266338 0.4168538
0.3063457 0.2980969 0.3955575
0.3052595 0.3007074 0.3940331
0.322847 0.2878434 0.3893096
0.291516 0.3038619 0.4046221
0.3247281 0.3023138 0.3729581
0.3027552 0.2961326 0.4011122
0.2923925 0.3053352 0.4022723
0.3159494 0.3341971 0.3498535
0.3284675 0.2882966 0.3832359
0.2888008 0.3033022 0.407897
0.2896708 0.3019454 0.4083838
0.3383585 0.2861093 0.3755322
0.3216172 0.2981283 0.3802545
0.2896484 0.3048122 0.4055394
0.3143029 0.2960008 0.3896963
0.3289425 0.2957724 0.3752851
0.3009249 0.3107183 0.3883567
0.308076 0.289442 0.402482
0.3153987 0.318589 0.3660123
0.3076908 0.2918689 0.4004403
0.3360157 0.2691094 0.394875
0.3122116 0.3004621 0.3873263
0.3172878 0.2884991 0.3942131
0.3223855 0.3074394 0.3701751
0.3181041 0.2943079 0.387588
0.2941032 0.2831085 0.4227883
0.2966305 0.2816944 0.4216752
0.3200839 0.295707 0.384209
0.3121895 0.2980162 0.3897943
0.2849711 0.3269357 0.3880932
0.3062149 0.3054757 0.3883095
0.3263861 0.3016633 0.3719506
0.3213047 0.2897057 0.3889896
0.2884182 0.3115857 0.3999961
0.3024311 0.2970746 0.4004943
0.3254794 0.2934625 0.3810581
0.3165247 0.279279 0.4041962
0.3216092 0.295948 0.3824428
0.3228061 0.2983614 0.3788326
0.322254 0.2636779 0.4140681
0.3005244 0.2926419 0.4068337
0.3197485 0.3180041 0.3622475
0.3174229 0.2893211 0.393256
0.3069248 0.3147879 0.3782873
0.3560307 0.2835965 0.3603728
0.3196487 0.3308178 0.3495335
0.3231325 0.3101746 0.3666929
0.3059458 0.310914 0.3831402
0.3212411 0.2973712 0.3813878
0.2991557 0.2845827 0.4162616
0.2988251 0.2908638 0.4103111
0.3243592 0.2858585 0.3897823
0.3109813 0.2631035 0.4259152
0.3302846 0.2914537 0.3782618
0.3183864 0.3139517 0.3676618
0.3078807 0.2949707 0.3971486
0.3169711 0.3000573 0.3829716
0.320525 0.2871149 0.3923601
0.313983 0.2794774 0.4065396
0.2977809 0.2833735 0.4188456
0.3259102 0.2924992 0.3815906
0.3246769 0.2976228 0.3777003
0.3144785 0.2786879 0.4068336
0.2911947 0.3116784 0.3971269
0.3022139 0.315447 0.3823391
0.3307034 0.303761 0.3655356
0.3169188 0.2995389 0.3835422
0.2961668 0.2870105 0.4168227
0.3070076 0.2880644 0.404928
0.3204774 0.3085773 0.3709453
0.3251015 0.2895746 0.3853239
0.3425255 0.2929307 0.3645438
0.3004974 0.3132024 0.3863002
0.310822 0.2843183 0.4048597
0.2911523 0.2859388 0.4229089
0.3053579 0.2974853 0.3971568
0.3184531 0.2879484 0.3935985
0.3278422 0.2941128 0.378045
0.3038125 0.3237545 0.372433
0.3020549 0.2956961 0.402249
0.3251414 0.2816041 0.3932545
0.3107785 0.2923544 0.3968671
0.3233616 0.2941113 0.382527
0.2967465 0.3241416 0.3791119
0.3166803 0.3166075 0.3667122
0.3118807 0.2942609 0.3938584
0.2964897 0.310841 0.3926693
0.332747 0.2922191 0.3750339
0.3143235 0.281712 0.4039645
0.3069908 0.2895154 0.4034938
0.2911084 0.2831824 0.4257092
0.294308 0.2978618 0.4078302
0.3245516 0.2888535 0.3865948
0.3213653 0.2876263 0.3910084
0.2896595 0.3079171 0.4024234
0.3215668 0.2859234 0.3925098
0.3173818 0.2854228 0.3971954
0.2891528 0.3123685 0.3984787
0.3665294 0.2807083 0.3527623
0.3050205 0.3032776 0.3917019
0.3028145 0.2794832 0.4177023
0.3387233 0.3076194 0.3536573
0.3117051 0.3128984 0.3753966
0.2961145 0.314963 0.3889225
0.3299233 0.3212303 0.3488464
0.3247813 0.2823028 0.3929158
0.3327394 0.2848534 0.3824072
0.2984028 0.2996409 0.4019563
0.320813 0.2826901 0.3964969
0.300439 0.2981365 0.4014245
0.3283603 0.2908481 0.3807915
0.2996524 0.2982173 0.4021303
0.2848002 0.3163851 0.3988147
0.2690169 0.3253525 0.4056306
0.3158785 0.2692014 0.4149201
0.3046458 0.3021233 0.3932309
0.3260325 0.2944438 0.3795237
0.3157266 0.2938134 0.3904601
0.3159293 0.2908961 0.3931746
0.320155 0.2764562 0.4033888
0.3006227 0.3050171 0.3943602
0.2947392 0.2925504 0.4127104
0.3149912 0.3140957 0.370913
0.3209044 0.2899603 0.3891353
0.3191293 0.295265 0.3856057
0.3052615 0.2843944 0.4103441
0.3146301 0.2656474 0.4197224
0.3401722 0.2693526 0.3904752
0.3147238 0.2860659 0.3992103
0.2852551 0.3100127 0.4047321
0.2928928 0.2925584 0.4145488
0.314641 0.2906612 0.3946978
0.3012796 0.2811931 0.4175274
0.3118467 0.2939635 0.3941898
0.3059338 0.3183343 0.3757319
0.3132939 0.2831877 0.4035184
0.3185755 0.3155332 0.3658913
0.3295563 0.2846109 0.3858328
0.3196639 0.2929509 0.3873852
0.2977128 0.3073695 0.3949177
0.2961987 0.3080999 0.3957014
0.2879592 0.2762072 0.4358336
0.3179662 0.2854355 0.3965982
0.2937288 0.3245044 0.3817668
0.2936307 0.3171017 0.3892677
0.3044383 0.3111304 0.3844314
0.2863022 0.305619 0.4080788
0.3309183 0.2608192 0.4082625
0.3330232 0.2926306 0.3743462
0.2933452 0.3221559 0.384499
0.3272543 0.2726877 0.4000581
0.299412 0.3110813 0.3895067
0.3175138 0.2753979 0.4070883
0.3222711 0.2966069 0.381122
0.3203289 0.2982066 0.3814644
0.3103473 0.2706657 0.4189871
0.3054022 0.2940183 0.4005794
0.2883045 0.294573 0.4171225
0.3266136 0.2727677 0.4006187
0.2983465 0.2961291 0.4055244
0.2746353 0.320374 0.4049907
0.2905689 0.3046647 0.4047664
0.3034066 0.317142 0.3794515
0.3162829 0.3101622 0.3735549
0.3193276 0.3028482 0.3778242
0.3150828 0.2767597 0.4081575
0.3357035 0.2979518 0.3663447
0.3125306 0.3049302 0.3825392
0.3198671 0.2975136 0.3826193
0.2971279 0.3024543 0.4004178
0.3069789 0.3018715 0.3911496
0.2791475 0.3243346 0.3965179
0.2896902 0.3169561 0.3933537
0.3025036 0.2831744 0.414322
0.3185534 0.2925301 0.3889165
0.3039986 0.2914513 0.4045502
0.309998 0.3097417 0.3802604
0.3185132 0.2992737 0.382213
0.2883606 0.317812 0.3938274
0.3147796 0.2902247 0.3949957
0.312987 0.2938748 0.3931383
0.2969983 0.2994309 0.4035707
0.3210478 0.2981587 0.3807935
0.3083486 0.295903 0.3957484
0.2682534 0.3124519 0.4192947
0.30782 0.2865495 0.4056305
0.3013683 0.315076 0.3835557
0.2782183 0.3049121 0.4168696
0.3066215 0.3055965 0.387782
0.3294476 0.3099247 0.3606277
0.3138216 0.2983631 0.3878153
0.3083414 0.3143308 0.3773278
0.3081942 0.3166284 0.3751774
0.3138723 0.2923188 0.3938088
0.2980958 0.3048369 0.3970673
0.3023785 0.2896027 0.4080188
0.308628 0.2801101 0.4112619
0.321548 0.2996923 0.3787597
0.3180839 0.2762698 0.4056463
0.3289065 0.2801908 0.3909027
0.2940487 0.2813183 0.424633
0.3292451 0.2911144 0.3796406
0.3139647 0.2853864 0.400649
0.3271252 0.2836366 0.3892382
0.2913407 0.3173735 0.3912857
0.3302053 0.2689788 0.4008159
0.2748645 0.3210816 0.4040539
0.3217539 0.2903722 0.3878739
0.3216965 0.2776863 0.4006172
0.3347876 0.2966903 0.3685221
0.3237283 0.2886779 0.3875938
0.3155156 0.3023668 0.3821175
0.3194015 0.3022196 0.3783789
0.3144496 0.2949352 0.3906152
0.3285298 0.3161583 0.355312
0.3142657 0.3071064 0.3786279
0.3074635 0.3109807 0.3815558
0.3059144 0.3212962 0.3727893
0.3037814 0.3005946 0.395624
0.3150488 0.299783 0.3851682
0.3210077 0.2939418 0.3850506
0.3078659 0.3024325 0.3897016
0.3049244 0.2968136 0.398262
0.3041529 0.309231 0.3866161
0.3124059 0.3028843 0.3847098
0.3136692 0.3290521 0.3572787
0.3010577 0.3188713 0.380071
0.295758 0.3151166 0.3891254
0.3399753 0.2783945 0.3816303
0.2922976 0.3150792 0.3926231
0.3131032 0.3014214 0.3854754
0.3250134 0.3099961 0.3649905
0.3221011 0.2737778 0.4041211
0.3151206 0.2901713 0.3947082
0.2840827 0.2921815 0.4237358
0.3098591 0.3118723 0.3782686
0.3021562 0.2932226 0.4046211
0.3218741 0.290504 0.3876219
0.3234181 0.287891 0.3886909
0.3155405 0.312898 0.3715615
0.289438 0.3153286 0.3952334
0.330714 0.2827571 0.3865289
0.3055465 0.2924794 0.4019741
0.3019908 0.3096131 0.3883962
0.3179278 0.2997968 0.3822754
0.3012938 0.2761676 0.4225386
0.2910467 0.2953499 0.4136033
0.3148837 0.2887659 0.3963505
0.3214202 0.2928588 0.385721
0.3055519 0.3051208 0.3893272
0.3096757 0.2744375 0.4158869
0.319091 0.2849711 0.3959379
0.3102075 0.294965 0.3948274
0.3106078 0.279074 0.4103182
0.3215065 0.3191569 0.3593366
0.3157261 0.2985798 0.3856942
0.3211871 0.2846931 0.3941198
0.298604 0.318279 0.383117
0.333212 0.2958068 0.3709812
0.3147757 0.2962088 0.3890155
0.3103677 0.3216599 0.3679724
0.300217 0.3218603 0.3779227
0.3101938 0.3070418 0.3827644
0.3044136 0.3047294 0.390857
0.3074984 0.2857539 0.4067477
0.3252232 0.3042705 0.3705063
0.3146114 0.2772253 0.4081633
0.3060906 0.334265 0.3596444
0.3391485 0.275506 0.3853455
0.3457097 0.2799666 0.3743237
0.3140298 0.312084 0.3738862
0.3515966 0.279483 0.3689204
0.2787513 0.3100276 0.4112211
0.3294125 0.2903764 0.380211
0.3198265 0.2941507 0.3860228
0.3158027 0.3105618 0.3736356
0.3237403 0.2935133 0.3827464
0.2957923 0.3212488 0.3829589
0.3562807 0.2946038 0.3491155
0.3243536 0.3057832 0.3698632
0.3370304 0.281471 0.3814986
0.300285 0.3051458 0.3945693
0.3736141 0.2746962 0.3516896
0.3172029 0.2847952 0.3980019
0.3038065 0.2836411 0.4125523
0.2819935 0.2967579 0.4212487
0.3231199 0.2886922 0.3881878
0.3190387 0.3075952 0.373366
0.3058028 0.3043543 0.3898429
0.3015268 0.3035712 0.3949019
0.3270703 0.3128573 0.3600725
0.304604 0.303969 0.391427
0.2991813 0.2794326 0.4213861
0.3060679 0.2816723 0.4122598
0.2936268 0.3067381 0.3996351
0.2885892 0.3243983 0.3870125
0.3045369 0.2834402 0.4120228
0.3159557 0.3113261 0.3727183
0.33892 0.3112173 0.3498627
0.2936283 0.3060669 0.4003048
0.2914868 0.3120752 0.396438
0.3179155 0.2772882 0.4047963
0.3213565 0.2929349 0.3857085
0.3386049 0.3051818 0.3562133
0.2944795 0.3062888 0.3992317
0.2942948 0.2939043 0.4118009
0.2949106 0.2965971 0.4084923
0.3228009 0.2908665 0.3863325
0.2891923 0.3267192 0.3840885
0.3171832 0.2963741 0.3864427
0.2942939 0.3040586 0.4016475
0.3105161 0.285301 0.4041829
0.3377972 0.2879815 0.3742212
0.2943171 0.3089404 0.3967426
0.3271845 0.2755421 0.3972734
0.316176 0.3209366 0.3628874
0.3123773 0.2849495 0.4026732
0.3193742 0.2873233 0.3933025
0.3160157 0.2841208 0.3998635
0.3144359 0.3135926 0.3719714
0.3184134 0.3179674 0.3636191
0.3203532 0.2727814 0.4068654
0.3209453 0.3008577 0.378197
0.2947931 0.2923689 0.412838
0.3102859 0.3049763 0.3847378
0.3325354 0.280425 0.3870396
0.2972408 0.2973336 0.4054257
0.3570008 0.2868124 0.3561869
0.2923604 0.2835873 0.4240523
0.3008996 0.3131596 0.3859408
0.2793089 0.2951381 0.425553
0.3200211 0.3049545 0.3750243
0.3048088 0.3027424 0.3924487
0.3205417 0.2980196 0.3814387
0.3338889 0.2741217 0.3919894
0.3292485 0.2819751 0.3887764
0.3180976 0.2980083 0.3838941
0.3104152 0.3047448 0.38484
0.3212889 0.2905763 0.3881348
0.2986184 0.2886558 0.4127258
0.3293855 0.2758877 0.3947269
0.314877 0.2806824 0.4044406
0.2974401 0.314678 0.3878819
0.3375718 0.2848908 0.3775374
0.2946505 0.3123741 0.3929753
0.3084682 0.2954075 0.3961243
0.3385047 0.2984428 0.3630525
0.3199036 0.2884823 0.3916141
0.3329457 0.3088808 0.3581735
0.3221402 0.2638947 0.4139651
0.3050652 0.2975781 0.3973566
0.3173945 0.3107183 0.3718872
0.3189095 0.2767367 0.4043539
0.2982527 0.2773866 0.4243607
0.3144126 0.3000637 0.3855237
0.3245088 0.2709657 0.4045254
0.303648 0.3016554 0.3946966
0.3308405 0.3038719 0.3652875
0.3127874 0.2941591 0.3930535
0.3062557 0.2873279 0.4064164
0.3159929 0.3090323 0.3749749
0.3068301 0.3306462 0.3625237
0.3266195 0.2692069 0.4041736
0.3297549 0.3026118 0.3676334
0.3205111 0.3048369 0.374652
0.3050853 0.2964694 0.3984453
0.3178184 0.2926906 0.389491
0.3280437 0.3075351 0.3644212
0.2938069 0.3023472 0.403846
0.3038115 0.2867397 0.4094488
0.3136134 0.2949786 0.391408
0.2913658 0.3216098 0.3870244
0.3015977 0.3161941 0.3822082
0.3155108 0.2787838 0.4057054
0.2987556 0.3012163 0.400028
0.2819398 0.294637 0.4234232
0.295417 0.3094756 0.3951075
0.2980341 0.310638 0.391328
0.337512 0.2971205 0.3653675
0.3280061 0.3069048 0.3650891
0.2868539 0.3189458 0.3942003
0.3075585 0.2876687 0.4047728
0.3095311 0.2898913 0.4005776
0.3242899 0.2783475 0.3973626
0.3302843 0.2698949 0.3998208
0.3158282 0.2796363 0.4045355
0.3328942 0.2926064 0.3744994
0.2944053 0.3114669 0.3941278
0.2987696 0.3301269 0.3711036
0.326412 0.2899749 0.3836131
0.3394736 0.2791028 0.3814236
0.2979784 0.3133615 0.3886601
0.2951609 0.3025246 0.4023146
0.3072865 0.2761063 0.4166072
0.3004943 0.3056358 0.3938699
0.3043771 0.290018 0.405605
0.31756 0.2807672 0.4016729
0.3017599 0.3125242 0.385716
0.3313386 0.299986 0.3686755
