p_1 p_2 p_3 p_4 
0.03633768 0.142098 0.8198488 0.001715603 
0.06919725 0.1441423 0.7558355 0.03082493 
0.07698731 0.2162124 0.7045507 0.002249527 
0.03603921 0.1638135 0.7921144 0.008032807 
0.001887133 0.100709 0.8220044 0.07539941 
0.05730367 0.1287613 0.733017 0.08091801 
0.01636545 0.1316278 0.7777 0.0743067 
0.02140104 0.1987884 0.7260834 0.0537271 
0.00984463 0.1044643 0.8444887 0.04120236 
0.001368594 0.1704162 0.7830934 0.04512185 
0.009872506 0.09098514 0.7989513 0.100191 
0.0009754267 0.03456562 0.7635078 0.2009512 
0.04846709 0.04702016 0.7684006 0.1361121 
0.1443193 0.04086094 0.7987011 0.01611865 
0.1333354 0.05751535 0.8061897 0.002959514 
0.1121571 0.04874326 0.7820125 0.0570871 
0.1757189 0.1054779 0.6989303 0.01987291 
0.1555987 0.06227129 0.7552266 0.02690344 
0.1178424 0.01227091 0.8156548 0.0542319 
0.0610218 0.02914259 0.8572305 0.05260507 
0.1247878 0.01959499 0.8300785 0.02553879 
0.1252429 0.02438369 0.8216075 0.02876594 
0.1364131 0.02845871 0.817717 0.01741119 
0.08687268 0.1010202 0.8045781 0.007529044 
0.1623008 0.04065174 0.7918037 0.00524378 
0.1301793 0.0337696 0.8206586 0.01539251 
0.170533 0.07850152 0.7484724 0.002493069 
0.1643452 0.02599006 0.7687338 0.04093093 
0.1587872 0.07393825 0.7671604 0.0001141367 
0.09229128 0.04089996 0.7405921 0.1262166 
0.08078419 0.0323694 0.7241629 0.1626835 
0.08798203 0.03880677 0.8158191 0.05739207 
0.1088014 0.02553126 0.8240005 0.0416668 
0.1675445 0.0753669 0.7154646 0.04162397 
0.1807316 0.04176148 0.7708679 0.006639046 
0.1326664 0.09814104 0.7166142 0.05257837 
0.1586069 0.05966439 0.7412019 0.04052683 
0.1706592 0.03765376 0.7622554 0.02943167 
0.186108 0.08482547 0.704212 0.02485453 
0.1368992 0.03684844 0.8184817 0.007770633 
0.1601652 0.01923598 0.8152712 0.005327536 
0.1370346 0.0295597 0.8125117 0.02089401 
0.1544634 0.01493186 0.8190017 0.01160309 
0.1076821 0.04344712 0.847025 0.001845804 
0.1649652 0.04302156 0.7404845 0.05152873 
0.1857239 0.05897203 0.723367 0.03193708 
0.128856 0.03262236 0.8298868 0.00863479 
0.1859966 0.07694203 0.7354518 0.001609571 
0.1546317 0.04733661 0.764101 0.03393068 
0.1696038 0.008995799 0.7705949 0.05080543 
0.01250149 0.178506 0.776284 0.03270851 
0.08507168 0.04343546 0.8162721 0.05522073 
0.1332555 0.02464491 0.795718 0.04638159 
0.1099469 0.01559963 0.800606 0.07384747 
0.269213 0.007185312 0.6836683 0.03993336 
0.1311332 0.06548578 0.7553196 0.04806147 
0.111742 0.03910754 0.7768385 0.07231187 
0.1846987 0.01211262 0.7327433 0.07044538 
0.1585899 0.003720376 0.7870131 0.05067661 
0.1232896 0.002516615 0.8361972 0.03799664 
0.1470694 0.01676428 0.7830066 0.05315971 
0.2348719 0.03839629 0.7201126 0.006619239 
0.1874517 0.0005651221 0.7541892 0.057794 
0.07481567 0.07591037 0.8355668 0.01370714 
0.08334313 0.02579395 0.7869496 0.1039134 
0.1372402 0.01125691 0.8090504 0.04245247 
0.09135916 0.01035973 0.867614 0.0306671 
0.1221328 0.05338284 0.8233093 0.001175 
0.09806674 0.05076794 0.7897906 0.06137476 
0.01789867 0.07314687 0.8178536 0.09110081 
0.03363882 0.04692927 0.762308 0.1571239 
0.1508495 0.04936246 0.7875614 0.01222666 
0.1156638 0.01028583 0.7401631 0.1338873 
0.115452 0.01228557 0.7942026 0.07805984 
0.1474854 0.009390203 0.8213889 0.02173556 
0.1039108 0.01530252 0.7852047 0.09558193 
0.1075903 0.02979534 0.8075209 0.05509347 
0.1448045 0.007573262 0.8110994 0.03652286 
0.1442121 0.0429566 0.7828655 0.02996581 
0.1205281 0.006891391 0.8241883 0.04839226 
0.1967015 0.007083151 0.7282759 0.06793944 
0.133988 0.02395355 0.7756969 0.0663616 
0.1871085 0.003123297 0.7856376 0.02413061 
0.1030833 0.01161303 0.8289063 0.05639735 
0.1104717 0.002819428 0.8337962 0.05291268 
0.1354788 0.04852848 0.7335521 0.0824406 
0.1200116 0.02621316 0.7756816 0.07809362 
0.1157941 0.009295545 0.7881896 0.08672077 
0.1328267 0.007034569 0.8528962 0.007242548 
0.1323998 0.05881653 0.7853192 0.02346448 
0.1393155 0.02916372 0.8149198 0.01660099 
0.1207054 0.05190773 0.825357 0.002029939 
0.2197523 0.04389973 0.7263378 0.01001015 
0.08485918 0.05500227 0.8489966 0.01114198 
0.2051249 0.1132245 0.6711022 0.01054837 
0.1414829 0.09273315 0.7547511 0.0110328 
0.1802733 0.05028486 0.7692047 0.0002370679 
0.0935333 0.05463288 0.8123108 0.03952301 
0.1029155 0.05775958 0.8323646 0.006960315 
0.1140678 0.0464958 0.8332208 0.006215573 
0.1121137 0.01927811 0.8681775 0.0004307015 
0.09041065 0.1132342 0.7861442 0.01021096 
0.1865366 0.07863025 0.7319569 0.002876308 
0.1024159 0.0757863 0.8110528 0.01074501 
0.1032035 0.04578311 0.8349692 0.01604425 
0.1196936 0.04776826 0.8240578 0.00848035 
0.1300396 0.08257813 0.7679307 0.01945157 
0.1320727 0.05319322 0.8017825 0.01295157 
0.1201088 0.02432044 0.8497582 0.005812599 
0.1223547 0.08556708 0.7596054 0.03247289 
0.1286122 0.009474476 0.8376521 0.02426117 
0.1827681 0.08470038 0.69368 0.0388515 
0.1069526 0.1051792 0.7445285 0.04333979 
0.1559109 0.07245042 0.7217093 0.04992942 
0.1474317 0.04323659 0.7615966 0.04773518 
0.1292977 0.02843753 0.79242 0.04984481 
0.1149163 0.0620037 0.7707247 0.0523553 
0.215085 0.02674149 0.705084 0.05308948 
0.112035 0.006692348 0.8349719 0.04630069 
0.08569858 0.04704161 0.8063562 0.06090362 
0.119733 0.006913957 0.8470921 0.02626097 
0.1543608 0.01409687 0.7799616 0.05158067 
0.1051002 0.03991067 0.7642604 0.09072879 
0.2138774 0.07159557 0.6991547 0.01537238 
0.1065609 0.05240595 0.8222265 0.01880659 
0.1481145 0.01512523 0.7950088 0.04175152 
0.1658797 0.06692383 0.7534739 0.01372255 
0.05702836 0.06447206 0.8218937 0.05660585 
0.1799931 0.01354027 0.7195465 0.08692007 
0.1063902 0.02661055 0.844042 0.02295726 
0.1632428 0.04315497 0.7892609 0.004341266 
0.1338554 0.02468431 0.8026217 0.03883862 
0.1765044 0.04461829 0.7729081 0.005969135 
0.1692699 0.1013184 0.7176841 0.01172762 
0.1058804 0.0807841 0.8000167 0.01331885 
0.1195329 0.03807489 0.8348055 0.007586778 
0.2433205 0.05767862 0.6952524 0.003748462 
0.14521 0.03525733 0.782658 0.03687461 
0.1191374 0.09910578 0.7573361 0.02442072 
0.1711665 0.07846913 0.7390572 0.01130719 
0.1299923 0.05928589 0.7890094 0.02171239 
0.09634467 0.06790996 0.8259867 0.009758631 
0.09448096 0.05400039 0.8444054 0.007113272 
0.1240578 0.04081684 0.7442602 0.09086513 
0.1227932 0.05920059 0.8070956 0.01091064 
0.1566648 0.04993251 0.7528098 0.04059292 
0.1110592 0.09601369 0.7828802 0.01004695 
0.1290423 0.0264802 0.8411644 0.003313136 
0.133739 0.06604482 0.796765 0.003451142 
0.1827546 0.1001232 0.7121167 0.005005469 
0.1845362 0.0710541 0.7203663 0.0240434 
0.1370324 0.06816434 0.7733411 0.02146222 
0.1173984 0.01493641 0.813242 0.05442321 
0.1388167 0.03982841 0.7685294 0.05282552 
0.1060727 0.0511746 0.8161071 0.02664557 
0.1393788 0.01209882 0.7495912 0.0989311 
0.0909895 0.01754641 0.8092855 0.08217863 
0.09220318 0.00758626 0.8495855 0.05062508 
0.09998285 0.04824648 0.8437785 0.007992161 
0.08338555 0.04520375 0.8485754 0.02283526 
0.1068316 0.0131929 0.8590058 0.02096975 
0.2739618 0.0008416902 0.7036255 0.02157097 
0.119549 0.009090099 0.8058188 0.06554212 
0.1232654 0.03553533 0.8061679 0.03503129 
0.1156367 0.01166838 0.7864078 0.08628714 
0.1421103 0.02828658 0.786546 0.0430572 
0.117678 0.017871 0.837044 0.02740705 
0.2070161 0.01632214 0.7026737 0.07398802 
0.1138885 4.898268e-05 0.8412918 0.04477077 
0.1520562 0.005065824 0.7865454 0.05633254 
0.1270968 0.06779973 0.7623915 0.04271189 
0.1076247 0.1109199 0.764465 0.01699046 
0.2323053 0.05735946 0.6994311 0.01090415 
0.163289 0.06206997 0.7740176 0.0006234346 
0.1348514 0.066081 0.7107885 0.08827905 
0.1125143 0.07196467 0.8047872 0.01073384 
0.14907 0.09514857 0.7421778 0.01360361 
0.1705513 0.0004534754 0.7685592 0.06043602 
0.1249566 0.004368408 0.7971997 0.07347526 
0.128127 0.005467085 0.8229676 0.04343832 
0.1036762 0.001809495 0.8108582 0.08365609 
0.133296 0.0666807 0.7293845 0.07063882 
0.08675315 0.008702043 0.8258213 0.0787235 
0.08821405 0.1185058 0.7138825 0.07939761 
0.1358063 0.1124533 0.7370378 0.01470256 
0.1320545 0.04772548 0.8028896 0.01733051 
0.21767 0.02602986 0.7492255 0.007074637 
0.1315297 0.06475697 0.8012696 0.002443729 
0.1221896 0.07175323 0.7868932 0.019164 
0.2181516 0.006873897 0.7257171 0.04925733 
0.2471967 0.003024018 0.7194963 0.03028297 
0.1343901 0.02655362 0.8305764 0.008479868 
0.1670567 0.0193944 0.7949587 0.01859022 
0.09887039 0.0760554 0.7897169 0.03535733 
0.007128149 0.1887048 0.7636357 0.04053131 
0.01065719 0.2129429 0.6958367 0.08056313 
0.005264145 0.07502561 0.8137481 0.1059621 
0.06801622 0.1615283 0.7538133 0.01664227 
0.06623976 0.05754223 0.872381 0.003837065 
0.0256837 0.1378603 0.7964845 0.03997146 
0.08845485 0.11691 0.7612143 0.03342077 
0.02222831 0.1163272 0.8065507 0.05489376 
0.03892952 0.1435344 0.7745445 0.04299157 
0.01393378 0.1429713 0.7659412 0.07715378 
0.07141747 0.1835873 0.7178994 0.02709575 
0.05034469 0.1605116 0.7778892 0.01125456 
0.06677015 0.1227603 0.8032709 0.007198647 
0.1178939 0.1275498 0.7406446 0.01391169 
0.06391278 0.1303404 0.7940038 0.01174297 
0.02320814 0.1422466 0.7620298 0.0725155 
0.04355417 0.1508943 0.7919652 0.01358633 
0.05395554 0.07654179 0.8642876 0.005215035 
0.08897789 0.08015072 0.7844837 0.04638765 
0.08247123 0.1014666 0.7605047 0.0555574 
0.05113826 0.1059073 0.8279708 0.01498365 
0.05200726 0.1261232 0.8132455 0.008624086 
0.04062043 0.104057 0.8496701 0.005652533 
0.04504426 0.1391675 0.725652 0.09013626 
0.03364015 0.143848 0.7475131 0.07499878 
0.01139576 0.1618048 0.7942131 0.03258635 
0.004061432 0.1950518 0.7650518 0.03583498 
0.01049386 0.08669727 0.8603572 0.0424517 
0.05451752 0.1699716 0.7150136 0.06049733 
0.0169899 0.1232605 0.7932583 0.06649125 
0.08108835 0.1348211 0.7834871 0.000603495 
0.1408051 0.1375026 0.700779 0.02091334 
0.01434387 0.1193401 0.7639912 0.1023248 
0.05163846 0.07783705 0.8151014 0.05542313 
0.0005400013 0.1808252 0.7751188 0.04351604 
0.005298491 0.1225474 0.7146009 0.1575532 
0.02122495 0.1291713 0.7821625 0.06744128 
0.1120159 0.02417731 0.8378161 0.02599073 
0.1122173 0.01983599 0.8128987 0.05504799 
0.1495355 0.008423124 0.762362 0.07967936 
0.1124535 0.05647082 0.803068 0.02800768 
0.1083727 0.04512065 0.797719 0.04878762 
0.1598857 0.001400708 0.7361013 0.1026123 
0.1607476 0.01760868 0.7888932 0.03275048 
0.006892324 0.1504222 0.7491201 0.09356537 
0.02567237 0.230673 0.723216 0.02043856 
0.06384845 0.1852636 0.7473803 0.003507594 
0.07112154 0.1046013 0.8217804 0.002496693 
0.03386705 0.1070419 0.8406299 0.01846113 
0.0306643 0.1555751 0.8112428 0.002517796 
0.04906614 0.1984194 0.7342534 0.01826111 
0.03329766 0.08646446 0.8771066 0.003131257 
0.05973876 0.1351203 0.7523052 0.05283567 
0.04921464 0.2144921 0.713163 0.02313025 
0.04648932 0.1274579 0.7963099 0.02974288 
0.04524481 0.1102258 0.7820561 0.06247326 
0.04513461 0.118073 0.8327801 0.004012235 
0.009140828 0.1346639 0.7593982 0.09679712 
0.06704757 0.1219342 0.7786292 0.03238908 
0.07841352 0.1286218 0.7582803 0.03468438 
0.05170642 0.1423161 0.7516188 0.05435867 
0.04844001 0.1438132 0.7980804 0.009666411 
0.0242703 0.1821977 0.7841663 0.009365773 
0.07530461 0.132588 0.7633488 0.02875857 
0.009063201 0.138011 0.8019437 0.0509821 
0.07428885 0.1406034 0.7757949 0.009312798 
0.06761117 0.1320259 0.7941637 0.006199194 
0.05974511 0.1294237 0.8088737 0.001957504 
0.07800202 0.1523092 0.7668606 0.002828152 
0.02018439 0.1521685 0.8220775 0.005569572 
0.03974226 0.1670399 0.7870107 0.006207192 
0.08088083 0.1432061 0.7189521 0.05696093 
0.05985079 0.1014885 0.8374433 0.001217393 
0.06705514 0.03730278 0.8269389 0.06870319 
0.04678963 0.09210321 0.8214452 0.03966198 
0.05046196 0.1624852 0.7520885 0.03496432 
0.06613896 0.1170099 0.8066015 0.01024967 
0.03220608 0.1610627 0.7277985 0.0789328 
0.07418701 0.1079808 0.8081172 0.00971498 
0.1212452 0.1623535 0.690277 0.02612424 
0.09718887 0.1965177 0.7032725 0.003020864 
0.08168363 0.09145942 0.8096925 0.01716442 
0.04885552 0.08593351 0.7455034 0.1197075 
0.1394922 0.05271658 0.7973762 0.01041501 
0.1368117 0.04098575 0.7114469 0.1107557 
0.1384654 0.08090785 0.737965 0.04266175 
0.1579288 0.04244954 0.7897702 0.009851519 
0.1310354 0.03588893 0.7941423 0.03893331 
0.1512048 0.07302816 0.7728134 0.002953665 
0.2060335 0.06383702 0.7299814 0.0001481525 
0.1011003 0.06493051 0.8250228 0.008946331 
0.1604339 0.09657705 0.6984849 0.04450413 
0.140013 0.1401039 0.7126838 0.007199257 
0.113012 0.01714889 0.837214 0.03262508 
0.1652072 0.0255794 0.7403872 0.0688262 
0.1835045 0.04425017 0.6877489 0.08449642 
0.1242815 0.03727558 0.7971278 0.04131507 
0.1100066 0.04238454 0.7987222 0.04888659 
0.207842 0.03134103 0.6910745 0.06974239 
0.1782274 0.04049081 0.7740879 0.00719386 
0.1564301 0.07930119 0.7574396 0.006829187 
0.1546387 0.05376966 0.7817935 0.009798085 
0.1499879 0.07948033 0.7550457 0.01548606 
0.09158374 0.07015563 0.8142679 0.02399272 
0.1770047 0.08907344 0.701181 0.03274092 
0.08455283 0.09103523 0.7942983 0.03011366 
0.1315006 0.05559982 0.8016915 0.01120805 
0.08228898 0.07695478 0.8156895 0.02506672 
0.1124926 0.08501735 0.7894084 0.01308166 
0.1223272 0.03750966 0.7920029 0.0481602 
0.1288151 0.02989068 0.7602981 0.08099608 
0.1376151 0.03271217 0.7941228 0.03554998 
0.1279311 0.0003695974 0.7889293 0.08277 
0.1139277 0.07384338 0.7568901 0.05533891 
0.1348896 0.02538146 0.8052927 0.03443624 
0.1171253 0.02278501 0.7816084 0.07848127 
0.1375855 0.01651929 0.8069318 0.03896341 
0.1380625 0.02657532 0.7934134 0.04194879 
0.08513173 0.06351804 0.7816697 0.06968051 
0.1063376 0.0330071 0.8159253 0.04473002 
0.1384813 0.01968067 0.7835931 0.05824493 
0.1412201 0.03385131 0.746396 0.07853258 
0.1471852 0.03304531 0.7284262 0.09134328 
0.1431785 0.008665021 0.8100208 0.03813568 
0.1568508 0.03333628 0.7738109 0.03600198 
0.1865887 0.0554719 0.7061343 0.05180507 
0.1459175 0.02153413 0.7882641 0.04428434 
0.124652 0.008127426 0.7681249 0.09909577 
0.1801766 0.005327584 0.7757342 0.03876163 
0.0983443 0.01689419 0.7995049 0.08525659 
0.1576453 0.006861287 0.7718426 0.06365084 
0.1408356 0.02132375 0.7992497 0.03859088 
0.1319915 0.01430722 0.8127829 0.04091846 
0.158122 0.08387658 0.7335435 0.02445793 
0.1276524 0.004916992 0.81731 0.05012064 
0.1650627 0.001355308 0.8037599 0.02982201 
0.07330726 0.1388453 0.7863992 0.001448199 
0.20951 0.03574876 0.7475283 0.00721288 
0.1210625 0.03255626 0.8369111 0.009470106 
0.1437426 0.06545612 0.755522 0.03527926 
0.002735367 0.1389903 0.7697241 0.08855019 
0.006849463 0.05460792 0.7469476 0.191595 
0.0004551327 0.0462305 0.8149363 0.1383781 
0.00370092 0.06065761 0.795715 0.1399265 
0.007776917 0.04542711 0.732482 0.2143139 
0.003583958 0.07540342 0.6550561 0.2659565 
0.07059693 0.002417303 0.8159488 0.111037 
0.04652951 0.005099313 0.7703486 0.1780226 
0.058007 0.008747592 0.8271334 0.106112 
0.1159145 0.007882831 0.7838747 0.09232796 
0.008290793 0.05852639 0.7315284 0.2016544 
0.01292063 0.06112597 0.8190849 0.1068685 
0.01146023 0.03230384 0.7767222 0.1795137 
0.01374806 0.06419969 0.8115377 0.1105145 
0.02932816 0.0277546 0.8746714 0.06824586 
0.02686966 0.03124035 0.733286 0.208604 
0.03582266 0.05455302 0.7943239 0.1153004 
0.02329897 0.06509637 0.7735417 0.138063 
0.005013214 0.05114168 0.8127505 0.1310946 
0.003971812 0.0668477 0.7344362 0.1947443 
0.02017017 0.04906171 0.8166557 0.1141124 
0.02830494 0.07349626 0.7659492 0.1322496 
0.006041367 0.0438437 0.7840023 0.1661126 
0.004505868 0.05533816 0.7876862 0.1524698 
0.0122121 0.04150173 0.756704 0.1895821 
0.01868971 0.03623391 0.8346734 0.1104029 
0.003702259 0.0762868 0.7623707 0.1576403 
0.02049836 0.05162352 0.7785127 0.1493655 
0.01340704 0.07785998 0.7964404 0.1122926 
0.004677436 0.04608745 0.7786603 0.1705748 
0.1174442 0.08642689 0.7210533 0.07507556 
0.02026959 0.0957577 0.7965564 0.08741626 
0.1027947 0.1040901 0.7881341 0.004981055 
0.1561914 0.1040313 0.720986 0.01879138 
0.1563083 0.05466258 0.7869686 0.002060486 
0.136131 0.05356641 0.7288948 0.08140777 
0.1006851 0.04635973 0.7812615 0.07169364 
0.1648484 0.02890701 0.8020632 0.004181458 
0.1368597 0.03106686 0.7904271 0.04164628 
0.09982819 0.05015138 0.815469 0.03455141 
0.1097937 0.03333179 0.7785856 0.07828887 
0.112856 0.0009068745 0.7921846 0.09405256 
0.1694758 0.002923858 0.760928 0.0666724 
0.1057442 0.003905886 0.7618612 0.1284887 
0.1498358 0.0002407211 0.8145027 0.03542077 
0.1489695 0.01362889 0.7799073 0.05749437 
0.08129321 0.05952406 0.7898672 0.06931556 
0.1340148 0.1011366 0.7638851 0.0009635785 
0.101478 0.09304251 0.7762979 0.02918162 
0.1353791 0.04901974 0.8087735 0.006827636 
0.1660813 0.08160626 0.7173281 0.03498428 
0.1017263 0.02882574 0.8480908 0.0213571 
0.146766 0.06086482 0.7642683 0.02810092 
0.1705482 0.007883925 0.755363 0.06620483 
0.1280445 0.001559378 0.786726 0.08367014 
0.1465921 0.01161586 0.7945456 0.04724643 
0.1730399 0.02722685 0.716033 0.08370021 
0.1407785 0.04780686 0.8054044 0.006010202 
0.1224148 0.0004378393 0.7706927 0.1064547 
0.1883936 0.00215658 0.6977287 0.1117211 
0.09599333 0.008969318 0.8102837 0.08475361 
0.1159619 0.004728226 0.7712923 0.1080175 
0.1627245 0.0376602 0.7789989 0.02061637 
0.201072 0.0660028 0.7296651 0.003260071 
0.1663277 0.07171259 0.7466252 0.01533455 
0.1464585 0.09279617 0.7570255 0.003719781 
0.07420245 0.0205682 0.8877617 0.0174677 
0.158933 0.07494101 0.7554088 0.01071718 
0.1042425 0.01815197 0.8668287 0.01077684 
0.09615012 0.0447364 0.8529428 0.006170636 
0.1904379 0.07590372 0.7249729 0.00868546 
0.1184239 0.05584064 0.816984 0.008751446 
0.1248161 0.06651556 0.807408 0.001260288 
0.1548219 0.04566114 0.7879286 0.01158837 
0.1250193 0.03496863 0.8191213 0.02089077 
0.1084162 0.04822903 0.828241 0.01511383 
0.1831209 0.08183219 0.7310825 0.003964456 
0.08253094 0.08547638 0.823075 0.008917688 
0.1399682 0.06922929 0.764769 0.02603354 
0.1111998 0.1177627 0.7673792 0.003658309 
0.1748806 5.791704e-05 0.7175422 0.1075193 
0.1183211 0.0170099 0.8307739 0.03389512 
0.1681633 0.004642776 0.7730189 0.05417505 
0.1611519 0.08109861 0.7132404 0.04450916 
0.1065413 0.1186068 0.7333382 0.04151376 
0.1409287 0.07818695 0.7759003 0.004984011 
0.05616203 0.1064841 0.836412 0.0009418403 
0.1019464 0.1377677 0.732135 0.02815095 
0.1431563 0.03187112 0.8245817 0.000390868 
0.2209039 0.03144151 0.6978146 0.04984002 
0.1134077 0.07454547 0.8083583 0.003688616 
0.13916 0.07518766 0.7507342 0.0349181 
0.1839886 0.06255317 0.7390807 0.01437753 
0.1069395 0.06205924 0.7993253 0.03167596 
0.08956896 0.06281198 0.840407 0.007212011 
0.1407232 0.06004905 0.7986928 0.0005349568 
0.105662 0.03145021 0.8307143 0.03217346 
0.1133322 0.06192929 0.7986009 0.02613764 
0.1372455 0.06539807 0.7860386 0.01131785 
0.1592039 0.05012403 0.7721024 0.01856972 
0.1305418 0.0761879 0.7678175 0.02545273 
0.1286923 0.05091511 0.8175138 0.002878759 
0.1092184 0.04444485 0.8340799 0.01225687 
0.1790936 0.06293504 0.7184182 0.03955315 
0.08434916 0.03998492 0.8687113 0.006954604 
0.1633019 0.05053277 0.7345676 0.05159768 
0.1921587 0.007562026 0.7535041 0.04677518 
0.1230493 0.001885569 0.8313775 0.04368762 
0.1209768 0.06172251 0.7375307 0.07976999 
0.1355082 0.03707537 0.7833548 0.04406164 
0.1360446 0.001782401 0.7303865 0.1317864 
0.07221626 0.04613028 0.8218746 0.05977887 
0.09250496 0.1244378 0.7661423 0.0169149 
0.1456232 0.07260329 0.7600483 0.02172528 
0.131745 0.05947502 0.8078682 0.0009117591 
0.004388805 0.07995949 0.7882834 0.1273684 
0.03852097 0.07332924 0.7434778 0.144672 
0.09482573 0.01522743 0.7446747 0.1452721 
0.009211053 0.04169882 0.7258354 0.2232547 
0.03565597 0.07852289 0.7184235 0.1673977 
0.02656696 0.09665129 0.7024674 0.1743143 
0.01236063 0.1302714 0.8119295 0.04543851 
0.1360451 0.06862269 0.7826777 0.01265451 
0.08049848 0.00386261 0.8689493 0.04668964 
0.1660232 0.07594025 0.6927912 0.06524528 
0.1389215 0.03609806 0.8056019 0.01937859 
0.1250324 0.05296187 0.7698416 0.05216415 
0.1400274 0.0413143 0.7790816 0.0395767 
0.1664514 0.0577344 0.7451582 0.03065598 
0.1154603 0.0405655 0.8240228 0.01995136 
0.1788313 0.06199579 0.7478432 0.01132972 
0.06199725 0.03385897 0.8427877 0.06135612 
0.1239734 0.08334181 0.7857713 0.0069135 
0.1548694 0.02774508 0.8084002 0.008985344 
0.1772216 0.1069802 0.7112031 0.004595095 
0.1435832 0.04872531 0.8006405 0.007050964 
0.08190372 0.06853953 0.8271879 0.02236886 
0.02139636 0.04412971 0.7481274 0.1863466 
0.003881931 0.03165803 0.8546111 0.109849 
0.08351521 0.01482349 0.7775646 0.1240967 
0.02314667 0.01356364 0.8177985 0.1454912 
0.06005993 0.02080626 0.7537519 0.1653819 
0.02494738 0.006569239 0.7829126 0.1855708 
0.1601515 0.04654084 0.733893 0.05941466 
0.1105073 0.03553785 0.8449672 0.008987656 
0.1038164 0.0357336 0.8542808 0.006169157 
0.1345781 0.04770759 0.7945202 0.02319414 
0.1760076 0.07300131 0.6831826 0.0678085 
0.1465216 0.05200699 0.771912 0.02955946 
0.0947243 0.04260799 0.8379216 0.0247461 
0.06560309 0.05077257 0.8716519 0.01197246 
0.1271312 0.06788846 0.7456261 0.05935422 
0.1518645 0.02225972 0.809882 0.0159938 
0.1745903 0.05799884 0.752168 0.01524289 
0.1785103 0.05470682 0.7113422 0.05544068 
0.1359925 0.021203 0.7804963 0.06230824 
0.1139704 0.01063534 0.793277 0.08211718 
0.1421688 0.02809453 0.7768779 0.05285877 
0.08024637 0.07746205 0.8326544 0.009637151 
0.1708546 0.07369719 0.7528539 0.002594345 
0.1195714 0.03882129 0.8387529 0.002854463 
0.1174283 0.05534595 0.8188158 0.008409972 
0.1248755 0.04606696 0.8023324 0.0267251 
0.1687692 0.05134562 0.7527982 0.02708693 
0.1142 0.1023549 0.7596241 0.02382104 
0.1475427 0.09772709 0.7391943 0.01553588 
0.1471291 0.02938395 0.8034327 0.02005422 
0.04137846 0.05221257 0.7805159 0.1258931 
0.07315353 0.06272405 0.7187929 0.1453296 
0.009241876 0.06416731 0.7686219 0.1579689 
0.003401391 0.1224676 0.7194316 0.1546995 
0.01269083 0.05493921 0.7436386 0.1887313 
0.09920039 0.04835381 0.7217547 0.1306911 
0.00540264 0.1042139 0.8042569 0.08612648 
0.03380425 0.08889409 0.7275283 0.1497734 
0.06178915 0.0464026 0.7733005 0.1185078 
0.03784914 0.1407088 0.7105377 0.1109043 
0.105143 0.07733857 0.758878 0.05864039 
0.1287221 0.05414155 0.8153199 0.001816469 
0.1514419 0.06912478 0.770717 0.008716362 
0.1815542 0.1141566 0.6987566 0.005532615 
0.1729775 0.02811335 0.760088 0.03882109 
0.08141819 0.01548359 0.8550954 0.04800277 
0.154325 0.03225543 0.7533369 0.06008264 
0.1115723 0.006630153 0.7763232 0.1054744 
0.1364 0.01853435 0.7839369 0.06112881 
0.1481467 0.02181793 0.7624335 0.06760193 
0.1614113 0.09881697 0.7348542 0.004917506 
0.1202734 0.08068216 0.7859409 0.01310353 
0.1089528 0.05380494 0.8328907 0.0043515 
0.1276876 0.09488122 0.7562113 0.02121992 
0.1198159 0.07662478 0.7868535 0.01670575 
0.1321972 0.07878107 0.7616712 0.02735056 
0.1407267 0.05000483 0.7985553 0.01071315 
0.1212373 0.08446506 0.7171604 0.07713727 
0.131282 0.04360397 0.815364 0.009750049 
0.1120361 0.0567462 0.7804894 0.05072836 
0.06004606 0.03425236 0.8941689 0.01153272 
0.1104751 0.0590463 0.7981094 0.03236919 
0.1478569 0.09273992 0.7320028 0.02740037 
0.1829434 0.05810343 0.7268499 0.0321032 
0.1378865 0.05430575 0.784135 0.02367272 
0.1264881 0.07178383 0.794738 0.006990052 
0.1318885 0.06853024 0.7896036 0.009977652 
0.1148377 0.07807126 0.7442262 0.0628649 
0.1203329 0.1210349 0.7577677 0.0008645149 
0.1265414 0.06729705 0.7967235 0.00943801 
0.07236293 0.05919978 0.842627 0.02581032 
0.1263875 0.04402462 0.8164693 0.0131185 
0.1911777 0.01674573 0.7648505 0.02722607 
0.2013163 0.001411437 0.6921862 0.105086 
0.1367309 0.02202791 0.787129 0.05411219 
0.1290964 0.01921787 0.8054855 0.04620023 
0.1596764 0.07317365 0.7575145 0.009635459 
0.1432266 0.06049701 0.7803774 0.01589893 
0.1593185 0.02216379 0.8046805 0.01383724 
0.1734113 0.09296776 0.7212236 0.01239736 
0.1551261 0.1013262 0.6796253 0.06392241 
0.08491663 0.09133004 0.8198834 0.003869953 
0.1125769 0.06309929 0.8115206 0.01280317 
0.1651688 0.08335669 0.7136857 0.03778879 
0.08195257 0.0532971 0.8642431 0.0005072416 
0.1688325 0.06821548 0.7302904 0.03266159 
0.09882574 0.06523018 0.8022023 0.03374178 
0.09709925 0.05309261 0.8322036 0.0176045 
0.1207521 0.05166228 0.8105088 0.01707687 
0.1163994 0.04107206 0.8357704 0.006758164 
0.1333513 0.1074717 0.7427551 0.01642185 
0.138626 0.03775184 0.7947861 0.02883596 
0.07239948 0.1261243 0.7327647 0.06871155 
0.1398935 0.04334875 0.7279945 0.0887633 
0.1328493 0.002756424 0.7305244 0.1338699 
0.07438302 0.06441361 0.781311 0.07989239 
0.0781877 0.02775317 0.8018946 0.09216449 
0.2082691 0.01654296 0.768314 0.006873928 
0.1585218 0.05797132 0.7423609 0.04114594 
0.1976828 0.0331276 0.7625805 0.006609171 
0.1441967 0.09313278 0.7604524 0.002218115 
0.2039417 0.06929319 0.7014212 0.0253439 
0.1464637 0.05421059 0.7872151 0.0121107 
0.1246879 0.02881665 0.8341987 0.01229675 
0.1228934 0.1100491 0.7611299 0.005927588 
0.1378673 0.04512357 0.8097396 0.007269526 
0.1686219 0.05164936 0.7507348 0.02899393 
0.1573935 0.0221674 0.7619393 0.05849985 
0.143316 0.01287766 0.8000011 0.0438052 
0.1217242 0.008237281 0.8230017 0.04703677 
0.1044341 0.03129423 0.7982605 0.06601122 
0.2136232 0.02521031 0.7043363 0.05683022 
0.09719197 0.0008633723 0.8579886 0.04395602 
0.1105424 0.001663009 0.8324361 0.05535849 
0.1480645 0.02918969 0.7465789 0.07616686 
0.1830786 0.007047144 0.7171188 0.09275552 
0.10288 0.02842756 0.8195806 0.04911178 
0.1019617 0.02950134 0.800637 0.06789998 
0.1330124 0.03976327 0.7935403 0.03368397 
0.08784398 0.05995628 0.8510517 0.001147991 
0.1589102 0.002951198 0.7574804 0.08065813 
0.0607561 0.03969682 0.7873947 0.1121524 
0.1204825 0.04806074 0.8060546 0.02540211 
0.2052863 0.004643519 0.7057637 0.0843065 
0.1419005 0.01501024 0.7472864 0.09580285 
0.1118408 0.03207359 0.7891151 0.06697052 
0.1672641 0.02031593 0.7584395 0.05398042 
0.1793368 0.001949643 0.7591334 0.05958017 
0.09629628 0.06260858 0.7531379 0.08795722 
0.08807061 0.03754334 0.820111 0.05427502 
0.1066651 0.0116956 0.8320397 0.04959962 
0.1534861 0.004860982 0.7812802 0.06037276 
0.1905881 0.002775012 0.7526481 0.0539888 
0.1506696 0.004526377 0.7397667 0.1050373 
0.1245411 0.07009587 0.803572 0.001791102 
0.06400666 0.1598389 0.7735168 0.002637685 
0.1071162 0.07425838 0.7653577 0.05326769 
0.1788245 0.0009470403 0.8013148 0.01891365 
0.114694 0.01529099 0.8363767 0.03363828 
0.1766711 0.01231686 0.7215761 0.08943587 
0.09181453 0.008728253 0.8647491 0.03470813 
0.1490179 0.000685987 0.7999084 0.05038766 
0.1479989 0.0257233 0.7566632 0.0696146 
0.09985581 0.03025813 0.7942314 0.07565468 
0.123651 0.0106171 0.7689096 0.0968223 
0.1684152 0.02433874 0.7742052 0.0330408 
0.130855 0.03281031 0.8231793 0.0131554 
0.08714991 0.08734424 0.8017254 0.02378047 
0.1050994 0.07715239 0.792545 0.02520317 
0.01374495 0.1613235 0.8155744 0.009357101 
0.01891758 0.1320164 0.8239744 0.02509158 
0.1390256 0.00369907 0.8256501 0.03162528 
0.1886335 0.0346359 0.7580862 0.01864439 
0.123378 0.08271574 0.7444959 0.04941036 
0.1146904 0.09457208 0.7648228 0.02591469 
0.1560757 0.001994412 0.8081103 0.03381959 
0.0690699 0.07016769 0.8482424 0.01252003 
0.1222598 0.05741084 0.8107357 0.00959362 
0.122514 0.04728318 0.8283979 0.001804886 
0.1498494 0.03151628 0.7916073 0.027027 
0.1024399 0.03405737 0.7689781 0.0945246 
0.140897 0.01477056 0.7781609 0.06617156 
0.1134866 0.07211071 0.7675438 0.04685895 
0.1287009 0.002595197 0.8031067 0.06559725 
0.1342163 0.01571102 0.7447756 0.1052971 
0.1054918 0.008888074 0.8367292 0.04889091 
0.142576 0.03431008 0.8222054 0.0009084795 
0.1053646 0.0474523 0.8440667 0.003116385 
0.09840748 0.02961858 0.8651937 0.006780229 
0.08619042 0.08068178 0.8285853 0.004542452 
0.1495639 0.06072318 0.7299459 0.05976708 
0.001714556 0.03719644 0.8106798 0.1504092 
0.002459425 0.05313277 0.7959905 0.1484173 
0.05710399 0.01384294 0.8208326 0.1082205 
0.0462992 0.01374102 0.8209994 0.1189604 
0.0832037 0.006116064 0.8045239 0.1061563 
0.04036145 0.001944696 0.8071515 0.1505423 
0.05370565 0.0142873 0.7598338 0.1721732 
0.05518847 0.03679402 0.7384938 0.1695238 
0.0940435 0.005245802 0.8077116 0.09299909 
0.1092372 0.005768448 0.7266623 0.1583321 
0.0295435 0.07599921 0.8330895 0.06136774 
0.04801316 0.1190683 0.7502672 0.08265138 
0.04590176 0.1474838 0.7890253 0.0175892 
0.04361106 0.09883241 0.8222242 0.03533229 
0.03730089 0.1196209 0.8295527 0.01352559 
0.0572241 0.189427 0.7320347 0.02131425 
0.06038924 0.1005553 0.8206022 0.0184532 
0.0699033 0.2302555 0.5981976 0.1016436 
0.06412686 0.09784131 0.8159565 0.02207535 
0.07858018 0.1890786 0.6988362 0.03350501 
0.03303579 0.1086074 0.8407611 0.01759574 
0.1017961 0.1465076 0.729183 0.02251322 
0.1168847 0.1205195 0.7408535 0.02174231 
0.03153103 0.1704248 0.724229 0.07381519 
0.05772304 0.1344469 0.8069255 0.000904588 
0.01730532 0.1357609 0.8430868 0.003847048 
0.03793893 0.1454651 0.8094616 0.007134387 
0.043103 0.1837914 0.770386 0.002719589 
0.06245252 0.1622221 0.7703013 0.005024076 
0.04631144 0.1239226 0.79705 0.03271604 
0.05109819 0.1553311 0.7678805 0.02569023 
0.07823871 0.1735771 0.7444486 0.003735616 
0.0719135 0.1751391 0.7491919 0.003755545 
0.1322766 0.130733 0.7129972 0.02399323 
0.01843558 0.1207483 0.7398 0.1210161 
0.05882045 0.1651985 0.7581154 0.01786567 
0.1140236 0.1400344 0.7389178 0.00702425 
0.0157389 0.13631 0.7894512 0.05849984 
0.08142397 0.1182841 0.7658339 0.03445806 
0.07696201 0.2008349 0.7170324 0.005170686 
0.06422816 0.07718754 0.8170102 0.04157409 
0.01955386 0.1402074 0.7824751 0.05776364 
0.01001681 0.1327792 0.8345897 0.0226143 
0.00651539 0.1319574 0.7913111 0.07021609 
0.05883993 0.1358438 0.7570564 0.04825984 
0.05406964 0.08406554 0.8025495 0.05931532 
0.03909201 0.1372438 0.7446077 0.07905648 
0.03780784 0.1334371 0.7375966 0.0911584 
0.0273386 0.103845 0.841505 0.02731141 
0.05472186 0.2015746 0.7436879 1.570321e-05 
0.05118985 0.1942038 0.7218667 0.03273968 
0.03171421 0.1263295 0.7528522 0.0891041 
0.02821528 0.144344 0.7822309 0.04520979 
0.008975776 0.09833044 0.8104788 0.08221496 
0.03073449 0.06140896 0.8329292 0.07492736 
0.01473106 0.105131 0.8249034 0.05523463 
0.07456104 0.1222844 0.7411729 0.06198173 
0.02645958 0.1240291 0.7696931 0.07981819 
0.006912716 0.1541578 0.7483536 0.09057591 
0.001013646 0.177427 0.772582 0.04897741 
0.004575566 0.1192489 0.7664984 0.1096772 
0.02218392 0.1226452 0.8067756 0.04839526 
0.02639025 0.1876588 0.7822685 0.003682513 
0.04612845 0.1316876 0.776658 0.04552597 
0.06945571 0.1152549 0.8110716 0.004217851 
0.02784281 0.0666253 0.8938445 0.01168741 
0.02313009 0.1304346 0.8366448 0.009790578 
0.05746202 0.1350274 0.8012777 0.006232873 
0.1017222 0.1254455 0.7562853 0.01654712 
0.03854632 0.1985649 0.7513715 0.01151728 
0.0738743 0.1046784 0.818811 0.002636286 
0.04209986 0.09105814 0.8525983 0.01424369 
0.07257648 0.1262271 0.8007944 0.0004020483 
0.01879153 0.1125766 0.8537205 0.0149114 
0.008168231 0.1433056 0.766723 0.08180316 
0.06324856 0.08395963 0.8526755 0.0001163024 
0.06457292 0.1346269 0.7755957 0.02520446 
0.0439787 0.1175894 0.8068778 0.03155407 
0.0442244 0.1056873 0.8200742 0.03001413 
0.03997464 0.187095 0.7583601 0.01457018 
0.01429577 0.1759908 0.7301935 0.07951988 
0.001198141 0.2415857 0.6900541 0.06716207 
0.01428301 0.2400715 0.7193687 0.02627673 
0.00193558 0.1785503 0.7727839 0.04673023 
0.01605365 0.1461018 0.748887 0.08895759 
0.0821772 0.09891745 0.7680177 0.05088766 
0.03784083 0.114472 0.7465802 0.101107 
0.06117251 0.1088503 0.7907922 0.03918489 
0.06642473 0.08455478 0.7454172 0.1036033 
0.1182455 0.1230203 0.7547771 0.003957073 
0.08114978 0.1313133 0.7635436 0.02399333 
0.01799679 0.1563616 0.7928022 0.03283934 
0.08234322 0.1310943 0.7814753 0.005087121 
0.05484009 0.1549642 0.7862219 0.003973838 
0.02683175 0.1309649 0.7985736 0.04362982 
0.0660195 0.1294517 0.7785884 0.0259404 
0.07492067 0.1189105 0.7960379 0.01013094 
0.001800043 0.1215207 0.7437563 0.132923 
0.06098092 0.1406129 0.7945759 0.003830324 
0.01795632 0.1338521 0.7535637 0.09462792 
0.05730124 0.1401854 0.7270964 0.07541699 
0.03535357 0.1398064 0.7758867 0.04895332 
0.09232583 0.1465432 0.7576036 0.003527389 
0.05709206 0.124642 0.7933325 0.02493348 
0.08375223 0.0832003 0.8283866 0.004660881 
0.05347037 0.139771 0.7989196 0.007839066 
0.06519324 0.1632156 0.7152374 0.05635371 
0.01318498 0.1019499 0.7364063 0.1484588 
0.01771513 0.1388438 0.7890134 0.05442762 
0.01703908 0.08427471 0.8488297 0.04985656 
0.0271298 0.1182861 0.7626724 0.0919117 
0.06055566 0.08673434 0.7632558 0.08945417 
0.02175664 0.08810301 0.7429714 0.147169 
0.00527079 0.1284655 0.8234229 0.04284088 
0.0298684 0.07200122 0.7802995 0.1178309 
0.01219678 0.1007156 0.7669577 0.1201299 
0.005978869 0.1066365 0.8330012 0.0543834 
0.004239608 0.1088826 0.8530785 0.03379933 
0.01388361 0.1807418 0.7537062 0.05166839 
0.003575852 0.1345012 0.8543161 0.007606822 
0.008355549 0.2237595 0.6996675 0.06821745 
0.07785462 0.1158602 0.780895 0.02539019 
0.04660382 0.1055457 0.7987855 0.04906502 
0.0289161 0.1543994 0.7831985 0.03348603 
0.04927402 0.1380414 0.7790345 0.03365001 
0.03568704 0.0820072 0.8002782 0.08202751 
0.08242672 0.1661284 0.7138664 0.03757845 
0.06119177 0.1757355 0.7583889 0.004683882 
0.01053092 0.1062748 0.8295653 0.05362899 
0.03832112 0.1365512 0.8168839 0.00824382 
0.05247001 0.1757029 0.7611104 0.01071667 
0.03723322 0.2086923 0.7359919 0.01808257 
0.0547037 0.08957768 0.8150609 0.04065768 
0.03414382 0.1512824 0.8046549 0.009918824 
0.03303017 0.1124752 0.7644175 0.09007716 
0.03246587 0.1473469 0.803069 0.01711821 
0.135085 0.103378 0.7390802 0.02245673 
0.02638311 0.08670583 0.7494478 0.1374633 
0.02132868 0.2368584 0.7170087 0.02480426 
0.03760018 0.124865 0.816078 0.02145689 
0.009887225 0.1130524 0.8105163 0.06654413 
0.008337773 0.149208 0.7912805 0.05117374 
0.01856352 0.103838 0.8273051 0.05029336 
0.007000291 0.2129706 0.7390197 0.04100933 
0.02271574 0.1550406 0.698639 0.1236047 
0.0001045906 0.201493 0.7445642 0.05383822 
0.03319299 0.1340782 0.7887646 0.04396424 
0.02486039 0.1554345 0.7567249 0.06298024 
0.008807694 0.1510886 0.7932622 0.04684156 
0.01625542 0.1659416 0.7504564 0.06734654 
0.01857311 0.09811051 0.8186539 0.06466253 
0.01874195 0.09530669 0.7768773 0.109074 
0.00797926 0.09889849 0.8117247 0.08139753 
0.03050526 0.1639113 0.7573087 0.04827479 
0.04481934 0.1287236 0.7425906 0.08386645 
0.0002502576 0.2365573 0.7070693 0.0561232 
0.06255625 0.1699924 0.7463027 0.02114864 
0.007421419 0.1520452 0.7045949 0.1359386 
0.05778036 0.09412935 0.7675835 0.08050675 
0.03095027 0.100274 0.8238471 0.0449286 
0.006873194 0.1553859 0.7650447 0.07269621 
0.02106149 0.1218516 0.7752309 0.08185599 
0.0491605 0.08019028 0.788703 0.08194619 
0.08138668 0.185373 0.6791184 0.05412194 
0.0187795 0.09717641 0.8440107 0.04003337 
0.1012737 0.1592657 0.7251641 0.01429656 
0.08721222 0.09694267 0.8143626 0.001482502 
0.1322595 0.1489083 0.7146867 0.004145532 
0.04781049 0.1298743 0.8077324 0.01458281 
0.03686152 0.1510775 0.8074585 0.004602426 
0.05323208 0.09024822 0.8363302 0.02018953 
0.04447413 0.09172234 0.8237039 0.04009962 
0.06556632 0.09390756 0.8330342 0.007491962 
0.0646545 0.06661147 0.8658155 0.002918552 
0.07920274 0.07397083 0.8192154 0.02761101 
0.03000582 0.1653455 0.7744251 0.03022354 
0.03936641 0.2118708 0.7435686 0.005194175 
0.02883737 0.1286201 0.82426 0.01828256 
0.0002124006 0.1533144 0.7703031 0.07617004 
0.04839554 0.1410197 0.8074673 0.0031175 
0.11687 0.06835628 0.7572918 0.05748192 
0.03087716 0.1938516 0.7386897 0.0365815 
0.009074247 0.1476896 0.7613897 0.08184644 
0.0631737 0.05355216 0.75718 0.1260941 
0.02953479 0.1109623 0.829141 0.03036188 
0.09422886 0.07528605 0.8275617 0.002923425 
0.05444979 0.1797324 0.7343751 0.03144278 
0.01272942 0.1516005 0.7572227 0.07844737 
0.05660353 0.1096743 0.8033694 0.03035277 
0.002362048 0.1865735 0.7643685 0.04669596 
0.02600759 0.08113565 0.860682 0.03217476 
0.01450576 0.1455442 0.7943549 0.0455952 
0.0004825556 0.1504701 0.7819856 0.06706174 
0.06796692 0.110837 0.7733198 0.04787627 
0.004913433 0.1460792 0.7508526 0.0981548 
0.01012362 0.1059153 0.8268059 0.05715508 
0.04269512 0.0999218 0.7659846 0.0913985 
0.08165827 0.107011 0.7886902 0.02264046 
0.03679026 0.1615938 0.7732534 0.02836254 
0.0261134 0.1784595 0.7867223 0.008704734 
0.05050969 0.1365231 0.784232 0.02873528 
0.03400277 0.110839 0.7977713 0.05738695 
0.02898152 0.09455711 0.8505721 0.0258893 
0.04317494 0.1036966 0.8431626 0.009965863 
0.01975495 0.08850378 0.8822442 0.009497118 
0.08689173 0.1419805 0.7378836 0.0332442 
0.1376959 0.1162122 0.711636 0.0344559 
0.07559089 0.1281588 0.7682427 0.0280076 
0.01030689 0.1348562 0.7760337 0.07880323 
0.01469844 0.1496917 0.6685925 0.1670173 
0.04832291 0.07015122 0.8213099 0.06021598 
0.0258266 0.11976 0.7513238 0.1030896 
0.03952233 0.1736624 0.7224974 0.06431787 
0.003509693 0.1184888 0.8285669 0.04943461 
0.0174254 0.1728665 0.7483476 0.06136056 
0.005119481 0.2184856 0.746106 0.03028899 
0.0473671 0.1355958 0.7696435 0.04739355 
0.006300927 0.1167538 0.8262723 0.050673 
0.03570792 0.0854365 0.8024188 0.07643674 
0.003988458 0.1109679 0.8215652 0.06347848 
0.03632979 0.1233957 0.8090986 0.03117597 
0.03266513 0.1803101 0.7374254 0.04959935 
0.02985531 0.1457523 0.7586868 0.06570562 
0.1294097 0.1327602 0.7366862 0.001143888 
0.002556797 0.1058833 0.8302855 0.06127449 
0.00583427 0.1520663 0.7649191 0.07718032 
0.02145173 0.1297013 0.8141828 0.03466415 
0.01957814 0.1093494 0.7761379 0.09493461 
0.006180825 0.1329769 0.784859 0.07598319 
0.02031982 0.1242023 0.791829 0.06364893 
0.0185561 0.1124266 0.8492588 0.01975852 
0.01849039 0.196757 0.741209 0.04354366 
0.02610146 0.1313463 0.8195029 0.02304927 
0.0005100685 0.1441181 0.8059932 0.04937868 
0.03685819 0.1199565 0.7940267 0.04915862 
0.02460382 0.1248858 0.8166489 0.03386146 
0.006770216 0.1120089 0.8238121 0.05740882 
0.005235558 0.1224677 0.8097246 0.06257217 
0.005484956 0.1161163 0.8166621 0.06173658 
0.01950923 0.1547592 0.7834284 0.04230313 
0.038029 0.1777295 0.7543332 0.0299083 
0.02154083 0.1209935 0.7856191 0.07184657 
0.01200811 0.09696713 0.8241455 0.06687925 
0.02998485 0.1342187 0.781938 0.05385845 
0.01426674 0.1208008 0.798295 0.06663751 
0.02168058 0.1473921 0.7804497 0.05047759 
0.02654477 0.1871205 0.7286517 0.05768305 
0.02638011 0.1988565 0.7506212 0.02414222 
0.02868167 0.1451225 0.7817276 0.04446829 
0.09610583 0.1366628 0.7191691 0.04806235 
0.03195606 0.1495985 0.7426892 0.07575623 
0.008339031 0.1380656 0.8341728 0.01942257 
0.04791857 0.06314201 0.8685436 0.02039581 
0.005621936 0.1302017 0.8157212 0.04845514 
0.004343093 0.1447342 0.7879748 0.06294793 
0.01635753 0.05466753 0.8045611 0.1244139 
0.02256518 0.07567708 0.7902912 0.1114665 
0.06696271 0.07346834 0.7132449 0.146324 
0.03379337 0.03364447 0.8285447 0.1040175 
0.003564553 0.07989191 0.8399655 0.07657808 
0.01339523 0.09412153 0.7346906 0.1577926 
0.007379375 0.08396401 0.7756686 0.132988 
0.007102586 0.08160519 0.7344492 0.1768431 
0.02376486 0.1585761 0.7090821 0.1085769 
0.03295712 0.05880207 0.7810766 0.1271643 
0.001214642 0.09462232 0.7718483 0.1323147 
0.02225147 0.03019063 0.7873172 0.1602407 
0.008759247 0.05583416 0.7574023 0.1780043 
0.04440345 0.05437729 0.7818884 0.1193308 
0.01321631 0.04878996 0.7987258 0.1392679 
0.03946761 0.01612386 0.7421973 0.2022112 
0.04747906 0.001673084 0.8195566 0.1312912 
0.03697102 0.01889686 0.7411021 0.20303 
0.03532647 0.0247236 0.7951675 0.1447825 
0.1276602 0.0003537683 0.7462865 0.1256995 
0.07262172 0.02579063 0.7851601 0.1164275 
0.1243006 0.04134942 0.6577836 0.1765664 
0.09621779 0.009581892 0.7946441 0.09955624 
0.009165241 0.06373439 0.7601903 0.16691 
0.006626015 0.03637603 0.8416194 0.1153785 
0.1033068 0.004802632 0.7943862 0.09750441 
0.00493022 0.03909253 0.8059239 0.1500534 
0.03587339 0.03551984 0.7777098 0.150897 
0.03006148 0.0849444 0.7981415 0.08685265 
0.02437708 0.07610968 0.8032563 0.09625694 
0.1453556 0.04727309 0.7990987 0.008272674 
0.1697001 0.01565395 0.7789812 0.03566477 
0.1455045 0.03977879 0.8002809 0.01443582 
