p_1 p_2 p_3 
0.8036185 0.1930375 0.003344017 
0.6971171 0.297524 0.005358926 
0.7613337 0.2283829 0.01028337 
0.6883671 0.3096012 0.002031658 
0.749724 0.2388575 0.01141851 
0.6437293 0.356037 0.0002336776 
0.7493932 0.246975 0.003631761 
0.7685504 0.2294521 0.001997515 
0.7315959 0.2676225 0.0007816842 
0.754627 0.2150412 0.03033182 
0.6112663 0.3722862 0.01644747 
0.6376896 0.3620228 0.0002876114 
0.7692736 0.2304222 0.0003041915 
0.7169487 0.2796686 0.003382627 
0.7255883 0.2608428 0.01356893 
0.7885467 0.2072169 0.004236345 
0.7344589 0.261671 0.003870088 
0.687346 0.3070879 0.00556611 
0.6017532 0.3809039 0.01734289 
0.7083666 0.2880866 0.00354683 
0.6036578 0.3792947 0.01704757 
0.5959595 0.3973667 0.006673715 
0.7585955 0.2342472 0.007157375 
0.6959401 0.3018138 0.002246109 
0.7029659 0.2927635 0.004270556 
0.6770935 0.3115024 0.01140406 
0.7070889 0.2791506 0.01376042 
0.6943379 0.2970659 0.008596145 
0.6748346 0.324997 0.0001683396 
0.7500744 0.2307396 0.01918602 
0.759937 0.2397725 0.000290497 
0.6083122 0.3914491 0.0002386887 
0.7211023 0.2772676 0.001630059 
0.7703579 0.2280488 0.001593313 
0.7338902 0.2478855 0.01822426 
0.7234644 0.2762078 0.0003277448 
0.8045234 0.1952527 0.0002239113 
0.6181697 0.3773958 0.004434507 
0.7019496 0.2971954 0.0008550203 
0.736574 0.2460245 0.01740152 
0.6669344 0.3119577 0.02110786 
0.6294137 0.366654 0.003932284 
0.7354343 0.2604885 0.004077193 
0.6980044 0.2981639 0.00383168 
0.6600309 0.3289965 0.01097264 
0.6600115 0.3214106 0.01857786 
0.7166154 0.2721647 0.01121991 
0.7543366 0.2286428 0.0170206 
0.6675139 0.3319056 0.0005805771 
0.6890979 0.3000208 0.01088124 
0.6337478 0.3512477 0.01500449 
0.7411384 0.2557222 0.003139402 
0.6221916 0.3609365 0.01687185 
0.6616461 0.3273365 0.01101741 
0.733439 0.2542112 0.01234989 
0.6837862 0.3010438 0.01517005 
0.6978789 0.2950326 0.007088533 
0.7156444 0.2739076 0.01044801 
0.6687167 0.3306812 0.0006020402 
0.6757958 0.311106 0.01309818 
0.6446877 0.3488604 0.006451875 
0.7869208 0.2122774 0.0008018601 
0.7041286 0.2884097 0.007461658 
0.7254709 0.259205 0.01532416 
0.5881409 0.3985458 0.01331334 
0.6041022 0.3851674 0.0107304 
0.7272207 0.2682275 0.004551834 
0.6926014 0.3018541 0.005544501 
0.693721 0.3013848 0.004894161 
0.7333581 0.260921 0.005720924 
0.8116061 0.1720159 0.01637796 
0.6986866 0.2975804 0.003733042 
0.6591082 0.3392541 0.001637702 
0.6950329 0.2953432 0.009623862 
0.6875556 0.3120281 0.0004162056 
0.6685894 0.3039753 0.02743522 
0.773844 0.2203073 0.005848748 
0.7138423 0.2859468 0.0002108675 
0.5896333 0.3870966 0.02327004 
0.7290113 0.2638889 0.007099852 
0.707483 0.288399 0.004118073 
0.6311603 0.3656774 0.003162302 
0.6852688 0.309917 0.004814165 
0.6483914 0.3486268 0.002981741 
0.7411035 0.2587618 0.0001346674 
0.7732676 0.2028021 0.02393039 
0.6984497 0.2997502 0.001800129 
0.7168174 0.2667348 0.01644785 
0.7168795 0.2797027 0.003417835 
0.7215601 0.2664191 0.01202076 
0.6003836 0.3990288 0.0005875735 
0.7399377 0.2470769 0.01298542 
0.620668 0.3392798 0.04005218 
0.653141 0.3386186 0.008240424 
0.6994917 0.2782054 0.02230288 
0.7143957 0.2772179 0.008386473 
0.6667404 0.3274193 0.005840236 
0.6907136 0.2891362 0.02015018 
0.6599041 0.3386718 0.001424027 
0.6132703 0.3804578 0.006271862 
0.7002894 0.2848266 0.014884 
0.7188933 0.2742902 0.006816509 
0.6212681 0.3703959 0.008335948 
0.698988 0.2883147 0.01269732 
0.703593 0.2960588 0.0003482643 
0.7143485 0.2687597 0.01689184 
0.7551575 0.2377315 0.007111027 
0.6910208 0.3052515 0.003727683 
0.7117302 0.2852883 0.002981528 
0.7256039 0.2732184 0.001177708 
0.6094724 0.3796558 0.01087179 
0.7287163 0.2674052 0.003878504 
0.688884 0.2916166 0.01949942 
0.5586206 0.4388907 0.002488702 
0.7296334 0.2694379 0.0009287796 
0.7716799 0.2264088 0.001911373 
0.6622436 0.3303839 0.007372481 
0.7090669 0.2799857 0.01094738 
0.6832699 0.3154622 0.001267936 
0.7556315 0.2382835 0.006085068 
0.71215 0.2867453 0.001104677 
0.7419856 0.2515805 0.00643392 
0.7388299 0.2575213 0.003648816 
0.7358451 0.2524237 0.01173124 
0.6881239 0.3043526 0.007523492 
0.6697503 0.3288174 0.00143237 
0.7954219 0.1996416 0.004936493 
0.6509836 0.3425562 0.006460263 
0.6840977 0.3032069 0.0126954 
0.6485902 0.3470149 0.004394946 
0.7130581 0.2729325 0.01400934 
0.7179988 0.2740032 0.007997973 
0.6071482 0.3923135 0.0005382954 
0.6199052 0.3791836 0.0009111236 
0.6673938 0.325896 0.006710205 
0.7307406 0.2413454 0.02791395 
0.6801701 0.3181903 0.001639679 
0.5231367 0.4734372 0.003426103 
0.7086034 0.2901858 0.00121082 
0.6498452 0.3410555 0.009099296 
0.6996683 0.2999377 0.0003939517 
0.7104804 0.2705495 0.01897017 
0.7266328 0.2655928 0.007774377 
0.6988003 0.2875039 0.01369577 
0.6679811 0.3238401 0.008178808 
0.6588049 0.3409211 0.0002739443 
0.5928996 0.4063925 0.0007078288 
0.6511954 0.3384138 0.01039073 
0.6964581 0.3014733 0.0020686 
0.7393723 0.2591916 0.001436104 
0.6857647 0.3112575 0.002977885 
0.7236765 0.2620862 0.01423728 
0.7258955 0.2714105 0.002694015 
0.6000973 0.3944224 0.005480283 
0.6911665 0.3046943 0.004139208 
0.6203129 0.3740361 0.005651013 
0.6260006 0.3695654 0.004433935 
0.6385274 0.3598302 0.00164241 
0.6746108 0.3177803 0.007608857 
0.7594032 0.2279559 0.01264088 
0.7191815 0.2782487 0.002569752 
0.6803012 0.3155601 0.004138707 
0.6547693 0.3391861 0.006044635 
0.6656966 0.3342025 0.0001008279 
0.6967305 0.2806167 0.02265277 
0.6962008 0.2991133 0.004685915 
0.6853717 0.3075303 0.007097975 
0.6919973 0.3033272 0.004675484 
0.7536334 0.2377352 0.008631393 
0.7042651 0.2782221 0.01751285 
0.6789866 0.3187316 0.00228184 
0.7020847 0.2802106 0.01770468 
0.7471458 0.2511373 0.001716859 
0.7039627 0.2846969 0.01134041 
0.718327 0.278619 0.003054011 
0.6879034 0.2966075 0.01548918 
0.6350963 0.3586203 0.006283479 
0.602911 0.3967468 0.0003421749 
0.6920252 0.2917587 0.01621609 
0.7157795 0.283343 0.0008775079 
0.8002922 0.1929633 0.006744445 
0.7202589 0.275533 0.004208133 
0.6689995 0.3309189 8.160999e-05 
0.6530586 0.3460001 0.0009412771 
0.7314811 0.266565 0.001953849 
0.5919925 0.4076778 0.0003296812 
0.7675437 0.2294817 0.00297454 
0.7480375 0.2386702 0.01329227 
0.647856 0.3415094 0.01063463 
0.552927 0.4446367 0.002436358 
0.6880692 0.306089 0.005841782 
0.6869642 0.3070438 0.00599208 
0.6043121 0.391891 0.003796843 
0.6555194 0.3423869 0.002093686 
0.6451625 0.3405652 0.01427229 
0.7291568 0.2545864 0.01625679 
0.6928981 0.3040907 0.003011193 
0.6771116 0.3216993 0.001189169 
0.6816386 0.2928463 0.02551514 
0.6880282 0.3015856 0.01038626 
0.722749 0.2757248 0.001526268 
0.6584683 0.3355235 0.006008222 
0.7025006 0.2928178 0.004681596 
0.6844866 0.3135887 0.001924684 
0.7186428 0.2479545 0.03340269 
0.7036302 0.2942235 0.002146328 
0.7506733 0.2469793 0.002347418 
0.5824022 0.4036276 0.01397028 
0.6244134 0.3695495 0.006037158 
0.733856 0.2564984 0.009645568 
0.7377668 0.2563145 0.005918775 
0.7699811 0.2279713 0.002047583 
0.7165859 0.2794472 0.003966909 
0.7253629 0.2659428 0.008694354 
0.6317124 0.3640831 0.004204513 
0.633364 0.3540016 0.0126344 
0.6742543 0.3229002 0.002845497 
0.5794692 0.4185245 0.002006343 
0.6530772 0.3467408 0.0001819465 
0.5983176 0.3968176 0.004864737 
0.7700169 0.2297921 0.0001910311 
0.6655698 0.3240307 0.01039947 
0.6173827 0.3731246 0.009492768 
0.7498081 0.2412046 0.008987366 
0.7455547 0.2512312 0.003214162 
0.6953263 0.3029337 0.001740046 
0.7198251 0.2526456 0.02752933 
0.6863148 0.3113258 0.002359327 
0.6888175 0.2958431 0.01533938 
0.6743829 0.3207954 0.004821734 
0.6778097 0.3164357 0.00575464 
0.5433105 0.4551476 0.001541898 
0.7068686 0.284719 0.008412443 
0.5910522 0.4066804 0.002267451 
0.5931284 0.4063716 0.0005000748 
0.6785593 0.3190154 0.002425311 
0.6798492 0.3020988 0.01805196 
0.6566452 0.3411894 0.002165483 
0.7205314 0.2779052 0.001563452 
0.6965832 0.2998701 0.003546714 
0.7018554 0.293966 0.004178562 
0.6805802 0.3174971 0.001922615 
0.6662459 0.3324498 0.001304289 
0.6792045 0.2993411 0.02145443 
0.7118453 0.2846935 0.003461225 
0.6446301 0.3374408 0.0179291 
0.6592062 0.3383766 0.002417201 
0.7680834 0.2228823 0.009034326 
0.6774795 0.3160161 0.006504349 
0.805271 0.1927237 0.002005375 
0.6979583 0.3018802 0.000161478 
0.7166455 0.2806534 0.002701131 
0.7376035 0.2530533 0.00934324 
0.7287657 0.2695185 0.001715783 
0.6520948 0.3433978 0.004507435 
0.6993543 0.2902645 0.01038121 
0.6999515 0.2950666 0.004981927 
0.7473811 0.2450694 0.007549561 
0.6879502 0.3111225 0.0009273294 
0.6511902 0.344925 0.003884837 
0.7138322 0.280408 0.005759761 
0.733313 0.2660742 0.0006127526 
0.7102173 0.2834103 0.006372385 
0.5728264 0.4177468 0.009426862 
0.7538594 0.2412714 0.004869219 
0.7565349 0.2393732 0.004091906 
0.7127442 0.286757 0.0004988601 
0.7192561 0.2721016 0.008642266 
0.6489929 0.3413742 0.009632847 
0.5837579 0.4007041 0.01553796 
0.7157317 0.2804404 0.0038279 
0.7476525 0.2412317 0.01111581 
0.6797258 0.3201383 0.0001358813 
0.756057 0.2282682 0.01567478 
0.670448 0.3104903 0.01906166 
0.6858734 0.303421 0.01070563 
0.7445235 0.2516552 0.00382128 
0.7284563 0.2709174 0.000626264 
0.6914216 0.3064016 0.002176777 
0.6461719 0.3519329 0.00189519 
0.7557636 0.2398303 0.004406023 
0.7464856 0.2509952 0.002519248 
0.6295977 0.3626351 0.007767245 
0.7441075 0.250424 0.005468505 
0.7033972 0.2911669 0.005435937 
0.7054688 0.2729683 0.02156284 
0.6326956 0.3605792 0.006725246 
0.6424096 0.3532896 0.004300777 
0.6120984 0.3871073 0.0007942451 
0.6411801 0.3481465 0.01067346 
0.7277427 0.2687194 0.003537915 
0.606232 0.3833397 0.01042825 
0.7158367 0.2825987 0.001564552 
0.6084452 0.3572347 0.03432001 
0.5621814 0.4349905 0.002828067 
0.7333183 0.2625464 0.004135257 
0.7457029 0.2517605 0.002536522 
0.6750273 0.3154565 0.009516128 
0.7523523 0.2438347 0.003813002 
0.6156094 0.3788392 0.005551472 
0.6979652 0.2927832 0.009251634 
0.6549907 0.3417364 0.003272861 
0.6650498 0.3331954 0.001754808 
0.6398102 0.358794 0.001395805 
0.7680909 0.2312321 0.0006770367 
0.7236152 0.2730398 0.003344998 
0.6946671 0.3042887 0.001044194 
0.7231825 0.2757539 0.001063501 
0.6723516 0.3261603 0.001488093 
0.6750022 0.3170674 0.007930385 
0.7179948 0.2710636 0.01094161 
0.6648583 0.3166136 0.01852808 
0.634198 0.3635712 0.002230738 
0.7048913 0.2911614 0.003947277 
0.6725366 0.3233467 0.004116616 
0.7252855 0.270189 0.004525443 
0.6784828 0.3140126 0.007504657 
0.7507061 0.24816 0.001133908 
0.7168702 0.2805815 0.002548225 
0.7085631 0.2887738 0.002663109 
0.6031628 0.3877101 0.009127069 
0.7111735 0.287404 0.001422515 
0.6711234 0.3237879 0.005088719 
0.6962926 0.2982233 0.005484098 
0.6269076 0.3698159 0.00327652 
0.6991071 0.2981924 0.002700542 
0.7127095 0.2796397 0.007650863 
0.7000795 0.2858532 0.01406729 
0.6726566 0.3267227 0.0006206812 
0.5914612 0.4065775 0.001961288 
0.7315601 0.2640538 0.004386111 
0.6477333 0.3473913 0.004875422 
0.6870367 0.3026614 0.01030195 
0.7934677 0.2043533 0.002178979 
0.6728974 0.3094351 0.01766753 
0.6618768 0.3354377 0.002685564 
0.7858617 0.2021583 0.01198001 
0.6617692 0.3336807 0.004550075 
0.7773821 0.2148991 0.007718769 
0.5656503 0.42987 0.004479689 
0.6826413 0.3166354 0.0007232447 
0.7446121 0.2551757 0.0002122249 
0.7157548 0.2778346 0.006410522 
0.7900148 0.2062987 0.003686475 
0.6151049 0.3790871 0.005807949 
0.6350327 0.3595605 0.005406831 
0.6512786 0.3453186 0.003402759 
0.727592 0.2501774 0.02223062 
0.7417151 0.2508279 0.007457072 
0.6752444 0.3107933 0.01396225 
0.5698612 0.4283693 0.001769523 
0.7228438 0.276143 0.001013256 
0.6285708 0.3656282 0.005801019 
0.6657631 0.3275015 0.00673547 
0.7399352 0.2594403 0.0006244656 
0.7312745 0.2640463 0.004679248 
0.7519438 0.2417732 0.006282924 
0.6985148 0.3000562 0.001429002 
0.7187465 0.2712004 0.01005304 
0.6591192 0.3206623 0.02021855 
0.7548436 0.2447065 0.0004498567 
0.7928868 0.2044743 0.002638907 
0.7105022 0.2887609 0.0007368814 
0.6413493 0.3527028 0.0059479 
0.6703818 0.3185474 0.01107072 
0.683109 0.3163344 0.0005565784 
0.7083972 0.2873092 0.004293611 
0.6839299 0.3064288 0.009641319 
0.726245 0.2653728 0.008382122 
0.7193202 0.2740602 0.006619533 
0.7141153 0.2696453 0.01623935 
0.6527255 0.3454839 0.001790566 
0.7140446 0.2733815 0.01257399 
0.7104841 0.28394 0.0055759 
0.6924112 0.2910248 0.01656401 
0.6581216 0.3403092 0.001569226 
0.7286745 0.2627004 0.008625163 
0.7154852 0.2801305 0.004384249 
0.701739 0.2914944 0.006766639 
0.702782 0.2578363 0.03938169 
0.6953978 0.2792875 0.02531474 
0.6869205 0.3092699 0.003809565 
0.6944164 0.296337 0.009246634 
0.743053 0.254146 0.002800958 
0.7685755 0.2276236 0.003800855 
0.6233464 0.3477205 0.02893305 
0.6738479 0.3169198 0.009232326 
0.6696289 0.3258375 0.004533554 
0.7129135 0.286323 0.0007635012 
0.7474069 0.2523123 0.0002808459 
0.627082 0.3719954 0.0009226168 
0.6314191 0.3553022 0.01327868 
0.6910799 0.3080906 0.0008294861 
0.5927922 0.4053487 0.001859121 
0.6926417 0.3038481 0.00351023 
0.6482584 0.3325511 0.01919049 
0.7571241 0.2422169 0.0006590244 
0.6484094 0.3499391 0.001651528 
0.6562871 0.339948 0.003764904 
0.6428678 0.3529708 0.004161363 
0.7724562 0.2235594 0.003984389 
0.632963 0.3109248 0.05611224 
0.6782099 0.3198961 0.001894062 
0.6796076 0.3173367 0.003055709 
0.7566913 0.2431852 0.0001234737 
0.7512131 0.2472806 0.001506378 
0.7316647 0.245458 0.02287726 
0.6564688 0.3425635 0.0009676984 
0.7201904 0.2776985 0.00211108 
0.7410165 0.253415 0.005568544 
0.6860348 0.3138323 0.0001329175 
0.7406853 0.2547789 0.00453577 
0.7490398 0.247092 0.003868169 
0.7732982 0.2203356 0.006366154 
0.7454037 0.2421308 0.0124655 
0.6007547 0.3853212 0.01392411 
0.694557 0.2948337 0.0106093 
0.6610059 0.332221 0.006773121 
0.6738159 0.3250982 0.001085841 
0.6865074 0.307063 0.006429555 
0.7432449 0.2334232 0.0233319 
0.6458607 0.3538053 0.0003339918 
0.6447194 0.3439212 0.01135932 
0.7545529 0.2428813 0.002565859 
0.7868137 0.2126683 0.0005180591 
0.6573335 0.3401317 0.002534772 
0.7102556 0.2863648 0.003379531 
0.6961811 0.2953555 0.008463433 
0.7195566 0.2571064 0.02333698 
0.7358718 0.263071 0.001057128 
0.7082607 0.2884188 0.0033205 
0.7044398 0.2847912 0.01076904 
0.6266973 0.3616753 0.01162743 
0.6229152 0.3750644 0.002020411 
0.6010217 0.3621894 0.03678897 
0.7436631 0.2373266 0.01901028 
0.7320982 0.2621971 0.005704696 
0.6719044 0.3230788 0.005016791 
0.6559623 0.3306622 0.01337548 
0.6882617 0.3104364 0.001301882 
0.7347638 0.2623657 0.002870438 
0.7250805 0.2697576 0.005161984 
0.7338917 0.2660603 4.800475e-05 
0.702625 0.2967232 0.0006518541 
0.7388414 0.2507871 0.01037145 
0.6736129 0.3248897 0.001497356 
0.739729 0.2500713 0.01019977 
0.6795183 0.3160777 0.004403976 
0.6133655 0.379224 0.007410528 
0.6258215 0.3692023 0.004976254 
0.6115603 0.3847019 0.003737769 
0.6469422 0.3513028 0.00175499 
0.7188286 0.2775092 0.00366214 
0.7136068 0.2811253 0.005267935 
0.622732 0.3448609 0.03240708 
0.660988 0.3287988 0.01021318 
0.699707 0.2835046 0.0167884 
0.6255854 0.366841 0.007573681 
0.6768662 0.3162642 0.006869525 
0.607851 0.3905945 0.001554486 
0.6092639 0.3892486 0.001487558 
0.6651089 0.3284479 0.006443133 
0.695695 0.294161 0.010144 
0.7293753 0.2659981 0.004626591 
0.6290849 0.3576418 0.01327335 
0.6642761 0.3349775 0.0007463822 
0.7055955 0.2901388 0.004265638 
0.7020793 0.2953565 0.002564234 
0.6331383 0.364365 0.002496663 
0.7698136 0.2217239 0.008462541 
0.7364146 0.2620325 0.001552953 
0.6720959 0.3259529 0.001951263 
0.6279615 0.3681219 0.003916575 
0.6314214 0.3524378 0.01614086 
0.7156928 0.2677948 0.01651234 
0.6854726 0.2962769 0.01825051 
0.7017233 0.287151 0.01112569 
0.7193977 0.2780927 0.002509681 
0.6561997 0.3421922 0.00160809 
0.6633354 0.3336077 0.003056885 
0.6161918 0.3830682 0.0007400058 
0.670445 0.3265403 0.003014695 
0.6204062 0.3779149 0.001678897 
0.6259495 0.3647411 0.009309351 
0.6958946 0.2974203 0.006685077 
0.7406234 0.2558331 0.003543505 
0.6249703 0.3690649 0.005964818 
0.6717135 0.3263182 0.001968226 
0.7875458 0.2116583 0.0007958308 
0.6972567 0.2674498 0.03529347 
0.6635989 0.3252648 0.01113625 
0.7375564 0.258755 0.003688595 
0.6741019 0.3237914 0.002106668 
0.7523991 0.2379888 0.009612112 
0.6362564 0.3520469 0.01169665 
0.7118768 0.2859518 0.002171365 
0.6632975 0.3337631 0.00293935 
0.6231295 0.372591 0.004279522 
0.6542583 0.3403206 0.00542113 
0.6621008 0.3370673 0.0008318352 
0.6580832 0.3194172 0.02249964 
0.7128435 0.2599969 0.0271596 
0.7378857 0.2440558 0.01805851 
0.7231733 0.2571469 0.01967981 
0.6670762 0.331144 0.001779784 
0.5906312 0.4066885 0.0026803 
0.6073849 0.3870557 0.005559438 
0.6531358 0.3429124 0.003951789 
0.737988 0.2594482 0.002563745 
0.7078836 0.2907619 0.00135457 
0.6673125 0.3258125 0.00687505 
0.690102 0.3047113 0.005186678 
0.6745118 0.3043389 0.02114938 
0.6065085 0.3785241 0.01496739 
0.6565851 0.3409375 0.002477412 
0.6946454 0.3047832 0.0005714085 
0.6097766 0.3874965 0.002726881 
0.583888 0.4067597 0.00935222 
0.6090139 0.3772145 0.01377167 
0.7792437 0.2149367 0.005819597 
0.7875108 0.2124751 1.407125e-05 
0.663999 0.3355215 0.000479518 
0.7158047 0.2719068 0.01228852 
0.6866969 0.2897048 0.02359833 
0.6479595 0.3506066 0.001433964 
0.7418444 0.2581163 3.928361e-05 
0.7255499 0.2622715 0.01217865 
0.7022609 0.2852762 0.0124629 
0.7214083 0.2583384 0.02025325 
0.7500363 0.2484272 0.001536513 
0.7080856 0.2749094 0.01700496 
0.6759918 0.3224818 0.001526357 
0.7221782 0.2735941 0.004227705 
0.6846751 0.3034043 0.01192059 
0.63621 0.3596559 0.004134142 
0.6810218 0.3079332 0.01104506 
0.6227706 0.3764154 0.0008140676 
0.6230913 0.3762559 0.0006527688 
0.6533529 0.3442562 0.002390939 
0.7483529 0.2478237 0.003823347 
0.5700183 0.4286663 0.001315418 
0.7533756 0.2337868 0.01283762 
0.6746003 0.305733 0.01966671 
0.6852856 0.3095703 0.005144072 
0.7468059 0.237232 0.01596211 
0.6966135 0.2944764 0.008910112 
0.5860809 0.4092709 0.004648174 
0.7694752 0.2297563 0.0007685232 
0.6423325 0.3560221 0.001645459 
0.5723864 0.4182837 0.009329809 
0.7303922 0.2641101 0.005497673 
0.8062481 0.1880921 0.005659758 
0.7348975 0.258119 0.006983542 
0.6973106 0.3015067 0.001182758 
0.6932355 0.3037221 0.003042398 
0.666252 0.3247186 0.009029394 
0.6993504 0.2984507 0.002198836 
0.6804754 0.3108722 0.008652343 
0.7063934 0.277029 0.01657757 
0.6775559 0.3193691 0.003074947 
0.6458633 0.3485112 0.005625507 
0.7357669 0.2634734 0.0007596398 
0.7754682 0.2216913 0.002840493 
0.6454323 0.3393379 0.01522976 
0.7128728 0.2756574 0.01146979 
0.6157662 0.3749277 0.009306154 
0.7118543 0.2876982 0.0004475452 
0.6377144 0.3602546 0.002030936 
0.7362202 0.2529631 0.01081677 
0.6050949 0.3906392 0.004265906 
0.6887458 0.3088106 0.00244369 
0.6009429 0.3972442 0.001812954 
0.6438506 0.3537265 0.002422911 
0.7328166 0.2632228 0.003960681 
0.7842558 0.1996461 0.01609812 
0.5641503 0.4204552 0.01539443 
0.7364058 0.2627027 0.0008915364 
0.734209 0.262868 0.002922975 
0.6878613 0.2958926 0.01624609 
0.6677671 0.3302778 0.001955047 
0.6509396 0.3479262 0.001134232 
0.6404811 0.3450304 0.01448858 
0.6379748 0.3491011 0.01292409 
0.6978136 0.2888716 0.01331477 
0.8067773 0.1862965 0.006926105 
0.6459103 0.3485809 0.005508733 
0.7413324 0.2401871 0.01848051 
0.7277792 0.2528586 0.01936213 
0.6861693 0.308687 0.005143706 
0.7158802 0.2803651 0.003754708 
0.7012724 0.2902858 0.008441809 
0.5841398 0.4156897 0.0001704851 
0.8001355 0.1952597 0.004604851 
0.6946951 0.3050128 0.0002920805 
0.6717122 0.3163911 0.01189671 
0.8008738 0.1922266 0.006899573 
0.628721 0.3673156 0.003963458 
0.5922307 0.3930647 0.01470462 
0.7465257 0.2504435 0.003030848 
0.780382 0.2167923 0.002825697 
0.6705753 0.3192589 0.0101658 
0.7304447 0.257642 0.01191335 
0.6659228 0.3332469 0.0008302641 
0.6460408 0.3514977 0.002461484 
0.6217896 0.3704021 0.00780839 
0.6900992 0.3049543 0.004946494 
0.69166 0.2924625 0.01587748 
0.7237895 0.2709429 0.005267567 
0.6569764 0.3340728 0.008950894 
0.7005275 0.2964012 0.003071301 
0.6470023 0.3453051 0.007692592 
0.6807518 0.3079301 0.01131809 
0.682734 0.3047777 0.01248833 
0.7296502 0.251738 0.01861178 
0.6714933 0.3246985 0.003808173 
0.7586718 0.2407947 0.0005334736 
0.7315845 0.2671112 0.001304314 
0.6473305 0.3484195 0.004249923 
0.6192056 0.3759656 0.004828857 
0.7645822 0.2328826 0.002535271 
0.706087 0.2924779 0.001435097 
0.6732996 0.3258375 0.0008629432 
0.6211713 0.3748606 0.003968108 
0.6103441 0.3889862 0.0006697499 
0.7040025 0.2905332 0.005464218 
0.6758125 0.3205781 0.00360946 
0.6935545 0.305873 0.0005725122 
0.6934269 0.2987107 0.007862425 
0.7123931 0.2797535 0.007853446 
0.6723262 0.3133159 0.01435795 
0.680403 0.3108959 0.008701079 
0.7220094 0.2692551 0.00873547 
0.724875 0.2601693 0.0149557 
0.6430947 0.356241 0.0006643201 
0.6475387 0.3509111 0.00155012 
0.647036 0.3414688 0.01149516 
0.6978445 0.2984951 0.00366046 
0.7782486 0.2137772 0.007974194 
0.6324144 0.3477723 0.01981328 
0.7102913 0.2896652 4.351147e-05 
0.689015 0.30317 0.007815034 
0.6564968 0.3345325 0.008970739 
0.6582649 0.3308439 0.01089118 
0.6738675 0.3236224 0.002510132 
0.7182273 0.2811106 0.0006621221 
0.6344238 0.353364 0.01221224 
0.8000479 0.1991866 0.0007655113 
0.6874516 0.3119295 0.0006188842 
0.7276763 0.2718384 0.0004852332 
0.7415483 0.2525439 0.005907864 
0.6704189 0.329512 6.910325e-05 
0.6640911 0.3054705 0.03043848 
0.7196353 0.2764896 0.003875104 
0.7816282 0.2183069 6.489576e-05 
0.802902 0.1950989 0.001999104 
0.6386393 0.3565168 0.004843869 
0.6577303 0.3333404 0.008929239 
0.6512038 0.3353544 0.01344183 
0.6721664 0.3273414 0.0004921502 
0.704456 0.2576177 0.03792638 
0.6280811 0.3553225 0.01659637 
0.7568747 0.2418348 0.001290535 
0.7035921 0.2928118 0.003596063 
0.6703092 0.3249087 0.004782053 
0.702769 0.2938154 0.003415558 
0.6933621 0.3056424 0.0009954368 
0.7368946 0.2594703 0.003635148 
0.7670854 0.2313709 0.001543676 
0.7580753 0.2378778 0.004046871 
0.6917832 0.307272 0.0009448101 
0.7420511 0.2390777 0.0188712 
0.762955 0.2327655 0.004279589 
0.7434927 0.2368476 0.01965969 
0.7394069 0.2505982 0.009994885 
0.7553052 0.2414021 0.003292728 
0.7938607 0.2058234 0.0003158344 
0.7012446 0.2984558 0.0002996046 
0.6792633 0.3181604 0.002576285 
0.6884501 0.3057191 0.005830786 
0.7453461 0.2429651 0.01168879 
0.6336342 0.3651934 0.001172321 
0.6920116 0.3064446 0.001543793 
0.7360526 0.2506395 0.01330785 
0.727742 0.2707215 0.001536537 
0.7678157 0.2198656 0.0123187 
0.6801906 0.3096451 0.01016431 
0.7145511 0.2837401 0.001708852 
0.6349094 0.3590171 0.006073582 
0.7347314 0.2585444 0.006724225 
0.6079281 0.3888902 0.003181682 
0.7096835 0.2846224 0.005694087 
0.7562825 0.2383295 0.005388021 
0.6721683 0.3243653 0.003466395 
0.6618842 0.335817 0.002298779 
0.6845775 0.3130406 0.002381917 
0.7825903 0.2136018 0.003807881 
0.7236299 0.2688846 0.007485504 
0.7195083 0.2768126 0.00367917 
0.7413093 0.2467724 0.01191823 
0.7310885 0.2427818 0.02612971 
0.668975 0.3298995 0.001125489 
0.6713754 0.3243266 0.004298072 
0.7567685 0.2423012 0.0009303789 
0.6543942 0.3381387 0.007467029 
0.6137462 0.3845993 0.001654515 
0.6528796 0.3453378 0.001782612 
0.674209 0.3023077 0.0234833 
0.6218121 0.3712578 0.006930122 
0.570991 0.4018617 0.02714723 
0.7473644 0.2498571 0.002778485 
0.6278325 0.3698594 0.002308019 
0.5660014 0.4292818 0.004716758 
0.7179746 0.276021 0.006004467 
0.6408338 0.3570757 0.002090527 
0.6334117 0.3639285 0.002659782 
0.7083582 0.2914753 0.0001664529 
0.6269317 0.3698847 0.003183583 
0.7304575 0.2687683 0.0007741602 
0.711026 0.2836331 0.005340842 
0.7013531 0.2950902 0.003556667 
0.7121124 0.2877305 0.0001570409 
0.6206449 0.3667528 0.01260226 
0.6462211 0.3379496 0.01582929 
0.7081181 0.2910814 0.0008004819 
0.6654503 0.3163672 0.01818253 
0.7514434 0.2381494 0.01040721 
0.637655 0.3572628 0.005082181 
0.6870363 0.2930348 0.01992884 
0.6545005 0.3203461 0.02515335 
0.7016387 0.2982195 0.0001418853 
0.6709089 0.3149054 0.01418575 
0.7199929 0.2727756 0.007231483 
0.6652313 0.3338847 0.0008840604 
0.6457447 0.3245167 0.02973863 
0.6732195 0.3166396 0.01014088 
0.7443008 0.2493803 0.00631888 
0.6750469 0.319149 0.005804013 
0.6752708 0.3238072 0.0009219817 
0.5768858 0.4104173 0.01269689 
0.6888752 0.3032753 0.007849417 
0.604572 0.3938136 0.001614355 
0.7339742 0.2635183 0.002507536 
0.6892309 0.2740518 0.03671723 
0.6702012 0.3242918 0.005507043 
0.6860007 0.2943958 0.01960353 
0.76133 0.2198209 0.01884909 
0.6972349 0.288567 0.01419808 
0.6583796 0.3315097 0.01011069 
0.6517593 0.3467028 0.001537894 
0.763578 0.2326613 0.003760636 
0.6491719 0.3345815 0.01624658 
0.61596 0.3820514 0.001988644 
0.7052994 0.2939714 0.000729194 
0.6606663 0.3370504 0.002283311 
0.6339426 0.3601064 0.005951036 
0.7487662 0.2478754 0.003358422 
0.7435106 0.2559531 0.0005362956 
0.7373787 0.2513205 0.01130075 
0.6516317 0.3423977 0.005970635 
0.6705839 0.3259988 0.003417209 
0.746339 0.2526785 0.0009825371 
0.6488266 0.3386313 0.01254205 
0.8091391 0.1904387 0.00042219 
0.7221952 0.2729098 0.004895044 
0.7335655 0.2630672 0.003367261 
0.7297877 0.2676114 0.002600904 
0.7173665 0.2607835 0.02185002 
0.7944526 0.2050799 0.0004675164 
0.7715975 0.2227975 0.005604964 
0.7269155 0.2654964 0.007588108 
0.7270177 0.2579245 0.01505778 
0.6807423 0.3181259 0.001131835 
0.7123973 0.2733507 0.01425199 
0.7027754 0.2914996 0.005724968 
0.6916619 0.3041166 0.004221437 
0.6932251 0.3065384 0.0002364229 
0.7244874 0.2738108 0.001701849 
0.6803361 0.3182383 0.001425579 
0.6765384 0.3199083 0.003553346 
0.6508273 0.336804 0.01236864 
0.7069367 0.2880754 0.004987941 
0.7133974 0.2826599 0.003942702 
0.6104667 0.3737736 0.01575962 
0.7232959 0.2737511 0.002952997 
0.6521764 0.3379492 0.009874451 
0.7214183 0.2690578 0.009523906 
0.6443403 0.3549049 0.000754734 
0.6383135 0.3586322 0.003054272 
0.6370452 0.3602502 0.002704593 
0.6744178 0.3240179 0.00156432 
0.7340481 0.2599142 0.006037687 
0.5924551 0.3991002 0.008444667 
0.7295918 0.2683536 0.002054634 
0.8140523 0.1806568 0.005290856 
0.7475483 0.2468627 0.005589029 
0.7368993 0.2593207 0.003780037 
0.7345382 0.2533298 0.01213209 
0.723997 0.2727779 0.003225099 
0.695395 0.2990448 0.00556021 
0.6840076 0.3141255 0.001866908 
0.7011999 0.2981054 0.0006946627 
0.6323654 0.3633247 0.004309894 
0.7002116 0.2877721 0.01201629 
0.7309877 0.2664511 0.00256123 
0.6392517 0.3559138 0.004834505 
0.7790235 0.2199518 0.001024691 
0.6735644 0.3213388 0.005096846 
0.6557958 0.3428361 0.001368137 
0.7017935 0.2836334 0.0145731 
0.6609646 0.3253492 0.01368619 
0.6666353 0.3331864 0.0001783283 
0.7414129 0.2500958 0.008491216 
0.6692704 0.3283675 0.002362103 
0.7040314 0.2857929 0.01017565 
0.7246364 0.2600329 0.01533069 
0.7043558 0.2804795 0.01516463 
0.6962674 0.2964164 0.007316144 
0.6148621 0.3761379 0.008999991 
0.752907 0.2455256 0.001567369 
0.7791184 0.2189078 0.001973758 
0.7880723 0.2019794 0.009948263 
0.6759808 0.316501 0.007518251 
0.7227688 0.2766265 0.0006047183 
0.7100536 0.2741948 0.01575156 
0.6888842 0.301723 0.009392796 
0.608118 0.3705522 0.02132985 
0.7182904 0.2811581 0.0005514926 
0.6833213 0.3077859 0.008892746 
0.6276734 0.3713262 0.001000384 
0.7245269 0.2672014 0.008271617 
0.7639447 0.2342013 0.00185404 
0.6771717 0.3094451 0.01338325 
0.7616031 0.2332567 0.005140205 
0.6818222 0.3019663 0.01621154 
0.6099367 0.3801399 0.009923455 
0.7045572 0.2928812 0.002561628 
0.6123082 0.3856107 0.002081074 
0.6829214 0.3122721 0.004806518 
0.612623 0.365848 0.02152902 
0.727486 0.2646641 0.007849904 
0.6453549 0.3543155 0.0003295647 
0.7317166 0.2591405 0.009142887 
0.7042155 0.2899282 0.005856276 
0.6827842 0.3081955 0.009020233 
0.7113268 0.2862842 0.002388984 
0.7393525 0.2511086 0.009538913 
0.5794496 0.4138993 0.006651061 
0.6355417 0.3523289 0.01212941 
0.6746311 0.3216222 0.003746635 
0.6650758 0.3291846 0.005739568 
0.7500649 0.241503 0.008432179 
0.6665393 0.3313173 0.002143403 
0.7409135 0.2540538 0.005032769 
0.6175002 0.3805051 0.001994731 
0.7604993 0.2378179 0.001682786 
0.7442771 0.2450714 0.01065156 
0.644736 0.353987 0.001277035 
0.681136 0.3170706 0.001793418 
0.7044171 0.2920362 0.00354667 
0.6287865 0.3631343 0.008079205 
0.7196451 0.2718562 0.00849865 
0.6593798 0.3271769 0.01344335 
0.6425221 0.3518646 0.005613284 
0.6375214 0.3326672 0.02981141 
0.7443562 0.2417852 0.01385859 
0.6521233 0.3443269 0.00354982 
0.7494541 0.2344169 0.01612904 
0.5841602 0.4149941 0.0008456431 
0.8036505 0.1829442 0.01340529 
0.6365496 0.3619632 0.001487189 
0.6518769 0.3462167 0.001906405 
0.7459891 0.2414913 0.01251968 
0.7927054 0.2058959 0.001398656 
0.7301411 0.2695008 0.0003581223 
0.6497778 0.3459132 0.004308916 
0.715444 0.2746202 0.009935713 
0.7951028 0.2015882 0.003309013 
0.6955488 0.2966592 0.007791963 
0.6880119 0.3089742 0.003013878 
0.7462284 0.2532256 0.0005459927 
0.665683 0.3201413 0.01417563 
0.7337854 0.2623486 0.003865998 
0.6615105 0.3372833 0.001206127 
0.6773608 0.316212 0.006427127 
0.7472776 0.2501763 0.002546147 
0.6819274 0.3151498 0.002922889 
0.7145255 0.2839404 0.001534056 
0.6139203 0.3753459 0.01073385 
0.6653428 0.3243483 0.01030888 
0.7812353 0.2114288 0.00733589 
0.798168 0.1993697 0.002462326 
0.6636225 0.3250642 0.01131328 
0.6387616 0.3511204 0.01011801 
0.6988371 0.2919289 0.009233998 
0.6501398 0.3365701 0.01329009 
0.7318071 0.2677893 0.0004036131 
0.670259 0.3251557 0.004585236 
0.656014 0.3427497 0.00123635 
0.7174955 0.2813329 0.001171563 
0.7406302 0.2523373 0.00703255 
0.6918876 0.2981777 0.009934746 
0.5570901 0.4390547 0.003855236 
0.6385488 0.3604016 0.001049638 
0.7046622 0.2864724 0.008865443 
0.6364706 0.3578443 0.005685175 
0.6879078 0.3102155 0.001876753 
0.6637852 0.3351553 0.001059523 
0.658604 0.33613 0.00526597 
0.6984685 0.2998105 0.001721021 
0.6831604 0.2847497 0.03208995 
0.6793573 0.3186687 0.001973998 
0.651204 0.3386275 0.01016849 
0.7226717 0.2757148 0.001613548 
0.721684 0.273515 0.004800935 
0.6840786 0.3023738 0.01354757 
0.6754112 0.3222303 0.002358479 
0.7139342 0.2768005 0.00926526 
0.654355 0.3369618 0.008683252 
0.7500036 0.2451374 0.004858994 
0.6546855 0.3441831 0.001131456 
0.7134746 0.2792516 0.007273744 
0.7814412 0.2099407 0.008618197 
0.6918253 0.3070342 0.001140538 
0.7783719 0.2103214 0.01130672 
0.7647376 0.2338674 0.001394958 
0.6887626 0.310346 0.0008914131 
0.668168 0.331687 0.0001449714 
0.6370157 0.3569002 0.00608407 
0.6658899 0.313363 0.02074719 
0.6539063 0.3239439 0.02214979 
0.7069577 0.290983 0.002059387 
0.6642182 0.3345301 0.001251721 
0.7384302 0.2525497 0.00902006 
0.655662 0.3320853 0.01225273 
0.6291634 0.3681866 0.00264999 
0.704744 0.2841776 0.01107842 
0.6912058 0.2987135 0.01008071 
0.6323853 0.3513155 0.01629919 
0.6818321 0.2950917 0.02307617 
0.7308996 0.2675817 0.001518621 
0.6651244 0.3312851 0.003590487 
0.7528037 0.2462504 0.0009459602 
0.6774896 0.313522 0.008988391 
0.6861166 0.2886985 0.02518495 
0.7162498 0.2828545 0.0008956355 
0.7149494 0.2848645 0.0001860338 
0.7380938 0.2541928 0.007713322 
0.6521989 0.3476943 0.0001067154 
0.6582632 0.3262315 0.01550536 
0.8137482 0.1818069 0.004444856 
0.6344787 0.3621743 0.003347062 
0.7060639 0.2823424 0.01159369 
0.6307882 0.3596729 0.009538957 
0.7299108 0.2622246 0.007864645 
0.601146 0.3955662 0.003287827 
0.749909 0.2467222 0.003368805 
0.6838435 0.3135701 0.002586442 
0.6873103 0.3049331 0.007756641 
0.6754307 0.3201753 0.004394004 
0.6885303 0.2937504 0.01771926 
0.6825749 0.317398 2.708556e-05 
0.6707393 0.3235488 0.005711912 
0.7347761 0.2608203 0.004403682 
0.7303605 0.269341 0.0002984997 
0.7942433 0.2032935 0.002463214 
0.7577914 0.2399305 0.002278105 
0.6440428 0.3505801 0.005377171 
0.766585 0.233332 8.301757e-05 
0.7152584 0.2759228 0.00881879 
0.6968418 0.3008934 0.002264811 
0.6764469 0.3153082 0.00824492 
0.6949859 0.2946173 0.01039674 
0.66832 0.3230321 0.0086479 
0.6948345 0.2948935 0.01027198 
0.6099298 0.3896103 0.0004598284 
0.6206363 0.3542974 0.02506631 
0.7458698 0.2429325 0.01119764 
0.7502017 0.2481591 0.001639207 
0.6929227 0.3064777 0.0005995598 
0.6447474 0.3507051 0.004547468 
0.6925498 0.3062766 0.001173557 
0.6606842 0.3391584 0.0001573596 
0.6995064 0.2924037 0.008089878 
0.7147456 0.2830739 0.002180457 
0.6618292 0.326579 0.01159181 
0.6009881 0.3878704 0.01114149 
0.5943312 0.3978381 0.007830753 
0.637037 0.3575638 0.00539921 
0.6665013 0.3291202 0.004378567 
0.574811 0.4065994 0.01858964 
0.6915284 0.3057518 0.002719852 
0.7216664 0.2758367 0.002496885 
0.8076893 0.1910003 0.001310396 
0.6685271 0.3237418 0.007731185 
0.6754561 0.3139529 0.01059107 
0.7496871 0.2491067 0.00120629 
0.7220827 0.2664953 0.01142197 
0.6837922 0.3109766 0.005231202 
0.7203051 0.2729638 0.006731155 
0.7606095 0.237897 0.001493571 
0.7165075 0.2813068 0.002185761 
0.6600881 0.3207304 0.0191815 
0.6723281 0.327545 0.0001268784 
0.6870006 0.3046882 0.008311246 
0.6828439 0.3068586 0.01029757 
0.7349192 0.2633822 0.001698629 
0.7183188 0.2767612 0.004920026 
0.673663 0.3196263 0.006710733 
0.7581302 0.2407655 0.001104359 
0.6569332 0.3401885 0.002878217 
0.653598 0.3457965 0.0006054682 
0.6053163 0.3927739 0.001909854 
0.6509608 0.348487 0.0005521857 
0.6592142 0.3389162 0.001869558 
0.6880418 0.3102842 0.001674009 
0.6349434 0.3606834 0.004373206 
0.6478404 0.3512172 0.0009424158 
0.7200976 0.2787652 0.001137188 
0.692989 0.3044148 0.002596195 
0.6205115 0.3771307 0.002357829 
0.7815598 0.210861 0.007579213 
0.715509 0.2791753 0.005315663 
0.6895553 0.2948647 0.01558002 
0.7014545 0.2917565 0.006788967 
0.7727294 0.226888 0.000382521 
0.5561935 0.436705 0.007101534 
0.6805806 0.3125069 0.006912515 
0.6054767 0.3863963 0.008126955 
0.722664 0.2722202 0.005115792 
0.7500943 0.2491788 0.0007269378 
0.715507 0.2821488 0.002344215 
0.6213142 0.3769077 0.001778051 
0.7181762 0.280462 0.001361785 
0.7126097 0.277523 0.009867275 
0.6220484 0.3667129 0.01123865 
0.6554774 0.3416502 0.002872344 
0.7644452 0.2165966 0.01895821 
0.7428549 0.2509503 0.006194756 
0.7195373 0.2800287 0.0004340329 
0.6933963 0.3024227 0.004181019 
0.6403678 0.3565856 0.003046581 
0.7179401 0.282002 5.791632e-05 
0.7500077 0.2499113 8.098587e-05 
0.7018941 0.2946346 0.003471282 
0.7506989 0.2463431 0.002957973 
0.7032745 0.2930768 0.003648636 
0.7146684 0.2761793 0.009152271 
0.7071507 0.2885725 0.004276853 
0.6152018 0.3780133 0.006784893 
0.6663693 0.3322753 0.00135543 
0.7190946 0.2369386 0.04396681 
0.7123332 0.2851021 0.002564771 
0.613289 0.3819276 0.004783397 
0.7536163 0.2390715 0.007312272 
0.7288893 0.2673038 0.003806885 
0.6493387 0.3425945 0.008066803 
0.6679543 0.327593 0.004452663 
0.6346498 0.364734 0.000616205 
0.6995651 0.2948694 0.005565488 
0.7355594 0.2447909 0.01964975 
0.729607 0.2623427 0.008050345 
0.7703436 0.2292995 0.0003569381 
0.6653061 0.3257031 0.008990778 
0.6982444 0.3006766 0.00107904 
0.6296787 0.3655626 0.004758659 
0.5707389 0.427604 0.001657069 
0.666411 0.3289724 0.004616626 
0.7354223 0.250817 0.0137607 
0.7050284 0.2919091 0.003062465 
0.6536146 0.3453035 0.001081909 
0.6905827 0.302914 0.006503238 
0.7425585 0.2502388 0.007202707 
0.7439426 0.2478117 0.008245645 
0.7408324 0.2586873 0.0004802243 
0.7141434 0.2842102 0.00164641 
0.7176263 0.2749887 0.007385045 
0.6878569 0.3103805 0.001762597 
0.5972931 0.3932577 0.009449224 
0.7574028 0.2404765 0.002120747 
0.6508783 0.3482699 0.0008517194 
0.8200467 0.1660183 0.01393499 
0.6637791 0.3347344 0.001486495 
0.5784864 0.4026276 0.01888598 
0.5997093 0.3961704 0.004120296 
0.6703669 0.3126258 0.01700728 
0.7332585 0.2508197 0.01592179 
0.708294 0.284853 0.006852982 
0.6597554 0.3399904 0.0002542484 
0.65814 0.3368983 0.004961772 
0.6251156 0.3730403 0.001844083 
0.7704366 0.2295393 2.411633e-05 
0.6764042 0.2972519 0.0263439 
0.6686454 0.3277897 0.003564872 
0.6834373 0.3164584 0.0001043073 
0.754803 0.2446017 0.0005952995 
0.7022554 0.2958676 0.001877013 
0.7753539 0.2234773 0.001168826 
0.707239 0.2860239 0.006737097 
0.6794939 0.3167607 0.003745374 
0.6372697 0.3505958 0.01213445 
0.6928613 0.2912114 0.01592734 
0.6905688 0.307851 0.001580251 
0.7228407 0.2745408 0.002618543 
0.7402249 0.257454 0.002321073 
0.7629913 0.2359978 0.00101088 
0.7438954 0.2526614 0.003443207 
0.7277178 0.2637781 0.008504162 
0.6954676 0.2926704 0.01186196 
0.4908948 0.5030897 0.006015434 
0.6839916 0.3118133 0.004195163 
0.6494972 0.3333274 0.01717538 
0.6646576 0.3337874 0.001554963 
0.7594779 0.2286791 0.011843 
0.681525 0.3091296 0.009345425 
0.7255541 0.2695127 0.004933212 
0.6115339 0.3838752 0.004590918 
0.6985584 0.2933324 0.008109184 
0.6422767 0.3292954 0.02842793 
0.8274931 0.1697652 0.002741731 
0.7227514 0.274832 0.002416582 
0.8104175 0.1867448 0.002837646 
0.7318551 0.2678143 0.0003306254 
0.7173981 0.2742567 0.008345238 
0.6802038 0.3182766 0.001519559 
0.6891217 0.2923428 0.01853553 
0.6553266 0.3337013 0.01097205 
0.698707 0.2897613 0.01153169 
0.7822448 0.212263 0.005492188 
0.6998692 0.2961317 0.003999083 
0.6824528 0.3168993 0.0006479697 
0.7035221 0.2946202 0.001857693 
0.7636436 0.2299562 0.006400214 
0.6582866 0.3393405 0.002372887 
0.5972674 0.4025194 0.0002131921 
0.7718232 0.2179971 0.01017969 
0.7351183 0.2392563 0.02562541 
0.7615665 0.2350505 0.00338304 
0.7064176 0.2899685 0.003613929 
0.6914635 0.2842598 0.02427665 
0.6687276 0.330999 0.0002734012 
0.6548605 0.3436956 0.001443916 
0.7140438 0.2747503 0.01120586 
0.5735338 0.4215288 0.004937474 
0.6543756 0.3441597 0.001464753 
0.595813 0.3983814 0.005805682 
0.6221041 0.3765936 0.001302303 
0.6979106 0.295064 0.00702544 
0.5862136 0.4115118 0.002274646 
0.7553473 0.2403269 0.004325778 
0.6912435 0.2988799 0.009876662 
0.6781372 0.3142884 0.007574357 
0.703284 0.2958543 0.0008616777 
0.6536895 0.3248413 0.02146924 
0.6650892 0.324902 0.01000879 
0.6599522 0.326229 0.0138188 
0.6843877 0.3077124 0.00789989 
0.748469 0.2454193 0.00611171 
0.7336175 0.2581099 0.008272675 
0.7723944 0.2266036 0.001002016 
0.6739402 0.3250033 0.00105645 
0.7082886 0.2750114 0.01669995 
0.710307 0.2773875 0.01230552 
0.7327896 0.2644746 0.002735812 
0.7338632 0.2570339 0.009102914 
0.756538 0.2338038 0.009658133 
0.6515643 0.3276688 0.02076689 
0.7380652 0.2563224 0.005612438 
0.6771718 0.3212586 0.00156963 
0.6659937 0.3317583 0.002248056 
0.6813842 0.3170079 0.001607911 
0.6949538 0.3003196 0.004726556 
0.7408968 0.2323019 0.02680135 
0.6635407 0.3299404 0.006518888 
0.6688667 0.3275404 0.003592822 
0.7061506 0.2853706 0.008478825 
0.7294515 0.2528115 0.01773705 
0.5992056 0.3813763 0.01941805 
0.7679914 0.2153195 0.01668909 
0.6755113 0.3188814 0.005607304 
0.6951525 0.283572 0.0212755 
0.6862063 0.3105572 0.003236463 
0.7003299 0.287989 0.01168107 
0.7956913 0.2017679 0.002540768 
0.6228687 0.3738667 0.003264606 
0.7124578 0.279228 0.008314203 
0.7176201 0.2782304 0.004149462 
0.8355802 0.1588489 0.005570854 
0.7593343 0.2362839 0.004381784 
0.7627826 0.2368042 0.0004131543 
0.7947241 0.2031362 0.002139653 
0.5952977 0.3905477 0.01415453 
0.7573011 0.223992 0.01870696 
0.6488984 0.3462311 0.004870549 
0.626285 0.3666066 0.007108395 
0.6961533 0.3021433 0.001703439 
0.6266084 0.3545345 0.01885706 
0.7145766 0.2735418 0.01188156 
0.6112622 0.3775295 0.01120825 
0.6597318 0.3370383 0.003229939 
0.6948941 0.2954692 0.009636687 
0.60891 0.3874558 0.003634172 
0.5577218 0.4411599 0.001118293 
0.6953661 0.3028925 0.00174145 
0.6497363 0.3464761 0.003787663 
0.8153243 0.1836968 0.0009789242 
0.6492584 0.3403439 0.01039763 
0.6467317 0.3520751 0.001193197 
0.6576986 0.3207983 0.02150314 
0.6966233 0.3014318 0.001944852 
0.6930686 0.3052536 0.001677823 
0.5608398 0.438662 0.0004981881 
0.6626917 0.3291588 0.00814947 
0.6798858 0.3196 0.0005141962 
0.7667853 0.2331238 9.087875e-05 
0.6819112 0.3143603 0.003728515 
0.6879687 0.3072764 0.004754951 
0.6961925 0.29513 0.008677464 
0.6988048 0.2974121 0.003783074 
0.7241174 0.2635899 0.01229269 
0.5547393 0.4384099 0.006850876 
0.7064586 0.2903939 0.003147525 
0.7055672 0.2934838 0.0009489369 
0.7291107 0.2677858 0.003103571 
0.6453623 0.3516574 0.002980277 
0.6620299 0.3242591 0.01371097 
0.6483558 0.3110912 0.04055301 
0.7637232 0.2342589 0.002017911 
