p_1 p_2 p_3 p_4 
0.8498224 0.04955792 0.09162851 0.008991133 
0.8080046 0.05627982 0.130779 0.004936637 
0.7733189 0.0008392966 0.1413811 0.08446078 
0.7286999 0.08437489 0.06638401 0.1205412 
0.8471923 0.001231462 0.1195674 0.0320088 
0.8601635 0.02678826 0.07663703 0.0364112 
0.7453611 0.06525391 0.140233 0.04915195 
0.8812161 0.0008205406 0.1079593 0.01000412 
0.7914796 0.004846351 0.1600299 0.04364412 
0.7897689 0.009103337 0.1808964 0.02023143 
0.7822373 0.0226345 0.1431697 0.05195846 
0.8301816 0.03017817 0.09272522 0.04691497 
0.7892377 0.01049973 0.09710551 0.103157 
0.8164618 0.008899568 0.1216394 0.05299927 
0.7878391 0.03008686 0.1179733 0.06410071 
0.7947605 0.008169506 0.1584044 0.03866563 
0.7961763 0.002326791 0.125413 0.07608388 
0.8152936 0.003278503 0.1051643 0.07626359 
0.7390923 0.01439013 0.1989616 0.04755599 
0.7658383 0.0276561 0.1652731 0.04123253 
0.8009874 0.04062372 0.08728469 0.07110424 
0.8023306 0.01337807 0.1104227 0.07386861 
0.7393478 0.01116578 0.156433 0.09305343 
0.7814123 0.02174713 0.1378712 0.05896946 
0.7678493 0.0081686 0.1796857 0.04429644 
0.8368981 0.01054825 0.08330228 0.06925135 
0.7870785 0.03472415 0.1411809 0.03701642 
0.7885563 0.04675299 0.1278684 0.03682228 
0.8278586 0.0001711383 0.1358822 0.03608809 
0.7997121 0.05779116 0.1367776 0.005719137 
0.7182228 0.1145591 0.1617185 0.005499603 
0.851906 0.01288809 0.1184933 0.01671256 
0.7724765 0.06818142 0.1572937 0.00204845 
0.8114485 0.08253098 0.086089 0.01993155 
0.787718 0.08633426 0.1258263 0.0001214313 
0.7861308 0.09034401 0.1196651 0.003860098 
0.8731471 0.04246074 0.07143328 0.01295883 
0.883752 0.04876282 0.06708635 0.0003987983 
0.7382298 0.09651959 0.1631144 0.002136257 
0.840873 0.03918393 0.1048593 0.01508375 
0.7958425 0.02047493 0.1141865 0.06949604 
0.7703285 0.05633429 0.1490526 0.0242846 
0.8273438 0.07629803 0.08772715 0.008631022 
0.7194094 0.09683437 0.1724365 0.0113198 
0.7979304 0.1166415 0.07709546 0.008332688 
0.8195001 0.08695449 0.09310094 0.0004445128 
0.7668022 0.06491966 0.1620329 0.006245275 
0.7444632 0.05032509 0.1602165 0.04499514 
0.8210178 0.03046119 0.1336824 0.01483854 
0.7723497 0.03902009 0.1696749 0.0189553 
0.8375964 0.06870028 0.09223242 0.001470908 
0.8675065 0.0427883 0.08865636 0.001048829 
0.7626339 0.08025811 0.1561284 0.0009796324 
0.8366732 0.07243672 0.08424025 0.006649881 
0.787133 0.04733727 0.1630484 0.00248126 
0.8570973 0.03107678 0.08895989 0.022866 
0.7850279 0.05913641 0.1513257 0.004509949 
0.8462734 0.04661168 0.08170293 0.025412 
0.8070655 0.07228421 0.1189181 0.001732195 
0.8311757 0.04465049 0.1149608 0.00921305 
0.7870862 0.03649509 0.1531476 0.02327109 
0.8122631 0.04004396 0.1427903 0.004902588 
0.742304 0.06611958 0.1881136 0.003462797 
0.8137779 0.03405662 0.1468051 0.005360311 
0.7938985 0.08567443 0.1001397 0.02028731 
0.7794807 0.0596774 0.1568498 0.003992109 
0.7298348 0.09240748 0.1185985 0.05915916 
0.7969493 0.0746733 0.005705734 0.1226716 
0.7539903 0.03868259 0.09319909 0.1141281 
0.7722375 0.0934225 0.004176037 0.1301639 
0.7921205 0.06373784 0.02020975 0.1239319 
0.7657782 0.03190018 0.002795068 0.1995266 
0.8169708 0.04854957 0.005058432 0.1294212 
0.8838146 0.06563397 0.002445551 0.04810591 
0.7652721 0.06147337 0.008169218 0.1650853 
0.7106376 0.06934433 0.02110614 0.198912 
0.7682905 0.1001389 0.01082069 0.1207499 
0.8034245 0.04484253 0.01408533 0.1376477 
0.7986008 0.0141852 0.06116095 0.126053 
0.7945869 0.005310007 0.09122458 0.1088785 
0.8525358 0.00269294 0.05813945 0.08663183 
0.8236939 0.03018326 0.03549971 0.1106231 
0.7444235 0.006221609 0.04860706 0.2007478 
0.7725181 0.03213602 0.05315361 0.1421922 
0.7761057 0.01582807 0.09549448 0.1125718 
0.7020015 0.04877911 0.04525661 0.2039628 
0.8128052 0.01071434 0.0226119 0.1538685 
0.8304708 0.009167331 0.05560677 0.1047551 
0.8002747 0.008995374 0.03479109 0.1559389 
0.7949046 0.002543653 0.0452297 0.1573221 
0.864821 0.01686469 0.02512737 0.09318693 
0.7975448 0.001962896 0.06667579 0.1338165 
0.8343971 0.0006025507 0.05514141 0.1098589 
0.8007269 0.007871164 0.09344246 0.0979595 
0.7844061 0.009949823 0.08136085 0.1242832 
0.8293545 0.005535262 0.06131044 0.1037998 
0.7559798 0.03233968 0.0519933 0.1596872 
0.7397333 0.02694906 0.0832537 0.1500639 
0.7947403 0.001351966 0.04137998 0.1625278 
0.6954061 0.05104734 0.08268825 0.1708583 
0.7585666 0.002418359 0.06998117 0.1690338 
0.8148047 0.005809423 0.02805183 0.151334 
0.7896432 0.003414764 0.07442776 0.1325143 
0.7693609 0.01256194 0.07412655 0.1439506 
0.8078027 0.05921089 0.04648334 0.08650309 
0.811749 0.0163396 0.04046299 0.1314484 
0.8480193 0.0004970843 0.05897494 0.09250863 
0.8130446 0.01428478 0.01667592 0.1559947 
0.8052899 0.0002420036 0.07570129 0.1187668 
0.8090403 0.0225907 0.01569789 0.1526711 
0.7635046 0.00332734 0.05845171 0.1747163 
0.7514786 0.0009496505 0.08210592 0.1654658 
0.804414 0.03791155 0.05141296 0.1062615 
0.8348186 0.03911174 0.03785032 0.08821936 
0.8756491 0.003484764 0.02793988 0.09292627 
0.7763337 0.0005377369 0.05095212 0.1721765 
0.7556124 0.002452054 0.05104565 0.1908899 
0.7480182 0.005465807 0.06930067 0.1772154 
0.7973356 0.009529476 0.06702771 0.1261072 
0.8364098 0.01225052 0.08416542 0.0671743 
0.7778844 0.01456432 0.0675247 0.1400266 
0.8075602 0.0139052 0.0281263 0.1504083 
0.7741223 0.01127064 0.07505889 0.1395481 
0.7174318 0.01177946 0.1095492 0.1612396 
0.7717255 0.0002964522 0.1362555 0.0917225 
0.791812 0.00671616 0.05081473 0.1506572 
0.7366301 0.01385475 0.05354234 0.1959728 
0.7942351 0.0007292124 0.07616079 0.1288749 
0.790732 0.03941862 0.05581804 0.1140313 
0.7888892 0.007934899 0.1311952 0.07198063 
0.8007843 0.002442086 0.03937537 0.1573982 
0.7208905 0.07855666 0.0442265 0.1563263 
0.8968327 0.002803813 0.0003490562 0.1000145 
0.8278879 0.009751678 0.06085036 0.10151 
0.8189559 0.005249594 0.1064026 0.06939193 
0.7649926 0.07033866 0.01815503 0.1465137 
0.7429375 0.04927543 0.005093667 0.2026934 
0.779534 0.09526461 0.005275536 0.1199258 
0.8042386 0.07258333 0.01034231 0.1128357 
0.7879635 0.09388651 0.004610777 0.1135392 
0.7455764 0.07104947 0.01038081 0.1729933 
0.8148246 0.05201927 0.003775581 0.1293806 
0.7999974 0.05252486 0.02023429 0.1272435 
0.810711 0.07339994 0.001389068 0.1145 
0.8119721 0.02533824 0.002631229 0.1600584 
0.8334856 0.05850634 0.01474385 0.09326416 
0.8603829 0.03750588 0.006595886 0.09551529 
0.8286283 0.0534692 0.01326291 0.1046396 
0.8316593 0.06278313 0.01451363 0.09104398 
0.7153936 0.07155626 0.03789362 0.1751566 
0.7633181 0.07053144 0.02047499 0.1456754 
0.8222651 0.0378785 0.003739196 0.1361172 
0.7723996 0.04999341 0.01718714 0.1604198 
0.7631969 0.06150419 0.002155531 0.1731433 
0.8179937 0.03824729 0.01958159 0.1241775 
0.799905 0.06241462 0.007413218 0.1302671 
0.8097633 0.07669983 0.008058824 0.1054781 
0.8013603 0.04951062 0.005746744 0.1433823 
0.781843 0.04398379 0.008803019 0.1653702 
0.7340504 0.03987825 0.008568515 0.2175028 
0.7733354 0.0651242 0.006529106 0.1550113 
0.8092203 0.04326436 0.009055641 0.1384597 
0.8038758 0.05307172 0.00782263 0.1352298 
0.7539921 0.09420028 0.0007446671 0.151063 
0.7818549 0.07501896 0.01997259 0.1231535 
0.6797085 0.1024028 0.01260731 0.2052815 
0.8024724 0.03296172 0.02466005 0.1399059 
0.7694863 0.03489432 0.01346482 0.1821546 
0.7986446 0.08015597 0.0003198624 0.1208796 
0.816958 0.04726029 0.009409301 0.1263724 
0.732304 0.1093395 0.005534363 0.1528222 
0.835481 0.08413091 0.07371947 0.006668574 
0.7794487 0.03348053 0.181824 0.00524679 
0.7747744 0.04635303 0.1541072 0.02476535 
0.8431735 0.03887495 0.1162565 0.001695038 
0.8235597 0.0338918 0.1365201 0.006028408 
0.8011841 0.06943671 0.128735 0.0006441919 
0.7943377 0.07636841 0.1277277 0.00156612 
0.7585585 0.1054274 0.1054639 0.03055015 
0.8233266 0.06664655 0.1067205 0.003306278 
0.7851538 0.09113381 0.1063357 0.01737673 
0.7822269 0.06007238 0.1376314 0.02006927 
0.8280384 0.05902336 0.09863329 0.01430496 
0.7939066 0.04320702 0.1590486 0.003837751 
0.8620186 0.04411439 0.08804265 0.005824365 
0.8102398 0.04698177 0.1047746 0.03800382 
0.843357 0.007641509 0.09566007 0.05334144 
0.8321393 0.002608739 0.1352423 0.03000965 
0.7852135 0.001867864 0.1293708 0.08354784 
0.714708 0.01369847 0.1947317 0.07686179 
0.7956006 0.02604682 0.143261 0.03509161 
0.7730031 0.006985034 0.1521343 0.06787759 
0.7790314 0.06088047 0.1199297 0.04015843 
0.7893457 0.0007647439 0.168333 0.04155656 
0.8298525 0.003699693 0.1072641 0.05918372 
0.7935473 0.0008929026 0.1498307 0.05572911 
0.8054249 0.005061599 0.137913 0.05160051 
0.798834 0.02202936 0.1342754 0.04486128 
0.807214 0.05108927 0.07671404 0.06498265 
0.8218639 0.03571273 0.1101303 0.03229308 
0.790069 0.02238273 0.1051676 0.08238064 
0.7902814 0.0006796115 0.1705377 0.0385013 
0.8121706 0.007486248 0.1441459 0.0361973 
0.8375692 0.0006786025 0.1332073 0.0285449 
0.7302737 0.01643113 0.1830291 0.07026608 
0.7557789 0.02475413 0.1520613 0.06740562 
0.7968102 0.005857142 0.1208418 0.07649081 
0.6063737 0.1865527 0.1596127 0.04746094 
0.5209581 0.2556832 0.1635646 0.05979409 
0.6742594 0.1518607 0.09918814 0.07469178 
0.698368 0.1229897 0.144885 0.03375729 
0.564155 0.2657101 0.1235716 0.04656327 
0.7673169 0.01106215 0.152271 0.0693499 
0.8368156 0.01193436 0.1096371 0.04161303 
0.8329968 0.0009624666 0.1280633 0.03797738 
0.8423665 0.07739201 0.02025565 0.05998587 
0.8090075 0.1464079 0.001288869 0.04329567 
0.8226259 0.1204198 0.002011586 0.05494278 
0.7727726 0.09250008 0.01218607 0.1225412 
0.8760399 0.07889111 0.0006202743 0.04444871 
0.8143592 0.1254783 0.02870449 0.031458 
0.7462291 0.1432036 0.0102839 0.1002834 
0.8583322 0.07841799 0.007190503 0.05605933 
0.7769774 0.1385464 0.00171722 0.08275904 
0.861404 0.05166924 0.0175406 0.06938617 
0.8211518 0.1167852 0.01183082 0.05023214 
0.8180418 0.1003484 0.00599573 0.07561409 
0.7686454 0.1467044 0.04342528 0.04122493 
0.78252 0.1013738 0.008931033 0.1071752 
0.7806797 0.1242178 0.0407254 0.05437709 
0.7500982 0.1830008 0.01958764 0.04731343 
0.6790598 0.2191167 0.05213294 0.04969063 
0.7653105 0.1757294 0.001947962 0.05701209 
0.8464073 0.08461435 0.01511293 0.05386538 
0.7537714 0.1718271 0.01373695 0.0606646 
0.7747829 0.1644022 0.01444698 0.04636787 
0.7882818 0.08301786 0.0135931 0.1151072 
0.7927511 0.1152052 0.001484841 0.09055887 
0.8133291 0.09242314 0.01620733 0.07804041 
0.7818028 0.1287959 0.007214529 0.08218683 
0.7561748 0.1909908 0.0004523426 0.05238209 
0.8632823 0.08316154 0.0007446646 0.05281152 
0.6847318 0.1976934 0.01288047 0.1046943 
0.8381155 0.1160952 0.002843829 0.0429455 
0.7765402 0.1755011 0.002045761 0.04591295 
0.8030581 0.1507202 0.002190212 0.04403144 
0.8097657 0.1065239 0.01648536 0.06722499 
0.8290379 0.1018793 0.005110148 0.06397263 
0.8630811 0.08731183 0.02004857 0.02955846 
0.7734258 0.1412264 0.00797821 0.07736958 
0.8695184 0.06652707 0.007389725 0.05656485 
0.7754053 0.1413418 0.01025066 0.0730022 
0.8217844 0.09952549 0.02988415 0.04880599 
0.8180355 0.1250115 0.0185529 0.03840005 
0.7816689 0.1231426 0.04341028 0.05177816 
0.7724394 0.1474697 0.002495538 0.07759535 
0.7436696 0.1497135 0.02579816 0.08081882 
0.8055911 0.1243082 0.02911718 0.04098353 
0.7119939 0.2124603 0.004313702 0.07123211 
0.8607209 0.123488 0.004701318 0.01108977 
0.8677678 0.05070484 0.0195812 0.06194614 
0.7625504 0.1457823 0.04988076 0.04178655 
0.7643219 0.1584271 0.01619891 0.06105205 
0.8356074 0.113381 0.007877323 0.0431343 
0.7107728 0.1527814 0.01326523 0.1231806 
0.7550131 0.1365869 0.004964616 0.1034354 
0.8445639 0.08759306 0.003006513 0.06483658 
0.7998852 0.1307094 0.004192412 0.065213 
0.8786 0.07949119 0.02083375 0.02107501 
0.8449058 0.06879084 0.003397146 0.08290626 
0.8402543 0.09879437 0.004884376 0.05606692 
0.8048865 0.1227739 0.01091475 0.06142492 
0.7863543 0.1069928 0.01821153 0.08844141 
0.8034702 0.1541742 0.009483583 0.03287205 
0.7940961 0.1330723 0.004352286 0.06847938 
0.8071573 0.1207029 0.005134102 0.06700566 
0.8107792 0.146923 0.00682904 0.03546871 
0.7714681 0.1260058 0.05004304 0.0524831 
0.8017552 0.1617657 0.006203217 0.03027595 
0.8490991 0.1123879 0.005010205 0.03350279 
0.81674 0.1025096 0.01700324 0.06374719 
0.7262059 0.1853472 0.04620252 0.04224445 
0.7953895 0.1010885 0.09076539 0.01275656 
0.820153 0.1535253 0.01969053 0.006631114 
0.8409162 0.1112257 0.02293925 0.02491892 
0.7569908 0.1721312 0.05021381 0.02066415 
0.786096 0.1082734 0.08716423 0.01846641 
0.6885141 0.2329278 0.04089863 0.0376594 
0.8081964 0.1783555 0.001242215 0.01220587 
0.7502395 0.2002212 0.04907238 0.0004669812 
0.7899152 0.1451556 0.02816909 0.03676005 
0.7162646 0.1320692 0.03278597 0.1188802 
0.7801001 0.1693134 0.01024726 0.0403393 
0.8045811 0.1066555 0.01433245 0.07443103 
0.8408522 0.1034246 0.01475333 0.04096992 
0.7250225 0.1702029 0.03590669 0.06886783 
0.7009629 0.1978761 0.01331092 0.0878501 
0.761355 0.1561505 0.03502128 0.04747326 
0.7092031 0.242839 0.000365179 0.04759269 
0.814885 0.1475888 0.00398916 0.03353703 
0.7794903 0.1313954 0.004136714 0.08497756 
0.7924051 0.1181292 8.00287e-05 0.08938572 
0.8107351 0.1348393 0.007932794 0.04649286 
0.7612159 0.1743748 0.008637521 0.05577178 
0.8274898 0.1205697 0.005989471 0.04595106 
0.8002645 0.1204016 0.0002648273 0.07906901 
0.8084381 0.09296808 0.006493911 0.09209988 
0.7685261 0.1216913 0.02059109 0.08919155 
0.7897975 0.1559073 0.01266819 0.04162698 
0.7934421 0.1215715 0.001886404 0.0831 
0.810244 0.1072926 0.007154621 0.0753088 
0.862924 0.08365908 0.01678431 0.03663263 
0.7289606 0.1700872 0.003401391 0.09755081 
0.7630705 0.1573973 0.0007215621 0.07881062 
0.7876125 0.123599 0.02943255 0.05935599 
0.7571294 0.1085348 0.02101079 0.113325 
0.7888568 0.1322456 0.03000665 0.04889093 
0.7660455 0.1741751 0.01072203 0.04905728 
0.8059345 0.1303609 0.0119401 0.05176446 
0.7662129 0.1224959 0.007379262 0.1039119 
0.8069118 0.1152377 0.02101446 0.05683603 
0.7391313 0.1519756 0.02471325 0.08417981 
0.8577809 0.09759751 0.0131975 0.03142406 
0.8087929 0.09041917 0.03276037 0.06802756 
0.5884201 0.1830213 0.1305814 0.09797713 
0.7557805 0.1680191 0.0008216145 0.07537879 
0.8499378 0.06352968 0.02381895 0.06271356 
0.8245585 0.09951213 0.001645282 0.07428408 
0.8398894 0.08923915 0.001269995 0.06960147 
0.7904794 0.1287712 0.01698645 0.06376298 
0.8452356 0.1219982 0.003779751 0.02898646 
0.8296405 0.1307241 0.002356113 0.03727925 
0.8337157 0.09648889 0.01867618 0.0511192 
0.7993855 0.1382215 0.02738487 0.03500813 
0.7785069 0.1369014 0.01214667 0.07244502 
0.6525303 0.2106221 0.02907808 0.1077695 
0.8042273 0.1557047 0.001782314 0.03828564 
0.8098056 0.1345501 0.002162667 0.0534816 
0.8720969 0.09588747 0.002476842 0.02953879 
0.7624895 0.1327737 0.01197284 0.09276395 
0.8365172 0.1027605 0.003526337 0.0571959 
0.7820927 0.1463556 0.01721979 0.05433184 
0.7702792 0.1675624 0.01519688 0.04696155 
0.8226643 0.1234272 0.0296368 0.02427166 
0.7215807 0.1566436 0.0354243 0.08635139 
0.8137615 0.114723 0.002443655 0.06907183 
0.8109536 0.1034491 0.00891314 0.07668422 
0.7655973 0.1708529 0.001332356 0.06221739 
0.7670495 0.1442738 0.01319443 0.07548234 
0.8255196 0.07054563 0.04291059 0.06102414 
0.7483345 0.1242081 0.008758124 0.1186993 
0.8244335 0.1367281 0.003499056 0.03533928 
0.7402691 0.1650013 0.004154304 0.0905753 
0.8413747 0.116537 0.01210319 0.02998507 
0.7387278 0.01005128 0.180995 0.0702259 
0.797112 0.01276926 0.1134881 0.07663063 
0.7743317 0.0107705 0.1545304 0.06036735 
0.7765711 0.1086893 0.06003504 0.05470457 
0.7912504 0.001026917 0.1439394 0.06378325 
0.8348099 0.005037023 0.09502056 0.06513255 
0.7489563 0.02293827 0.153678 0.07442747 
0.787147 0.01198272 0.1098935 0.09097684 
0.8283544 0.01354856 0.1095623 0.04853474 
0.7881128 0.03147306 0.1150607 0.06535347 
0.7962862 0.01375525 0.1678887 0.02206985 
0.8763144 0.002731854 0.08697995 0.03397383 
0.8545494 0.0007837973 0.1110071 0.03365968 
0.8169512 0.003927518 0.1196594 0.0594619 
0.787899 0.0003313927 0.1476821 0.06408746 
0.8617644 0.003968971 0.07997385 0.05429274 
0.8057364 0.006228181 0.106329 0.08170642 
0.8146099 0.01276104 0.09808974 0.07453929 
0.8007878 0.02105194 0.1459583 0.03220198 
0.8186212 0.001614642 0.1142507 0.06551344 
0.8167302 9.729806e-05 0.1420673 0.04110519 
0.8348667 0.004457721 0.1119122 0.04876338 
0.7479501 0.002334676 0.1598344 0.0898808 
0.756466 0.0123497 0.1819848 0.0491995 
0.8767567 0.0004311873 0.06058183 0.06223031 
0.7628561 0.002790416 0.2061535 0.02819995 
0.8352035 0.01077775 0.08756602 0.06645277 
0.8162423 0.01895191 0.1206113 0.0441945 
0.8385968 0.01212254 0.07674557 0.07253511 
0.8067465 0.04603412 0.1159339 0.03128542 
0.8509538 0.004607761 0.1227487 0.02168974 
0.8163724 0.01731788 0.1272545 0.0390552 
0.8423011 0.02186829 0.08969814 0.04613251 
0.8543547 0.003654766 0.1008674 0.04112314 
0.8401666 0.0009398587 0.1160953 0.04279822 
0.7413642 0.006258486 0.1727386 0.07963869 
0.8160153 0.004608452 0.1178109 0.0615654 
0.7562989 0.0598289 0.09626431 0.0876079 
0.7828824 0.05805996 0.1255344 0.03352321 
0.7847514 0.001857303 0.1470164 0.06637488 
0.8303729 0.01727029 0.08525821 0.0670986 
0.8447693 0.01949405 0.1050687 0.03066802 
0.7826938 0.01598025 0.1231872 0.07813876 
0.8380469 0.005124679 0.1208489 0.03597949 
0.7845057 0.04101546 0.1085157 0.06596321 
0.8274499 0.00798719 0.07771828 0.08684467 
0.8430383 0.005166327 0.1019353 0.04986005 
0.8194793 0.0573625 0.07540984 0.04774832 
0.8102497 0.02522799 0.1166759 0.04784643 
0.7496041 0.002181944 0.1721937 0.0760203 
0.8294292 0.0005786326 0.1314807 0.03851147 
0.7845165 0.02179491 0.133408 0.06028057 
0.8078423 0.006949693 0.1314031 0.05380486 
0.7051941 0.02259669 0.1682508 0.1039584 
0.8771719 0.01380112 0.08761999 0.02140698 
0.7557755 0.02803463 0.176731 0.03945889 
0.7629908 0.02404865 0.1265805 0.08638013 
0.8536889 0.01640015 0.09152572 0.0383852 
0.8461802 0.01002145 0.1067466 0.03705171 
0.7798734 0.009570921 0.06593568 0.14462 
0.8013167 0.01156877 0.08649869 0.1006159 
0.7816143 0.0304934 0.1017772 0.08611509 
0.7279962 0.01050113 0.1793839 0.08211875 
0.7744911 0.003408398 0.1250901 0.0970104 
0.8343786 0.00390393 0.1258653 0.03585221 
0.7610452 0.01144407 0.1319097 0.09560101 
0.7619916 0.005681473 0.1941718 0.03815515 
0.822315 0.01134744 0.08887192 0.07746563 
0.8088553 0.05267265 0.1172641 0.02120791 
0.8008671 0.06426601 0.1082649 0.02660198 
0.7627167 0.0495187 0.183925 0.003839533 
0.7766971 0.04581629 0.1655929 0.0118937 
0.8033202 0.08631856 0.1091827 0.001178599 
0.7434082 0.08338225 0.1032088 0.07000072 
0.7902212 0.1780546 0.009934701 0.02178949 
0.7510611 0.1644199 0.0002087491 0.08431019 
0.787067 0.1030764 0.008980854 0.1008757 
0.7973544 0.1090658 0.0374877 0.05609202 
0.7748047 0.1297469 0.01419281 0.08125552 
0.8217553 0.1005942 0.01991094 0.05773955 
0.8243596 0.1251332 0.008509875 0.04199736 
0.7438265 0.1700519 0.002226149 0.08389541 
0.8198812 0.138015 0.00293458 0.03916918 
0.8801404 0.08098476 0.006029387 0.0328455 
0.8440816 0.1217848 0.004356385 0.02977722 
0.7659252 0.1594494 0.008499348 0.06612601 
0.8422264 0.1280148 0.001981319 0.02777756 
0.7636872 0.1246923 0.01879574 0.09282478 
0.767067 0.1794972 0.03916838 0.01426748 
0.7753091 0.1852467 0.03792756 0.001516608 
0.8258873 0.1552765 0.01654747 0.002288721 
0.7897206 0.1644701 0.04041777 0.005391494 
0.8020302 0.001367228 0.1191788 0.07742378 
0.7951712 0.001124152 0.09368813 0.1100165 
0.779866 0.01942075 0.06914997 0.1315632 
0.8115744 0.01018605 0.02530892 0.1529306 
0.808145 0.0006963835 0.08267166 0.108487 
0.782368 0.02624282 0.02367295 0.1677163 
0.8011114 0.0715739 0.01281745 0.1144972 
0.817104 0.05320125 0.01966669 0.1100281 
0.7623673 0.1062362 0.009702841 0.1216937 
0.8464375 0.03226424 0.00286526 0.118433 
0.8450425 0.02525383 0.006493744 0.1232099 
0.8276267 0.04408408 0.003392599 0.1248967 
0.7537759 0.0868494 0.002735963 0.1566388 
0.7495932 0.0930493 0.01115798 0.1461995 
0.6788839 0.08552206 0.004600835 0.2309932 
0.8119306 0.0375803 0.003595859 0.1468933 
0.7957216 0.07232849 0.007564085 0.1243858 
0.8422442 0.04354278 0.02793744 0.08627556 
0.7793692 0.04798838 0.007609201 0.1650333 
0.8688285 0.02723798 0.002539263 0.1013942 
0.7559126 0.07003164 0.03282133 0.1412344 
0.8186184 0.06153184 0.03770635 0.08214336 
0.8328514 0.07211164 0.002377178 0.09265975 
0.8625865 0.04078375 0.00559336 0.0910364 
0.7685925 0.0473693 0.0119299 0.1721083 
0.8108613 0.05013478 0.01054375 0.1284602 
0.7660819 0.06511344 0.004435437 0.1643692 
0.7896063 0.05094728 0.02736971 0.1320767 
0.7750436 0.06372848 0.02259392 0.138634 
0.8308549 0.0497996 0.003466119 0.1158794 
0.7544345 0.06965187 0.009686508 0.1662271 
0.8055449 0.09067011 0.002421264 0.1013637 
0.7297511 0.03173088 0.01257573 0.2259423 
0.7905183 0.07321559 0.005979057 0.130287 
0.7912015 0.0715022 0.0104281 0.1268682 
0.7447338 0.06628965 0.01417244 0.1748041 
0.7087823 0.07198031 0.004958038 0.2142793 
0.8147334 0.0288811 0.01416611 0.1422194 
0.8045198 0.03264835 0.02321792 0.139614 
0.7977693 0.03974175 0.001559137 0.1609298 
0.8296701 0.03545266 0.01081234 0.1240649 
0.7521495 0.08578592 0.07202438 0.0900402 
0.7892084 0.06309853 0.02858408 0.119109 
0.7719606 0.09694844 0.01216533 0.1189256 
0.7786689 0.05274169 0.003589616 0.1649998 
0.7780486 0.07108043 0.01167324 0.1391977 
0.8141282 0.004070471 0.09620475 0.08559654 
0.8199573 0.02783358 0.01860195 0.1336072 
0.8056353 0.03240957 0.04374336 0.1182118 
0.8082714 0.05675984 0.005005956 0.1299628 
0.7590875 0.001675153 0.1199024 0.1193349 
0.7890879 0.008488233 0.09634081 0.1060831 
0.792497 0.005410209 0.08287659 0.1192162 
0.7830721 0.01367269 0.08604199 0.1172133 
0.8282164 0.01010895 0.03402494 0.1276497 
0.8172547 0.0171577 0.02544116 0.1401464 
0.8037088 0.03949372 0.01482134 0.1419761 
0.8145503 2.905699e-05 0.047776 0.1376446 
0.8036851 0.009243269 0.05441671 0.1326549 
0.7659251 0.03136525 0.05696904 0.1457406 
0.8137853 0.009159997 0.04477724 0.1322774 
0.8181594 0.01364366 0.02927913 0.1389178 
0.7345557 0.02692417 0.05380892 0.1847112 
0.8301407 0.06407629 0.004024355 0.1017586 
0.7966405 0.07503177 0.02431273 0.104015 
0.8360431 0.02664903 0.01123306 0.1260748 
0.7785508 0.02897784 0.004453085 0.1880183 
0.7942477 0.05724503 0.02435505 0.1241522 
0.801411 0.06995349 0.001794303 0.1268412 
0.7274809 0.1138305 0.001663409 0.1570252 
0.8075648 0.04515769 0.0481588 0.09911873 
0.7908091 0.06135086 0.00162987 0.1462102 
0.7311988 0.1159408 0.003760808 0.1490997 
0.7656845 0.0768187 0.004956668 0.1525401 
0.7644968 0.03990729 0.04991547 0.1456804 
0.7825306 0.0567391 0.02283503 0.1378952 
0.7810823 0.07101316 0.002792769 0.1451117 
0.7879238 0.03525468 0.05289466 0.1239269 
0.7876591 0.04005148 0.001449368 0.17084 
0.7562903 0.08914824 0.001975326 0.1525861 
0.6920247 0.09715989 0.004290191 0.2065253 
0.889456 0.02550547 0.01021296 0.07482555 
0.8067067 0.07892424 0.004684862 0.1096842 
0.8076807 0.03950809 0.017422 0.1353892 
0.7953274 0.08119936 0.01833244 0.1051408 
0.7405307 0.002277145 0.08973554 0.1674566 
0.8599392 0.01573285 0.02609998 0.09822792 
0.8335814 0.003896793 0.06267614 0.09984569 
0.824927 0.01641648 0.04005145 0.1186051 
0.8059145 0.001818979 0.04624696 0.1460196 
0.7865006 0.02020834 0.07805062 0.1152404 
0.8107893 0.01088158 0.03654575 0.1417834 
0.8372473 0.006788733 0.03478897 0.121175 
0.8280051 0.001412569 0.06952258 0.1010597 
0.803021 0.0180583 0.06926965 0.1096511 
0.8206532 0.01017599 0.06622037 0.1029504 
0.7891271 0.009811877 0.09516352 0.1058975 
0.7917302 0.02331942 0.02938847 0.1555619 
0.7948431 0.01528172 0.08253889 0.1073363 
0.7249926 0.01507301 0.05655516 0.2033792 
0.8837334 0.002013742 0.03614083 0.07811204 
0.6868309 0.01103153 0.05651044 0.2456271 
0.8272024 0.0005138925 0.04110989 0.1311738 
0.8077423 0.005843722 0.07610318 0.1103108 
0.7615847 0.00758116 0.09119091 0.1396433 
0.8244627 0.00751237 0.03959829 0.1284266 
0.8673823 8.875528e-06 0.0330863 0.09952251 
0.8141873 0.01631263 0.0568635 0.1126366 
0.7903108 0.01186459 0.04487135 0.1529533 
0.8165592 0.002329925 0.04976541 0.1313455 
0.7851075 0.06757758 0.03129183 0.1160231 
0.7675576 0.02229451 0.06906576 0.1410821 
0.7223239 0.0150741 0.09732676 0.1652752 
0.8036019 0.002078008 0.07647523 0.1178449 
0.7579527 0.0138066 0.036877 0.1913638 
0.8193594 0.007630865 0.0700028 0.1030069 
0.8106864 0.01086341 0.03482472 0.1436254 
0.7631781 0.00734728 0.0628265 0.1666481 
0.8144585 0.02451946 0.03884972 0.1221724 
0.7781344 0.01021948 0.02533592 0.1863102 
0.8016349 0.01929653 0.04607565 0.1329929 
0.8129847 0.01645639 0.06112541 0.1094335 
0.7975953 0.003733904 0.08525247 0.1134183 
0.7867859 0.005520045 0.01849857 0.1891955 
0.7597289 0.007126082 0.05009825 0.1830467 
0.8289587 0.001739593 0.03843294 0.1308688 
0.8690867 0.0007444059 0.06300432 0.06716454 
0.7985708 0.0002916374 0.06424757 0.13689 
0.8030113 0.003959908 0.05875253 0.1342762 
0.7938559 0.01038775 0.02936231 0.166394 
0.748726 0.001588706 0.134923 0.1147623 
0.7905234 0.05830845 0.02311065 0.1280575 
0.8377874 0.06709328 0.01318076 0.08193851 
0.7955348 0.03901677 0.01603844 0.14941 
0.7836699 0.06713021 0.01292559 0.1362743 
0.8368187 0.02310361 0.01030043 0.1297772 
0.833156 0.02919485 0.001059704 0.1365894 
0.8604111 0.06916694 0.01078077 0.05964119 
0.8334956 0.06007447 0.003759621 0.1026703 
0.8241615 0.03719484 0.0009483833 0.1376953 
0.797759 0.07677082 0.000538209 0.124932 
0.7196905 0.06505923 0.01934607 0.1959042 
0.8333729 0.03950582 0.007575753 0.1195455 
0.8152151 0.03932586 0.02217871 0.1232803 
0.7978972 0.03609906 0.0008430961 0.1651606 
0.7732272 0.07853443 0.03153042 0.1167079 
0.8092247 0.05627962 0.01884357 0.1156521 
0.8161648 0.06076617 0.00471933 0.1183497 
0.8262355 0.03663281 0.005438404 0.1316933 
0.7827856 0.0634065 0.002676199 0.1511317 
0.8329227 0.0266501 0.01743538 0.1229919 
0.748389 0.08886478 0.0274923 0.1352539 
0.7927785 0.05755457 0.0005047495 0.1491622 
0.8074191 0.02742817 0.005816317 0.1593364 
0.8640248 0.05111494 0.007873893 0.07698636 
0.8252704 0.05682027 0.004155828 0.1137535 
0.7750721 0.04442342 0.008197239 0.1723073 
0.8064205 0.08150604 0.003428645 0.1086448 
0.8162101 0.03865304 0.03138097 0.1137559 
0.7636974 0.09017664 0.02177766 0.1243483 
0.7327155 0.1075349 0.01244531 0.1473042 
0.7655526 0.06729981 0.01894151 0.148206 
0.7637725 0.06082641 0.006742662 0.1686585 
0.7475745 0.05172521 0.03764413 0.1630562 
0.7348263 0.08650964 0.01430447 0.1643596 
0.7570676 0.08299712 0.006902837 0.1530325 
0.783467 0.0705027 0.02217588 0.1238544 
0.84238 0.0383604 0.01030705 0.1089525 
0.8378147 0.04438006 0.005483813 0.1123214 
0.8081728 0.06689883 0.003985871 0.1209425 
0.8156722 0.0380474 0.00157577 0.1447047 
0.7459105 0.1488226 0.004823565 0.1004434 
0.8111389 0.06352931 0.004210828 0.1211209 
0.7855588 0.06130552 0.05500388 0.09813183 
0.7756719 0.05906848 0.0005063091 0.1647533 
0.7637474 0.06548099 0.00716475 0.1636068 
0.7758104 0.04394812 0.0138207 0.1664208 
0.7962637 0.06824717 0.006126847 0.1293623 
0.7948637 0.04371341 0.02054408 0.1408789 
0.7408392 0.1121154 0.01247733 0.1345681 
0.8693899 0.06039206 0.004078289 0.06613979 
0.7227692 0.1580591 0.09621712 0.02295456 
0.7584753 0.07378892 0.165824 0.001911768 
0.8070694 0.04385561 0.1175418 0.03153326 
0.7948217 0.04967881 0.1369604 0.01853915 
0.8312066 0.05611202 0.09728238 0.015399 
0.7990168 0.04248137 0.1483844 0.01011744 
0.7388329 0.08764726 0.1209618 0.05255807 
0.8156832 0.05309711 0.1012369 0.02998278 
0.7801733 0.0443876 0.1740604 0.001378771 
0.8237193 0.05835637 0.09723742 0.02068694 
0.7626037 0.09355018 0.131795 0.01205111 
0.76032 0.07689752 0.1489792 0.01380322 
0.8429012 0.041685 0.1117894 0.003624413 
0.844045 0.05654401 0.08721089 0.01220013 
0.8198179 0.0790475 0.09168098 0.009453576 
0.7784812 0.03617151 0.1723461 0.01300114 
0.8149849 0.05005846 0.1163456 0.01861103 
0.8146944 0.07084161 0.1047529 0.009711136 
0.7857044 0.06145474 0.1405905 0.01225028 
0.8264493 0.0892667 0.08218707 0.00209693 
0.8060333 0.07775407 0.06907009 0.04714252 
0.7106309 0.1048398 0.1354634 0.04906585 
0.8072734 0.09146507 0.09208121 0.00918037 
0.7582821 0.07883572 0.1398519 0.02303028 
0.7939592 0.08257852 0.1086742 0.01478811 
0.7573747 0.07357025 0.1545122 0.01454278 
0.7804221 0.03497891 0.1691019 0.01549708 
0.7879956 0.07966442 0.1239027 0.008437328 
0.8290893 0.04495764 0.0973718 0.02858129 
0.7836645 0.06145533 0.1394266 0.01545362 
0.8318884 0.04075638 0.1215916 0.005763575 
0.7953016 0.03612046 0.1514332 0.01714476 
0.7281837 0.126989 0.1295457 0.0152816 
0.8297682 0.02772532 0.1351923 0.007314179 
0.8062761 0.03118378 0.1612161 0.001324028 
0.8021925 0.065584 0.1059318 0.02629176 
0.8532662 0.01959042 0.1256798 0.001463583 
0.7811819 0.06441686 0.1446208 0.009780458 
0.7924083 0.05023437 0.1488715 0.008485789 
0.7870755 0.05536254 0.1237436 0.03381833 
0.7878457 0.04662789 0.1471527 0.01837375 
0.8195462 0.02590745 0.02020059 0.1343458 
0.8263154 0.02850284 0.0003684859 0.1448132 
0.7499889 0.1124795 0.009359403 0.1281722 
0.7518662 0.08262802 0.01026457 0.1552412 
0.808471 0.06189933 0.009559285 0.1200704 
0.8321062 0.05400284 0.01643737 0.09745355 
0.7013426 0.07128206 0.01460562 0.2127697 
0.7867153 0.09663254 0.009230883 0.1074213 
0.7874898 0.06651338 0.03995767 0.1060391 
0.7117005 0.0594013 0.003687802 0.2252104 
0.8081872 0.01775873 0.03723995 0.1368141 
0.7928762 0.07711171 0.003798235 0.1262138 
0.7053045 0.1590675 0.002950434 0.1326776 
0.8402779 0.06460762 0.02388628 0.07122822 
0.8696058 0.04457482 0.00112776 0.08469162 
0.7688756 0.04299603 0.02342803 0.1647003 
0.8090961 0.04621019 0.01858563 0.126108 
0.7356314 0.05962347 0.02907287 0.1756723 
0.8000472 0.08646284 0.01067597 0.102814 
0.751604 0.06804465 0.0213557 0.1589956 
0.7910907 0.05552846 0.03704007 0.1163408 
0.7652776 0.06170794 0.007571992 0.1654425 
0.8204638 0.05030263 0.01581452 0.113419 
0.7970711 0.05287074 0.005034769 0.1450233 
0.7488402 0.0715521 0.003485703 0.176122 
0.7543272 0.0901934 0.005576105 0.1499033 
0.7902184 0.05967254 0.02405544 0.1260536 
0.8087152 0.05611684 0.01092701 0.1242409 
0.8149745 0.04216446 0.02165265 0.1212084 
0.7922909 0.08512461 0.007674069 0.1149104 
0.8305758 0.0407312 0.0004101961 0.1282828 
0.7832665 0.07220168 0.01641431 0.1281175 
0.7079418 0.1037078 0.06258687 0.1257636 
0.8003063 0.05835831 0.01293587 0.1283995 
0.8133066 0.08228238 0.01510422 0.08930676 
0.7727682 0.04201906 0.02522968 0.159983 
0.8157936 0.06321774 1.297805e-05 0.1209756 
0.7644816 0.08044551 0.003356729 0.1517161 
0.8219081 0.03842802 0.0006325894 0.1390313 
0.7719217 0.07273875 0.03812724 0.1172123 
0.802496 0.009544146 0.06619666 0.1217632 
0.7259701 0.001688901 0.02651683 0.2458242 
0.8424159 0.004264164 0.0008713473 0.1524486 
0.7204208 0.01018756 0.01956978 0.2498219 
0.7843822 0.005224387 0.02076551 0.1896279 
0.8033572 0.0003987591 0.005937245 0.1903068 
0.715788 0.0003671467 0.01866856 0.2651763 
0.7900906 0.1695657 0.006500001 0.03384376 
0.7647808 0.04612466 0.05675714 0.1323374 
0.8028585 0.03107072 0.05078356 0.1152873 
0.7751182 0.05412516 0.003677947 0.1670787 
0.8614112 0.01728652 0.06561343 0.0556888 
0.765659 0.04843818 0.1765325 0.009370272 
0.8564264 0.03741198 0.1045971 0.00156446 
0.7965501 0.08470882 0.1186092 0.0001318928 
0.7770229 0.05076911 0.1607115 0.01149643 
0.7863368 0.07989892 0.1301188 0.003645435 
0.8014383 0.04493159 0.1419141 0.01171601 
0.7990755 0.07411175 0.1136357 0.01317707 
0.7925743 0.03400907 0.1522732 0.02114349 
0.737804 0.1078312 0.1294195 0.0249452 
0.8009841 0.05529828 0.1087167 0.03500087 
0.8299614 0.03848247 0.1285333 0.003022782 
0.7868073 0.04978773 0.1327089 0.03069606 
0.694209 0.07616455 0.2169369 0.01268951 
0.8787275 0.0236768 0.07634321 0.0212525 
0.7449072 0.02904365 0.2015853 0.0244638 
0.7772875 0.08616672 0.120643 0.0159027 
0.7731083 0.03441414 0.189933 0.00254454 
0.788498 0.0372048 0.162976 0.01132124 
0.7793703 0.09670695 0.1239211 1.668837e-06 
0.8318628 0.02073444 0.1321071 0.01529568 
0.7985275 0.09767421 0.095103 0.008695271 
0.8527271 0.05256067 0.08810995 0.006602269 
0.8178946 0.05044972 0.1142005 0.01745511 
0.774647 0.09213602 0.1239304 0.009286585 
0.7879349 0.1001752 0.09047166 0.02141827 
0.8288677 0.0315304 0.1299526 0.009649324 
0.8133558 0.05466075 0.1302706 0.00171286 
0.7731338 0.05309043 0.1629734 0.01080246 
0.8360872 0.07197189 0.08389849 0.0080424 
0.8272471 0.04742036 0.119037 0.006295556 
0.7553211 0.04200214 0.02133979 0.1813369 
0.7833929 0.04527621 0.001552538 0.1697784 
0.7682351 0.08087065 0.02162877 0.1292654 
0.8366028 0.07576904 0.005684427 0.08194375 
0.7385429 0.1103261 0.004158952 0.1469721 
0.7903367 0.07301319 0.03565519 0.100995 
0.7417829 0.08669661 0.02815055 0.14337 
0.8640185 0.02373699 0.001264142 0.1109803 
0.7742255 0.04910504 0.00294864 0.1737208 
0.8245806 0.07952862 0.01009681 0.08579398 
0.7618726 0.02050453 0.04528598 0.1723369 
0.7695559 0.04781934 0.001213575 0.1814111 
0.7873968 0.05268515 0.01090314 0.1490149 
0.7684793 0.01599107 0.07157074 0.1439589 
0.7613447 0.01632788 0.06252144 0.159806 
0.8003975 0.002808604 0.02851065 0.1682833 
0.7790068 0.03151512 0.07085346 0.1186246 
0.7749543 0.003550865 0.1155878 0.105907 
0.7877473 0.01967687 0.07933536 0.1132405 
0.8712971 0.00157357 0.06129973 0.06582957 
0.8845771 0.001045805 0.03280198 0.08157511 
0.8059469 0.03560811 0.05850883 0.09993621 
0.7922711 0.008288982 0.02253722 0.1769027 
0.819964 0.008000929 0.04006889 0.1319662 
0.8542882 0.001953739 0.05117913 0.09257894 
0.8050756 0.002452035 0.03788591 0.1545864 
0.8028674 0.004582479 0.05929342 0.1332567 
0.7875625 0.001853619 0.0864805 0.1241034 
0.8013596 0.01130469 0.08448873 0.102847 
0.7901892 0.0005031152 0.02767275 0.1816349 
0.8130727 0.01252098 0.06114957 0.1132568 
0.842324 0.002551434 0.04651763 0.1086069 
0.8230035 0.01113664 0.05021551 0.1156444 
0.7538569 0.001870467 0.06411388 0.1801588 
0.8239558 0.00147126 0.05864009 0.1159328 
0.7515742 0.02076486 0.07379907 0.1538619 
0.813623 0.0166714 0.06508759 0.104618 
0.8376799 0.02864041 0.04609283 0.08758689 
0.7711782 0.02869917 0.0768092 0.1233134 
0.8500024 0.009078899 0.06014259 0.08077607 
0.7087689 0.04085353 0.07453692 0.1758406 
0.7630686 0.001092283 0.07891676 0.1569224 
0.7485255 0.02670949 0.07116659 0.1535984 
0.8496901 0.05696376 0.005899532 0.08744658 
0.7448205 0.08923462 0.02153953 0.1444053 
0.7691271 0.04327486 0.02448823 0.1631099 
0.8341115 0.03313709 0.004868881 0.1278825 
0.7921039 0.04054155 0.0001278324 0.1672267 
0.8497035 0.07590209 0.0003914878 0.07400294 
0.7832118 0.07216538 0.02022184 0.124401 
0.7716981 0.05616331 0.0404731 0.1316654 
0.8030925 0.050143 0.00195474 0.1448097 
0.841309 0.07891997 0.0006473759 0.07912363 
0.7877302 0.1093511 0.001867263 0.1010515 
0.8275884 0.03373378 0.005086666 0.1335912 
0.8374464 0.05086004 0.001294853 0.1103987 
0.884439 0.03903034 0.002898216 0.07363248 
0.6972088 0.05298394 0.06181068 0.1879965 
0.8471859 0.04690267 0.01353483 0.09237664 
0.8270909 0.03582774 0.02541507 0.1116663 
0.8309294 0.03212151 0.005548858 0.1314002 
0.7392609 0.1221825 0.005375325 0.1331813 
0.7954674 0.06988405 0.001418565 0.13323 
0.7865992 0.04047589 0.02497064 0.1479543 
0.7592672 0.06701004 0.004052569 0.1696702 
0.8520423 0.04556991 0.01453121 0.08785661 
0.734499 0.0390655 0.02276961 0.2036659 
0.7797502 0.08811657 0.02555164 0.1065816 
0.8626196 0.03734073 0.0146207 0.085419 
0.8382861 0.04128308 0.006672218 0.1137586 
0.7930331 0.06924024 0.01125324 0.1264734 
0.7538825 0.09504931 0.01911959 0.1319486 
0.7725275 0.06466085 0.0188099 0.1440018 
0.7639323 0.04514768 0.001824776 0.1890953 
0.7865643 0.05513046 0.006565175 0.15174 
0.8467274 0.05980206 0.0001453605 0.09332517 
0.7786577 0.08224283 0.02100177 0.1180977 
0.8155265 0.07145251 0.0005752342 0.1124457 
0.8287948 0.04480907 0.0004680378 0.1259281 
0.7446341 0.04762867 0.02311043 0.1846268 
0.8026861 0.03961151 0.001462377 0.15624 
0.7296826 0.08950751 0.02051394 0.1602959 
0.8225781 0.05673648 0.03039931 0.09028611 
0.7973817 0.08778016 8.46556e-05 0.1147535 
0.7597298 0.05865957 0.02853482 0.1530758 
0.7943045 0.06393733 0.03423406 0.1075241 
0.8167871 0.05457124 0.0004830921 0.1281586 
0.8155065 0.01584968 0.03724281 0.131401 
0.838921 0.03713688 0.00232681 0.1216153 
0.8491596 0.0264067 0.0006205039 0.1238132 
0.8123667 0.04991514 0.01215769 0.1255605 
0.8124872 0.04573138 0.008495638 0.1332857 
0.7994436 0.07048616 0.03107947 0.09899078 
0.7787819 0.08984456 0.007239092 0.1241345 
0.8494122 0.0377337 0.003720603 0.1091335 
0.8316348 0.06609636 0.007620532 0.09464832 
0.7148579 0.09795691 0.01643864 0.1707465 
0.7080319 0.1485341 0.05061141 0.09282257 
0.782585 0.02892398 0.07745073 0.1110403 
0.7986671 0.0570758 0.0545727 0.08968444 
0.8008813 0.01080895 0.1170128 0.0712969 
0.7852967 0.006459183 0.05440361 0.1538405 
0.7572642 0.01370065 0.1080758 0.1209593 
0.7871308 0.01586782 0.0382318 0.1587696 
0.7815151 0.018815 0.0477853 0.1518847 
0.8031215 0.02260562 0.02904862 0.1452242 
0.8251352 0.0015345 0.0817865 0.09154384 
0.7522948 0.04545624 0.05950547 0.1427435 
0.8406971 0.001762409 0.02284481 0.1346956 
0.7850367 0.007380461 0.03231402 0.1752688 
0.7966662 0.001333273 0.07522114 0.1267794 
0.7649869 0.01826074 0.0859867 0.1307657 
0.71512 0.00112256 0.08292319 0.2008342 
0.8175126 0.02222902 0.02781769 0.1324407 
0.7877158 0.007653715 0.06747754 0.1371529 
0.7584706 0.0001914871 0.04698223 0.1943557 
0.7821332 0.003376159 0.08783685 0.1266538 
0.8588306 0.00177249 0.0353192 0.1040777 
0.8031713 0.006854574 0.02525651 0.1647177 
0.7914895 0.01123216 0.09930046 0.09797793 
0.8225173 0.002293892 0.07227976 0.1029091 
0.8206262 0.01726857 0.07923319 0.08287203 
0.8038388 0.003399089 0.05624265 0.1365195 
0.8003092 0.0006934147 0.066448 0.1325494 
0.7857052 0.01184621 0.06497537 0.1374733 
0.8271867 0.01372285 0.03315746 0.125933 
0.7921984 0.003487565 0.05069144 0.1536226 
0.7755059 0.0168453 0.05422287 0.1534259 
0.8660014 0.003030383 0.06991804 0.06105016 
0.7864553 0.01091055 0.07247805 0.1301561 
0.8048011 0.003258087 0.04948661 0.1424542 
0.8641524 0.008208422 0.01739605 0.1102432 
0.7766517 0.01636265 0.0653179 0.1416678 
0.7749764 0.01938157 0.004484155 0.2011579 
0.772817 0.04831107 0.01988059 0.1589913 
0.8578019 0.04299632 0.01648679 0.082715 
0.8323759 0.05456055 0.01573161 0.09733197 
0.7901845 0.0410903 0.005996972 0.1627282 
0.7575212 0.07655229 0.003005635 0.1629209 
0.7506288 0.05476483 0.001908527 0.1926979 
0.8244701 0.04661204 0.01489013 0.1140278 
0.8088135 0.05556353 0.03798788 0.09763511 
0.780796 0.06364029 0.01103907 0.1445247 
0.8544616 0.04726226 0.008578365 0.08969775 
0.805426 0.0446003 0.006356433 0.1436173 
0.8153285 0.01844041 0.03538358 0.1308475 
0.76687 0.06878471 0.004688322 0.159657 
0.7731891 0.05570342 0.06574268 0.1053648 
0.7472696 0.0536186 0.04279365 0.1563182 
0.8968062 0.02121993 0.003065394 0.07890848 
0.7834882 0.04864939 0.002133965 0.1657284 
0.8222774 0.05565742 0.001262752 0.1208024 
0.7948676 0.02087613 0.06476753 0.1194888 
0.7445061 0.05058335 0.07811917 0.1267914 
0.8226387 0.008070952 0.04565407 0.1236363 
0.7430364 0.01362097 0.06377667 0.1795659 
0.7849481 0.03453649 0.03597753 0.1445379 
0.7573247 0.1564663 0.06671736 0.01949165 
0.7801935 0.1427742 0.06200427 0.015028 
0.7414823 0.1674802 0.06255225 0.02848517 
0.7536141 0.1786545 0.03309188 0.03463945 
0.7856661 0.102523 0.08625063 0.02556033 
0.770861 0.1597715 0.01228265 0.05708482 
0.7934207 0.1694651 0.03455338 0.002560765 
0.767232 0.1559358 0.06894631 0.007885867 
0.8508807 0.110992 0.03201952 0.006107721 
0.8204379 0.131567 0.04590966 0.002085446 
0.7959358 0.1061106 0.0942504 0.003703241 
0.7564033 0.1506128 0.06985245 0.02313146 
0.7791033 0.1669882 0.04554342 0.008365094 
0.8109015 0.1093303 0.0767418 0.003026407 
0.7965488 0.1350331 0.05502622 0.01339183 
0.8844212 0.08598216 0.02147894 0.008117715 
0.818573 0.1118142 0.06163987 0.007972856 
