"p_1" "p_2" "p_3"
0.1497102 0.0565152 0.7937746
0.1528952 0.04018295 0.8069218
0.1436379 0.05816205 0.7982001
0.1534488 0.03829084 0.8082604
0.1757934 0.06658061 0.7576259
0.168944 0.05874754 0.7723085
0.1694475 0.06122651 0.769326
0.1631602 0.0495351 0.7873047
0.1975669 0.05091488 0.7515182
0.1614049 0.05559649 0.7829986
0.1446771 0.05789224 0.7974307
0.1552431 0.06200301 0.7827539
0.1501524 0.06070887 0.7891387
0.1701732 0.05398598 0.7758408
0.1404113 0.05285458 0.8067341
0.1734064 0.05486977 0.7717238
0.1597484 0.05193875 0.7883128
0.1626946 0.05246268 0.7848428
0.1871018 0.04820392 0.7646943
0.1680494 0.06258552 0.7693651
0.1494589 0.05212005 0.798421
0.1689442 0.04256447 0.7884913
0.1797119 0.06296208 0.757326
0.1841451 0.05795525 0.7578996
0.1600849 0.06665605 0.773259
0.1678497 0.04030084 0.7918495
0.148381 0.05268204 0.798937
0.1495636 0.04060719 0.8098292
0.1485163 0.05805973 0.793424
0.1802871 0.0521311 0.7675818
0.1616064 0.04972467 0.788669
0.1447042 0.05059328 0.8047025
0.1441275 0.05257659 0.8032959
0.1571438 0.05434019 0.788516
0.1785969 0.0527892 0.7686139
0.1681231 0.0513925 0.7804844
0.1710214 0.04939471 0.7795839
0.1771256 0.06290017 0.7599742
0.1592819 0.05788561 0.7828325
0.169097 0.05856398 0.772339
0.1670594 0.05998069 0.7729599
0.1650905 0.06132563 0.7735839
0.1766845 0.05286367 0.7704518
0.1628032 0.04683909 0.7903577
0.1545743 0.06486458 0.7805612
0.1665214 0.05401036 0.7794682
0.1415333 0.05442936 0.8040374
0.1392671 0.05901471 0.8017182
0.1482229 0.05524046 0.7965366
0.1893155 0.05608981 0.7545947
0.1642 0.04445647 0.7913436
0.1462382 0.05002722 0.8037346
0.1513446 0.05708609 0.7915693
0.1816644 0.05193657 0.766399
0.167142 0.06190545 0.7709526
0.1653003 0.05836832 0.7763314
0.1527135 0.07797726 0.7693092
0.1819566 0.04709288 0.7709505
0.15067 0.0528497 0.7964803
0.1646166 0.05444147 0.7809419
0.1405724 0.05805894 0.8013686
0.1562874 0.04958804 0.7941245
0.1570459 0.04392358 0.7990305
0.1550747 0.04614319 0.7987821
0.1587489 0.05334943 0.7879017
0.1426609 0.05514874 0.8021904
0.186511 0.05559404 0.7578949
0.1641955 0.0622986 0.7735059
0.1622884 0.06943391 0.7682777
0.1410774 0.05058669 0.8083359
0.1698053 0.04354198 0.7866527
0.1490692 0.04632902 0.8046018
0.1802877 0.04892805 0.7707843
0.1774598 0.07186187 0.7506783
0.1509099 0.05655131 0.7925388
0.1649335 0.05264321 0.7824233
0.1542582 0.04889594 0.7968459
0.17423 0.04576334 0.7800066
0.1627949 0.05502668 0.7821784
0.1703192 0.04984564 0.7798351
0.1686792 0.05222975 0.7790911
0.1567193 0.05497432 0.7883063
0.1698504 0.05873401 0.7714156
0.1700907 0.05835072 0.7715586
0.1392415 0.06067397 0.8000845
0.1794757 0.05069875 0.7698255
0.1861597 0.04865926 0.765181
0.1525261 0.04376945 0.8037045
0.1777529 0.05900246 0.7632446
0.1680042 0.04940585 0.7825899
0.1705134 0.0562591 0.7732275
0.1538458 0.0410998 0.8050544
0.1548832 0.05763238 0.7874844
0.162356 0.05269672 0.7849473
0.1679416 0.05344214 0.7786163
0.1544306 0.06205199 0.7835174
0.160416 0.06667579 0.7729082
0.1766613 0.06223237 0.7611064
0.1527722 0.06384488 0.7833829
0.1557594 0.04929809 0.7949425
0.1685507 0.05838016 0.7730691
0.1565751 0.0476267 0.7957982
0.1667888 0.06158785 0.7716234
0.1589542 0.05309574 0.78795
0.1627993 0.04884458 0.7883561
0.1623989 0.0565219 0.7810792
0.1726072 0.05685301 0.7705398
0.1311371 0.05848427 0.8103787
0.176826 0.04384373 0.7793302
0.1812922 0.04542171 0.7732861
0.1649279 0.04899292 0.7860791
0.1676918 0.06532023 0.766988
0.1609138 0.054232 0.7848542
0.1558482 0.05752029 0.7866315
0.1628878 0.04734903 0.7897632
0.1615606 0.0528243 0.7856151
0.1866142 0.0593038 0.754082
0.1656353 0.04512373 0.7892409
0.1487961 0.05366108 0.7975428
0.1820936 0.04603776 0.7718686
0.1476894 0.05748675 0.7948238
0.167195 0.05148733 0.7813177
0.1629909 0.05408954 0.7829196
0.1579175 0.06240151 0.779681
0.1625886 0.0588777 0.7785337
0.1604805 0.0585773 0.7809423
0.1571927 0.05340805 0.7893992
0.1475433 0.05956439 0.7928923
0.1630604 0.05382342 0.7831162
0.1586597 0.06476811 0.7765722
0.1424515 0.05555886 0.8019896
0.197176 0.05195611 0.7508679
0.1607421 0.0665992 0.7726587
0.1613222 0.0559421 0.7827357
0.1683146 0.04948187 0.7822035
0.1691005 0.04962872 0.7812708
0.1592883 0.04589249 0.7948192
0.1506267 0.05116397 0.7982094
0.1758898 0.04571651 0.7783937
0.1759197 0.05650516 0.7675752
0.143233 0.05526854 0.8014985
0.1597873 0.05942882 0.7807838
0.1652421 0.03980387 0.7949541
0.1786681 0.04668744 0.7746444
0.1579805 0.05167227 0.7903472
0.1764009 0.06442097 0.7591781
0.1352679 0.04827694 0.8164552
0.149746 0.043042 0.807212
0.1612602 0.06329799 0.7754419
0.1546752 0.0610048 0.78432
0.1788713 0.06709295 0.7540358
0.1555597 0.05005859 0.7943817
0.1479323 0.04546908 0.8065986
0.1613485 0.04995026 0.7887012
0.1558414 0.06484301 0.7793155
0.162101 0.05875287 0.7791461
0.1800395 0.06145585 0.7585047
0.1738163 0.06195336 0.7642303
0.1589516 0.04636073 0.7946877
0.166274 0.05521202 0.778514
0.1571994 0.04908837 0.7937122
0.1704296 0.04593194 0.7836385
0.1526986 0.06217608 0.7851253
0.1629488 0.04982149 0.7872297
0.1742423 0.05643762 0.7693201
0.1803485 0.05265042 0.7670011
0.1727535 0.04728012 0.7799664
0.1635129 0.05956238 0.7769247
0.1834514 0.05629687 0.7602518
0.1552465 0.05199971 0.7927538
0.1664736 0.04819523 0.7853312
0.1646543 0.05518041 0.7801653
0.1735197 0.05386156 0.7726187
0.1724632 0.0527583 0.7747785
0.1780685 0.06155603 0.7603755
0.1699367 0.06096703 0.7690963
0.1533279 0.04744883 0.7992233
0.1571815 0.04502428 0.7977942
0.1657064 0.0565639 0.7777297
0.1725951 0.05065492 0.77675
0.1550783 0.05537181 0.7895499
0.1710249 0.04767331 0.7813018
0.1833029 0.04142537 0.7752718
0.1645827 0.05731845 0.7780989
0.1579333 0.04889288 0.7931739
0.1697106 0.06101811 0.7692713
0.1769905 0.05480748 0.7682021
0.1632831 0.06359799 0.7731189
0.1595445 0.04624026 0.7942153
0.1560349 0.05548134 0.7884838
0.1535795 0.0552767 0.7911438
0.1597174 0.05059435 0.7896882
0.177259 0.06260723 0.7601338
0.1448463 0.04984902 0.8053047
0.1673497 0.0437051 0.7889452
0.1539282 0.05975871 0.7863131
0.153817 0.05349291 0.7926901
0.1663327 0.06435468 0.7693126
0.1620548 0.05436494 0.7835802
0.1613034 0.04360293 0.7950937
0.1502151 0.05565159 0.7941333
0.1680297 0.04229998 0.7896703
0.1626321 0.04966225 0.7877057
0.163366 0.05340084 0.7832331
0.1305688 0.05078881 0.8186424
0.1729256 0.05553391 0.7715405
0.1690057 0.06231775 0.7686765
0.1636988 0.06596571 0.7703355
0.1259426 0.05870551 0.8153519
0.1813354 0.0519625 0.7667021
0.1642521 0.060792 0.7749559
0.1807263 0.05488191 0.7643918
0.1546 0.05346253 0.7919374
0.1623324 0.04403849 0.7936292
0.17857 0.0504998 0.7709302
0.1578748 0.0542701 0.7878551
0.1624033 0.05177982 0.7858169
0.1709773 0.05730204 0.7717207
0.1399655 0.05886707 0.8011674
0.1479238 0.06474726 0.787329
0.1724214 0.05782581 0.7697528
0.1479034 0.04673804 0.8053586
0.1638502 0.05001744 0.7861323
0.16879 0.05788542 0.7733246
0.1481525 0.04950306 0.8023445
0.1477587 0.04416179 0.8080795
0.1415937 0.05935297 0.7990533
0.138885 0.06722487 0.7938901
0.1670318 0.05290848 0.7800598
0.1485425 0.05355303 0.7979044
0.1604084 0.05743364 0.782158
0.1594238 0.04924442 0.7913317
0.1620957 0.07522459 0.7626797
0.1520721 0.04736422 0.8005636
0.1748819 0.05451644 0.7706017
0.1727896 0.04996778 0.7772426
0.1608067 0.05460579 0.7845875
0.1642651 0.05045001 0.7852849
0.1739261 0.05358753 0.7724864
0.1883955 0.06228607 0.7493185
0.1634678 0.0547918 0.7817404
0.1693518 0.04779281 0.7828554
0.1806753 0.04670753 0.7726172
0.1602268 0.05211397 0.7876592
0.1725777 0.04157931 0.785843
0.1627896 0.05414129 0.7830692
0.1745294 0.05190252 0.7735681
0.1578085 0.05789039 0.7843011
0.1801751 0.0441909 0.775634
0.1528266 0.05433874 0.7928347
0.1485918 0.05291788 0.7984903
0.1707834 0.04889644 0.7803202
0.1551315 0.05351076 0.7913577
0.1629536 0.04903407 0.7880123
0.1550926 0.04790596 0.7970015
0.1565071 0.06513053 0.7783624
0.1541781 0.0537663 0.7920556
0.1698781 0.06305655 0.7670653
0.1651196 0.0650661 0.7698143
0.1702326 0.04599488 0.7837725
0.1731224 0.06139985 0.7654778
0.1812451 0.04564482 0.7731101
0.1271394 0.04884822 0.8240124
0.1495967 0.05815229 0.792251
0.1796136 0.05348915 0.7668973
0.1707481 0.05136078 0.7778912
0.1746943 0.04603349 0.7792722
0.1515682 0.05608268 0.7923491
0.1628263 0.05998677 0.7771869
0.1600881 0.05900262 0.7809093
0.1717847 0.05118134 0.777034
0.1796374 0.05216334 0.7681993
0.1540736 0.08610027 0.7598261
0.1628039 0.06105946 0.7761366
0.1602728 0.05407871 0.7856485
0.152924 0.05649752 0.7905785
0.1488813 0.05140288 0.7997158
0.1799028 0.06571297 0.7543843
0.1780579 0.06485637 0.7570858
0.1383932 0.05653666 0.8050701
0.1705752 0.05218432 0.7772405
0.1646055 0.040252 0.7951425
0.1772106 0.05522973 0.7675597
0.1654595 0.05339194 0.7811486
0.1941308 0.0468755 0.7589937
0.1727448 0.05235774 0.7748975
0.178305 0.05641964 0.7652754
0.1803588 0.05692284 0.7627184
0.1762989 0.05135011 0.772351
0.1905763 0.0385541 0.7708696
0.1605037 0.05813283 0.7813635
0.1678387 0.04693169 0.7852296
0.1566033 0.05352814 0.7898685
0.1717882 0.04123597 0.7869759
0.1745583 0.0404732 0.7849685
0.1463171 0.05588811 0.7977948
0.1586218 0.04762382 0.7937544
0.1753403 0.05145371 0.773206
0.1529318 0.05710088 0.7899673
0.1646621 0.05860666 0.7767312
0.1669946 0.0564518 0.7765536
0.1548442 0.05584035 0.7893155
0.1641074 0.05043894 0.7854536
0.1501722 0.05210414 0.7977236
0.1556674 0.04855509 0.7957775
0.1505489 0.05039206 0.799059
0.1779181 0.04204946 0.7800324
0.1883551 0.0606836 0.7509613
0.1816071 0.04690278 0.7714901
0.1542049 0.06121094 0.7845842
0.1579705 0.05648507 0.7855444
0.1596488 0.04905195 0.7912993
0.1727641 0.05510122 0.7721347
0.1787022 0.04651225 0.7747855
0.1612462 0.06020333 0.7785505
0.1506104 0.05829854 0.7910911
0.1596027 0.05506399 0.7853333
0.165879 0.04989919 0.7842218
0.1562126 0.04973309 0.7940543
0.1447716 0.07471274 0.7805156
0.158533 0.06926467 0.7722023
0.1617362 0.06681622 0.7714476
0.1778868 0.05885929 0.7632539
0.1689412 0.05811777 0.772941
0.1462169 0.05036956 0.8034136
0.1621135 0.05343182 0.7844546
0.1511149 0.06688672 0.7819984
0.1618011 0.06337146 0.7748274
0.1449765 0.07153652 0.783487
0.1628962 0.04717574 0.789928
0.148594 0.05412307 0.7972829
0.1614192 0.06747713 0.7711037
0.1658836 0.05842004 0.7756964
0.1502397 0.05862788 0.7911324
0.1746237 0.05754576 0.7678305
0.1352523 0.07181365 0.7929341
0.1412207 0.06971154 0.7890677
0.1589149 0.04801947 0.7930656
0.1729066 0.06421702 0.7628763
0.1576086 0.07550855 0.7668828
0.1699184 0.04532333 0.7847582
0.1646628 0.06041288 0.7749244
0.1725203 0.03960339 0.7878763
0.1512824 0.04555109 0.8031665
0.1506021 0.05885131 0.7905466
0.1475039 0.05105638 0.8014397
0.1734764 0.04402804 0.7824955
0.1724098 0.04605373 0.7815364
0.168731 0.05296691 0.7783021
0.1636014 0.04910831 0.7872903
0.158509 0.06108764 0.7804033
0.1431235 0.05800722 0.7988693
0.1596782 0.06670158 0.7736203
0.1351501 0.05570681 0.8091431
0.1766924 0.0421013 0.7812063
0.1697505 0.05122738 0.7790221
0.1734026 0.0578464 0.768751
0.1451385 0.06182417 0.7930373
0.1679324 0.0623716 0.769696
0.1604947 0.06290632 0.776599
0.1788082 0.06154278 0.7596491
0.1509248 0.06049456 0.7885807
0.1599454 0.06369639 0.7763582
0.1724487 0.06634234 0.761209
0.1738985 0.0593762 0.7667253
0.1482403 0.05480565 0.7969541
0.1559492 0.04734104 0.7967098
0.1563454 0.05696232 0.7866923
0.1513242 0.05477048 0.7939053
0.1668961 0.04463156 0.7884723
0.1585413 0.04444434 0.7970144
0.1668389 0.06680212 0.766359
0.1449989 0.06431429 0.7906868
0.1768071 0.04287074 0.7803221
0.1775918 0.0668495 0.7555587
0.167668 0.05953563 0.7727964
0.1582975 0.05686334 0.7848391
0.1568718 0.0623064 0.7808218
0.1728647 0.04301384 0.7841214
0.1978884 0.05769282 0.7444188
0.1846918 0.06205099 0.7532572
0.1576329 0.04457207 0.797795
0.1825233 0.05373943 0.7637372
0.14934 0.05223642 0.7984235
0.1733031 0.06284559 0.7638513
0.1649197 0.05789896 0.7771814
0.1528189 0.05423553 0.7929455
0.1431815 0.05101336 0.8058051
0.1433829 0.05995132 0.7966658
0.1524001 0.06533792 0.782262
0.1744107 0.05375042 0.7718389
0.171727 0.05792185 0.7703512
0.1784109 0.05237549 0.7692136
0.1687544 0.06442186 0.7668238
0.1783774 0.04834202 0.7732806
0.1604441 0.06318425 0.7763716
0.1635175 0.04581527 0.7906673
0.1632333 0.04318623 0.7935804
0.1443919 0.06357509 0.792033
0.1719723 0.05342355 0.7746042
0.1632052 0.06954334 0.7672515
0.164842 0.06065302 0.774505
0.1480597 0.04989525 0.8020451
0.1772762 0.05011218 0.7726116
0.1640051 0.05048819 0.7855067
0.1365329 0.05139517 0.8120719
0.1550538 0.05069061 0.7942556
0.1784234 0.04802793 0.7735487
0.1422128 0.05629641 0.8014908
0.1723664 0.05765793 0.7699757
0.1823094 0.05094884 0.7667418
0.1818712 0.04962547 0.7685033
0.1735522 0.05025268 0.7761951
0.1711147 0.05195457 0.7769307
0.1413628 0.06167439 0.7969628
0.1569471 0.06893083 0.7741221
0.143959 0.05425625 0.8017847
0.1660552 0.06019323 0.7737515
0.1935352 0.05336948 0.7530953
0.1961719 0.06631604 0.7375121
0.1677811 0.04520787 0.7870111
0.1706268 0.05675922 0.772614
0.1511515 0.04745876 0.8013898
0.1667052 0.05758604 0.7757088
0.1811322 0.05544319 0.7634246
0.1468214 0.06780495 0.7853737
0.1634777 0.07031172 0.7662105
0.1845286 0.06206464 0.7534068
0.1679995 0.05324005 0.7787605
0.1670899 0.05932825 0.7735819
0.1603646 0.05558905 0.7840464
0.1601296 0.06085249 0.7790179
0.1593839 0.04600549 0.7946106
0.1850297 0.05954414 0.7554262
0.1745944 0.04679756 0.778608
0.1416688 0.04245607 0.8158751
0.1522819 0.05949884 0.7882193
0.1639712 0.04159758 0.7944312
0.1615401 0.06835577 0.7701041
0.1619275 0.04170005 0.7963724
0.1695001 0.05853913 0.7719607
0.1719311 0.05810687 0.769962
0.1643096 0.05903813 0.7766523
0.1541568 0.04687638 0.7989668
0.1649813 0.05574669 0.779272
0.149485 0.06078957 0.7897254
0.1700153 0.05667973 0.773305
0.193708 0.05000207 0.7562899
0.1527529 0.04298799 0.8042591
0.1709365 0.06073082 0.7683327
0.1536182 0.04491954 0.8014622
0.149589 0.07523274 0.7751782
0.1606906 0.04721235 0.7920971
0.1965831 0.05137415 0.7520427
0.1634176 0.05606594 0.7805165
0.1664175 0.05586635 0.7777161
0.1900687 0.05689488 0.7530365
0.1660393 0.05606788 0.7778928
0.1503771 0.05198834 0.7976346
0.1872046 0.04733871 0.7654567
0.1610312 0.05573431 0.7832345
0.1726075 0.04590289 0.7814897
0.192033 0.0554772 0.7524898
0.1550841 0.04556843 0.7993474
0.157746 0.05349526 0.7887587
0.1688117 0.06792221 0.7632661
0.1415162 0.05766982 0.800814
0.1624743 0.06460536 0.7729204
0.1601077 0.04975944 0.7901329
0.1604235 0.057512 0.7820645
0.1581168 0.05915996 0.7827233
0.1798226 0.07470871 0.7454687
0.1539507 0.05048708 0.7955623
0.1566782 0.06331836 0.7800035
0.1428052 0.05407439 0.8031204
0.1624022 0.05263665 0.7849612
0.1701328 0.05367336 0.7761938
0.1736492 0.05722463 0.7691262
0.1604079 0.07389081 0.7657013
0.157339 0.04830034 0.7943606
0.1429162 0.05785691 0.7992269
0.1675688 0.05526979 0.7771614
0.1661695 0.05945712 0.7743734
0.143883 0.07550282 0.7806141
0.1509656 0.05538226 0.7936521
0.152567 0.05035519 0.7970778
0.1556489 0.05995718 0.784394
0.1713668 0.05007263 0.7785606
0.1418576 0.04844464 0.8096978
0.1859292 0.0636599 0.7504109
0.1576658 0.05808599 0.7842482
0.177684 0.05425406 0.7680619
0.1711285 0.06381514 0.7650564
0.1780881 0.04999534 0.7719166
0.1460003 0.06248742 0.7915122
0.174713 0.05618263 0.7691044
0.162484 0.04839496 0.789121
0.1695844 0.04738344 0.7830321
0.1590095 0.05263845 0.788352
0.1626186 0.05194698 0.7854344
0.1624629 0.05758453 0.7799526
0.1439547 0.05917474 0.7968705
0.1559021 0.04944257 0.7946553
0.1852978 0.05455487 0.7601473
0.1830357 0.05550473 0.7614596
0.168231 0.04862458 0.7831444
0.1693855 0.05429879 0.7763157
0.1846331 0.05129973 0.7640672
0.1632915 0.06446457 0.7722439
0.1546603 0.06384099 0.7814987
0.1593194 0.05457887 0.7861017
0.1613356 0.05915035 0.7795141
0.1699351 0.05389796 0.776167
0.1505101 0.06697885 0.7825111
0.1765679 0.06462661 0.7588055
0.1490092 0.06625089 0.7847399
0.1612078 0.0561271 0.7826651
0.1686164 0.05812431 0.7732593
0.1640647 0.047241 0.7886943
0.1548811 0.06025997 0.7848589
0.1677631 0.05651042 0.7757265
0.1654671 0.04510621 0.7894267
0.1557824 0.05320755 0.7910101
0.1474887 0.05080172 0.8017095
0.1681085 0.05612487 0.7757667
0.1650865 0.06713929 0.7677742
0.1415808 0.0616907 0.7967285
0.1572778 0.04294652 0.7997757
0.1693104 0.06642315 0.7642665
0.152528 0.05037795 0.797094
0.1527458 0.05289195 0.7943623
0.1735226 0.06100419 0.7654732
0.1626685 0.05761868 0.7797128
0.1643276 0.05261306 0.7830593
0.1639939 0.04140984 0.7945962
0.1688135 0.06390935 0.7672771
0.1438353 0.05032049 0.8058442
0.1430282 0.06582829 0.7911436
0.1526431 0.06043406 0.7869228
0.1643331 0.06330141 0.7723655
0.1790634 0.06251156 0.758425
0.1626693 0.06806443 0.7692663
0.1638811 0.0414391 0.7946798
0.1494487 0.05763276 0.7929185
0.1520714 0.06142876 0.7864998
0.1438647 0.05719616 0.7989391
0.1816652 0.05155301 0.7667818
0.1601611 0.06398667 0.7758522
0.1601544 0.05037198 0.7894736
0.1364543 0.05615401 0.8073916
0.1505358 0.05228222 0.797182
0.1647553 0.04073306 0.7945117
0.1407885 0.05293971 0.8062718
0.1760637 0.05409435 0.7698419
0.1574121 0.04562985 0.7969581
0.1662189 0.05401237 0.7797687
0.169353 0.06117001 0.769477
0.1516915 0.05663455 0.7916739
0.1494266 0.0442324 0.806341
0.1496387 0.05179478 0.7985666
0.1684875 0.05569211 0.7758204
0.1680497 0.04901986 0.7829305
0.162866 0.07304602 0.764088
0.1855548 0.05885546 0.7555898
0.1659327 0.0462347 0.7878326
0.1731394 0.0497733 0.7770873
0.1637599 0.05000089 0.7862392
0.1660252 0.04136744 0.7926074
0.1877787 0.04345256 0.7687687
0.161401 0.05837748 0.7802215
0.1649677 0.04269031 0.792342
0.1620528 0.04405084 0.7938964
0.1486923 0.05594821 0.7953595
0.1827051 0.05047364 0.7668212
0.1642288 0.06295073 0.7728205
0.1639634 0.06021579 0.7758208
0.174052 0.05409613 0.7718518
0.1549346 0.06044898 0.7846164
0.1656938 0.05425848 0.7800477
0.1509171 0.05054481 0.7985381
0.1711737 0.05885757 0.7699688
0.1621173 0.05361307 0.7842697
0.1700674 0.07013508 0.7597976
0.1663293 0.05299104 0.7806797
0.1826645 0.05120019 0.7661353
0.1661531 0.06019287 0.7736541
0.1786539 0.0528605 0.7684856
0.1741108 0.05177648 0.7741127
0.1748617 0.05392779 0.7712105
0.1872472 0.05839187 0.7543609
0.174165 0.05341783 0.7724172
0.1659404 0.05768623 0.7763734
0.160276 0.0403373 0.7993867
0.1579331 0.05594496 0.7861219
0.1582746 0.05278254 0.7889429
0.1653176 0.05650281 0.7781796
0.1655535 0.05977688 0.7746696
0.158204 0.06338888 0.7784072
0.1763868 0.05235481 0.7712584
0.1777316 0.04740744 0.774861
0.1569896 0.04049084 0.8025196
0.1565214 0.05970297 0.7837757
0.1896583 0.0556981 0.7546436
0.1632451 0.05653447 0.7802204
0.1554846 0.08292551 0.7615899
0.1633328 0.05483359 0.7818336
0.1505699 0.05624967 0.7931804
0.184109 0.04848129 0.7674097
0.1492502 0.05480187 0.7959479
0.1494613 0.05972388 0.7908148
0.1558602 0.05700201 0.7871378
0.1658086 0.04887355 0.7853178
0.1493628 0.06727054 0.7833667
0.1476621 0.06537502 0.7869629
0.1518199 0.05635681 0.7918233
0.1576457 0.04841418 0.7939401
0.1682481 0.05677724 0.7749747
0.1560058 0.06910161 0.7748926
0.1724689 0.07373181 0.7537993
0.1519671 0.04441593 0.8036169
0.1610855 0.06372052 0.775194
0.1481497 0.07189306 0.7799572
0.1684547 0.06366272 0.7678826
0.1564109 0.06098572 0.7826034
0.1652986 0.05534128 0.7793601
0.1497323 0.05956134 0.7907063
0.1728142 0.05922575 0.76796
0.1648614 0.05852836 0.7766103
0.1443536 0.06417574 0.7914706
0.1604351 0.04309242 0.7964725
0.1528378 0.05365259 0.7935096
0.1753318 0.03986299 0.7848053
0.1506375 0.05129627 0.7980662
0.1706962 0.06834689 0.7609569
0.1710258 0.05212985 0.7768443
0.1770472 0.04406318 0.7788896
0.1696341 0.04351414 0.7868518
0.1786948 0.06351625 0.757789
0.1351497 0.06036332 0.804487
0.1576835 0.06028607 0.7820304
0.1740241 0.04583438 0.7801415
0.1798511 0.051069 0.7690799
0.1353702 0.06567476 0.7989551
0.1473615 0.05231183 0.8003267
0.148901 0.03472038 0.8163786
0.1478272 0.04795537 0.8042175
0.1537699 0.06384401 0.7823861
0.1570293 0.06010664 0.7828641
0.1659448 0.05298433 0.7810709
0.1520684 0.07655124 0.7713804
0.1573937 0.05528858 0.7873177
0.1591716 0.04222838 0.7986
0.1546915 0.07224463 0.7730639
0.1442932 0.0504918 0.805215
0.1657468 0.06673477 0.7675185
0.1543815 0.04552543 0.8000931
0.1596899 0.06016305 0.7801471
0.1675159 0.05250312 0.779981
0.1594575 0.05013638 0.7904061
0.1978767 0.05075263 0.7513707
0.1791888 0.04429144 0.7765197
0.1699647 0.04932382 0.7807115
0.1729522 0.05257054 0.7744772
0.1444628 0.06354765 0.7919896
0.1554066 0.0553047 0.7892887
0.1624058 0.06339948 0.7741948
0.1535504 0.0524597 0.7939899
0.1568477 0.07168026 0.771472
0.1628077 0.07915298 0.7580394
0.1423804 0.06013787 0.7974817
0.1693001 0.06371147 0.7669884
0.1471096 0.04398036 0.8089101
0.1641906 0.05307657 0.7827329
0.1605562 0.05099017 0.7884536
0.1828599 0.0392577 0.7778824
0.1765403 0.0571084 0.7663513
0.1623789 0.05248491 0.7851362
0.1599174 0.05910628 0.7809763
0.160015 0.05420754 0.7857774
0.1656819 0.05825793 0.7760602
0.1695809 0.04572468 0.7846944
0.1568144 0.05438821 0.7887974
0.1724026 0.05131992 0.7762775
0.174991 0.06944621 0.7555628
0.1725092 0.0549443 0.7725465
0.1760483 0.05620721 0.7677445
0.1650318 0.05910627 0.7758619
0.1616492 0.05123571 0.7871151
0.1388196 0.05012725 0.8110531
0.158777 0.05595381 0.7852691
0.1733573 0.04850782 0.7781349
0.154184 0.04560811 0.8002079
0.1567708 0.06568503 0.7775442
0.1629089 0.05209348 0.7849976
0.1620713 0.04677622 0.7911525
0.1701777 0.05743112 0.7723912
0.163571 0.04932133 0.7871077
0.1547248 0.05340097 0.7918743
0.1599499 0.05356291 0.7864872
0.1705434 0.06488331 0.7645733
0.1523569 0.05136761 0.7962755
0.1424004 0.0747804 0.7828192
0.1544384 0.0474924 0.7980692
0.1760825 0.05199024 0.7719273
0.1475135 0.05948493 0.7930016
0.1635589 0.04668187 0.7897592
0.1641563 0.0593117 0.776532
0.1720365 0.06329136 0.7646722
0.1478695 0.04469855 0.8074319
0.2007806 0.05194237 0.747277
0.1869358 0.05250847 0.7605557
0.1819823 0.05077613 0.7672416
0.1558615 0.05259102 0.7915475
0.1560132 0.06239652 0.7815903
0.1589722 0.05372904 0.7872988
0.1736958 0.06867577 0.7576284
0.155864 0.05298809 0.7911479
0.1490726 0.05102474 0.7999027
0.1532807 0.05776833 0.788951
0.1740082 0.06341217 0.7625796
0.1735432 0.06090272 0.7655541
0.1488292 0.05363157 0.7975392
0.1693468 0.05736256 0.7732907
0.1660108 0.05579041 0.7781988
0.1712172 0.05334432 0.7754385
0.1451781 0.06873959 0.7860823
0.1455472 0.06143774 0.7930151
0.1371611 0.05715511 0.8056838
0.1496815 0.0534442 0.7968743
0.1453095 0.06726634 0.7874241
0.1612535 0.04924146 0.789505
0.1684666 0.06079525 0.7707381
0.1592127 0.06334111 0.7774462
0.156944 0.05639797 0.786658
0.1501533 0.05482441 0.7950223
0.1795624 0.04439089 0.7760467
0.1449376 0.04370049 0.8113619
0.1718907 0.04944885 0.7786605
0.1689166 0.05625133 0.7748321
0.1630204 0.0427857 0.7941939
0.1702866 0.04764704 0.7820664
0.1512043 0.06223175 0.786564
0.1736644 0.04747784 0.7788577
0.1684858 0.05736085 0.7741534
0.1761654 0.05260074 0.7712339
0.1593372 0.05977469 0.7808881
0.1690375 0.06882099 0.7621415
0.1611777 0.06405721 0.7747651
0.158948 0.0518001 0.7892519
0.1775823 0.07266824 0.7497495
0.1747355 0.04991816 0.7753463
0.1585035 0.05362952 0.787867
0.1798972 0.04982064 0.7702822
0.1459997 0.06079084 0.7932094
0.1524586 0.0588113 0.7887301
0.1649493 0.05921198 0.7758387
0.1639087 0.05514441 0.7809469
0.1550117 0.05884714 0.7861411
0.1702804 0.04619312 0.7835265
0.1662107 0.06653007 0.7672592
0.1516615 0.05726438 0.7910741
0.1651251 0.05284201 0.7820329
0.155713 0.05213454 0.7921525
0.1507828 0.06151413 0.7877031
0.1536616 0.04407956 0.8022589
0.1718447 0.04738966 0.7807657
0.1545377 0.06640956 0.7790527
0.1686501 0.05102659 0.7803233
0.1450885 0.05658086 0.7983306
0.1754457 0.04464678 0.7799075
0.1657628 0.05782552 0.7764117
0.1725619 0.05645974 0.7709784
0.1740465 0.05324976 0.7727038
0.1730194 0.05306081 0.7739198
0.1933631 0.05193239 0.7547045
0.156637 0.06073993 0.782623
0.1641364 0.0494747 0.7863889
0.1551166 0.04487172 0.8000117
0.1774904 0.05351647 0.7689931
0.1814505 0.0501339 0.7684156
0.1768698 0.04903283 0.7740974
0.173544 0.04908335 0.7773726
0.1649296 0.05600178 0.7790686
0.1817534 0.06855938 0.7496872
0.1610131 0.0545538 0.7844331
0.1547564 0.05342586 0.7918177
0.168417 0.04718781 0.7843952
0.1603397 0.04842244 0.7912379
0.1617587 0.0490521 0.7891892
0.1441276 0.07227743 0.783595
0.1538014 0.04879616 0.7974025
0.1449915 0.07095803 0.7840505
0.1515777 0.05946875 0.7889535
0.1586458 0.04935092 0.7920033
0.1684171 0.04163292 0.7899499
0.1766255 0.04236453 0.78101
0.1618896 0.06752085 0.7705896
0.1873064 0.0446677 0.7680259
0.1555123 0.04571076 0.798777
0.1765534 0.05663314 0.7668134
0.1583583 0.04803901 0.7936027
0.1491457 0.07301972 0.7778346
0.1612281 0.05790147 0.7808704
0.1481372 0.06279518 0.7890676
0.1592301 0.05927027 0.7814997
0.1705815 0.04765938 0.7817591
0.1603107 0.04671298 0.7929763
0.1482117 0.04920917 0.8025792
0.1834847 0.04942146 0.7670938
0.1891497 0.04587221 0.764978
0.1810373 0.06643365 0.7525291
0.1304782 0.05972895 0.8097929
0.1624721 0.04215358 0.7953743
0.158311 0.05610642 0.7855826
0.1917476 0.06044615 0.7478063
0.1730284 0.04397392 0.7829977
0.1721792 0.06341119 0.7644096
0.1667281 0.05450213 0.7787698
0.1612216 0.06681057 0.7719678
0.1524036 0.04532344 0.8022729
0.153231 0.05482174 0.7919472
0.1588175 0.06074173 0.7804408
0.1584836 0.06612867 0.7753877
0.1690804 0.0482925 0.7826271
0.1487591 0.0661447 0.7850961
0.1700432 0.06458775 0.765369
0.1540948 0.04907748 0.7968277
0.150671 0.05211713 0.7972118
0.1581225 0.05535076 0.7865268
0.1594144 0.06178781 0.7787978
0.1476768 0.05313973 0.7991835
0.1608724 0.05368642 0.7854412
0.1714286 0.05404798 0.7745234
0.1740363 0.06402283 0.7619409
0.1654552 0.05608698 0.7784579
0.1704344 0.05916084 0.7704048
0.1655161 0.05153531 0.7829486
0.1680532 0.06102564 0.7709211
0.1488899 0.05264597 0.7984642
0.1787974 0.05005594 0.7711466
0.1719804 0.04297149 0.7850481
0.1562105 0.04284433 0.8009452
0.1572718 0.05387873 0.7888495
0.1701727 0.04881495 0.7810124
0.1812589 0.05392566 0.7648154
0.1698014 0.04604483 0.7841538
0.1690049 0.05831052 0.7726846
0.18535 0.05019734 0.7644526
0.1663403 0.05019017 0.7834695
0.1619294 0.04848412 0.7895865
0.1507967 0.06216996 0.7870334
0.149333 0.06097807 0.789689
0.1725619 0.04768104 0.779757
0.1678587 0.05780366 0.7743377
0.1730858 0.05446841 0.7724457
0.1629261 0.05326954 0.7838044
0.1549719 0.04661965 0.7984085
0.1817523 0.04798661 0.7702611
0.1774742 0.061006 0.7615198
0.1641383 0.04280831 0.7930534
0.1623049 0.04826575 0.7894294
0.1695758 0.04676009 0.7836641
0.1657377 0.0473288 0.7869335
0.1697794 0.05004857 0.7801721
0.1741047 0.0530968 0.7727985
0.1621025 0.05788928 0.7800082
0.1594938 0.04898012 0.791526
0.1653032 0.05037358 0.7843233
0.1707045 0.05304374 0.7762517
0.1563683 0.04425635 0.7993754
0.1582878 0.04297137 0.7987408
0.1739793 0.04759113 0.7784296
0.1731187 0.04820374 0.7786775
0.1677427 0.06885591 0.7634014
0.1790947 0.04672966 0.7741756
0.1594774 0.065159 0.7753636
0.1678258 0.06482345 0.7673508
0.1470229 0.06925947 0.7837176
0.1732128 0.05003618 0.7767511
0.1529924 0.06828614 0.7787214
0.158807 0.06062864 0.7805643
0.1467603 0.05388719 0.7993525
0.1705241 0.05194805 0.7775279
0.1362245 0.04526911 0.8185064
0.1482133 0.05990007 0.7918867
0.1636561 0.05476573 0.7815782
0.1580583 0.06610032 0.7758414
0.1723554 0.05654423 0.7711003
0.171472 0.04818969 0.7803383
0.1569781 0.06136209 0.7816598
0.1861333 0.05178346 0.7620833
0.1696326 0.03318067 0.7971867
0.180891 0.03747823 0.7816308
0.1581115 0.06108702 0.7808015
0.1442874 0.05174829 0.8039644
0.1654173 0.06096598 0.7736167
0.1532649 0.06427997 0.7824551
0.1602179 0.03995063 0.7998314
0.2019332 0.05270331 0.7453635
0.1593889 0.06256169 0.7780494
0.1519594 0.06859545 0.7794451
0.1563526 0.06508863 0.7785588
0.1767347 0.05435381 0.7689115
0.1584043 0.05329686 0.7882988
0.1533293 0.05147514 0.7951956
0.1589564 0.04952139 0.7915222
0.1957251 0.05953491 0.7447399
0.1500091 0.06100038 0.7889905
0.1708718 0.04765809 0.7814701
0.1597936 0.04463795 0.7955684
0.1634829 0.06294094 0.7735761
0.1656845 0.05105983 0.7832557
0.151003 0.05600069 0.7929964
0.15404 0.0595418 0.7864182
0.187622 0.04979043 0.7625876
0.1753315 0.06008568 0.7645828
0.1759566 0.06264594 0.7613975
0.1525714 0.07332646 0.7741021
0.170782 0.05112198 0.778096
0.1542527 0.05941966 0.7863277
0.1501471 0.0453066 0.8045463
0.1436895 0.05757488 0.7987356
0.1648934 0.05194518 0.7831614
0.1608719 0.05590556 0.7832226
0.1799599 0.05882907 0.761211
0.1488878 0.06100265 0.7901096
0.1503817 0.05581735 0.793801
0.1611183 0.05790284 0.7809789
0.1431917 0.0733516 0.7834567
0.1639615 0.05361927 0.7824192
0.1638906 0.06722966 0.7688797
0.1430666 0.07004394 0.7868895
0.1624928 0.04704271 0.7904645
0.1740289 0.05844341 0.7675277
0.1702447 0.05514265 0.7746126
0.1561918 0.07473664 0.7690716
0.1712815 0.05909319 0.7696253
0.1696918 0.05397019 0.776338
0.1800302 0.06095269 0.7590171
0.1727036 0.0504194 0.776877
0.1507258 0.05427102 0.7950032
0.1789339 0.05469981 0.7663663
0.1552798 0.05796255 0.7867576
0.1880136 0.03947099 0.7725154
0.1524644 0.05379539 0.7937402
0.1514037 0.05816682 0.7904294
0.1654285 0.05142453 0.783147
0.1568945 0.04819093 0.7949146
0.1813035 0.06069128 0.7580052
0.161576 0.07672037 0.7617037
0.1657557 0.05061989 0.7836244
0.1465248 0.06271869 0.7907565
0.1599795 0.06224039 0.7777801
0.1595325 0.06165856 0.7788089
0.1771665 0.04447894 0.7783546
0.164884 0.06958165 0.7655343
0.2129363 0.05324796 0.7338158
0.1645024 0.05156209 0.7839355
0.1561477 0.06395737 0.779895
0.1638997 0.04419434 0.7919059
0.1369246 0.05479989 0.8082755
0.1584481 0.04900785 0.792544
0.158777 0.05545917 0.7857638
0.1741766 0.05072819 0.7750952
0.1757218 0.05282044 0.7714577
0.1537318 0.05772301 0.7885452
0.1684291 0.05660754 0.7749634
0.1752586 0.05864024 0.7661011
0.1780908 0.05144017 0.770469
0.1416005 0.06687299 0.7915265
0.1729998 0.06921459 0.7577856
0.1515336 0.05695084 0.7915156
0.1691944 0.0625049 0.7683007
0.1670772 0.05264575 0.7802771
0.1671705 0.0751334 0.7576961
0.1593226 0.06642203 0.7742553
0.1442838 0.06605988 0.7896563
0.1744762 0.05387901 0.7716448
0.177829 0.03533957 0.7868314
0.1775421 0.05049445 0.7719635
0.1596533 0.04639548 0.7939513
0.1514453 0.05122009 0.7973346
0.1732601 0.04928651 0.7774534
0.1431343 0.05601744 0.8008482
0.1606679 0.07855444 0.7607777
0.1813912 0.05151889 0.7670899
0.1557813 0.05534241 0.7888763
0.1742727 0.06976953 0.7559578
0.1525372 0.06203964 0.7854232
0.1765427 0.05884855 0.7646088
0.1597741 0.05213003 0.7880959
0.1683038 0.05284497 0.7788512
0.1746742 0.0597735 0.7655523
0.1891213 0.05314236 0.7577363
0.1416837 0.0590039 0.7993124
0.1412468 0.05905046 0.7997027
0.1482718 0.0633981 0.7883301
0.1704446 0.05164706 0.7779084
0.1628093 0.05049499 0.7866957
0.1614068 0.05867175 0.7799214
0.1670019 0.05891976 0.7740783
0.1674536 0.05129178 0.7812546
0.1766618 0.04589035 0.7774479
0.1307192 0.05750706 0.8117737
0.162202 0.0534165 0.7843815
0.1773503 0.06109861 0.7615511
0.1710203 0.05634381 0.7726358
0.1465177 0.05648256 0.7969997
0.1724623 0.04684563 0.7806921
0.1715136 0.05254265 0.7759437
0.1686326 0.0521735 0.7791939
0.1662368 0.04398406 0.7897791
0.1656365 0.05305968 0.7813039
0.1595419 0.04844993 0.7920081
0.1571 0.06000423 0.7828957
0.1453822 0.0595471 0.7950707
0.1665243 0.04991297 0.7835627
0.1505181 0.05810832 0.7913736
0.1546083 0.04371137 0.8016803
0.1630274 0.04942388 0.7875487
0.1371159 0.07132763 0.7915565
0.1562054 0.05660053 0.7871941
0.1400025 0.0558704 0.8041271
0.1550069 0.0522038 0.7927893
0.1638233 0.05368825 0.7824885
0.1606006 0.05631191 0.7830875
0.1703033 0.05418368 0.775513
0.1578352 0.0552846 0.7868802
0.1779504 0.04443175 0.7776178
0.1644172 0.05406769 0.7815152
0.1596417 0.05549815 0.7848602
0.1609159 0.04919857 0.7898856
0.164717 0.04757042 0.7877126
0.1489516 0.05107467 0.7999737
0.1643335 0.05914328 0.7765232
0.1699308 0.0603848 0.7696844
0.1542372 0.06944432 0.7763185
0.171316 0.04539342 0.7832905
0.1695354 0.05400782 0.7764568
0.1880404 0.05748251 0.7544771
0.1620126 0.07399668 0.7639907
0.1749864 0.05345781 0.7715558
0.1722581 0.05446821 0.7732737
0.1608307 0.05487857 0.7842907
0.1571863 0.04654105 0.7962727
0.175969 0.04747758 0.7765534
0.1685696 0.04545836 0.7859721
0.1546845 0.05277402 0.7925415
0.1680629 0.05241471 0.7795224
0.1572339 0.05275675 0.7900094
0.1444183 0.05879151 0.7967902
0.172264 0.06237692 0.765359
0.1779628 0.05298026 0.7690569
0.1676016 0.04146767 0.7909308
0.1752042 0.05808807 0.7667078
0.1892656 0.06060893 0.7501255
0.1474741 0.05777156 0.7947544
0.1536338 0.06027779 0.7860884
0.150822 0.07234193 0.7768361
0.1685471 0.05710442 0.7743485
0.1721343 0.04020894 0.7876567
0.1625316 0.04849078 0.7889776
0.1478582 0.05823829 0.7939035
0.1863595 0.05930116 0.7543393
0.1640997 0.05386792 0.7820324
0.1567497 0.06320054 0.7800498
0.1710019 0.06848768 0.7605104
0.1982969 0.05692483 0.7447783
0.1674377 0.04265865 0.7899037
0.1864546 0.04846486 0.7650805
0.1563352 0.06518402 0.7784807
0.155882 0.0607573 0.7833607
0.1644698 0.05878316 0.7767471
0.1706739 0.0631196 0.7662065
0.185583 0.05711161 0.7573054
0.159906 0.0634772 0.7766168
0.1692017 0.03831087 0.7924874
0.1713547 0.04131717 0.7873281
0.1761737 0.0585013 0.765325
0.1505368 0.04741371 0.8020495
0.1572909 0.05342657 0.7892826
0.1519364 0.06126187 0.7868017
0.1774404 0.05638246 0.7661771
0.1662071 0.06361562 0.7701773
0.1537356 0.06360763 0.7826568
0.1624843 0.06733473 0.770181
0.176406 0.07081775 0.7527762
0.1516231 0.04840884 0.7999681
0.1728485 0.04809628 0.7790552
0.1528525 0.04907955 0.798068
0.1545718 0.05636605 0.7890622
0.1552741 0.04522138 0.7995045
0.155811 0.06430172 0.7798873
0.1503123 0.05322579 0.7964619
0.154523 0.0515108 0.7939662
0.1597046 0.06111264 0.7791827
0.1490138 0.04461932 0.8063669
0.1583183 0.06089097 0.7807907
0.1825042 0.05493232 0.7625635
0.1578357 0.04933096 0.7928334
0.1440851 0.06073504 0.7951798
0.1529779 0.05563686 0.7913853
0.1719558 0.05787316 0.770171
0.1375062 0.05478277 0.807711
0.1650447 0.04610754 0.7888478
0.1556842 0.07004538 0.7742704
0.1621903 0.05016689 0.7876428
0.1662306 0.05051581 0.7832536
0.200266 0.05523411 0.7444999
0.1614804 0.06078092 0.7777386
0.1480317 0.0490442 0.8029241
0.1454713 0.06864719 0.7858815
0.1595354 0.05781761 0.782647
0.1700448 0.03964204 0.7903132
0.1866592 0.05543016 0.7579106
0.1764982 0.06837252 0.7551293
0.1543731 0.05650132 0.7891256
0.1835008 0.05336474 0.7631345
0.1589136 0.05106559 0.7900208
0.1734244 0.06533067 0.7612449
0.1650745 0.05581547 0.77911
0.1309687 0.05158984 0.8174415
0.1621112 0.06652156 0.7713673
0.1726473 0.04252683 0.7848259
0.1846487 0.0480072 0.7673441
0.1601135 0.05655711 0.7833294
0.1544598 0.04595445 0.7995857
0.1677266 0.05762932 0.774644
0.1636212 0.05295917 0.7834196
0.1647759 0.04728906 0.787935
0.1530541 0.05032876 0.7966172
0.1753141 0.06244952 0.7622364
0.1737282 0.05871166 0.7675601
0.175012 0.0522283 0.7727597
0.1594647 0.05426726 0.786268
0.1760348 0.06595398 0.7580113
0.1563286 0.04439558 0.7992758
0.150781 0.05634262 0.7928764
0.1690973 0.04423221 0.7866705
0.1750535 0.05160266 0.7733439
0.1603819 0.05253507 0.7870831
0.1729237 0.05550705 0.7715692
0.1755535 0.05260001 0.7718465
0.1673873 0.04720209 0.7854106
0.1513596 0.06980358 0.7788369
0.1574684 0.05028791 0.7922437
0.1358842 0.06345087 0.800665
0.1636368 0.05271713 0.7836461
0.1722698 0.06476428 0.7629659
0.1496988 0.05801363 0.7922876
0.1635499 0.06415818 0.772292
0.1477605 0.05191055 0.8003289
0.181346 0.0440147 0.7746393
0.176544 0.05731631 0.7661397
0.1568288 0.06518101 0.7779902
0.1574532 0.06076643 0.7817804
0.1738039 0.06342151 0.7627746
0.1444417 0.04405518 0.8115031
0.1881482 0.04409157 0.7677602
0.1564221 0.06146928 0.7821086
0.1672139 0.05303112 0.779755
0.1501208 0.05163575 0.7982434
0.1692172 0.05592893 0.7748539
0.160346 0.04733442 0.7923196
0.1587832 0.05154885 0.7896679
0.1797615 0.05693335 0.7633052
0.1682177 0.05858697 0.7731954
0.19142 0.05903283 0.7495472
0.16987 0.04796636 0.7821636
0.161713 0.0568547 0.7814323
0.1456702 0.07096849 0.7833613
0.1518418 0.05786574 0.7902925
0.1524228 0.04807721 0.7994999
0.1711304 0.05445128 0.7744183
0.160697 0.05003773 0.7892653
0.1686061 0.05300248 0.7783914
0.1477858 0.05818694 0.7940273
0.1620035 0.05044431 0.7875522
0.1496357 0.05687775 0.7934866
0.1658085 0.04734566 0.7868458
0.1844922 0.0565805 0.7589273
0.177891 0.06119954 0.7609095
0.1497476 0.04697807 0.8032743
0.1505717 0.05999399 0.7894343
0.1551207 0.05816531 0.786714
0.1723246 0.05751524 0.7701601
0.1861574 0.06230914 0.7515334
0.1878577 0.06167146 0.7504708
0.1793357 0.04559685 0.7750675
0.1664312 0.06252802 0.7710408
0.1451148 0.06174711 0.7931381
0.1606685 0.04923449 0.790097
0.1671691 0.05401724 0.7788137
0.1709336 0.0568976 0.7721688
0.1748201 0.05637503 0.7688048
0.167967 0.04873309 0.7832999
0.1636136 0.06288088 0.7735055
0.159785 0.05783254 0.7823825
0.1621552 0.05317866 0.7846661
0.1671875 0.06300359 0.7698089
0.1553244 0.06181237 0.7828633
0.1686402 0.05464364 0.7767162
0.1810593 0.06276499 0.7561758
0.1470012 0.05911195 0.7938868
0.1880059 0.0568037 0.7551904
0.1506569 0.06533168 0.7840115
0.1742909 0.05188135 0.7738278
0.1648066 0.0550142 0.7801792
0.1297735 0.05866657 0.8115599
0.1564952 0.0390061 0.8044987
0.1621091 0.03833473 0.7995562
0.1411518 0.04964079 0.8092074
0.1521278 0.05552849 0.7923437
0.1739291 0.04991935 0.7761515
0.1634987 0.06178525 0.7747161
0.1569514 0.04989169 0.793157
0.1589745 0.04608655 0.7949389
0.2157829 0.04736646 0.7368506
0.1633272 0.04800146 0.7886713
0.1455442 0.06202763 0.7924282
0.1892977 0.04982862 0.7608736
0.1398357 0.0532407 0.8069235
0.1577636 0.04102634 0.8012101
0.1577833 0.07916575 0.7630509
0.1523081 0.0575196 0.7901723
0.1682228 0.06596531 0.7658119
0.1726512 0.05419127 0.7731576
0.1724956 0.05830774 0.7691966
0.161282 0.05334855 0.7853695
0.1911208 0.06283665 0.7460425
0.1557804 0.05579378 0.7884259
0.1538655 0.0451975 0.800937
0.1716143 0.04158087 0.7868048
0.158343 0.0518628 0.7897942
0.1675253 0.05269559 0.7797791
0.1511702 0.05885995 0.7899698
0.1409104 0.06949403 0.7895955
0.1528852 0.0431107 0.8040041
0.1515835 0.06957642 0.77884
0.1712858 0.04996739 0.7787468
0.169406 0.07182876 0.7587653
0.1518254 0.05534934 0.7928252
0.1778247 0.04492167 0.7772537
0.1767856 0.04987712 0.7733373
0.1681027 0.05174279 0.7801545
0.1603639 0.05197143 0.7876647
0.1576854 0.05792223 0.7843924
0.1840851 0.07287624 0.7430386
0.1567859 0.05274852 0.7904656
0.1461154 0.04945463 0.80443
0.1655017 0.06091663 0.7735817
0.1516716 0.05439941 0.793929
0.1593068 0.06050879 0.7801844
0.1486404 0.07020248 0.7811571
0.1418346 0.04531515 0.8128503
0.1714704 0.05480361 0.773726
0.1602063 0.05896432 0.7808294
0.1374918 0.05156566 0.8109426
0.1549912 0.05907011 0.7859387
0.1576269 0.05287906 0.789494
0.1792764 0.06587323 0.7548504
0.1878417 0.05788073 0.7542775
0.143578 0.05808778 0.7983342
0.1641637 0.05718461 0.7786517
0.1745352 0.05450458 0.7709602
0.1723637 0.05133187 0.7763044
0.1712461 0.06700166 0.7617522
0.1653776 0.05381736 0.7808051
0.1600149 0.0451837 0.7948014
0.157689 0.05853314 0.7837779
0.1496672 0.07015781 0.780175
0.1609256 0.06461995 0.7744544
0.1699632 0.05843437 0.7716025
0.1504814 0.05411213 0.7954064
0.1580512 0.05315142 0.7887974
0.1732101 0.05932476 0.7674651
0.1609902 0.03824148 0.8007683
0.1557813 0.05351777 0.7907009
0.1721178 0.04504695 0.7828352
0.1548629 0.06331323 0.7818239
0.1588566 0.04972118 0.7914222
0.1543167 0.0554931 0.7901902
0.1781218 0.04873862 0.7731396
0.150196 0.05112734 0.7986767
0.1784339 0.04859417 0.7729719
0.1570467 0.04871741 0.7942358
0.1596623 0.05852095 0.7818167
0.1689773 0.06194172 0.7690809
0.1484143 0.0578566 0.7937291
0.1942746 0.04636235 0.759363
0.1673921 0.05123052 0.7813774
0.1813237 0.06964679 0.7490295
0.1523266 0.05594877 0.7917246
0.1567958 0.05584389 0.7873603
0.1552592 0.05560473 0.7891361
0.1773593 0.04835322 0.7742875
0.1612638 0.04955062 0.7891855
0.1735716 0.05632014 0.7701082
0.1931419 0.06010686 0.7467512
0.1552946 0.05494109 0.7897643
0.1762822 0.04515167 0.7785662
0.1856894 0.06753454 0.746776
