"p_1" "p_2" "p_3"
0.1146854 0.7120083 0.1733063
0.06956398 0.7907669 0.1396691
0.08973132 0.8396352 0.07063343
0.09173718 0.7691637 0.1390992
0.08316074 0.801456 0.1153832
0.08142124 0.7988528 0.1197259
0.06921735 0.8190832 0.1116995
0.08382492 0.7528919 0.1632832
0.04773316 0.8231326 0.1291342
0.1322599 0.7543597 0.1133804
0.04403388 0.8358594 0.1201067
0.07300737 0.8213905 0.1056021
0.05585841 0.8428641 0.1012775
0.09682159 0.8053099 0.09786851
0.07159038 0.8559027 0.0725069
0.1744794 0.7645736 0.06094697
0.07293912 0.7979777 0.1290831
0.1056216 0.8169324 0.07744595
0.04625402 0.8266548 0.1270911
0.07769655 0.7927691 0.1295343
0.114203 0.7457386 0.1400584
0.0624599 0.8589762 0.07856391
0.08813223 0.8049068 0.1069609
0.0417194 0.8454763 0.1128043
0.08015481 0.7818402 0.1380049
0.07736969 0.8239764 0.09865391
0.03028441 0.8352993 0.1344163
0.1022966 0.7483401 0.1493633
0.02712837 0.8744112 0.09846047
0.02399966 0.8849729 0.09102742
0.1042169 0.7484438 0.1473394
0.1040398 0.8036704 0.0922898
0.05138546 0.8531944 0.09542015
0.1010089 0.7525263 0.1464648
0.005551418 0.809643 0.1848056
0.06688329 0.8407876 0.09232911
0.1527126 0.7846449 0.06264249
0.06396259 0.8062578 0.1297796
0.07619902 0.793366 0.130435
0.07165482 0.7600156 0.1683296
0.03157439 0.8045078 0.1639178
0.05667958 0.8250603 0.1182601
0.04815656 0.8031156 0.1487279
0.04614222 0.7970488 0.156809
0.07404684 0.7941076 0.1318456
0.04590988 0.772286 0.1818042
0.07180381 0.7903558 0.1378404
0.1048043 0.8051327 0.09006299
0.1022599 0.7866853 0.1110548
0.1180465 0.7795123 0.1024411
0.06074522 0.822862 0.1163928
0.04916735 0.8329733 0.1178594
0.05535566 0.8043317 0.1403127
0.05736442 0.7920848 0.1505508
0.1096438 0.7066832 0.183673
0.05257026 0.8321848 0.1152449
0.05950238 0.8178964 0.1226013
0.09720517 0.7993718 0.103423
0.08636619 0.7969091 0.1167247
0.06543728 0.7629679 0.1715948
0.05020374 0.8905915 0.0592048
0.1023747 0.7137719 0.1838534
0.06634001 0.8415827 0.09207727
0.06631038 0.7746528 0.1590368
0.06858025 0.8404616 0.0909582
0.04467146 0.7823147 0.1730138
0.08028075 0.8301909 0.08952835
0.1068297 0.7685252 0.1246451
0.08251977 0.7951137 0.1223665
0.09508058 0.7766664 0.1282531
0.09937739 0.8110405 0.08958212
0.1263552 0.6918854 0.1817594
0.05219764 0.8130802 0.1347221
0.08091968 0.7683414 0.150739
0.07392603 0.7558447 0.1702293
0.101231 0.7927802 0.1059888
0.1033347 0.7833881 0.1132771
0.1135457 0.7721277 0.1143266
0.1074874 0.8538656 0.03864693
0.1592526 0.7436867 0.09706069
0.1521158 0.7668951 0.08098918
0.09739025 0.8354358 0.06717393
0.06552615 0.7751176 0.1593563
0.1100744 0.8134012 0.07652439
0.1094309 0.7688635 0.1217056
0.1255335 0.8365422 0.0379243
0.07666471 0.78257 0.1407653
0.06987423 0.8018881 0.1282377
0.06959211 0.7855827 0.1448252
0.09774276 0.8045136 0.09774361
0.0800326 0.8408669 0.07910054
0.1234978 0.7884339 0.08806825
0.1477018 0.75271 0.09958824
0.03184201 0.770686 0.1974719
0.09230406 0.8557732 0.0519227
0.06289179 0.8147353 0.1223729
0.06114137 0.7819788 0.1568798
0.1059882 0.814535 0.07947676
0.04667203 0.7693514 0.1839765
0.08188306 0.794666 0.123451
0.08085027 0.7739945 0.1451552
0.1187195 0.7729061 0.1083744
0.09204241 0.8331391 0.07481849
0.07267734 0.7448325 0.1824902
0.1299545 0.7685228 0.1015227
0.0464735 0.8205357 0.1329908
0.07280508 0.80812 0.119075
0.1361422 0.7579551 0.1059027
0.08879241 0.7726787 0.1385289
0.05235479 0.7851999 0.1624453
0.06416425 0.8225166 0.1133192
0.08844909 0.7863773 0.1251736
0.02985403 0.8553423 0.1148036
0.06495703 0.819293 0.11575
0.05679434 0.8240047 0.119201
0.1075568 0.7740131 0.11843
0.09885477 0.7372822 0.1638631
0.04574489 0.8255752 0.1286799
0.04059633 0.8490418 0.1103619
0.1420655 0.724229 0.1337055
0.06001526 0.7894402 0.1505446
0.03622906 0.8182416 0.1455293
0.07364518 0.7778187 0.1485362
0.08120534 0.7794759 0.1393187
0.06802914 0.7953709 0.1366
0.1313783 0.7499898 0.1186319
0.03989948 0.7847916 0.1753089
0.04876057 0.6944203 0.2568191
0.03883288 0.8485508 0.1126164
0.06046467 0.7230275 0.2165078
0.0602578 0.8443582 0.095384
0.03243113 0.735547 0.2320218
0.07523167 0.7236951 0.2010733
0.0550845 0.8084669 0.1364486
0.1344339 0.7451012 0.1204649
0.1004277 0.8039558 0.09561653
0.1167027 0.7733656 0.1099317
0.06308729 0.744674 0.1922387
0.06178706 0.8134326 0.1247804
0.05619858 0.6983756 0.2454259
0.02767165 0.8392447 0.1330836
0.06210204 0.7884205 0.1494774
0.1134659 0.7687794 0.1177547
0.04984007 0.7571707 0.1929892
0.06134069 0.8193553 0.119304
0.1073047 0.8055984 0.08709693
0.1279258 0.7515026 0.1205716
0.09986376 0.7420969 0.1580393
0.1219991 0.710349 0.1676519
0.0559255 0.8608189 0.08325559
0.07787581 0.74493 0.1771942
0.07453446 0.8181756 0.1072899
0.1501381 0.715869 0.1339929
0.1199008 0.6970498 0.1830494
0.1157937 0.8013156 0.08289075
0.1238603 0.795169 0.08097072
0.06627408 0.7800863 0.1536397
0.08743444 0.7997113 0.1128542
0.09657031 0.7673052 0.1361245
0.05822368 0.7304395 0.2113368
0.08093556 0.8194851 0.09957936
0.0972151 0.7155308 0.1872541
0.07550981 0.7717943 0.1526959
0.1347072 0.7702308 0.09506197
0.09059914 0.7553047 0.1540962
0.1093627 0.7347019 0.1559354
0.1890661 0.7158719 0.09506206
0.08614381 0.7324004 0.1814558
0.06000085 0.7956271 0.1443721
0.03969771 0.8621291 0.09817321
0.04874292 0.796767 0.1544901
0.0549568 0.7689615 0.1760817
0.04333039 0.7974096 0.15926
0.088758 0.7642192 0.1470228
0.06750889 0.8656856 0.06680546
0.1402624 0.784475 0.07526262
0.2028005 0.7343955 0.06280402
0.05308319 0.8482447 0.09867206
0.1138133 0.7531579 0.1330288
0.04697628 0.8262699 0.1267538
0.05007285 0.80865 0.1412771
0.06189291 0.8235699 0.1145372
0.1487154 0.7392022 0.1120824
0.09901641 0.7954989 0.1054847
0.07765958 0.7990736 0.1232669
0.1573726 0.7335769 0.1090505
0.08793751 0.7645105 0.147552
0.05276439 0.8334574 0.1137782
0.1414649 0.7138085 0.1447266
0.1184479 0.7416679 0.1398842
0.1648613 0.7361542 0.09898451
0.06814455 0.7745211 0.1573343
0.0001099719 0.7917594 0.2081306
0.08132544 0.8240023 0.09467231
0.1133278 0.7608947 0.1257775
0.09227919 0.7864884 0.1212324
0.06598933 0.7947814 0.1392293
0.04520387 0.7556802 0.1991159
0.08550805 0.7662899 0.148202
0.1053174 0.7730655 0.1216171
0.131097 0.750585 0.118318
0.02489375 0.8393473 0.1357589
0.08711673 0.7838619 0.1290213
0.06721327 0.7870536 0.1457331
0.05329437 0.79291 0.1537956
0.04810846 0.8926416 0.05924998
0.0568616 0.7892561 0.1538823
0.0822183 0.7783381 0.1394436
0.1502941 0.7411782 0.1085277
0.04884472 0.8193425 0.1318128
0.06219416 0.8608189 0.07698691
0.1123502 0.765266 0.1223838
0.06933046 0.7222242 0.2084453
0.1101186 0.7810469 0.1088345
0.0516883 0.8433487 0.104963
0.03799988 0.8294644 0.1325357
0.0685265 0.8576093 0.07386418
0.1159528 0.7461846 0.1378626
0.09595627 0.7535956 0.1504482
0.06222782 0.7988843 0.1388879
0.07860931 0.8428658 0.07852485
0.0697853 0.7860061 0.1442086
0.0550604 0.860803 0.08413658
0.09083899 0.7814164 0.1277446
0.03974666 0.8475924 0.1126609
0.08257996 0.7831728 0.1342472
0.1076095 0.796109 0.09628148
0.1350618 0.7215409 0.1433973
0.1104862 0.7740683 0.1154454
0.1365007 0.7390758 0.1244234
0.06748148 0.754252 0.1782665
0.0555573 0.7735875 0.1708552
0.09344868 0.795867 0.1106843
0.113152 0.7590713 0.1277767
0.1002153 0.7932351 0.1065496
0.105483 0.7401956 0.1543214
0.05201275 0.7950198 0.1529675
0.04311567 0.8338398 0.1230445
0.092866 0.785406 0.121728
0.05611339 0.8062852 0.1376014
0.08297083 0.7318417 0.1851875
0.06080893 0.820798 0.1183931
0.13021 0.7038065 0.1659834
0.04576288 0.8413351 0.112902
0.0530504 0.7763733 0.1705763
0.07028226 0.7973533 0.1323644
0.0395507 0.8516998 0.1087496
0.09563454 0.7489873 0.1553782
0.07868197 0.8277429 0.09357517
0.1063639 0.7353529 0.1582832
0.1029791 0.733899 0.1631219
0.1060814 0.8320402 0.0618784
0.06642183 0.7949404 0.1386377
0.06823757 0.7663292 0.1654332
0.08727863 0.8287036 0.08401781
0.1924513 0.7430034 0.06454534
0.04867288 0.7627305 0.1885966
0.04859911 0.840472 0.1109289
0.06471629 0.8462785 0.08900525
0.09215639 0.8436588 0.06418485
0.03873256 0.84526 0.1160074
0.0493905 0.8494299 0.1011796
0.09428315 0.8399016 0.06581523
0.1062323 0.8116036 0.08216414
0.05677788 0.8090375 0.1341847
0.09373754 0.7670091 0.1392534
0.06527807 0.774117 0.160605
0.09694184 0.8092478 0.09381033
0.1986244 0.7107667 0.0906089
0.04728059 0.8442198 0.1084996
0.1105421 0.799925 0.08953293
0.06835128 0.7049433 0.2267054
0.1120488 0.7151205 0.1728307
0.05759585 0.7677987 0.1746054
0.117511 0.7725716 0.1099173
0.1066308 0.7960383 0.09733086
0.05263752 0.7941237 0.1532387
0.1655462 0.7474808 0.08697301
0.07334469 0.7129998 0.2136555
0.1136004 0.8126986 0.07370098
0.06209234 0.8369532 0.1009545
0.05093861 0.8465662 0.1024952
0.03714087 0.8304019 0.1324572
0.05408968 0.8261203 0.11979
0.05811783 0.7636574 0.1782248
0.08111896 0.7847043 0.1341767
0.00756504 0.7891294 0.2033056
0.008124882 0.8189641 0.172911
0.1060262 0.8028881 0.09108569
0.1147624 0.8008048 0.08443276
0.08996991 0.8122112 0.09781886
0.05421206 0.8163013 0.1294866
0.1200331 0.7749691 0.1049978
0.1162014 0.6980746 0.185724
0.04924542 0.8266451 0.1241094
0.02513807 0.7863452 0.1885167
0.03112646 0.7684917 0.2003819
0.1115359 0.7614605 0.1270036
0.07627629 0.7786253 0.1450984
0.05897259 0.7930081 0.1480193
0.08285937 0.7167823 0.2003583
0.09898199 0.8623609 0.03865716
0.1392034 0.7968001 0.06399658
0.1086484 0.7321672 0.1591844
0.07598 0.7734055 0.1506145
0.1266908 0.7479463 0.1253629
0.01636748 0.7975706 0.1860619
0.07281435 0.7886716 0.1385141
0.06466277 0.8086674 0.1266698
0.103531 0.8234091 0.07305986
0.05863625 0.8085987 0.132765
0.1033113 0.8021144 0.09457428
0.0591774 0.8217445 0.1190781
0.08985074 0.7692485 0.1409007
0.07344448 0.776628 0.1499275
0.08237726 0.7807702 0.1368526
0.07781432 0.778168 0.1440177
0.07809452 0.8205357 0.1013698
0.0974673 0.7766519 0.1258808
0.1016521 0.8202223 0.07812559
0.03852585 0.7677807 0.1936935
0.08156641 0.7519823 0.1664512
0.05234475 0.7452738 0.2023815
0.009687943 0.8370882 0.1532238
0.03611983 0.852729 0.1111511
0.1692444 0.7058579 0.1248977
0.07717922 0.79041 0.1324108
0.06845297 0.7796621 0.151885
0.1503747 0.6387469 0.2108785
0.06847454 0.8045779 0.1269476
0.05207001 0.7340861 0.2138439
0.05446708 0.8439436 0.1015893
0.07410064 0.8247309 0.1011684
0.07559345 0.7704881 0.1539185
0.08992189 0.7653763 0.1447018
0.1088464 0.8151633 0.07599027
0.1000164 0.7780744 0.1219092
0.02293875 0.8527736 0.1242876
0.116364 0.731885 0.151751
0.08686498 0.7723181 0.1408169
0.04729502 0.8246542 0.1280508
0.05351749 0.7858617 0.1606208
0.08387244 0.7937732 0.1223544
0.1534606 0.7914212 0.05511816
0.1227419 0.7682998 0.1089583
0.09279514 0.8049793 0.1022255
0.1288462 0.7161707 0.154983
0.05191577 0.8149933 0.133091
0.1677538 0.7776039 0.05464238
0.05750861 0.6486545 0.2938369
0.1000708 0.7593209 0.1406083
0.05322712 0.7788205 0.1679524
0.09807153 0.7914381 0.1104904
0.06428518 0.7374381 0.1982767
0.1388374 0.7451236 0.116039
0.04091866 0.7845968 0.1744845
0.1491455 0.7181297 0.1327248
0.1295891 0.7718695 0.09854135
0.05996975 0.7087224 0.2313079
0.09286633 0.78762 0.1195136
0.05938805 0.8288569 0.111755
0.05765098 0.8279983 0.1143507
0.1697786 0.7954407 0.03478071
0.1679074 0.8126563 0.01943636
0.1448546 0.8246385 0.03050686
0.1020422 0.7077021 0.1902556
0.09450035 0.8042615 0.1012381
0.05556312 0.8108205 0.1336164
0.04908534 0.7861925 0.1647221
0.01532951 0.8406271 0.1440434
0.06454016 0.7581397 0.1773201
0.1474407 0.7852213 0.06733805
0.01900358 0.842706 0.1382904
0.0441169 0.8038904 0.1519927
0.04616505 0.7632127 0.1906223
0.08659126 0.837959 0.07544976
0.07000257 0.8156095 0.1143879
0.1039906 0.7928892 0.1031202
0.1427729 0.7247985 0.1324286
0.1017969 0.7973242 0.1008789
0.1285397 0.7942322 0.0772281
0.08817 0.7982284 0.1136016
0.03213245 0.7856129 0.1822546
0.1630513 0.7586605 0.07828819
0.05593838 0.8490726 0.09498906
0.04726301 0.8079436 0.1447934
0.04800594 0.7731615 0.1788326
0.06333924 0.8075656 0.1290952
0.1341088 0.6810531 0.1848381
0.1913893 0.7252471 0.08336364
0.06788094 0.7028812 0.2292378
0.05340337 0.8432204 0.1033762
0.07987892 0.7408039 0.1793172
0.09805208 0.7311768 0.1707711
0.09418886 0.7429614 0.1628497
0.1650833 0.7430118 0.09190488
0.07300618 0.7547711 0.1722227
0.04589234 0.7665898 0.1875178
0.08433117 0.7910431 0.1246257
0.06781555 0.7619708 0.1702137
0.03886001 0.8248429 0.1362971
0.0612896 0.7651156 0.1735948
0.05097488 0.8541153 0.09490979
0.08385485 0.809571 0.1065742
0.02591444 0.762568 0.2115176
0.2092573 0.7311219 0.05962079
0.1280443 0.7966234 0.07533229
0.1670598 0.7675615 0.06537873
0.05044304 0.7776977 0.1718593
0.1176338 0.8125314 0.06983488
0.08191253 0.8314396 0.0866479
0.06662559 0.7984401 0.1349343
0.04656721 0.7955506 0.1578822
0.05318713 0.8401931 0.1066197
0.1015399 0.7989808 0.0994793
0.03636603 0.7599015 0.2037325
0.07584862 0.806568 0.1175834
0.1209993 0.7404495 0.1385513
0.06367797 0.8036103 0.1327117
0.08333976 0.8148325 0.1018278
0.1155687 0.7909332 0.09349816
0.05939593 0.8484403 0.09216381
0.04360012 0.8300559 0.126344
0.1605595 0.7985378 0.04090273
0.1582559 0.7650001 0.07674399
0.06017897 0.810692 0.129129
0.01470869 0.8099085 0.1753828
0.06741216 0.7778235 0.1547644
0.04263026 0.7356555 0.2217143
0.04740692 0.8812983 0.07129479
0.05197369 0.8509107 0.09711559
0.0780471 0.7811217 0.1408312
0.06593266 0.8212326 0.1128347
0.08634452 0.8408278 0.07282768
0.0593966 0.792689 0.1479144
0.07901196 0.8432104 0.07777768
0.06771663 0.8416106 0.09067274
0.01898293 0.8423855 0.1386316
0.05754005 0.8785111 0.06394889
0.1877401 0.6810228 0.131237
0.05108183 0.832055 0.1168632
0.1143577 0.7805077 0.1051347
0.05387849 0.8057844 0.1403371
0.1970776 0.7672266 0.0356958
0.02849641 0.7914177 0.1800859
0.03550207 0.8168307 0.1476673
0.1287613 0.8032967 0.06794205
0.1509894 0.8177457 0.03126498
0.06359781 0.7311298 0.2052724
0.1547118 0.7634795 0.08180873
0.0532039 0.7805516 0.1662445
0.06141113 0.8063135 0.1322754
0.0269108 0.7299152 0.243174
0.1247376 0.7667096 0.1085528
0.05683393 0.8019272 0.1412389
0.008020311 0.8538532 0.1381265
0.09054527 0.7530027 0.156452
0.03404004 0.8130128 0.1529472
0.1243772 0.7406831 0.1349397
0.01055536 0.836136 0.1533086
0.0929277 0.7168917 0.1901806
0.05094406 0.7940371 0.1550188
0.1070843 0.7969826 0.09593311
0.03157544 0.8336669 0.1347576
0.05082422 0.7793082 0.1698676
0.07248836 0.7253207 0.2021909
0.09095381 0.8125172 0.09652899
0.1295813 0.6973312 0.1730876
0.08646376 0.7102885 0.2032477
0.06093516 0.82278 0.1162849
0.1416155 0.7698447 0.08853986
0.03614602 0.8254143 0.1384397
0.08871598 0.7988376 0.1124464
0.05397147 0.8686238 0.07740472
0.1067416 0.8577252 0.03553316
0.04604531 0.8901312 0.06382348
0.07754814 0.802404 0.1200478
0.1666433 0.7268585 0.1064983
0.1109339 0.7501135 0.1389526
0.1035059 0.7544343 0.1420598
0.09192117 0.7822326 0.1258462
0.06770199 0.8586839 0.07361411
0.06942075 0.8375298 0.09304944
0.05454387 0.8034477 0.1420084
0.106112 0.8151807 0.07870736
0.08221045 0.7674464 0.1503432
0.1030765 0.6837048 0.2132187
0.07060469 0.8275417 0.1018536
0.0005680737 0.7440489 0.255383
0.02741861 0.7970667 0.1755147
0.05507166 0.759093 0.1858353
0.08464693 0.8156345 0.09971858
0.04501148 0.8099355 0.145053
0.1159069 0.6972863 0.1868068
0.1225301 0.7794728 0.09799704
0.05371728 0.8048753 0.1414075
0.1404526 0.7464762 0.1130712
0.01863631 0.8185536 0.16281
0.09697409 0.8354372 0.06758867
0.1708149 0.748892 0.080293
0.07129807 0.8013117 0.1273902
0.1578195 0.7681016 0.07407889
0.06093741 0.8126936 0.126369
0.05960766 0.8383658 0.1020265
0.07601162 0.811367 0.1126213
0.09242088 0.7951805 0.1123986
0.07589305 0.7737204 0.1503865
0.04274705 0.7673233 0.1899296
0.127857 0.7617421 0.1104009
0.1204833 0.7733232 0.1061935
0.1514831 0.7463633 0.1021536
0.07732153 0.7342695 0.188409
0.05399503 0.7306052 0.2153997
0.04609175 0.777298 0.1766102
0.04171831 0.8136814 0.1446003
0.0538314 0.7527364 0.1934322
0.08755487 0.8218268 0.0906183
0.1344069 0.7094006 0.1561925
0.08671006 0.7680452 0.1452447
0.0745447 0.783468 0.1419873
0.07711008 0.787145 0.1357449
0.1001515 0.7485752 0.1512733
0.1054112 0.7516286 0.1429602
0.1161116 0.7785697 0.1053188
0.1585164 0.713055 0.1284286
0.1085526 0.7500048 0.1414427
0.04149072 0.8205442 0.1379651
0.08411715 0.7472606 0.1686222
0.05691595 0.7928189 0.1502651
0.06310196 0.8454841 0.0914139
0.1064459 0.7520869 0.1414672
0.1242081 0.7451422 0.1306497
0.05862953 0.8238187 0.1175518
0.06516472 0.8239217 0.1109135
0.02240535 0.7816579 0.1959367
0.0002525621 0.8314596 0.1682879
0.07507478 0.8140876 0.1108376
0.05459176 0.8655576 0.07985061
0.07648115 0.755673 0.1678459
0.03951432 0.7776991 0.1827866
0.09821782 0.8273963 0.07438587
0.09733637 0.8251765 0.07748716
0.1224456 0.7961196 0.08143478
0.1079408 0.8229862 0.06907301
0.1073425 0.7042539 0.1884036
0.03940044 0.7609106 0.1996889
0.05888846 0.7684313 0.1726803
0.04749385 0.8199676 0.1325386
0.06413519 0.799046 0.1368188
0.07160764 0.829241 0.09915139
0.02883682 0.7713385 0.1998247
0.03147155 0.7248086 0.2437199
0.1958551 0.7394946 0.06465031
0.05361822 0.8110849 0.1352969
0.08867277 0.7822832 0.129044
0.06673328 0.8331446 0.1001221
0.09006655 0.7407825 0.1691509
0.1009992 0.7787557 0.1202451
0.09735628 0.7453139 0.1573298
0.05595567 0.8276189 0.1164255
0.09568922 0.8238051 0.08050573
0.05089095 0.8162619 0.1328471
0.07633945 0.7505138 0.1731467
0.0899985 0.8014672 0.1085343
0.1103742 0.7733522 0.1162736
0.09169271 0.7926188 0.1156884
0.04562906 0.8087874 0.1455835
0.09809681 0.7594407 0.1424625
0.0800186 0.7597183 0.1602631
0.09858956 0.8040738 0.09733667
0.07412913 0.7651986 0.1606723
0.08231821 0.7373824 0.1802994
0.08324696 0.7827002 0.1340528
0.06616761 0.7905491 0.1432833
0.01003716 0.8335755 0.1563873
0.001394639 0.8093744 0.1892309
0.04700706 0.8658689 0.08712402
0.08267112 0.7824066 0.1349223
0.1404562 0.7640772 0.09546661
0.05971257 0.81353 0.1267574
0.05810072 0.7404645 0.2014348
0.08929134 0.8552928 0.05541588
0.05174001 0.8662271 0.08203284
0.1214173 0.7819543 0.09662837
0.1343342 0.7552834 0.1103824
0.06862495 0.7963903 0.1349848
0.06616097 0.7990304 0.1348086
0.04541428 0.7966155 0.1579703
0.03859215 0.8183449 0.1430629
0.08969238 0.7932963 0.1170113
0.02270461 0.7834529 0.1938425
0.129958 0.7334936 0.1365484
0.1249208 0.7829811 0.09209804
0.07537573 0.7394848 0.1851394
0.04688223 0.8274536 0.1256642
0.07351121 0.7638127 0.162676
0.05391694 0.8218772 0.1242058
0.07237277 0.7797079 0.1479193
0.03932247 0.8195891 0.1410884
0.1099031 0.7528408 0.1372561
0.08760717 0.8167726 0.09562025
0.06214462 0.7744898 0.1633656
0.06444526 0.8155625 0.1199922
0.1887578 0.7130448 0.09819737
0.08149044 0.7831522 0.1353574
0.09191334 0.7931336 0.1149531
0.031505 0.7147903 0.2537046
0.07510144 0.7778591 0.1470394
0.04422941 0.8376412 0.1181294
0.1517176 0.7128316 0.1354507
0.1493335 0.7351574 0.1155091
0.02107703 0.7417745 0.2371484
0.108916 0.7902886 0.1007953
0.1295826 0.774525 0.09589246
0.0336403 0.8757551 0.09060462
0.05524911 0.7986417 0.1461092
0.1052899 0.7439341 0.150776
0.07566031 0.785402 0.1389377
0.04296086 0.8030462 0.1539929
0.1194412 0.7264174 0.1541414
0.06360587 0.7646655 0.1717286
0.09389554 0.7796502 0.1264542
0.03907622 0.8508059 0.1101179
0.07872134 0.7758548 0.1454238
0.07580137 0.7839808 0.1402178
0.1440293 0.7146566 0.1413141
0.04817218 0.7544755 0.1973524
0.1019529 0.7741818 0.1238653
0.1055509 0.7585284 0.1359207
0.08462031 0.7034236 0.211956
0.1680096 0.7326299 0.09936045
0.06896687 0.8158374 0.1151958
0.08967534 0.6780165 0.2323082
0.08976166 0.7873178 0.1229206
0.06813495 0.8385096 0.0933555
0.115048 0.6979835 0.1869685
0.06838312 0.7754744 0.1561425
0.05701389 0.7690743 0.1739118
0.07498141 0.780583 0.1444356
0.1134106 0.8104768 0.07611264
0.09912653 0.8012337 0.09963979
0.03011007 0.8427866 0.1271033
0.0636915 0.7823814 0.1539271
0.06286039 0.8068791 0.1302605
0.07733045 0.7993812 0.1232884
0.1417589 0.7167677 0.1414734
0.05344825 0.8604609 0.08609088
0.04189476 0.818275 0.1398303
0.05815613 0.8293216 0.1125222
0.02906924 0.8438496 0.1270811
0.08125334 0.7236454 0.1951012
0.09792351 0.7282047 0.1738718
0.06243459 0.8160839 0.1214815
0.1167576 0.7351626 0.1480798
0.05657344 0.8070614 0.1363651
0.128144 0.722539 0.149317
0.1404528 0.7596167 0.09993054
0.06896854 0.8017748 0.1292566
0.08521159 0.8444306 0.07035779
0.1263783 0.7908513 0.08277036
0.1085435 0.7834703 0.1079862
0.1101453 0.7205519 0.1693029
0.05277552 0.771861 0.1753635
0.09695968 0.7859591 0.1170812
0.03734431 0.8399091 0.1227466
0.03586611 0.8089613 0.1551726
0.05594956 0.7645239 0.1795266
0.05976722 0.7793462 0.1608865
0.0508085 0.7735149 0.1756766
0.04184933 0.7829412 0.1752095
0.05984231 0.7804227 0.159735
0.08723428 0.7849526 0.1278131
0.01947712 0.8181902 0.1623327
0.07560328 0.7810033 0.1433934
0.08691792 0.8035102 0.1095718
0.08495403 0.7340948 0.1809512
0.05243073 0.7328657 0.2147036
0.08769684 0.7683137 0.1439894
0.07034511 0.8328218 0.09683304
0.0601131 0.7692557 0.1706312
0.08129871 0.752046 0.1666553
0.0725279 0.8368263 0.09064582
0.07185241 0.8331315 0.09501609
0.1134135 0.7879605 0.09862604
0.1177254 0.7280285 0.1542461
0.08544066 0.7425505 0.1720088
0.00859676 0.8486431 0.1427602
0.0505106 0.738372 0.2111174
0.08094351 0.7292846 0.1897719
0.1067973 0.7819231 0.1112796
0.09227283 0.7630593 0.1446679
0.06327663 0.7504031 0.1863202
0.04204148 0.8376556 0.1203029
0.1271722 0.8326382 0.04018959
0.1502847 0.7768818 0.07283351
0.1865169 0.7796079 0.03387518
0.1154622 0.7953781 0.08915969
0.1185788 0.8353393 0.04608188
0.06175891 0.7673476 0.1708935
0.1116905 0.7920413 0.09626819
0.08451501 0.707633 0.207852
0.04632213 0.8270137 0.1266642
0.08603699 0.6708337 0.2431293
0.05551601 0.764826 0.1796579
0.06723455 0.8066326 0.1261329
0.1211285 0.7302342 0.1486373
0.05164926 0.8179849 0.1303658
0.05394479 0.8385302 0.107525
0.08514422 0.7384484 0.1764074
0.01552036 0.7508684 0.2336113
0.07080455 0.7997724 0.129423
0.04005903 0.8516657 0.1082753
0.09687021 0.827584 0.07554575
0.06869695 0.778822 0.152481
0.02355374 0.7774548 0.1989914
0.09632677 0.7787249 0.1249483
0.06599196 0.7685587 0.1654493
0.05192756 0.8238316 0.1242408
0.09113853 0.804534 0.1043275
0.07210088 0.8203265 0.1075726
0.08721872 0.7869337 0.1258476
0.1272022 0.769897 0.1029008
0.1235519 0.757386 0.1190621
0.07419289 0.8090468 0.1167603
0.06053173 0.7175891 0.2218791
0.06034421 0.8196168 0.120039
0.09149461 0.75669 0.1518154
0.05993898 0.8284705 0.1115905
0.03937685 0.8461969 0.1144262
0.07213804 0.8405532 0.08730872
0.04726966 0.7895394 0.163191
0.07063805 0.7883734 0.1409885
0.07095813 0.8577252 0.0713167
0.1236498 0.7604005 0.1159497
0.06866672 0.7962156 0.1351176
0.1145927 0.7647827 0.1206246
0.05934504 0.803333 0.1373219
0.0627883 0.7885808 0.1486309
0.06805001 0.7701348 0.1618152
0.04539019 0.8797671 0.07484267
0.06821355 0.7859512 0.1458353
0.04362527 0.7550297 0.201345
0.06139278 0.7273853 0.211222
0.08042383 0.8062882 0.1132879
0.1155806 0.7789089 0.1055105
0.06513161 0.799295 0.1355734
0.0466799 0.855218 0.09810205
0.05397011 0.841899 0.1041309
0.1286551 0.7603975 0.1109474
0.1151624 0.6740254 0.2108122
0.1078838 0.7331725 0.1589437
0.05643996 0.8182555 0.1253045
0.05582166 0.8398674 0.104311
0.09236678 0.8177578 0.08987538
0.06712411 0.8058772 0.1269987
0.1497784 0.7477573 0.1024643
0.0501701 0.8313143 0.1185156
0.1276637 0.7747907 0.09754561
0.06200538 0.7668346 0.17116
0.08314497 0.7986696 0.1181854
0.08356932 0.7863581 0.1300726
0.1171949 0.7741953 0.1086098
0.1777049 0.7472022 0.07509295
0.08496219 0.7839175 0.1311203
0.1076193 0.7806323 0.1117485
0.06972174 0.7889633 0.141315
0.05776417 0.8363491 0.1058867
0.07617476 0.7276505 0.1961747
0.07293621 0.7774499 0.1496139
0.1500305 0.753464 0.09650555
0.1406407 0.7839466 0.07541271
0.1119809 0.7014744 0.1865447
0.07253833 0.783527 0.1439347
0.09953178 0.7756436 0.1248246
0.04304721 0.7447871 0.2121657
0.03803581 0.8733124 0.08865176
0.09544962 0.7040461 0.2005043
0.08335585 0.7734473 0.1431969
0.009801092 0.8379281 0.1522708
0.06839077 0.8046854 0.1269239
0.04586609 0.7556687 0.1984652
0.08463987 0.7879021 0.127458
0.08260382 0.8131546 0.1042416
0.1294252 0.7345635 0.1360113
0.1028074 0.8233638 0.07382882
0.1002091 0.8029409 0.09684994
0.07086841 0.7875057 0.1416259
0.0790263 0.8311512 0.08982249
0.0960184 0.8145011 0.08948054
0.08589431 0.8609745 0.05313116
0.06318017 0.7492172 0.1876026
0.1259516 0.7464538 0.1275946
0.1365085 0.7621347 0.1013568
0.02651347 0.8033719 0.1701147
0.05786137 0.8909321 0.0512065
0.06939511 0.8320456 0.09855931
0.05963182 0.8469718 0.09339638
0.1042144 0.7553151 0.1404706
0.08670586 0.8074789 0.1058153
0.0664754 0.8203213 0.1132033
0.1351586 0.7035334 0.161308
0.0382042 0.7813892 0.1804066
0.07711042 0.8051719 0.1177177
0.03363522 0.7931472 0.1732175
0.06515207 0.7973428 0.1375051
0.1290933 0.7328947 0.138012
0.04723393 0.694441 0.2583251
0.08271662 0.8318602 0.08542315
0.01795224 0.7681205 0.2139273
0.1018219 0.7990604 0.0991177
0.07804565 0.7840936 0.1378608
0.08333116 0.7737877 0.1428811
0.06614734 0.7376207 0.196232
0.08089533 0.8182549 0.1008498
0.1636542 0.739793 0.09655283
0.04016705 0.8359011 0.1239319
0.04282008 0.8483968 0.1087832
0.2184595 0.7633293 0.0182112
0.1672271 0.7030703 0.1297026
0.05255511 0.8310755 0.1163694
0.08798567 0.8258937 0.08612061
0.02466019 0.8025749 0.1727649
0.07866928 0.7781206 0.1432101
0.1092267 0.8569492 0.03382408
0.07242439 0.7548114 0.1727642
0.07633654 0.7963952 0.1272683
0.1417967 0.7045203 0.153683
0.05607383 0.7321488 0.2117774
0.02715098 0.7896398 0.1832092
0.08382311 0.7906917 0.1254852
0.08514019 0.8274568 0.08740299
0.07224642 0.8075775 0.120176
0.05265182 0.8156747 0.1316735
0.04170528 0.8138755 0.1444192
0.04942755 0.8301046 0.1204678
0.07996926 0.8186805 0.1013502
0.08638719 0.8642612 0.04935156
0.06757608 0.7805357 0.1518883
0.04910482 0.8083698 0.1425254
0.1154212 0.7649733 0.1196055
0.05806677 0.8583873 0.08354591
0.03870256 0.8397956 0.1215018
0.06803174 0.7167385 0.2152298
0.09655211 0.8495711 0.05387682
0.08433031 0.8036981 0.1119715
0.09078406 0.7814756 0.1277403
0.02393507 0.8382197 0.1378452
0.05371483 0.8361946 0.1100906
0.04848894 0.773356 0.1781551
0.07119064 0.797375 0.1314344
0.07220952 0.7835455 0.144245
0.06243827 0.765879 0.1716828
0.07262401 0.7994397 0.1279363
0.0458309 0.7946174 0.1595517
0.07523482 0.8693758 0.05538934
0.04095014 0.8070929 0.1519569
0.04728225 0.8224667 0.1302511
0.07653863 0.7007673 0.222694
0.04288446 0.7568076 0.2003079
0.09157576 0.8165618 0.09186247
0.05102877 0.8253841 0.1235871
0.08283406 0.7600615 0.1571044
0.05689277 0.7773978 0.1657094
0.06673013 0.7782693 0.1550006
0.01986095 0.8155259 0.1646132
0.04274651 0.849948 0.1073055
0.05068688 0.8203997 0.1289135
0.07594627 0.8244363 0.09961744
0.0711639 0.7847713 0.1440648
0.056881 0.8327928 0.1103262
0.04455209 0.782901 0.1725469
0.04444825 0.8286994 0.1268524
0.1136904 0.8048492 0.08146041
0.05222088 0.7574251 0.190354
0.08093216 0.7376068 0.181461
0.05316692 0.8893675 0.05746555
0.1060824 0.7546359 0.1392817
0.03967745 0.7709483 0.1893743
0.07110643 0.8163491 0.1125445
0.07011337 0.6710242 0.2588625
0.07529857 0.8752591 0.04944231
0.06267345 0.7690369 0.1682896
0.134204 0.7767482 0.08904782
0.07101636 0.83224 0.09674361
0.0289694 0.8280398 0.1429908
0.01896116 0.7941595 0.1868794
0.09584733 0.8297009 0.07445175
0.07341883 0.7645236 0.1620576
0.1149493 0.7411683 0.1438824
0.07919384 0.7571319 0.1636743
0.03768523 0.7880231 0.1742917
0.0576391 0.8171492 0.1252117
0.04785365 0.83861 0.1135364
0.05777272 0.7928798 0.1493475
0.07400336 0.7680691 0.1579276
0.1195422 0.7858321 0.09462569
0.05983203 0.7919099 0.1482581
0.08151512 0.8163676 0.1021173
0.04340687 0.8431308 0.1134624
0.1391421 0.7861744 0.07468349
0.04104413 0.8226198 0.136336
0.1142041 0.7952094 0.09058648
0.07028403 0.8740015 0.05571443
0.07568975 0.783333 0.1409773
0.0505599 0.808647 0.1407931
0.1399039 0.7121689 0.1479272
0.1443214 0.7208161 0.1348625
0.07394645 0.6891807 0.2368728
0.08617334 0.8044598 0.1093668
0.0936744 0.7769396 0.129386
0.04535273 0.8705472 0.08410005
0.07096795 0.8160715 0.1129605
0.06552716 0.8160999 0.118373
0.0806225 0.7942071 0.1251704
0.09887393 0.81757 0.08355604
0.06636038 0.8476024 0.08603723
0.1193487 0.7540602 0.1265911
0.1065432 0.8317292 0.06172761
0.1168576 0.7693178 0.1138247
0.01982297 0.8305371 0.1496399
0.04590392 0.8452253 0.1088708
0.04309617 0.7796709 0.177233
0.07561777 0.8280881 0.09629414
0.05603991 0.8359476 0.1080125
0.1112841 0.7347899 0.153926
0.07418354 0.7680219 0.1577945
0.09040986 0.7703452 0.1392449
0.04975833 0.7817217 0.1685199
0.08925152 0.8210872 0.08966126
0.08665037 0.7669767 0.146373
0.0626869 0.8497623 0.08755084
0.07747349 0.7933849 0.1291416
0.04655519 0.8524726 0.1009722
0.07398649 0.7628981 0.1631155
0.02494126 0.7929203 0.1821385
0.07443413 0.7537411 0.1718248
0.1025062 0.837215 0.06027877
0.1478919 0.7515722 0.1005359
0.07580141 0.767043 0.1571556
0.08376125 0.7905834 0.1256554
0.05756772 0.8530676 0.08936463
0.06920933 0.6867698 0.2440209
0.05145191 0.7826259 0.1659222
0.02362881 0.8654858 0.1108854
0.08891745 0.7724777 0.1386049
0.08770476 0.7613545 0.1509407
0.04395227 0.8112956 0.1447521
0.04256638 0.7571724 0.2002612
0.05492738 0.8216278 0.1234448
0.0384893 0.8007388 0.1607719
0.06318528 0.8106591 0.1261556
0.1150355 0.7828533 0.1021112
0.06888737 0.7693006 0.161812
0.08418025 0.7656429 0.1501769
0.08051059 0.7924896 0.1269998
0.06435156 0.7792407 0.1564077
0.08382208 0.8229913 0.09318663
0.1150545 0.736411 0.1485345
0.109429 0.7945413 0.09602963
0.07899901 0.8234747 0.0975263
0.07533619 0.8313914 0.09327239
0.140259 0.7485087 0.1112323
0.1173829 0.7683029 0.1143142
0.07274921 0.8375955 0.08965525
0.06230847 0.8105026 0.1271889
0.06917603 0.801547 0.1292769
0.09222183 0.7605059 0.1472723
0.05159558 0.8131467 0.1352577
0.1124803 0.7766686 0.1108512
0.06151852 0.8258936 0.1125879
0.08334533 0.7055571 0.2110975
0.01044979 0.800229 0.1893212
0.05059245 0.753381 0.1960265
0.04217807 0.8217159 0.1361061
0.03654952 0.8162882 0.1471623
0.07605361 0.8093783 0.1145681
0.1237531 0.8408872 0.03535967
0.08781099 0.7927847 0.1194043
0.06382105 0.8477855 0.08839346
0.02044509 0.79699 0.1825649
0.06706665 0.8244846 0.1084487
0.09860509 0.7465566 0.1548383
0.1184484 0.7810457 0.1005059
0.06264563 0.7713557 0.1659987
0.02946925 0.7388805 0.2316502
0.1008751 0.8201308 0.07899412
0.1542252 0.7571115 0.08866333
0.06237406 0.7572877 0.1803383
0.07783523 0.7239233 0.1982415
0.0452068 0.819536 0.1352572
0.03590216 0.8025497 0.1615481
0.05926975 0.8214581 0.1192721
0.1011212 0.7443793 0.1544995
0.05255656 0.8607169 0.08672657
0.04623356 0.7735676 0.1801988
0.1821076 0.7228259 0.09506645
0.04977962 0.782418 0.1678024
0.009349015 0.7045631 0.2860879
0.05053129 0.8439353 0.1055334
0.1194848 0.7331656 0.1473497
0.1281546 0.7627249 0.1091205
0.0982462 0.6553814 0.2463724
0.1387398 0.7156277 0.1456325
0.06351042 0.8301363 0.1063533
0.1157839 0.7668888 0.1173272
0.03963933 0.8534913 0.1068693
0.0340443 0.7266146 0.2393411
0.06237696 0.866596 0.07102703
0.09435253 0.7711588 0.1344887
0.05414965 0.8353899 0.1104605
0.07919508 0.7566966 0.1641083
0.1137655 0.762322 0.1239125
0.1608292 0.686651 0.1525197
0.1002426 0.8417995 0.05795789
0.06016061 0.7672566 0.1725827
0.07532226 0.8229289 0.1017489
0.1057625 0.8007557 0.09348176
0.08798891 0.7899553 0.1220558
0.1307887 0.7633024 0.105909
0.07706649 0.8146544 0.1082791
0.1335165 0.7794256 0.08705794
0.1104811 0.7564669 0.133052
0.04564926 0.8562075 0.09814323
0.08839014 0.8405983 0.07101155
0.1344855 0.7862168 0.07929764
0.09432978 0.808528 0.09714225
0.1668871 0.6972628 0.13585
0.1005606 0.7173058 0.1821336
0.05578654 0.711278 0.2329355
0.07205422 0.7749911 0.1529547
0.08592499 0.7922226 0.1218524
0.03405869 0.8271287 0.1388126
0.0785771 0.7325495 0.1888734
0.06549473 0.774216 0.1602892
0.05756594 0.813099 0.129335
0.08076017 0.7846359 0.1346039
0.1522653 0.6805165 0.1672182
0.0889165 0.8178255 0.09325804
0.06312901 0.77523 0.161641
0.07979513 0.7929237 0.1272812
0.1629297 0.7972121 0.03985821
0.1138804 0.6480593 0.2380602
0.01332061 0.8975443 0.08913505
0.08887522 0.7508606 0.1602642
0.03366023 0.7634732 0.2028666
0.1005848 0.7938944 0.1055208
0.1205146 0.7013466 0.1781388
0.05409917 0.8667013 0.07919956
0.09958213 0.791219 0.1091989
0.0869642 0.7728153 0.1402205
0.08772844 0.8348665 0.0774051
0.03869239 0.868485 0.09282263
0.1344291 0.7438977 0.1216732
0.05346872 0.7975282 0.1490031
0.04692036 0.7914386 0.161641
0.04387821 0.8060022 0.1501196
0.1560571 0.7915821 0.05236073
0.1214936 0.7075426 0.1709638
0.08729049 0.7649332 0.1477763
0.05398542 0.8169104 0.1291042
0.07602652 0.771106 0.1528674
0.02954272 0.8231548 0.1473025
0.05698801 0.7761706 0.1668414
0.07265988 0.7744221 0.152918
0.06060094 0.8421395 0.09725953
0.1429154 0.7343214 0.1227632
0.07346705 0.821022 0.1055109
0.2390203 0.717559 0.04342079
0.2112465 0.7427259 0.04602762
0.2125154 0.7640637 0.02342095
0.03719545 0.8208133 0.1419913
0.06270785 0.839756 0.09753615
0.09743409 0.6928168 0.2097491
0.08145617 0.7592079 0.1593359
0.02600768 0.7752825 0.1987098
0.109682 0.7887415 0.1015765
0.08248913 0.7721012 0.1454097
0.05678711 0.8396867 0.1035262
0.09649857 0.7693326 0.1341688
0.1463269 0.7713194 0.08235375
0.112917 0.7775082 0.1095748
0.05166397 0.7289776 0.2193584
0.1646981 0.7134197 0.1218821
0.07164819 0.8354351 0.09291667
0.07740712 0.7174341 0.2051588
0.05590395 0.8076466 0.1364494
0.06922453 0.7382589 0.1925166
0.05969958 0.7821134 0.1581871
0.05625772 0.827865 0.1158773
0.1020456 0.8357225 0.06223188
0.1146751 0.7763159 0.109009
0.07392599 0.6889441 0.2371299
0.0880988 0.7890274 0.1228738
0.06533621 0.7727543 0.1619095
0.02946153 0.8127444 0.1577941
0.1070623 0.7451978 0.1477398
0.09875313 0.7750938 0.1261531
0.08447418 0.7899965 0.1255293
0.07496331 0.8235499 0.1014868
0.09603898 0.8152609 0.08870007
0.1261826 0.7840414 0.08977608
0.1320016 0.7756184 0.09237997
0.05488339 0.8470357 0.09808088
0.02579292 0.8244969 0.1497102
0.07337777 0.7906124 0.1360098
0.01821485 0.770956 0.2108291
0.06236789 0.8052634 0.1323687
