p_1 p_2 p_3 p_4 
0.3725828 0.2490217 0.3694189 0.008976597 
0.4089128 0.2543697 0.3191538 0.01756369 
0.3458821 0.2484233 0.3493826 0.05631202 
0.4034715 0.2604101 0.3340771 0.002041166 
0.3919943 0.3193894 0.2861541 0.002462218 
0.4155807 0.2459888 0.3357758 0.002654642 
0.4243306 0.2999212 0.2480256 0.02772261 
0.4080458 0.2657847 0.3236675 0.002501976 
0.3847679 0.2661287 0.3470085 0.002094944 
0.3892419 0.2776713 0.3276563 0.005430385 
0.3808688 0.2673383 0.3115353 0.04025766 
0.3925022 0.2595198 0.3108153 0.03716275 
0.3059419 0.2726076 0.4060623 0.0153882 
0.3376733 0.2864007 0.3167435 0.05918248 
0.4921547 0.2419104 0.2513927 0.01454225 
0.3464854 0.2647616 0.3652567 0.02349628 
0.4490745 0.2289398 0.2700645 0.05192115 
0.4848469 0.1993682 0.2603296 0.05545529 
0.4060367 0.2604107 0.3027643 0.03078823 
0.3640513 0.32144 0.3042883 0.0102204 
0.3499886 0.2972905 0.3504396 0.002281331 
0.2744842 0.3073254 0.4019471 0.01624324 
0.3511475 0.3076634 0.3355192 0.005670005 
0.4279097 0.3346241 0.2233909 0.01407529 
0.4308922 0.3541117 0.1875661 0.02743006 
0.3801642 0.2529273 0.3647339 0.002174566 
0.406164 0.2550389 0.3244431 0.01435402 
0.398657 0.3144064 0.273489 0.01344763 
0.4230088 0.3290214 0.2477647 0.0002050381 
0.2846231 0.3148239 0.3249501 0.07560289 
0.5155945 0.2017241 0.2434078 0.03927359 
0.4323158 0.3166677 0.2474583 0.003558258 
0.4017547 0.3567825 0.2212675 0.02019531 
0.4390436 0.2228341 0.3311071 0.00701522 
0.3974614 0.3059407 0.2951792 0.001418724 
0.3055616 0.2719401 0.3560333 0.06646497 
0.3759338 0.2294368 0.3101372 0.08449223 
0.4387175 0.3062504 0.2482732 0.006758965 
0.3733642 0.2509814 0.3319458 0.04370868 
0.4068538 0.2536914 0.319571 0.01988385 
0.3628595 0.3279333 0.2965898 0.01261734 
0.3723249 0.3118612 0.2381417 0.07767215 
0.3183743 0.2865814 0.3926637 0.002380575 
0.2870854 0.3389338 0.3523467 0.02163406 
0.4395604 0.2741669 0.2600267 0.02624598 
0.3195706 0.3182029 0.3308385 0.03138809 
0.3750821 0.3712367 0.2098379 0.04384334 
0.401742 0.2406503 0.3379928 0.01961485 
0.3159338 0.3177383 0.3305482 0.03577972 
0.3757778 0.2981119 0.2146691 0.1114412 
0.4096346 0.3099683 0.263703 0.01669408 
0.3936407 0.2988107 0.2876166 0.01993204 
0.4294688 0.2651665 0.2725442 0.03282061 
0.3093272 0.3404128 0.3409989 0.009261149 
0.4324345 0.2455347 0.2919487 0.03008211 
0.3910778 0.3352556 0.2578784 0.01578819 
0.3811744 0.3613505 0.2561129 0.001362162 
0.4509472 0.2339471 0.3093508 0.005754839 
0.3533616 0.3187875 0.3272331 0.0006177603 
0.4261438 0.2239894 0.2979902 0.05187656 
0.4010145 0.3009521 0.2943363 0.003697163 
0.4300073 0.2926009 0.2734523 0.003939492 
0.4434894 0.2805816 0.2446263 0.0313027 
0.4609102 0.2236829 0.3133151 0.002091778 
0.4864354 0.2961572 0.2133365 0.004070897 
0.4273946 0.2847904 0.2800351 0.007779861 
0.3559084 0.2840843 0.3439681 0.01603919 
0.3687992 0.2709344 0.3509818 0.009284647 
0.4233969 0.2594658 0.2908696 0.02626776 
0.4296393 0.3149778 0.2473669 0.008016041 
0.4058615 0.314654 0.2540656 0.02541897 
0.3805081 0.276238 0.3236441 0.01960981 
0.4022941 0.3144934 0.2253625 0.05785 
0.5135265 0.231429 0.2197475 0.03529694 
0.4676478 0.2086437 0.3035066 0.02020189 
0.4473088 0.2478648 0.298813 0.006013265 
0.3702487 0.2377956 0.3867978 0.005157867 
0.3612674 0.3284088 0.3072597 0.003064079 
0.3652805 0.2596785 0.345535 0.02950603 
0.3280206 0.3263498 0.3359981 0.00963144 
0.4903824 0.2098321 0.2905915 0.009193968 
0.4099523 0.2128763 0.3678506 0.009320777 
0.3781334 0.3054404 0.3120434 0.004382826 
0.4154868 0.2759541 0.3060292 0.002529885 
0.4009452 0.2960851 0.2963864 0.006583336 
0.3872843 0.2628259 0.33271 0.01717979 
0.4754266 0.237632 0.278947 0.007994334 
0.3946663 0.2570659 0.3128767 0.03539112 
0.3973214 0.3166962 0.2751001 0.01088231 
0.4455462 0.2697518 0.277185 0.007516964 
0.3287917 0.3166611 0.3252485 0.02929863 
0.4287795 0.341798 0.2227167 0.006705725 
0.3561545 0.2941416 0.3243418 0.02536206 
0.4040565 0.2128497 0.3129742 0.07011965 
0.3727602 0.2956112 0.3234874 0.008141191 
0.3960428 0.2743233 0.3186178 0.01101609 
0.4375763 0.2123615 0.3264259 0.02363629 
0.4227227 0.2549169 0.3084834 0.01387699 
0.3019363 0.270027 0.4094421 0.01859452 
0.2846669 0.4060715 0.3072555 0.002006225 
0.4302319 0.212338 0.3450633 0.01236678 
0.4410026 0.3201619 0.2262146 0.01262084 
0.4047357 0.2349132 0.3441862 0.01616491 
0.4303216 0.212319 0.3480435 0.009315944 
0.3884676 0.2982632 0.2783241 0.03494503 
0.4589202 0.2432435 0.2776858 0.02015041 
0.3869141 0.2683625 0.3331927 0.01153074 
0.3980547 0.2991491 0.2944797 0.008316561 
0.4136794 0.2744442 0.2921912 0.01968516 
0.3579401 0.2665883 0.3752645 0.0002071349 
0.4317609 0.2529474 0.271387 0.04390479 
0.3557695 0.3890707 0.2521412 0.003018672 
0.3994375 0.2472953 0.3298796 0.0233875 
0.4570531 0.2059552 0.3074004 0.02959136 
0.4310006 0.2425203 0.3120276 0.01445147 
0.4912574 0.2595243 0.2355447 0.01367359 
0.5042167 0.241082 0.2115401 0.04316127 
0.3043995 0.3157694 0.3785599 0.001271229 
0.3401197 0.331375 0.3262371 0.002268309 
0.3707668 0.3203549 0.3056229 0.003255423 
0.403943 0.2830339 0.3095381 0.003485005 
0.3255869 0.3455534 0.2875709 0.04128876 
0.3790276 0.3396576 0.263602 0.01771281 
0.4083811 0.2100921 0.3785593 0.002967505 
0.4500916 0.2785828 0.2669904 0.004335236 
0.4697899 0.2112772 0.2875414 0.03139156 
0.4492979 0.2629242 0.2203059 0.06747197 
0.3422439 0.2650699 0.3499011 0.04278511 
0.425034 0.1802236 0.3790446 0.01569776 
0.3859425 0.3297756 0.2789317 0.00535018 
0.4743172 0.2717507 0.2412957 0.01263633 
0.4288802 0.2462445 0.3203958 0.004479601 
0.48468 0.2580121 0.2556731 0.001634813 
0.3640872 0.31322 0.3103381 0.01235472 
0.4370842 0.2783201 0.2783834 0.006212321 
0.3979442 0.2355291 0.3446124 0.02191437 
0.4602776 0.320419 0.2163483 0.002955159 
0.4074433 0.2720509 0.3157603 0.004745451 
0.3801511 0.1982888 0.4055775 0.01598257 
0.3197194 0.2617218 0.3821113 0.03644751 
0.4521456 0.2740029 0.2677138 0.006137683 
0.3708942 0.2970943 0.2913327 0.04067888 
0.367904 0.2519415 0.3386768 0.04147772 
0.4737209 0.2925853 0.2308786 0.002815152 
0.4351777 0.2614596 0.2944847 0.008878051 
0.3651884 0.3308083 0.2974906 0.006512713 
0.4270359 0.2839547 0.2721 0.01690938 
0.3581313 0.2656909 0.3744695 0.001708323 
0.3834806 0.2913199 0.2829949 0.04220459 
0.4072848 0.2275472 0.3616578 0.003510119 
0.3674984 0.346022 0.2679782 0.01850143 
0.3767375 0.2965868 0.3096453 0.0170304 
0.4008562 0.2853634 0.2737416 0.04003879 
0.3606388 0.3015956 0.3017734 0.03599222 
0.4458319 0.2416582 0.2969281 0.01558184 
0.348688 0.2900136 0.3312193 0.03007916 
0.4556098 0.2702521 0.2482922 0.02584588 
0.4452346 0.3154048 0.2160939 0.02326673 
0.501947 0.2114525 0.2818904 0.004710011 
0.3326353 0.2834193 0.3364097 0.04753567 
0.3479607 0.3068237 0.3427349 0.002480664 
0.4398266 0.3358418 0.222799 0.001532578 
0.4454443 0.3219352 0.2241639 0.008456567 
0.3638171 0.3136741 0.3092147 0.01329406 
0.4260424 0.2581 0.2827945 0.03306316 
0.420597 0.2746978 0.2931751 0.01153011 
0.4354195 0.206854 0.3298159 0.02791057 
0.4483349 0.2866295 0.2595069 0.005528693 
0.3703221 0.3370055 0.2877829 0.004889483 
0.3808339 0.2541083 0.3613242 0.003733516 
0.4176397 0.3006958 0.2772288 0.004435713 
0.3567696 0.2710303 0.3522214 0.01997872 
0.3749981 0.234998 0.3824862 0.007517658 
0.4048403 0.3113417 0.272194 0.01162402 
0.3408644 0.3002792 0.3342565 0.02459994 
0.3882394 0.3246904 0.2712474 0.0158228 
0.4711614 0.2240819 0.301107 0.003649727 
0.3885813 0.3219009 0.2818679 0.007649994 
0.3419568 0.2847814 0.3598053 0.01345657 
0.4131607 0.2225693 0.3291502 0.03511984 
0.3684316 0.2227667 0.4050798 0.003721847 
0.4156559 0.2809778 0.2717901 0.03157617 
0.435393 0.2039547 0.3447821 0.01587015 
0.3321246 0.3837172 0.2818586 0.002299646 
0.3986529 0.2972842 0.2955916 0.00847137 
0.4176603 0.2013751 0.3611287 0.01983594 
0.3810863 0.3008637 0.3112247 0.006825288 
0.4020864 0.3220776 0.2673089 0.008527156 
0.4097686 0.2440822 0.3232156 0.02293357 
0.3718325 0.2658608 0.3441103 0.01819637 
0.417721 0.2350201 0.3097804 0.03747843 
0.3834512 0.3037754 0.3049943 0.007779115 
0.4368521 0.2688016 0.2939912 0.0003550782 
0.4716599 0.2578423 0.2486323 0.0218655 
0.3909436 0.2918189 0.3083174 0.008920104 
0.4050734 0.2592338 0.303456 0.03223675 
0.4160271 0.2020117 0.3791803 0.00278084 
0.4021017 0.2661197 0.3116852 0.02009336 
0.3805265 0.3566475 0.2582209 0.004605099 
0.4829703 0.2545033 0.2494004 0.01312595 
0.3118971 0.46097 0.22673 0.0004028519 
0.3693297 0.3295246 0.2947945 0.006351186 
0.354161 0.266414 0.3716556 0.007769359 
0.4224949 0.2295764 0.2872947 0.06063403 
0.337031 0.2966867 0.3599869 0.006295347 
0.3684064 0.2421292 0.3534001 0.0360644 
0.3967401 0.2552126 0.3378714 0.01017591 
0.3779104 0.2806996 0.2845207 0.05686934 
0.3635151 0.3745168 0.254509 0.007459072 
0.3355188 0.2998591 0.3511873 0.0134348 
0.4088821 0.3039309 0.2649589 0.02222806 
0.3976797 0.2671451 0.3250589 0.01011627 
0.4086736 0.2589619 0.3203772 0.01198735 
0.3584006 0.3076275 0.2889074 0.0450645 
0.3596351 0.2623501 0.3695861 0.008428737 
0.3689916 0.2686199 0.3065206 0.05586788 
0.3715007 0.2790195 0.3092432 0.04023659 
0.3257257 0.29244 0.3525748 0.02925958 
0.4363192 0.2341766 0.303608 0.02589614 
0.3725944 0.2878185 0.3198014 0.01978579 
0.420095 0.2895316 0.2792299 0.01114361 
0.4919907 0.2285079 0.2584411 0.02106019 
0.40884 0.257383 0.2653031 0.068474 
0.4367019 0.2813812 0.2628358 0.01908107 
0.4203094 0.2421098 0.3176679 0.01991296 
0.3437378 0.3169642 0.3354881 0.003809915 
0.373909 0.2929505 0.3279447 0.005195761 
0.4056075 0.2924143 0.2985306 0.003447699 
0.4040958 0.2378471 0.3551303 0.002926767 
0.3298074 0.3433683 0.3103081 0.01651618 
0.4903806 0.3168941 0.1748309 0.01789442 
0.4297731 0.3309009 0.2375921 0.001734025 
0.4688121 0.3430832 0.1870865 0.00101814 
0.4282219 0.3054641 0.2570684 0.009245634 
0.4185824 0.2999193 0.2580693 0.0234291 
0.3687462 0.2965599 0.3304299 0.004263993 
0.4022764 0.343339 0.2463087 0.008075806 
0.4630105 0.2953242 0.2400139 0.001651397 
0.3714744 0.3582138 0.2649878 0.005323951 
0.3981439 0.2773619 0.3227473 0.001746912 
0.3991106 0.357761 0.2420569 0.001071451 
0.4748393 0.2540006 0.2534596 0.01770047 
0.3938204 0.3012744 0.2972171 0.007688082 
0.403384 0.264644 0.3188975 0.01307442 
0.3099084 0.3646945 0.320948 0.004449067 
0.4587476 0.2811932 0.2505467 0.009512535 
0.4029831 0.3377622 0.23688 0.02237472 
0.4490664 0.2793785 0.2660268 0.005528282 
0.3878663 0.2685098 0.3398154 0.00380856 
0.3032926 0.2642807 0.4198003 0.01262638 
0.4763878 0.2165056 0.3001927 0.006913913 
0.3431435 0.3324135 0.2687056 0.05573738 
0.4359709 0.2973225 0.2660847 0.0006218591 
0.3598717 0.3083774 0.2999628 0.03178817 
0.4003162 0.3092255 0.2783936 0.01206475 
0.3327356 0.3202753 0.340941 0.006048166 
0.4365029 0.3376731 0.2246314 0.001192607 
0.4296906 0.213914 0.3290261 0.02736933 
0.4269918 0.2193193 0.3434156 0.01027322 
0.4089275 0.2001398 0.3681341 0.02279859 
0.3410525 0.3252971 0.3300766 0.003573787 
0.3681856 0.3114298 0.2677425 0.05264205 
0.327415 0.3170389 0.338936 0.01661006 
0.411397 0.2832965 0.3048462 0.000460312 
0.3822613 0.2761216 0.332406 0.009211093 
0.4909855 0.2476927 0.2555332 0.005788608 
0.3987323 0.2650419 0.3306731 0.005552643 
0.3857237 0.3099569 0.2802709 0.02404854 
0.4680713 0.3255858 0.1870503 0.01929257 
0.3360453 0.3058009 0.3415304 0.01662336 
0.3609771 0.3167201 0.3185615 0.003741333 
0.3302992 0.3088311 0.3458238 0.01504586 
0.43117 0.2097022 0.3257729 0.03335483 
0.3092022 0.2902827 0.3731361 0.02737892 
0.4219843 0.2946804 0.2614562 0.02187901 
0.3391336 0.3107756 0.3294956 0.02059522 
0.3329943 0.3804278 0.2797813 0.006796677 
0.4687061 0.2581067 0.2712338 0.001953474 
0.377588 0.3287388 0.2886775 0.004995751 
0.4194819 0.2643884 0.2980607 0.018069 
0.3377287 0.2831638 0.3704103 0.008697252 
0.4197458 0.232272 0.3342476 0.01373466 
0.4490045 0.1695754 0.3514616 0.02995848 
0.3718555 0.3058421 0.3200827 0.002219762 
0.4121776 0.224827 0.3622688 0.0007266288 
0.5016911 0.238498 0.2544462 0.005364665 
0.3882477 0.3249822 0.2866107 0.0001594102 
0.4064977 0.2495014 0.3421488 0.001852071 
0.3830039 0.2747006 0.3316789 0.0106166 
0.3918449 0.2558782 0.3486817 0.003595253 
0.4345727 0.3042715 0.2570047 0.004150988 
0.3602763 0.3089633 0.3247012 0.006059164 
0.410391 0.2815036 0.280268 0.02783738 
0.408077 0.2637442 0.3170985 0.01108025 
0.4520135 0.2690178 0.2782502 0.000718599 
0.3754829 0.2549974 0.348922 0.0205977 
0.4306119 0.2470713 0.3145303 0.007786397 
0.3870576 0.2579065 0.2766068 0.07842915 
0.3761138 0.3056065 0.3152579 0.003021875 
0.3529486 0.2600491 0.3856872 0.001315035 
0.3767347 0.2915966 0.3013138 0.03035494 
0.402504 0.2975812 0.2899012 0.0100136 
0.4009836 0.3049892 0.2599108 0.03411633 
0.2784705 0.3303178 0.3780126 0.01319916 
0.4467382 0.2789503 0.249877 0.02443452 
0.35429 0.2411442 0.3460892 0.05847655 
0.3969651 0.2539688 0.2999487 0.04911739 
0.42885 0.22749 0.3021048 0.04155518 
0.4353977 0.2242411 0.3350007 0.005360421 
0.4118993 0.3046697 0.2777338 0.005697301 
0.3925744 0.2556942 0.323832 0.02789944 
0.3740001 0.2775209 0.3345459 0.01393309 
0.4130689 0.1959274 0.3787881 0.01221555 
0.3925412 0.3018798 0.2586427 0.04693629 
0.4510693 0.2121559 0.3220593 0.01471562 
0.3576786 0.2910279 0.3248348 0.02645871 
0.2999405 0.2980319 0.3703165 0.03171116 
0.4500739 0.2619922 0.2877297 0.000204159 
0.3249337 0.268248 0.4067534 6.492217e-05 
0.3817558 0.2271288 0.3661457 0.02496961 
0.4363339 0.2669243 0.2578914 0.03885031 
0.3245331 0.3234667 0.3516073 0.0003929477 
0.3981002 0.3208809 0.2410438 0.03997502 
0.4145214 0.2432123 0.3158255 0.02644085 
0.4586873 0.3184883 0.207075 0.01574939 
0.4834617 0.2596784 0.2543053 0.002554556 
0.4336995 0.2979263 0.245601 0.02277322 
0.4792414 0.2069714 0.3124581 0.001329028 
0.40376 0.249281 0.3376333 0.009325812 
0.4622248 0.2810742 0.256185 0.0005159366 
0.3582718 0.2988717 0.3337724 0.009084056 
0.3850426 0.3200833 0.2933349 0.001539279 
0.3283742 0.3062018 0.3557788 0.009645229 
0.2889835 0.3192903 0.3801268 0.01159938 
0.3266733 0.2800487 0.3905316 0.002746458 
0.4105132 0.2519889 0.3091019 0.02839604 
0.3784887 0.3094124 0.2970921 0.01500689 
0.4273545 0.2131724 0.3384836 0.02098952 
0.4154488 0.2963232 0.2850025 0.003225615 
0.4581472 0.2478745 0.2933286 0.000649729 
0.3983315 0.2415602 0.352649 0.007459249 
0.3841188 0.2774252 0.3214425 0.01701349 
0.4586443 0.2845151 0.2447646 0.01207601 
0.2968198 0.260028 0.4431431 9.046869e-06 
0.4550371 0.2505579 0.2811945 0.01321048 
0.4560599 0.2503347 0.2799369 0.01366857 
0.3205086 0.2942858 0.3735916 0.01161403 
0.4959842 0.2244521 0.2763877 0.003175984 
0.3834154 0.3177677 0.2784706 0.02034622 
0.388052 0.2879649 0.3150744 0.008908712 
0.3464481 0.2618473 0.3892666 0.002437969 
0.4198925 0.2761434 0.2754542 0.02850996 
0.4016944 0.2266418 0.3605642 0.01109948 
0.4307644 0.2232175 0.3392868 0.006731338 
0.4063735 0.2402803 0.3239079 0.02943826 
0.433862 0.2340329 0.325918 0.006187042 
0.3642408 0.2935862 0.3411056 0.001067307 
0.4233244 0.2506474 0.3168587 0.009169501 
0.3736455 0.3439809 0.2746005 0.007773059 
0.4209853 0.2742969 0.2820143 0.02270349 
0.3489361 0.2783299 0.3349117 0.03782228 
0.3575125 0.3088558 0.2698823 0.06374947 
0.4733483 0.2165165 0.2902577 0.01987752 
0.3980011 0.3263303 0.2687576 0.006911021 
0.3307987 0.397761 0.2405279 0.03091249 
0.4758189 0.2014125 0.3132929 0.009475718 
0.4129543 0.2783609 0.3044683 0.004216502 
0.4713729 0.3148088 0.2104158 0.003402456 
0.4066003 0.2560068 0.32666 0.01073292 
0.387726 0.2592348 0.2558424 0.09719685 
0.3283764 0.334308 0.305718 0.03159766 
0.4262523 0.2033921 0.3659205 0.004435145 
0.425882 0.2504727 0.2768444 0.04680089 
0.3898486 0.2560713 0.3525853 0.001494824 
0.477045 0.2730864 0.249676 0.0001925804 
0.3723051 0.2990246 0.3191592 0.009511091 
0.4539146 0.2405716 0.2803234 0.02519037 
0.3450341 0.2658132 0.3718586 0.01729421 
0.3183131 0.3996843 0.2710002 0.01100232 
0.318706 0.3643709 0.2857808 0.03114223 
0.299948 0.3353683 0.3537015 0.01098217 
0.4145094 0.2794831 0.3051275 0.0008799949 
0.439975 0.2474659 0.3104566 0.002102559 
0.3992505 0.282173 0.3008176 0.01775889 
0.3514829 0.2516985 0.386161 0.01065765 
0.3866192 0.3052664 0.3047567 0.003357705 
0.3785963 0.2648718 0.3418171 0.01471488 
0.4276643 0.2565478 0.3143994 0.001388536 
0.3675924 0.32048 0.2816161 0.03031147 
0.3852629 0.2870384 0.3194676 0.008231081 
0.4097834 0.2927475 0.2765171 0.02095197 
0.5128288 0.1981018 0.2833317 0.005737665 
0.4831637 0.2298597 0.2816443 0.005332297 
0.4122127 0.3006039 0.2795292 0.007654154 
0.4564411 0.2307967 0.3105129 0.002249284 
0.3767966 0.3468844 0.2567586 0.01956042 
0.3592989 0.3125475 0.3210433 0.007110308 
0.3653711 0.3154547 0.3169233 0.002250898 
0.4321185 0.2607019 0.2838549 0.02332467 
0.3963148 0.2081152 0.3826295 0.01294053 
0.4009211 0.2390727 0.3528653 0.00714085 
0.4187411 0.257322 0.3044278 0.01950908 
0.4193806 0.2812482 0.2907952 0.00857604 
0.367393 0.2744397 0.3277548 0.03041254 
0.3092912 0.2877197 0.3570716 0.04591744 
0.4060069 0.2729693 0.3203281 0.0006957589 
0.3467371 0.2878508 0.355172 0.01024005 
0.4259722 0.2747736 0.2991956 5.863942e-05 
0.4517428 0.1799886 0.3260745 0.04219414 
0.4367885 0.2380826 0.295923 0.02920593 
0.3745568 0.3523422 0.2708025 0.002298453 
0.415644 0.2857882 0.2893732 0.009194518 
0.3268887 0.2767223 0.3265521 0.06983696 
0.4964903 0.1646368 0.298809 0.04006386 
0.3978972 0.2826965 0.3105619 0.00884447 
0.3450335 0.2737259 0.3801889 0.001051715 
0.4918853 0.268432 0.2372378 0.002444811 
0.4320323 0.295578 0.2567461 0.01564353 
0.3694982 0.2389913 0.3548278 0.03668268 
0.4009664 0.3076221 0.290404 0.001007416 
0.391702 0.3451009 0.230992 0.03220507 
0.3162618 0.3111974 0.3684447 0.004096159 
0.3598791 0.3126391 0.3237376 0.003744231 
0.4055156 0.2896102 0.2907289 0.01414537 
0.4827773 0.2232641 0.2936372 0.0003214135 
0.4113408 0.2302763 0.3573104 0.001072563 
0.4312191 0.2502694 0.3182726 0.0002388923 
0.4499604 0.3256478 0.2215244 0.002867367 
0.3468556 0.2960405 0.3049662 0.05213783 
0.4235174 0.271677 0.277169 0.02763661 
0.4364071 0.2671236 0.2862935 0.01017572 
0.5282201 0.1913797 0.2703806 0.0100196 
0.4194246 0.2988758 0.2711835 0.01051609 
0.4348244 0.2498638 0.3105726 0.00473917 
0.3875132 0.2871949 0.3158373 0.009454694 
0.4006848 0.2430768 0.3521722 0.004066214 
0.3690051 0.3208399 0.3070633 0.003091725 
0.445284 0.2195191 0.3212738 0.01392313 
0.3553267 0.2594248 0.3690283 0.01622017 
0.399078 0.250767 0.3178172 0.03233778 
0.4105416 0.2613612 0.3036793 0.02441792 
0.438814 0.2470484 0.3061774 0.007960186 
0.320903 0.3413661 0.321346 0.01638489 
0.3468932 0.2494326 0.3778036 0.02587065 
0.3580791 0.2293047 0.4056326 0.006983607 
0.3617952 0.3233417 0.314338 0.0005252217 
0.325071 0.247901 0.4217978 0.005230276 
0.4568975 0.2131107 0.3186759 0.01131592 
0.3611261 0.2362495 0.3864663 0.01615807 
0.3801561 0.2994853 0.314644 0.00571466 
0.385951 0.3178728 0.2951831 0.0009931757 
0.3857932 0.2496787 0.3228577 0.04167043 
0.4134831 0.2114248 0.3340843 0.04100787 
0.4544538 0.2002274 0.3265039 0.01881489 
0.3911091 0.3865785 0.2198177 0.002494761 
0.42103 0.2455737 0.3302385 0.003157782 
0.5220602 0.2457764 0.2290179 0.003145509 
0.3903831 0.3425817 0.2461363 0.02089897 
0.3246488 0.2794311 0.3899241 0.005995964 
0.325006 0.29485 0.3760357 0.004108209 
0.354134 0.306096 0.3147455 0.02502445 
0.393946 0.2312263 0.3570565 0.01777117 
0.437045 0.3008424 0.252056 0.01005661 
0.3286165 0.302549 0.3301314 0.03870317 
0.463095 0.2435496 0.2926809 0.0006744824 
0.4795706 0.2402912 0.2766484 0.00348979 
0.4500134 0.2241765 0.321862 0.003948067 
0.3269184 0.3212655 0.3499605 0.001855579 
0.4828102 0.2644223 0.2104043 0.04236312 
0.4395903 0.2023785 0.3552543 0.002776877 
0.3585964 0.3203608 0.3089893 0.01205348 
0.4262341 0.2391908 0.3277861 0.006789021 
0.4045754 0.2628785 0.2918181 0.04072805 
0.4270707 0.2338764 0.3123113 0.02674162 
0.3886613 0.2984131 0.2870059 0.02591974 
0.4042407 0.2755647 0.290587 0.0296075 
0.3898503 0.3493224 0.2517183 0.009109027 
0.418724 0.228033 0.3444048 0.008838245 
0.3863716 0.2714338 0.2473759 0.0948187 
0.3772482 0.2760316 0.3321002 0.01461996 
0.4014588 0.2659063 0.3053001 0.02733488 
0.4092113 0.2630168 0.2930042 0.03476771 
0.3585444 0.2752466 0.2790123 0.08719669 
0.3690317 0.2390152 0.3822304 0.009722699 
0.4565724 0.2411119 0.2947205 0.007595198 
0.3501682 0.2729232 0.3544867 0.0224219 
0.5005248 0.2249561 0.2537888 0.02073027 
0.4683505 0.262217 0.2305506 0.03888195 
0.3747048 0.2886372 0.3134429 0.02321517 
0.4147927 0.2738365 0.3036459 0.007724923 
0.4138201 0.2843907 0.3008459 0.0009432505 
0.4080007 0.2731743 0.2830224 0.03580259 
0.325052 0.338627 0.2897723 0.04654863 
0.4370385 0.2885298 0.2737268 0.000704907 
0.4092623 0.2501462 0.3392815 0.001309978 
0.2833921 0.3059464 0.4031722 0.007489322 
0.3974446 0.3066348 0.2944131 0.001507452 
0.3683738 0.242884 0.3762699 0.01247233 
0.3855089 0.3071635 0.2662954 0.04103213 
0.3420573 0.3387631 0.2870489 0.03213074 
0.4039777 0.2406788 0.3384086 0.0169349 
0.4341918 0.2519031 0.3107388 0.003166373 
0.326192 0.3262657 0.2673438 0.08019857 
0.4356683 0.2138435 0.3106786 0.03980965 
0.3759853 0.2548289 0.3373023 0.03188349 
0.390751 0.2342752 0.3598703 0.01510339 
0.5032305 0.2488424 0.2419799 0.005947253 
0.3991752 0.3144668 0.2708854 0.01547255 
0.4080259 0.2885296 0.2962789 0.007165591 
0.3912819 0.2836376 0.3233035 0.001777002 
0.4451696 0.1973135 0.321932 0.03558489 
0.3933052 0.3275053 0.2574534 0.02173603 
0.5080404 0.1982439 0.2746296 0.01908612 
0.3745358 0.283895 0.3230766 0.01849255 
0.3783371 0.3138856 0.2861748 0.02160253 
0.397967 0.2818782 0.3142458 0.005909069 
0.3912841 0.2787059 0.3282783 0.001731718 
0.3394634 0.3037076 0.3373874 0.01944155 
0.4345787 0.2509396 0.2899556 0.0245261 
0.3503997 0.2848532 0.3036033 0.06114381 
0.4820797 0.1905137 0.3190944 0.008312183 
0.4073398 0.2259151 0.3478081 0.01893702 
0.4649517 0.3209509 0.2140318 6.560885e-05 
0.422227 0.2248535 0.3526393 0.0002801002 
0.4405809 0.2877453 0.2611409 0.01053292 
0.4158679 0.3211674 0.2604255 0.00253924 
0.4819018 0.2124334 0.2896563 0.01600861 
0.3892234 0.3257814 0.279372 0.00562312 
0.3825112 0.3190259 0.2902617 0.008201188 
0.4518844 0.2415246 0.3044509 0.002140082 
0.442704 0.2175821 0.3367773 0.00293665 
0.3884182 0.3270049 0.2760358 0.008541048 
0.4055731 0.2818505 0.3108127 0.001763633 
0.4657468 0.1824309 0.3407132 0.0111091 
0.4511422 0.2531733 0.2605525 0.03513207 
0.419758 0.2226832 0.3467426 0.01081615 
0.3497076 0.3004845 0.3462521 0.003555775 
0.4246788 0.280572 0.253205 0.04154426 
0.3622548 0.3264578 0.305331 0.005956368 
0.4873207 0.239665 0.2675298 0.005484508 
0.3940996 0.3070126 0.2804064 0.01848132 
0.4220163 0.1950278 0.3700643 0.01289155 
0.3754052 0.2866551 0.3106772 0.02726259 
0.3870032 0.3300104 0.2754666 0.007519803 
0.3754665 0.2755743 0.3436797 0.005279579 
0.3391094 0.3505025 0.3080229 0.002365131 
0.445332 0.2719025 0.2667001 0.01606529 
0.2914299 0.3672619 0.3352727 0.006035543 
0.3607784 0.2760559 0.3509661 0.01219957 
0.3140648 0.3603839 0.3104908 0.0150605 
0.4079058 0.292687 0.2802124 0.01919473 
0.3633654 0.2375887 0.3963721 0.002673808 
0.3515701 0.3303148 0.311894 0.006221091 
0.4355468 0.2498336 0.3137739 0.000845686 
0.3675532 0.197402 0.4148036 0.02024115 
0.4059962 0.2380633 0.3098045 0.04613597 
0.4991569 0.195247 0.2951966 0.01039941 
0.3129278 0.36023 0.3267365 0.0001056859 
0.4055897 0.2600956 0.3314568 0.002857885 
0.4333346 0.3285378 0.2168186 0.02130898 
0.3786814 0.3152614 0.3026989 0.003358286 
0.3983788 0.2694413 0.3162481 0.01593182 
0.2945242 0.3713874 0.3063866 0.0277018 
0.3944145 0.2980295 0.2484529 0.05910308 
0.3577427 0.2466956 0.394324 0.001237734 
0.4551668 0.1979377 0.3305065 0.01638901 
0.4426056 0.24678 0.2991098 0.01150465 
0.3036799 0.2639918 0.4150955 0.01723278 
0.4153428 0.3122475 0.2532973 0.01911239 
0.4120554 0.1824385 0.3728065 0.03269953 
0.3655903 0.3131522 0.3153241 0.005933393 
0.3490009 0.333448 0.3160601 0.001491036 
0.4839469 0.2944007 0.2166292 0.005023174 
0.4259644 0.2655456 0.2788115 0.02967846 
0.3511862 0.3065481 0.3344429 0.007822736 
0.4657562 0.269042 0.2502075 0.01499419 
0.3927671 0.2275622 0.3177531 0.06191763 
0.3877896 0.2756251 0.3359908 0.0005944698 
0.3357787 0.3704925 0.2785545 0.01517427 
0.4717788 0.2061643 0.2997834 0.02227342 
0.3951201 0.2989487 0.2621447 0.04378648 
0.4410379 0.2851783 0.2729561 0.0008277679 
0.4100219 0.2729195 0.3090479 0.00801067 
0.3154629 0.3074528 0.376573 0.0005112599 
0.3462866 0.3046647 0.3275982 0.02145042 
0.3817983 0.2414519 0.369968 0.006781801 
0.3168411 0.3055286 0.3712752 0.006355112 
0.4152543 0.2595029 0.3195336 0.005709209 
0.3206133 0.3274751 0.351068 0.0008435762 
0.3995946 0.266811 0.2700579 0.06353653 
0.3295921 0.2650541 0.3460578 0.059296 
0.4390116 0.2697463 0.276861 0.0143812 
0.4348165 0.2502483 0.2858066 0.02912856 
0.3483177 0.3243052 0.2455367 0.0818405 
0.3872303 0.2365358 0.3704705 0.005763391 
0.3989253 0.3180864 0.272257 0.01073131 
0.4341708 0.266195 0.2874126 0.01222162 
0.4631137 0.2349937 0.2549633 0.04692934 
0.4618183 0.2034183 0.326044 0.008719434 
0.4298289 0.3005243 0.2672769 0.002369916 
0.4276495 0.3087816 0.26331 0.0002589558 
0.4006263 0.2996311 0.2929789 0.006763749 
0.3993907 0.2909179 0.2939134 0.01577804 
0.48726 0.1989973 0.3015882 0.01215445 
0.4436903 0.3023308 0.2534409 0.0005379572 
0.3454133 0.3041483 0.3410766 0.009361839 
0.393714 0.2631065 0.3426893 0.0004901783 
0.3234406 0.3927034 0.272883 0.01097295 
0.3567338 0.3246824 0.2872836 0.03130024 
0.4171923 0.23358 0.3438523 0.005375461 
0.3917605 0.2838268 0.3106277 0.01378501 
0.3659202 0.3177542 0.200682 0.1156436 
0.3673574 0.3063471 0.2950378 0.03125767 
0.3191065 0.3956227 0.2821658 0.003104943 
0.3843286 0.3537617 0.2573096 0.004600115 
0.3397193 0.2737166 0.3659589 0.02060528 
0.3736453 0.3131383 0.3036716 0.009544881 
0.4824883 0.2710649 0.2331536 0.01329313 
0.3384896 0.3306032 0.3045685 0.0263388 
0.4117125 0.2535103 0.3146049 0.02017226 
0.3494812 0.2852695 0.3643722 0.0008771414 
0.3699639 0.3076449 0.3066091 0.01578204 
0.355913 0.2786379 0.3538419 0.01160724 
0.3852747 0.3472777 0.25974 0.007707606 
0.434203 0.2404535 0.2917245 0.03361896 
0.3817445 0.235321 0.3819108 0.001023708 
0.3361814 0.342241 0.2600306 0.06154709 
0.3731771 0.2693326 0.3467804 0.01070988 
0.4528981 0.2116523 0.3258072 0.00964242 
0.4018525 0.2997951 0.2899411 0.008411383 
0.3932657 0.2894732 0.3008353 0.01642576 
0.3442661 0.30145 0.3117943 0.04248964 
0.4037518 0.2713523 0.3236687 0.001227243 
0.3911333 0.2545309 0.245612 0.1087238 
0.3883985 0.2781235 0.305386 0.02809196 
0.3121845 0.3650465 0.3145053 0.008263695 
0.3066596 0.3008265 0.3117277 0.08078615 
0.4009118 0.2298172 0.3656388 0.003632173 
0.4891799 0.2729878 0.2325022 0.005330047 
0.4462031 0.2677446 0.2855354 0.0005168707 
0.3707415 0.2932259 0.3076844 0.02834827 
0.4041516 0.34041 0.216651 0.0387874 
0.3943 0.3245832 0.2684254 0.01269129 
0.4530463 0.2699295 0.26321 0.01381422 
0.3760966 0.2240337 0.3534839 0.04638584 
0.3566212 0.2628483 0.3800595 0.0004710577 
0.3632718 0.3553361 0.2793729 0.002019209 
0.3155868 0.3382358 0.344268 0.001909333 
0.1791705 0.2589418 0.3316791 0.2302087 
0.354002 0.3516419 0.2841638 0.01019225 
0.3845927 0.2570038 0.3353691 0.02303449 
0.433645 0.2912952 0.2601582 0.01490158 
0.3707858 0.2461601 0.3362124 0.04684161 
0.5109209 0.2422511 0.2322958 0.01453226 
0.4175758 0.2358843 0.295304 0.05123589 
0.4193375 0.1924793 0.3495575 0.03862572 
0.4479461 0.2387914 0.2891505 0.02411202 
0.3515402 0.3018804 0.345349 0.001230428 
0.3959704 0.2730892 0.2968856 0.03405475 
0.4097922 0.2751955 0.3087278 0.006284487 
0.4113123 0.2950155 0.2925045 0.001167675 
0.3946715 0.2346501 0.3518984 0.01878006 
0.451637 0.2923438 0.2558301 0.0001891397 
0.407928 0.2371852 0.3542433 0.0006435823 
0.4065128 0.3293793 0.2594563 0.00465165 
0.3630493 0.3292291 0.2978943 0.009827255 
0.3946493 0.3198616 0.2756913 0.009797725 
0.4164331 0.2824955 0.2898996 0.01117179 
0.4581793 0.1804408 0.3587567 0.002623162 
0.3471099 0.2727152 0.3139833 0.06619155 
0.3803737 0.2482577 0.3673577 0.004010968 
0.3087683 0.3541997 0.2966066 0.04042543 
0.4126872 0.3145498 0.2684592 0.00430384 
0.477562 0.2316723 0.280982 0.009783692 
0.436128 0.2629472 0.2954814 0.005443333 
0.3520641 0.3058965 0.2955092 0.04653014 
0.3779107 0.3556434 0.242932 0.02351388 
0.3574838 0.2419794 0.3540904 0.04644637 
0.3684981 0.3336427 0.2914786 0.006380615 
0.4823218 0.2300361 0.2686458 0.01899632 
0.3470635 0.2753337 0.3730972 0.004505686 
0.4019795 0.2668625 0.2838783 0.04727967 
0.3088684 0.2848449 0.3869199 0.01936677 
0.4762746 0.2646482 0.2385606 0.02051663 
0.4030702 0.2094996 0.3767815 0.01064875 
0.3823162 0.2748422 0.3418101 0.001031417 
0.4571121 0.2064252 0.3219643 0.01449845 
0.3978134 0.3050824 0.2924951 0.004609014 
0.4295518 0.2534181 0.3067682 0.0102619 
0.373728 0.2577542 0.356986 0.01153191 
0.4710385 0.2671713 0.2461971 0.01559312 
0.40687 0.3341303 0.2575879 0.001411769 
0.3484099 0.3115283 0.3387093 0.001352458 
0.3170337 0.3155701 0.3627518 0.004644389 
0.42233 0.2396059 0.3279287 0.01013538 
0.4202005 0.3171128 0.2509433 0.01174332 
0.4262351 0.2842315 0.2778094 0.01172404 
0.4061741 0.2347794 0.3209087 0.03813787 
0.3659499 0.2730501 0.3424334 0.01856665 
0.4384445 0.2067393 0.3222581 0.03255812 
0.2923647 0.3066665 0.3853937 0.01557507 
0.4641664 0.2498163 0.2853362 0.0006812082 
0.4067112 0.2402692 0.3518013 0.001218274 
0.4025774 0.2781417 0.3185379 0.0007430035 
0.4634485 0.2647574 0.2580598 0.0137343 
0.352691 0.3440215 0.2890685 0.01421904 
0.4824078 0.2728694 0.2393323 0.005390525 
0.4007276 0.2844567 0.2968677 0.01794806 
0.3024793 0.3409134 0.3351662 0.02144114 
0.3972549 0.2337087 0.3626402 0.006396211 
0.3532877 0.2576246 0.3594956 0.02959216 
0.4342543 0.2969345 0.2676044 0.001206799 
0.3464391 0.3108842 0.3423057 0.0003709301 
0.4934264 0.2482006 0.252071 0.006302006 
0.3836807 0.3241189 0.2612555 0.03094499 
0.3878754 0.2910394 0.3170668 0.004018395 
0.4289748 0.3194693 0.2406933 0.01086255 
0.3981593 0.3250071 0.2654982 0.01133537 
0.3253904 0.3578449 0.3149086 0.001856108 
0.3851338 0.2423535 0.3309751 0.04153761 
0.4102441 0.295056 0.2707326 0.02396739 
0.4773646 0.1932412 0.3211339 0.008260253 
0.4062514 0.2642805 0.3259129 0.00355512 
0.3848768 0.2863351 0.3108718 0.01791637 
0.3543903 0.2866043 0.3446733 0.01433217 
0.372888 0.2408599 0.3740928 0.01215926 
0.329771 0.2624091 0.3863087 0.02151117 
0.4548105 0.2467475 0.2786253 0.01981676 
0.4391835 0.198059 0.2949114 0.06784608 
0.3962861 0.2811257 0.3085269 0.01406124 
0.3723099 0.2461901 0.360943 0.02055701 
0.4512764 0.2637169 0.2805064 0.004500259 
0.4659437 0.225054 0.2987601 0.01024217 
0.3746661 0.3209231 0.2831226 0.0212882 
0.3631894 0.3208316 0.2856777 0.0303013 
0.4442445 0.3072995 0.2362936 0.01216249 
0.4151172 0.2803189 0.2815947 0.02296918 
0.3703417 0.2407266 0.375646 0.01328569 
0.405202 0.3243503 0.2604275 0.0100202 
0.3683066 0.2383865 0.3823514 0.01095551 
0.4339636 0.2335073 0.3190636 0.01346552 
0.3653868 0.2995457 0.3132807 0.02178684 
0.4101795 0.3232697 0.2579355 0.008615262 
0.3493013 0.3345428 0.2975469 0.01860902 
0.4222303 0.2983788 0.2629379 0.01645304 
0.4080996 0.2841305 0.2910259 0.01674399 
0.3582399 0.2366482 0.3705933 0.03451862 
0.338825 0.2670222 0.3907779 0.003374869 
0.2987524 0.320185 0.3704638 0.01059881 
0.4627885 0.2221134 0.3110827 0.004015329 
0.44177 0.2597634 0.2423545 0.05611224 
0.3719695 0.347782 0.2406633 0.03958512 
0.347556 0.3089089 0.2598342 0.08370093 
0.3871996 0.2838831 0.3212323 0.007685092 
0.3503755 0.267129 0.3609647 0.02153078 
0.3796012 0.2651008 0.3541714 0.00112656 
0.3635012 0.3090574 0.3118894 0.01555197 
0.3748677 0.3193485 0.2913156 0.01446818 
0.2831944 0.3985746 0.303909 0.01432198 
0.3687567 0.2405105 0.3881535 0.002579248 
0.4157112 0.2364211 0.3143063 0.03356144 
0.3497529 0.2876473 0.2994197 0.06318006 
0.351342 0.2967514 0.3399832 0.01192333 
0.3768361 0.3145234 0.308255 0.0003853925 
0.4885256 0.2214438 0.2799741 0.01005651 
0.4128536 0.3112465 0.2680003 0.007899525 
0.4012615 0.2705487 0.3223197 0.005870007 
0.4304212 0.2730423 0.2938834 0.002653207 
0.3635301 0.3370348 0.2922733 0.007161738 
0.3795751 0.2751233 0.3101133 0.03518833 
0.36697 0.2805978 0.3066811 0.04575108 
0.4397376 0.2131196 0.3234429 0.0236999 
0.3492253 0.3030467 0.3466172 0.001110803 
0.3916072 0.3212069 0.2588276 0.02835835 
0.5037995 0.2529787 0.2204581 0.02276376 
0.3808566 0.2678608 0.334243 0.01703956 
0.4468862 0.2573405 0.2565975 0.03917583 
0.4423817 0.2322119 0.3165382 0.008868293 
0.3258734 0.2588025 0.3861151 0.0292089 
0.4413791 0.3174404 0.2234137 0.01776676 
0.3900398 0.3523782 0.2521556 0.005426371 
0.3977047 0.2045566 0.3765047 0.02123406 
0.4168992 0.2622949 0.2711298 0.04967605 
0.3547674 0.2777671 0.3635437 0.003921809 
0.3512656 0.3077944 0.2816928 0.0592472 
0.4474656 0.2853576 0.2527052 0.01447162 
0.500866 0.1954728 0.3029884 0.000672852 
0.4035961 0.2973723 0.2926626 0.006369024 
0.3489722 0.3497444 0.3007164 0.000567007 
0.4063678 0.2907921 0.3003634 0.00247673 
0.3130555 0.3321507 0.3478209 0.006972998 
0.3737798 0.2989083 0.3136561 0.01365573 
0.415844 0.290001 0.2935911 0.0005639481 
0.3947921 0.3011518 0.2821598 0.02189629 
0.4096605 0.3079489 0.2666203 0.01577041 
0.4207606 0.3361143 0.2404845 0.002640561 
0.3894189 0.252338 0.3404161 0.017827 
0.356963 0.3846607 0.2500894 0.008286959 
0.4337684 0.2743787 0.2833951 0.008457796 
0.4368359 0.2328428 0.3263806 0.003940658 
0.3968032 0.2936928 0.3041319 0.005372124 
0.4107553 0.3138384 0.2633677 0.01203855 
0.3775293 0.2921698 0.3176395 0.01266136 
0.3661115 0.2562174 0.3111753 0.06649579 
0.3241111 0.3644158 0.2905957 0.02087747 
0.3348843 0.3294427 0.3350281 0.00064483 
0.3433902 0.3186399 0.3178726 0.02009719 
0.4282241 0.3185945 0.2141317 0.03904973 
0.3835364 0.2757128 0.3382864 0.002464327 
0.4375841 0.2626098 0.2933243 0.00648178 
0.3296773 0.3075949 0.3432031 0.0195247 
0.2959375 0.2635022 0.4215995 0.01896083 
0.3788928 0.2998078 0.3158288 0.005470581 
0.3758386 0.3069341 0.3023042 0.01492304 
0.3920134 0.2565951 0.2927863 0.05860525 
0.512872 0.2099666 0.2689141 0.008247403 
0.4303971 0.2302558 0.2825374 0.05680975 
0.4011983 0.2173685 0.3553616 0.02607154 
0.3778708 0.2962687 0.3020441 0.02381642 
0.4068759 0.2311234 0.3315312 0.03046954 
0.3494761 0.2736908 0.373932 0.002901125 
0.3676521 0.2983981 0.3088586 0.02509118 
0.4275825 0.2958464 0.2643856 0.01218551 
0.4375256 0.2784306 0.2574066 0.02663719 
0.4540843 0.2353186 0.2967585 0.01383859 
0.3538322 0.3753972 0.2510862 0.01968441 
0.3578086 0.2617053 0.3651413 0.01534478 
0.3907183 0.3635909 0.2450202 0.0006705564 
0.4226508 0.2730403 0.2888246 0.01548431 
0.3596724 0.3413531 0.2752974 0.02367709 
0.4200114 0.3031438 0.2734735 0.003371258 
0.4314029 0.2433428 0.3228294 0.002424926 
0.4245382 0.2389111 0.3236286 0.01292218 
0.3468914 0.2985124 0.3303401 0.0242562 
0.4527888 0.2325346 0.3105154 0.004161258 
0.4248839 0.3256785 0.2417769 0.007660669 
0.3846981 0.3480827 0.2629828 0.004236291 
0.3383101 0.2759021 0.3842492 0.00153863 
0.3612381 0.3062292 0.3249088 0.007623883 
0.3240747 0.3483799 0.3261297 0.001415681 
0.4633391 0.183666 0.3315636 0.02143138 
0.3009663 0.3220363 0.3468011 0.03019624 
0.3419397 0.2450955 0.4004868 0.01247801 
0.402043 0.305883 0.2892465 0.002827447 
0.4334602 0.2812792 0.2451243 0.04013634 
0.452469 0.2365861 0.3107699 0.0001750695 
0.4069482 0.2906844 0.2926831 0.00968427 
0.4116028 0.255916 0.3318778 0.0006033667 
0.4164692 0.3178819 0.2421179 0.02353095 
0.4015613 0.2506939 0.2956539 0.05209089 
0.3425873 0.284473 0.3615264 0.01141335 
0.3146511 0.3304708 0.3384453 0.01643288 
0.4643917 0.2574133 0.2732559 0.00493917 
0.4349379 0.2672276 0.2978319 2.681877e-06 
0.4030435 0.3289228 0.2666224 0.00141138 
0.3574352 0.276428 0.3602998 0.005836982 
0.3435617 0.2862273 0.3508966 0.01931438 
0.3317447 0.313427 0.341323 0.01350527 
0.3924244 0.2322259 0.3172003 0.05814941 
0.4758099 0.2354742 0.2589794 0.02973649 
0.4126183 0.2358666 0.3166902 0.03482492 
0.403423 0.2688135 0.316557 0.0112066 
0.406083 0.2961111 0.2685208 0.0292851 
0.3916742 0.277663 0.3063061 0.02435667 
0.4871332 0.3183806 0.1922228 0.002263431 
0.415874 0.3135834 0.2516338 0.0189088 
0.3935428 0.3218689 0.2626745 0.02191373 
0.3341784 0.3325262 0.2878875 0.04540788 
0.4456953 0.3035772 0.2460953 0.004632201 
0.388845 0.227951 0.368478 0.01472588 
0.3241181 0.2890947 0.378933 0.007854156 
0.3666168 0.3146038 0.3019228 0.01685664 
0.3422521 0.2853084 0.3445644 0.02787508 
0.3346627 0.2371451 0.4167271 0.01146511 
0.3403273 0.3771523 0.2823367 0.0001836466 
0.4080277 0.2492388 0.3421695 0.0005640269 
0.4401189 0.2399588 0.309801 0.01012139 
0.3967984 0.2918007 0.2990817 0.01231917 
0.4377954 0.2044436 0.3568817 0.0008793173 
0.416664 0.357387 0.2238998 0.00204909 
0.4169915 0.2309878 0.3359052 0.01611548 
0.366854 0.210315 0.3970907 0.02574031 
0.3914665 0.2722595 0.2829243 0.05334974 
0.3181111 0.3265094 0.3296264 0.02575308 
0.5277296 0.1770003 0.2462018 0.04906824 
0.3696282 0.3080131 0.2581832 0.06417545 
0.415524 0.2153073 0.3114113 0.0577574 
0.4142186 0.3203366 0.2649552 0.0004896153 
0.4312479 0.324918 0.2396714 0.004162776 
0.2737937 0.3156567 0.4081841 0.002365491 
0.4097375 0.2480011 0.3403015 0.001959941 
0.3304744 0.3159371 0.3055397 0.04804888 
0.3550142 0.3325943 0.3057596 0.006631908 
0.3451678 0.3397152 0.3079307 0.007186266 
0.3647735 0.2307128 0.3922113 0.0123024 
0.4094191 0.2739161 0.3138521 0.002812735 
0.3319861 0.2418859 0.3510206 0.07510733 
0.3530069 0.2893649 0.3402047 0.01742353 
0.3526344 0.2532119 0.3600546 0.03409909 
0.4691789 0.224935 0.2689809 0.03690515 
0.3627688 0.2477227 0.3798593 0.009649198 
0.3691647 0.3610802 0.2435477 0.02620731 
0.44408 0.2356227 0.3187487 0.001548556 
0.3427482 0.3769387 0.270206 0.01010712 
0.3729167 0.2692946 0.3471174 0.0106713 
0.4024058 0.26108 0.3362038 0.0003104011 
0.3802055 0.2494877 0.3662492 0.004057608 
0.4831492 0.214194 0.2816429 0.02101386 
0.381733 0.292067 0.3261914 8.574994e-06 
0.3760148 0.3285962 0.2943054 0.001083569 
0.4323697 0.2393214 0.3178972 0.0104117 
0.470535 0.2686995 0.2175948 0.04317072 
0.3821922 0.3245572 0.2670872 0.02616335 
0.4198394 0.3121632 0.2515357 0.01646177 
0.4441528 0.290671 0.2577691 0.007407092 
0.4015085 0.2778301 0.3174277 0.003233773 
0.4175001 0.3217456 0.2338816 0.02687274 
0.4433159 0.2358973 0.3125844 0.008202444 
0.4416635 0.187121 0.3710834 0.0001321485 
0.3574056 0.2738662 0.2989714 0.06975683 
0.4249766 0.2406475 0.3330542 0.001321735 
0.4010215 0.2742291 0.311905 0.01284433 
0.3521638 0.3294932 0.3145032 0.003839889 
0.3614147 0.3753078 0.2565801 0.006697365 
0.4176588 0.2286824 0.3018138 0.05184501 
0.438224 0.3003542 0.2405975 0.02082427 
0.4850908 0.1911722 0.3209172 0.002819849 
0.3965347 0.2747898 0.3221751 0.006500392 
0.4818221 0.2333413 0.2756083 0.009228319 
0.363139 0.3060856 0.3243902 0.006385249 
0.3673199 0.2844351 0.3444611 0.003783891 
0.4059662 0.2693631 0.3077728 0.01689791 
0.3617657 0.2309636 0.356523 0.05074778 
0.4406615 0.3087224 0.2405918 0.01002425 
0.3297055 0.4058096 0.2638723 0.0006125869 
0.342625 0.2793955 0.373496 0.004483478 
0.3995837 0.2400579 0.347501 0.01285741 
0.3924542 0.2647408 0.321806 0.0209991 
0.3836589 0.3250688 0.2846463 0.006625926 
0.3412622 0.3067989 0.3398211 0.01211781 
0.3668314 0.3219127 0.2977855 0.0134703 
0.3336405 0.3357739 0.2973803 0.03320528 
0.4490589 0.2746218 0.2559223 0.02039712 
0.4113796 0.2913003 0.292256 0.005064139 
0.3883984 0.2944961 0.3163902 0.0007153619 
0.3637105 0.2868001 0.3452051 0.004284315 
0.3971695 0.2678705 0.3048362 0.03012376 
0.4487509 0.2805905 0.2690848 0.001573875 
0.4001587 0.3131876 0.2843978 0.00225596 
0.3053085 0.265115 0.4169086 0.0126679 
