p_1 p_2 p_3 p_4 
0.003127821 0.2654861 0.03180607 0.69958 
0.00754218 0.2988026 0.01564801 0.6780072 
1.184709e-05 0.3845025 0.0005148443 0.6149708 
0.001239325 0.2202687 0.01044042 0.7680516 
0.01080284 0.3529563 0.009814208 0.6264266 
0.01642764 0.2715215 0.01040721 0.7016437 
0.006260115 0.3296449 0.001244399 0.6628506 
0.002853344 0.3667074 0.008270012 0.6221692 
0.003829582 0.2689751 0.0006715169 0.7265238 
0.0005150818 0.316612 0.006922993 0.67595 
0.00114605 0.2489041 0.00527332 0.7446765 
0.005226292 0.2376284 0.0001683315 0.756977 
0.003598084 0.2643543 0.004540866 0.7275068 
0.004748414 0.3062934 0.01631259 0.6726456 
0.0006095574 0.3227812 0.01432497 0.6622843 
0.02354877 0.2820962 0.03903931 0.6553157 
0.01746032 0.3111165 0.0332956 0.6381276 
0.004896931 0.3801291 0.0007340788 0.6142399 
0.007281719 0.23587 0.01358037 0.7432679 
0.01538961 0.2504323 0.00149983 0.7326783 
0.001051522 0.2990411 0.0002318433 0.6996756 
0.009307947 0.3407242 0.00729324 0.6426747 
0.008219371 0.2909859 0.002907346 0.6978874 
0.002389211 0.2668087 0.004644043 0.7261581 
0.01110731 0.2757705 0.01542504 0.6976971 
0.006871245 0.2843882 0.01865815 0.6900824 
0.01236838 0.2642871 0.003001072 0.7203434 
0.002165063 0.3673873 0.009288071 0.6211596 
0.008292208 0.3043402 0.001402421 0.6859652 
0.007975987 0.2781505 0.0002695962 0.7136039 
0.004017489 0.3335794 0.005202043 0.6572011 
0.0006671528 0.270775 0.001647815 0.7269101 
0.001323392 0.3290232 0.002816342 0.6668371 
0.0005289079 0.354523 0.006402006 0.6385461 
0.005887556 0.3865937 0.01029159 0.5972271 
0.006884462 0.2955132 0.006101054 0.6915013 
0.0007708667 0.2936136 0.002354479 0.703261 
0.003763109 0.1947439 0.001373585 0.8001194 
0.003979181 0.3201676 0.001105738 0.6747474 
0.005533998 0.2980537 0.00428024 0.692132 
0.01248868 0.3292027 0.01898763 0.639321 
4.457963e-05 0.2699679 0.007270371 0.7227172 
0.005704812 0.2354904 0.007738942 0.7510659 
0.01133156 0.3002389 0.009337981 0.6790916 
0.001219795 0.3523558 0.01160953 0.6348149 
0.002493532 0.2716541 0.01854987 0.7073025 
0.003458696 0.3356555 0.004239849 0.6566459 
0.006109856 0.2446954 0.0003568912 0.7488378 
0.002549465 0.4402768 0.01201594 0.5451578 
0.003921694 0.2991625 0.02806689 0.6688489 
0.01225376 0.2493366 0.007782736 0.7306269 
0.0071987 0.2655067 5.287377e-05 0.7272417 
0.0170437 0.2807624 0.003043864 0.6991501 
0.01120843 0.2466508 0.001213298 0.7409275 
0.01440616 0.2507936 0.007785559 0.7270147 
0.003100596 0.2476522 0.006475357 0.7427719 
0.004591399 0.3883076 0.005610979 0.60149 
0.03529923 0.3219092 0.007735289 0.6350563 
0.0007150882 0.3325891 0.0187617 0.6479341 
0.002630069 0.3447586 7.259976e-05 0.6525388 
0.0006074111 0.3072706 0.001490165 0.6906318 
0.005780224 0.328951 0.0007060103 0.6645627 
0.002605531 0.2475766 0.008441572 0.7413763 
0.005382478 0.3628788 0.01486448 0.6168742 
0.01084808 0.2736616 0.001828189 0.7136622 
0.02139562 0.3496071 0.0169952 0.6120021 
0.002432391 0.3321362 0.002578777 0.6628527 
0.007945353 0.211183 0.0005959751 0.7802757 
0.00169411 0.346156 0.004879787 0.6472701 
0.0004837394 0.2992944 0.005482386 0.6947395 
0.003371925 0.3476735 0.0009203569 0.6480342 
0.01613811 0.3581425 0.01267975 0.6130396 
0.001713984 0.2854513 0.01010746 0.7027273 
0.004665942 0.2442067 0.01209601 0.7390314 
0.004840839 0.3309931 0.007008095 0.657158 
0.005060164 0.360229 0.01482183 0.619889 
0.00475673 0.2669057 0.003450125 0.7248874 
0.0166879 0.2312611 0.005454826 0.7465961 
0.0001795022 0.2179976 0.005822118 0.7760008 
0.004325811 0.337909 0.005459367 0.6523058 
0.002771974 0.3778109 0.0322893 0.5871278 
0.0154628 0.2744733 0.01225053 0.6978134 
0.002662552 0.2269695 0.006724756 0.7636432 
0.01676004 0.2471292 0.006254473 0.7298563 
0.001117306 0.360341 0.001668955 0.6368727 
0.004139985 0.3608621 0.001839384 0.6331585 
0.01077247 0.3668833 0.000285171 0.6220591 
0.01151442 0.2304279 0.0008248729 0.7572328 
0.005742631 0.3586221 0.004961749 0.6306735 
0.01336644 0.3295306 0.03193208 0.6251709 
0.01309962 0.2404918 0.001929084 0.7444795 
0.001970515 0.411956 0.00476417 0.5813093 
0.001122493 0.3450648 0.005543627 0.6482691 
0.004310323 0.2732334 0.006222133 0.7162341 
0.01126427 0.2344082 0.01642293 0.7379046 
0.005651067 0.3021204 0.003361143 0.6888674 
0.009986344 0.2967943 0.0082671 0.6849522 
0.002981525 0.1957522 0.01260553 0.7886607 
0.001610152 0.2471353 0.01427505 0.7369795 
0.01147219 0.3239674 0.01076989 0.6537905 
0.001630977 0.2798855 0.01124518 0.7072383 
0.005260719 0.3949015 0.003818286 0.5960195 
0.001263829 0.3363542 0.02137252 0.6410095 
0.002354466 0.2834042 0.003057546 0.7111838 
0.0080799 0.378701 0.005055495 0.6081637 
0.008666695 0.3415695 0.01237102 0.6373928 
0.0007266635 0.3238998 0.004595556 0.670778 
0.0008749569 0.3260074 0.01106235 0.6620553 
0.001047954 0.2592603 0.0005085567 0.7391832 
0.001243335 0.3438176 0.01055508 0.644384 
0.004912895 0.3383676 0.005620568 0.6510989 
0.002140271 0.2778513 0.0001980737 0.7198103 
0.008604586 0.2309014 0.009839874 0.7506542 
0.01521365 0.2752429 0.009357025 0.7001865 
0.002535464 0.3180473 0.002837595 0.6765797 
0.01845886 0.3873708 0.0003805292 0.5937898 
0.01011665 0.3114014 0.01138347 0.6670984 
0.001960653 0.3746444 0.007715511 0.6156795 
0.02473009 0.3534327 0.0002183236 0.6216189 
0.01045209 0.2294358 0.0105235 0.7495886 
0.002342706 0.4252682 0.00950682 0.5628822 
0.01319649 0.2144773 0.002912045 0.7694142 
0.005497621 0.3091318 0.0009370038 0.6844335 
0.0006002589 0.1936661 0.01893213 0.7868015 
0.009489468 0.2241849 0.01840028 0.7479254 
0.001932532 0.3033533 0.0007198389 0.6939943 
0.001441691 0.3080837 0.001666001 0.6888086 
0.005618142 0.3156814 0.001412846 0.6772876 
0.002441913 0.3384508 0.001394008 0.6577133 
0.01154639 0.2502014 0.01721241 0.7210398 
0.002991854 0.2859712 0.0008982938 0.7101386 
0.003593298 0.2992189 0.009669365 0.6875185 
0.00200261 0.3657419 0.009792345 0.6224631 
0.004346781 0.3496521 0.003688318 0.6423128 
0.006647098 0.339267 0.007575797 0.6465101 
0.004796398 0.2565271 0.002659437 0.7360171 
0.002267518 0.3001861 0.009506157 0.6880402 
0.0007019882 0.3541284 0.0009675951 0.644202 
0.003231114 0.2462274 0.006176717 0.7443648 
0.006729965 0.2129587 0.01251949 0.7677918 
0.000420977 0.3101994 0.0119645 0.6774151 
0.0009154185 0.2873237 0.000338132 0.7114228 
0.01178296 0.3127266 0.009291772 0.6661986 
0.002940249 0.2985157 0.01096319 0.6875808 
0.006863872 0.2498244 0.01333695 0.7299748 
0.01167225 0.3122799 0.0003690637 0.6756788 
0.002256948 0.3285745 0.001464853 0.6677037 
0.01841815 0.3219775 0.002333686 0.6572706 
0.02117571 0.2928895 0.009923728 0.676011 
0.003812228 0.2629904 0.002454911 0.7307425 
0.006772472 0.1968019 0.005540111 0.7908855 
0.03262684 0.2665309 0.003066259 0.697776 
0.005741521 0.3248859 0.001936699 0.6674359 
0.01127874 0.3611109 0.01272577 0.6148846 
0.003378454 0.3704441 0.001457898 0.6247196 
0.004496934 0.2304941 0.02550043 0.7395085 
0.005703895 0.2601474 0.004151215 0.7299975 
0.01992876 0.213986 0.00214756 0.7639377 
0.007404191 0.2878996 0.005431727 0.6992645 
0.00140683 0.3337511 0.004309249 0.6605328 
0.002882155 0.2909182 0.01919306 0.6870066 
0.002568459 0.2736473 0.01175338 0.7120309 
0.01900929 0.3499387 0.005710048 0.625342 
0.003832624 0.2755184 0.003180964 0.717468 
0.001127035 0.3739385 0.01133729 0.6135972 
0.007370701 0.335686 0.005137251 0.6518061 
0.00250699 0.2033633 0.008729739 0.7853999 
0.001637712 0.3666878 0.008662775 0.6230118 
0.002771215 0.3139506 0.005722492 0.6775557 
0.01175562 0.3106273 0.02072571 0.6568913 
0.00441095 0.2487649 0.003663713 0.7431604 
0.0007563532 0.2081574 0.002305899 0.7887803 
0.00193563 0.2942498 0.0005711407 0.7032435 
0.008612071 0.4089899 0.007184824 0.5752132 
0.004892029 0.3968415 0.02831217 0.5699543 
0.0009486278 0.3084643 0.004585087 0.686002 
0.002274139 0.2685388 0.003286259 0.7259008 
0.001010849 0.2526093 0.003650183 0.7427297 
0.01468086 0.2647368 0.005320794 0.7152615 
2.431517e-05 0.3484956 0.001824563 0.6496556 
0.004109407 0.2371419 0.003366786 0.7553819 
0.004368559 0.2408889 0.02715799 0.7275846 
0.01447071 0.4265305 0.003757606 0.5552412 
0.00228316 0.3444681 0.01149908 0.6417496 
0.0007317218 0.4265453 0.003793064 0.5689299 
0.00423827 0.3324498 0.001660171 0.6616518 
0.002036018 0.3299434 0.005104863 0.6629157 
0.02617736 0.260372 0.005568194 0.7078824 
0.003094186 0.2508518 0.003655055 0.742399 
0.002584569 0.2466776 0.01002773 0.7407101 
0.006655102 0.2541397 0.004095203 0.73511 
0.003011419 0.228647 0.01567182 0.7526697 
0.003665078 0.3630438 0.0003197424 0.6329714 
0.001009662 0.2650651 0.00411504 0.7298102 
0.000328723 0.2808188 0.01118931 0.7076632 
0.008668549 0.2671665 0.0007282358 0.7234367 
0.001274145 0.3143803 0.002727529 0.681618 
0.007515867 0.3401996 0.01537788 0.6369066 
0.0009099843 0.2302962 0.03325299 0.7355408 
0.007594773 0.3752603 0.0004026775 0.6167422 
0.007142568 0.2823376 0.01702427 0.6934956 
0.02161867 0.3441078 0.00120996 0.6330636 
0.001626288 0.3274455 0.02041199 0.6505163 
0.01870658 0.2180912 0.0002405542 0.7629617 
0.004859712 0.2853415 0.01141979 0.698379 
0.002413794 0.290451 0.002899691 0.7042355 
0.009529903 0.2649981 0.003473545 0.7219984 
0.002162474 0.2186661 0.005762841 0.7734086 
0.0003909919 0.2661972 0.01030886 0.7231029 
6.870373e-05 0.3028885 0.01407934 0.6829634 
2.674855e-05 0.3722188 0.007558333 0.6201961 
0.003217567 0.378126 0.006909918 0.6117465 
0.00549639 0.2767821 0.0005912017 0.7171303 
0.005486359 0.2198881 0.0001045215 0.774521 
0.004466969 0.2349389 0.000752017 0.7598422 
0.01034326 0.3266577 0.001567537 0.6614315 
0.01769049 0.2625702 0.005892591 0.7138468 
0.001572596 0.3364217 0.00193601 0.6600697 
0.006774751 0.2735475 0.002013807 0.717664 
0.01611324 0.4250825 0.002749197 0.556055 
0.01019665 0.2990858 0.007103823 0.6836137 
0.01853478 0.2925553 0.0003406346 0.6885692 
0.02092972 0.2553897 0.007317224 0.7163633 
0.002063158 0.3138945 0.02611369 0.6579287 
0.006550441 0.3433442 0.02574424 0.6243611 
0.006769126 0.2324543 0.0173364 0.7434402 
0.006486679 0.2259027 0.007278604 0.760332 
0.008268035 0.337475 0.007552156 0.6467048 
0.002261629 0.2730598 0.0005058754 0.7241727 
0.009649189 0.3695122 0.0004288111 0.6204098 
0.02744369 0.2778824 0.009734168 0.6849397 
0.002709107 0.3079709 0.03106966 0.6582503 
0.01720849 0.2128417 0.01682666 0.7531232 
0.008096584 0.3368104 0.007780833 0.6473122 
0.01095987 0.2433413 0.01086725 0.7348316 
0.01470853 0.3675576 0.001821115 0.6159127 
0.002313908 0.2457477 0.006972238 0.7449662 
0.0008787452 0.2662737 0.01098778 0.7218597 
0.0131361 0.3200666 0.00268741 0.6641099 
0.00451463 0.2503375 0.01537961 0.7297683 
0.0157008 0.2305613 0.001301795 0.7524361 
0.003759942 0.2708538 0.003060559 0.7223257 
0.007780607 0.2855536 0.005239928 0.7014259 
0.006564565 0.284641 0.003872814 0.7049216 
0.003279056 0.2948829 0.002752033 0.699086 
0.01344997 0.2742557 0.001430371 0.710864 
0.004283296 0.4430302 0.005249607 0.5474369 
0.001137508 0.2560712 0.01728095 0.7255103 
0.003855474 0.2731908 0.03024556 0.6927082 
0.0007891312 0.2904267 0.00545211 0.703332 
0.003668871 0.2941466 0.002437802 0.6997467 
0.007408074 0.2473493 0.00261006 0.7426326 
0.002666677 0.3333918 0.01586194 0.6480796 
0.001851621 0.2830083 0.007741833 0.7073982 
0.009109088 0.2551031 0.0002626538 0.7355251 
0.009405058 0.3442792 0.002501823 0.6438139 
0.005657138 0.2806651 0.008412237 0.7052655 
0.008649299 0.2752896 0.0008414095 0.7152197 
0.0008587428 0.291926 0.00011252 0.7071027 
0.002429949 0.2915824 0.02187451 0.6841132 
0.009079697 0.2795102 8.774218e-05 0.7113223 
0.02615072 0.3644344 0.02108343 0.5883315 
0.009189107 0.2601342 0.001683071 0.7289936 
0.01182918 0.2833918 0.0003105374 0.7044685 
0.001867109 0.3108909 0.009814244 0.6774277 
0.007945136 0.2996656 0.00400575 0.6883835 
0.01187872 0.25512 0.01008458 0.7229167 
0.003309593 0.35828 0.008178355 0.6302321 
0.002239235 0.3665115 0.01174894 0.6195003 
0.009072919 0.3352331 0.01040161 0.6452924 
0.005256535 0.3037171 0.001012919 0.6900134 
0.002254947 0.3846205 0.00906208 0.6040624 
0.0008471729 0.351034 0.02117593 0.6269429 
0.004510988 0.2265314 0.0006359499 0.7683216 
0.004236092 0.2780982 0.004389979 0.7132757 
0.001771641 0.2613157 0.0001067287 0.7368059 
0.005198771 0.2566644 0.001010628 0.7371262 
0.01412789 0.3411701 0.01592832 0.6287737 
0.00925968 0.3259603 0.003374372 0.6614057 
0.006380891 0.3320906 0.0009198472 0.6606087 
0.0001506466 0.3440721 0.01494454 0.6408327 
0.01838183 0.2430271 0.01762109 0.72097 
0.01991331 0.2363856 0.003101527 0.7405996 
0.008737048 0.2485843 0.008758919 0.7339198 
0.002249928 0.3659222 0.008992037 0.6228359 
0.001779012 0.3981247 0.004049676 0.5960466 
0.008269309 0.274466 0.008361868 0.7089028 
0.005885428 0.2789751 0.005441916 0.7096976 
0.009021624 0.328344 0.001095543 0.6615389 
0.03096247 0.2580511 0.006242314 0.7047441 
0.001457054 0.2713793 0.004383635 0.72278 
0.009188334 0.3938947 0.005759878 0.5911571 
0.0127107 0.3151478 0.004310288 0.6678312 
0.007674691 0.2306062 0.001305088 0.760414 
0.005734861 0.2645858 0.02828463 0.7013947 
0.01007345 0.2095069 0.002989705 0.7774299 
0.007087957 0.3890438 0.00156849 0.6022998 
0.01360498 0.334738 0.03496384 0.6166932 
0.006830929 0.3154459 0.0007932437 0.6769299 
0.004310286 0.3443391 0.02526777 0.6260828 
0.01625972 0.2759169 0.0005621187 0.7072613 
0.0002159746 0.2859708 0.0001294013 0.7136838 
0.007373922 0.3061154 0.005561372 0.6809493 
0.001258578 0.2840662 8.993756e-05 0.7145853 
0.007765549 0.3548697 0.01887603 0.6184887 
0.005271617 0.2804295 0.01115893 0.7031399 
0.001997355 0.2528244 0.001043311 0.7441349 
0.005574688 0.2282439 0.003994412 0.762187 
0.001481899 0.2450475 0.007466958 0.7460036 
0.002183945 0.3724558 0.006200893 0.6191593 
0.004420692 0.3460342 0.0007215116 0.6488236 
0.002734915 0.3811055 0.003353555 0.6128061 
0.01227856 0.2998433 0.008751572 0.6791265 
0.01420008 0.3489146 0.004052663 0.6328327 
0.0004165857 0.3521812 0.005717169 0.6416851 
0.006248132 0.2955674 0.008477906 0.6897065 
0.001476112 0.3086303 0.001237386 0.6886562 
0.007384598 0.2270646 0.02392884 0.741622 
0.0001901716 0.3058438 0.004437024 0.689529 
0.005826689 0.3375721 0.0002683213 0.6563328 
0.01493311 0.4027055 0.0001729931 0.5821884 
0.007949689 0.1931675 0.0239101 0.7749727 
0.004035707 0.3368968 0.01715779 0.6419097 
0.005944769 0.2974529 0.002593288 0.694009 
0.00477305 0.3446315 0.006561537 0.6440339 
0.003258301 0.2961395 0.0118085 0.6887937 
0.001280625 0.2680323 0.001272557 0.7294145 
0.01218333 0.2399327 0.02140622 0.7264777 
0.005419432 0.3629776 0.001184548 0.6304184 
0.002167788 0.2623046 0.01992504 0.7156026 
0.03319299 0.3375668 0.01946195 0.6097783 
0.01037278 0.4524572 0.009977038 0.527193 
0.009590536 0.3086246 0.00094518 0.6808397 
0.007293639 0.3333423 0.001831193 0.6575328 
0.007159034 0.3112121 3.157701e-05 0.6815973 
0.005406049 0.4442392 0.0001367898 0.5502179 
0.002460859 0.4390152 0.00553937 0.5529846 
0.008111906 0.2953294 0.0004361801 0.6961225 
0.03524362 0.2290781 0.0008871471 0.7347911 
0.02654082 0.3068417 0.01438189 0.6522356 
0.002360015 0.3524616 0.02298401 0.6221944 
0.006240268 0.3442749 0.006736599 0.6427483 
0.005279509 0.4377421 0.001404041 0.5555743 
0.003091377 0.3483846 0.003622969 0.644901 
0.0003578799 0.3616742 0.01315129 0.6248166 
0.002339682 0.4253063 0.002511781 0.5698422 
0.004604014 0.2326839 0.002224316 0.7604877 
0.002587688 0.3013537 0.005436565 0.6906221 
0.006076446 0.2857532 0.01784798 0.6903224 
0.02038908 0.3349845 0.007178117 0.6374483 
0.0002345405 0.3596428 0.003805973 0.6363167 
0.004690392 0.3395313 0.02321643 0.6325619 
0.0006669776 0.2616679 0.01839043 0.7192747 
0.002804545 0.2590542 0.04513238 0.6930089 
0.008713845 0.2736668 0.03662444 0.680995 
0.004571081 0.2145349 0.006128695 0.7747653 
0.0157355 0.2643213 0.0006163814 0.7193268 
0.001950406 0.2797803 0.02693848 0.6913308 
0.004847944 0.3251364 0.002812143 0.6672035 
0.003456689 0.2650476 0.01525086 0.7162449 
0.01581308 0.324616 0.0004674252 0.6591035 
0.002930776 0.2515635 0.005798868 0.7397068 
0.01485574 0.3249047 0.0008238117 0.6594157 
0.001934716 0.3624862 0.002725842 0.6328532 
0.01358474 0.2842306 0.01081019 0.6913745 
0.000772067 0.3125665 0.004848769 0.6818126 
0.01701688 0.2671214 0.004291047 0.7115706 
0.03958048 0.3324301 0.004433983 0.6235554 
0.005237074 0.3180132 0.00570922 0.6710405 
0.003270486 0.2372543 0.008353305 0.751122 
0.00607045 0.2921701 0.002426569 0.6993329 
0.0003910539 0.3086658 0.004657748 0.6862854 
0.01071892 0.2633217 0.0007491026 0.7252103 
0.002932447 0.3357728 0.00428414 0.6570106 
0.007469659 0.2821718 0.004241156 0.7061174 
0.006916386 0.3954571 0.00146648 0.59616 
0.001850867 0.2948838 0.002900874 0.7003644 
0.002624544 0.3978513 0.006461249 0.5930629 
0.03224859 0.3378585 0.0004796714 0.6294133 
0.002317814 0.2047603 0.002574655 0.7903473 
0.007292705 0.2057896 0.008357481 0.7785602 
0.007409504 0.3389283 0.003647507 0.6500147 
0.0005814209 0.2955237 0.00566247 0.6982324 
0.002033689 0.3792504 0.01742789 0.601288 
0.001397513 0.3159276 0.006760095 0.6759147 
0.000985081 0.2271818 0.01211807 0.759715 
0.0005321247 0.3419325 0.009505896 0.6480295 
0.00601888 0.3413273 0.0006248325 0.652029 
0.01424221 0.375328 0.01999403 0.5904357 
0.002990548 0.2621533 0.00217998 0.7326762 
0.00391567 0.2909973 0.008078051 0.697009 
0.007088133 0.2839316 0.002467182 0.7065131 
0.001447473 0.2774035 0.003542693 0.7176064 
0.007319713 0.3714769 0.006324874 0.6148785 
0.01275882 0.2506078 0.006403404 0.73023 
0.008736085 0.2300553 0.002560342 0.7586483 
0.003151513 0.3189728 0.003133345 0.6747424 
0.001892516 0.2649562 0.006423375 0.7267279 
0.005209807 0.3737934 0.003870243 0.6171265 
0.02328547 0.1889454 0.005500771 0.7822683 
0.003227789 0.396347 0.01188501 0.5885402 
0.01002874 0.2473306 0.008143245 0.7344974 
0.006729236 0.2355834 0.004164491 0.7535229 
0.00915633 0.3124485 0.002052983 0.6763422 
0.008740131 0.3238474 0.02147045 0.645942 
0.02387261 0.2669622 0.007744017 0.7014212 
0.02735345 0.3039497 0.0004331453 0.6682637 
0.002035739 0.2943236 0.006283809 0.6973569 
0.002761661 0.276674 0.009690781 0.7108736 
0.002635909 0.2757987 0.007446377 0.714119 
0.000298208 0.2747234 0.0006768104 0.7243015 
0.008353612 0.3173845 0.0003287686 0.6739331 
0.02320574 0.1997239 0.01972844 0.757342 
0.004992674 0.404342 0.01906703 0.5715983 
0.02834895 0.3406711 0.0006109586 0.630369 
0.003259802 0.2987511 0.007662631 0.6903265 
0.00818721 0.3432566 5.253969e-05 0.6485037 
0.01515012 0.3636816 0.00141234 0.619756 
0.002945665 0.2927984 0.007405014 0.696851 
0.00819404 0.3643353 0.003107366 0.6243633 
0.006523707 0.3439636 0.004815755 0.6446969 
0.008328978 0.3095298 0.01113202 0.6710092 
0.005033707 0.3269717 0.006171001 0.6618236 
0.03790728 0.2303293 0.006547375 0.7252161 
0.007991377 0.3115062 0.001815648 0.6786868 
0.008939766 0.3465175 0.004362968 0.6401797 
0.0009981808 0.3427845 0.001627616 0.6545897 
0.03674966 0.3304246 0.007505031 0.6253207 
0.006349627 0.2557672 0.01578491 0.7220983 
0.01237659 0.2803438 0.003513106 0.7037665 
0.001545583 0.2197018 0.004331507 0.7744211 
0.00108698 0.2089137 0.02130733 0.768692 
0.003582684 0.3176288 0.004412403 0.6743761 
0.01016004 0.3776628 0.0005221869 0.611655 
0.002613134 0.3240174 0.0007257917 0.6726437 
2.889944e-05 0.2707675 0.0005904244 0.7286132 
0.001023221 0.2488824 0.001433863 0.7486606 
0.0123894 0.2613244 0.0003296966 0.7259565 
0.001777005 0.2461671 0.001549559 0.7505063 
0.005014447 0.2911413 0.001053434 0.7027908 
0.002324846 0.2562696 0.002931172 0.7384744 
0.00142561 0.2936364 0.0129512 0.6919868 
0.01068662 0.3275235 0.003980207 0.6578097 
0.01132864 0.2212698 0.007019732 0.7603819 
0.006283481 0.2190863 0.009807707 0.7648225 
0.009357111 0.3459951 0.002043428 0.6426043 
0.009858582 0.2810595 0.01607943 0.6930025 
0.0128183 0.2146136 0.01740161 0.7551665 
0.001638465 0.2642176 0.0009888178 0.7331552 
0.01713017 0.2132399 0.002575941 0.767054 
3.969117e-05 0.3028567 0.01034718 0.6867564 
0.002354687 0.3487867 0.01074016 0.6381184 
0.005638326 0.2795498 0.002012837 0.712799 
0.02291986 0.2306672 0.009256128 0.7371568 
0.01053324 0.2220731 0.01223265 0.755161 
0.005573791 0.3661263 0.01073721 0.6175627 
0.02749948 0.2094003 0.01068009 0.7524202 
0.01094445 0.3385254 0.02740713 0.623123 
0.007262436 0.2670974 0.01663674 0.7090034 
0.00148716 0.3010194 0.009914251 0.6875792 
0.002723143 0.2980417 0.006096259 0.6931389 
0.0005998545 0.2062786 0.01400219 0.7791193 
0.0006070391 0.2837555 0.002963423 0.712674 
0.001072371 0.2440695 0.001158673 0.7536994 
0.001620608 0.2948593 0.001932881 0.7015872 
0.01576625 0.2623334 0.001579072 0.7203213 
0.01561156 0.3243225 0.01466586 0.6454001 
0.001490651 0.2952153 0.0009478913 0.7023461 
0.03454534 0.325484 0.004640019 0.6353307 
0.003851629 0.3763362 0.009229686 0.6105825 
0.001092983 0.3273425 0.01017984 0.6613847 
0.006773875 0.3016769 0.002089891 0.6894593 
0.005112512 0.2785546 0.01566054 0.7006724 
0.005324775 0.2675114 0.03141806 0.6957458 
0.001115727 0.3597278 0.001894089 0.6372624 
0.01091769 0.3221347 0.003830244 0.6631174 
0.006781354 0.3774468 0.0186513 0.5971205 
4.972032e-06 0.2643028 0.002582887 0.7331094 
0.005491061 0.2936923 0.0006055319 0.7002112 
0.01497098 0.4244224 0.02639404 0.5342126 
0.001394014 0.2913855 0.005785645 0.7014348 
0.005433572 0.3831613 0.006062877 0.6053423 
0.02358107 0.258209 0.002930046 0.7152799 
0.01769546 0.2586709 0.002284908 0.7213487 
0.01408582 0.3110629 0.007793737 0.6670575 
0.003565494 0.2894995 0.003996758 0.7029382 
0.01328929 0.2865804 0.009167973 0.6909624 
0.000899291 0.2764881 0.01309518 0.7095174 
0.0006977326 0.22976 0.01251514 0.7570271 
0.0008142287 0.273737 0.001585507 0.7238633 
0.003629564 0.2722178 0.000929426 0.7232232 
0.006305863 0.2832646 0.01391543 0.6965141 
0.002523589 0.2874722 0.0275494 0.6824548 
0.02387703 0.2719259 0.002290781 0.7019063 
0.001961485 0.2836615 0.003322957 0.7110541 
0.00228525 0.1476039 0.004776076 0.8453348 
0.01123197 0.2003556 0.006318855 0.7820936 
0.000245599 0.3252113 0.002126354 0.6724168 
0.0008244757 0.3807632 0.002902734 0.6155096 
0.003156474 0.3034158 0.01085919 0.6825685 
0.0007051164 0.4027379 0.003258877 0.5932982 
0.0002852851 0.2943251 0.006735453 0.6986541 
0.000947805 0.2936759 0.01086249 0.6945138 
0.02300938 0.3279028 0.0005046732 0.6485832 
0.002099823 0.3229862 0.002092218 0.6728218 
0.007727981 0.2298757 0.004586962 0.7578094 
0.007333827 0.2231916 0.003941518 0.765533 
0.001993448 0.2883234 0.02116076 0.6885224 
0.002090973 0.2405592 0.01503927 0.7423106 
0.0020694 0.3025949 0.01799922 0.6773365 
0.004709609 0.3610658 0.003410451 0.6308141 
0.001423584 0.2537772 0.01014781 0.7346514 
0.02065861 0.245087 0.01970778 0.7145466 
0.0004886084 0.3054731 0.003950118 0.6900881 
0.008829311 0.2784278 0.004900446 0.7078425 
0.005609856 0.2974935 0.006138684 0.6907579 
0.009914167 0.3119023 0.001319265 0.6768643 
0.009504617 0.28152 0.007099565 0.7018758 
0.01059276 0.2268695 0.01127005 0.7512677 
0.004965173 0.4158754 0.001684389 0.577475 
7.254609e-05 0.3167077 0.006602368 0.6766174 
0.02889513 0.3340797 0.001369352 0.6356559 
0.001128204 0.3112981 0.001721835 0.6858518 
0.004336851 0.357721 0.004168734 0.6337734 
0.01422232 0.254045 0.003130645 0.728602 
0.0028537 0.2524673 0.02917683 0.7155022 
0.009509597 0.3328101 0.001402207 0.6562781 
0.006341617 0.2830269 0.0129995 0.697632 
0.01007158 0.2874399 5.61034e-05 0.7024324 
0.00434713 0.3804104 0.002595838 0.6126467 
0.009932947 0.2778369 0.001875026 0.7103551 
0.004468568 0.1931064 0.01258099 0.7898441 
6.145572e-05 0.2560068 0.01021159 0.7337201 
0.01042663 0.3355305 0.01400566 0.6400372 
0.0004793587 0.240422 0.001235945 0.7578627 
0.0007667639 0.358405 8.568582e-05 0.6407426 
0.001162343 0.2823362 0.006510628 0.7099909 
0.01179199 0.4499823 0.01385247 0.5243733 
0.01635352 0.2778815 0.009685523 0.6960795 
0.005641062 0.309084 0.007342429 0.6779325 
0.0009559166 0.2656576 0.008491879 0.7248946 
0.004038627 0.2927821 0.005881464 0.6972978 
0.0006486016 0.3196621 0.009374751 0.6703145 
0.004102688 0.3360705 0.008280452 0.6515464 
0.00522916 0.2733003 0.006011075 0.7154595 
0.006955491 0.3308423 0.007597722 0.6546045 
0.004454753 0.3466493 0.004664026 0.6442319 
0.001338447 0.2530459 0.002193536 0.7434221 
0.00359569 0.3503255 0.0009108182 0.645168 
0.0001709429 0.3346872 0.001034428 0.6641075 
0.006168293 0.3030506 0.0008058325 0.6899753 
0.01030187 0.2441715 0.004623635 0.740903 
0.01121167 0.280698 0.01613764 0.6919527 
0.001232336 0.2978577 0.02319293 0.677717 
0.005184868 0.4004985 0.005281204 0.5890355 
0.001849992 0.3186839 0.0127133 0.6667528 
0.003930372 0.2834841 0.004869295 0.7077162 
0.001128531 0.3664601 0.02013213 0.6122792 
0.005854328 0.3169983 0.00387818 0.6732692 
0.01360499 0.3174899 0.01262989 0.6562752 
0.001932361 0.2859173 0.006090341 0.70606 
0.01798251 0.2598718 0.0008157715 0.7213299 
0.05268226 0.2676631 0.004834354 0.6748203 
0.009343353 0.2881439 0.009213249 0.6932995 
0.003928711 0.3007354 0.002734786 0.6926011 
0.002565163 0.2997439 0.01589116 0.6817998 
0.002814065 0.3369406 0.004947331 0.655298 
0.001590979 0.2573585 0.02452531 0.7165252 
0.0006008487 0.2483033 0.02981745 0.7212784 
0.002328923 0.2635053 0.0001882884 0.7339775 
0.003601677 0.2921395 0.007869105 0.6963897 
0.000473702 0.3323198 0.004206609 0.6629999 
0.001333253 0.3380129 0.005355107 0.6552987 
0.0007511107 0.3297136 0.002695062 0.6668402 
0.006320145 0.2684283 0.01658795 0.7086636 
0.004681202 0.261466 0.001681652 0.7321712 
0.00151038 0.3089487 0.006885938 0.682655 
0.01946449 0.2625736 0.001672934 0.716289 
0.004964064 0.3323155 0.01184982 0.6508706 
0.01062437 0.2989774 0.009319009 0.6810792 
0.006565986 0.1946188 0.004257662 0.7945575 
0.005902806 0.3641208 0.009423888 0.6205525 
0.00280106 0.3261594 0.02110349 0.6499361 
0.014031 0.409187 6.757188e-05 0.5767144 
0.007040899 0.2432726 0.001205573 0.7484809 
0.01769658 0.3059507 0.00238978 0.6739629 
0.01224985 0.4056942 0.01155191 0.570504 
0.004412531 0.2677772 0.006984102 0.7208261 
0.01205685 0.3579403 0.003287283 0.6267156 
0.001312746 0.3078347 0.000991879 0.6898607 
0.001004527 0.2735602 0.003169421 0.7222658 
0.01210771 0.3659567 0.000560678 0.6213749 
0.0110557 0.2371528 0.004889199 0.7469023 
0.002660562 0.3295699 0.0007883462 0.6669812 
0.01253693 0.3297501 0.005471616 0.6522414 
0.0009066366 0.3094049 0.001561183 0.6881273 
0.01259314 0.3123558 0.0007196815 0.6743313 
0.005810975 0.3069118 0.02123324 0.666044 
0.001720287 0.3333369 0.004997391 0.6599454 
0.002486082 0.3472566 0.003813213 0.6464441 
0.004255755 0.2835315 0.006648514 0.7055643 
0.02300078 0.3077735 0.00230362 0.6669221 
0.0001846996 0.3714085 0.009103936 0.6193029 
0.005312245 0.3134327 0.01236809 0.668887 
0.01108235 0.3056736 0.02650769 0.6567364 
0.00441313 0.2065733 0.0116849 0.7773286 
0.0004086689 0.3461693 0.002426848 0.6509952 
0.008656774 0.3296393 0.006885455 0.6548184 
0.005009387 0.3287111 0.001405234 0.6648743 
0.0170773 0.3010605 0.002178304 0.6796839 
0.005377941 0.2255702 0.001253383 0.7677984 
0.007083379 0.2885405 0.005468425 0.6989077 
0.02300184 0.3440062 0.00419277 0.6287992 
0.0117088 0.2725814 0.002268492 0.7134413 
0.01078897 0.3007534 0.003617483 0.6848402 
0.006601604 0.2992129 0.01953791 0.6746476 
0.00997831 0.3676249 0.0001896334 0.6222072 
0.01211191 0.3072898 0.02030299 0.6602953 
0.008896675 0.2836401 0.01780532 0.6896579 
0.00070194 0.2832325 0.006139551 0.709926 
0.002229607 0.365787 0.004999842 0.6269835 
0.006483479 0.3177839 0.001321994 0.6744107 
0.01071122 0.2799589 0.0001083763 0.7092215 
0.0006368592 0.2819642 0.001867702 0.7155313 
0.001619168 0.218141 0.003367536 0.7768723 
0.01085725 0.2752077 0.0006050928 0.71333 
0.001426815 0.3240062 0.003086912 0.67148 
0.01323607 0.2336877 0.009146671 0.7439296 
0.005451234 0.2533931 0.01233084 0.7288248 
0.0004700711 0.3096155 0.0052521 0.6846623 
0.007203037 0.2654061 0.005005025 0.7223859 
0.001485297 0.2163707 0.005987323 0.7761567 
0.008088768 0.33917 0.01308097 0.6396603 
0.01571999 0.2696256 0.008507132 0.7061473 
0.003315091 0.2199187 0.02898673 0.7477794 
0.005008165 0.2819337 0.005735105 0.707323 
0.005038658 0.316941 0.0018882 0.6761321 
0.004515784 0.2458411 0.006062271 0.7435808 
0.0007536411 0.3010273 0.007073062 0.691146 
0.00938028 0.2921437 0.002277786 0.6961982 
0.01420175 0.3382396 0.007396747 0.6401619 
0.01168786 0.2638029 0.002891815 0.7216174 
0.002798189 0.459508 0.01337741 0.5243164 
0.01230373 0.2689021 0.01574025 0.7030539 
0.02121521 0.3521918 0.01143253 0.6151605 
0.001454109 0.3440162 0.001086011 0.6534437 
0.0007773612 0.2913966 0.002953075 0.7048729 
0.002089317 0.3417919 0.001408444 0.6547103 
0.01047427 0.328349 0.0004319237 0.6607448 
0.007096065 0.2372971 0.002219285 0.7533875 
0.0007212429 0.2986736 0.01505194 0.6855532 
0.002108983 0.2400694 0.01237027 0.7454514 
0.001041083 0.2838013 0.01243474 0.7027228 
0.0004276961 0.2122557 0.008444857 0.7788717 
0.003815727 0.2348055 0.003135298 0.7582435 
0.001527503 0.2922916 0.002896856 0.703284 
0.00333606 0.3230484 0.01597498 0.6576406 
0.0006669963 0.2543572 0.00102371 0.7439521 
0.002879674 0.3070982 0.0008453585 0.6891768 
0.0213029 0.3209191 0.001825601 0.6559524 
0.001039025 0.3712164 0.008334702 0.6194099 
0.00562729 0.3033697 0.01138491 0.6796181 
0.0009726926 0.3030316 0.001137039 0.6948586 
0.001050768 0.3085418 0.02796471 0.6624427 
0.004648538 0.4033672 0.006461144 0.5855232 
0.009877248 0.2912727 0.00294682 0.6959033 
0.002295653 0.2788057 0.003262916 0.7156358 
0.008353808 0.4162357 0.002891566 0.5725189 
0.004279979 0.3363936 0.005948282 0.6533782 
0.007375816 0.2787522 0.003955756 0.7099162 
0.001235666 0.284222 0.000492768 0.7140496 
0.02228226 0.3410518 0.002597447 0.6340685 
0.01401221 0.3725584 0.006600237 0.6068291 
0.002178076 0.2909504 0.01402258 0.692849 
0.001042762 0.3464924 0.001560534 0.6509043 
0.006450509 0.2597032 0.0006625223 0.7331837 
0.0005854156 0.2198984 0.02172442 0.7577917 
0.01489074 0.3337933 0.004043265 0.6472727 
0.003630008 0.2616405 0.008945325 0.7257841 
0.0003748977 0.3098666 0.007402577 0.682356 
0.004315902 0.267392 0.004077205 0.7242149 
0.002815303 0.3083355 0.003708906 0.6851403 
0.008914563 0.3803161 0.01368039 0.597089 
0.01474509 0.2985253 0.008156137 0.6785734 
0.0006286524 0.2955629 0.01752796 0.6862805 
0.01183585 0.3585124 0.0004755254 0.6291762 
0.0118019 0.3171833 0.01681681 0.654198 
0.003534965 0.3458384 0.01895357 0.6316731 
0.01154624 0.2504291 0.008046107 0.7299786 
0.008027165 0.2878852 0.01381391 0.6902737 
0.000241829 0.2478113 0.002263139 0.7496837 
0.008847286 0.2623403 0.0170214 0.711791 
0.005174566 0.2818261 0.007987523 0.7050118 
0.01148947 0.2508471 0.01468685 0.7229765 
6.776078e-05 0.2552676 0.005034604 0.73963 
0.0118449 0.2858945 0.001681566 0.700579 
0.002049261 0.2691953 0.01419319 0.7145622 
0.009210253 0.3627936 0.008436922 0.6195593 
0.002508045 0.2201369 0.01464164 0.7627134 
0.001610687 0.2928947 0.001276299 0.7042183 
0.01318017 0.2242159 0.003898525 0.7587054 
0.01331239 0.3323349 0.003035671 0.6513171 
0.0005368043 0.2854032 0.02624232 0.6878177 
0.003243645 0.2504943 0.001301539 0.7449605 
0.001436075 0.2787085 0.008265779 0.7115897 
0.01311926 0.2772312 0.007225763 0.7024238 
0.005089446 0.292615 0.0006466333 0.7016489 
0.01558421 0.2999931 0.03271302 0.6517097 
0.001318167 0.2534251 0.0006510579 0.7446057 
0.02502487 0.2546204 5.48369e-05 0.7202999 
0.0004969725 0.2698883 0.01385136 0.7157633 
0.02367796 0.293644 0.0004689579 0.6822091 
0.00787869 0.2759903 0.002738595 0.7133924 
0.004327066 0.3071963 0.01062188 0.6778547 
0.0009203042 0.3022104 0.01259577 0.6842735 
0.003343224 0.254422 0.0002728674 0.7419619 
4.441972e-05 0.3814585 0.014056 0.6044411 
0.009549059 0.3345485 0.006777249 0.6491252 
0.009324854 0.2701508 0.004973146 0.7155512 
0.0001481383 0.2434612 0.01281292 0.7435778 
0.00605822 0.3203794 0.003216266 0.6703461 
0.006206309 0.3650384 0.009587106 0.6191682 
0.004005038 0.3110712 0.001855152 0.6830686 
0.003544961 0.2304817 0.00278434 0.763189 
0.009626719 0.2078223 0.01236788 0.7701831 
0.009593841 0.3010601 0.04009426 0.6492518 
0.004130142 0.302044 0.0003716759 0.6934542 
0.01035692 0.3436415 0.005988757 0.6400128 
0.01131944 0.2972519 0.004211304 0.6872174 
0.006248629 0.2642317 0.001066033 0.7284536 
0.002644782 0.2901271 0.01233168 0.6948965 
0.00372895 0.3360273 0.002274918 0.6579688 
0.01083587 0.2632779 0.0044707 0.7214155 
0.003712242 0.3240812 0.01671959 0.655487 
0.002162391 0.2609979 0.007353388 0.7294863 
0.003303591 0.2729157 0.006291345 0.7174893 
0.0009443249 0.3703332 0.002950172 0.6257723 
0.009752071 0.3258471 0.01558255 0.6488182 
0.003396805 0.3049846 0.01242466 0.6791939 
0.02603231 0.1933693 0.0002064347 0.7803919 
0.01117811 0.3540297 0.01603744 0.6187547 
0.005873264 0.3062736 0.009804959 0.6780481 
0.04287358 0.3303353 0.001094823 0.6256963 
0.005022353 0.3494057 0.01256083 0.6330112 
0.006937229 0.3346508 0.002119658 0.6562923 
0.001457516 0.3164103 0.01913752 0.6629946 
0.000775412 0.3536587 0.0003366511 0.6452292 
0.0001859732 0.2358263 0.00861198 0.7553757 
0.002147128 0.2836991 0.002864913 0.7112888 
0.0103193 0.2352998 0.004144441 0.7502365 
0.001175897 0.2080818 0.00175199 0.7889903 
0.00211509 0.3952731 0.02058399 0.5820278 
0.009373889 0.2801465 0.006697823 0.7037818 
0.001194753 0.316485 0.002115805 0.6802045 
0.000301459 0.2631467 0.00411819 0.7324336 
0.0004151409 0.3121705 0.003662 0.6837524 
0.008356119 0.30577 0.004248096 0.6816258 
0.0001938383 0.2852242 0.01005248 0.7045295 
0.01359967 0.2979856 0.005223866 0.6831908 
0.005039044 0.2741081 0.01361246 0.7072404 
0.0120134 0.2383047 0.008791338 0.7408905 
0.006858574 0.345062 0.004385179 0.6436943 
0.003725101 0.3297918 0.008208972 0.6582742 
0.004695598 0.1809402 0.001538626 0.8128255 
0.0170074 0.2493547 0.0036137 0.7300242 
0.01826069 0.2805272 0.002800138 0.698412 
0.01714778 0.3236917 0.01157751 0.647583 
2.549947e-05 0.347213 0.00394252 0.648819 
0.006680424 0.300325 0.002715451 0.6902791 
0.01236759 0.3017403 0.006321628 0.6795705 
0.01196901 0.3585531 0.0004135363 0.6290643 
0.0004492933 0.3457341 0.00193171 0.6518849 
0.004773527 0.2810532 0.003993621 0.7101796 
0.005166302 0.3202113 0.008294167 0.6663283 
0.02224284 0.2496871 0.01768821 0.7103819 
0.01708497 0.2494978 0.004483699 0.7289335 
0.01644267 0.3270182 0.00833184 0.6482073 
0.004270743 0.3658191 0.003371115 0.6265391 
0.001428322 0.2227178 0.00412279 0.771731 
0.0005408608 0.2840236 0.007902332 0.7075332 
0.001356696 0.3278527 0.0005154621 0.6702752 
0.0008655184 0.2518611 0.02046668 0.7268067 
0.01161169 0.3646425 0.00468507 0.6190607 
0.02335704 0.2100241 0.002683575 0.7639353 
0.009910663 0.3447876 0.01461909 0.6306826 
0.0178746 0.3009753 0.01509689 0.6660532 
0.002274833 0.3137723 0.004091968 0.6798609 
0.005949201 0.3534356 0.02997083 0.6106444 
0.007699791 0.2867082 0.001926274 0.7036658 
0.001240511 0.3135296 0.004262511 0.6809673 
0.008752454 0.2736982 0.003772944 0.7137764 
0.004154787 0.340174 0.004032168 0.651639 
0.002477053 0.3491712 0.01144218 0.6369096 
0.003210244 0.3328883 0.004313534 0.6595879 
0.004959499 0.3204861 0.01275995 0.6617945 
0.0008412929 0.3584389 0.003909761 0.63681 
0.005553112 0.3434572 0.0002618325 0.6507279 
0.002248284 0.2088407 0.02967682 0.7592342 
0.0005670264 0.2995628 0.005496728 0.6943734 
0.001206973 0.2368364 0.004549434 0.7574072 
0.006669802 0.2396316 0.005079219 0.7486194 
0.0001819132 0.3414 0.01258277 0.6458354 
0.006394997 0.3428246 0.004006534 0.6467739 
0.00878658 0.3583372 0.001364275 0.631512 
0.00930018 0.2127208 0.007830382 0.7701486 
0.03137783 0.2608556 0.002419948 0.7053466 
0.0296574 0.2937235 0.00503308 0.671586 
0.007666934 0.229996 0.002146913 0.7601901 
0.002550712 0.2826903 0.002715433 0.7120436 
0.001341238 0.2249058 0.00468679 0.7690662 
0.001374614 0.3526397 0.003219336 0.6427664 
0.003293923 0.3958174 0.02111057 0.5797781 
0.01008522 0.2758888 0.002258822 0.7117671 
0.00427568 0.2762709 0.008899148 0.7105543 
0.008808452 0.3252242 0.002468069 0.6634993 
0.0006618608 0.2947694 0.02025712 0.6843116 
0.004952168 0.2721688 0.01489123 0.7079878 
0.001491269 0.2754684 0.008701285 0.714339 
0.006825999 0.2603958 0.004898914 0.7278793 
0.002734154 0.3300229 0.001373497 0.6658695 
0.003674575 0.4379832 0.007502758 0.5508394 
0.004167693 0.3032267 0.003016306 0.6895893 
0.0106759 0.3191154 0.003340448 0.6668683 
0.01014588 0.3403102 0.01841017 0.6311338 
0.0169765 0.2849934 0.001332625 0.6966974 
0.004938209 0.3126809 0.002852938 0.6795279 
0.02338457 0.2612485 0.007802312 0.7075647 
0.02353502 0.3137566 0.004987361 0.657721 
0.01915427 0.3138354 0.005072825 0.6619375 
0.0003458101 0.2567024 0.02265101 0.7203008 
0.00945527 0.2795629 0.002370095 0.7086117 
0.01364452 0.3185003 0.00973323 0.658122 
0.01314959 0.2975158 0.001219015 0.6881156 
0.003144027 0.2686045 0.001404262 0.7268473 
0.01157436 0.2547389 0.006427086 0.7272597 
6.121634e-05 0.3437562 0.009150245 0.6470323 
0.0145253 0.2167588 0.001459534 0.7672564 
0.006267103 0.2461124 0.02384907 0.7237714 
0.003771888 0.3935406 0.01436401 0.5883235 
0.0182744 0.30383 0.007742596 0.670153 
0.008052289 0.4087711 0.001526756 0.5816499 
0.0008810779 0.2582843 0.009239815 0.7315948 
0.008549812 0.2653371 0.001836739 0.7242764 
0.00647041 0.3509451 0.007239253 0.6353452 
0.008338924 0.2671454 0.002233772 0.7222819 
0.005981076 0.2978981 0.006084946 0.6900359 
0.01593828 0.3713161 0.004598551 0.608147 
0.002225148 0.3499585 0.004443053 0.6433733 
0.01477804 0.342359 0.003912396 0.6389506 
0.0007186573 0.3374348 0.00240763 0.6594389 
0.002858241 0.3444871 0.007332149 0.6453225 
0.002283068 0.2869828 0.004583605 0.7061505 
0.01774867 0.2592737 0.003939788 0.7190378 
0.00531495 0.228384 0.001508598 0.7647924 
1.565035e-05 0.3657705 0.0199952 0.6142187 
0.00200458 0.304447 0.007885046 0.6856634 
0.004088234 0.3242494 0.0005857391 0.6710766 
0.04129245 0.3216927 0.00484409 0.6321708 
0.01012669 0.2528078 0.001281322 0.7357841 
0.004426413 0.3915378 0.006153634 0.5978822 
0.001847725 0.2199849 0.004644572 0.7735228 
0.006447567 0.3338365 0.006329623 0.6533863 
0.009763679 0.3473225 0.001143346 0.6417705 
0.00989572 0.3534466 0.002820784 0.6338369 
0.0007812676 0.3076406 0.001537192 0.690041 
0.000810927 0.2901821 0.0008168421 0.7081901 
0.003488939 0.3025428 0.001377338 0.6925909 
0.0008656245 0.3729957 0.004174596 0.6219641 
0.002579473 0.2215945 0.02652192 0.7493041 
0.000459845 0.2970842 0.004553724 0.6979022 
0.003966202 0.2677306 0.01064117 0.717662 
0.0008461318 0.2157749 0.0004229775 0.782956 
0.001818953 0.3660792 0.01542281 0.616679 
0.00158488 0.2704016 0.001194941 0.7268186 
0.008765027 0.2548933 0.004272748 0.732069 
0.01861409 0.3274146 0.01776695 0.6362043 
0.0008747888 0.3282784 0.008448699 0.6623981 
0.003940121 0.297198 0.006698471 0.6921634 
0.01565332 0.374639 0.007655517 0.6020521 
0.001510553 0.3054853 0.009296587 0.6837075 
0.003462865 0.3765803 0.005852553 0.6141043 
0.01221934 0.3096826 0.008034711 0.6700633 
0.005630097 0.3027492 0.003412449 0.6882082 
0.005577225 0.3083596 0.001563092 0.6845001 
0.001955134 0.2720169 0.0002083929 0.7258196 
0.002653585 0.3436939 0.004388475 0.649264 
0.0004737581 0.2936372 0.00131636 0.7045727 
0.0005582232 0.2877534 0.03271776 0.6789706 
0.02418779 0.2544113 0.02906271 0.6923382 
0.01136809 0.2708722 0.0002285823 0.7175311 
0.004104359 0.3418282 0.001196705 0.6528708 
0.0112603 0.2242773 0.001051236 0.7634111 
0.003868533 0.3003171 0.0215662 0.6742482 
0.005190895 0.4551008 0.004339613 0.5353687 
0.006539697 0.2741668 0.006812378 0.7124811 
0.003149876 0.4084447 0.007045415 0.58136 
0.003099836 0.3470926 0.005984425 0.6438231 
0.001131391 0.2837952 0.004152521 0.7109209 
0.000933036 0.4194132 0.01080754 0.5688462 
0.003775307 0.359721 0.0341654 0.6023383 
0.00184739 0.3352163 0.001733084 0.6612032 
0.01439289 0.2256346 0.0006096107 0.7593629 
