"p_1" "p_2" "p_3" "p_4"
0.0593842 0.00281454 0.1698842 0.767917
0.05507904 0.001276215 0.1695783 0.7740664
0.05541809 0.003079996 0.1500028 0.7914991
0.05665569 0.0011613 0.1490614 0.7931216
0.05357704 0.005173764 0.1611356 0.7801136
0.05043831 0.004585503 0.1800828 0.7648934
0.05375743 0.003480307 0.1764929 0.7662694
0.05580526 4.68908e-05 0.1717221 0.7724257
0.05842102 0.000443416 0.1708446 0.770291
0.05160316 0.0003821892 0.1740557 0.773959
0.06505991 0.001597694 0.1812003 0.7521421
0.04214641 0.007529942 0.1703794 0.7799443
0.04967691 0.001040355 0.1621815 0.7871012
0.05504689 0.01214323 0.1546794 0.7781305
0.05293841 0.0007487129 0.1539129 0.7924
0.04745738 0.002750408 0.1628452 0.786947
0.06658984 0.00036662 0.1448798 0.7881638
0.06531925 0.002549878 0.1703747 0.7617562
0.04834076 0.0001741279 0.1576659 0.7938192
0.04395786 0.0001008175 0.1712225 0.7847188
0.0472305 0.001857424 0.1792201 0.771692
0.06995807 0.0006737859 0.1625402 0.766828
0.05725147 0.007002732 0.1586886 0.7770572
0.05630559 0.002035316 0.1591035 0.7825556
0.05459973 0.005249066 0.1526803 0.7874709
0.04058594 0.0009689605 0.1558385 0.8026066
0.04675768 0.0004982296 0.1652288 0.7875152
0.05759546 0.0001527714 0.1847737 0.757478
0.0527715 4.094266e-05 0.1560062 0.7911813
0.05302927 0.00125192 0.1699307 0.7757881
0.0459474 0.0004826104 0.1592501 0.7943199
0.04692077 0.0004524055 0.1648814 0.7877454
0.0508829 0.000846893 0.1503134 0.7979568
0.04478763 0.004951217 0.1625005 0.7877606
0.04147343 0.004913559 0.1737644 0.7798486
0.04842267 0.001216886 0.1679028 0.7824577
0.04461849 0.0002262608 0.1655261 0.7896291
0.05373102 0.006817143 0.1474159 0.7920359
0.06289368 0.004475125 0.172136 0.7604952
0.06618554 0.0001022123 0.1634194 0.7702928
0.05968791 0.001025182 0.157425 0.7818619
0.05768397 3.172216e-05 0.1545892 0.7876951
0.05886336 0.003862808 0.1681784 0.7690954
0.06574503 5.930578e-05 0.1659797 0.768216
0.05817427 0.00109137 0.1599363 0.7807981
0.04800969 0.00523207 0.167289 0.7794692
0.0438659 0.008328215 0.1658009 0.782005
0.0607955 0.002283486 0.1766621 0.7602589
0.04881101 0.0003817978 0.1767186 0.7740886
0.04948609 0.003179583 0.1659782 0.7813562
0.04288352 0.001962817 0.1678476 0.7873061
0.04693716 0.004464129 0.1572123 0.7913864
0.04968688 0.0004642036 0.1841606 0.7656883
0.04564457 0.003225138 0.1465698 0.8045605
0.0581424 0.002229298 0.1796159 0.7600124
0.05652534 0.003654755 0.1694824 0.7703375
0.04076424 6.478839e-05 0.1722357 0.7869352
0.05548832 0.0005588788 0.1621939 0.7817589
0.05465074 0.002981511 0.1705846 0.7717832
0.05871078 0.000384771 0.1435434 0.7973611
0.05144355 0.002336726 0.178136 0.7680837
0.04174811 0.001104811 0.1546286 0.8025185
0.06173095 0.0002760817 0.158798 0.779195
0.05387836 0.00320127 0.1822457 0.7606747
0.04654865 0.0003027317 0.1784381 0.7747105
0.04449865 0.007817032 0.1793731 0.7683112
0.04350837 0.001580863 0.1730498 0.7818609
0.05867534 0.0005396966 0.1875552 0.7532298
0.05740069 0.003545479 0.1567234 0.7823305
0.05949156 0.0009329563 0.1708953 0.7686802
0.05402953 0.009341817 0.141072 0.7955566
0.05835403 0.06448244 0.07967454 0.797489
0.04482609 0.007433148 0.1559659 0.7917749
0.05475151 0.003896791 0.1324452 0.8089065
0.05530818 0.005296403 0.1425428 0.7968526
0.0561976 0.001008429 0.1624993 0.7802947
0.06290735 0.0001036263 0.1686366 0.7683524
0.05921513 0.009750034 0.1525327 0.7785021
0.05929795 0.001484639 0.1662944 0.772923
0.05276677 0.00177681 0.1906045 0.7548519
0.05362037 0.01999449 0.1365726 0.7898125
0.06012764 0.001251795 0.1553373 0.7832832
0.05567076 0.002218194 0.1729269 0.7691842
0.05003383 0.00157638 0.1620374 0.7863524
0.04115422 0.004489623 0.1604297 0.7939264
0.05717724 0.003220987 0.1451656 0.7944362
0.04130875 0.001049211 0.1836685 0.7739736
0.04536525 0.003441154 0.1576602 0.7935334
0.05590159 0.0008284013 0.1603172 0.7829528
0.04346302 0.001135934 0.1737209 0.7816801
0.05202085 0.002219584 0.1630884 0.7826711
0.06281274 0.0002202122 0.1660673 0.7708997
0.05886951 0.00161707 0.1454442 0.7940692
0.05632607 0.0006464258 0.1831202 0.7599073
0.04907156 0.002656813 0.1491212 0.7991504
0.06418355 0.002774293 0.1332458 0.7997964
0.05711543 0.0001449406 0.1736753 0.7690643
0.05635819 0.0003473203 0.1623602 0.7809343
0.05949594 0.005179341 0.1523235 0.7830012
0.06465353 0.006781315 0.1660249 0.7625402
0.04854486 0.001636744 0.1684022 0.7814162
0.0479528 0.0008247419 0.1863796 0.7648429
0.04836314 0.0001156095 0.1500632 0.801458
0.05163675 0.001005274 0.1648648 0.7824932
0.05577814 0.004075616 0.1505211 0.7896251
0.05335737 0.02986138 0.1207447 0.7960366
0.05642223 0.00155436 0.1734908 0.7685326
0.06606688 0.00519717 0.1597711 0.7689648
0.06874404 0.001907408 0.1904407 0.7389079
0.06526401 0.02058004 0.1508741 0.7632818
0.0485665 0.0002325823 0.1568763 0.7943246
0.06040906 0.0006830321 0.1713899 0.767518
0.05618342 0.003151332 0.1765534 0.7641119
0.05582565 0.001608126 0.1603189 0.7822473
0.05401208 0.0008045042 0.1800393 0.7651441
0.05436599 0.001637531 0.1435673 0.8004292
0.05302846 0.002074807 0.1642013 0.7806955
0.06618678 0.002118272 0.1707169 0.7609781
0.05254605 0.001659511 0.1495203 0.7962741
0.04893234 0.004846082 0.1587387 0.7874829
0.05248484 0.002547592 0.1755638 0.7694037
0.06766501 0.002713587 0.1499689 0.7796525
0.05336881 0.0006524525 0.1491748 0.7968039
0.0573538 0.001296172 0.1916086 0.7497414
0.05926152 0.001158968 0.1536572 0.7859223
0.05045868 0.0006771905 0.1396389 0.8092252
0.04284494 0.01624186 0.1579138 0.7829994
0.05433361 0.002128395 0.1523909 0.7911471
0.05664292 0.001405475 0.1827466 0.759205
0.04431069 0.002468337 0.1555059 0.7977151
0.0552327 0.002411697 0.1481662 0.7941894
0.06084048 0.001342613 0.1555969 0.78222
0.0481425 0.003543768 0.1622452 0.7860686
0.06034452 0.0005033056 0.1584577 0.7806944
0.06227112 0.001743618 0.1616655 0.7743198
0.05066564 0.01433253 0.1495024 0.7854994
0.053474 0.005027352 0.1593373 0.7821614
0.05245633 0.001121526 0.1470523 0.7993698
0.04229463 0.003257642 0.1518676 0.8025802
0.05900252 0.02144946 0.1471827 0.7723653
0.05420458 0.01174113 0.1436177 0.7904366
0.05423982 0.0001770671 0.1645385 0.7810446
0.04829112 0.002369149 0.1722558 0.7770839
0.05747998 0.002259702 0.1641702 0.7760901
0.05146768 0.00397402 0.178886 0.7656723
0.03479725 0.005008278 0.1497981 0.8103964
0.04783867 0.001997299 0.1743437 0.7758203
0.06392173 0.001327272 0.1586133 0.7761377
0.03943525 0.00437242 0.1479114 0.8082809
0.04775575 0.004604839 0.1729243 0.7747152
0.0467357 0.002623691 0.1734324 0.7772082
0.05416535 0.001054944 0.1644186 0.7803611
0.05244582 0.00150307 0.160908 0.7851431
0.06220783 0.01352471 0.1516549 0.7726125
0.05207879 0.004592041 0.1536376 0.7896916
0.04847984 0.01373014 0.1510238 0.7867662
0.0492093 0.0008682867 0.176559 0.7733634
0.05701659 0.0001875017 0.1552347 0.7875612
0.05197976 0.007811321 0.1479744 0.7922345
0.04593584 0.001261389 0.1698781 0.7829247
0.05732764 0.005704558 0.1429106 0.7940572
0.05193584 0.0005200842 0.1743879 0.7731562
0.04511377 0.002088093 0.1603872 0.7924109
0.05586405 0.001399872 0.1572968 0.7854393
0.05769787 0.000899436 0.1711122 0.7702905
0.05326657 0.0008364784 0.1833098 0.7625872
0.04737884 6.09101e-05 0.187158 0.7654023
0.06333345 3.908845e-05 0.1608801 0.7757473
0.03879449 0.005819703 0.1739765 0.7814093
0.05464992 0.0002810721 0.1711179 0.7739512
0.05505744 0.005643928 0.1421272 0.7971715
0.07494656 0.003788556 0.1572297 0.7640352
0.05530376 0.0003678448 0.165097 0.7792314
0.04634339 0.0003570684 0.1828506 0.770449
0.06354663 0.00802952 0.1572358 0.771188
0.04233971 0.0001050102 0.1661911 0.7913641
0.0522046 0.002297493 0.1696247 0.7758732
0.05350991 0.0002171146 0.1667859 0.779487
0.06378878 0.003397164 0.1716027 0.7612113
0.04323638 0.0004118085 0.1736959 0.7826559
0.05490106 0.0002057511 0.1668162 0.778077
0.05354633 0.0004191776 0.1450082 0.8010263
0.0476041 0.005668841 0.1631539 0.7835732
0.06146725 0.001612566 0.1731498 0.7637704
0.05920093 0.001619912 0.1701682 0.769011
0.04914027 2.930581e-05 0.1588888 0.7919416
0.04603752 0.001183602 0.1647763 0.7880025
0.05932872 0.0003677252 0.1490101 0.7912934
0.0444297 0.006436759 0.1454102 0.8037233
0.04441915 0.002157203 0.1649921 0.7884316
0.04786452 0.006644973 0.1767828 0.7687077
0.05857597 0.003145963 0.179703 0.7585751
0.0466497 0.002706903 0.1534668 0.7971766
0.05233507 0.001426717 0.171365 0.7748732
0.06270173 5.355712e-05 0.1575032 0.7797415
0.04904264 0.0003517376 0.1475515 0.8030541
0.06209721 0.001722031 0.1510087 0.7851721
0.06270205 0.0003907183 0.1623014 0.7746059
0.06130767 0.0005479873 0.1612989 0.7768455
0.05660686 0.001574422 0.1797956 0.7620231
0.05463913 0.001270519 0.1738884 0.770202
0.0738551 0.0006450907 0.179159 0.7463408
0.04878155 0.001996663 0.1626863 0.7865354
0.06038697 0.0004295593 0.1419932 0.7971903
0.04524097 0.0001487219 0.1551816 0.7994287
0.04570229 0.001381955 0.1554323 0.7974835
0.05094932 0.0005428815 0.1754083 0.7730995
0.05914381 2.587995e-05 0.1696083 0.771222
0.05027648 0.0008391171 0.1721141 0.7767703
0.05172177 4.548623e-05 0.1706758 0.7775569
0.0567846 0.003875574 0.1583986 0.7809412
0.04290392 0.001438623 0.1545942 0.8010633
0.06140378 0.00106818 0.1548642 0.7826638
0.05631529 0.0008314501 0.1578753 0.784978
0.05218452 0.001502622 0.1614002 0.7849127
0.05479965 0.004747044 0.1487422 0.7917111
0.06127883 0.005018057 0.1704864 0.7632167
0.05705849 0.001927956 0.1681756 0.7728379
0.04555026 0.00203233 0.1931604 0.759257
0.06198908 0.001197428 0.1517692 0.7850443
0.04675837 0.001777716 0.1418955 0.8095684
0.05606627 0.003320401 0.1709103 0.769703
0.04532341 0.003604084 0.1406515 0.810421
0.05149733 0.007325831 0.1643183 0.7768585
0.05737832 3.108987e-05 0.1828176 0.7597729
0.05393153 0.005507753 0.1448584 0.7957023
0.0546527 0.0009857439 0.1525449 0.7918166
0.04990897 0.006627472 0.1471349 0.7963287
0.06563598 0.0008107081 0.1377917 0.7957617
0.06666621 0.001415758 0.1589582 0.7729598
0.04025609 0.0007796048 0.1626803 0.796284
0.04087102 0.004769085 0.1660703 0.7882896
0.05692293 0.001589125 0.1572321 0.7842558
0.04959314 0.002614148 0.1728211 0.7749716
0.05403059 0.002309695 0.1701861 0.7734736
0.04613248 0.0006360769 0.1569032 0.7963283
0.0450957 0.0004712247 0.150068 0.804365
0.04607019 0.001658807 0.1659471 0.7863239
0.05322665 0.00369103 0.1720067 0.7710756
0.05765693 0.004187072 0.1851022 0.7530538
0.05237743 0.003447272 0.1581162 0.7860591
0.04827243 0.0004308984 0.1625142 0.7887825
0.05588126 0.0003180982 0.1411987 0.8026019
0.05550615 0.001745621 0.1523906 0.7903577
0.0704719 0.001677776 0.1665668 0.7612836
0.05929475 0.00190447 0.1643795 0.7744212
0.05622934 0.0003449031 0.1427885 0.8006373
0.05148748 0.0006476402 0.1507016 0.7971633
0.055953 0.00152309 0.1585322 0.7839918
0.05488199 0.000434658 0.1766723 0.7680111
0.05172046 0.00841209 0.1721546 0.7677129
0.05216217 0.007607188 0.1681224 0.7721083
0.05081543 0.0004039953 0.1591524 0.7896282
0.05550888 8.124463e-05 0.1702962 0.7741137
0.04121274 0.002337587 0.1696312 0.7868185
0.05141552 0.003243417 0.1601619 0.7851791
0.05456233 0.0005673978 0.1575945 0.7872758
0.04667832 0.002123469 0.1689668 0.7822314
0.06439781 0.01954954 0.1663908 0.7496618
0.05873887 0.00175618 0.1670473 0.7724576
0.06486654 0.0002405072 0.1533206 0.7815723
0.05134247 0.0116007 0.1657842 0.7712726
0.05747057 0.001976538 0.155056 0.7854969
0.04951639 0.003301153 0.1747809 0.7724016
0.05471596 0.004803663 0.1587184 0.7817619
0.06269463 0.0001989216 0.1644061 0.7727003
0.05074464 0.0003573079 0.1669456 0.7819525
0.0511772 0.002753207 0.1667992 0.7792704
0.05079255 0.001691066 0.1613188 0.7861976
0.04807743 0.003360481 0.1564819 0.7920802
0.05841934 0.001307755 0.1874364 0.7528365
0.06197904 0.00298503 0.1451221 0.7899138
0.05460021 9.554744e-05 0.1561374 0.7891669
0.05020797 0.003568005 0.1811175 0.7651065
0.0394795 0.0002355938 0.1693394 0.7909455
0.05477537 7.416479e-05 0.181358 0.7637925
0.05507052 0.008731413 0.1504187 0.7857794
0.052205 0.0004653355 0.1532567 0.7940729
0.0492507 0.006430468 0.1564811 0.7878378
0.05752433 0.01353145 0.1557364 0.7732079
0.05502328 0.0003813924 0.1582653 0.7863301
0.04624029 0.001616956 0.1745806 0.7775621
0.04844623 9.450302e-05 0.1626229 0.7888364
0.06905196 0.0002888032 0.1424165 0.7882428
0.05827234 2.516802e-06 0.1484969 0.7932282
0.03642997 0.003528795 0.1743017 0.7857396
0.04703073 0.002206793 0.182263 0.7684995
0.06116521 0.002482143 0.1632407 0.773112
0.04792008 0.001011712 0.1623261 0.7887421
0.06611328 0.002782348 0.1805859 0.7505185
0.04929363 0.003944675 0.1538701 0.7928916
0.05025932 0.0005073496 0.1618961 0.7873372
0.04091133 0.0002124537 0.1787245 0.7801517
0.04740543 0.001037814 0.1633741 0.7881827
0.04878128 0.001300637 0.1709631 0.7789549
0.05118709 0.002954345 0.1651772 0.7806813
0.04263483 0.0002112228 0.1787895 0.7783644
0.04926556 0.0005157601 0.1726935 0.7775252
0.0445668 0.001087818 0.1681517 0.7861937
0.04075979 0.009627194 0.1543899 0.7952231
0.04025483 0.00131959 0.1749281 0.7834974
0.0517815 0.001233165 0.1761912 0.7707941
0.04719966 0.0008339701 0.1785669 0.7733995
0.05709255 0.004836892 0.1564535 0.7816171
0.06009076 3.835026e-05 0.1700006 0.7698703
0.0509494 0.001516222 0.1816098 0.7659246
0.04495818 0.001706631 0.1712372 0.782098
0.05993925 0.001530734 0.1461958 0.7923342
0.05037898 0.0002710218 0.1625207 0.7868293
0.0617002 0.006480451 0.1675287 0.7642907
0.05480486 5.717011e-05 0.1413479 0.80379
0.03657245 0.0006263163 0.1560736 0.8067276
0.05435572 0.005665511 0.1783755 0.7616033
0.04535119 0.0009834832 0.1596558 0.7940095
0.04331625 0.003134089 0.1692659 0.7842837
0.04671596 0.0005589011 0.1753705 0.7773546
0.06862435 0.0008973201 0.1538634 0.776615
0.05551576 0.002505837 0.1687484 0.77323
0.05998991 0.002142843 0.1646502 0.773217
0.05818204 0.001223696 0.1631794 0.7774148
0.04903616 0.001041018 0.1492557 0.8006671
0.04822902 0.001374766 0.1775342 0.772862
0.04652397 0.000877066 0.1698338 0.7827652
0.04428617 0.0001263802 0.1609028 0.7946847
0.06327755 0.001994013 0.1420541 0.7926743
0.061379 0.0006622224 0.1761185 0.7618403
0.04923892 0.0003990905 0.1833569 0.7670051
0.05546732 0.0002585596 0.1372116 0.8070626
0.04644739 0.002047984 0.1862576 0.765247
0.07056848 0.0006717141 0.1734563 0.7553035
0.05325327 0.0006816632 0.1733453 0.7727198
0.04943204 2.000955e-05 0.1645592 0.7859888
0.05439755 0.001536559 0.177325 0.7667408
0.05496697 0.009712565 0.1581822 0.7771382
0.05396741 0.0007719192 0.1610142 0.7842465
0.04420296 0.001383835 0.1532757 0.8011375
0.05373282 0.002111605 0.159531 0.7846246
0.05048302 1.048436e-06 0.1788576 0.7706583
0.05284311 0.002364697 0.1745229 0.7702693
0.04465212 7.055402e-05 0.1738773 0.7814
0.06612773 0.001451556 0.1510065 0.7814142
0.05710814 0.00014138 0.1490879 0.7936626
0.05945001 0.0004758827 0.1573847 0.7826894
0.05761177 0.00053002 0.1963868 0.7454715
0.0513304 0.001048127 0.1770834 0.7705381
0.04156368 0.002652443 0.170135 0.7856489
0.06354399 0.0006452181 0.1666978 0.769113
0.05324366 0.0019512 0.1224543 0.8223508
0.06572436 0.002995425 0.158393 0.7728872
0.05408121 0.006964988 0.1618217 0.7771321
0.04701872 0.001222474 0.1663221 0.7854367
0.06188971 0.001204807 0.1651506 0.7717549
0.05325346 0.0003315156 0.1674455 0.7789695
0.05301441 0.0002754695 0.1588516 0.7878585
0.04596393 0.003508414 0.1902636 0.760264
0.05376734 0.0002905351 0.1755392 0.770403
0.05260528 0.002378628 0.1586237 0.7863924
0.06837786 0.0001570238 0.1624706 0.7689945
0.04087014 0.0005521525 0.1550342 0.8035435
0.06240492 0.0006501752 0.1466848 0.7902601
0.05545461 0.002021509 0.158539 0.7839848
0.03822271 0.002477914 0.1630477 0.7962517
0.05515639 0.004577728 0.1508696 0.7893962
0.04000963 0.002507734 0.1705249 0.7869578
0.04423204 0.002285205 0.1783999 0.7750829
0.04663709 0.001446124 0.166132 0.7857848
0.05443829 0.001561767 0.1486293 0.7953707
0.04836926 0.0005741761 0.1669908 0.7840657
0.04810808 0.002133972 0.1772781 0.7724798
0.04388003 0.004640545 0.157765 0.7937144
0.0614227 0.0007387447 0.137243 0.8005955
0.05431941 0.0008616978 0.1743865 0.7704324
0.06427519 0.0005394537 0.1698904 0.7652949
0.05852256 8.44506e-05 0.1681733 0.7732197
0.05760702 0.001678801 0.1423985 0.7983157
0.05501024 0.001016233 0.1764835 0.7674901
0.05781826 0.003281211 0.1580373 0.7808632
0.05497739 5.533423e-05 0.1528604 0.7921069
0.05692024 0.004475432 0.1636581 0.7749462
0.05794044 0.0001861027 0.1510083 0.7908652
0.04627485 0.00241288 0.1852822 0.7660301
0.04452994 0.003959231 0.1670284 0.7844824
0.06189547 0.002623017 0.1722564 0.7632251
0.04561401 0.004844346 0.1654408 0.7841008
0.06225777 0.01317052 0.1447306 0.7798411
0.04289001 1.177851e-05 0.1665349 0.7905633
0.04963366 0.0004576918 0.163049 0.7868596
0.05314633 0.0004585287 0.1580426 0.7883525
0.0465892 0.0030826 0.1872289 0.7630993
0.04992104 0.003380412 0.1607298 0.7859687
0.05682905 0.002008722 0.1541769 0.7869853
0.04829397 0.004357201 0.1772415 0.7701073
0.05865479 0.001111563 0.1476713 0.7925623
0.04815219 6.678805e-05 0.159707 0.7920741
0.0587373 0.0005615971 0.1522267 0.7884744
0.06022908 0.01638755 0.1520006 0.7713828
0.07228743 0.001444574 0.1677476 0.7585204
0.04400145 0.003154337 0.1794732 0.773371
0.06099034 0.00275813 0.1551871 0.7810644
0.05072137 0.0006998564 0.1818221 0.7667567
0.05336768 0.0001204305 0.178927 0.7675848
0.06195966 0.003623456 0.1530417 0.7813752
0.06742992 0.0008758293 0.1554252 0.776269
0.0516458 1.440184e-05 0.1554717 0.7928681
0.04614053 0.003898928 0.1694434 0.7805172
0.0503133 0.001086099 0.1731829 0.7754177
0.05124349 0.0009904118 0.1577961 0.78997
0.04437435 0.03009824 0.1521412 0.7733863
0.05373464 0.01016592 0.1693256 0.7667738
0.050202 0.0012741 0.1790409 0.769483
0.04662566 0.002692302 0.1826353 0.7680467
0.05442615 0.006421506 0.1645116 0.7746407
0.0477014 0.001572543 0.148019 0.802707
0.06038871 0.0001480677 0.1741178 0.7653454
0.0538705 0.0001985422 0.1504169 0.795514
0.05192342 0.005963371 0.157237 0.7848762
0.05362325 0.002652718 0.1639242 0.7797998
0.05076374 0.00309245 0.1735367 0.7726072
0.04725131 0.001120206 0.1645202 0.7871083
0.05204615 0.003135356 0.1548753 0.7899432
0.04556707 0.0009955841 0.166589 0.7868483
0.05536436 0.001285613 0.1616209 0.7817292
0.0447197 0.004070876 0.1817453 0.7694641
0.05337599 0.0007072293 0.1623139 0.7836029
0.05734281 0.00543483 0.1529735 0.7842489
0.05824487 0.001570207 0.1824811 0.7577038
0.06721534 0.001825325 0.1742176 0.7567417
0.0577993 0.0005728098 0.1657705 0.7758574
0.0572193 0.002698952 0.1625104 0.7775714
0.05032928 2.881051e-05 0.1489717 0.8006702
0.04215862 0.0005167138 0.1604515 0.7968732
0.04383091 0.001229396 0.1745383 0.7804014
0.06621698 0.001514861 0.1706699 0.7615983
0.0575629 0.004327341 0.1652642 0.7728456
0.04688465 3.387567e-05 0.1797885 0.7732929
0.04292792 0.007905301 0.169908 0.7792588
0.05917249 4.325268e-05 0.1527262 0.788058
0.06334798 0.003868316 0.168174 0.7646097
0.0511689 0.00440964 0.1666604 0.777761
0.05082641 0.0002878044 0.1614634 0.7874224
0.06149984 0.002239909 0.1650269 0.7712333
0.07193201 0.0009134069 0.1772333 0.7499213
0.05597687 0.002019504 0.1619701 0.7800335
0.05300709 0.0007196476 0.1600083 0.7862649
0.0602793 8.044241e-05 0.1752914 0.7643489
0.05596475 0.0009307529 0.1785408 0.7645637
0.05999091 0.001877192 0.1669578 0.7711741
0.05917121 0.0008629601 0.1726993 0.7672665
0.0625316 0.0008847534 0.1486196 0.7879641
0.05020785 0.0007386755 0.1683682 0.7806852
0.05068954 0.0007582532 0.1712037 0.7773485
0.05642436 0.0003285455 0.1792661 0.763981
0.04289317 0.001366685 0.1973722 0.758368
0.05247487 0.00154732 0.2038631 0.7421147
0.05065922 0.0006097148 0.1937741 0.754957
0.04490959 0.0001567796 0.1674585 0.7874752
0.04093833 0.0005185915 0.1657069 0.7928362
0.0614462 0.003668494 0.1633149 0.7715704
0.04562637 0.0001665553 0.1741913 0.7800158
0.05791674 0.0006515253 0.1473962 0.7940356
0.04437788 0.001705634 0.1648014 0.7891151
0.05876428 0.0006726565 0.1493778 0.7911852
0.05803607 0.002091854 0.1641298 0.7757423
0.04772198 0.001733534 0.1635127 0.7870318
0.05932823 0.002266961 0.1505982 0.7878066
0.0438946 0.005321278 0.1763103 0.7744738
0.05702064 0.001191598 0.1527914 0.7889964
0.05310682 9.31297e-05 0.1645557 0.7822444
0.07311899 0.002001105 0.1563484 0.7685315
0.04686108 0.001545772 0.156439 0.7951541
0.04864707 0.006283737 0.1502336 0.7948356
0.07192092 6.303289e-05 0.1641872 0.7638288
0.06158748 0.003296224 0.1713325 0.7637838
0.05844745 0.002270643 0.1663433 0.7729386
0.06070943 0.001464305 0.1889043 0.748922
0.04007967 0.005976409 0.1655376 0.7884063
0.04199699 0.001847368 0.1788037 0.777352
0.06718911 0.004510677 0.1704304 0.7578698
0.0562547 0.0005204461 0.1565709 0.786654
0.05061299 0.002400221 0.1635123 0.7834745
0.06012721 0.0002617066 0.158149 0.7814621
0.05932703 0.0006852554 0.171183 0.7688047
0.05744763 8.25842e-05 0.1771765 0.7652933
0.04784644 0.0002996534 0.1616624 0.7901916
0.05799608 0.006534423 0.1704197 0.7650498
0.04831377 0.001382523 0.152845 0.7974587
0.04177966 0.00141492 0.151356 0.8054494
0.05258185 0.001183731 0.1676462 0.7785883
0.05539758 0.008546646 0.1611347 0.774921
0.04781721 0.001554631 0.1512545 0.7993736
0.04902107 0.005206785 0.1427953 0.8029768
0.04367532 0.001489762 0.13807 0.8167649
0.06176229 0.001511595 0.1484493 0.7882768
0.05277807 0.0002352957 0.1699483 0.7770384
0.05041801 0.003231945 0.1561464 0.7902036
0.05344959 0.001978888 0.1523657 0.7922058
0.04084378 0.00102575 0.1684152 0.7897153
0.04558308 2.233984e-05 0.1637186 0.7906759
0.05918756 0.003017019 0.1464006 0.7913948
0.0512826 0.001077879 0.1720265 0.775613
0.05805111 0.003762603 0.1687115 0.7694748
0.04276396 0.004414991 0.1742028 0.7786182
0.0480173 0.002476416 0.1604333 0.789073
0.06285186 0.001775193 0.163502 0.7718709
0.05101283 0.004289685 0.1844887 0.7602088
0.05895403 2.034621e-05 0.1615587 0.779467
0.0565013 0.001343593 0.1776452 0.7645099
0.06135695 0.007610871 0.17949 0.7515422
0.04339137 0.003852772 0.1579627 0.7947931
0.06765971 3.13891e-05 0.1590459 0.773263
0.04560565 0.0006492895 0.1733879 0.7803572
0.06077789 2.743125e-05 0.1682637 0.770931
0.05052819 0.0004896155 0.1726582 0.776324
0.05464503 0.007233839 0.1528794 0.7852417
0.06607523 0.00114317 0.1698639 0.7629177
0.06474353 0.004537767 0.1729674 0.7577513
0.0544544 8.801202e-05 0.1543578 0.7910998
0.05378953 5.596679e-05 0.1629661 0.7831884
0.0486643 0.0005072728 0.1562321 0.7945963
0.04104084 6.585106e-05 0.1758789 0.7830144
0.05499795 0.0007343625 0.181007 0.7632606
0.04355719 0.002457014 0.1685933 0.7853924
0.05530618 0.0006933664 0.1608596 0.7831408
0.06025487 0.0004973835 0.1646393 0.7746084
0.05255647 3.143885e-05 0.1540754 0.7933367
0.05291315 0.0003679524 0.1786924 0.7680265
0.05460243 0.0001271084 0.1616757 0.7835948
0.04753618 0.0005377346 0.1579735 0.7939526
0.04406508 0.02134886 0.1532997 0.7812864
0.03992931 0.003336414 0.1559305 0.8008038
0.05049824 0.001906964 0.156676 0.7909188
0.04110009 0.002084788 0.1688869 0.7879282
0.05005618 0.003092579 0.1729617 0.7738895
0.0559835 0.001055378 0.1861365 0.7568246
0.0566753 0.002500479 0.1617678 0.7790564
0.05036842 0.003731105 0.1381719 0.8077286
0.05615708 0.001034396 0.1584229 0.7843857
0.05196491 1.46412e-05 0.1632914 0.784729
0.04222774 0.0001827223 0.1737214 0.7838681
0.06060838 0.002051263 0.1531987 0.7841417
0.0575533 0.01016188 0.1751612 0.7571236
0.05348617 0.001708797 0.1708972 0.7739078
0.05205174 0.02838487 0.1369091 0.7826543
0.06181005 0.00155417 0.1629501 0.7736856
0.05586645 0.002183313 0.1840143 0.757936
0.04927245 0.002093653 0.1734185 0.7752154
0.05226077 0.0005732937 0.1767375 0.7704284
0.05398922 0.00233881 0.1426407 0.8010313
0.04925304 0.0002183836 0.1857303 0.7647983
0.0511626 0.0001481553 0.1665278 0.7821615
0.04739501 0.0003958735 0.1669604 0.7852487
0.04786909 0.000177184 0.1812298 0.770724
0.06054152 0.001733207 0.1572011 0.7805242
0.06484332 0.0005944686 0.1682714 0.7662908
0.04149068 0.0003790763 0.1848973 0.7732329
0.05394805 0.001468498 0.1582291 0.7863544
0.05066419 0.0001329693 0.1588828 0.79032
0.06916289 0.001482456 0.168059 0.7612957
0.05703482 0.001870859 0.1637325 0.7773618
0.04816093 0.002153966 0.1708457 0.7788394
0.04061639 0.004264347 0.1854877 0.7696315
0.06559637 0.0009562051 0.1805163 0.7529311
0.04956686 0.0003728838 0.155104 0.7949562
0.05871885 0.009748417 0.15291 0.7786227
0.06249427 0.0002154429 0.153988 0.7833023
0.05577305 0.009167979 0.1575899 0.7774691
0.06523488 2.745204e-05 0.1579336 0.776804
0.0576062 0.001510386 0.1515312 0.7893523
0.05332385 0.0003696392 0.1507997 0.7955068
0.06027149 0.001578038 0.1622188 0.7759317
0.04451497 0.002543736 0.1956502 0.7572911
0.0503212 0.00281688 0.1525499 0.794312
0.04688755 0.002068809 0.1658623 0.7851813
0.05812244 0.002264744 0.1545105 0.7851023
0.06325262 0.0003751288 0.1736091 0.7627631
0.04575087 0.0005796092 0.1625129 0.7911566
0.06652293 0.0008055992 0.1713007 0.7613708
0.0555397 0.00547705 0.1663489 0.7726344
0.05486188 0.001753352 0.1788649 0.7645199
0.05298343 0.001508629 0.1890862 0.7564218
0.0474803 0.00117669 0.1700656 0.7812774
0.05571418 9.608525e-05 0.1610946 0.7830951
0.06199101 0.00469263 0.1651436 0.7681728
0.05989072 0.003528593 0.1630261 0.7735546
0.05359312 0.002101967 0.1715608 0.7727441
0.06665874 0.001223543 0.1650239 0.7670939
0.05868198 0.0001798443 0.1663576 0.7747806
0.05411239 0.0006067786 0.1573134 0.7879674
0.06035318 0.001342638 0.1756541 0.76265
0.05420931 0.0005594733 0.1515575 0.7936738
0.04932129 0.008439089 0.1557863 0.7864533
0.04510673 0.0001526634 0.1590228 0.7957178
0.056477 0.003408988 0.146176 0.793938
0.05806962 0.002283652 0.1693634 0.7702833
0.04101592 0.0007617773 0.1790502 0.7791721
0.05822258 2.449235e-05 0.1611563 0.7805966
0.03995837 0.001493559 0.157976 0.8005721
0.05400553 0.0006178421 0.1670045 0.7783721
0.05729944 0.0006324572 0.1757438 0.7663244
0.04146176 0.002409407 0.1497616 0.8063672
0.05177317 0.0002983797 0.1803159 0.7676126
0.04639952 0.006582582 0.1597023 0.7873156
0.04663877 0.0002229675 0.1479754 0.8051629
0.05427849 0.0001320137 0.1571847 0.7884048
0.04082517 0.01070277 0.1624964 0.7859756
0.04806401 0.00249238 0.1652718 0.7841718
0.06156808 0.0002419434 0.1606264 0.7775636
0.05608522 0.002222132 0.1661562 0.7755365
0.04987987 0.0006606111 0.1628724 0.7865871
0.04783769 0.001725897 0.1709648 0.7794716
0.05705616 0.002682427 0.1668878 0.7733736
0.0594955 8.535997e-05 0.1587183 0.7817008
0.0490164 0.01058475 0.1486638 0.791735
0.06494043 0.0005327044 0.1716669 0.76286
0.06241057 0.0003113678 0.1723908 0.7648873
0.05663703 0.003585143 0.1477156 0.7920623
0.04631686 7.607127e-05 0.1777803 0.7758267
0.0659156 0.001911709 0.1513847 0.780788
0.04278923 0.003428354 0.1743893 0.7793931
0.04829485 0.0005054249 0.1660138 0.7851859
0.04131937 0.0008974789 0.168916 0.7888672
0.04927635 0.0005221567 0.1646653 0.7855362
0.04063959 0.0001002383 0.1739641 0.7852961
0.06655337 0.007655386 0.1479472 0.777844
0.05046734 8.429339e-05 0.1715785 0.7778698
0.05209895 0.0005997153 0.1477453 0.799556
0.04450411 0.01293143 0.1630782 0.7794862
0.04879196 0.001999317 0.1771794 0.7720293
0.06344014 1.305574e-06 0.1764751 0.7600835
0.05522428 0.001186219 0.1588185 0.784771
0.06070877 0.004526808 0.159771 0.7749935
0.05481253 0.002203468 0.1363456 0.8066384
0.04992088 0.0001029182 0.1518942 0.798082
0.05816193 0.001283672 0.1582166 0.7823378
0.05667843 0.001861623 0.156508 0.784952
0.06976811 0.0002503525 0.154096 0.7758855
0.06034298 0.004476781 0.163479 0.7717012
0.04503674 0.0007038163 0.1625347 0.7917247
0.04495858 0.001163521 0.1967624 0.7571155
0.05483795 0.003365795 0.1774503 0.7643459
0.05058741 0.01818925 0.1482505 0.7829728
0.04718799 0.007972073 0.1764889 0.768351
0.04480094 0.001854495 0.1667046 0.7866399
0.04809553 0.001655349 0.1571997 0.7930494
0.06088904 0.0007870109 0.1587263 0.7795976
0.06735318 0.0003367977 0.1618774 0.7704326
0.05674691 0.006245362 0.143871 0.7931367
0.05729573 0.06680114 0.09523772 0.7806654
0.05530425 0.04644695 0.1147487 0.7835001
0.05708349 0.006094915 0.1690842 0.7677374
0.06293347 0.0004915492 0.1742923 0.7622827
0.05521114 0.0009168038 0.1547709 0.7891012
0.06603583 0.00666051 0.1482428 0.7790608
0.05284113 0.0009458433 0.1636911 0.7825219
0.05182588 0.002174792 0.1702353 0.775764
0.06020614 0.002965851 0.1723574 0.7644706
0.05426841 0.0003412493 0.1838626 0.7615278
0.05164169 0.01019054 0.1539958 0.7841719
0.04574212 0.001607164 0.1638984 0.7887523
0.05923113 0.01907988 0.1288646 0.7928243
0.06541882 0.01803995 0.1438037 0.7727376
0.05817464 0.0004033121 0.1551895 0.7862326
0.05385417 3.465329e-05 0.1807975 0.7653137
0.06136157 5.180289e-05 0.1735541 0.7650326
0.05504169 0.007330069 0.1755331 0.7620952
0.05181331 0.01484842 0.1527715 0.7805668
0.05263513 0.02292428 0.1476557 0.7767849
0.05124255 0.03071972 0.1370602 0.7809775
0.05831062 0.02035684 0.1407156 0.7806169
0.06907224 0.003271295 0.1626644 0.764992
0.04458688 0.003234178 0.1567787 0.7954003
0.05299893 0.0003536722 0.1611726 0.7854748
0.05490032 0.003775623 0.1730345 0.7682896
0.06311992 0.001115664 0.1797914 0.755973
0.05750437 0.004297001 0.182853 0.7553456
0.05395779 0.01124677 0.1653961 0.7693993
0.04554545 0.004263963 0.1641906 0.786
0.0579697 0.001503063 0.1801724 0.7603549
0.04938338 0.0001111755 0.1708765 0.779629
0.05174693 0.00458562 0.1516981 0.7919693
0.05653821 0.003227938 0.1622992 0.7779347
0.05101987 0.001780297 0.1564621 0.7907377
0.05292454 0.003424418 0.1435769 0.8000741
0.063084 0.004901864 0.1724296 0.7595845
0.04996062 0.004439292 0.1491446 0.7964555
0.05935581 0.001159073 0.176585 0.7629002
0.04756771 0.0007199181 0.1390839 0.8126285
0.05181123 0.0003664819 0.1653931 0.7824292
0.06521921 0.001793858 0.1656171 0.7673699
0.06206343 0.0001303945 0.1514108 0.7863954
0.06705885 0.001275779 0.1461602 0.7855052
0.04943621 0.004209234 0.1664685 0.7798861
0.04670498 0.004670025 0.172818 0.775807
0.06081675 0.0001608488 0.1762133 0.7628091
0.05626542 0.002001048 0.1693855 0.772348
0.05329712 0.0006031846 0.1847455 0.7613542
0.06854531 0.002929618 0.1551491 0.7733759
0.06544687 0.001271186 0.1563878 0.7768942
0.06006915 0.002706146 0.174244 0.7629807
0.06273896 0.0002514873 0.1652513 0.7717583
0.05953615 0.003395707 0.1780336 0.7590346
0.0511286 0.001138128 0.1691192 0.7786141
0.06072525 0.0006025549 0.1572974 0.7813748
0.05778577 0.0004213522 0.1601274 0.7816655
0.04938597 0.0012004 0.1620744 0.7873392
0.05281952 0.003685668 0.1695749 0.7739199
0.05049269 0.0006392081 0.1565171 0.792351
0.05137228 0.0003160774 0.1674389 0.7808727
0.03604088 0.0005952973 0.1781833 0.7851806
0.05565063 0.003202978 0.1787249 0.7624215
0.05360249 0.0006318657 0.1524257 0.79334
0.04597726 0.0007568272 0.1575311 0.7957348
0.05658332 0.001738951 0.1749878 0.7666899
0.05657487 0.003335759 0.1621732 0.7779162
0.0637123 0.001724693 0.1560121 0.7785509
0.05592141 0.0005328219 0.16176 0.7817858
0.04970468 0.0001386648 0.1579236 0.7922331
0.04786014 0.0003079777 0.1654075 0.7864243
0.05653456 0.000297406 0.1598652 0.7833028
0.05415902 0.0006058715 0.1453276 0.7999076
0.05165988 0.0003834863 0.1686005 0.7793562
0.0620462 0.00597521 0.157755 0.7742236
0.04195973 0.001690994 0.1645054 0.7918439
0.04215865 9.571098e-05 0.1799861 0.7777596
0.07024436 0.001062028 0.1536258 0.7750678
0.05207275 0.0005781545 0.180515 0.7668341
0.04130304 0.0007377671 0.1786394 0.7793198
0.05914048 0.0001630677 0.1505221 0.7901743
0.0594044 0.0005000078 0.1831305 0.7569651
0.0468142 0.001041554 0.1464289 0.8057154
0.06870332 0.001761808 0.1532192 0.7763156
0.05167884 3.668059e-05 0.1674286 0.7808559
0.05283031 0.0002747597 0.1989036 0.7479913
0.06485006 0.002093618 0.1685929 0.7644634
0.0613188 0.002416133 0.159413 0.776852
0.05108027 0.001421492 0.1581339 0.7893643
0.05746204 0.001837992 0.1695319 0.7711681
0.06496142 0.0008621806 0.1747753 0.7594011
0.05811004 0.001370101 0.1763063 0.7642136
0.04130683 0.002888718 0.1787836 0.7770209
0.05083322 0.003450508 0.1733951 0.7723212
0.05952806 0.000376964 0.1741108 0.7659841
0.06186299 0.0005224498 0.1630198 0.7745948
0.04845236 0.002103681 0.1532235 0.7962204
0.05237416 0.0003110892 0.1599614 0.7873533
0.05463638 0.002176839 0.1487311 0.7944556
0.05680308 0.0002724419 0.1600075 0.782917
0.05854523 0.0005601351 0.1573364 0.7835582
0.05860446 0.01716994 0.1479644 0.7762612
0.05024727 0.008730045 0.1501088 0.7909139
0.06854868 0.002552505 0.1615021 0.7673967
0.05659832 0.001641327 0.1743384 0.767422
0.06461091 0.003207623 0.1679255 0.764256
0.03768556 0.004133534 0.1544069 0.803774
0.05119895 0.0007540789 0.1495975 0.7984495
0.05970925 0.0005821939 0.1659241 0.7737844
0.05644729 0.001091764 0.1421002 0.8003608
0.05502081 0.006048703 0.172833 0.7660975
0.0633232 0.001095988 0.1709321 0.7646488
0.04278461 0.001482681 0.1629993 0.7927334
0.0440283 0.001841534 0.1708846 0.7832456
0.05789101 0.001665437 0.16827 0.7721735
0.04687451 0.0001589617 0.1690313 0.7839352
0.06547349 0.003274948 0.1713149 0.7599366
0.05699441 0.001677251 0.1521159 0.7892124
0.05211966 0.006087504 0.1673539 0.774439
0.055326 0.0001491377 0.169768 0.7747569
0.05083936 0.01581362 0.1628779 0.7704692
0.0502143 0.002998258 0.1772225 0.7695649
0.04778876 0.003123544 0.1577901 0.7912976
0.05188076 0.0007193515 0.1752604 0.7721395
0.05255779 0.002001407 0.1544775 0.7909633
0.04810866 0.0006353233 0.1612285 0.7900275
0.05036326 0.0001627254 0.1663418 0.7831322
0.05137239 0.001356788 0.1704453 0.7768255
0.05056282 0.006838638 0.1456488 0.7969497
0.05289931 0.00267408 0.1638614 0.7805652
0.056876 0.002229093 0.161948 0.7789469
0.05552413 0.005147393 0.1486369 0.7906916
0.07136177 0.0008888528 0.1672007 0.7605487
0.05805541 0.001251321 0.1394556 0.8012376
0.0504939 0.0006861152 0.177234 0.771586
0.06228661 0.0005568466 0.1719956 0.765161
0.04369742 0.001001402 0.1706464 0.7846548
0.05563494 0.001768393 0.1567935 0.7858031
0.04570921 0.002784957 0.1549712 0.7965346
0.05448741 0.001821421 0.1717827 0.7719085
0.06209513 0.003501922 0.1654687 0.7689343
0.04801726 0.006775245 0.1594423 0.7857652
0.05024632 0.0008536698 0.196 0.7529
0.06718231 0.002154581 0.1629689 0.7676943
0.05813766 0.0006076156 0.1767122 0.7645426
0.05752781 0.0003355678 0.1728312 0.7693054
0.05706505 0.0009757923 0.1624819 0.7794773
0.04322913 0.006285161 0.1613755 0.7891102
0.06478651 0.003729628 0.1388352 0.7926487
0.05533738 0.001347086 0.16084 0.7824756
0.0502435 0.001337098 0.1633157 0.7851037
0.06048975 0.000586077 0.1656719 0.7732523
0.0490022 0.0005748215 0.1809161 0.7695069
0.05677022 0.004582364 0.1403483 0.7982991
0.05558045 0.0009051125 0.1701352 0.7733792
0.05643873 0.01592328 0.137106 0.790532
0.05187047 0.004596438 0.161661 0.7818721
0.06277599 0.001517369 0.1747162 0.7609904
0.06127011 0.000541915 0.1723425 0.7658455
0.05023397 0.0005101148 0.1737314 0.7755245
0.05750017 0.006261985 0.1773643 0.7588735
0.06563469 0.004169629 0.1601567 0.770039
0.0464865 0.001192587 0.1668589 0.785462
0.0462732 0.00243973 0.1608491 0.790438
0.05761216 0.0005695214 0.1422183 0.7996001
0.05081173 0.003535505 0.1727947 0.7728581
0.0545911 0.0005003483 0.1691567 0.7757519
0.03920028 0.002481699 0.169396 0.788922
0.06145973 0.001782377 0.1761416 0.7606163
0.0493495 0.002274859 0.1577944 0.7905812
0.05028226 0.00116785 0.1681065 0.7804434
0.05542011 0.0005333652 0.1469995 0.797047
0.05122584 0.001070782 0.1814464 0.766257
0.0584638 0.001168853 0.1513484 0.789019
0.04640595 0.004327069 0.1723317 0.7769353
0.06107085 0.004910958 0.1769642 0.757054
0.05105999 5.049539e-05 0.1666951 0.7821944
0.06567929 0.00257688 0.1527942 0.7789496
0.04703271 0.002585505 0.1743313 0.7760505
0.0480087 6.902541e-05 0.1560835 0.7958388
0.0540161 0.0007387144 0.1707142 0.774531
0.06120636 0.001378024 0.1574136 0.780002
0.05969206 4.363472e-05 0.1625169 0.7777474
0.06188294 0.003213524 0.1703346 0.7645689
0.04770797 0.000585403 0.1765059 0.7752007
0.04554211 0.001362033 0.1606808 0.7924151
0.05340143 0.006072044 0.1502023 0.7903242
0.051382 6.096372e-05 0.1636136 0.7849434
0.05454057 0.001457311 0.1614161 0.7825861
0.0529846 0.0004201134 0.1702182 0.7763771
0.05644972 0.0002098097 0.1598951 0.7834453
0.05200482 0.0006853063 0.1577042 0.7896057
0.05543226 0.002418983 0.1449743 0.7971744
0.05154965 0.003873832 0.1587035 0.785873
0.05581268 0.003438108 0.1476591 0.7930901
0.05487621 0.006504195 0.1486297 0.7899899
0.04818179 0.0002461253 0.166663 0.784909
0.04267951 0.001717902 0.1519846 0.803618
0.04982815 0.000167629 0.1888048 0.7611994
0.05856023 0.000832227 0.2029505 0.737657
0.0602808 0.00360924 0.1491826 0.7869274
0.04489254 0.007243083 0.1710794 0.776785
0.0528273 0.004554397 0.1679815 0.7746368
0.05966391 0.0001586669 0.1529141 0.7872633
0.04905584 2.464705e-05 0.1683389 0.7825806
0.0468293 0.0002750723 0.1795663 0.7733294
0.05584343 0.000546364 0.1567612 0.786849
0.05454233 0.001757716 0.159601 0.7840989
0.04937976 0.002328149 0.1640946 0.7841975
0.04437897 0.003181058 0.147471 0.804969
0.05368452 0.004956025 0.1768802 0.7644792
0.05940059 8.951654e-05 0.1766053 0.7639046
0.05011687 7.083104e-06 0.166149 0.7837271
0.04990805 0.002399882 0.1516489 0.7960432
0.04661432 0.006557831 0.1592877 0.7875402
0.05667363 0.001414008 0.1645624 0.7773499
0.06176901 0.00381008 0.165979 0.7684419
0.0580259 0.001138292 0.1618574 0.7789784
0.05117127 0.008083284 0.1585887 0.7821567
0.05290646 0.000305134 0.1901296 0.7566588
0.06204684 0.003104713 0.1646117 0.7702368
0.04743587 0.0001061862 0.1680133 0.7844447
0.04655264 0.0001567819 0.1607124 0.7925782
0.05713905 0.00226248 0.1682131 0.7723854
0.04203837 0.001164956 0.1562719 0.8005248
0.0545427 0.004394467 0.1375334 0.8035294
0.05977251 0.001094074 0.1652393 0.7738942
0.05005387 0.0006850188 0.1738898 0.7753713
0.05426153 0.003079881 0.161485 0.7811736
0.05652351 0.0009801164 0.1822372 0.7602592
0.0662938 0.0003809368 0.147647 0.7856783
0.04905086 0.002444878 0.1507155 0.7977888
0.04954079 0.0005430564 0.1841012 0.7658149
0.05605358 0.0007038113 0.1686617 0.7745809
0.0524674 0.0001471858 0.1697679 0.7776175
0.06395994 0.0006263844 0.1606555 0.7747582
0.07061779 0.0001783088 0.1683455 0.7608585
0.05126388 0.002663018 0.1590182 0.7870549
0.04735891 0.0002374207 0.176749 0.7756547
0.04839096 0.001869056 0.162425 0.7873149
0.06102956 0.0001573449 0.1822565 0.7565565
0.04725299 0.002146209 0.1710412 0.7795596
0.06082736 0.0006974342 0.1431032 0.795372
0.04926776 0.001009296 0.1476651 0.8020579
0.05890034 0.006830744 0.156474 0.7777949
0.04736531 0.001804636 0.1644259 0.7864041
0.04938485 0.00353678 0.1462624 0.800816
0.04734532 0.0005208025 0.1691054 0.7830284
0.05674742 0.0007367768 0.1530532 0.7894626
0.05313656 0.001376479 0.1450574 0.8004295
0.06375327 0.0006564411 0.1685724 0.7670179
0.06001638 0.005694792 0.1347404 0.7995484
0.04722768 0.001453459 0.1622284 0.7890905
0.05823266 0.003025018 0.1636071 0.7751353
0.0518032 0.003180493 0.1440457 0.8009706
0.04261815 0.001209183 0.1474547 0.8087179
0.05610876 0.0003841512 0.1668676 0.7766395
0.05623124 0.0007168636 0.1491113 0.7939406
0.04407442 0.0003493078 0.1700518 0.7855245
0.05461326 0.001266845 0.1604555 0.7836644
0.06569275 0.0008666706 0.1695309 0.7639096
0.05977301 0.002699453 0.1559851 0.7815424
0.04815713 0.0002508838 0.1697575 0.7818345
0.04692983 0.0004956316 0.1722592 0.7803153
0.05841807 0.002874129 0.1681679 0.7705399
0.06019132 0.001928598 0.1647454 0.7731347
0.05323191 0.0008765905 0.1664707 0.7794208
0.05546014 0.0006034773 0.1527524 0.7911839
0.05740235 0.0004079739 0.1651975 0.7769922
0.06323858 0.002098399 0.1788128 0.7558502
0.05019664 1.270112e-05 0.1793003 0.7704903
0.06519493 0.000382829 0.1414402 0.7929821
0.06013836 0.0009290087 0.1660863 0.7728463
0.0555526 0.007944808 0.1508887 0.7856139
0.06277886 0.002955733 0.1677355 0.7665299
0.05484134 0.0002776002 0.1693654 0.7755156
0.04959015 0.000266354 0.1610131 0.7891304
0.05957389 0.00127616 0.1687169 0.770433
0.05877807 0.0001754502 0.1933757 0.7476708
0.04510978 0.002208344 0.1702089 0.782473
0.04740646 0.0009577133 0.1676253 0.7840105
0.05554373 0.001665639 0.1598499 0.7829407
0.04520996 0.004218821 0.1842089 0.7663624
0.05812386 0.004093825 0.1890828 0.7486995
0.03551893 0.0005997162 0.1608609 0.8030204
