p_1 p_2 p_3 p_4 
0.02250351 0.1494192 0.7910215 0.03705573 
0.0163796 0.103237 0.8127951 0.06758827 
0.00180345 0.1117051 0.7671758 0.1193156 
0.01135962 0.08909811 0.7232157 0.1763266 
0.1125842 0.09408656 0.79136 0.001969262 
0.0789773 0.1494304 0.7684295 0.003162809 
0.09074786 0.1623838 0.7344063 0.01246202 
0.03529354 0.1069779 0.8507023 0.007026274 
0.04887152 0.2153442 0.7328374 0.002946917 
0.03625398 0.1440929 0.7932909 0.02636225 
0.04620244 0.08796499 0.8552122 0.01062034 
0.0477133 0.113622 0.8381433 0.0005214392 
0.05923075 0.0841952 0.8321047 0.02446935 
0.05198975 0.1149147 0.7914052 0.04169033 
0.03492164 0.08956773 0.8499956 0.02551499 
0.06133464 0.07898903 0.7824692 0.07720713 
0.004126787 0.1477451 0.7839804 0.0641477 
0.01865843 0.0490128 0.8770466 0.0552822 
0.006337826 0.1102006 0.822657 0.06080453 
0.02311475 0.140538 0.7801952 0.05615208 
0.01522781 0.1536303 0.7711211 0.06002076 
0.03403475 0.1709293 0.7945502 0.0004857414 
0.04975732 0.1288186 0.7534968 0.06792728 
0.08317108 0.1626494 0.7477106 0.006468876 
0.09540907 0.1319012 0.7536517 0.01903802 
0.0564569 0.1628596 0.7689347 0.01174885 
0.04492138 0.1785995 0.7707281 0.005750997 
0.06905535 0.1487341 0.7732164 0.008994176 
0.07166021 0.111618 0.7997466 0.01697519 
0.04164342 0.1231692 0.8285355 0.006651864 
0.04588841 0.1805483 0.7705692 0.002994125 
0.003291934 0.1650581 0.7825624 0.04908755 
0.03235665 0.1952269 0.7308887 0.04152771 
0.01681895 0.1437135 0.6993132 0.1401544 
0.04333011 0.0580734 0.7835519 0.1150446 
0.01521998 0.2118991 0.7238347 0.04904623 
0.0008336746 0.1895711 0.6974835 0.1121117 
0.01502676 0.07304199 0.8271067 0.08482452 
0.02532697 0.1380839 0.7398201 0.09676905 
0.04041745 0.03220744 0.8366289 0.09074621 
0.03966397 0.0990115 0.8095284 0.05179612 
0.02409161 0.1458472 0.7662451 0.0638161 
0.01609578 0.08971747 0.8079618 0.08622494 
0.02205118 0.09812701 0.8388451 0.04097668 
0.03780284 0.1493931 0.7698868 0.04291727 
0.03096677 0.11586 0.8262943 0.02687896 
0.05575224 0.08647643 0.7799845 0.07778681 
0.04242364 0.09165673 0.8085192 0.05740041 
0.005531089 0.19127 0.7465366 0.05666226 
0.01927626 0.1171973 0.7513792 0.1121473 
0.02529803 0.1325852 0.7882169 0.05389984 
0.009629898 0.1923862 0.765801 0.0321829 
0.001009164 0.2052648 0.7654814 0.02824471 
0.0001378669 0.1963164 0.7497973 0.05374842 
0.06317446 0.1692259 0.7209736 0.04662607 
0.01660407 0.1496022 0.7550223 0.07877136 
0.01671938 0.1145575 0.8029289 0.06579428 
0.001035729 0.1243544 0.8191149 0.05549505 
0.0221244 0.1274052 0.7752754 0.07519498 
0.004422832 0.07950348 0.8347116 0.08136207 
0.00547685 0.1138459 0.8368892 0.04378799 
0.09102201 0.09759393 0.7713672 0.04001689 
0.0529555 0.1416342 0.7866364 0.01877382 
0.05327156 0.1554463 0.7625342 0.02874786 
0.05552009 0.2005794 0.7328646 0.01103591 
0.05793267 0.1239151 0.8158978 0.002254422 
0.04896028 0.1078435 0.81723 0.02596623 
0.0325341 0.09052202 0.8314806 0.04546326 
0.1166562 0.06713441 0.7794349 0.03677447 
0.06600505 0.1671694 0.7605951 0.006230491 
0.01666888 0.1690212 0.7671768 0.04713317 
0.00694337 0.1788314 0.7635531 0.05067216 
0.005943032 0.1130205 0.8475577 0.03347885 
0.004799736 0.1214938 0.8129388 0.0607677 
0.05671773 0.1257562 0.7890984 0.02842767 
0.04158459 0.1490719 0.7675263 0.04181722 
0.003511717 0.1714271 0.7669103 0.05815089 
0.08245968 0.1212706 0.7674835 0.02878624 
0.02425602 0.1858753 0.7715545 0.01831411 
0.006299215 0.1146386 0.8260965 0.05296568 
0.04596602 0.2224009 0.7027419 0.02889123 
0.009944955 0.08989469 0.7765515 0.1236089 
0.009868006 0.1392147 0.7400115 0.1109057 
0.04523892 0.1237345 0.7809036 0.05012295 
0.1031086 0.1375637 0.7352527 0.02407502 
0.08677732 0.0919561 0.7970962 0.02417042 
0.06034501 0.1035732 0.8273985 0.008683263 
0.03017306 0.1403213 0.8289214 0.0005842358 
0.05918022 0.1344781 0.797397 0.008944679 
0.01052524 0.1202605 0.7758204 0.09339387 
0.09330692 0.1248984 0.7715264 0.01026824 
0.003933094 0.09602751 0.8521519 0.04788749 
0.007858579 0.1748119 0.6759463 0.1413832 
0.001764709 0.1293936 0.7740532 0.09478851 
0.01229198 0.1615676 0.7735137 0.05262671 
0.003167053 0.1308845 0.8356002 0.03034826 
0.0003458918 0.1104365 0.8802921 0.008925566 
0.01762613 0.1497293 0.7839616 0.04868291 
0.07497816 0.1251078 0.7615419 0.03837214 
0.007953617 0.1013161 0.7000724 0.1906579 
0.005584546 0.178558 0.7738735 0.04198389 
0.02753994 0.1546547 0.7746366 0.04316881 
0.02768188 0.09600669 0.8625479 0.01376353 
0.01100045 0.1611626 0.7199201 0.1079168 
0.004878193 0.1163855 0.8185595 0.0601768 
0.0156572 0.1938989 0.6551024 0.1353416 
0.01632694 0.09997502 0.7295026 0.1541954 
0.01004306 0.1526418 0.7891005 0.04821467 
0.006931738 0.1307367 0.8160818 0.04624977 
0.01614937 0.1298347 0.7844475 0.06956839 
0.01507136 0.1118109 0.7739845 0.09913321 
0.04487498 0.2195044 0.7067018 0.02891889 
0.02948045 0.09830324 0.8088842 0.06333209 
0.01965362 0.1271815 0.803787 0.04937792 
0.01958031 0.1369345 0.7834351 0.06005002 
0.01424927 0.1329097 0.8005453 0.05229569 
0.01466344 0.1387321 0.7513967 0.09520776 
0.0006652615 0.1559264 0.7784241 0.0649842 
0.004864583 0.1605418 0.7976995 0.03689408 
0.008585485 0.1393109 0.7620152 0.09008843 
0.1201357 0.0995412 0.7742226 0.006100471 
0.1624997 0.090785 0.7368997 0.009815554 
0.08909907 0.09605671 0.800654 0.01419024 
0.03135986 0.1134905 0.8254196 0.02972997 
0.02598114 0.1549705 0.7431723 0.07587604 
0.1009962 0.07804284 0.8010201 0.0199409 
0.09047929 0.1181487 0.7766831 0.01468895 
0.04474465 0.1101951 0.8396138 0.005446377 
0.07078996 0.1024094 0.7537897 0.07301095 
0.05077832 0.1552347 0.7851852 0.008801772 
0.04378195 0.1195247 0.7899632 0.04673014 
0.02087436 0.1659888 0.7911673 0.02196951 
0.05861679 0.08582983 0.8507311 0.00482229 
0.0231357 0.1453434 0.8027622 0.02875869 
0.01733435 0.1263994 0.77222 0.08404623 
0.007160909 0.1576728 0.7286744 0.1064919 
0.005946108 0.1695676 0.7702028 0.05428351 
0.03121854 0.1413305 0.7232585 0.1041924 
0.0770258 0.07123823 0.7615354 0.09020053 
0.04898469 0.1109732 0.7623535 0.07768857 
0.02616212 0.1853832 0.7374806 0.05097409 
0.02609455 0.1404277 0.7958316 0.0376461 
0.00826073 0.1522794 0.8034089 0.03605104 
0.03094763 0.150017 0.8004455 0.01858989 
0.02427786 0.1118188 0.7964791 0.06742422 
0.02116875 0.1507186 0.7802258 0.04788694 
0.07402687 0.08402453 0.7581945 0.08375411 
0.07533553 0.1267545 0.7731158 0.02479425 
0.03038255 0.0133756 0.831267 0.1249748 
0.0388188 0.03495967 0.7357245 0.1904971 
0.064993 0.008973251 0.8025231 0.1235107 
0.02492203 0.004304542 0.8292512 0.1415223 
0.06337651 0.007891339 0.8106465 0.1180856 
0.05962912 0.001061861 0.7600499 0.1792592 
0.05636867 0.009777064 0.7949452 0.1389091 
0.02389581 0.01549931 0.8707358 0.08986908 
0.04859475 0.009539808 0.7468611 0.1950044 
0.0539446 0.006740093 0.7610886 0.1782267 
0.04067983 0.03377641 0.772166 0.1533778 
0.06127197 0.1021624 0.825511 0.01105468 
0.00472596 0.1594003 0.7900275 0.04584622 
0.1391241 0.04826276 0.7060708 0.1065424 
0.08591021 0.02895243 0.8354088 0.04972856 
0.1532999 0.02279331 0.7969628 0.02694396 
0.1511524 0.003106494 0.7241388 0.1216023 
0.1361765 0.001776416 0.7426156 0.1194315 
0.1523345 0.00179598 0.8166273 0.02924222 
0.1458225 0.02087356 0.7217593 0.1115447 
0.09231951 0.01832351 0.8141264 0.07523056 
0.1131319 0.02545119 0.7809501 0.08046686 
0.1052101 0.01050127 0.8296271 0.05466148 
0.06015226 0.0868782 0.802422 0.05054758 
0.009236576 0.09714664 0.8619799 0.03163688 
0.04727262 0.09054155 0.7771262 0.08505966 
0.004988099 0.1169186 0.8075028 0.07059057 
0.02318518 0.1754426 0.7648407 0.03653146 
0.04833383 0.1228727 0.8141569 0.01463663 
0.06225012 0.1409001 0.7963999 0.0004497952 
0.06686258 0.1328435 0.7560786 0.04421533 
0.07760067 0.1339876 0.7786783 0.009733519 
0.0345556 0.1155744 0.8381525 0.01171755 
0.05399973 0.06185881 0.8683159 0.0158256 
0.04275269 0.1072814 0.841012 0.008953963 
0.01047587 0.09009464 0.8026954 0.09673411 
0.01087839 0.08006434 0.8357423 0.07331501 
0.002655345 0.1127592 0.8096316 0.07495385 
0.007426724 0.1075295 0.7356532 0.1493906 
0.001780366 0.1456224 0.7782084 0.07438884 
0.01801447 0.2053502 0.689398 0.08723737 
0.0004568394 0.1388458 0.798481 0.06221634 
0.09537285 0.120141 0.6714551 0.113031 
0.01843265 0.1361663 0.8139008 0.03150022 
0.0008820038 0.159984 0.7600727 0.07906124 
0.02114839 0.1366816 0.8238774 0.01829259 
0.07730088 0.1388908 0.7713343 0.01247399 
0.04433212 0.1189009 0.8230046 0.01376232 
0.08465876 0.1358424 0.7380201 0.04147872 
0.05304192 0.1417656 0.8023908 0.002801734 
0.04523087 0.1411921 0.7924956 0.02108145 
0.02335201 0.1420314 0.8320469 0.002569631 
0.08348963 0.124274 0.7673932 0.0248432 
0.0308142 0.1851752 0.7827424 0.00126818 
0.09581304 0.1181095 0.7766233 0.009454132 
0.02177383 0.1558307 0.8200405 0.002354978 
0.0787673 0.1486639 0.7518553 0.02071347 
0.06193652 0.1231952 0.7832674 0.03160088 
0.1014162 0.1222737 0.7669768 0.009333329 
0.05237958 0.1529666 0.7803223 0.01433145 
0.1199073 0.09027106 0.7871674 0.002654243 
0.07323607 0.08280529 0.8213556 0.02260305 
0.04266492 0.116397 0.8364071 0.004530892 
0.01190305 0.1932089 0.785663 0.009225066 
0.05715501 0.1162883 0.8215724 0.004984289 
0.06473745 0.1177758 0.8072298 0.01025703 
0.05223033 0.1716925 0.7274065 0.04867064 
0.1127108 0.1199314 0.7493301 0.01802769 
0.08870227 0.1397228 0.7306227 0.04095222 
0.1283746 0.210636 0.6607732 0.0002162443 
0.008193057 0.1006461 0.8498243 0.04133661 
0.008769075 0.1567328 0.7973965 0.03710158 
0.05894964 0.1411119 0.7473081 0.05263033 
0.002557355 0.1249207 0.7978424 0.07467955 
0.03875701 0.1259973 0.7384407 0.09680504 
0.04565498 0.1720894 0.6992549 0.0830008 
0.004573933 0.097256 0.8186265 0.07954358 
0.0117763 0.1678854 0.7863442 0.03399411 
0.01435982 0.1709753 0.778309 0.03635584 
0.02746651 0.151766 0.776236 0.04453146 
0.009450579 0.1306266 0.8217297 0.03819304 
0.03130461 0.1105849 0.7894 0.06871051 
0.005540336 0.1950271 0.7311001 0.06833243 
0.03442469 0.1308061 0.7137219 0.1210474 
0.01036763 0.1239798 0.8028322 0.06282031 
0.1513401 0.02669604 0.8029337 0.0190302 
0.138186 0.00305729 0.7566344 0.1021223 
0.09357703 0.04342186 0.8084278 0.05457333 
0.04546056 0.07541398 0.772192 0.1069334 
0.1619534 0.06415432 0.7396265 0.03426577 
0.1174902 0.03764293 0.7734741 0.0713928 
0.05728043 0.001409733 0.8395324 0.1017774 
0.1620554 0.01938785 0.7735063 0.04505051 
0.1169726 0.01001426 0.846924 0.0260891 
0.1380044 0.04424023 0.7863192 0.03143619 
0.1719592 0.01585121 0.7696237 0.04256593 
0.2025166 0.008877385 0.7336356 0.05497048 
0.08427621 0.002975744 0.861443 0.05130502 
0.1255736 0.0003293513 0.7080097 0.1660874 
0.1392033 0.004218725 0.7801446 0.07643332 
0.09197274 0.0003876553 0.8198534 0.08778624 
0.1505919 0.01316963 0.7493787 0.08685974 
0.125112 0.01100554 0.7947045 0.06917792 
0.1750415 0.01391369 0.7598927 0.05115208 
0.1247695 0.002490825 0.8432828 0.0294569 
0.09255734 0.05575356 0.8230795 0.02860955 
0.13729 2.911044e-05 0.7968216 0.06585927 
0.07129153 0.0257028 0.826911 0.07609473 
0.1363217 0.01665043 0.8059379 0.04108994 
0.1721032 0.01269759 0.7850032 0.03019605 
0.1364886 0.01812231 0.8197114 0.02567768 
0.1611058 0.0007901776 0.7573496 0.08075447 
0.09785437 0.01985752 0.7775765 0.1047116 
0.1100069 0.003155294 0.8008136 0.08602421 
0.1512769 0.06947732 0.7198887 0.05935711 
0.242183 0.02217774 0.7251184 0.01052079 
0.1483546 0.05896364 0.7793653 0.01331646 
0.06091862 0.07516028 0.8532709 0.01065023 
0.1107883 0.07213585 0.7768727 0.04020313 
0.124391 0.04655133 0.7542152 0.07484249 
0.09726141 0.04188603 0.8166706 0.04418197 
0.1775084 0.04715576 0.7160597 0.05927618 
0.146467 0.119011 0.7325951 0.001926852 
0.1655059 0.0536634 0.7533221 0.02750858 
0.1646263 0.04285613 0.7761516 0.01636593 
0.1302063 0.04695315 0.8212324 0.001608072 
0.1007195 0.04851255 0.8433588 0.007409169 
0.1432799 0.05200678 0.8013914 0.003321864 
0.176397 0.03878915 0.7817075 0.003106377 
0.1247207 0.02024696 0.7999267 0.05510568 
0.1950688 0.05241862 0.7282906 0.02422205 
0.1693057 0.06323916 0.7673698 8.53749e-05 
0.1069662 0.08852014 0.7548304 0.04968327 
0.1476988 0.02078065 0.7093684 0.1221522 
0.137159 0.005035473 0.8239806 0.0338249 
0.09399324 0.006887323 0.7485118 0.1506076 
0.03979965 0.1037928 0.7888661 0.06754139 
0.00672911 0.1860617 0.7339067 0.07330246 
0.02453963 0.161485 0.7310955 0.08287986 
0.05490334 0.1134256 0.7473356 0.08433551 
0.1087304 0.06959891 0.8000788 0.02159196 
0.0349822 0.1083202 0.738194 0.1185036 
0.04800846 0.1462348 0.7945998 0.01115692 
0.06257495 0.09030308 0.8306527 0.01646928 
0.07395726 0.1709649 0.7049194 0.05015846 
0.05204866 0.1161933 0.8283089 0.003449149 
0.08070881 0.1704874 0.7487768 2.69562e-05 
0.04370489 0.1602648 0.7794607 0.01656959 
0.1024647 0.104579 0.7910013 0.001955007 
0.04559172 0.1468541 0.7850078 0.02254635 
0.0421776 0.2520359 0.6832157 0.02257079 
0.03463029 0.1139613 0.8164663 0.03494209 
0.05635234 0.1198741 0.8184426 0.005331014 
0.0643593 0.1718153 0.7073659 0.05645945 
0.07497816 0.1617301 0.7608706 0.002421091 
0.01823777 0.134431 0.8222912 0.02504011 
0.0790948 0.1358195 0.7844595 0.0006261972 
0.02847425 0.1130858 0.8147887 0.04365125 
0.1185647 0.134284 0.7247386 0.02241266 
0.04198315 0.1670827 0.7812846 0.009649565 
0.0936784 0.109412 0.7892118 0.007697769 
0.06712197 0.09856149 0.8119352 0.02238139 
0.1032843 0.1059444 0.7465641 0.04420718 
0.02699848 0.1474151 0.8197324 0.005853976 
0.03000449 0.1964774 0.772745 0.0007730707 
0.051823 0.0837112 0.806546 0.05791978 
0.07681679 0.1286552 0.736065 0.05846293 
0.06278842 0.1508825 0.7768176 0.009511441 
0.002777859 0.1585193 0.7630027 0.07570012 
0.008810776 0.1584957 0.7591721 0.07352137 
0.002235515 0.1812363 0.7633153 0.05321283 
0.03191993 0.1605117 0.7254412 0.08212725 
0.03563636 0.2043073 0.7042236 0.05583277 
0.01685233 0.0913794 0.7852349 0.1065334 
0.03480145 0.13514 0.7843393 0.04571934 
0.06672356 0.1327757 0.7629732 0.0375275 
0.02724295 0.1128065 0.7863763 0.07357427 
0.009363621 0.1198311 0.8390814 0.03172394 
0.005293248 0.172244 0.7638427 0.05862003 
0.008482663 0.1565113 0.7827825 0.05222356 
0.0216424 0.1531365 0.7387258 0.08649531 
0.002738605 0.1622086 0.7532153 0.08183748 
0.01227178 0.1752107 0.7460849 0.06643267 
0.01643209 0.1810471 0.7510979 0.05142288 
0.01137843 0.1841041 0.7571962 0.04732119 
0.01294767 0.2305243 0.7015249 0.0550031 
0.01702726 0.2177768 0.7359382 0.02925774 
0.009854187 0.0739198 0.8782496 0.03797645 
0.02111771 0.1448147 0.8120993 0.02196825 
0.04996525 0.1394065 0.7413208 0.06930741 
0.01278637 0.1520572 0.7924756 0.04268081 
0.008529094 0.1361617 0.7962212 0.05908803 
0.008409938 0.1142188 0.7997835 0.0775878 
0.07788349 0.1291569 0.7388396 0.05412004 
0.06164739 0.1873025 0.6975638 0.05348628 
0.1285368 0.08844877 0.7652388 0.01777563 
0.004701115 0.07530567 0.825017 0.09497625 
0.03288348 0.1643424 0.6831173 0.1196568 
0.02965718 0.127456 0.7551049 0.08778187 
0.0602639 0.1628815 0.7510434 0.0258112 
0.003521231 0.07109835 0.8802625 0.04511792 
0.05127096 0.1735876 0.7571398 0.0180016 
0.05481519 0.05339357 0.8317096 0.06008169 
0.07378437 0.1106787 0.8016754 0.0138615 
0.04977786 0.1503507 0.7701227 0.02974873 
0.05352686 0.07372013 0.8429551 0.02979793 
0.1058481 0.05952353 0.7786026 0.05602575 
0.06538645 0.1232189 0.7957051 0.01568956 
0.06115574 0.1418018 0.7921123 0.004930195 
0.07084318 0.1229592 0.7905976 0.01560007 
0.03911957 0.2121025 0.7316349 0.01714305 
0.06893524 0.09933892 0.8242391 0.007486725 
0.06716119 0.1772349 0.7550426 0.0005612627 
0.0477007 0.1711481 0.7595271 0.02162412 
0.01775829 0.08276717 0.8435808 0.05589372 
0.01927025 0.1996584 0.7570224 0.02404887 
0.08297636 0.1244605 0.7746075 0.01795566 
0.04570767 0.09665786 0.8468394 0.01079508 
0.06537748 0.1850728 0.7428022 0.006747558 
0.05113978 0.07392223 0.8504192 0.02451879 
0.0856732 0.1662855 0.7411536 0.006887753 
0.04463085 0.1869796 0.7582584 0.01013122 
0.05214467 0.08550243 0.8478439 0.014509 
0.08127484 0.1645529 0.7499302 0.004242048 
0.1388727 0.1497311 0.6920882 0.01930798 
0.03335106 0.113634 0.8094047 0.04361026 
0.00179026 0.09336724 0.8405672 0.06427533 
0.01268161 0.153381 0.7365808 0.0973566 
0.0135383 0.1522238 0.8099745 0.02426342 
0.008447667 0.1187329 0.8005664 0.07225304 
0.1677968 0.04995838 0.7247478 0.05749702 
0.135627 0.01931214 0.7847101 0.0603508 
0.1539695 0.02585884 0.7691915 0.05098013 
0.1398976 0.04894052 0.7401595 0.07100236 
0.1471333 0.02346634 0.7734245 0.05597587 
0.1444266 0.06186008 0.7235029 0.07021042 
0.1009484 0.01197604 0.8439715 0.043104 
0.1393236 0.01076007 0.76555 0.08436636 
0.08999761 0.006722101 0.8663427 0.0369376 
0.1167856 0.08473297 0.7137451 0.08473625 
0.1565246 0.01048039 0.7684147 0.06458032 
0.1319013 0.006263239 0.7640403 0.09779516 
0.1564181 0.005973184 0.7520839 0.08552485 
0.134503 0.02306164 0.8108798 0.0315556 
0.01011499 0.1144954 0.8000945 0.07529513 
0.009955048 0.1342218 0.7514841 0.1043391 
0.0174912 0.1140601 0.8224432 0.04600549 
0.02084745 0.1252736 0.8334893 0.02038962 
0.001050732 0.1808742 0.7221695 0.09590555 
0.006116338 0.1298925 0.8165562 0.04743496 
0.003291853 0.1072839 0.8390539 0.05037035 
0.01030312 0.131007 0.7638482 0.09484169 
0.04533179 0.1629666 0.748793 0.04290856 
0.009684727 0.08454295 0.8463311 0.05944124 
0.0021795 0.1175275 0.8165535 0.06373948 
0.01971041 0.1022508 0.8138203 0.06421847 
0.06630027 0.110458 0.8091416 0.01410016 
0.04564883 0.1172576 0.6553624 0.1817311 
0.02921191 0.1616337 0.7578354 0.05131905 
0.0179512 0.1299264 0.764929 0.08719344 
0.007243554 0.1302824 0.8221876 0.04028642 
0.04812447 0.1162781 0.7698845 0.06571293 
0.02557773 0.1546368 0.7604907 0.05929482 
0.004485163 0.112796 0.7989476 0.08377129 
0.03464403 0.1621593 0.7218903 0.08130641 
0.02365794 0.1085488 0.8154396 0.05235366 
0.02162758 0.1000928 0.8061711 0.07210859 
0.002489412 0.2286456 0.7105113 0.05835372 
0.04158119 0.1226379 0.8246535 0.01112746 
0.01827139 0.1259111 0.8084638 0.04735366 
0.01015207 0.1160793 0.8357463 0.03802228 
0.01018894 0.1558024 0.7424205 0.09158811 
0.01181042 0.1528208 0.7428188 0.09255003 
0.03358953 0.1255772 0.7619207 0.07891262 
0.04425848 0.1681014 0.7140996 0.07354049 
0.0004094287 0.07082959 0.8029341 0.1258269 
0.02535141 0.04676797 0.8153876 0.1124931 
0.1408978 0.001558085 0.8216523 0.03589183 
0.1555321 0.008103761 0.772142 0.06422209 
0.1966555 0.0128718 0.7360951 0.05437766 
0.2328438 0.02005252 0.721343 0.02576068 
0.1496967 0.0002965242 0.8166539 0.03335287 
0.09022011 0.01352786 0.8367643 0.05948773 
0.09637924 0.01494209 0.8127104 0.07596822 
0.1882653 0.0006031717 0.770293 0.04083856 
0.1159153 0.02794983 0.7931744 0.06296044 
0.1464968 0.009677877 0.7706857 0.0731396 
0.1573703 0.009430982 0.769245 0.06395373 
0.1895502 0.06246889 0.7308524 0.01712851 
0.1213955 0.07524114 0.8026802 0.0006831091 
0.1124763 0.127874 0.7575357 0.002113946 
0.08593502 0.05956913 0.8293605 0.02513538 
0.07893174 0.04106694 0.8424057 0.03759563 
0.1741647 0.008862967 0.7711525 0.04581986 
0.1333509 0.01369577 0.8145628 0.0383906 
0.1632334 0.008085831 0.7745559 0.05412484 
0.1242817 0.02947511 0.7960778 0.05016546 
0.07430354 0.0171891 0.8632106 0.04529673 
0.1522386 0.02129823 0.7832374 0.04322579 
0.1699228 0.02330988 0.7688846 0.03788274 
0.1325197 0.01199876 0.7968637 0.05861782 
0.0669431 0.02980909 0.7912762 0.1119716 
0.1242117 0.0110129 0.8354189 0.02935651 
0.1642195 0.04192021 0.7395306 0.05432969 
0.1016717 0.04364354 0.8222373 0.03244753 
0.157959 0.07325769 0.7425179 0.02626545 
0.1281883 0.01208312 0.8166869 0.04304173 
0.1225921 0.02341019 0.7758052 0.07819252 
0.1546462 0.004923561 0.8186307 0.02179952 
0.1070178 0.02873121 0.8063746 0.05787636 
0.1458763 0.002636064 0.7820576 0.06943004 
0.1561607 0.004317111 0.7656444 0.07387773 
0.129407 0.008754546 0.8020699 0.0597685 
0.1353415 0.009380976 0.798448 0.05682955 
0.1188419 0.003269679 0.8227881 0.05510039 
0.1477135 0.009652383 0.7800176 0.06261646 
0.1862616 0.007326532 0.7597157 0.04669616 
0.1419341 0.01717851 0.7815961 0.05929136 
0.1138369 0.001056338 0.8140147 0.07109201 
0.1818052 0.008620795 0.7346583 0.07491566 
0.1846141 0.01548826 0.7022384 0.09765923 
0.1171156 0.09961782 0.754147 0.0291196 
0.03515113 0.05643935 0.749434 0.1589755 
0.01089669 0.05123943 0.825556 0.1123078 
0.008799565 0.08746725 0.7303922 0.173341 
0.01493161 0.05001292 0.7851004 0.1499551 
3.947353e-05 0.03695162 0.8000408 0.1629681 
0.001953316 0.009566408 0.8714534 0.1170269 
0.0445464 0.05720704 0.7935015 0.1047451 
0.01884278 0.08034619 0.7266433 0.1741677 
0.07463986 0.03442729 0.770518 0.1204148 
0.005033359 0.05395703 0.8351421 0.1058675 
0.09174888 0.07020263 0.6553016 0.1827469 
0.09414924 0.1299716 0.7672152 0.00866396 
0.07520665 0.1083296 0.8028638 0.0136 
0.03889522 0.1528106 0.7379649 0.07032928 
0.0193689 0.08233555 0.7624116 0.135884 
0.1166444 0.1317905 0.7308408 0.02072424 
0.04597768 0.1010476 0.823743 0.02923167 
0.07663171 0.2297852 0.6544702 0.0391129 
0.02946369 0.1503666 0.7215338 0.09863594 
0.05880637 0.08676677 0.8512383 0.00318854 
0.04510794 0.1292853 0.7963947 0.02921204 
0.1018415 0.1265892 0.7489098 0.02265956 
0.02255774 0.1931501 0.7681556 0.01613662 
0.05499015 0.2075886 0.7218392 0.01558199 
0.04562238 0.1919025 0.760734 0.001741153 
0.03306754 0.0937525 0.8122664 0.06091358 
0.0491919 0.1078445 0.8421668 0.0007967583 
0.05195035 0.1042085 0.8205502 0.02329102 
0.03887886 0.1400616 0.7954255 0.02563405 
0.006550255 0.1384862 0.7579272 0.09703634 
0.04679374 0.1418466 0.7722545 0.03910525 
0.02762704 0.1622975 0.7719531 0.03812236 
0.07076668 0.1095349 0.8046989 0.01499946 
0.1147226 0.06583832 0.7849683 0.03447081 
0.01725328 0.2392846 0.7157194 0.02774279 
0.02185442 0.1011706 0.8717702 0.005204769 
0.05572164 0.123804 0.8001907 0.02028367 
0.05542465 0.1632788 0.7700266 0.01126998 
0.03315662 0.1295437 0.8064611 0.03083851 
0.05628077 0.09970573 0.8359527 0.008060823 
0.04269404 0.1179681 0.8341953 0.005142509 
0.05138354 0.1216524 0.8168892 0.01007482 
0.07406691 0.1042723 0.8181516 0.003509143 
0.001794281 0.09631129 0.8552116 0.0466828 
0.03197876 0.1782813 0.7575276 0.03221239 
0.0004258539 0.09526995 0.8103377 0.09396652 
0.0461721 0.1514248 0.7428445 0.05955861 
0.01091834 0.2146562 0.7079092 0.06651632 
0.01413636 0.2030134 0.731356 0.0514942 
0.0106121 0.1131739 0.8047886 0.07142543 
0.07293066 0.1586034 0.7277544 0.04071148 
0.01021197 0.1590125 0.7249236 0.1058519 
0.02142036 0.1113665 0.8019128 0.06530033 
0.01868106 0.121831 0.8283499 0.03113812 
0.006902653 0.1452306 0.8029357 0.04493109 
0.009547138 0.162807 0.7687572 0.05888866 
0.009411034 0.09329016 0.7773818 0.119917 
0.03863184 0.1069448 0.7761853 0.07823811 
0.01878034 0.09695244 0.8059826 0.07828465 
0.01774214 0.1528318 0.7736548 0.05577128 
0.02237671 0.07594919 0.7772069 0.1244672 
0.04008268 0.1379814 0.7922504 0.02968554 
0.04209065 0.125758 0.8179036 0.0142478 
0.01169399 0.1074339 0.8354759 0.04539629 
0.009758277 0.108474 0.8486593 0.03310846 
0.04617882 0.1554762 0.7666769 0.03166805 
0.003919694 0.1586856 0.7612753 0.07611945 
0.002678224 0.1390942 0.8386265 0.01960103 
0.02281358 0.1000848 0.8343574 0.04274426 
0.1012879 0.2194401 0.6569961 0.02227592 
0.05768062 0.2322914 0.6714642 0.0385637 
0.08282274 0.1153042 0.7776045 0.02426857 
0.03887801 0.1792655 0.7765729 0.005283558 
0.06336141 0.1858972 0.7047997 0.04594171 
0.08757681 0.1230504 0.7720523 0.01732043 
0.04927988 0.1262803 0.8113391 0.01310072 
0.04125206 0.1462724 0.7833805 0.02909496 
0.05831813 0.1576965 0.7765951 0.007390265 
0.0685829 0.1151074 0.7993179 0.01699181 
0.079716 0.1076142 0.7549627 0.05770712 
0.03868266 0.1336915 0.8147163 0.01290964 
0.06445435 0.0830975 0.8168012 0.03564692 
0.0143904 0.1596321 0.7975973 0.02838028 
0.0337546 0.2329703 0.7139212 0.01935395 
0.01946375 0.166401 0.7773737 0.03676146 
0.07045073 0.08842176 0.8132098 0.02791768 
0.04085815 0.1088534 0.8220458 0.02824274 
0.0980671 0.1604178 0.7369747 0.004540457 
0.1756305 0.1217577 0.6936561 0.008955724 
0.1023883 0.1547857 0.7394611 0.003364896 
0.1298472 0.08111547 0.7753684 0.01366895 
0.07029645 0.1050132 0.8027991 0.02189122 
0.01733505 0.0941299 0.7624895 0.1260455 
0.01576724 0.1220947 0.8093988 0.05273926 
0.007176867 0.1520849 0.7968862 0.0438521 
0.03151792 0.1202941 0.7889308 0.05925714 
0.01719064 0.1962004 0.7136927 0.07291624 
0.01151075 0.08761885 0.8767536 0.02411683 
0.01604444 0.1371547 0.777718 0.06908279 
0.006769893 0.06981164 0.8545122 0.06890623 
0.03710632 0.05952705 0.7939029 0.1094638 
0.03233322 0.1192066 0.8103178 0.03814239 
0.03770555 0.2424098 0.6715677 0.04831701 
0.002588978 0.1249092 0.8064067 0.06609505 
0.0369209 0.1675007 0.7736953 0.02188313 
0.08782161 0.1359586 0.7719207 0.004299163 
0.0546848 0.08855808 0.8505444 0.006212717 
0.04098473 0.0156857 0.722106 0.2212235 
0.02965475 0.006948739 0.7149037 0.2484928 
0.1074143 0.09915232 0.7863913 0.007041996 
0.03928243 0.1920978 0.7335411 0.03507871 
0.09240829 0.07093503 0.827623 0.009033678 
0.03966853 0.1268127 0.8249931 0.008525608 
0.08422736 0.1326628 0.7805691 0.002540696 
0.04263802 0.1220973 0.8338171 0.001447637 
0.06831801 0.1436905 0.7578449 0.03014651 
0.03223995 0.2132747 0.7463777 0.008107625 
0.03289676 0.1013271 0.8135345 0.05224163 
0.03647059 0.1687204 0.7870499 0.007759195 
0.03741289 0.1122959 0.8382391 0.01205219 
0.1037901 0.1189108 0.730547 0.04675209 
0.0002164314 0.1149726 0.8493359 0.03547514 
0.01502302 0.06603601 0.8510756 0.06786534 
0.01144154 0.09998185 0.8312437 0.05733288 
0.001099776 0.08254194 0.8039371 0.1124212 
0.06201778 0.1169614 0.7691751 0.05184572 
0.004150721 0.207275 0.7164222 0.07215207 
0.006229349 0.1378438 0.8027063 0.05322057 
0.008809739 0.1262978 0.8004394 0.06445308 
0.04077131 0.09839354 0.8286638 0.03217134 
0.02350178 0.1234916 0.786666 0.06634068 
0.002864543 0.1477039 0.7941194 0.05531213 
0.06622022 0.1262243 0.7358635 0.07169193 
0.0104471 0.1277164 0.8042413 0.05759524 
0.01239052 0.1152874 0.7649718 0.1073502 
0.02682718 0.1056484 0.801978 0.06554633 
0.05891714 0.1593267 0.7666905 0.01506562 
0.03441713 0.07878249 0.809227 0.07757337 
0.0902827 0.1077366 0.7991582 0.00282245 
0.04893731 0.1022221 0.8046759 0.04416477 
0.003438804 0.1682313 0.7691967 0.05913314 
0.01953059 0.1080608 0.8000039 0.07240477 
0.002343369 0.1355954 0.8053198 0.05674138 
0.002768707 0.107539 0.8654718 0.02422048 
0.02096998 0.1906449 0.699448 0.08893705 
0.01647259 0.101331 0.7921476 0.09004886 
0.01066896 0.1353498 0.7904085 0.06357278 
0.02632624 0.1836437 0.7525714 0.03745865 
0.02038524 0.1978965 0.7379491 0.04376915 
0.02449581 0.2320839 0.7020841 0.0413362 
0.1102697 0.02553299 0.7959809 0.06821633 
0.07666385 0.04241845 0.8038523 0.07706541 
0.1590815 0.02409478 0.7902576 0.02656606 
0.1476428 0.04820473 0.7768589 0.0272936 
0.1551396 0.03118263 0.7336352 0.08004252 
0.08982573 0.05484332 0.841327 0.01400398 
0.1485369 0.0914235 0.7544362 0.005603358 
0.1755895 0.02856276 0.7930285 0.002819259 
0.02904857 0.05102412 0.8186962 0.1012311 
0.0136497 0.05022237 0.8314768 0.1046511 
0.01218838 0.0835673 0.822283 0.08196132 
0.02357769 0.1058178 0.7539067 0.1166978 
0.01910415 0.1638493 0.6581465 0.1589001 
0.002516518 0.07472703 0.7819768 0.1407796 
0.03188317 0.05992403 0.7814685 0.1267243 
0.004334396 0.06634321 0.8016542 0.1276682 
0.03218064 0.05786068 0.8167429 0.09321577 
0.04703737 0.06060074 0.7694268 0.1229351 
0.03423176 0.02718139 0.838719 0.0998679 
0.008397145 0.03165702 0.8040593 0.1558866 
0.04521419 0.09498319 0.7452825 0.1145201 
0.1547799 0.07200655 0.7531759 0.02003774 
0.09266722 0.00137819 0.8251632 0.08079141 
0.1660142 0.02849004 0.7340041 0.0714916 
0.1360984 0.02338885 0.7392566 0.1012562 
0.095073 0.0001704826 0.8566932 0.0480633 
0.1517417 0.02554457 0.7494431 0.07327055 
0.17958 0.06010207 0.7206808 0.03963722 
0.1737839 0.02079939 0.7579254 0.04749132 
0.127621 0.008133753 0.7505171 0.1137282 
0.1222998 0.001155386 0.8110796 0.06546521 
0.1635681 0.001817849 0.7821286 0.05248536 
0.1653761 0.01058728 0.8042789 0.01975777 
0.1910221 0.02171348 0.7611539 0.02611048 
0.103669 0.03003052 0.7595677 0.1067328 
0.1330403 0.01976485 0.8067126 0.0404822 
0.1716971 0.05766793 0.7563044 0.01433054 
0.1945054 0.0229589 0.7694547 0.01308097 
0.1329761 0.02185382 0.7797473 0.06542279 
0.171069 0.03009794 0.7057712 0.0930618 
0.1595192 0.02370172 0.7630653 0.05371373 
0.1688865 0.01259712 0.7774992 0.04101718 
0.1675056 0.0260844 0.754825 0.05158505 
0.1100689 0.047888 0.7966318 0.04541128 
0.121032 0.01013972 0.7778666 0.09096168 
0.1708995 0.01323866 0.7519628 0.06389896 
0.1989251 0.03603306 0.7343401 0.0307018 
0.09191207 0.05828381 0.776249 0.07355512 
0.06020714 0.06461786 0.8395919 0.03558311 
0.1340187 0.08708244 0.7638595 0.01503943 
0.1227225 0.1096282 0.7583926 0.009256718 
0.0983885 0.1344691 0.7499981 0.01714432 
0.08255596 0.1358889 0.7212037 0.06035142 
0.124999 0.06388858 0.7563744 0.05473804 
0.09419163 0.04431602 0.8475055 0.01398688 
0.1431065 0.0621021 0.7903113 0.004480108 
0.1500751 0.02789222 0.7473304 0.07470227 
0.201545 0.006490233 0.7286032 0.0633615 
0.1451173 0.0004120164 0.7740624 0.08040827 
0.1363288 0.01269706 0.7350438 0.1159303 
0.1038168 0.009928517 0.8375771 0.04867759 
0.1001613 0.008757934 0.8397375 0.05134325 
0.03620911 0.1036681 0.7657158 0.09440706 
0.05244715 0.1279228 0.784922 0.03470804 
0.01906527 0.1387406 0.7997881 0.04240601 
0.01340684 0.1221417 0.7764089 0.08804258 
0.01665856 0.1473165 0.7673662 0.06865877 
0.02242208 0.1289316 0.7913972 0.0572492 
0.04671948 0.1453569 0.7552895 0.05263412 
0.03889064 0.1131017 0.7910392 0.05696846 
0.004335853 0.1637481 0.769128 0.06278812 
0.03663694 0.170543 0.7059129 0.08690717 
0.001000469 0.1358978 0.8222724 0.04082941 
0.01696138 0.1368483 0.7809178 0.0652725 
0.1127646 0.1255938 0.7564951 0.005146607 
0.0130878 0.1840113 0.7775562 0.02534465 
0.02439083 0.08933068 0.8147315 0.07154696 
0.002668309 0.1590016 0.7848372 0.05349297 
0.01820618 0.1483715 0.7469504 0.08647188 
0.008417185 0.1613229 0.7713744 0.0588855 
0.1523076 0.0009442457 0.7337405 0.1130076 
0.1346125 0.02082574 0.7644522 0.08010949 
0.09696833 0.03666468 0.8273462 0.03902077 
0.1134926 0.002408872 0.8042557 0.07984286 
0.127244 0.008105202 0.7643791 0.1002717 
0.09379389 0.00532361 0.8286576 0.07222491 
0.2191285 0.03970839 0.654724 0.08643909 
0.1436598 0.02848686 0.7840556 0.04379778 
0.1386539 0.005580991 0.7732401 0.08252494 
0.03103216 0.09076908 0.7921216 0.08607719 
0.0612417 0.03397075 0.8281235 0.07666404 
0.110142 0.1113751 0.7580682 0.0204147 
0.1298912 0.07173672 0.793417 0.004955028 
0.07152469 0.1352553 0.7855391 0.007680921 
0.172398 0.02822935 0.73363 0.06574267 
0.08100324 0.01591858 0.8427344 0.06034374 
0.1036968 0.02749008 0.7891736 0.07963954 
0.1066771 0.05887974 0.7563365 0.07810661 
0.1496156 0.03234192 0.7436857 0.07435674 
0.1834194 0.001899484 0.757979 0.05670213 
0.1165637 0.01808058 0.8125561 0.05279965 
0.1017664 0.003012804 0.8704026 0.02481821 
0.1717177 0.02198891 0.7627672 0.04352618 
0.1408502 0.03503301 0.7792512 0.04486557 
0.08432275 0.03053556 0.8398164 0.04532531 
0.2567409 0.01891364 0.6922509 0.03209463 
0.07414248 0.008690429 0.8693705 0.04779659 
0.101087 0.08489316 0.7765769 0.03744289 
0.1787964 0.009290828 0.7616069 0.05030588 
0.1383644 0.008224754 0.8002347 0.05317619 
0.08868374 0.03370544 0.8263129 0.05129791 
0.1619027 0.02501493 0.7442993 0.06878305 
0.1828008 0.007134348 0.7670185 0.04304637 
0.1674734 0.02047205 0.7421303 0.06992428 
0.1421609 0.02626367 0.7608529 0.07072261 
0.07486459 0.08162969 0.7906151 0.0528906 
0.1704358 0.05266485 0.7275867 0.04931266 
0.1936146 0.005287086 0.7613349 0.03976348 
0.1288514 0.01134282 0.7347346 0.1250712 
0.1230146 0.02024192 0.774986 0.08175748 
0.1602754 0.01510679 0.7577938 0.06682399 
0.1557352 0.01820361 0.7626203 0.06344086 
0.06303229 0.007042235 0.8378347 0.09209078 
0.2148779 0.009180184 0.7156337 0.06030825 
0.1356452 0.07633179 0.7775833 0.01043971 
0.1125957 0.07925884 0.7947777 0.01336777 
0.1338889 0.0356945 0.8196087 0.01080785 
0.09060226 0.05767556 0.8464019 0.005320272 
0.158378 0.05444887 0.768834 0.01833916 
0.1414331 0.04511486 0.7929951 0.02045691 
0.214162 0.03744089 0.6896527 0.05874444 
0.101708 0.004146469 0.7687867 0.1253588 
0.1915209 0.1395835 0.6634433 0.005452279 
0.07498904 0.02256497 0.8102094 0.09223658 
0.117986 0.05358573 0.7714894 0.05693889 
0.1584227 0.04859313 0.7594734 0.03351075 
0.1107061 0.07195114 0.8050863 0.01225649 
0.1445124 0.04837676 0.7918994 0.0152114 
0.1421949 0.03906899 0.8070442 0.01169196 
0.1141786 0.08221889 0.7994971 0.004105474 
0.1355142 0.02916269 0.8113299 0.02399321 
0.003571136 0.1000145 0.8141573 0.08225699 
0.0157521 0.1868188 0.755364 0.04206514 
0.01426567 0.1221076 0.7487517 0.114875 
0.02417408 0.07942639 0.8228664 0.0735331 
0.07596612 0.1267509 0.7664095 0.03087345 
0.01725134 0.1722526 0.7139467 0.09654934 
0.08296367 0.08562733 0.8032195 0.0281895 
0.08302846 0.1165926 0.7919398 0.008439129 
0.09068104 0.1737095 0.7284852 0.007124254 
0.01072135 0.1814046 0.7646436 0.04323048 
0.0005136633 0.08316683 0.8818801 0.03443945 
0.1249387 0.009648656 0.819603 0.04580967 
0.1072739 0.01040404 0.8393962 0.04292583 
0.088029 0.0389632 0.8539259 0.01908194 
0.1255613 0.0276879 0.8164703 0.03028054 
0.1509601 0.01762697 0.7559328 0.07548015 
0.2108391 0.01746086 0.7144684 0.05723169 
0.1548066 0.0234975 0.7985606 0.02313532 
0.1041787 0.0177701 0.8181805 0.05987067 
0.1219914 0.01526746 0.8138981 0.04884297 
0.0765698 0.01138192 0.8447209 0.06732742 
0.07320236 0.01016274 0.8661928 0.05044209 
0.1462294 0.02997559 0.7780111 0.04578387 
0.1369792 0.05675848 0.7755783 0.03068402 
0.1139144 0.02756484 0.7949999 0.06352082 
0.1036787 0.02746251 0.7993387 0.06952007 
0.1672528 0.005975277 0.7341632 0.09260879 
0.1996661 0.008725733 0.7194734 0.07213473 
0.204716 0.01580972 0.7236864 0.05578788 
0.1627852 0.04620242 0.7369014 0.05411094 
0.1650263 0.008380516 0.7985251 0.02806807 
0.2191344 0.06731376 0.6531751 0.06037671 
0.06347741 0.06007096 0.8711222 0.005329478 
0.1739724 0.07150992 0.7400807 0.01443697 
0.2031935 0.0248351 0.7698499 0.00212154 
0.2266978 0.04365742 0.724937 0.004707811 
0.1212471 0.08838951 0.7597112 0.03065222 
0.119216 0.08742951 0.6817219 0.1116326 
0.1553896 0.09215903 0.7404494 0.01200195 
0.1322822 0.04074861 0.8252513 0.001717942 
0.1640192 0.02574836 0.7776052 0.03262731 
0.0866562 0.05623468 0.7502075 0.1069016 
0.09676981 0.04325717 0.8394741 0.02049888 
0.1986062 0.01309125 0.7541378 0.03416477 
0.1532467 0.01904331 0.80892 0.01878997 
0.08925592 0.03668095 0.7643952 0.109668 
0.09393509 0.08066266 0.8250008 0.0004014122 
0.1709981 0.04728381 0.7214478 0.06027022 
0.1382705 0.08668042 0.7610022 0.01404693 
0.1313163 0.05812013 0.7642891 0.04627455 
0.05913539 0.001422601 0.8328741 0.1065679 
0.1666639 0.000107654 0.740965 0.0922635 
0.09988541 0.01712623 0.7907268 0.09226153 
0.1299599 0.03239999 0.8175318 0.02010834 
0.1167666 0.01683205 0.7519603 0.114441 
0.1400725 0.02045505 0.7732889 0.06618354 
0.1320924 0.005860206 0.8296463 0.03240119 
0.1274211 0.01337858 0.7850462 0.0741541 
0.08187932 0.004783225 0.8459346 0.06740283 
0.119714 0.03983692 0.8000007 0.04044835 
0.08391761 0.06015309 0.7682666 0.08766268 
0.1481585 0.004274525 0.7497129 0.09785406 
0.08640952 0.0885231 0.737629 0.08743838 
0.1491607 0.01367155 0.7691677 0.06800014 
0.1553024 0.0284981 0.7601004 0.05609917 
0.1719632 0.03049009 0.7638992 0.03364749 
0.188433 0.01396294 0.7243847 0.07321939 
0.1381603 0.05843978 0.7764287 0.02697119 
0.183029 0.003663601 0.7616223 0.05168508 
0.1032708 0.03465466 0.8123196 0.04975488 
0.1286313 0.02500832 0.7765885 0.06977189 
0.1130367 0.02621235 0.7940229 0.06672799 
0.1736163 0.06644866 0.7143138 0.04562121 
0.2020639 0.02849263 0.708926 0.06051747 
0.07268454 0.004154935 0.7991751 0.1239854 
0.1423899 0.02343384 0.7218478 0.1123285 
0.1619582 0.03905503 0.7456348 0.05335195 
0.1275068 0.05617626 0.7589444 0.05737256 
0.1062868 0.01694609 0.7628134 0.1139537 
0.1706999 0.007972869 0.7473242 0.0740031 
0.1293529 0.04084126 0.7845445 0.0452614 
0.2759363 0.0345578 0.6533196 0.03618634 
0.1715919 0.02503452 0.7326944 0.07067925 
0.1414294 0.02536095 0.7382007 0.09500901 
0.1608731 0.02888045 0.7661673 0.04407922 
0.1288168 0.0009146116 0.7622162 0.1080524 
0.09990303 0.06866759 0.7771063 0.05432309 
0.178247 0.01458138 0.7275223 0.07964929 
0.1751592 0.01188236 0.7684342 0.0445242 
0.1460359 0.01895433 0.7666281 0.06838166 
0.1695811 0.0379342 0.736346 0.05613868 
0.09245262 0.005966165 0.8247677 0.07681356 
0.1796587 0.0004190433 0.7607431 0.05917917 
0.1053773 0.007827142 0.8692733 0.01752226 
0.1343957 0.01447919 0.7478139 0.1033112 
0.1827966 0.006941292 0.7531422 0.05711987 
0.21547 0.003811363 0.6579722 0.1227464 
0.1977154 0.03450405 0.6805227 0.08725785 
0.205137 0.01238694 0.7535197 0.02895644 
0.1252643 0.005676081 0.8014469 0.06761268 
0.1084308 0.001292965 0.8466198 0.04365641 
0.1284475 0.1352483 0.7348516 0.001452613 
0.1046739 0.06538983 0.7912864 0.03864984 
0.2247921 0.03519439 0.7382015 0.001812014 
0.09902242 0.0388055 0.8598966 0.002275475 
0.07762567 0.08864848 0.8084383 0.02528754 
0.09607795 0.03742878 0.766159 0.1003343 
0.2040801 0.0266137 0.7564724 0.0128338 
0.1615447 0.06796546 0.7695084 0.0009814218 
0.07407025 0.07253558 0.8268704 0.02652376 
0.1042823 0.04990356 0.829685 0.01612913 
0.1122185 0.04833983 0.7970017 0.04243998 
0.09831376 0.07905759 0.8043515 0.01827714 
0.1413325 0.03768522 0.8078883 0.01309394 
0.08081589 0.03817674 0.8320048 0.04900253 
0.1626231 0.06579063 0.7633892 0.008197065 
0.08420595 0.1110129 0.7812836 0.02349759 
0.09536695 0.08240954 0.8016591 0.02056438 
0.1967625 0.04633835 0.7530036 0.003895621 
0.09561887 0.09474949 0.8076523 0.001979387 
0.1042374 0.03949617 0.8394374 0.01682897 
0.1551518 0.03445812 0.7353599 0.07503014 
0.09548154 0.07318742 0.8163052 0.01502581 
0.0812155 0.08509644 0.8155354 0.01815263 
0.1210749 0.06732636 0.8006581 0.01094067 
0.1792511 0.03650668 0.7814956 0.002746616 
0.1254355 0.04075665 0.8083683 0.02543954 
0.1393783 0.04068719 0.7610908 0.05884377 
0.1059451 0.05493174 0.8163891 0.02273409 
0.07766678 0.08126091 0.7986235 0.04244882 
0.09298333 0.05842232 0.8234938 0.02510056 
0.1600914 0.01047321 0.7771783 0.05225713 
0.117795 0.006065147 0.7521582 0.1239816 
0.05519256 0.09595129 0.8147375 0.03411868 
0.002269905 0.07104549 0.764611 0.1620736 
0.001162096 0.02580409 0.7860674 0.1869664 
0.04954445 0.1147506 0.7446398 0.09106517 
0.04725608 0.03616828 0.827332 0.08924367 
0.0354277 0.08805115 0.752038 0.1244832 
0.03780065 0.07213058 0.7262562 0.1638126 
0.03559873 0.05538622 0.7524412 0.1565739 
0.01907162 0.07310935 0.7591477 0.1486714 
0.09411461 0.07307026 0.7278332 0.1049819 
0.01864677 0.04815369 0.8004248 0.1327747 
0.001519851 0.06905707 0.8092496 0.1201735 
0.001416193 0.06041126 0.8170262 0.1211464 
0.008376912 0.1114487 0.754884 0.1252903 
0.09818733 9.7175e-06 0.7862094 0.1155936 
0.01000963 0.08329794 0.7908711 0.1158213 
0.03392962 0.07425698 0.7796373 0.1121761 
0.006784883 0.04166456 0.8271292 0.1244214 
0.09363711 0.0561811 0.7165138 0.133668 
0.02856764 0.01805085 0.7904373 0.1629442 
0.05917688 0.005723257 0.7750756 0.1600243 
0.05497946 0.06775471 0.769646 0.1076198 
0.0760323 0.001499144 0.7945788 0.1278898 
0.06111205 0.005158998 0.8290207 0.1047082 
0.05137405 0.01205706 0.7735358 0.1630331 
0.01902688 0.1428572 0.7325233 0.1055926 
0.02677 0.04803093 0.7428508 0.1823483 
0.005593343 0.09809755 0.7471887 0.1491204 
0.1088126 0.06852521 0.6903134 0.1323488 
0.03701776 0.003964111 0.867185 0.09183311 
0.04599424 0.01652988 0.8105782 0.1268977 
0.08022241 0.06417876 0.692068 0.1635309 
0.04801948 0.04395685 0.7647392 0.1432845 
0.02803995 0.01442916 0.7733141 0.1842168 
