p_1 p_2 p_3 p_4 
0.05409922 0.3644911 0.2100306 0.371379 
0.00986456 0.3288482 0.3489783 0.312309 
0.009504743 0.3472882 0.3370024 0.3062047 
0.005688721 0.4063032 0.275275 0.3127331 
0.0008053643 0.3710375 0.3187893 0.3093679 
0.01915106 0.3394326 0.2603837 0.3810327 
0.02146992 0.4133526 0.2188679 0.3463096 
0.004539186 0.3409496 0.3030608 0.3514504 
0.001907538 0.4410959 0.1961527 0.3608438 
0.002503799 0.441594 0.2799457 0.2759565 
0.002644465 0.4184476 0.3112056 0.2677024 
0.0009071211 0.4137917 0.2486733 0.3366279 
0.007699151 0.4719009 0.2552341 0.2651658 
0.0109057 0.3259284 0.2915902 0.3715757 
0.006324 0.4162942 0.2669869 0.3103948 
0.01412193 0.4703447 0.2192102 0.2963232 
0.0002424544 0.3269142 0.3937598 0.2790835 
0.00590589 0.4237452 0.2782464 0.2921025 
0.008221673 0.4084315 0.2770991 0.3062478 
0.08624587 0.4298829 0.296645 0.1872263 
0.004720672 0.3977572 0.2767634 0.3207587 
0.008190223 0.3657383 0.3231942 0.3028772 
0.00699865 0.3946061 0.305956 0.2924393 
0.01039531 0.4363598 0.3371719 0.216073 
0.01031591 0.4728321 0.2796859 0.2371661 
0.001021854 0.3666047 0.3353878 0.2969857 
0.007790722 0.3962522 0.2984961 0.2974609 
0.00213387 0.4502499 0.2244774 0.3231388 
0.009943482 0.4434014 0.2722102 0.2744449 
0.03038424 0.3901925 0.3329994 0.2464238 
0.04650168 0.381995 0.3706889 0.2008144 
0.002639111 0.3580203 0.3166399 0.3227007 
0.01590977 0.3730693 0.2472593 0.3637616 
0.015143 0.342363 0.2504119 0.3920821 
0.01836619 0.3913043 0.2759596 0.3143699 
0.01627507 0.3714785 0.2956677 0.3165788 
0.0435244 0.3307646 0.2361933 0.3895177 
0.0164275 0.3411457 0.2902887 0.352138 
0.03082178 0.3751833 0.2449337 0.3490613 
0.01659273 0.4116979 0.2932569 0.2784524 
0.02412057 0.4546309 0.2781254 0.2431231 
0.001781377 0.3467675 0.3486833 0.3027678 
0.002793517 0.4252991 0.2312501 0.3406573 
0.004645496 0.3794279 0.2904154 0.3255112 
0.01377496 0.3817658 0.2775735 0.3268857 
0.02241034 0.4064949 0.3532523 0.2178425 
0.002083851 0.4809842 0.2270039 0.2899281 
0.00695155 0.4991576 0.2306849 0.263206 
0.04149973 0.4339813 0.2440419 0.2804771 
0.01335887 0.4183584 0.2647091 0.3035736 
0.01274544 0.4072549 0.249587 0.3304126 
0.0334609 0.394572 0.2778452 0.2941219 
0.007468868 0.407015 0.2776359 0.3078803 
0.06383494 0.3635505 0.3212446 0.25137 
0.01218879 0.3861236 0.3329361 0.2687515 
0.03515453 0.4559419 0.2313691 0.2775344 
0.01181674 0.335976 0.2567809 0.3954263 
0.01290885 0.4603894 0.2261951 0.3005066 
0.00493424 0.3893547 0.3038564 0.3018547 
0.03039523 0.2548008 0.3086598 0.4061442 
0.0197877 0.4257212 0.2093463 0.3451448 
0.002944828 0.4232996 0.2906801 0.2830755 
0.0153147 0.3099362 0.3295334 0.3452156 
0.02831878 0.36871 0.3317957 0.2711755 
0.005126224 0.4225059 0.2403197 0.3320482 
0.007045609 0.5263543 0.2014126 0.2651875 
0.01749903 0.302028 0.3686566 0.3118164 
0.008317669 0.3856419 0.2555431 0.3504973 
0.02775957 0.4030085 0.3024326 0.2667993 
0.02699528 0.3965227 0.3037165 0.2727656 
0.06052695 0.3385267 0.2619021 0.3390442 
0.01863999 0.4260158 0.304357 0.2509872 
0.01160521 0.4173767 0.2794187 0.2915994 
0.0003032069 0.4228817 0.2335277 0.3432874 
0.01237543 0.4652213 0.2306811 0.2917221 
0.00601862 0.3293834 0.2302141 0.4343839 
0.004023814 0.3832254 0.2873574 0.3253933 
0.03653708 0.4684426 0.2245621 0.2704583 
0.03976431 0.3079939 0.3595276 0.2927142 
0.002033365 0.4026716 0.3627087 0.2325864 
0.01306802 0.3987754 0.316351 0.2718055 
0.001664104 0.3866755 0.3140306 0.2976298 
0.004145659 0.3780402 0.2505569 0.3672572 
0.007382747 0.4626044 0.2227224 0.3072904 
0.02185751 0.2953489 0.3772002 0.3055934 
0.01832363 0.4493918 0.2332385 0.2990462 
0.001880268 0.4246394 0.3580133 0.215467 
0.0173842 0.3307822 0.3429328 0.3089008 
0.006077883 0.4456386 0.2350255 0.313258 
0.01377504 0.4297882 0.2610119 0.2954248 
0.0301243 0.3848391 0.3313321 0.2537045 
0.05188273 0.3503226 0.2890002 0.3087945 
0.004408638 0.4822605 0.2327011 0.2806298 
0.01401015 0.3598345 0.3177398 0.3084156 
0.007448504 0.4131191 0.2395072 0.3399252 
0.01731807 0.3786621 0.269578 0.3344418 
0.0001578937 0.3840564 0.2189541 0.3968317 
0.008467723 0.4249467 0.2740719 0.2925137 
0.002963659 0.3762952 0.3582665 0.2624746 
0.02569378 0.3873476 0.2859634 0.3009952 
0.005085231 0.446315 0.2904462 0.2581535 
0.03463216 0.3047592 0.363076 0.2975327 
0.01982115 0.3908754 0.2868692 0.3024342 
0.04256338 0.3296011 0.3068967 0.3209388 
0.05850606 0.270359 0.3046252 0.3665097 
0.03909965 0.3982419 0.2105346 0.3521239 
0.01939949 0.4851121 0.1943628 0.3011256 
0.02437673 0.3966148 0.3123801 0.2666283 
0.007955463 0.4420851 0.2382699 0.3116895 
0.01522301 0.4011328 0.3149696 0.2686746 
0.02326953 0.4583448 0.2635745 0.2548111 
0.002384818 0.4155487 0.2739134 0.3081531 
0.01257436 0.4682761 0.2882885 0.230861 
0.008108964 0.384869 0.2980956 0.3089264 
0.02021825 0.4712385 0.2333092 0.275234 
0.001813242 0.4067063 0.2443796 0.3471008 
0.001426085 0.4275169 0.3154176 0.2556394 
0.006042855 0.4023864 0.2895711 0.3019996 
0.007914236 0.4297488 0.2117393 0.3505977 
0.005088796 0.3587169 0.2800834 0.3561108 
0.02664795 0.3530622 0.2491453 0.3711446 
0.01558829 0.4257034 0.2680314 0.2906769 
0.02072589 0.3743902 0.3054317 0.2994522 
0.007148337 0.4659571 0.2800145 0.24688 
0.02197362 0.3915247 0.2172243 0.3692774 
0.01228306 0.4079704 0.235561 0.3441856 
0.0003547639 0.4413233 0.3018136 0.2565083 
0.04178645 0.4183226 0.2421934 0.2976976 
0.009529644 0.4167398 0.2001992 0.3735313 
0.005802215 0.4388247 0.2173084 0.3380647 
0.01311464 0.2870206 0.324658 0.3752067 
0.01197201 0.442141 0.1785312 0.3673558 
0.006518848 0.4290071 0.275624 0.2888501 
0.01182004 0.4060388 0.2941522 0.2879889 
0.006560829 0.343226 0.3114957 0.3387174 
0.007988751 0.4081211 0.2969241 0.2869661 
0.01499237 0.3610461 0.2950515 0.32891 
0.0001267769 0.3729483 0.3470474 0.2798775 
0.01039151 0.4134697 0.3148934 0.2612454 
0.001847301 0.4705075 0.2323062 0.295339 
0.01235559 0.3275348 0.3403432 0.3197665 
0.005832092 0.3961484 0.2621767 0.3358428 
0.02652583 0.3542281 0.2827877 0.3364583 
0.00163947 0.3571181 0.365344 0.2758984 
0.03520076 0.3733147 0.2630869 0.3283977 
0.03587479 0.4258199 0.2453866 0.2929188 
0.01664421 0.4367939 0.3177769 0.2287849 
0.05103045 0.3948329 0.1792826 0.3748541 
0.008759361 0.385468 0.3031684 0.3026042 
0.03089672 0.3126777 0.3325358 0.3238899 
0.002555481 0.4047751 0.2719112 0.3207583 
0.006634686 0.4091398 0.297774 0.2864515 
0.08987764 0.3852099 0.3126051 0.2123073 
0.0001823476 0.3679213 0.3154006 0.3164957 
0.01515141 0.3502937 0.1994114 0.4351435 
0.01926816 0.4706917 0.2475893 0.2624508 
0.002997879 0.3611734 0.3268134 0.3090153 
0.00641731 0.3467285 0.3599339 0.2869202 
0.04251025 0.3565863 0.3091337 0.2917697 
0.03312642 0.3545048 0.3085109 0.3038579 
0.0288399 0.3840172 0.2887048 0.2984381 
0.03167915 0.3295932 0.2135652 0.4251624 
0.006252213 0.444588 0.2580414 0.2911184 
0.003585283 0.387807 0.3111358 0.2974719 
0.011559 0.4190328 0.2644743 0.3049339 
0.05917029 0.3202729 0.2398141 0.3807427 
0.002321533 0.3618411 0.3565768 0.2792606 
0.01443669 0.4517837 0.2257538 0.3080258 
0.008355639 0.4523958 0.317358 0.2218905 
0.004792204 0.4210907 0.3002687 0.2738484 
0.01041723 0.3320944 0.3614413 0.296047 
0.004322371 0.4264143 0.2716223 0.2976411 
0.01125404 0.3299462 0.2875935 0.3712063 
0.02029702 0.3844453 0.3354792 0.2597785 
0.02028988 0.3691898 0.3751857 0.2353346 
0.02839364 0.3379867 0.318232 0.3153877 
0.001963039 0.3881601 0.2986336 0.3112433 
0.006280976 0.4421917 0.2424845 0.3090427 
0.000456601 0.4946216 0.2408282 0.2640936 
0.0148193 0.4696969 0.2700773 0.2454066 
0.0242514 0.4326555 0.2101376 0.3329555 
0.009108553 0.3711763 0.3022265 0.3174886 
0.00673713 0.3979804 0.2457244 0.349558 
0.01081092 0.4190762 0.3118419 0.258271 
0.002325399 0.3960984 0.2786141 0.3229621 
0.008390518 0.4273887 0.2460003 0.3182204 
0.0001251179 0.439822 0.2240741 0.3359788 
0.03426265 0.4627243 0.245386 0.257627 
0.004142798 0.3434711 0.3131869 0.3391992 
0.06440438 0.3958407 0.240912 0.298843 
0.009749207 0.511573 0.2343837 0.2442941 
0.003477255 0.3962337 0.2528845 0.3474046 
0.0191284 0.4240461 0.2273815 0.329444 
0.01308079 0.4389988 0.3486784 0.1992421 
0.0177064 0.3503139 0.3245014 0.3074783 
0.01562057 0.3661878 0.2993604 0.3188313 
0.01684748 0.4077531 0.2528375 0.3225619 
0.0572434 0.3236591 0.2704524 0.3486451 
0.00688108 0.3478372 0.2642395 0.3810422 
0.005262363 0.5027208 0.2478149 0.2442019 
0.00371349 0.3955033 0.2738487 0.3269345 
0.01424998 0.3404652 0.3020638 0.343221 
0.002914546 0.3928526 0.2412153 0.3630175 
0.008601477 0.3945587 0.2132134 0.3836265 
0.0007732483 0.4112024 0.3034054 0.2846189 
0.00377573 0.3466386 0.2775705 0.3720152 
0.01350291 0.3349464 0.3443765 0.3071742 
0.01770468 0.3082666 0.2280913 0.4459374 
0.01056564 0.3855061 0.2874285 0.3164998 
0.0002973768 0.3336864 0.2506718 0.4153445 
0.01980199 0.3351943 0.3184402 0.3265635 
0.009651183 0.4060953 0.3358917 0.2483618 
0.02206988 0.3933698 0.2657506 0.3188097 
0.01389556 0.4065497 0.2571759 0.3223789 
0.02564019 0.3949713 0.2701036 0.3092849 
0.003427537 0.4143952 0.2737792 0.3083981 
0.01780194 0.3814909 0.2725159 0.3281913 
0.0002141032 0.4273107 0.2892817 0.2831935 
0.01299203 0.4308904 0.2760351 0.2800825 
0.0001789312 0.4001944 0.298982 0.3006446 
0.006884023 0.4483088 0.2924518 0.2523554 
0.0129979 0.4266556 0.2551937 0.3051527 
0.03168056 0.4359441 0.2793867 0.2529886 
0.01454755 0.4241415 0.2658687 0.2954422 
0.02344623 0.3156679 0.3159099 0.3449759 
0.01160254 0.2500406 0.3755491 0.3628078 
0.006195258 0.4854231 0.2133665 0.2950151 
0.001941207 0.3642423 0.32964 0.3041765 
0.04072699 0.3812574 0.2883115 0.2897041 
0.006343495 0.4362762 0.3453039 0.2120763 
0.0004600625 0.3327885 0.3648266 0.3019249 
0.001281819 0.4006351 0.323924 0.2741591 
0.0002108414 0.3773116 0.3263952 0.2960824 
0.001253044 0.3952967 0.3007855 0.3026647 
0.00697884 0.4919741 0.2149149 0.2861323 
0.003053693 0.3711549 0.2955733 0.3302181 
0.003706532 0.4356896 0.2177777 0.3428261 
0.003512805 0.4314403 0.2725758 0.2924711 
0.03316029 0.3364452 0.3808256 0.2495689 
0.001986684 0.367902 0.2784978 0.3516135 
0.001378971 0.3300321 0.2975795 0.3710094 
0.01448348 0.3948873 0.3234892 0.2671399 
0.0102473 0.3692418 0.341755 0.2787559 
0.01498338 0.4702274 0.2588544 0.2559348 
0.009382032 0.4478454 0.2015916 0.341181 
0.000896354 0.4352606 0.2700254 0.2938177 
0.001177057 0.404352 0.4155445 0.1789265 
0.008012495 0.4140558 0.2912088 0.286723 
0.01058831 0.4245447 0.2571178 0.3077491 
0.000617079 0.4690867 0.2435433 0.2867529 
0.02031178 0.3661674 0.2951844 0.3183364 
0.01922698 0.4935559 0.2504645 0.2367526 
0.008582857 0.4519827 0.2996714 0.239763 
0.002995147 0.4427731 0.2539974 0.3002343 
0.007232163 0.3559594 0.2566974 0.380111 
0.02525528 0.3633049 0.3005812 0.3108586 
0.02539558 0.2835048 0.3553349 0.3357647 
0.02816469 0.4348792 0.2052951 0.331661 
0.0002947807 0.4503919 0.3195525 0.2297609 
0.011577 0.4175271 0.2528353 0.3180606 
0.01658087 0.376042 0.3437793 0.2635978 
0.01538462 0.4112438 0.2986089 0.2747627 
0.04808736 0.4199265 0.2658105 0.2661756 
0.005103829 0.3905698 0.3342708 0.2700556 
0.01324374 0.3692688 0.2683113 0.3491762 
0.01373267 0.3654984 0.2577814 0.3629876 
0.04216298 0.3233492 0.2627045 0.3717833 
0.009653058 0.4562731 0.2588117 0.2752621 
0.02392328 0.3787394 0.2289353 0.368402 
0.01797929 0.4589587 0.2515951 0.2714669 
0.01249546 0.3925586 0.2531257 0.3418202 
0.01882188 0.4020447 0.2685464 0.3105871 
0.001503533 0.2837155 0.2822474 0.4325336 
0.01573807 0.3162632 0.2643728 0.403626 
0.02222528 0.4033338 0.2671299 0.307311 
0.008557457 0.4367181 0.2820077 0.2727167 
0.03084353 0.4217235 0.2703226 0.2771104 
0.007478668 0.3254319 0.3367847 0.3303048 
0.02699143 0.3351208 0.2604114 0.3774764 
0.002593021 0.4222044 0.2204742 0.3547283 
0.0007415438 0.4833928 0.2222684 0.2935973 
0.07468872 0.3332528 0.3193121 0.2727464 
0.02193679 0.3357752 0.3109077 0.3313803 
0.02392782 0.4421079 0.3235323 0.2104321 
0.01809192 0.3850738 0.3598 0.2370343 
0.007437236 0.4082961 0.248616 0.3356507 
0.04309416 0.4215448 0.2378911 0.2974699 
0.004466395 0.5044428 0.2793453 0.2117455 
0.04924662 0.3647468 0.3004977 0.2855089 
0.07678238 0.4277828 0.2314681 0.2639668 
0.01290698 0.4634454 0.2081948 0.3154528 
0.0006538002 0.4096036 0.2436301 0.3461125 
0.01326599 0.4135557 0.3419291 0.2312492 
0.02187511 0.3664002 0.2919407 0.3197841 
0.006097618 0.3712826 0.2819884 0.3406314 
0.01501755 0.3873806 0.2967492 0.3008527 
0.0005410029 0.4138608 0.2323368 0.3532614 
0.01010132 0.3873119 0.3167803 0.2858065 
0.0191549 0.2844054 0.3461261 0.3503136 
0.006155356 0.3457719 0.2780574 0.3700153 
0.05425 0.3749012 0.2922284 0.2786205 
0.01216145 0.4563841 0.2814133 0.2500412 
0.01394452 0.3822026 0.2159664 0.3878865 
0.004000701 0.415254 0.2829483 0.297797 
0.001348679 0.3416757 0.3208187 0.3361569 
0.01899355 0.4491918 0.2652084 0.2666062 
0.003725772 0.4489499 0.2185013 0.328823 
0.004759202 0.4486911 0.2448122 0.3017374 
0.004930624 0.3891979 0.3053303 0.3005412 
0.0005504646 0.3915296 0.3481632 0.2597567 
0.0111807 0.4031277 0.3335422 0.2521494 
0.000822131 0.3834076 0.3210656 0.2947046 
0.02318882 0.4310999 0.2712193 0.274492 
0.04383181 0.3899724 0.2973684 0.2688275 
0.01375624 0.3872514 0.2112021 0.3877902 
0.01597217 0.4295853 0.2509657 0.3034768 
0.0222925 0.4335207 0.1821314 0.3620554 
0.03752186 0.3514566 0.3259905 0.285031 
0.05105121 0.4294785 0.2660326 0.2534377 
0.00800539 0.4600205 0.2079051 0.324069 
0.03184692 0.3040764 0.2817776 0.3822991 
0.01095813 0.3772203 0.2643766 0.347445 
0.01371222 0.3617649 0.2805162 0.3440067 
0.008917946 0.3975983 0.268548 0.3249357 
0.01533413 0.3993289 0.2549672 0.3303698 
0.003868659 0.4942214 0.2663494 0.2355605 
0.07221161 0.3208964 0.3402545 0.2666374 
0.004291374 0.3908073 0.3091342 0.2957671 
0.01302339 0.4673029 0.2599111 0.2597626 
0.001068929 0.3507943 0.3005278 0.347609 
0.003209221 0.4145509 0.2830732 0.2991667 
0.02372521 0.4611284 0.255178 0.2599684 
0.01064808 0.3727108 0.2663048 0.3503363 
0.01632603 0.3419502 0.3076114 0.3341124 
0.02120279 0.3906627 0.2277761 0.3603585 
0.00735682 0.4192106 0.2705349 0.3028977 
0.06517458 0.4176328 0.2485914 0.2686012 
0.02836244 0.3443529 0.2673909 0.3598938 
0.007012055 0.3498264 0.2923099 0.3508517 
0.003445227 0.4621515 0.2512596 0.2831437 
0.04829524 0.4154634 0.2547575 0.2814838 
0.0555799 0.4362628 0.2754721 0.2326852 
0.01501179 0.3637723 0.2820356 0.3391804 
0.01533872 0.3841494 0.2810665 0.3194453 
0.03478759 0.3803036 0.2845848 0.300324 
8.445759e-05 0.421196 0.2397407 0.3389789 
0.008699344 0.411002 0.2885897 0.2917089 
0.01290471 0.3846674 0.2960453 0.3063826 
0.01053022 0.4026154 0.3063159 0.2805385 
0.03520163 0.4654254 0.1833364 0.3160366 
0.02693438 0.3621823 0.2407747 0.3701086 
0.02739326 0.3434928 0.2454992 0.3836147 
0.003255872 0.3662419 0.3156622 0.31484 
0.05436346 0.3153981 0.2499484 0.3802901 
0.003962755 0.3286546 0.3175123 0.3498703 
0.02463071 0.5146018 0.1947209 0.2660466 
0.01973592 0.3220611 0.314117 0.3440859 
0.001057946 0.3608949 0.2714158 0.3666314 
0.01913362 0.3508875 0.2531623 0.3768166 
0.01928815 0.3990314 0.1904531 0.3912273 
0.002729988 0.3431593 0.2847654 0.3693453 
0.02981703 0.4165732 0.2280854 0.3255243 
0.1178451 0.2924137 0.2579192 0.3318221 
0.001059262 0.4284368 0.3574214 0.2130825 
0.01491222 0.4224843 0.2183551 0.3442484 
0.03302626 0.4917639 0.2785221 0.1966877 
0.005796806 0.3849297 0.2576141 0.3516594 
0.01007096 0.3425539 0.2468583 0.4005169 
0.03312999 0.3672297 0.3020584 0.297582 
0.02934606 0.3606897 0.2708926 0.3390716 
0.01169534 0.4463292 0.1806098 0.3613656 
0.00734067 0.4323894 0.303693 0.256577 
0.02092621 0.3731192 0.2783574 0.3275972 
0.003463263 0.4305292 0.2536239 0.3123837 
0.006190331 0.4031279 0.267463 0.3232188 
0.02519613 0.4409474 0.1975869 0.3362696 
0.07882123 0.3982383 0.2279762 0.2949642 
0.006994732 0.3878921 0.3104094 0.2947038 
0.02123238 0.4339896 0.2832429 0.2615351 
0.004683172 0.4380528 0.2430382 0.3142259 
0.01801939 0.445728 0.2167228 0.3195298 
0.01179246 0.4816173 0.1917896 0.3148007 
0.03446116 0.3835079 0.2596573 0.3223736 
0.004931438 0.4508153 0.2302339 0.3140193 
0.01463206 0.4816213 0.1882926 0.3154541 
0.01566153 0.3862377 0.3407017 0.257399 
0.002910321 0.41282 0.2599067 0.324363 
0.001930251 0.4123619 0.3159612 0.2697467 
0.05624777 0.3585159 0.2829963 0.30224 
0.0495411 0.3517126 0.3022056 0.2965406 
0.0246139 0.3766095 0.3263005 0.2724761 
0.007473328 0.3561042 0.3596213 0.2768011 
0.003978563 0.3217935 0.3147963 0.3594316 
0.006964342 0.4411941 0.2005715 0.35127 
0.002566284 0.4957256 0.2706263 0.2310818 
0.004899464 0.4331001 0.2264521 0.3355483 
0.009389086 0.4381909 0.2974651 0.2549549 
0.007473918 0.421021 0.2285728 0.3429323 
0.0009358061 0.4228637 0.2597392 0.3164613 
0.01025374 0.3765384 0.3072523 0.3059555 
0.006584325 0.4456218 0.2880312 0.2597626 
0.00186466 0.3358512 0.3477193 0.3145649 
0.006413182 0.4439797 0.2516754 0.2979317 
0.01576659 0.347507 0.2825039 0.3542225 
0.008588376 0.4901379 0.2699574 0.2313163 
0.0005459767 0.3801379 0.272946 0.3463701 
0.02694552 0.3360795 0.2772579 0.359717 
0.02300941 0.3197771 0.3726012 0.2846122 
0.02388883 0.3818955 0.2665775 0.3276382 
0.002406639 0.3463133 0.2587783 0.3925018 
0.08688476 0.3923123 0.2243317 0.2964712 
0.001248811 0.4053071 0.3612294 0.2322148 
0.03453427 0.4298149 0.2218714 0.3137794 
0.01757062 0.386703 0.2283644 0.367362 
0.003014143 0.3309015 0.325472 0.3406123 
0.004953232 0.378196 0.2353925 0.3814583 
0.04037391 0.4061747 0.2615707 0.2918807 
0.005458945 0.5525932 0.2358832 0.2060646 
0.02514682 0.3448175 0.3187798 0.3112559 
0.01867772 0.3765063 0.292672 0.312144 
0.04452846 0.4537691 0.3118859 0.1898165 
0.03820629 0.4133592 0.2908839 0.2575506 
0.006546342 0.4424303 0.2816717 0.2693517 
0.001989823 0.3877261 0.2944681 0.315816 
0.005927611 0.4930381 0.2549142 0.2461202 
0.03102084 0.4764741 0.2445509 0.2479542 
0.003418563 0.396613 0.2650894 0.3348791 
0.004336865 0.3633204 0.3811074 0.2512353 
0.02259432 0.3877325 0.2334445 0.3562287 
0.004385565 0.4079557 0.2806892 0.3069696 
0.004854355 0.4496794 0.2053283 0.3401379 
0.005444231 0.3766558 0.3155936 0.3023064 
0.0008724569 0.3644449 0.2984083 0.3362743 
0.02961645 0.4665272 0.1955194 0.308337 
0.01028191 0.3557955 0.2186449 0.4152777 
0.029018 0.448014 0.2163906 0.3065774 
0.01966054 0.370622 0.3094842 0.3002333 
0.04515337 0.3707471 0.3054238 0.2786757 
0.0286997 0.3553221 0.2045527 0.4114255 
0.002348635 0.432505 0.2583738 0.3067726 
0.00301041 0.4165564 0.2562756 0.3241576 
0.003754021 0.5110328 0.2847963 0.2004168 
0.01304854 0.4448852 0.2344812 0.3075851 
0.007925938 0.3065823 0.3159395 0.3695523 
0.03345389 0.3770147 0.3582915 0.2312399 
0.0003743919 0.3791927 0.2855531 0.3348797 
0.02131975 0.3917368 0.3126957 0.2742478 
0.005833186 0.4165747 0.2904834 0.2871087 
0.009223256 0.3962146 0.3002543 0.2943078 
0.03479574 0.4113173 0.2618468 0.2920402 
0.01207855 0.3817153 0.3019001 0.304306 
0.01182484 0.4671782 0.247965 0.273032 
0.008257058 0.3660728 0.2720646 0.3536055 
0.01003696 0.376222 0.351921 0.26182 
0.01985285 0.3103117 0.3580356 0.3117999 
0.008478582 0.4229756 0.2234466 0.3450992 
0.02277051 0.4121386 0.3161514 0.2489395 
0.0189199 0.3549568 0.3111436 0.3149797 
0.04096933 0.3803293 0.3239985 0.2547029 
0.05585825 0.3250839 0.2060667 0.4129912 
0.005474197 0.4189732 0.2124743 0.3630783 
0.06976976 0.409834 0.3176298 0.2027664 
0.03694709 0.4124931 0.2557295 0.2948303 
0.009824777 0.4975278 0.1829025 0.309745 
0.04827111 0.4740954 0.209004 0.2686296 
0.04560603 0.3141064 0.3363079 0.3039797 
0.02767521 0.4031871 0.2468371 0.3223006 
0.01239139 0.4627881 0.2697995 0.255021 
0.01052039 0.4328932 0.2571032 0.2994832 
0.00435251 0.4293965 0.2596823 0.3065687 
0.006435015 0.4278293 0.3817022 0.1840336 
0.01169966 0.3871441 0.3716029 0.2295533 
0.00285449 0.4373507 0.2529718 0.3068231 
0.004590202 0.3676044 0.264052 0.3637534 
0.005210062 0.3486114 0.2802014 0.3659771 
0.008763172 0.3776862 0.282919 0.3306316 
0.02986206 0.4265307 0.2922479 0.2513593 
0.04368723 0.3516749 0.3568838 0.2477542 
0.001173266 0.3658196 0.3058534 0.3271538 
0.0005931799 0.5440428 0.2477565 0.2076074 
0.005441482 0.3896607 0.3351401 0.2697577 
0.008825188 0.4143451 0.2783806 0.2984491 
0.01370438 0.4504325 0.2944687 0.2413944 
0.01014408 0.453382 0.270242 0.2662319 
0.03662012 0.469801 0.2646572 0.2289217 
0.00487743 0.407745 0.2961878 0.2911898 
0.04345103 0.5387651 0.21308 0.2047039 
0.002046222 0.3253774 0.290328 0.3822484 
0.005192342 0.4714064 0.2343914 0.2890098 
0.02511525 0.2548565 0.4173534 0.3026749 
0.01120693 0.371282 0.2845275 0.3329836 
0.003571444 0.4305481 0.2598072 0.3060732 
0.01419228 0.3908739 0.2934709 0.3014629 
5.756667e-05 0.4308088 0.232266 0.3368677 
0.01521675 0.3882279 0.2836883 0.312867 
0.01006551 0.4226118 0.2607516 0.3065711 
0.02828705 0.4071235 0.2639409 0.3006486 
0.0153171 0.3120371 0.3273983 0.3452475 
0.01317709 0.3455293 0.2953664 0.3459272 
0.0242279 0.3504896 0.2709948 0.3542877 
0.003457302 0.4771313 0.2029024 0.316509 
0.06316275 0.3663076 0.2428654 0.3276642 
0.01185516 0.4017213 0.301462 0.2849616 
0.007389973 0.405312 0.2981722 0.2891259 
0.001998822 0.4338548 0.2032439 0.3609025 
0.002673344 0.4636762 0.3237639 0.2098865 
0.002730805 0.4069193 0.2785529 0.311797 
0.0279714 0.4621142 0.2410362 0.2688782 
0.02552796 0.3245052 0.3775063 0.2724606 
0.005508357 0.4353205 0.298408 0.2607632 
0.002081157 0.3666442 0.3113392 0.3199354 
0.09091525 0.3982908 0.2641175 0.2466764 
0.002694516 0.3997214 0.3014383 0.2961458 
0.007827854 0.4076781 0.3442325 0.2402615 
0.003406969 0.4004122 0.2801354 0.3160454 
0.007157681 0.3933423 0.2640078 0.3354922 
0.03569979 0.4225992 0.2802354 0.2614657 
0.02752475 0.4099439 0.2134411 0.3490903 
0.01939781 0.3887348 0.3300758 0.2617916 
0.00776122 0.4009757 0.3037438 0.2875192 
0.007779525 0.5188385 0.2453542 0.2280277 
0.004311779 0.4375696 0.3459655 0.2121531 
0.04173378 0.4463417 0.2649364 0.2469882 
0.00862222 0.3468439 0.3148284 0.3297055 
0.02827488 0.4083008 0.2782091 0.2852153 
0.01547913 0.4728293 0.2585062 0.2531853 
0.01323652 0.383686 0.2566732 0.3464043 
0.02408114 0.3370572 0.3118757 0.326986 
0.001677407 0.3759786 0.2835123 0.3388317 
0.05111841 0.3817505 0.2486028 0.3185283 
0.002527115 0.3966222 0.2177768 0.3830738 
0.01153681 0.4678726 0.2615996 0.258991 
0.003939811 0.3955711 0.3009688 0.2995203 
0.003643297 0.4811913 0.2435264 0.2716389 
0.03819948 0.3643065 0.3563749 0.2411192 
0.05777165 0.4018776 0.2404381 0.2999126 
0.002188514 0.4018306 0.3521029 0.243878 
0.006865031 0.5119201 0.2126959 0.268519 
0.05727201 0.3182853 0.2865156 0.3379271 
0.01308765 0.4164489 0.2519828 0.3184806 
0.009382026 0.357355 0.3111915 0.3220715 
0.05112329 0.4036822 0.273035 0.2721595 
0.01412966 0.3715454 0.2886971 0.3256279 
0.002481104 0.4195579 0.3315417 0.2464193 
0.03048191 0.4132792 0.281005 0.275234 
0.02230601 0.5024661 0.2336871 0.2415407 
0.01880198 0.3934257 0.2766363 0.311136 
0.01376358 0.4019875 0.2900672 0.2941817 
0.0002465825 0.3889021 0.3304788 0.2803725 
0.01576578 0.4199698 0.2982383 0.2660261 
0.01310353 0.407698 0.3418323 0.2373662 
0.0101343 0.4113382 0.2513814 0.3271461 
0.006205935 0.339206 0.3273749 0.3272131 
0.01575213 0.4129494 0.2815729 0.2897255 
0.02487522 0.3597725 0.31923 0.2961222 
0.01353297 0.4339735 0.2393226 0.3131709 
0.0006944178 0.437646 0.2270353 0.3346243 
0.01072151 0.4715573 0.2302671 0.2874541 
0.04963691 0.2963099 0.3808882 0.273165 
0.0255665 0.4096267 0.2363283 0.3284784 
0.0001185422 0.4558518 0.2300362 0.3139935 
0.02072098 0.4455694 0.294309 0.2394006 
0.004459504 0.4416148 0.2996287 0.254297 
0.03158217 0.2859685 0.3536238 0.3288256 
0.006513305 0.4019105 0.2724811 0.3190951 
0.01560304 0.3744006 0.3755832 0.2344132 
0.008307911 0.4290336 0.2377258 0.3249327 
0.001134319 0.4606902 0.2826187 0.2555568 
0.006315125 0.4519963 0.2776799 0.2640087 
0.004633431 0.4408508 0.2963122 0.2582036 
0.0353583 0.4576494 0.2520418 0.2549505 
0.01070718 0.5115978 0.2331014 0.2445937 
0.004809852 0.3858426 0.2729327 0.3364149 
0.02113716 0.3978583 0.2843111 0.2966934 
0.01467773 0.3315865 0.3165153 0.3372204 
0.01269515 0.372267 0.2475833 0.3674546 
0.01981633 0.339719 0.3434287 0.297036 
0.007879858 0.4339645 0.2644875 0.2936681 
0.002146644 0.3896353 0.2810334 0.3271847 
0.01325428 0.4095814 0.2751968 0.3019676 
0.0173814 0.4822977 0.2159685 0.2843525 
0.04381515 0.3621068 0.3036743 0.2904038 
0.003406085 0.4718718 0.2970315 0.2276906 
0.003524859 0.3832119 0.3550935 0.2581698 
0.0298791 0.4733192 0.2341819 0.2626198 
0.01379125 0.3446021 0.3304495 0.3111572 
0.03146087 0.4540589 0.2158603 0.29862 
0.001834683 0.4196469 0.230881 0.3476374 
0.01544231 0.4339533 0.3016755 0.248929 
0.0396421 0.3699617 0.24999 0.3404062 
0.004746584 0.4186343 0.242757 0.3338621 
0.01143109 0.3379268 0.2521943 0.3984478 
0.007134203 0.3989169 0.2842016 0.3097473 
0.003606294 0.4208985 0.2624547 0.3130405 
0.02094601 0.363017 0.3439186 0.2721185 
0.01790333 0.4364979 0.2189726 0.3266261 
0.01848683 0.3500637 0.3317942 0.2996554 
0.04089382 0.4099831 0.3342405 0.2148825 
0.01878252 0.4145932 0.3268528 0.2397715 
0.01222929 0.3909806 0.2989979 0.2977922 
0.006682384 0.3931866 0.2747675 0.3253635 
0.01999593 0.3936128 0.2941998 0.2921914 
0.02512739 0.3571209 0.2823513 0.3354004 
0.01166853 0.4401602 0.2255029 0.3226684 
0.04990151 0.4002695 0.2796642 0.2701648 
0.005501878 0.4215776 0.3405609 0.2323596 
0.01693602 0.428018 0.2396192 0.3154267 
0.001793823 0.4068345 0.2713148 0.3200568 
0.01637789 0.3359777 0.3011259 0.3465185 
0.03325297 0.393804 0.2991464 0.2737967 
0.004319425 0.4179408 0.314812 0.2629277 
0.01300581 0.356106 0.271099 0.3597892 
0.002604092 0.3863926 0.3531381 0.2578652 
0.006395031 0.3713566 0.2831638 0.3390846 
0.001584062 0.3386322 0.3083285 0.3514552 
0.003583067 0.3117113 0.3280651 0.3566405 
0.00989011 0.3293527 0.2942334 0.3665238 
0.01714388 0.4134529 0.3197345 0.2496687 
0.04694803 0.4121134 0.3080108 0.2329277 
0.01426114 0.3707694 0.2304072 0.3845623 
0.01728558 0.3865087 0.202742 0.3934637 
0.01930895 0.4434356 0.2372007 0.3000547 
0.02370069 0.3770162 0.3307458 0.2685373 
0.0003457905 0.4590605 0.2695422 0.2710515 
0.007237587 0.4014861 0.2488963 0.34238 
0.02252887 0.3240786 0.3469731 0.3064194 
0.0008138947 0.393116 0.3018307 0.3042394 
0.009225658 0.4041733 0.2752349 0.3113662 
0.0006336487 0.445943 0.2212604 0.3321629 
0.03755398 0.4012815 0.2928599 0.2683046 
0.01895662 0.426829 0.3165499 0.2376644 
0.02838635 0.3364656 0.3081383 0.3270098 
0.028636 0.3716864 0.3242967 0.2753808 
0.001600532 0.3886937 0.2874397 0.3222661 
0.02274288 0.4194381 0.3087435 0.2490756 
0.06799475 0.4189989 0.2296212 0.2833851 
0.01918948 0.3839184 0.2209974 0.3758947 
0.007288558 0.3502789 0.2998322 0.3426003 
0.006588632 0.4630396 0.2406228 0.289749 
0.02507473 0.3587713 0.2829514 0.3332026 
0.008850767 0.3455836 0.2438181 0.4017475 
0.05736408 0.3462849 0.2496351 0.3467159 
0.01351478 0.2581934 0.3123589 0.4159328 
0.02110192 0.4004543 0.2983283 0.2801155 
0.008535998 0.3912361 0.3603362 0.2398916 
0.01502359 0.3518862 0.3045974 0.3284929 
0.002216753 0.3695704 0.3487129 0.2794999 
0.01993453 0.4489688 0.2670091 0.2640875 
0.0002778733 0.4100651 0.2733086 0.3163484 
0.04573854 0.3774095 0.2309201 0.3459319 
0.004486054 0.4555506 0.2854859 0.2544774 
0.03552736 0.3697993 0.2935986 0.3010748 
0.02200842 0.3960489 0.2379181 0.3440246 
0.008513791 0.4127567 0.2727133 0.3060162 
0.03386604 0.3882588 0.2515809 0.3262943 
0.003250457 0.3649766 0.3358804 0.2958925 
0.007368111 0.4283071 0.2578677 0.3064571 
0.0004621586 0.4449835 0.3120205 0.2425338 
0.0812624 0.3982666 0.2895798 0.2308912 
0.02565746 0.3871376 0.314621 0.2725839 
0.01549951 0.5162577 0.1853973 0.2828454 
0.03150006 0.3250611 0.303176 0.3402628 
0.009717393 0.448918 0.2572728 0.2840919 
0.001254866 0.4316875 0.2951545 0.2719031 
0.003270335 0.5065106 0.2707901 0.219429 
0.0004639813 0.405673 0.2486609 0.3452021 
0.03590343 0.4456651 0.194717 0.3237145 
0.01816637 0.3840758 0.3010983 0.2966595 
0.02738274 0.4531099 0.2564027 0.2631046 
0.009482511 0.3866761 0.3462591 0.2575823 
0.00789969 0.357445 0.2977409 0.3369145 
0.001667904 0.3610025 0.2857738 0.3515558 
0.03577294 0.3573886 0.3143491 0.2924894 
0.004121876 0.3479101 0.3395575 0.3084106 
0.02233505 0.4387558 0.208742 0.3301671 
0.007584189 0.5174723 0.25337 0.2215735 
0.03137476 0.3203396 0.3620063 0.2862794 
0.003947099 0.3432973 0.324109 0.3286466 
0.02223505 0.4240647 0.2446274 0.3090729 
0.0002335616 0.4754876 0.2678852 0.2563936 
0.001890882 0.3771622 0.2863381 0.3346088 
0.01101336 0.3229461 0.3077821 0.3582585 
0.01334509 0.3960139 0.2522521 0.338389 
0.007617585 0.4510836 0.2838757 0.2574231 
0.03315818 0.4102206 0.2778501 0.2787711 
0.02303363 0.4331532 0.3221141 0.2216991 
0.01599245 0.4696128 0.212197 0.3021978 
0.00340584 0.4182966 0.322389 0.2559086 
0.009528866 0.4120264 0.2885145 0.2899303 
0.001438794 0.3682728 0.274601 0.3556874 
0.0001722666 0.3694635 0.248994 0.3813703 
0.01026385 0.4254925 0.2834157 0.280828 
0.009780817 0.4355632 0.2805585 0.2740975 
0.03824339 0.3561952 0.3444461 0.2611153 
0.01328722 0.4360871 0.2670685 0.2835572 
0.01320525 0.461006 0.2221657 0.3036231 
0.0103035 0.4027605 0.3346369 0.2522991 
0.001462334 0.405597 0.3185017 0.274439 
0.02602938 0.4100111 0.1742203 0.3897392 
0.0009221465 0.4208911 0.2458741 0.3323127 
0.00891289 0.3221275 0.3037946 0.365165 
0.03882722 0.3566743 0.2728007 0.3316978 
0.05152479 0.3155249 0.3586324 0.2743179 
0.01356484 0.4435897 0.183925 0.3589205 
0.00168751 0.4008908 0.2341357 0.363286 
0.02242516 0.4381597 0.1749267 0.3644885 
0.02121578 0.4200791 0.2359087 0.3227964 
0.007235662 0.386102 0.3488905 0.2577719 
0.000474936 0.4008568 0.3384024 0.2602658 
0.04155852 0.3734823 0.2080391 0.3769201 
0.02558533 0.3506242 0.3153166 0.3084738 
0.01503103 0.4893598 0.2537504 0.2418588 
0.006193478 0.3889579 0.3142782 0.2905705 
0.03895731 0.4155506 0.2617694 0.2837227 
0.02972532 0.4394599 0.3023496 0.2284653 
0.003150633 0.4148144 0.2847383 0.2972967 
0.03799186 0.4605884 0.2436236 0.2577961 
0.01053471 0.398934 0.345071 0.2454603 
0.04334119 0.3955165 0.312178 0.2489643 
0.03673084 0.3497347 0.2923099 0.3212246 
0.0009709169 0.4129372 0.2342747 0.3518172 
0.01430158 0.3695166 0.3986541 0.2175277 
0.02631437 0.4395274 0.1687797 0.3653786 
0.006873794 0.4219104 0.3191243 0.2520915 
0.001438304 0.3901674 0.2716952 0.336699 
0.007192177 0.3532131 0.3069052 0.3326895 
0.001587867 0.3890711 0.32733 0.282011 
0.009812463 0.4003796 0.2645756 0.3252323 
0.00709466 0.3584512 0.2789125 0.3555416 
0.031117 0.4947673 0.2611868 0.2129288 
0.02720575 0.3888524 0.3077934 0.2761485 
0.01816782 0.3989753 0.2872093 0.2956476 
0.0002011537 0.4322475 0.2062355 0.3613159 
0.02187448 0.4682793 0.257408 0.2524382 
0.04274026 0.3277148 0.3180428 0.3115021 
0.001658635 0.3535334 0.2459726 0.3988353 
0.01178578 0.428307 0.3070554 0.2528518 
0.0001287489 0.3906732 0.2788604 0.3303376 
0.009131089 0.3936062 0.3496522 0.2476105 
0.001316663 0.3591513 0.2820847 0.3574474 
0.0009344761 0.3964316 0.2936048 0.3090291 
0.001760632 0.5106717 0.24029 0.2472777 
0.009347946 0.3791183 0.2840299 0.3275039 
0.01436833 0.3467132 0.2909546 0.3479638 
0.004703168 0.452545 0.2734695 0.2692823 
0.01164689 0.4435359 0.2715031 0.2733141 
0.08013624 0.2723795 0.322374 0.3251103 
0.001165491 0.4365068 0.293302 0.2690256 
0.04022046 0.3858719 0.3116777 0.2622299 
0.002751031 0.5033562 0.2613252 0.2325675 
0.0001788647 0.3408908 0.2658364 0.3930939 
0.00535418 0.4702213 0.2750399 0.2493845 
0.001510967 0.3943547 0.277916 0.3262183 
0.006047052 0.4522434 0.2635631 0.2781464 
0.007860914 0.3826592 0.2663952 0.3430847 
0.04117264 0.4434801 0.2779456 0.2374017 
0.02720705 0.3457338 0.2556121 0.371447 
0.07909953 0.5021486 0.1627395 0.2560123 
0.01357843 0.4642711 0.2475749 0.2745756 
0.05159885 0.4459301 0.2487213 0.2537498 
0.002484833 0.4552211 0.2855879 0.2567062 
0.03002232 0.3444339 0.3152674 0.3102764 
0.004876552 0.3619337 0.2659482 0.3672416 
0.02278227 0.3807566 0.2360355 0.3604256 
0.03265718 0.3800113 0.2553622 0.3319693 
0.02684911 0.4083774 0.3177966 0.2469769 
0.01965562 0.3411054 0.2895977 0.3496412 
0.02427372 0.4110007 0.2834217 0.2813038 
0.01492591 0.4475721 0.1663855 0.3711164 
0.02461001 0.4078696 0.262787 0.3047333 
0.00615721 0.3565889 0.2736134 0.3636404 
0.00633562 0.496097 0.2616699 0.2358975 
0.02030347 0.4987738 0.1596434 0.3212794 
0.00987499 0.3073334 0.3636719 0.3191197 
0.01420229 0.4399628 0.2850205 0.2608144 
0.008878364 0.4290821 0.2626463 0.2993932 
0.01058655 0.443658 0.303395 0.2423605 
0.004165238 0.4178663 0.1930954 0.384873 
0.0704229 0.373238 0.1947148 0.3616243 
0.005068771 0.4071146 0.3249627 0.2628539 
0.006904615 0.3561618 0.2550228 0.3819107 
0.001205613 0.468576 0.2104527 0.3197656 
0.03176317 0.3795999 0.2341114 0.3545255 
0.01023442 0.4212789 0.2931603 0.2753263 
0.005699787 0.3956571 0.2690913 0.3295518 
0.06893265 0.3357958 0.256916 0.3383555 
0.02764818 0.3639777 0.3046374 0.3037367 
0.009081501 0.4471757 0.2326637 0.3110791 
0.01239554 0.46532 0.2331172 0.2891672 
0.002911241 0.4331502 0.2262155 0.3377231 
0.0004349218 0.4085208 0.2833891 0.3076552 
0.00298068 0.498709 0.2504457 0.2478646 
0.01692143 0.4288142 0.2807139 0.2735505 
0.0008471593 0.4404376 0.3073239 0.2513913 
0.02958204 0.4582697 0.2376275 0.2745208 
0.0002866644 0.4257099 0.2711658 0.3028376 
0.04720162 0.3857834 0.2677519 0.2992631 
0.003767898 0.4659032 0.2244562 0.3058728 
0.009525679 0.45752 0.2989026 0.2340518 
0.009604407 0.4459702 0.2926993 0.2517261 
0.005164656 0.4243222 0.3128245 0.2576886 
0.02114154 0.3671768 0.2924996 0.319182 
0.006480744 0.502915 0.2133564 0.2772478 
0.01377996 0.3946729 0.2947522 0.296795 
0.01838341 0.3811719 0.304137 0.2963077 
0.003981946 0.3786766 0.2533486 0.3639929 
0.02364184 0.4904787 0.2258021 0.2600774 
0.02736387 0.41315 0.2744431 0.285043 
0.0228745 0.4147543 0.3589972 0.2033739 
0.002298523 0.4511107 0.2550685 0.2915222 
0.004451658 0.4063721 0.2772875 0.3118887 
0.003890263 0.3670433 0.3371351 0.2919313 
0.00632874 0.4140586 0.2681585 0.3114542 
0.03128931 0.4362771 0.1979465 0.3344871 
0.01755389 0.3218917 0.2620412 0.3985132 
0.006824371 0.4167752 0.2206352 0.3557652 
0.01672577 0.4063792 0.3119775 0.2649176 
0.02586494 0.4526286 0.2498651 0.2716413 
0.01350662 0.408894 0.2850578 0.2925415 
0.01197856 0.3978337 0.3385194 0.2516683 
0.002885988 0.3740656 0.3382295 0.2848189 
0.01666968 0.4372162 0.2529227 0.2931915 
0.008563845 0.3869151 0.3127924 0.2917286 
0.01473485 0.491938 0.2392943 0.2540328 
0.04136991 0.3599581 0.2818836 0.3167884 
0.0007459223 0.4865901 0.2290532 0.2836108 
0.0002416586 0.4713139 0.2619897 0.2664548 
0.01211982 0.3679684 0.3795963 0.2403155 
0.00539077 0.4261829 0.280052 0.2883743 
0.01423768 0.4311732 0.3538598 0.2007293 
0.01045059 0.4567039 0.2573506 0.275495 
0.07360128 0.4349093 0.2308969 0.2605926 
0.009711952 0.3596351 0.3771739 0.2534791 
0.01191385 0.344711 0.2758251 0.3675501 
0.01395372 0.3999012 0.246218 0.3399271 
0.008306109 0.4707049 0.2864411 0.2345478 
0.009443762 0.4245717 0.2984794 0.2675051 
0.00949694 0.4315626 0.26875 0.2901905 
0.04404964 0.4035991 0.1895316 0.3628196 
0.02101327 0.3811778 0.3419634 0.2558456 
0.02939257 0.402403 0.2656573 0.3025471 
0.07651581 0.3437185 0.2580296 0.3217361 
0.01069738 0.4353102 0.268017 0.2859754 
0.006049715 0.3629208 0.2891455 0.3418839 
0.0412267 0.478342 0.2685321 0.2118993 
0.009252862 0.3938825 0.2303995 0.3664652 
0.01299158 0.4736071 0.2731491 0.2402522 
0.002138414 0.370474 0.3220225 0.3053651 
0.01232186 0.3987403 0.2852729 0.3036649 
0.04153713 0.4218387 0.2077698 0.3288543 
0.006240009 0.4312913 0.3138274 0.2486413 
0.004670678 0.359402 0.2763023 0.3596249 
0.03400912 0.4369449 0.2162032 0.3128428 
0.03367937 0.3830716 0.2496917 0.3335573 
0.02042968 0.390645 0.246039 0.3428863 
0.008112365 0.3790726 0.211574 0.4012411 
0.01015589 0.3869679 0.3113934 0.2914828 
0.01274369 0.391502 0.2575987 0.3381556 
0.007619768 0.3943919 0.2669527 0.3310356 
0.005323524 0.3377694 0.35179 0.305117 
0.0123979 0.4413101 0.2970086 0.2492834 
0.009629716 0.4779163 0.2530745 0.2593795 
0.01242393 0.3676986 0.3188712 0.3010063 
0.03129195 0.3856433 0.3022617 0.2808031 
0.004801554 0.5008954 0.2683569 0.2259461 
0.02341971 0.5013785 0.1802478 0.2949539 
0.01006178 0.3673884 0.2561676 0.3663822 
0.03300819 0.4527928 0.2765875 0.2376114 
0.0008112654 0.3817863 0.2828062 0.3345962 
0.03408193 0.4239199 0.2127923 0.3292059 
0.008208525 0.3698541 0.2531692 0.3687681 
0.02650448 0.4209441 0.2154995 0.3370519 
0.006193274 0.445116 0.2468358 0.3018549 
0.03242161 0.4324762 0.2666707 0.2684315 
0.002177406 0.3333499 0.3239141 0.3405586 
0.002085291 0.4496946 0.2596129 0.2886072 
0.009385232 0.3923434 0.2401024 0.358169 
0.03210289 0.3835117 0.1802468 0.4041386 
0.006059479 0.4450043 0.237111 0.3118253 
0.01132961 0.4195673 0.217421 0.3516821 
0.02000772 0.4503141 0.2888898 0.2407884 
0.009254099 0.4990585 0.1997819 0.2919055 
0.00200493 0.4591027 0.2934735 0.2454189 
0.01216139 0.4101147 0.2377339 0.33999 
0.01381696 0.4735684 0.3106803 0.2019343 
0.01159846 0.3916196 0.3026719 0.2941101 
0.01293586 0.2959158 0.2903968 0.4007515 
0.009945415 0.3384408 0.3209719 0.3306418 
0.07626064 0.3613355 0.2994958 0.2629081 
0.02511718 0.354174 0.3519972 0.2687116 
0.006762458 0.4500052 0.2763378 0.2668945 
0.03885916 0.3481694 0.2600322 0.3529392 
0.04947783 0.3705268 0.2772021 0.3027933 
0.02500319 0.3553908 0.3211149 0.298491 
0.01779933 0.293386 0.3383883 0.3504264 
0.01429933 0.4021586 0.2478529 0.3356892 
0.005621821 0.4771537 0.2600282 0.2571963 
0.009151626 0.4042425 0.2871014 0.2995044 
0.0010051 0.4407951 0.2429257 0.3152741 
0.006705974 0.3959022 0.2592877 0.3381041 
0.01986608 0.3966298 0.2821517 0.3013524 
0.0164798 0.3210473 0.3322687 0.3302041 
0.008880601 0.428404 0.2421927 0.3205227 
0.03986883 0.3291277 0.3245855 0.3064179 
0.0005692527 0.4328378 0.2924978 0.2740951 
0.00023265 0.5189714 0.2449382 0.2358578 
0.004969651 0.3908504 0.331309 0.2728709 
0.001007287 0.4890337 0.2309626 0.2789964 
0.0111433 0.4535301 0.3078951 0.2274315 
0.02916886 0.3188361 0.3402594 0.3117356 
0.006611662 0.4024728 0.3038482 0.2870672 
0.003004762 0.3915328 0.2774486 0.3280139 
0.006586455 0.4499813 0.2263135 0.3171188 
0.06634936 0.391253 0.273644 0.2687537 
0.004069493 0.3686175 0.2440398 0.3832732 
0.008655447 0.5325897 0.1954777 0.2632772 
0.01475444 0.4098822 0.2277762 0.3475871 
0.01702569 0.2989894 0.3152271 0.3687578 
0.01715527 0.4478719 0.1907982 0.3441746 
0.01429668 0.4636586 0.2967886 0.2252561 
0.04094811 0.3666256 0.2921482 0.3002781 
0.01558179 0.4762748 0.1931363 0.3150071 
0.009971088 0.3645742 0.3049389 0.3205159 
0.08681456 0.3385438 0.2542971 0.3203444 
0.0180843 0.5129321 0.2251832 0.2438004 
0.04923386 0.3909137 0.322252 0.2376005 
0.02592606 0.3866562 0.2532561 0.3341617 
0.007695781 0.5116811 0.1867609 0.2938622 
0.02222482 0.3780127 0.2749744 0.3247881 
0.01086092 0.3925249 0.3007543 0.2958598 
0.02546919 0.4672596 0.2152525 0.2920188 
0.01877236 0.3754379 0.3047002 0.3010896 
0.02630043 0.4237766 0.2772211 0.2727019 
0.03219816 0.4198296 0.3021996 0.2457727 
0.004455984 0.3491578 0.3185526 0.3278336 
0.02800714 0.4368682 0.2839616 0.2511631 
0.03266945 0.4702429 0.2382117 0.2588759 
0.00553079 0.4944084 0.2063605 0.2937004 
0.01826512 0.4050267 0.2777726 0.2989355 
0.001304979 0.4403895 0.3445728 0.2137328 
0.007959918 0.3867167 0.2601321 0.3451913 
0.001192282 0.4874176 0.2404651 0.2709251 
0.03905225 0.3932722 0.2621273 0.3055482 
0.01421505 0.3901661 0.2672498 0.328369 
0.04989248 0.3419911 0.2984917 0.3096247 
0.01432497 0.4277717 0.2851165 0.2727869 
0.002758632 0.5070256 0.2352069 0.2550089 
0.00973163 0.3618387 0.3010036 0.3274261 
0.002590241 0.4034643 0.2359794 0.357966 
0.102833 0.2720858 0.3121161 0.3129651 
