"p_1" "p_2" "p_3" "p_4"
0.3936847 0.01426039 0.308283 0.2837719
0.3736034 0.00203758 0.3201607 0.3041983
0.394105 0.013218 0.2780345 0.3146425
0.3602513 8.765374e-06 0.3468071 0.2929329
0.3860442 0.003769385 0.3142446 0.2959418
0.3597376 0.003250461 0.3213711 0.3156409
0.3934696 0.001602498 0.3034492 0.3014786
0.3986631 0.0002636503 0.2768853 0.3241879
0.4028691 0.001113814 0.3197687 0.2762485
0.3786109 0.002795871 0.3291708 0.2894224
0.3869946 3.091678e-05 0.3021665 0.3108081
0.3869035 0.006995065 0.3193056 0.2867958
0.3570845 0.009312284 0.3546746 0.2789286
0.3819282 0.001774053 0.3096556 0.3066422
0.3829539 0.004950633 0.3150791 0.2970164
0.4098096 0.003180749 0.2985445 0.2884651
0.3881211 0.0008146257 0.321016 0.2900483
0.4196046 0.004227653 0.2984065 0.2777612
0.3813233 0.002183949 0.316076 0.3004167
0.4080193 0.003107452 0.3120909 0.2767823
0.3866451 0.0007361744 0.323676 0.2889427
0.4066546 0.002879435 0.3282863 0.2621796
0.3809933 0.001114816 0.3018661 0.3160258
0.4064545 0.01103399 0.2929142 0.2895973
0.3833555 0.001101298 0.2931991 0.3223441
0.3727527 9.543827e-05 0.3318302 0.2953217
0.4104352 0.0009315675 0.3080752 0.2805581
0.4009159 0.004247567 0.3116575 0.283179
0.4234213 0.005943529 0.2779809 0.2926543
0.3588222 0.01008382 0.3264757 0.3046183
0.3717909 0.003361084 0.3377348 0.2871133
0.3962653 0.00304454 0.3484353 0.2522549
0.3670035 0.01116464 0.3165735 0.3052584
0.4041907 0.001370596 0.3207942 0.2736445
0.3885503 0.002153809 0.298388 0.3109079
0.3639208 0.00195838 0.3457838 0.2883371
0.3901018 0.001197558 0.3251295 0.2835711
0.3860054 0.0007732949 0.3029911 0.3102303
0.377638 0.003196061 0.3128081 0.3063579
0.4126519 0.002479676 0.3085821 0.2762864
0.3772273 0.00552653 0.3228919 0.2943542
0.3951591 0.003846224 0.3188564 0.2821382
0.3798715 0.008260376 0.3261777 0.2856905
0.3928512 0.009923391 0.3008245 0.2964009
0.3958084 0.0033898 0.3137233 0.2870785
0.3679248 0.003903343 0.3231319 0.3050399
0.3575102 0.0007395306 0.335382 0.3063683
0.3838599 0.00220027 0.3286064 0.2853334
0.4025369 1.846556e-05 0.2950836 0.3023611
0.4089203 0.003361276 0.2994784 0.28824
0.4119777 0.007073039 0.3103263 0.270623
0.3891047 0.0003905682 0.3066936 0.3038111
0.3888299 0.0008148875 0.3109621 0.2993931
0.4135782 0.005820005 0.2961599 0.2844419
0.3748893 0.002212999 0.3175802 0.3053175
0.3758643 0.00217395 0.3241109 0.2978509
0.3718335 0.008081863 0.329609 0.2904756
0.3888043 0.00128017 0.3239559 0.2859597
0.3889902 0.001461994 0.3220878 0.28746
0.3974376 0.005389046 0.3108538 0.2863196
0.3800539 0.003645307 0.3261239 0.2901769
0.4060151 0.001164673 0.3028246 0.2899956
0.390484 0.009483679 0.3231353 0.276897
0.3926437 0.0008827414 0.3096476 0.2968259
0.3983877 0.002833183 0.3031125 0.2956666
0.3817092 0.01032335 0.3142724 0.293695
0.3721437 0.0004197592 0.3186936 0.308743
0.4017184 0.002573901 0.2991698 0.2965379
0.3832511 0.00785097 0.3197532 0.2891448
0.3939359 0.004231467 0.3309453 0.2708873
0.4091314 0.0008626643 0.3009072 0.2890988
0.3723785 0.005159857 0.3297395 0.2927221
0.3870881 0.005974947 0.2950789 0.3118581
0.3693603 0.00440491 0.3036564 0.3225784
0.3649235 0.01940318 0.3150403 0.300633
0.4017767 0.003878448 0.2995116 0.2948333
0.3787855 0.001443745 0.3332577 0.286513
0.3911358 0.002839118 0.3025287 0.3034963
0.3945546 0.007613031 0.314107 0.2837254
0.3830217 0.002183131 0.3169398 0.2978554
0.3717617 0.009164843 0.3275993 0.2914742
0.3553206 0.008936231 0.3366859 0.2990573
0.3604741 0.01492498 0.3306372 0.2939638
0.4051964 0.0006231096 0.2955135 0.298667
0.3637266 0.007374074 0.3226581 0.3062412
0.4215304 0.0004192742 0.301639 0.2764114
0.3963426 0.01445023 0.3016491 0.287558
0.4004041 0.0125196 0.3016376 0.2854387
0.3705917 0.01297936 0.3143008 0.3021281
0.3708777 0.004124162 0.3142407 0.3107574
0.3835228 0.0008106543 0.3221562 0.2935104
0.3821074 0.001507387 0.31538 0.3010052
0.4140172 0.00226372 0.2948343 0.2888848
0.3995868 0.002211779 0.3269155 0.2712859
0.3901626 0.00246043 0.2795975 0.3277794
0.3892118 0.01009883 0.2960184 0.3046709
0.365397 0.0005027526 0.3294431 0.3046572
0.4015658 0.007289109 0.2937245 0.2974206
0.4001542 0.002924535 0.3067046 0.2902166
0.3934802 0.006037186 0.3224166 0.278066
0.4124071 0.0004914178 0.3040865 0.283015
0.3893631 0.001032165 0.3364988 0.2731059
0.3882439 0.007767764 0.3139475 0.2900407
0.3937626 0.006505303 0.3060602 0.293672
0.417448 0.0005014094 0.2803388 0.3017118
0.3623187 0.003411288 0.3285419 0.3057281
0.3651364 0.001421979 0.3176993 0.3157423
0.37948 0.008938486 0.3042572 0.3073243
0.3828627 0.006692965 0.3088903 0.3015541
0.3886814 0.001541896 0.3177532 0.2920235
0.3869384 0.0064892 0.3150495 0.2915229
0.3940354 0.004231585 0.3051654 0.2965676
0.4020988 0.001403258 0.3178903 0.2786076
0.3905435 0.002050195 0.3219588 0.2854475
0.3698609 0.0009486765 0.3001969 0.3289936
0.3574775 0.01152133 0.3252204 0.3057808
0.3923647 0.008862863 0.2996034 0.299169
0.417718 0.004933667 0.3012067 0.2761417
0.4063124 0.0004720209 0.3050161 0.2881994
0.3671783 0.001329628 0.3473478 0.2841443
0.3630538 0.003364229 0.3191453 0.3144367
0.3620629 0.001799442 0.3244004 0.3117373
0.4097032 0.001076539 0.3134011 0.2758192
0.4083355 0.00196149 0.3072845 0.2824186
0.4095127 0.006264256 0.2966572 0.2875658
0.3598809 0.004108763 0.3314163 0.3045941
0.386102 0.002004941 0.3079318 0.3039613
0.356541 0.01077651 0.3314179 0.3012646
0.3624683 0.00667139 0.3078871 0.3229732
0.3933434 0.005754203 0.3057698 0.2951326
0.3997645 0.006509036 0.296232 0.2974945
0.3966915 0.009601663 0.302834 0.2908728
0.3785244 0.007172864 0.3142652 0.3000376
0.4051848 0.007979936 0.3141634 0.2726719
0.4135555 0.002156659 0.3084713 0.2758166
0.3962058 0.005192694 0.2999679 0.2986336
0.4157646 0.001965225 0.2979282 0.284342
0.4028851 0.00014989 0.2882654 0.3086996
0.3631524 0.004630324 0.3222403 0.3099769
0.4088368 0.002756658 0.2993174 0.2890892
0.389602 0.001988507 0.3086106 0.2997989
0.4113932 0.001507459 0.2934078 0.2936914
0.3632112 0.0048069 0.3140015 0.3179803
0.4258578 0.002993098 0.2734613 0.2976878
0.4001855 0.0009917348 0.3024859 0.2963368
0.3686748 0.001609009 0.3313659 0.2983503
0.4003597 0.003677847 0.3009948 0.2949676
0.4231639 0.0009970277 0.3019326 0.2739065
0.4025278 0.001957815 0.3085926 0.2869217
0.3960932 0.0132753 0.3120125 0.2786191
0.3868344 0.007902087 0.3064052 0.2988583
0.3558985 0.002254868 0.3332777 0.3085689
0.3704359 0.00428213 0.318099 0.307183
0.4129903 0.001716791 0.3032118 0.2820811
0.3740813 0.0002989219 0.3133008 0.312319
0.4095483 0.005825869 0.3116045 0.2730214
0.371123 0.0008478133 0.3405767 0.2874525
0.409826 0.002569981 0.3058744 0.2817296
0.4031016 0.00486487 0.3056423 0.2863913
0.371753 0.003849711 0.3103623 0.314035
0.3764387 0.009527757 0.3127956 0.3012379
0.3786325 0.003324025 0.3058413 0.3122022
0.3664672 0.001708146 0.3160758 0.3157489
0.375513 3.77003e-05 0.3277868 0.2966625
0.3630306 0.01129925 0.3271675 0.2985026
0.3781883 0.01338071 0.328383 0.280048
0.4076055 0.003227418 0.3117693 0.2773978
0.3658701 0.00516944 0.3378708 0.2910897
0.404368 0.002247767 0.3065082 0.2868761
0.3779568 0.003214158 0.3010713 0.3177577
0.4099041 0.0001343255 0.280642 0.3093196
0.3827498 0.003071937 0.3083528 0.3058255
0.4038971 0.0005208736 0.3016049 0.2939771
0.364533 0.007804486 0.3227868 0.3048758
0.3775622 0.001573707 0.3180833 0.3027807
0.4083236 0.001579548 0.2731454 0.3169514
0.4102781 0.003564086 0.295019 0.2911388
0.3923917 0.001099404 0.3117515 0.2947574
0.3785774 0.002484395 0.2995685 0.3193698
0.387558 0.001380705 0.3295332 0.2815281
0.3758887 0.001222523 0.2947615 0.3281272
0.4049888 0.00587815 0.3191805 0.2699526
0.3625014 0.002480038 0.3266207 0.3083979
0.4042962 0.0002040917 0.3125776 0.2829221
0.3621 0.001499388 0.3190593 0.3173413
0.376415 0.007989686 0.3112712 0.3043242
0.3877253 0.0007812505 0.3114398 0.3000536
0.3884109 0.001159599 0.3274761 0.2829534
0.4124748 0.003476037 0.2904999 0.2935492
0.414052 5.522607e-05 0.312724 0.2731688
0.3842102 0.002620739 0.3085437 0.3046253
0.3645099 0.001302899 0.3268125 0.3073747
0.392406 0.007249956 0.2924926 0.3078515
0.3875355 0.001006666 0.3250335 0.2864243
0.3821761 0.01830878 0.3198646 0.2796505
0.404043 0.002196846 0.2979926 0.2957676
0.3948584 0.002663368 0.3161061 0.2863722
0.3943795 0.002521544 0.3302311 0.2728679
0.3855276 0.00301351 0.3398117 0.2716472
0.4034197 0.007130793 0.3073464 0.2821031
0.3544329 0.005212773 0.3578275 0.2825268
0.4181578 0.002890973 0.2980736 0.2808776
0.3916353 0.002782262 0.309005 0.2965774
0.3949096 0.0005421087 0.3294324 0.2751159
0.4058642 0.001377082 0.2949088 0.2978499
0.3521467 0.001648755 0.3319127 0.3142919
0.3943492 0.001937148 0.3164171 0.2872965
0.417124 0.005446135 0.297203 0.2802269
0.3765676 0.0124014 0.3088448 0.3021862
0.3803402 0.006160545 0.3022828 0.3112164
0.3971549 0.004785203 0.3126318 0.2854281
0.3976096 0.008678267 0.3162941 0.277418
0.3905778 0.001638103 0.3129913 0.2947927
0.4030291 0.002617794 0.3015281 0.292825
0.3947153 0.006094778 0.2971473 0.3020427
0.3860195 7.473151e-05 0.3010413 0.3128645
0.3751174 0.002966359 0.3027959 0.3191203
0.3973676 0.01006124 0.3011384 0.2914328
0.3479041 0.04537582 0.34017 0.2665501
0.3766107 0.004053058 0.2996674 0.3196689
0.3962983 0.007641916 0.3091172 0.2869425
0.3812099 0.01062147 0.3006942 0.3074744
0.3887708 0.008467783 0.3320052 0.2707563
0.4150567 0.003459123 0.2934999 0.2879842
0.3909038 0.00736869 0.3018172 0.2999103
0.3932064 0.0004164935 0.3012962 0.3050809
0.3522535 0.01526591 0.3296218 0.3028588
0.3653161 0.003263973 0.327197 0.3042229
0.3944551 0.002149219 0.3415228 0.2618729
0.3980945 0.001058803 0.3036307 0.297216
0.3965956 0.01268645 0.2949108 0.2958072
0.4123132 0.0008941603 0.310103 0.2766897
0.3973693 0.008355476 0.3100398 0.2842354
0.3669452 0.00934198 0.3278527 0.2958601
0.4007386 0.007215346 0.2816686 0.3103774
0.4002844 0.0006198077 0.3011676 0.2979282
0.3856039 0.01312746 0.3079434 0.2933252
0.3860005 0.007172908 0.3164519 0.2903746
0.4234189 0.003074726 0.2736939 0.2998125
0.3777485 0.002530669 0.3159965 0.3037244
0.3806029 0.005172046 0.3185472 0.2956779
0.4121519 0.0008725656 0.2896467 0.2973289
0.4022959 0.005712621 0.2970012 0.2949903
0.3768566 0.003765762 0.3180443 0.3013333
0.377258 0.006672385 0.3283667 0.2877029
0.3543697 0.01666937 0.3249886 0.3039723
0.4066086 0.002497982 0.2985015 0.2923919
0.3768798 0.009298569 0.3282067 0.2856149
0.3979367 0.004396557 0.3132914 0.2843753
0.371014 0.001839478 0.3292416 0.2979049
0.4189482 0.001619156 0.2976828 0.2817499
0.4047063 0.00462472 0.2947013 0.2959677
0.386299 0.00439355 0.3101456 0.2991619
0.3946626 0.001985924 0.2972734 0.3060781
0.3926934 0.004047137 0.306727 0.2965325
0.3796951 0.01042509 0.2970347 0.3128451
0.3888963 0.0007644281 0.3307699 0.2795694
0.3846536 0.001269224 0.3268722 0.287205
0.4008704 0.001185216 0.2896292 0.3083151
0.3772254 0.01721807 0.3139163 0.2916402
0.3854507 0.002337734 0.311114 0.3010976
0.4040043 0.002564094 0.288984 0.3044476
0.4155098 0.008897267 0.2898008 0.2857922
0.4009413 0.01299968 0.3043445 0.2817145
0.3962845 0.002241957 0.3029851 0.2984884
0.3810848 0.003862671 0.3055012 0.3095513
0.3944661 0.004530786 0.319015 0.2819881
0.3816722 0.006558629 0.3039092 0.30786
0.3834704 0.002553798 0.2866868 0.327289
0.3958771 0.0002598314 0.2887964 0.3150668
0.3848764 0.00264888 0.3294387 0.283036
0.3924139 0.003608341 0.3005786 0.3033991
0.3792317 0.002188766 0.2919444 0.3266351
0.371067 0.006712909 0.3264691 0.2957509
0.3934559 0.0004096663 0.3158673 0.290267
0.4058301 0.01027798 0.3001437 0.2837482
0.3993888 0.005360753 0.2982349 0.2970155
0.3921301 0.0008711957 0.2993031 0.3076956
0.3888713 0.0008477076 0.333918 0.276363
0.4197638 0.003311145 0.2874195 0.2895056
0.3790293 0.0002733102 0.3194269 0.3012705
0.3570092 0.005713928 0.3392109 0.2980659
0.3714218 0.001504091 0.328944 0.2981301
0.3893359 0.005654517 0.3015667 0.3034429
0.3726972 0.01003616 0.3255993 0.2916674
0.3870599 0.0001891976 0.3214457 0.2913052
0.3957054 0.003579961 0.295868 0.3048467
0.370705 0.004051013 0.3110511 0.3141929
0.4067645 0.01248036 0.298132 0.2826232
0.4116741 0.0009283643 0.2881805 0.299217
0.3822499 0.0009556522 0.3038661 0.3129283
0.4058565 0.002609921 0.3016705 0.289863
0.3914466 0.0002456647 0.3191078 0.2891999
0.3624969 0.005147097 0.3300635 0.3022925
0.4091345 0.001825782 0.3211239 0.2679158
0.3939211 0.004039105 0.3172457 0.2847941
0.383399 0.001370854 0.313331 0.3018991
0.3725106 0.002592931 0.3314123 0.2934841
0.3789793 0.002869825 0.2869427 0.3312082
0.4140219 0.003645258 0.3000445 0.2822883
0.380772 0.008145267 0.313765 0.2973178
0.3954674 0.005791435 0.3184582 0.2802829
0.3773974 0.01336913 0.3219941 0.2872393
0.3753844 0.01043557 0.3066671 0.3075129
0.3711387 0.01120649 0.3377656 0.2798892
0.3900711 0.01277831 0.3052656 0.291885
0.37216 0.003647389 0.3230944 0.3010982
0.3816069 0.0007981462 0.3118988 0.3056962
0.3995163 0.006106929 0.3087441 0.2856326
0.4162687 0.002609966 0.2857448 0.2953766
0.3875348 0.000153854 0.2860711 0.3262402
0.3800585 0.000119306 0.3169673 0.3028548
0.3900267 0.003925383 0.3181275 0.2879204
0.3714555 0.007060304 0.3269794 0.2945048
0.3820991 0.006110402 0.2970792 0.3147113
0.3924687 0.007571622 0.2980576 0.3019021
0.38378 0.0009552721 0.3201397 0.2951251
0.3704549 0.000649229 0.3008825 0.3280134
0.3823928 0.002651031 0.3350301 0.2799261
0.4013206 0.007306015 0.2812925 0.3100808
0.410171 0.003175681 0.2911438 0.2955095
0.3588487 0.001997635 0.3274659 0.3116877
0.3747527 0.001839549 0.3365626 0.2868451
0.3490624 0.0007172918 0.3395115 0.3107088
0.3856193 0.003244578 0.3121034 0.2990327
0.367278 0.010062 0.3162764 0.3063835
0.3907133 0.008842105 0.3281056 0.272339
0.3675077 0.01292505 0.3080854 0.3114818
0.4328159 0.001813218 0.3077126 0.2576582
0.3882688 0.009637309 0.292927 0.3091669
0.4036984 0.004123467 0.3093854 0.2827927
0.4181761 0.003037153 0.2917683 0.2870184
0.3907843 0.003131435 0.3029764 0.3031079
0.3821577 0.004633269 0.2974699 0.3157391
0.3940291 0.004093188 0.3161469 0.2857308
0.4108845 0.003344491 0.2896947 0.2960763
0.3728613 0.002119204 0.293231 0.3317885
0.3696085 0.005718772 0.3290694 0.2956033
0.3804097 0.0003285275 0.3282353 0.2910264
0.3569385 0.02599822 0.3162227 0.3008406
0.383848 0.01438965 0.316844 0.2849184
0.3947347 0.002993978 0.3084011 0.2938703
0.3902998 0.002048045 0.3180607 0.2895915
0.367808 0.01401234 0.3145693 0.3036104
0.3662975 0.005434847 0.3080695 0.3201982
0.3814528 0.002329725 0.3219794 0.2942381
0.3868891 0.002061784 0.3219985 0.2890506
0.3720223 0.001248216 0.2989377 0.3277918
0.3744973 0.001429278 0.343175 0.2808984
0.4006139 0.0008002556 0.3085627 0.2900231
0.3930076 0.003550391 0.3128241 0.2906179
0.3594573 0.00180005 0.3273849 0.3113577
0.3522559 0.02993377 0.3061058 0.3117045
0.3894662 0.007188521 0.2963467 0.3069986
0.3921677 0.003298338 0.2669573 0.3375767
0.3841664 0.00187477 0.3061886 0.3077702
0.3721319 0.005507023 0.3269879 0.2953732
0.3838669 0.009911282 0.2956516 0.3105703
0.4088594 0.0003714426 0.3046058 0.2861634
0.3745015 0.004405768 0.335809 0.2852837
0.3873299 0.01049758 0.3199319 0.2822406
0.417393 0.004843861 0.2955115 0.2822516
0.397723 0.003074913 0.3097451 0.289457
0.4117481 0.004690708 0.3121499 0.2714113
0.3956846 0.002379344 0.2995179 0.3024182
0.3814375 0.01445984 0.3142443 0.2898584
0.3964478 0.004614788 0.3250378 0.2738995
0.4178027 0.0004127572 0.2772118 0.3045728
0.4198067 0.01117652 0.3026222 0.2663946
0.385597 0.002484888 0.3195405 0.2923777
0.3913057 0.0015393 0.2984516 0.3087033
0.3817515 0.008377684 0.3075503 0.3023205
0.3656024 0.004282296 0.3421872 0.2879281
0.3756638 0.005601406 0.3242004 0.2945344
0.3657558 0.006285179 0.3121076 0.3158514
0.3693109 0.0008951114 0.3391022 0.2906917
0.3793863 0.00129419 0.3289783 0.2903412
0.3886701 0.003394719 0.3176465 0.2902887
0.3798893 0.0006922713 0.2939404 0.325478
0.361884 0.00546661 0.3166223 0.3160271
0.3724868 0.0007981374 0.3212205 0.3054946
0.4158623 0.001832714 0.3061239 0.2761811
0.4131992 0.006891666 0.3056099 0.2742992
0.3695921 0.009088759 0.3284035 0.2929156
0.3810614 0.003848964 0.3140162 0.3010734
0.3988256 0.00402958 0.3146022 0.2825426
0.3946029 0.001054018 0.3195407 0.2848024
0.3769849 0.005709798 0.3256428 0.2916626
0.375758 0.01098008 0.3209666 0.2922954
0.3972179 0.01449018 0.2904562 0.2978357
0.3861993 0.007217935 0.3044343 0.3021484
0.3958055 0.001045674 0.3027417 0.3004071
0.3678752 0.01032964 0.3156094 0.3061858
0.3775105 0.0006615748 0.3185286 0.3032993
0.3830143 0.003807088 0.3019397 0.3112388
0.3904914 0.001080198 0.3105006 0.2979278
0.3878973 0.009045919 0.3130464 0.2900104
0.4076707 0.0008809319 0.3216409 0.2698074
0.3923409 0.001366579 0.3176289 0.2886636
0.3942239 0.002485062 0.3041394 0.2991517
0.3913911 0.002192068 0.3142258 0.2921911
0.3701785 0.01937714 0.3043731 0.3060713
0.38931 2.75717e-05 0.3399877 0.2706748
0.4082079 9.049197e-05 0.3209396 0.2707621
0.3865964 0.001552824 0.3263839 0.2854669
0.3990745 0.01430113 0.3169458 0.2696786
0.3933111 0.005592 0.3246965 0.2764004
0.3900458 0.0008472004 0.302579 0.306528
0.3853598 0.002161526 0.2920526 0.320426
0.4375734 0.001523233 0.299368 0.2615353
0.39166 0.002273711 0.3139155 0.2921508
0.3814159 0.002871823 0.3202276 0.2954846
0.3768373 0.002160542 0.2986687 0.3223335
0.3776538 0.01300668 0.3147205 0.2946191
0.4071491 0.001440287 0.3090194 0.2823912
0.4078567 0.00305676 0.3113812 0.2777053
0.3910262 0.005724876 0.3251162 0.2781327
0.3638238 0.003188339 0.3156454 0.3173425
0.3853441 0.003891553 0.3242561 0.2865082
0.4136542 0.003745505 0.2810617 0.3015385
0.3826265 0.005283207 0.2956808 0.3164095
0.4083458 0.014512 0.2976571 0.2794852
0.3751277 0.002228162 0.2901596 0.3324845
0.3899519 0.00702292 0.3561385 0.2468867
0.3883592 0.003502551 0.3081214 0.3000169
0.3714705 0.002452002 0.347343 0.2787345
0.3939685 0.001119902 0.3120839 0.2928276
0.3814286 0.0006102722 0.3132424 0.3047188
0.4212682 0.0009150666 0.2879516 0.2898651
0.3878232 0.003727793 0.2999367 0.3085123
0.3816777 0.0002288713 0.3137316 0.3043619
0.395691 0.001046364 0.3150319 0.2882306
0.3723779 0.01225915 0.3172895 0.2980735
0.3927384 0.002864503 0.3185444 0.2858527
0.3828758 0.006747038 0.3202658 0.2901114
0.3978479 0.003223751 0.3020639 0.2968644
0.3839585 0.007330045 0.3154814 0.2932301
0.4001397 0.003700082 0.313334 0.2828262
0.3813914 0.00119686 0.3219866 0.2954251
0.3779856 0.01054654 0.3067693 0.3046985
0.3608528 0.01792028 0.3219648 0.2992622
0.3889213 0.006904838 0.2967152 0.3074586
0.376471 0.007336177 0.3174379 0.2987549
0.4193713 0.004243107 0.2675379 0.3088476
0.4131104 0.002134035 0.306356 0.2783996
0.365985 0.01483806 0.3116354 0.3075415
0.3816308 0.003052888 0.3241113 0.2912051
0.3903118 0.005678809 0.298644 0.3053653
0.4034773 0.009387722 0.2969234 0.2902116
0.4118756 0.006209361 0.2983952 0.2835198
0.3775064 0.0016506 0.3187272 0.3021158
0.3711691 0.001285815 0.3121727 0.3153724
0.4074809 0.003900668 0.3085691 0.2800493
0.3541462 0.0124745 0.3128335 0.3205458
0.3729722 0.002748454 0.335657 0.2886224
0.3908762 0.000517916 0.3164005 0.2922054
0.3893153 0.01382364 0.3089765 0.2878846
0.3763269 0.00294553 0.3121311 0.3085965
0.3909155 0.01769643 0.3067459 0.2846422
0.4094482 0.002388952 0.3061868 0.281976
0.4166918 0.001304635 0.2970135 0.28499
0.4026487 0.001402983 0.3033062 0.2926421
0.3941599 0.003968897 0.3152331 0.2866381
0.3675267 0.0004626766 0.3335419 0.2984687
0.3680942 0.0131556 0.3258741 0.2928761
0.4057079 0.005904297 0.302966 0.2854218
0.3575094 0.0009690952 0.3601501 0.2813714
0.3898024 0.004442701 0.3125208 0.293234
0.4038342 0.01742752 0.3087444 0.2699939
0.3982795 0.01337566 0.3045992 0.2837457
0.4019544 0.001071302 0.3025275 0.2944468
0.3875385 0.00777913 0.3138571 0.2908253
0.4051615 0.003051315 0.305281 0.2865062
0.4185729 0.005263499 0.3083291 0.2678345
0.4158601 0.008776555 0.2919626 0.2834007
0.362489 0.01315527 0.3036077 0.320748
0.3744216 0.002425141 0.3250515 0.2981017
0.3488614 0.0257172 0.327515 0.2979064
0.3861941 0.009140459 0.2944796 0.3101859
0.4104444 0.0009461313 0.3106512 0.2779582
0.3955117 0.003233822 0.3152192 0.2860352
0.3891173 0.002524004 0.3412981 0.2670605
0.3569228 0.01418947 0.343446 0.2854418
0.3570125 0.007367369 0.328981 0.3066391
0.4055342 0.0007164378 0.3138439 0.2799055
0.4084284 0.002168861 0.3065612 0.2828415
0.381466 0.002630541 0.3188919 0.2970116
0.3913818 0.01084547 0.3103361 0.2874366
0.39772 0.01478448 0.3177883 0.2697073
0.3908471 0.008226049 0.304871 0.2960559
0.3916999 0.007984786 0.2811465 0.3191688
0.3591899 0.002775617 0.3238343 0.3142002
0.391194 0.004752153 0.3035381 0.3005158
0.391998 0.001096076 0.3183887 0.2885172
0.3994998 0.004070557 0.3199097 0.27652
0.3820102 0.006169604 0.2947541 0.3170661
0.3981656 0.001610499 0.2985885 0.3016354
0.3725959 0.008354124 0.3219923 0.2970577
0.3953 0.005024885 0.3099491 0.289726
0.3765292 0.002461729 0.2986189 0.3223901
0.398214 0.002263453 0.2980451 0.3014774
0.3991499 0.003970437 0.310508 0.2863717
0.3699275 0.0008134301 0.3247506 0.3045085
0.3768704 0.0006946081 0.308413 0.314022
0.3790381 0.00517118 0.3080575 0.3077332
0.400202 0.002087245 0.3066041 0.2911066
0.4079265 0.001957111 0.2997845 0.2903319
0.4035489 0.002018045 0.3181768 0.2762562
0.4031001 0.0009141952 0.3084923 0.2874935
0.3688344 6.388902e-05 0.3129914 0.3181103
0.373734 0.006868453 0.3403742 0.2790234
0.4100576 0.006645263 0.2945973 0.2886998
0.3818706 0.00526338 0.320632 0.2922341
0.3809319 0.002919597 0.3255124 0.2906361
0.3786033 0.002647375 0.3429419 0.2758074
0.4229034 0.003603424 0.2847804 0.2887128
0.3808703 0.002899438 0.3032054 0.3130248
0.402741 0.002014943 0.3115604 0.2836837
0.3951716 0.002485445 0.3044037 0.2979393
0.3968124 0.00495313 0.2961699 0.3020645
0.3737428 0.005322686 0.3192679 0.3016666
0.3835803 0.003427341 0.3166861 0.2963063
0.4137106 0.003940462 0.3038333 0.2785157
0.4039185 0.002675551 0.2945879 0.298818
0.3911217 0.0002617087 0.3015133 0.3071033
0.4099369 0.003159474 0.2753831 0.3115206
0.3862122 0.005802115 0.3220299 0.2859558
0.3697863 0.004055546 0.325146 0.3010121
0.3851237 0.007857839 0.3036951 0.3033234
0.3918534 0.001576782 0.3049574 0.3016124
0.3882273 0.003569783 0.3013467 0.3068562
0.3680328 0.003466748 0.3113202 0.3171803
0.3708867 0.003005982 0.3239105 0.3021968
0.3872985 0.009815006 0.3127104 0.2901761
0.3722879 0.0009770037 0.3301906 0.2965446
0.3994111 0.007357857 0.2978057 0.2954253
0.397813 0.002506501 0.3251189 0.2745616
0.3919279 0.007688702 0.30837 0.2920134
0.3514514 0.002603245 0.3230356 0.3229097
0.3889124 0.002874933 0.31565 0.2925626
0.4085855 0.0004816294 0.3210555 0.2698774
0.4053328 0.00054834 0.2961736 0.2979453
0.3777405 0.008916198 0.2975354 0.3158079
0.3866352 0.005308438 0.3237111 0.2843452
0.3941619 0.007494638 0.2965563 0.3017872
0.384034 0.002280764 0.3392266 0.2744586
0.4042112 0.004650213 0.3213906 0.269748
0.4021066 0.004985799 0.3198182 0.2730894
0.3885604 0.003953842 0.3168117 0.290674
0.3802851 0.009579534 0.3258525 0.2842829
0.3582523 0.001337312 0.3324841 0.3079264
0.4172585 0.001009006 0.2857709 0.2959616
0.369192 0.006709938 0.3208324 0.3032657
0.3274838 0.009663808 0.3392991 0.3235533
0.3774917 0.002230032 0.3053203 0.314958
0.3439326 0.006076098 0.3441965 0.3057949
0.3833429 0.00272248 0.3095291 0.3044055
0.3836668 0.002689637 0.3343645 0.2792791
0.4387234 0.004726163 0.2775467 0.2790037
0.4093949 0.00288233 0.3050534 0.2826694
0.3913926 0.002607592 0.2901526 0.3158471
0.3737523 0.0009941047 0.3175513 0.3077023
0.4083424 4.517607e-05 0.3052498 0.2863626
0.3628589 0.01257815 0.319206 0.305357
0.4020909 0.0002519079 0.3019974 0.2956598
0.4133326 9.157423e-05 0.2989501 0.2876257
0.3786171 0.0008739629 0.3144016 0.3061073
0.3941487 0.001176125 0.3244763 0.2801989
0.3891573 0.001751003 0.3048092 0.3042825
0.3933391 0.003292403 0.2872599 0.3161087
0.3653967 0.004610012 0.3285422 0.3014511
0.3892776 0.004021909 0.3313214 0.2753791
0.4004794 0.0008452002 0.3177346 0.2809408
0.3824906 0.0007937396 0.3207111 0.2960045
0.4244182 0.0006524387 0.2900324 0.284897
0.414529 0.0001205673 0.3018088 0.2835416
0.3865917 0.0008440585 0.2975694 0.3149948
0.376146 0.003973433 0.3183864 0.3014942
0.3790989 0.001021656 0.3065702 0.3133093
0.4133027 0.002094766 0.2867243 0.2978782
0.3861477 0.003794182 0.3158743 0.2941838
0.3739507 0.007847629 0.336391 0.2818107
0.3782194 0.004347866 0.3403678 0.2770649
0.3581098 0.003311684 0.3145745 0.324004
0.3772458 0.008814773 0.3295262 0.2844133
0.3780393 0.01271139 0.3289862 0.2802631
0.3924861 0.0007343693 0.3189284 0.2878512
0.4192413 0.001982448 0.2996596 0.2791166
0.3793533 0.00190388 0.2952143 0.3235285
0.3787064 0.001043406 0.3094296 0.3108206
0.3917166 0.001999785 0.3029675 0.3033161
0.3907152 0.001614221 0.3131122 0.2945584
0.3938729 0.001278804 0.3182677 0.2865806
0.3832244 0.005741804 0.3259213 0.2851125
0.3741285 0.005674532 0.2976054 0.3225915
0.393726 0.00345922 0.3163708 0.286444
0.4085458 0.004038978 0.2844427 0.3029725
0.3858829 2.209508e-05 0.3096277 0.3044673
0.3930586 0.00588077 0.3273308 0.2737298
0.3660766 0.001320024 0.3382948 0.2943086
0.3870133 0.003907107 0.3325464 0.2765332
0.4246548 0.001206476 0.3017389 0.2723998
0.3827664 0.0008292128 0.3236749 0.2927294
0.3788084 0.005463765 0.3029198 0.312808
0.3762427 0.01125094 0.3115213 0.300985
0.3841784 0.001777358 0.3023073 0.311737
0.402715 0.004942744 0.3144929 0.2778493
0.3871462 8.699487e-05 0.3048156 0.3079512
0.3922833 0.0006467595 0.3169281 0.2901419
0.382697 0.0001141994 0.3129176 0.3042712
0.3900487 0.005035363 0.3030764 0.3018396
0.375514 0.002916417 0.3311056 0.290464
0.4025421 0.001404294 0.3223577 0.2736959
0.3826405 0.001579592 0.2896566 0.3261234
0.414338 0.001983221 0.2926902 0.2909885
0.396317 0.006180536 0.2942348 0.3032677
0.3679518 0.001592342 0.3297702 0.3006856
0.3810435 0.009367399 0.3185256 0.2910635
0.3940694 0.001917086 0.3180497 0.2859637
0.3727747 0.008639257 0.3105098 0.3080763
0.3961999 0.008652734 0.327676 0.2674714
0.4281467 0.004121948 0.2881898 0.2795415
0.3944918 0.01427308 0.3041808 0.2870543
0.3903138 0.004417209 0.3076185 0.2976504
0.4058375 0.004519422 0.2884175 0.3012255
0.4039768 0.0006726885 0.3248754 0.270475
0.3979484 0.001871958 0.3172489 0.2829308
0.4280842 0.001264577 0.2893981 0.2812532
0.4041857 0.00164035 0.2934189 0.300755
0.4039909 0.006051982 0.2847321 0.305225
0.4127369 0.004612463 0.2966314 0.2860192
0.3886148 0.009224351 0.3178578 0.284303
0.3890585 0.01235755 0.3003692 0.2982148
0.3972223 0.009300919 0.303963 0.2895138
0.3606405 0.0228715 0.3195868 0.2969013
0.3883394 0.004902598 0.3453822 0.2613758
0.3835005 0.004107498 0.3337588 0.2786332
0.3888915 0.0007371215 0.3201143 0.2902571
0.3858122 0.001802444 0.3214694 0.290916
0.3966472 0.005175044 0.2909843 0.3071934
0.3970301 0.0009605712 0.2788275 0.3231819
0.4115586 0.006652822 0.3022117 0.2795769
0.4024806 0.000492786 0.3120975 0.2849291
0.3867894 0.001593622 0.3130933 0.2985236
0.3789022 0.003662183 0.2866189 0.3308166
0.389956 0.01509151 0.2910265 0.303926
0.3876952 0.003463138 0.3236735 0.2851682
0.3869592 0.003056528 0.3148019 0.2951823
0.3936452 0.001048685 0.3208243 0.2844818
0.3961852 0.001153813 0.3308256 0.2718354
0.3921856 0.004201933 0.3086435 0.2949689
0.4054635 0.0008279538 0.2895242 0.3041843
0.4046638 0.003222482 0.2829398 0.3091739
0.3932613 0.002630398 0.3189357 0.2851726
0.4047566 0.0043282 0.3009912 0.289924
0.3894942 0.0002516051 0.2929425 0.3173116
0.4126983 0.002833908 0.3161671 0.2683006
0.400316 0.005271905 0.2934299 0.3009822
0.368393 0.004332967 0.3210504 0.3062236
0.4156968 0.003758439 0.3047423 0.2758024
0.3937317 0.008348198 0.3137992 0.284121
0.3992412 0.003240548 0.3108803 0.286638
0.399896 0.007542192 0.3001981 0.2923637
0.3898499 0.008262814 0.3242469 0.2776404
0.3756265 0.006316608 0.2920268 0.3260301
0.3817698 0.0007456165 0.3162872 0.3011974
0.3941758 0.005902354 0.2827515 0.3171703
0.3855192 0.006430326 0.3072836 0.3007668
0.3960818 0.003509054 0.2899703 0.3104389
0.3973297 0.0006404468 0.3270273 0.2750025
0.3609642 0.002578763 0.3321902 0.3042668
0.4165651 0.00156872 0.2990331 0.2828331
0.4395373 0.004184708 0.2865169 0.2697611
0.358821 0.004268885 0.3107205 0.3261896
0.4011104 0.009618668 0.3194614 0.2698096
0.420259 0.001550105 0.2955914 0.2825995
0.3809469 0.007539724 0.3087915 0.3027218
0.3900949 0.001642277 0.3135156 0.2947472
0.3896665 0.008557793 0.2903433 0.3114324
0.3827708 0.0003620772 0.3343555 0.2825116
0.3784037 0.0009150741 0.3053249 0.3153562
0.399203 0.002569909 0.3265546 0.2716724
0.3873223 0.001894378 0.3073104 0.3034729
0.3892976 0.0002762685 0.3247474 0.2856787
0.4053693 0.006311637 0.2850497 0.3032693
0.364218 0.01667641 0.3269847 0.2921209
0.4160649 0.002277247 0.2959854 0.2856725
0.3637878 0.009778515 0.3205269 0.3059068
0.4111367 2.956583e-05 0.3031855 0.2856483
0.3917577 0.00185059 0.3237807 0.282611
0.3832404 0.001182851 0.3225834 0.2929934
0.3887462 0.0050164 0.3021772 0.3040602
0.3973909 0.001914533 0.3036849 0.2970097
0.3979631 0.0007731489 0.301493 0.2997707
0.3915285 0.002492544 0.3108404 0.2951386
0.353718 0.0004151613 0.3335246 0.3123422
0.3951681 0.004750393 0.3256279 0.2744536
0.3834858 0.00716659 0.3261865 0.2831611
0.3847404 0.001211267 0.3076284 0.30642
0.3876071 0.004905355 0.325436 0.2820516
0.3969082 0.002418422 0.3162758 0.2843976
0.3869895 0.002477927 0.3315537 0.2789789
0.3871494 0.002853111 0.3078663 0.3021312
0.392247 0.007355899 0.3075744 0.2928228
0.3840836 0.0002920622 0.3240292 0.2915951
0.3586645 0.00653573 0.3003974 0.3344024
0.3685551 0.0007424946 0.3184683 0.3122341
0.3618398 0.004683618 0.3098601 0.3236165
0.3979424 0.005022787 0.3087376 0.2882972
0.3958558 0.002519719 0.3046693 0.2969551
0.3817952 0.006323261 0.3162008 0.2956808
0.3754307 0.002345287 0.3144255 0.3077985
0.4240827 0.006018136 0.2972716 0.2726275
0.4028495 0.00615513 0.3059678 0.2850276
0.3831754 0.002436522 0.3130621 0.3013259
0.4056325 8.708313e-05 0.3050148 0.2892656
0.4032606 0.0006016958 0.2990243 0.2971133
0.3862471 0.01029542 0.293683 0.3097744
0.404167 0.006232817 0.2928094 0.2967908
0.3950175 0.007922922 0.3162335 0.2808261
0.3944926 0.001083846 0.3080469 0.2963766
0.3942582 0.006679768 0.3149946 0.2840675
0.391792 0.01037156 0.2914154 0.3064211
0.3820108 0.008336305 0.3290116 0.2806413
0.3898343 0.01417989 0.3132348 0.282751
0.3716396 0.001531234 0.3260049 0.3008243
0.3827187 0.001386587 0.3207446 0.2951501
0.3866658 0.005976508 0.3133718 0.2939859
0.3728092 0.003110826 0.3107916 0.3132884
0.3713809 0.01050166 0.3115246 0.3065928
0.3873592 0.002451828 0.3014403 0.3087487
0.3956798 0.004370776 0.2991968 0.3007526
0.3533411 0.007089387 0.3118402 0.3277293
0.3808411 0.0137207 0.3160859 0.2893523
0.3889114 0.01401322 0.306686 0.2903894
0.3604815 0.009826534 0.3145267 0.3151653
0.3893329 0.005275607 0.311322 0.2940695
0.3926999 0.0044117 0.3247448 0.2781437
0.3975803 0.0005483869 0.3088041 0.2930672
0.4170874 0.002045349 0.2954755 0.2853918
0.3793657 0.004792444 0.3209569 0.294885
0.39603 0.01674698 0.2837534 0.3034696
0.4041018 0.00104409 0.2879096 0.3069445
0.3603826 0.01301412 0.311508 0.3150953
0.3799768 0.0002132001 0.3192897 0.3005202
0.4127173 0.0009016272 0.2826388 0.3037423
0.372669 0.006574638 0.3333254 0.2874309
0.4056978 0.003042336 0.3135931 0.2776667
0.3875927 0.006235147 0.2943446 0.3118276
0.4105071 0.002868476 0.2923685 0.2942559
0.3913986 0.0009422064 0.2941998 0.3134594
0.4019907 0.01014092 0.3029749 0.2848935
0.3806827 0.009524218 0.30417 0.3056231
0.4022569 0.002515052 0.2989947 0.2962333
0.40382 0.005994662 0.3098786 0.2803068
0.3516082 0.002566453 0.328717 0.3171084
0.3924065 0.003017131 0.3194026 0.2851738
0.3884714 0.001214415 0.312472 0.2978422
0.3818672 0.008701358 0.3032902 0.3061412
0.3742829 0.02140255 0.3052286 0.299086
0.3757225 0.01106924 0.306421 0.3067873
0.3906259 0.0203548 0.2988322 0.290187
0.3705535 0.00174597 0.3273521 0.3003484
0.3907448 0.005713798 0.3137322 0.2898092
0.3785084 0.009828732 0.305188 0.3064749
0.3684894 0.001394073 0.3090306 0.321086
0.3822943 0.001618342 0.3021485 0.3139388
0.3838412 0.002740967 0.3193989 0.2940189
0.3869008 0.007559025 0.3252294 0.2803108
0.3801883 0.02318589 0.2914252 0.3052007
0.3853946 0.02369659 0.3046734 0.2862354
0.3483423 0.03005892 0.3285673 0.2930315
0.3598235 0.02224154 0.3291615 0.2887735
0.3118084 0.1027689 0.2944043 0.2910184
0.2843503 0.101258 0.3101112 0.3042805
0.3855986 0.03545868 0.2880498 0.2908929
0.3858251 0.026266 0.3173745 0.2705344
0.3766053 0.01763268 0.287661 0.3181011
0.4065894 0.001696507 0.304433 0.2872811
0.3707651 0.01606447 0.3128586 0.3003119
0.3821831 0.009923644 0.3256767 0.2822166
0.388475 0.001972356 0.3102191 0.2993336
0.4001189 0.001916528 0.3033588 0.2946057
0.4055897 5.838761e-05 0.2940304 0.3003215
0.3682214 0.008166965 0.3036162 0.3199954
0.3861178 0.002924673 0.3112746 0.299683
0.3989892 0.002204498 0.2849373 0.313869
0.4044714 0.003562139 0.2955185 0.296448
0.3516833 0.00468255 0.3393394 0.3042948
0.3873467 0.009278057 0.3043574 0.2990179
0.3639949 0.00643152 0.3092246 0.320349
0.37911 0.008774101 0.2996082 0.3125077
0.3739828 0.007892657 0.3390865 0.279038
0.3948645 0.005168915 0.3138983 0.2860683
0.3984712 0.009301318 0.292674 0.2995535
0.3975907 0.003962962 0.2935554 0.304891
0.3843336 0.0002205301 0.3037467 0.3116992
0.3838433 0.0011879 0.2892607 0.3257081
0.4003211 0.001682335 0.2892289 0.3087677
0.4111053 0.0006231448 0.3058267 0.2824449
0.3490634 0.00159989 0.3540818 0.2952549
0.4181261 0.001423883 0.2899696 0.2904805
0.3903566 0.00336088 0.3225142 0.2837683
0.4237835 2.943346e-05 0.3085068 0.2676803
0.3977134 0.005289778 0.3058668 0.29113
0.3768942 0.01698096 0.3184147 0.2877102
0.3950172 0.002229363 0.302039 0.3007144
0.396046 0.003294815 0.2929735 0.3076857
0.4083433 0.001756214 0.2899755 0.299925
0.3753086 0.001731641 0.3289093 0.2940505
0.3798231 0.01308709 0.3088616 0.2982282
0.4144087 0.00105067 0.2967686 0.287772
0.4137432 0.005899006 0.2957028 0.2846549
0.4083972 0.0006761251 0.29563 0.2952967
0.3791774 0.00313246 0.2904245 0.3272656
0.3658904 0.02184733 0.33207 0.2801923
0.391285 0.002324888 0.3242956 0.2820945
0.3621265 0.007032144 0.3332202 0.2976212
0.3727145 0.001981806 0.3210076 0.3042961
0.3812657 0.01459971 0.287374 0.3167606
0.4067103 0.01453436 0.286177 0.2925784
0.3828528 0.002348354 0.3119143 0.3028845
0.3786744 0.0005481992 0.3224067 0.2983707
0.3782053 0.02444986 0.2957656 0.3015793
0.3830188 0.005112856 0.3130068 0.2988615
0.4079426 0.005711123 0.2829022 0.3034441
0.3836075 0.003418525 0.3274434 0.2855306
0.3904518 0.00282566 0.2965452 0.3101773
0.3581742 0.00812947 0.3521091 0.2815872
0.4065272 0.004671711 0.3056248 0.2831762
0.3856655 0.003603215 0.2997285 0.3110028
0.3623559 0.03274038 0.309468 0.2954357
0.3712885 0.0283697 0.3141677 0.2861741
0.3673894 0.00746305 0.3035943 0.3215532
0.3557061 0.004796835 0.3366594 0.3028377
0.3979451 4.497735e-05 0.3015707 0.3004392
0.3705878 0.008736325 0.2916184 0.3290574
0.375783 0.0003164701 0.3260486 0.297852
0.3820294 0.004179307 0.3283893 0.285402
0.3719125 0.01059656 0.3072076 0.3102833
0.3763131 0.005958033 0.3279675 0.2897613
0.4124691 0.005479518 0.2923644 0.289687
0.3693171 0.01168048 0.316792 0.3022104
0.3789292 0.0005193176 0.3276241 0.2929274
0.3903423 0.0003511865 0.3058577 0.3034488
0.376213 0.004155028 0.3163559 0.303276
0.4062512 0.004390926 0.2881098 0.3012481
0.3816144 0.007851038 0.3118929 0.2986416
0.3809102 0.004299954 0.3043264 0.3104635
0.3887176 0.003999656 0.3060807 0.301202
0.389146 0.0001876736 0.3047887 0.3058776
0.3770756 0.003519315 0.3031851 0.3162199
0.3940117 0.009970668 0.3315956 0.264422
0.3738429 0.007695586 0.3066568 0.3118047
0.3781612 0.001523337 0.3132168 0.3070986
0.3656842 0.001120094 0.346686 0.2865097
0.3809455 0.006928889 0.3049376 0.3071881
0.3723075 0.006587124 0.331643 0.2894624
0.3672192 0.001636812 0.3169861 0.3141579
0.35396 0.006938143 0.331437 0.3076649
0.3951066 0.009414663 0.2972201 0.2982586
0.3917215 0.004687637 0.3146644 0.2889265
0.3764185 0.005005253 0.3331719 0.2854044
0.4059948 0.007829201 0.30504 0.281136
0.419977 0.003552766 0.2878424 0.2886278
0.3862225 0.0007471674 0.3365103 0.27652
0.3912039 0.003262169 0.2896274 0.3159065
0.3830311 0.002850091 0.3124283 0.3016904
0.3946123 0.001363096 0.3130013 0.2910233
0.3863691 0.007417099 0.3125098 0.293704
0.3984633 0.0004428081 0.3206474 0.2804465
0.3926563 0.00155279 0.2919963 0.3137946
0.3846571 0.004668182 0.3305692 0.2801054
0.362841 7.673299e-05 0.3058964 0.3311859
0.3898738 0.01004646 0.308329 0.2917508
0.3790006 0.000651025 0.3175578 0.3027906
0.4174511 0.01766663 0.2885412 0.2763411
0.3725746 0.004416265 0.3157074 0.3073017
0.4181773 0.001308172 0.2975218 0.2829927
0.3527044 0.002155229 0.3330858 0.3120546
0.3771497 0.005321375 0.327132 0.2903969
0.3757839 0.004870815 0.3171578 0.3021875
0.3965126 0.004504492 0.2931941 0.3057888
0.3819025 0.004132657 0.2954378 0.3185271
0.4259605 0.002440096 0.29429 0.2773094
0.37485 0.0004814673 0.3219048 0.3027637
0.4278909 0.001362929 0.3022557 0.2684905
0.3901153 0.00161226 0.2992955 0.308977
0.3456838 0.0006928272 0.3303448 0.3232787
0.3610692 0.00953893 0.3149039 0.314488
0.3621486 0.002128498 0.3161911 0.3195318
0.3999245 0.003705777 0.2919262 0.3044435
0.4090257 0.01330008 0.2844224 0.2932518
0.3583999 0.006755506 0.3269927 0.3078518
0.3853153 0.003137774 0.3160248 0.295522
0.3823087 0.007799106 0.3231229 0.2867692
0.3778098 0.02237941 0.2943369 0.3054738
0.3682405 0.00526987 0.3179785 0.3085111
0.3760109 0.002884129 0.3161714 0.3049335
0.3717878 0.01428197 0.3225372 0.2913931
0.3665694 0.011316 0.3044548 0.3176598
0.3775221 0.001804277 0.3168619 0.3038117
0.3832992 0.000489634 0.2926717 0.3235394
0.4168278 0.0008158449 0.2873223 0.2950341
0.4035455 0.005252829 0.2754167 0.315785
0.391658 0.003036202 0.3289112 0.2763946
0.3761802 0.00456648 0.318527 0.3007263
0.406194 0.00221981 0.3215839 0.2700022
0.3973119 0.0005622421 0.2986864 0.3034394
0.3958442 0.001485443 0.2854656 0.3172047
0.3775766 0.001147332 0.317594 0.303682
0.3902707 0.001424205 0.3098811 0.298424
0.4015569 0.003082167 0.3011543 0.2942066
0.3711187 0.02207445 0.3144517 0.2923551
0.3797438 0.002326172 0.3104952 0.3074349
0.3831398 5.053242e-05 0.3210139 0.2957958
0.3734715 0.0001650394 0.3195022 0.3068612
0.3988457 0.004800913 0.2849126 0.3114408
0.3971298 0.0001611881 0.3149037 0.2878053
0.384006 0.007391788 0.3069273 0.3016749
0.3758937 0.01171015 0.3213666 0.2910295
0.3784944 0.001220535 0.3207967 0.2994883
0.3823803 0.01867609 0.2811115 0.3178321
0.3826147 0.002345921 0.3262425 0.2887969
0.3944918 0.001744972 0.2913454 0.3124178
0.3978738 0.004960371 0.3106645 0.2865013
0.388957 0.003432277 0.3077317 0.299879
0.4089174 0.005000522 0.2978884 0.2881938
0.3976654 0.006491713 0.3010031 0.2948398
0.3614266 0.0009988334 0.3254692 0.3121053
0.412374 0.0007045822 0.3038356 0.2830858
0.3973842 0.006498609 0.3261028 0.2700144
0.362662 2.671888e-05 0.3266208 0.3106905
0.3890459 0.01112235 0.2840222 0.3158096
0.4031807 0.001173803 0.3171306 0.2785149
0.3696647 0.008851665 0.313982 0.3075016
0.4012215 0.002305092 0.3076165 0.288857
0.3832398 0.002899389 0.3116928 0.3021681
0.4016241 0.004269325 0.3107593 0.2833473
0.3837444 0.007101496 0.3337077 0.2754464
0.3886333 0.002273559 0.3217717 0.2873214
0.3905277 0.004942586 0.3038696 0.3006601
0.406408 0.0142033 0.3052399 0.2741487
0.372981 0.008744321 0.304377 0.3138977
0.3854694 0.001651214 0.343161 0.2697184
0.395732 0.008244946 0.3250615 0.2709616
0.4002287 0.003745627 0.31314 0.2828857
0.3978372 0.01110887 0.3039262 0.2871277
0.3594764 0.006212712 0.3301876 0.3041233
0.3750952 0.01529368 0.3173519 0.2922592
0.3873325 0.0009329647 0.3247376 0.286997
0.3913477 0.001159566 0.3252021 0.2822907
0.4113627 0.002170492 0.306723 0.2797438
0.3828374 0.002658848 0.3228542 0.2916495
0.3959064 0.002694022 0.3219689 0.2794307
0.3553281 0.003386808 0.3279764 0.3133087
0.3978426 0.003772314 0.3265684 0.2718167
0.3975468 0.004767081 0.3026049 0.2950812
0.4258534 0.0006819138 0.3061063 0.2673584
0.3770988 0.0009007466 0.3125777 0.3094227
0.4063494 0.005050097 0.3033262 0.2852744
