"p_1" "p_2" "p_3"
0.7775028 0.1687374 0.05375979
0.7937746 0.1497102 0.0565152
0.8069218 0.1528952 0.04018295
0.7982001 0.1436379 0.05816205
0.8082604 0.1534488 0.03829084
0.7576259 0.1757934 0.06658061
0.7723085 0.168944 0.05874754
0.7907073 0.1553148 0.05397799
0.780832 0.1571546 0.06201338
0.7819528 0.1763781 0.04166902
0.769326 0.1694475 0.06122651
0.7929579 0.1522111 0.05483099
0.7873047 0.1631602 0.0495351
0.7515182 0.1975669 0.05091488
0.7969767 0.1660573 0.036966
0.7829986 0.1614049 0.05559649
0.768428 0.1788574 0.05271465
0.7857925 0.1566247 0.0575828
0.7804508 0.1702336 0.0493156
0.7473678 0.1908225 0.06180974
0.772058 0.1816506 0.04629139
0.7761743 0.1612386 0.06258711
0.7974307 0.1446771 0.05789224
0.7827539 0.1552431 0.06200301
0.7891387 0.1501524 0.06070887
0.7758408 0.1701732 0.05398598
0.8067341 0.1404113 0.05285458
0.7789948 0.1706726 0.05033266
0.7999466 0.1530361 0.04701734
0.7717238 0.1734064 0.05486977
0.7883128 0.1597484 0.05193875
0.7848428 0.1626946 0.05246268
0.7646943 0.1871018 0.04820392
0.7852247 0.1719469 0.04282837
0.7693651 0.1680494 0.06258552
0.798421 0.1494589 0.05212005
0.7884913 0.1689442 0.04256447
0.757326 0.1797119 0.06296208
0.7578996 0.1841451 0.05795525
0.773259 0.1600849 0.06665605
0.7918495 0.1678497 0.04030084
0.798937 0.148381 0.05268204
0.787494 0.1667584 0.04574762
0.8098292 0.1495636 0.04060719
0.793424 0.1485163 0.05805973
0.7675818 0.1802871 0.0521311
0.788669 0.1616064 0.04972467
0.8047025 0.1447042 0.05059328
0.8032959 0.1441275 0.05257659
0.788516 0.1571438 0.05434019
0.7686139 0.1785969 0.0527892
0.7673855 0.1701461 0.06246846
0.7700055 0.1718847 0.05810974
0.7891929 0.1523734 0.0584337
0.7804844 0.1681231 0.0513925
0.7795839 0.1710214 0.04939471
0.7599742 0.1771256 0.06290017
0.7828325 0.1592819 0.05788561
0.772339 0.169097 0.05856398
0.7729599 0.1670594 0.05998069
0.7719486 0.1793597 0.04869178
0.7735839 0.1650905 0.06132563
0.7704518 0.1766845 0.05286367
0.7658731 0.1703424 0.0637845
0.7298821 0.2054577 0.06466014
0.7903577 0.1628032 0.04683909
0.7805612 0.1545743 0.06486458
0.7794682 0.1665214 0.05401036
0.8040374 0.1415333 0.05442936
0.8017182 0.1392671 0.05901471
0.7965366 0.1482229 0.05524046
0.7545947 0.1893155 0.05608981
0.7913436 0.1642 0.04445647
0.8037346 0.1462382 0.05002722
0.7915693 0.1513446 0.05708609
0.766399 0.1816644 0.05193657
0.7709526 0.167142 0.06190545
0.7763314 0.1653003 0.05836832
0.7940736 0.1543567 0.05156971
0.7693092 0.1527135 0.07797726
0.7709505 0.1819566 0.04709288
0.7964803 0.15067 0.0528497
0.7809419 0.1646166 0.05444147
0.7974367 0.1461959 0.05636736
0.8013686 0.1405724 0.05805894
0.7896679 0.1542584 0.05607373
0.7941245 0.1562874 0.04958804
0.7990305 0.1570459 0.04392358
0.7987821 0.1550747 0.04614319
0.7879017 0.1587489 0.05334943
0.8021904 0.1426609 0.05514874
0.7578949 0.186511 0.05559404
0.7805074 0.1650991 0.05439348
0.7735059 0.1641955 0.0622986
0.7682777 0.1622884 0.06943391
0.794265 0.160998 0.044737
0.8083359 0.1410774 0.05058669
0.7866527 0.1698053 0.04354198
0.8046018 0.1490692 0.04632902
0.7707843 0.1802877 0.04892805
0.7938589 0.1573202 0.04882095
0.7502424 0.1876113 0.06214638
0.7506783 0.1774598 0.07186187
0.7794487 0.1622395 0.05831178
0.7925388 0.1509099 0.05655131
0.7824233 0.1649335 0.05264321
0.811502 0.142457 0.046041
0.7968459 0.1542582 0.04889594
0.7800066 0.17423 0.04576334
0.7872793 0.1576184 0.05510237
0.7821784 0.1627949 0.05502668
0.7798351 0.1703192 0.04984564
0.7790911 0.1686792 0.05222975
0.7883063 0.1567193 0.05497432
0.7714156 0.1698504 0.05873401
0.7507649 0.1833546 0.06588043
0.7724581 0.1715096 0.05603226
0.7715586 0.1700907 0.05835072
0.7611583 0.1873068 0.05153489
0.7879052 0.1706222 0.04147256
0.8000845 0.1392415 0.06067397
0.785147 0.165994 0.04885903
0.7903599 0.149335 0.06030511
0.7917506 0.1574731 0.0507763
0.7698255 0.1794757 0.05069875
0.765181 0.1861597 0.04865926
0.7761812 0.173142 0.05067677
0.8037045 0.1525261 0.04376945
0.7632446 0.1777529 0.05900246
0.7825899 0.1680042 0.04940585
0.7732275 0.1705134 0.0562591
0.8050544 0.1538458 0.0410998
0.7874844 0.1548832 0.05763238
0.7849473 0.162356 0.05269672
0.7786163 0.1679416 0.05344214
0.7835174 0.1544306 0.06205199
0.7729082 0.160416 0.06667579
0.8005333 0.1528593 0.0466074
0.7611064 0.1766613 0.06223237
0.7833829 0.1527722 0.06384488
0.7949425 0.1557594 0.04929809
0.7730691 0.1685507 0.05838016
0.7957982 0.1565751 0.0476267
0.7716234 0.1667888 0.06158785
0.7738982 0.1665833 0.05951849
0.7771884 0.1560345 0.06677709
0.7749877 0.1754658 0.04954655
0.78795 0.1589542 0.05309574
0.781381 0.1639942 0.05462479
0.7786021 0.1703619 0.051036
0.7633403 0.1760116 0.06064809
0.7883561 0.1627993 0.04884458
0.7810792 0.1623989 0.0565219
0.7705398 0.1726072 0.05685301
0.788842 0.1615226 0.04963543
0.7959331 0.1488987 0.05516815
0.7660702 0.1865767 0.04735304
0.7737914 0.1686201 0.05758854
0.8103787 0.1311371 0.05848427
0.7799228 0.166186 0.05389117
0.7793302 0.176826 0.04384373
0.7732861 0.1812922 0.04542171
0.7908755 0.1504864 0.05863807
0.7860791 0.1649279 0.04899292
0.766988 0.1676918 0.06532023
0.7848542 0.1609138 0.054232
0.7983158 0.1561911 0.04549314
0.7971855 0.1564264 0.04638806
0.7866315 0.1558482 0.05752029
0.7897632 0.1628878 0.04734903
0.7856151 0.1615606 0.0528243
0.754082 0.1866142 0.0593038
0.7892409 0.1656353 0.04512373
0.7975428 0.1487961 0.05366108
0.7718686 0.1820936 0.04603776
0.7948238 0.1476894 0.05748675
0.7813177 0.167195 0.05148733
0.7765181 0.1716631 0.0518187
0.7829196 0.1629909 0.05408954
0.7816793 0.1561139 0.0622068
0.779681 0.1579175 0.06240151
0.7785337 0.1625886 0.0588777
0.7669972 0.1807866 0.05221619
0.7889862 0.1628701 0.04814372
0.7809423 0.1604805 0.0585773
0.7893992 0.1571927 0.05340805
0.7928923 0.1475433 0.05956439
0.7941791 0.1549462 0.05087465
0.7831162 0.1630604 0.05382342
0.7765722 0.1586597 0.06476811
0.8019896 0.1424515 0.05555886
0.7508679 0.197176 0.05195611
0.7726587 0.1607421 0.0665992
0.7827357 0.1613222 0.0559421
0.7822035 0.1683146 0.04948187
0.7965676 0.1558113 0.04762112
0.7812708 0.1691005 0.04962872
0.7948192 0.1592883 0.04589249
0.7982094 0.1506267 0.05116397
0.7783937 0.1758898 0.04571651
0.7675752 0.1759197 0.05650516
0.8014985 0.143233 0.05526854
0.7807838 0.1597873 0.05942882
0.8113166 0.1429993 0.04568409
0.7809877 0.1617441 0.0572682
0.7796345 0.1602922 0.06007331
0.7928621 0.1571369 0.05000097
0.7923171 0.1585839 0.049099
0.7735457 0.1722684 0.05418593
0.7903606 0.1458222 0.06381717
0.7895894 0.1508119 0.05959872
0.7909409 0.1557889 0.05327019
0.7952745 0.1545135 0.05021194
0.7782538 0.1723215 0.04942476
0.7970232 0.1601298 0.04284696
0.7949541 0.1652421 0.03980387
0.7746444 0.1786681 0.04668744
0.7903472 0.1579805 0.05167227
0.796588 0.1595425 0.04386949
0.7591781 0.1764009 0.06442097
0.8164552 0.1352679 0.04827694
0.807212 0.149746 0.043042
0.7605868 0.1803313 0.05908187
0.7899991 0.1472894 0.06271152
0.7754419 0.1612602 0.06329799
0.78432 0.1546752 0.0610048
0.7601777 0.168773 0.07104927
0.8070026 0.1400961 0.05290127
0.7540358 0.1788713 0.06709295
0.7801909 0.1588046 0.06100459
0.7943817 0.1555597 0.05005859
0.8065986 0.1479323 0.04546908
0.7887012 0.1613485 0.04995026
0.7793155 0.1558414 0.06484301
0.7791461 0.162101 0.05875287
0.7585047 0.1800395 0.06145585
0.7642303 0.1738163 0.06195336
0.7583137 0.1790834 0.06260288
0.7755062 0.1567161 0.06777775
0.7946877 0.1589516 0.04636073
0.778514 0.166274 0.05521202
0.7849097 0.1702922 0.04479805
0.7937122 0.1571994 0.04908837
0.7836385 0.1704296 0.04593194
0.7851253 0.1526986 0.06217608
0.7872297 0.1629488 0.04982149
0.7693345 0.1664795 0.064186
0.7693201 0.1742423 0.05643762
0.7670011 0.1803485 0.05265042
0.7796228 0.176405 0.04397224
0.7741063 0.1802532 0.04564053
0.7883973 0.1507542 0.06084844
0.7799664 0.1727535 0.04728012
0.7740468 0.1717173 0.05423581
0.78356 0.1655171 0.05092297
0.7769247 0.1635129 0.05956238
0.7602518 0.1834514 0.05629687
0.7927538 0.1552465 0.05199971
0.7853312 0.1664736 0.04819523
0.7801653 0.1646543 0.05518041
0.7726187 0.1735197 0.05386156
0.7747785 0.1724632 0.0527583
0.7603755 0.1780685 0.06155603
0.7808184 0.1675528 0.05162877
0.7690963 0.1699367 0.06096703
0.7992233 0.1533279 0.04744883
0.7977942 0.1571815 0.04502428
0.7777297 0.1657064 0.0565639
0.77675 0.1725951 0.05065492
0.7895499 0.1550783 0.05537181
0.790473 0.1623527 0.04717427
0.7797229 0.1755415 0.04473558
0.8109835 0.153384 0.03563248
0.7874965 0.1599442 0.05255933
0.756423 0.1821635 0.06141345
0.7813018 0.1710249 0.04767331
0.7755615 0.1679956 0.05644286
0.7752718 0.1833029 0.04142537
0.7855093 0.1621479 0.0523428
0.7780989 0.1645827 0.05731845
0.7931739 0.1579333 0.04889288
0.7676958 0.17479 0.05751415
0.7692713 0.1697106 0.06101811
0.7682021 0.1769905 0.05480748
0.7731189 0.1632831 0.06359799
0.7677861 0.1601659 0.07204794
0.7942153 0.1595445 0.04624026
0.7884838 0.1560349 0.05548134
0.7911438 0.1535795 0.0552767
0.7896882 0.1597174 0.05059435
0.7601338 0.177259 0.06260723
0.8053047 0.1448463 0.04984902
0.7971069 0.1481173 0.05477574
0.7889452 0.1673497 0.0437051
0.7863131 0.1539282 0.05975871
0.7926901 0.153817 0.05349291
0.7821876 0.173014 0.04479843
0.7931883 0.1512594 0.05555231
0.7693126 0.1663327 0.06435468
0.7835802 0.1620548 0.05436494
0.7950937 0.1613034 0.04360293
0.7941333 0.1502151 0.05565159
0.7896703 0.1680297 0.04229998
0.7877057 0.1626321 0.04966225
0.7832331 0.163366 0.05340084
0.8186424 0.1305688 0.05078881
0.7715405 0.1729256 0.05553391
0.7686765 0.1690057 0.06231775
0.7703355 0.1636988 0.06596571
0.8153519 0.1259426 0.05870551
0.7667021 0.1813354 0.0519625
0.7747703 0.164017 0.0612127
0.7749559 0.1642521 0.060792
0.7743475 0.168794 0.05685851
0.7658394 0.1736117 0.06054888
0.7643918 0.1807263 0.05488191
0.7919374 0.1546 0.05346253
0.7768812 0.1611341 0.06198468
0.7995199 0.1416178 0.05886238
0.8037109 0.1542102 0.04207894
0.7936292 0.1623324 0.04403849
0.7709302 0.17857 0.0504998
0.7860243 0.1629449 0.05103082
0.7878551 0.1578748 0.0542701
0.7858169 0.1624033 0.05177982
0.7717207 0.1709773 0.05730204
0.8011674 0.1399655 0.05886707
0.787329 0.1479238 0.06474726
0.7697528 0.1724214 0.05782581
0.7859564 0.1589672 0.05507634
0.7755747 0.1692966 0.05512872
0.8014247 0.1579267 0.04064858
0.7646482 0.1819282 0.0534237
0.7883444 0.162257 0.04939857
0.7667746 0.1765624 0.056663
0.8053586 0.1479034 0.04673804
0.7861323 0.1638502 0.05001744
0.7649811 0.1719467 0.06307218
0.7731149 0.1725153 0.05436984
0.7733246 0.16879 0.05788542
0.8023445 0.1481525 0.04950306
0.8080795 0.1477587 0.04416179
0.7990533 0.1415937 0.05935297
0.7938901 0.138885 0.06722487
0.7800598 0.1670318 0.05290848
0.7730754 0.1629768 0.06394782
0.7845088 0.1674306 0.04806063
0.7979044 0.1485425 0.05355303
0.782158 0.1604084 0.05743364
0.7913317 0.1594238 0.04924442
0.7972515 0.134016 0.06873257
0.7855354 0.1680861 0.04637847
0.7988768 0.1483197 0.05280351
0.7626797 0.1620957 0.07522459
0.8005636 0.1520721 0.04736422
0.7706017 0.1748819 0.05451644
0.7981302 0.1446812 0.05718861
0.7907837 0.1561008 0.05311556
0.7772426 0.1727896 0.04996778
0.7729416 0.1748415 0.05221685
0.7738669 0.1815462 0.04458685
0.7826067 0.1647784 0.05261489
0.7845875 0.1608067 0.05460579
0.7676182 0.170168 0.06221372
0.7592446 0.1851398 0.05561565
0.7852849 0.1642651 0.05045001
0.7724864 0.1739261 0.05358753
0.7493185 0.1883955 0.06228607
0.7817404 0.1634678 0.0547918
0.7828554 0.1693518 0.04779281
0.7827408 0.1717566 0.04550261
0.7726172 0.1806753 0.04670753
0.7876592 0.1602268 0.05211397
0.7787118 0.1523615 0.0689267
0.785843 0.1725777 0.04157931
0.7830692 0.1627896 0.05414129
0.7755744 0.1677977 0.05662793
0.7735681 0.1745294 0.05190252
0.7843011 0.1578085 0.05789039
0.775634 0.1801751 0.0441909
0.7928347 0.1528266 0.05433874
0.7984903 0.1485918 0.05291788
0.7803202 0.1707834 0.04889644
0.7889771 0.1653942 0.04562873
0.7830996 0.1693898 0.04751066
0.7913577 0.1551315 0.05351076
0.7880123 0.1629536 0.04903407
0.7970015 0.1550926 0.04790596
0.769426 0.1815308 0.0490432
0.7669133 0.1825234 0.05056324
0.7812915 0.1712184 0.04749013
0.7864442 0.1667967 0.04675914
0.7783624 0.1565071 0.06513053
0.808798 0.147905 0.04329703
0.7920556 0.1541781 0.0537663
0.7670653 0.1698781 0.06305655
0.7698143 0.1651196 0.0650661
0.7960582 0.1437111 0.0602307
0.7796798 0.1654415 0.05487874
0.7837725 0.1702326 0.04599488
0.7654778 0.1731224 0.06139985
0.7765717 0.1570859 0.06634246
0.7731101 0.1812451 0.04564482
0.8240124 0.1271394 0.04884822
0.792251 0.1495967 0.05815229
0.7668973 0.1796136 0.05348915
0.7572142 0.1825939 0.06019196
0.7778912 0.1707481 0.05136078
0.7781545 0.1523641 0.06948148
0.7466471 0.2023887 0.05096414
0.7792722 0.1746943 0.04603349
0.7663372 0.1656323 0.06803047
0.8020146 0.1472254 0.05075998
0.7699605 0.1553904 0.07464907
0.7923491 0.1515682 0.05608268
0.7771869 0.1628263 0.05998677
0.7809093 0.1600881 0.05900262
0.777034 0.1717847 0.05118134
0.7850166 0.1534005 0.06158295
0.7681993 0.1796374 0.05216334
0.7598261 0.1540736 0.08610027
0.7761366 0.1628039 0.06105946
0.7785792 0.1637416 0.05767911
0.7856485 0.1602728 0.05407871
0.7905785 0.152924 0.05649752
0.7944018 0.1480041 0.05759412
0.7997158 0.1488813 0.05140288
0.7543843 0.1799028 0.06571297
0.7570858 0.1780579 0.06485637
0.7817913 0.1656813 0.0525274
0.8050701 0.1383932 0.05653666
0.7772405 0.1705752 0.05218432
0.7951425 0.1646055 0.040252
0.7675597 0.1772106 0.05522973
0.7811486 0.1654595 0.05339194
0.7589937 0.1941308 0.0468755
0.8172823 0.137013 0.04570475
0.7748975 0.1727448 0.05235774
0.7884538 0.1626909 0.04885534
0.8027337 0.1514945 0.04577176
0.773223 0.1721559 0.05462113
0.7652754 0.178305 0.05641964
0.7935113 0.1628632 0.04362554
0.7836241 0.1520047 0.06437118
0.8096831 0.1421567 0.04816021
0.7825458 0.1623368 0.05511745
0.7912574 0.1630088 0.0457338
0.7627184 0.1803588 0.05692284
0.7765383 0.1674081 0.05605363
0.7763371 0.1584932 0.06516962
0.772351 0.1762989 0.05135011
0.7585837 0.1855549 0.05586142
0.7754229 0.168611 0.05596608
0.7708696 0.1905763 0.0385541
0.7813635 0.1605037 0.05813283
0.7852296 0.1678387 0.04693169
0.7898685 0.1566033 0.05352814
0.7919021 0.1521719 0.05592599
0.7869759 0.1717882 0.04123597
0.7837801 0.1619 0.05431992
0.7500984 0.1957842 0.05411734
0.7849685 0.1745583 0.0404732
0.7977948 0.1463171 0.05588811
0.7937544 0.1586218 0.04762382
0.773206 0.1753403 0.05145371
0.7815209 0.1723786 0.04610056
0.7899673 0.1529318 0.05710088
0.7767312 0.1646621 0.05860666
0.7765536 0.1669946 0.0564518
0.7726561 0.168626 0.05871785
0.7893155 0.1548442 0.05584035
0.7854536 0.1641074 0.05043894
0.7977236 0.1501722 0.05210414
0.7957775 0.1556674 0.04855509
0.799059 0.1505489 0.05039206
0.7891693 0.1628383 0.04799247
0.7800324 0.1779181 0.04204946
0.7509613 0.1883551 0.0606836
0.7714901 0.1816071 0.04690278
0.7712562 0.1468408 0.08190299
0.7797267 0.1650805 0.0551928
0.7817347 0.1648258 0.05343956
0.7877068 0.1572179 0.05507525
0.7845842 0.1542049 0.06121094
0.7855444 0.1579705 0.05648507
0.7912993 0.1596488 0.04905195
0.7599303 0.1835104 0.05655925
0.7762555 0.17371 0.05003451
0.7721347 0.1727641 0.05510122
0.7961617 0.1566242 0.04721409
0.7747855 0.1787022 0.04651225
0.7773624 0.1590679 0.06356966
0.7807886 0.1681226 0.05108878
0.7785505 0.1612462 0.06020333
0.7910911 0.1506104 0.05829854
0.7853333 0.1596027 0.05506399
0.7842218 0.165879 0.04989919
0.7940543 0.1562126 0.04973309
0.7823475 0.163995 0.05365753
0.7855062 0.175595 0.03889881
0.7805156 0.1447716 0.07471274
0.7722023 0.158533 0.06926467
0.7714476 0.1617362 0.06681622
0.7632539 0.1778868 0.05885929
0.772941 0.1689412 0.05811777
0.8034136 0.1462169 0.05036956
0.8011561 0.1496055 0.04923839
0.7844546 0.1621135 0.05343182
0.7819984 0.1511149 0.06688672
0.7748274 0.1618011 0.06337146
0.783487 0.1449765 0.07153652
0.789928 0.1628962 0.04717574
0.7972829 0.148594 0.05412307
0.7711037 0.1614192 0.06747713
0.7756964 0.1658836 0.05842004
0.7911324 0.1502397 0.05862788
0.7678305 0.1746237 0.05754576
0.7929341 0.1352523 0.07181365
0.7890677 0.1412207 0.06971154
0.7930656 0.1589149 0.04801947
0.7815203 0.1685202 0.04995949
0.7738822 0.166599 0.05951883
0.7892314 0.1612259 0.04954272
0.7589552 0.1861047 0.05494007
0.7895511 0.1412661 0.06918285
0.793534 0.1414395 0.06502649
0.8020035 0.132847 0.06514955
0.7628763 0.1729066 0.06421702
0.7668828 0.1576086 0.07550855
0.7847582 0.1699184 0.04532333
0.7749244 0.1646628 0.06041288
0.7878763 0.1725203 0.03960339
0.8031665 0.1512824 0.04555109
0.7905466 0.1506021 0.05885131
0.8014397 0.1475039 0.05105638
0.7824955 0.1734764 0.04402804
0.7762258 0.1788134 0.04496079
0.7815364 0.1724098 0.04605373
0.7783021 0.168731 0.05296691
0.7872903 0.1636014 0.04910831
0.7804033 0.158509 0.06108764
0.7988693 0.1431235 0.05800722
0.7986459 0.1575502 0.04380393
0.7819559 0.1683206 0.04972346
0.7736203 0.1596782 0.06670158
0.8091431 0.1351501 0.05570681
0.7812063 0.1766924 0.0421013
0.773804 0.1671586 0.05903746
0.7790221 0.1697505 0.05122738
0.768751 0.1734026 0.0578464
0.7930373 0.1451385 0.06182417
0.769696 0.1679324 0.0623716
0.776599 0.1604947 0.06290632
0.7596491 0.1788082 0.06154278
0.7885807 0.1509248 0.06049456
0.7763582 0.1599454 0.06369639
0.761209 0.1724487 0.06634234
0.7667253 0.1738985 0.0593762
0.7971467 0.1501785 0.05267484
0.7872158 0.1519479 0.06083621
0.796294 0.1552095 0.04849647
0.7969541 0.1482403 0.05480565
0.7710477 0.1750068 0.05394554
0.7967098 0.1559492 0.04734104
0.7866923 0.1563454 0.05696232
0.7665341 0.1822469 0.05121898
0.800866 0.148709 0.05042496
0.7558806 0.1958305 0.04828896
0.7939053 0.1513242 0.05477048
0.7884723 0.1668961 0.04463156
0.7970144 0.1585413 0.04444434
0.766359 0.1668389 0.06680212
0.7906868 0.1449989 0.06431429
0.7803221 0.1768071 0.04287074
0.7555587 0.1775918 0.0668495
0.7727964 0.167668 0.05953563
0.7848391 0.1582975 0.05686334
0.7808218 0.1568718 0.0623064
0.7687993 0.1686096 0.06259113
0.7841214 0.1728647 0.04301384
0.8095895 0.1452177 0.04519284
0.7444188 0.1978884 0.05769282
0.7532572 0.1846918 0.06205099
0.797795 0.1576329 0.04457207
0.7637372 0.1825233 0.05373943
0.7984235 0.14934 0.05223642
0.7638513 0.1733031 0.06284559
0.7771814 0.1649197 0.05789896
0.7929455 0.1528189 0.05423553
0.8058051 0.1431815 0.05101336
0.7966658 0.1433829 0.05995132
0.782262 0.1524001 0.06533792
0.7718389 0.1744107 0.05375042
0.7703512 0.171727 0.05792185
0.7692136 0.1784109 0.05237549
0.7668238 0.1687544 0.06442186
0.7732806 0.1783774 0.04834202
0.7763716 0.1604441 0.06318425
0.7670488 0.1840579 0.04889322
0.8019196 0.1479713 0.05010908
0.7906673 0.1635175 0.04581527
0.7935804 0.1632333 0.04318623
0.792033 0.1443919 0.06357509
0.7746042 0.1719723 0.05342355
0.7672515 0.1632052 0.06954334
0.774505 0.164842 0.06065302
0.7796706 0.1697809 0.05054852
0.7806789 0.1674593 0.0518618
0.8020451 0.1480597 0.04989525
0.7760964 0.1658138 0.0580898
0.7927295 0.1506494 0.05662118
0.7726116 0.1772762 0.05011218
0.7855067 0.1640051 0.05048819
0.8120719 0.1365329 0.05139517
0.7976537 0.1531094 0.04923695
0.7942556 0.1550538 0.05069061
0.7735487 0.1784234 0.04802793
0.8014908 0.1422128 0.05629641
0.7921902 0.1670283 0.04078143
0.7699757 0.1723664 0.05765793
0.7667418 0.1823094 0.05094884
0.8056898 0.1407493 0.05356092
0.7827184 0.1571753 0.06010624
0.7676082 0.1809391 0.05145271
0.7870904 0.1566383 0.05627127
0.7685033 0.1818712 0.04962547
0.7761951 0.1735522 0.05025268
0.7882181 0.1559637 0.0558182
0.7769307 0.1711147 0.05195457
0.7688443 0.1617532 0.06940254
0.7969628 0.1413628 0.06167439
0.7741221 0.1569471 0.06893083
0.8017847 0.143959 0.05425625
0.7737515 0.1660552 0.06019323
0.7530953 0.1935352 0.05336948
0.7375121 0.1961719 0.06631604
0.7870111 0.1677811 0.04520787
0.772614 0.1706268 0.05675922
0.8013898 0.1511515 0.04745876
0.7757088 0.1667052 0.05758604
0.7634246 0.1811322 0.05544319
0.7853737 0.1468214 0.06780495
0.7903586 0.1597274 0.049914
0.7662105 0.1634777 0.07031172
0.7838841 0.1565028 0.05961305
0.7534068 0.1845286 0.06206464
0.7695987 0.1725031 0.05789812
0.7787605 0.1679995 0.05324005
0.7735819 0.1670899 0.05932825
0.7840464 0.1603646 0.05558905
0.7790179 0.1601296 0.06085249
0.7946106 0.1593839 0.04600549
0.7554262 0.1850297 0.05954414
0.778608 0.1745944 0.04679756
0.8158751 0.1416688 0.04245607
0.7882193 0.1522819 0.05949884
0.7944312 0.1639712 0.04159758
0.7701041 0.1615401 0.06835577
0.7963724 0.1619275 0.04170005
0.7719607 0.1695001 0.05853913
0.769962 0.1719311 0.05810687
0.7790192 0.1511574 0.06982345
0.7766523 0.1643096 0.05903813
0.7989668 0.1541568 0.04687638
0.769042 0.1762996 0.05465832
0.779272 0.1649813 0.05574669
0.7897254 0.149485 0.06078957
0.7769003 0.1759027 0.04719695
0.773305 0.1700153 0.05667973
0.7562899 0.193708 0.05000207
0.8042591 0.1527529 0.04298799
0.7683327 0.1709365 0.06073082
0.7802668 0.171782 0.04795119
0.77511 0.1790291 0.04586091
0.7762003 0.1691238 0.05467585
0.8014622 0.1536182 0.04491954
0.7751782 0.149589 0.07523274
0.7920971 0.1606906 0.04721235
0.7520427 0.1965831 0.05137415
0.7805165 0.1634176 0.05606594
0.7777161 0.1664175 0.05586635
0.7530365 0.1900687 0.05689488
0.7778928 0.1660393 0.05606788
0.771125 0.1732829 0.05559206
0.7976346 0.1503771 0.05198834
0.7797384 0.1716772 0.0485844
0.7654567 0.1872046 0.04733871
0.7832345 0.1610312 0.05573431
0.7814897 0.1726075 0.04590289
0.7524898 0.192033 0.0554772
0.7993474 0.1550841 0.04556843
0.7887587 0.157746 0.05349526
0.801041 0.1509936 0.04796542
0.7772667 0.1648003 0.05793303
0.7632661 0.1688117 0.06792221
0.800814 0.1415162 0.05766982
0.7934104 0.1576014 0.04898821
0.7729204 0.1624743 0.06460536
0.7901329 0.1601077 0.04975944
0.7758132 0.1634675 0.06071923
0.7820645 0.1604235 0.057512
0.7827233 0.1581168 0.05915996
0.7454687 0.1798226 0.07470871
0.7955623 0.1539507 0.05048708
0.7800035 0.1566782 0.06331836
0.8031204 0.1428052 0.05407439
0.7849612 0.1624022 0.05263665
0.7761938 0.1701328 0.05367336
0.7926849 0.1541486 0.05316648
0.8070289 0.1445496 0.04842153
0.7691262 0.1736492 0.05722463
0.7657013 0.1604079 0.07389081
0.7943606 0.157339 0.04830034
0.7992269 0.1429162 0.05785691
0.7771614 0.1675688 0.05526979
0.782196 0.1635383 0.0542657
0.7743734 0.1661695 0.05945712
0.7806141 0.143883 0.07550282
0.7936521 0.1509656 0.05538226
0.7970778 0.152567 0.05035519
0.7750842 0.1733558 0.05156005
0.784394 0.1556489 0.05995718
0.7785606 0.1713668 0.05007263
0.8096978 0.1418576 0.04844464
0.7504109 0.1859292 0.0636599
0.7842482 0.1576658 0.05808599
0.7680619 0.177684 0.05425406
0.7650564 0.1711285 0.06381514
0.7719166 0.1780881 0.04999534
0.7915122 0.1460003 0.06248742
0.7691044 0.174713 0.05618263
0.789121 0.162484 0.04839496
0.7901454 0.1506514 0.05920317
0.7690333 0.1734222 0.0575445
0.7830321 0.1695844 0.04738344
0.788352 0.1590095 0.05263845
0.786269 0.1631481 0.05058294
0.7854344 0.1626186 0.05194698
0.7799526 0.1624629 0.05758453
0.7968705 0.1439547 0.05917474
0.7856056 0.1628232 0.0515712
0.78657 0.1669395 0.04649043
0.7983939 0.1503824 0.05122369
0.8059277 0.1381854 0.05588692
0.7936001 0.1492772 0.0571227
0.760552 0.1852301 0.05421789
0.7846595 0.170421 0.04491948
0.7752174 0.1672007 0.0575819
0.7946553 0.1559021 0.04944257
0.7844927 0.1650183 0.05048905
0.7778045 0.1725962 0.04959931
0.7601473 0.1852978 0.05455487
0.7805899 0.1659198 0.0534903
0.7935595 0.1566166 0.04982387
0.7614596 0.1830357 0.05550473
0.7831444 0.168231 0.04862458
0.7855819 0.1569017 0.05751642
0.7763157 0.1693855 0.05429879
0.7640672 0.1846331 0.05129973
0.7722439 0.1632915 0.06446457
0.7814987 0.1546603 0.06384099
0.7861017 0.1593194 0.05457887
0.7795141 0.1613356 0.05915035
0.776167 0.1699351 0.05389796
0.7895417 0.160309 0.05014938
0.785777 0.1619788 0.05224417
0.7825111 0.1505101 0.06697885
0.7588055 0.1765679 0.06462661
0.7847399 0.1490092 0.06625089
0.7688202 0.183463 0.04771677
0.7826651 0.1612078 0.0561271
0.7732593 0.1686164 0.05812431
0.7689997 0.1694608 0.06153951
0.7886943 0.1640647 0.047241
0.7848589 0.1548811 0.06025997
0.7757265 0.1677631 0.05651042
0.7779171 0.1609963 0.06108654
0.7894267 0.1654671 0.04510621
0.7910101 0.1557824 0.05320755
0.7571755 0.1905407 0.0522838
0.8017095 0.1474887 0.05080172
0.7757667 0.1681085 0.05612487
0.7677742 0.1650865 0.06713929
0.780727 0.1671968 0.05207623
0.7772372 0.1723724 0.05039036
0.78124 0.1628215 0.05593845
0.7967285 0.1415808 0.0616907
0.7997757 0.1572778 0.04294652
0.7642665 0.1693104 0.06642315
0.797094 0.152528 0.05037795
0.7953439 0.1513523 0.05330371
0.7991182 0.1515848 0.04929702
0.7943623 0.1527458 0.05289195
0.7654732 0.1735226 0.06100419
0.7820352 0.1689565 0.04900828
0.7830583 0.1597961 0.05714562
0.7825289 0.158547 0.05892407
0.7797128 0.1626685 0.05761868
0.7946589 0.1577406 0.04760044
0.7760484 0.1669842 0.05696736
0.7830593 0.1643276 0.05261306
0.7803327 0.1670355 0.05263173
0.7945962 0.1639939 0.04140984
0.7672771 0.1688135 0.06390935
0.8058442 0.1438353 0.05032049
0.7911436 0.1430282 0.06582829
0.7869228 0.1526431 0.06043406
0.8027549 0.1618936 0.0353515
0.7714285 0.1723571 0.05621435
0.7539259 0.1927655 0.05330861
0.7935178 0.1547039 0.0517782
0.7723655 0.1643331 0.06330141
0.758425 0.1790634 0.06251156
0.7836577 0.1628492 0.0534931
0.7692663 0.1626693 0.06806443
0.7946798 0.1638811 0.0414391
0.7929185 0.1494487 0.05763276
0.792372 0.1438871 0.06374094
0.7864998 0.1520714 0.06142876
0.7989391 0.1438647 0.05719616
0.7667818 0.1816652 0.05155301
0.7758522 0.1601611 0.06398667
0.7894736 0.1601544 0.05037198
0.8073916 0.1364543 0.05615401
0.7877224 0.1585165 0.05376112
0.797182 0.1505358 0.05228222
0.7685028 0.1754034 0.05609385
0.7849389 0.1694797 0.04558145
0.7945117 0.1647553 0.04073306
0.8062718 0.1407885 0.05293971
0.7698419 0.1760637 0.05409435
0.7671993 0.1663705 0.0664302
0.7793536 0.1668809 0.05376551
0.7969581 0.1574121 0.04562985
0.7797687 0.1662189 0.05401237
0.7696809 0.1783697 0.05194942
0.7677285 0.1655912 0.0666803
0.7851375 0.1706758 0.0441867
0.8015341 0.1530039 0.04546198
0.769477 0.169353 0.06117001
0.7916739 0.1516915 0.05663455
0.783083 0.1691744 0.04774258
0.806341 0.1494266 0.0442324
0.7985666 0.1496387 0.05179478
0.7758204 0.1684875 0.05569211
0.810726 0.1444523 0.04482168
0.787143 0.167916 0.04494096
0.7829305 0.1680497 0.04901986
0.764088 0.162866 0.07304602
0.7555898 0.1855548 0.05885546
0.7878326 0.1659327 0.0462347
0.8000552 0.1501927 0.04975211
0.7770873 0.1731394 0.0497733
0.7862392 0.1637599 0.05000089
0.7899708 0.154867 0.0551622
0.7926074 0.1660252 0.04136744
0.7687687 0.1877787 0.04345256
0.7802215 0.161401 0.05837748
0.792342 0.1649677 0.04269031
0.7938964 0.1620528 0.04405084
0.7953595 0.1486923 0.05594821
0.7668212 0.1827051 0.05047364
0.7728205 0.1642288 0.06295073
0.7758208 0.1639634 0.06021579
0.7718518 0.174052 0.05409613
0.7821769 0.1689195 0.04890363
0.7846164 0.1549346 0.06044898
0.7911137 0.162713 0.04617326
0.7800477 0.1656938 0.05425848
0.7985381 0.1509171 0.05054481
0.7519732 0.189566 0.05846085
0.7614662 0.1816117 0.05692214
0.7817701 0.1666121 0.05161775
0.7699688 0.1711737 0.05885757
0.7842697 0.1621173 0.05361307
0.7979888 0.1631931 0.03881809
0.7597976 0.1700674 0.07013508
0.7806797 0.1663293 0.05299104
0.7661353 0.1826645 0.05120019
0.7825224 0.1666474 0.05083021
0.776167 0.1728361 0.05099681
0.7736541 0.1661531 0.06019287
0.7684856 0.1786539 0.0528605
0.7741127 0.1741108 0.05177648
0.7712105 0.1748617 0.05392779
0.7836107 0.1682342 0.04815516
0.7543609 0.1872472 0.05839187
0.7893746 0.1556761 0.05494927
0.7984423 0.1626194 0.03893833
0.7724172 0.174165 0.05341783
0.7763734 0.1659404 0.05768623
0.7774851 0.1780355 0.04447934
0.7993867 0.160276 0.0403373
0.7647331 0.1766989 0.05856793
0.7939903 0.1656167 0.04039305
0.7588553 0.1880173 0.05312736
0.7861219 0.1579331 0.05594496
0.7889429 0.1582746 0.05278254
0.7960342 0.1498669 0.05409889
0.7781796 0.1653176 0.05650281
0.7746696 0.1655535 0.05977688
0.7784072 0.158204 0.06338888
0.7712584 0.1763868 0.05235481
0.774861 0.1777316 0.04740744
0.8025196 0.1569896 0.04049084
0.7837757 0.1565214 0.05970297
0.7848748 0.1599023 0.05522295
0.7763297 0.1707305 0.05293978
0.7546436 0.1896583 0.0556981
0.7802204 0.1632451 0.05653447
0.7615899 0.1554846 0.08292551
0.7766798 0.1590334 0.06428685
0.7766912 0.1751985 0.04811031
0.772736 0.1569151 0.07034882
0.7818336 0.1633328 0.05483359
0.7931804 0.1505699 0.05624967
0.7806743 0.1611839 0.05814179
0.7674097 0.184109 0.04848129
0.7959479 0.1492502 0.05480187
0.7908148 0.1494613 0.05972388
0.7871378 0.1558602 0.05700201
0.7853178 0.1658086 0.04887355
0.7833667 0.1493628 0.06727054
0.7869629 0.1476621 0.06537502
0.7918233 0.1518199 0.05635681
0.7939401 0.1576457 0.04841418
0.754895 0.1763399 0.06876512
0.8009207 0.1519984 0.04708094
0.7749747 0.1682481 0.05677724
0.7748926 0.1560058 0.06910161
0.7537993 0.1724689 0.07373181
0.8036169 0.1519671 0.04441593
0.7916517 0.1536381 0.0547102
0.7754873 0.1698762 0.05463657
0.775194 0.1610855 0.06372052
0.7799572 0.1481497 0.07189306
0.7893229 0.1554283 0.05524887
0.7678826 0.1684547 0.06366272
0.7826034 0.1564109 0.06098572
0.7793601 0.1652986 0.05534128
0.7698757 0.1722223 0.05790203
0.7907063 0.1497323 0.05956134
0.7731665 0.1826608 0.04417273
0.8043787 0.1426161 0.05300515
0.7435449 0.2052743 0.05118083
0.7667525 0.1713835 0.06186404
0.76796 0.1728142 0.05922575
0.7766103 0.1648614 0.05852836
0.7914706 0.1443536 0.06417574
0.7919626 0.1613159 0.04672149
0.7717489 0.1743668 0.05388436
0.8020834 0.1465237 0.0513929
0.7913048 0.1610061 0.0476891
0.7842439 0.1606968 0.05505928
0.7813717 0.1641067 0.05452157
0.7739648 0.164735 0.06130011
0.7964725 0.1604351 0.04309242
0.7861746 0.1650329 0.04879256
0.7941197 0.1583072 0.04757302
0.7804049 0.170283 0.04931202
0.7935096 0.1528378 0.05365259
0.7848053 0.1753318 0.03986299
0.7801166 0.159819 0.06006437
0.7685206 0.1715381 0.05994124
0.7834639 0.1722646 0.04427143
0.7980662 0.1506375 0.05129627
0.7609569 0.1706962 0.06834689
0.7768443 0.1710258 0.05212985
0.7788896 0.1770472 0.04406318
0.7869388 0.1672802 0.04578104
0.7868518 0.1696341 0.04351414
0.757789 0.1786948 0.06351625
0.7780343 0.1658057 0.05615994
0.804487 0.1351497 0.06036332
0.7820304 0.1576835 0.06028607
0.766534 0.1824197 0.0510463
0.7831082 0.1625182 0.05437361
0.793101 0.1575681 0.04933084
0.7801415 0.1740241 0.04583438
0.7690799 0.1798511 0.051069
0.7727202 0.1646087 0.0626711
0.7989551 0.1353702 0.06567476
0.8003267 0.1473615 0.05231183
0.8163786 0.148901 0.03472038
0.8042175 0.1478272 0.04795537
0.7823861 0.1537699 0.06384401
0.7828641 0.1570293 0.06010664
0.7917052 0.1650005 0.04329429
0.8022679 0.1459472 0.05178491
0.7810709 0.1659448 0.05298433
0.7713804 0.1520684 0.07655124
0.7873177 0.1573937 0.05528858
0.7986 0.1591716 0.04222838
0.7730639 0.1546915 0.07224463
0.805215 0.1442932 0.0504918
0.7675185 0.1657468 0.06673477
0.7878097 0.1500486 0.06214169
0.7519731 0.1877183 0.0603086
0.7825916 0.1751122 0.04229612
0.8000931 0.1543815 0.04552543
0.7801471 0.1596899 0.06016305
0.779981 0.1675159 0.05250312
0.7904061 0.1594575 0.05013638
0.7513707 0.1978767 0.05075263
0.810521 0.1460959 0.04338314
0.7765197 0.1791888 0.04429144
0.7807115 0.1699647 0.04932382
0.7744772 0.1729522 0.05257054
0.7919896 0.1444628 0.06354765
0.7892887 0.1554066 0.0553047
0.772522 0.1649704 0.06250756
0.7743054 0.1722014 0.0534932
0.7741948 0.1624058 0.06339948
0.7545767 0.1804209 0.0650024
0.7710975 0.1682852 0.06061736
0.7851175 0.1742585 0.04062406
0.7727074 0.1829632 0.04432936
0.8020386 0.1368431 0.0611183
0.7939899 0.1535504 0.0524597
0.771472 0.1568477 0.07168026
0.7580394 0.1628077 0.07915298
0.7822765 0.1565341 0.0611894
0.7974817 0.1423804 0.06013787
0.7702861 0.1715525 0.05816148
0.7669884 0.1693001 0.06371147
0.8089101 0.1471096 0.04398036
0.7827329 0.1641906 0.05307657
0.7884536 0.1605562 0.05099017
0.7778824 0.1828599 0.0392577
0.7663513 0.1765403 0.0571084
0.7851362 0.1623789 0.05248491
0.7747782 0.1509775 0.07424424
0.7809763 0.1599174 0.05910628
0.7857774 0.160015 0.05420754
0.7760602 0.1656819 0.05825793
0.7846944 0.1695809 0.04572468
0.7887974 0.1568144 0.05438821
0.7762775 0.1724026 0.05131992
0.7555628 0.174991 0.06944621
0.7725465 0.1725092 0.0549443
0.7677445 0.1760483 0.05620721
0.7906461 0.1559081 0.05344586
0.7622438 0.1739114 0.06384481
0.7758619 0.1650318 0.05910627
0.7871151 0.1616492 0.05123571
0.8110531 0.1388196 0.05012725
0.7852691 0.158777 0.05595381
0.7946276 0.1575022 0.04787026
0.7894737 0.158092 0.05243431
0.7781349 0.1733573 0.04850782
0.8002079 0.154184 0.04560811
0.7824547 0.1674547 0.0500906
0.7700248 0.1633003 0.06667491
0.7730432 0.1756492 0.05130763
0.7775442 0.1567708 0.06568503
0.7849976 0.1629089 0.05209348
0.7911525 0.1620713 0.04677622
0.7723912 0.1701777 0.05743112
0.7943375 0.1521629 0.05349958
0.7795556 0.1714075 0.04903689
0.787259 0.163359 0.04938196
0.7871077 0.163571 0.04932133
0.7577183 0.1851672 0.05711452
0.7918743 0.1547248 0.05340097
0.7864872 0.1599499 0.05356291
0.7796767 0.1689208 0.05140251
0.7645733 0.1705434 0.06488331
0.7962755 0.1523569 0.05136761
0.7836605 0.1636153 0.05272429
0.7597426 0.1965699 0.04368744
0.76482 0.1724282 0.06275175
0.7635694 0.1888461 0.04758448
0.7887619 0.1481027 0.06313539
0.7737277 0.1757959 0.05047641
0.7750872 0.1729952 0.05191766
0.7856788 0.1579889 0.05633229
0.8022795 0.1492677 0.04845288
0.769988 0.1691531 0.0608589
0.7828192 0.1424004 0.0747804
0.7980692 0.1544384 0.0474924
0.7719273 0.1760825 0.05199024
0.7930016 0.1475135 0.05948493
0.7897592 0.1635589 0.04668187
0.776532 0.1641563 0.0593117
0.7646722 0.1720365 0.06329136
0.8074319 0.1478695 0.04469855
0.747277 0.2007806 0.05194237
0.7605557 0.1869358 0.05250847
0.7672416 0.1819823 0.05077613
0.7915475 0.1558615 0.05259102
0.7815903 0.1560132 0.06239652
0.7872988 0.1589722 0.05372904
0.7576284 0.1736958 0.06867577
0.7911479 0.155864 0.05298809
0.7872041 0.1544699 0.05832601
0.7999027 0.1490726 0.05102474
0.788951 0.1532807 0.05776833
0.7625796 0.1740082 0.06341217
0.7655541 0.1735432 0.06090272
0.7975392 0.1488292 0.05363157
0.7732907 0.1693468 0.05736256
0.7781988 0.1660108 0.05579041
0.781731 0.165621 0.05264801
0.7754385 0.1712172 0.05334432
0.7860823 0.1451781 0.06873959
0.7930151 0.1455472 0.06143774
0.8056838 0.1371611 0.05715511
0.7906859 0.1563754 0.05293862
0.7968743 0.1496815 0.0534442
0.7803749 0.1674813 0.05214373
0.7874241 0.1453095 0.06726634
0.789505 0.1612535 0.04924146
0.7707381 0.1684666 0.06079525
0.7774462 0.1592127 0.06334111
0.786658 0.156944 0.05639797
0.765719 0.1901196 0.04416143
0.7950223 0.1501533 0.05482441
0.7760467 0.1795624 0.04439089
0.8113619 0.1449376 0.04370049
0.7786605 0.1718907 0.04944885
0.7891711 0.1538347 0.05699422
0.7845975 0.156453 0.05894952
0.7748321 0.1689166 0.05625133
0.7941939 0.1630204 0.0427857
0.7820664 0.1702866 0.04764704
0.786564 0.1512043 0.06223175
0.7710876 0.1665042 0.06240822
0.7714648 0.1701016 0.05843363
0.778428 0.1718433 0.04972871
0.8103363 0.1578306 0.03183312
0.785752 0.1605445 0.05370348
0.7818051 0.1576482 0.06054666
0.7788577 0.1736644 0.04747784
0.7741534 0.1684858 0.05736085
0.7712339 0.1761654 0.05260074
0.7808881 0.1593372 0.05977469
0.7861376 0.1719655 0.04189689
0.8006121 0.1415512 0.05783672
0.7621415 0.1690375 0.06882099
0.7747651 0.1611777 0.06405721
0.7892519 0.158948 0.0518001
0.7497495 0.1775823 0.07266824
0.7753463 0.1747355 0.04991816
0.787867 0.1585035 0.05362952
0.7702822 0.1798972 0.04982064
0.7932094 0.1459997 0.06079084
0.7887301 0.1524586 0.0588113
0.7758387 0.1649493 0.05921198
0.7755849 0.1787268 0.04568828
0.7730468 0.168461 0.05849213
0.7809469 0.1639087 0.05514441
0.7861411 0.1550117 0.05884714
0.8149869 0.1483291 0.036684
0.7829311 0.149939 0.06712985
0.7835265 0.1702804 0.04619312
0.7672592 0.1662107 0.06653007
0.7910741 0.1516615 0.05726438
0.774722 0.1719719 0.05330613
0.7913007 0.1596333 0.04906599
0.7445394 0.1859553 0.06950525
0.7804764 0.1609667 0.05855689
0.7820329 0.1651251 0.05284201
0.7921525 0.155713 0.05213454
0.7877031 0.1507828 0.06151413
0.8022589 0.1536616 0.04407956
0.7713276 0.1638509 0.06482151
0.7807657 0.1718447 0.04738966
0.7790527 0.1545377 0.06640956
0.7803233 0.1686501 0.05102659
0.7983306 0.1450885 0.05658086
0.7958053 0.1541087 0.05008596
0.7799075 0.1754457 0.04464678
0.7764117 0.1657628 0.05782552
0.7709784 0.1725619 0.05645974
0.7727038 0.1740465 0.05324976
0.7739198 0.1730194 0.05306081
0.7547045 0.1933631 0.05193239
0.782623 0.156637 0.06073993
0.7715003 0.1756195 0.05288019
0.7919327 0.1477039 0.0603634
0.7933942 0.1568256 0.04978016
0.7863889 0.1641364 0.0494747
0.8000117 0.1551166 0.04487172
0.7689931 0.1774904 0.05351647
0.7684156 0.1814505 0.0501339
0.80272 0.1501596 0.0471204
0.7740974 0.1768698 0.04903283
0.7773726 0.173544 0.04908335
0.7790686 0.1649296 0.05600178
0.7496872 0.1817534 0.06855938
0.7844331 0.1610131 0.0545538
0.7636423 0.1786315 0.05772618
0.7918177 0.1547564 0.05342586
0.7843952 0.168417 0.04718781
0.7988925 0.1550967 0.04601081
0.7912379 0.1603397 0.04842244
0.7891892 0.1617587 0.0490521
0.783595 0.1441276 0.07227743
0.7974025 0.1538014 0.04879616
0.7912274 0.1545457 0.05422689
0.7727951 0.1813779 0.04582704
0.7840505 0.1449915 0.07095803
0.7889535 0.1515777 0.05946875
0.7920033 0.1586458 0.04935092
0.7899499 0.1684171 0.04163292
0.7924637 0.1535784 0.05395786
0.78101 0.1766255 0.04236453
0.7705896 0.1618896 0.06752085
0.7897973 0.1544039 0.05579879
0.801538 0.1474091 0.05105289
0.7749652 0.1804973 0.04453751
0.7680259 0.1873064 0.0446677
0.798777 0.1555123 0.04571076
0.7668134 0.1765534 0.05663314
0.7936027 0.1583583 0.04803901
0.7778346 0.1491457 0.07301972
0.7659534 0.1787003 0.05534628
0.7818018 0.1742507 0.04394752
0.7808704 0.1612281 0.05790147
0.7890676 0.1481372 0.06279518
0.7814997 0.1592301 0.05927027
0.7817591 0.1705815 0.04765938
0.7929763 0.1603107 0.04671298
0.8025792 0.1482117 0.04920917
0.7670938 0.1834847 0.04942146
0.764978 0.1891497 0.04587221
0.7525291 0.1810373 0.06643365
0.8097929 0.1304782 0.05972895
0.7953743 0.1624721 0.04215358
0.7855826 0.158311 0.05610642
0.7478063 0.1917476 0.06044615
0.7981157 0.1507964 0.05108793
0.777547 0.1752246 0.0472284
0.7829977 0.1730284 0.04397392
0.7644096 0.1721792 0.06341119
0.7787698 0.1667281 0.05450213
0.7784158 0.1811806 0.04040368
0.7719678 0.1612216 0.06681057
0.8022729 0.1524036 0.04532344
0.7919472 0.153231 0.05482174
0.7804408 0.1588175 0.06074173
0.7753877 0.1584836 0.06612867
0.7826271 0.1690804 0.0482925
0.7850961 0.1487591 0.0661447
0.7779045 0.1679025 0.05419302
0.765369 0.1700432 0.06458775
0.7968277 0.1540948 0.04907748
0.7972118 0.150671 0.05211713
0.7620224 0.1806856 0.05729196
0.7865268 0.1581225 0.05535076
0.7673489 0.175778 0.05687309
0.7787978 0.1594144 0.06178781
0.7991835 0.1476768 0.05313973
0.7854412 0.1608724 0.05368642
0.7745234 0.1714286 0.05404798
0.7619409 0.1740363 0.06402283
0.7784579 0.1654552 0.05608698
0.7704048 0.1704344 0.05916084
0.7829486 0.1655161 0.05153531
0.7709211 0.1680532 0.06102564
0.7572458 0.1803864 0.06236782
0.7984642 0.1488899 0.05264597
0.7850928 0.1612301 0.0536771
0.7841681 0.1603 0.05553185
0.7846323 0.1729768 0.04239092
0.7711466 0.1787974 0.05005594
0.7850481 0.1719804 0.04297149
0.8009452 0.1562105 0.04284433
0.7863763 0.160274 0.05334968
0.7888495 0.1572718 0.05387873
0.7810124 0.1701727 0.04881495
0.7648154 0.1812589 0.05392566
0.7841538 0.1698014 0.04604483
0.7726846 0.1690049 0.05831052
0.7644526 0.18535 0.05019734
0.7894737 0.1481275 0.06239879
0.7834695 0.1663403 0.05019017
0.7895865 0.1619294 0.04848412
0.7870334 0.1507967 0.06216996
0.789689 0.149333 0.06097807
0.775089 0.1763943 0.0485167
0.779757 0.1725619 0.04768104
0.7743377 0.1678587 0.05780366
0.7948128 0.1612725 0.04391465
0.7858738 0.1562216 0.05790454
0.7724457 0.1730858 0.05446841
0.7838044 0.1629261 0.05326954
0.7984085 0.1549719 0.04661965
0.7702611 0.1817523 0.04798661
0.7615198 0.1774742 0.061006
0.7930534 0.1641383 0.04280831
0.7894294 0.1623049 0.04826575
0.7836641 0.1695758 0.04676009
0.7869335 0.1657377 0.0473288
0.7801721 0.1697794 0.05004857
0.7727985 0.1741047 0.0530968
0.7800082 0.1621025 0.05788928
0.791526 0.1594938 0.04898012
0.7843233 0.1653032 0.05037358
0.7762517 0.1707045 0.05304374
0.7993754 0.1563683 0.04425635
0.7987408 0.1582878 0.04297137
0.7784296 0.1739793 0.04759113
0.7786775 0.1731187 0.04820374
