"p_1" "p_2" "p_3" "p_4"
0.1671451 0.004607613 0.04914473 0.7791025
0.1586137 0.002287905 0.06228286 0.7768156
0.1610429 0.00140822 0.04456327 0.7929856
0.1642164 0.008236172 0.05491931 0.7726282
0.1450652 0.0007254275 0.04403953 0.8101699
0.1550087 0.006749542 0.05176419 0.7864775
0.1819911 0.0003039111 0.05032192 0.7673831
0.1534338 0.002324945 0.05806715 0.7861741
0.1761745 0.007329541 0.05170756 0.7647884
0.177599 0.0004269448 0.05589079 0.7660833
0.1665963 9.303532e-06 0.05510599 0.7782884
0.162723 0.0002417729 0.06023213 0.7768031
0.1580919 0.0002687869 0.04094261 0.8006967
0.149877 0.0005739626 0.06068087 0.7888682
0.1744982 0.005821616 0.05608216 0.763598
0.1760489 0.002360872 0.05321981 0.7683705
0.1435933 0.0006686118 0.05049379 0.8052443
0.1694984 0.0001481658 0.0545607 0.7757927
0.1763589 0.003764198 0.06869596 0.751181
0.1532607 0.003159143 0.04773425 0.795846
0.1564105 0.0003272009 0.05752125 0.7857411
0.1759189 3.90077e-05 0.06056693 0.7634752
0.1620978 0.004001336 0.04865385 0.785247
0.1548648 0.001701597 0.05204173 0.7913919
0.173436 0.001664909 0.05114448 0.7737546
0.1680864 0.002944412 0.05560691 0.7733623
0.1513655 0.002350582 0.05055558 0.7957283
0.1863956 0.002062559 0.06365494 0.7478869
0.1425346 0.003556359 0.04852196 0.8053871
0.1572077 0.003016168 0.06002615 0.77975
0.191481 0.0009396328 0.05114387 0.7564355
0.1610049 0.001227312 0.04666453 0.7911033
0.1448247 8.717075e-06 0.05698841 0.7981781
0.1744185 0.002454539 0.05112514 0.7720018
0.1530782 0.002044726 0.04979843 0.7950786
0.1680953 0.003368795 0.06301777 0.7655182
0.1718441 0.0002474711 0.04538372 0.7825248
0.1522631 0.005196037 0.06148157 0.7810593
0.1700829 0.003394378 0.06203569 0.7644871
0.175163 0.0009161732 0.05084024 0.7730806
0.1658919 0.003152707 0.06710416 0.7638512
0.1663249 0.000704864 0.05834299 0.7746272
0.1769186 0.0003706389 0.04670771 0.776003
0.1868734 0.0002432637 0.05465647 0.7582269
0.1591203 0.0009826441 0.06252969 0.7773673
0.1594849 0.003917729 0.0676646 0.7689328
0.1691963 0.0009471941 0.05986644 0.7699901
0.1824841 0.0007149104 0.06518713 0.7516139
0.1719181 0.002895475 0.05339694 0.7717895
0.146046 0.0006393308 0.05350425 0.7998104
0.1776761 0.003487387 0.06050822 0.7583283
0.1656942 0.0008778721 0.05971634 0.7737116
0.1559617 0.0008529174 0.05390031 0.789285
0.1544024 0.0006643291 0.04722012 0.7977131
0.1617542 0.00147947 0.05616091 0.7806054
0.1628194 0.0006268996 0.06664684 0.7699068
0.1748087 0.0001045843 0.06118374 0.7639029
0.1709312 0.0007590994 0.0471803 0.7811294
0.1585933 0.01190336 0.0521627 0.7773407
0.1418687 0.01754128 0.06156167 0.7790283
0.1805556 0.00599956 0.06264053 0.7508043
0.1678579 0.001195215 0.04957398 0.7813729
0.1587606 0.001292946 0.05329333 0.7866532
0.163789 0.001531106 0.05133424 0.7833457
0.1464657 0.0008629158 0.05249942 0.800172
0.1958243 0.0005539669 0.04859757 0.7550241
0.1722113 0.0001693951 0.05908018 0.7685391
0.1744466 0.000236109 0.04915888 0.7761584
0.1488342 0.001508462 0.05664824 0.7930091
0.1681838 1.640286e-05 0.0587683 0.7730315
0.1606692 2.870907e-05 0.06056762 0.7787345
0.1348935 0.01748432 0.05634981 0.7912724
0.137669 0.02716847 0.05392529 0.7812373
0.1683229 0.001918951 0.05613612 0.773622
0.1619494 0.0008992826 0.05845789 0.7786934
0.1842544 0.0007027407 0.05968958 0.7553532
0.1618463 0.002514807 0.0535813 0.7820576
0.165479 0.001389807 0.06004953 0.7730817
0.1689623 0.0004408626 0.06024648 0.7703503
0.182111 0.00197535 0.04936606 0.7665476
0.1510895 0.0002618655 0.0657424 0.7829062
0.1548211 0.0002599995 0.05296757 0.7919513
0.1604628 0.001942676 0.05667771 0.7809168
0.1757089 6.015446e-05 0.06241754 0.7618134
0.1696065 0.001612766 0.0425116 0.7862692
0.1675041 0.0005583071 0.05072944 0.7812082
0.1708388 0.0001671467 0.04521227 0.7837818
0.1539741 0.0004784392 0.04570157 0.7998459
0.1669001 0.0009622444 0.04195119 0.7901865
0.1537991 0.001962514 0.05216039 0.792078
0.1539381 0.001281743 0.05548094 0.7892992
0.1543295 0.0002650952 0.06106078 0.7843446
0.1778055 0.003473311 0.05346267 0.7652585
0.1573633 0.0006971475 0.05931559 0.782624
0.1523077 0.002002525 0.04997984 0.7957099
0.1800745 0.0009712046 0.05073057 0.7682238
0.1588459 0.00251822 0.04782813 0.7908078
0.1772918 0.0005138079 0.05112802 0.7710664
0.137946 3.119973e-05 0.04237981 0.819643
0.184964 0.0003345667 0.04591618 0.7687853
0.1692965 0.00963185 0.04949946 0.7715722
0.1720742 0.0009412573 0.05295707 0.7740275
0.1589518 0.001031596 0.04039336 0.7996232
0.153809 0.0002154613 0.05731847 0.788657
0.1506938 0.001803319 0.05149943 0.7960034
0.1682663 0.002529841 0.0526174 0.7765865
0.1671881 0.003853406 0.04628548 0.7826731
0.1444562 0.0008042184 0.05110453 0.8036351
0.1618282 0.0004993475 0.04894154 0.7887309
0.1736015 0.0005581328 0.04752385 0.7783165
0.1565847 0.001385436 0.06068259 0.7813473
0.1616767 0.004397146 0.05929463 0.7746315
0.1772247 0.000902518 0.05180307 0.7700697
0.171605 0.0009664593 0.05198827 0.7754403
0.1488078 0.001953658 0.05919043 0.7900481
0.179009 0.003302101 0.04260912 0.7750798
0.1952486 0.003613899 0.05033756 0.7508
0.1766098 0.003896857 0.04369817 0.7757952
0.1642193 0.0009175173 0.04363234 0.7912309
0.1634908 0.002061782 0.05416465 0.7802828
0.146582 0.001723379 0.04716035 0.8045343
0.1771895 0.0005179889 0.03800278 0.7842897
0.1730673 0.001671161 0.04987666 0.7753849
0.1739539 0.00180532 0.05407611 0.7701647
0.1700433 0.004274565 0.05732221 0.7683599
0.1741807 0.003597841 0.05792637 0.7642951
0.1605246 0.003265178 0.06246414 0.7737461
0.1377891 0.0009259822 0.05876562 0.8025193
0.1657711 0.00591288 0.05793364 0.7703824
0.1842761 0.003413388 0.05640766 0.7559028
0.1809281 0.0003152496 0.0540212 0.7647354
0.1823852 0.0007423902 0.05012381 0.7667486
0.1611114 0.002330947 0.0426635 0.7938942
0.1560399 0.001711094 0.0507654 0.7914836
0.1579896 0.007327927 0.04592413 0.7887583
0.1828643 0.0006978357 0.05585374 0.7605842
0.1585181 0.002246709 0.04411143 0.7951237
0.1445033 0.0009042366 0.05773805 0.7968544
0.1722516 0.001897425 0.05064505 0.7752059
0.1733789 0.001599795 0.05012075 0.7749006
0.1637883 0.001632718 0.05817972 0.7763993
0.1810478 0.0004465884 0.06021509 0.7582905
0.1763841 0.0005232669 0.05002727 0.7730654
0.1805406 0.0006400786 0.05003964 0.7687796
0.1836921 0.003572451 0.04291225 0.7698232
0.1593373 0.00409708 0.04738023 0.7891854
0.1646561 3.955394e-05 0.04926205 0.7860423
0.1472922 0.0007040535 0.05048569 0.801518
0.1478624 0.0006934286 0.05123785 0.8002063
0.1478427 0.001128355 0.04834492 0.802684
0.1678816 0.001036207 0.06824397 0.7628383
0.1471807 0.0118243 0.04900582 0.7919891
0.1272944 0.01562424 0.04665653 0.8104248
0.1628426 0.0287957 0.05685698 0.7515047
0.1443907 0.01804089 0.04776438 0.7898041
0.1641546 0.001581079 0.06125322 0.7730111
0.1682507 0.001486535 0.0507129 0.7795499
0.1676685 0.009667277 0.06254076 0.7601234
0.1699125 5.988842e-05 0.05337795 0.7766497
0.1660834 0.001036161 0.0592859 0.7735945
0.1703454 0.002154308 0.05114212 0.7763582
0.1714746 0.002380501 0.05764345 0.7685015
0.184521 1.074919e-05 0.0419272 0.773541
0.1665059 0.001952887 0.05206978 0.7794714
0.1719488 0.01027102 0.06627018 0.7515099
0.1447553 0.0008631566 0.05572695 0.7986546
0.1347549 0.003577989 0.05679063 0.8048764
0.1604932 0.002296311 0.05392996 0.7832805
0.1717286 0.005840771 0.0442245 0.7782061
0.1708406 0.004130214 0.05223049 0.7727987
0.1732455 0.0001448161 0.04457713 0.7820326
0.1579038 0.002362208 0.06134897 0.7783851
0.163478 0.003126093 0.05558326 0.7778126
0.1571874 0.002276146 0.05767893 0.7828576
0.1590981 0.002054889 0.05369041 0.7851567
0.1505716 0.004052 0.05961677 0.7857596
0.1707695 0.005404416 0.05698959 0.7668365
0.1686185 0.00187632 0.05286847 0.7766368
0.146901 0.001419994 0.05088425 0.8007948
0.1757935 0.004357515 0.04907553 0.7707734
0.1561533 0.005526707 0.05432801 0.783992
0.1611452 0.002037087 0.06223212 0.7745856
0.166604 0.007163616 0.05844613 0.7677862
0.1578168 0.001079927 0.05022092 0.7908823
0.1486307 0.001186106 0.05389962 0.7962836
0.1768732 0.0002125604 0.05642309 0.7664912
0.1642993 0.001599208 0.04916201 0.7849395
0.173347 0.001348693 0.06877709 0.7565272
0.1734789 0.002209645 0.05397907 0.7703324
0.159515 0.002245434 0.05147903 0.7867605
0.1488418 0.01243346 0.06115475 0.77757
0.1656567 0.00258207 0.05263621 0.779125
0.1721289 0.006711763 0.05571957 0.7654398
0.1777848 0.0001359497 0.04082083 0.7812584
0.1670115 0.001303894 0.05375226 0.7779324
0.1477547 0.0008279497 0.06873676 0.7826806
0.149053 0.001000313 0.06195579 0.7879909
0.1655256 0.0003683486 0.05234458 0.7817615
0.1437894 0.01302274 0.04794292 0.795245
0.1586446 0.001571721 0.04719087 0.7925928
0.1744175 0.0005822859 0.04621542 0.7787848
0.1610235 0.0009573497 0.05568742 0.7823317
0.178329 0.001650437 0.04810642 0.7719141
0.1644906 0.0002974206 0.0523116 0.7829004
0.1337812 0.002324229 0.0620069 0.8018877
0.1639536 0.0004591835 0.06169734 0.7738898
0.1427022 0.004389853 0.05448258 0.7984254
0.1646287 0.001661614 0.05715316 0.7765565
0.1575947 0.001841515 0.05135108 0.7892127
0.1782974 0.0009978389 0.04999807 0.7707067
0.1529114 0.0008685619 0.05468616 0.7915339
0.1771077 0.002268624 0.05182083 0.7688029
0.1402663 0.0002075638 0.04158926 0.8179369
0.1620295 0.002533207 0.05319057 0.7822468
0.1591969 3.20003e-05 0.04362317 0.7971479
0.1716079 0.00133442 0.05018016 0.7768775
0.1623379 0.0008746354 0.05786857 0.7789189
0.1501265 0.01369276 0.05275778 0.783423
0.1681151 0.000970077 0.0643004 0.7666144
0.1764236 3.873571e-05 0.04854109 0.7749965
0.162788 0.0007607464 0.05776697 0.7786843
0.1640617 6.080488e-05 0.05255392 0.7833236
0.1549129 0.002947444 0.04073487 0.8014047
0.1403552 0.0001370499 0.06397537 0.7955324
0.1548707 0.000165837 0.05371385 0.7912496
0.1639344 0.002138073 0.05211686 0.7818106
0.1473527 0.01008939 0.05442869 0.7881292
0.1750198 0.002570839 0.05215601 0.7702534
0.1626993 0.002124076 0.05272616 0.7824505
0.1855339 0.0005846308 0.04923396 0.7646475
0.158165 0.004331509 0.05029057 0.787213
0.1741465 0.004891717 0.05791401 0.7630477
0.1756221 0.000107968 0.05556503 0.7687049
0.1858943 0.002507022 0.03944521 0.7721534
0.1572843 0.0005602645 0.04978755 0.7923679
0.1619789 0.004683466 0.06199181 0.7713458
0.1526588 6.004229e-05 0.05741137 0.7898698
0.1680286 0.002260039 0.05125901 0.7784523
0.1402991 0.004561728 0.06000302 0.7951361
0.1692554 0.0008539126 0.04133487 0.7885558
0.1636546 0.002200113 0.04708577 0.7870595
0.1578336 0.002096613 0.05479832 0.7852715
0.1497126 0.006792782 0.05152483 0.7919698
0.1520057 0.0014141 0.06103211 0.7855481
0.1829514 0.002426641 0.05284358 0.7617783
0.167003 0.01203968 0.06830325 0.7526541
0.1641108 0.000219164 0.04610748 0.7895626
0.1543383 0.001686027 0.05084327 0.7931324
0.1644175 0.004945966 0.06215024 0.7684863
0.1449137 0.0006690231 0.04865242 0.8057648
0.1725029 0.0008485566 0.05221224 0.7744363
0.1637668 5.46454e-05 0.0611536 0.7750249
0.1559163 0.003618811 0.073226 0.7672388
0.1571529 0.001977784 0.06411761 0.7767517
0.1580365 0.004992709 0.05619437 0.7807764
0.1553418 0.001553264 0.04661039 0.7964945
0.1655827 0.001427751 0.05712601 0.7758636
0.1548663 0.006500577 0.05798462 0.7806485
0.1702617 0.001343426 0.05718307 0.7712118
0.1652454 0.002160099 0.04945559 0.7831389
0.1598884 0.000202377 0.05384648 0.7860627
0.1791177 6.518766e-05 0.05559615 0.765221
0.1691817 0.004977183 0.0527408 0.7731003
0.1663793 0.001376521 0.05543467 0.7768095
0.1467927 0.0006525245 0.06436486 0.7881899
0.1792307 0.002996599 0.0557491 0.7620236
0.1555693 0.006198692 0.05292267 0.7853093
0.1688028 4.144779e-05 0.06230678 0.7688489
0.1739982 0.0004793391 0.05839702 0.7671254
0.1817389 0.0009716528 0.04445548 0.772834
0.1604142 0.0003491451 0.05877235 0.7804643
0.1711032 0.004803545 0.06596008 0.7581332
0.1640711 0.001809532 0.06182669 0.7722927
0.1636689 8.178224e-05 0.04874641 0.7875029
0.1418924 0.004032075 0.03915607 0.8149195
0.1691678 0.001476734 0.06288405 0.7664714
0.1593631 0.002729531 0.05961311 0.7782943
0.1872028 0.00192957 0.05442003 0.7564476
0.1623194 0.0001110474 0.03874892 0.7988206
0.1705647 0.002642269 0.0412702 0.7855228
0.1494855 0.001946617 0.05796584 0.7906021
0.1555147 0.002070382 0.0560127 0.7864022
0.1884842 0.000334279 0.04601234 0.7651691
0.1663449 0.003478002 0.05167218 0.7785049
0.1611633 0.0003089188 0.04877367 0.7897541
0.1716733 0.0006087922 0.05171596 0.7760019
0.1684768 0.001843716 0.06028193 0.7693976
0.1952918 0.003316357 0.04766622 0.7537257
0.169642 0.001604235 0.04719185 0.7815619
0.1336119 0.0221533 0.05622861 0.7880062
0.1202019 0.05720605 0.03994119 0.7826508
0.05292833 0.1157736 0.03120111 0.800097
0.03969331 0.1308692 0.0462341 0.7832034
0.003493423 0.1834696 0.05632631 0.7567107
4.22239e-06 0.1610472 0.0441639 0.7947847
6.754535e-05 0.1492883 0.06906926 0.7815749
0.0007391932 0.1424814 0.05874051 0.7980389
0.003690455 0.1712604 0.04677766 0.7782714
0.003729445 0.1667133 0.05686701 0.7726902
1.122981e-05 0.1634532 0.05219209 0.7843435
0.0009250085 0.1516131 0.04578526 0.8016766
0.001054478 0.176421 0.06102087 0.7615036
0.0003999211 0.1591267 0.05223106 0.7882424
0.0004171598 0.1514715 0.06976269 0.7783487
0.000885417 0.1810544 0.04601895 0.7720413
0.04918621 0.1164414 0.03893718 0.7954352
0.001679872 0.176231 0.05484758 0.7672415
0.005552678 0.1557177 0.06255815 0.7761714
0.001334221 0.1690402 0.04779614 0.7818295
0.002544988 0.1562148 0.05514549 0.7860947
0.001032742 0.1689807 0.05991535 0.7700712
0.0001565419 0.1716244 0.05207827 0.7761408
0.0004608732 0.1679834 0.04657159 0.7849841
0.001608842 0.1645563 0.05098748 0.7828474
0.003647874 0.1382279 0.058729 0.7993952
6.820778e-05 0.1662759 0.05646824 0.7771876
0.0001554546 0.1972885 0.04791767 0.7546384
0.0004107418 0.1609967 0.05695435 0.7816382
0.002959819 0.1852262 0.04711469 0.7646993
0.001037758 0.1496964 0.05159904 0.7976668
0.001688769 0.149522 0.05778539 0.7910038
0.000203946 0.1554596 0.04687185 0.7974646
0.0001147895 0.1692202 0.05578522 0.7748798
0.0005492731 0.1749834 0.05303713 0.7714302
0.002151013 0.1820368 0.04395752 0.7718547
0.0030798 0.1673693 0.04872091 0.78083
0.001825939 0.1692162 0.05635505 0.7726029
0.0001726692 0.1555081 0.06145935 0.7828599
0.0002264573 0.174144 0.0486499 0.7769796
0.0008122091 0.1623906 0.04835996 0.7884372
0.002566259 0.1579338 0.04923749 0.7902625
0.0005766206 0.155259 0.05632333 0.7878411
0.003536415 0.1620859 0.05007475 0.784303
0.003093328 0.1730104 0.0586858 0.7652105
0.0002960406 0.1555576 0.04305612 0.8010903
0.004779727 0.1548476 0.04241834 0.7979543
0.0001468194 0.1644918 0.05640309 0.7789583
0.01217355 0.1699558 0.05175079 0.7661199
0.0008159079 0.1888882 0.05884855 0.7514474
0.0006068716 0.1616207 0.04917422 0.7885982
0.000657105 0.1958274 0.04930229 0.7542132
0.002452623 0.1504817 0.05369925 0.7933665
0.0011191 0.1609869 0.06385376 0.7740402
0.0007040431 0.1648758 0.05761873 0.7768015
0.001076557 0.1656121 0.05617211 0.7771393
0.001178905 0.165061 0.05337738 0.7803827
0.006411567 0.1692905 0.06092818 0.7633698
0.001883868 0.145534 0.05447074 0.7981114
0.001696712 0.1679679 0.06349532 0.76684
0.0004922516 0.1841209 0.06285655 0.7525303
0.0002760002 0.1581106 0.04800305 0.7936103
0.0001332686 0.1591462 0.06384783 0.7768727
0.005646546 0.1507118 0.05157896 0.7920627
0.002440037 0.1530545 0.0489811 0.7955244
0.02303717 0.1502202 0.05049412 0.7762485
0.003009264 0.1596123 0.05428546 0.7830929
4.902584e-05 0.1715473 0.04095594 0.7874477
0.001810565 0.1459903 0.05234311 0.7998561
0.001361146 0.1518782 0.05641776 0.7903429
0.001429221 0.1799792 0.05453484 0.7640567
0.001365183 0.1518935 0.05364704 0.7930943
0.0001370299 0.1837385 0.04796356 0.7681609
0.0004506297 0.1589713 0.06043498 0.7801431
0.0008183653 0.1708944 0.05573122 0.772556
0.03529447 0.1384391 0.04659859 0.7796678
0.0001879665 0.1616247 0.05119233 0.786995
0.0008590412 0.1661447 0.05607743 0.7769188
0.002560871 0.1584647 0.05748967 0.7814848
0.0003532366 0.1735959 0.04903785 0.777013
0.0002180192 0.1563058 0.05721174 0.7862644
0.002701421 0.1815887 0.04329094 0.7724189
0.0198262 0.1333792 0.05025556 0.7965391
0.03798106 0.1058998 0.05279353 0.8033256
0.003850671 0.1736746 0.0452824 0.7771923
0.001800622 0.1677927 0.05223088 0.7781758
0.0001248087 0.1564636 0.05379998 0.7896117
0.002739468 0.1758366 0.06176687 0.7596571
5.330493e-05 0.1785411 0.05933602 0.7620695
0.002872935 0.1592441 0.05927885 0.7786041
0.001316357 0.1690917 0.05600982 0.7735821
0.0001943058 0.1753629 0.04500775 0.779435
0.001655073 0.1896248 0.06255891 0.7461612
0.009543177 0.1527745 0.06655554 0.7711268
0.007401718 0.1643551 0.05692519 0.771318
0.003418236 0.155486 0.05236021 0.7887356
0.003541014 0.1386175 0.06108654 0.7967549
0.002364906 0.1722354 0.04909996 0.7762997
0.009388154 0.1779136 0.04548117 0.767217
0.000812584 0.1730333 0.04700286 0.7791513
0.008019568 0.1817217 0.0546319 0.7556268
0.0001760052 0.1850807 0.06380388 0.7509394
0.006227044 0.167012 0.04853407 0.7782269
0.001178934 0.1763982 0.0531554 0.7692675
0.0006772196 0.1551573 0.06039113 0.7837744
0.0007791697 0.1795219 0.04633069 0.7733682
0.002763848 0.1545102 0.0626234 0.7801025
0.003228383 0.1414128 0.0583023 0.7970565
0.0001464019 0.1424127 0.04396101 0.8134799
9.533018e-05 0.1639134 0.04943748 0.7865538
2.343695e-05 0.1821029 0.05874656 0.7591271
0.0006102638 0.161431 0.04569429 0.7922645
4.427642e-05 0.1792945 0.0597207 0.7609405
0.002028926 0.1680351 0.04509972 0.7848363
3.605108e-05 0.1586481 0.05722223 0.7840936
0.0009881769 0.1551981 0.05344766 0.7903661
0.0002609996 0.1651717 0.04959271 0.7849746
0.002681312 0.155168 0.05670373 0.7854469
0.000113315 0.1536696 0.05979422 0.7864229
0.001287875 0.1608028 0.05142389 0.7864854
0.0005394306 0.160589 0.04691541 0.7919561
0.006061205 0.1558219 0.04803034 0.7900865
0.003562069 0.1531545 0.06570149 0.7775819
0.0009535606 0.1646635 0.04086426 0.7935187
0.0004342457 0.1567967 0.04849442 0.7942746
0.001010506 0.1678109 0.05731201 0.7738666
0.001936697 0.1563785 0.0564601 0.7852247
0.0003542591 0.1763245 0.05093982 0.7723814
0.004932853 0.162514 0.0459436 0.7866096
0.001237677 0.1541626 0.05832356 0.7862762
0.004014245 0.1619814 0.04096921 0.7930351
6.9707e-05 0.1616704 0.05645547 0.7818044
0.001459452 0.1748463 0.04586692 0.7778273
0.001584966 0.167499 0.04002396 0.7908921
0.003611255 0.1529407 0.06153741 0.7819106
0.004814128 0.1603306 0.04415348 0.7907018
0.0003470174 0.1660403 0.05407428 0.7795384
0.0008881994 0.161235 0.05462906 0.7832477
0.00297377 0.1667404 0.05125496 0.7790309
0.00448388 0.1544625 0.04868886 0.7923648
0.0009137916 0.1863514 0.05697931 0.7557555
0.000618172 0.1683554 0.04957992 0.7814465
0.0002197045 0.1736482 0.04733183 0.7788002
0.01820481 0.1449086 0.06684665 0.7700399
0.000340957 0.1774541 0.05924298 0.762962
0.0004452339 0.1606259 0.05393311 0.7849957
0.0004381575 0.1531708 0.05327347 0.7931176
0.00282397 0.1704302 0.04871212 0.7780337
0.003730002 0.1403079 0.04960943 0.8063527
0.002260422 0.1739884 0.04898601 0.7747651
0.0007965964 0.1794992 0.04696069 0.7727435
0.01212218 0.1444104 0.04427975 0.7991877
0.0007338726 0.1438133 0.04336838 0.8120844
0.004602143 0.1731475 0.04407345 0.7781769
0.0003392583 0.149008 0.05405703 0.7965957
0.01183263 0.1573588 0.06705022 0.7637584
0.002293795 0.1728153 0.05884226 0.7660486
0.0003162284 0.1751554 0.05078932 0.773739
0.001241057 0.1737021 0.04359162 0.7814652
0.002112015 0.1559214 0.07107036 0.7708962
0.001392066 0.1622674 0.06805226 0.7682882
0.01528792 0.1547517 0.04994109 0.7800193
0.002041096 0.1503761 0.04354752 0.8040353
0.003054737 0.1869625 0.06967995 0.7403028
4.215337e-05 0.1879523 0.05110978 0.7608957
0.008236629 0.1728642 0.06663165 0.7522676
0.007413489 0.1537296 0.04749791 0.791359
0.001046871 0.1603797 0.04384416 0.7947293
0.000440327 0.1579617 0.05222765 0.7893703
0.0004100581 0.1678829 0.04504958 0.7866575
0.0006556679 0.17367 0.06149976 0.7641746
0.002830015 0.1766433 0.04102616 0.7795005
0.00290722 0.1616924 0.05132251 0.7840778
0.00439891 0.1443973 0.04703105 0.8041727
0.00316491 0.1510423 0.03864853 0.8071442
0.004900473 0.1314911 0.06217613 0.8014323
1.45091e-06 0.167758 0.04908436 0.7831562
0.006595135 0.158607 0.0527402 0.7820576
0.00116252 0.1619991 0.04930967 0.7875287
0.001793321 0.1707854 0.0414296 0.7859916
0.000167004 0.175761 0.06424922 0.7598227
0.003980084 0.1761073 0.05094268 0.7689699
0.008960105 0.1579895 0.05585098 0.7771994
0.01753619 0.1551454 0.0548212 0.7724972
0.0530895 0.1239752 0.05451626 0.7684191
0.02097051 0.1252818 0.06016334 0.7935844
0.02648026 0.1293535 0.06779691 0.7763693
0.06990943 0.09065853 0.05661482 0.7828172
0.0573893 0.1025332 0.0544523 0.7856252
0.03360118 0.1302108 0.0532561 0.7829319
0.03171453 0.155608 0.05402468 0.7586528
0.07788065 0.09420926 0.06825072 0.7596594
0.05312941 0.1305869 0.04832875 0.7679549
0.001467487 0.1694555 0.06918354 0.7598935
0.0002979173 0.1531529 0.05447378 0.7920754
0.002083723 0.1638326 0.0480658 0.7860178
0.0007308009 0.1453737 0.06103365 0.7928618
0.001892188 0.1505235 0.06082161 0.7867627
0.008490278 0.1618123 0.04579458 0.7839028
0.0007891732 0.1471029 0.05642138 0.7956865
0.001218564 0.170137 0.05172047 0.7769239
0.001542862 0.1758255 0.05955514 0.7630765
0.0005157529 0.1623513 0.06860478 0.7685281
0.002559396 0.1609286 0.04966649 0.7868455
0.006296103 0.1651495 0.06396435 0.7645901
0.0001719237 0.1673773 0.05646057 0.7759902
0.001269649 0.1798603 0.05909763 0.7597724
2.818212e-05 0.1582384 0.0634519 0.7782815
0.001545369 0.155298 0.05285295 0.7903037
0.0009231377 0.1827591 0.04820971 0.7681081
0.001793513 0.1805489 0.03994023 0.7777173
0.0008115913 0.163508 0.04960417 0.7860763
0.002617052 0.192146 0.04931358 0.7559233
0.001552306 0.1696987 0.06122177 0.7675272
0.004578727 0.1737454 0.05697166 0.7647042
0.006301987 0.1860136 0.0463634 0.761321
0.00188717 0.1702835 0.05311917 0.7747102
0.003066155 0.1941188 0.05055555 0.7522595
0.0009697915 0.1579478 0.05239555 0.7886869
6.010255e-05 0.1891993 0.05790038 0.7528402
0.002453376 0.1831225 0.05522525 0.7591988
0.005000633 0.1603937 0.0464599 0.7881457
0.000484649 0.1648506 0.04688463 0.7877801
0.002836084 0.1812061 0.04734509 0.7686127
0.002314233 0.1617441 0.04589171 0.7900499
0.0008521942 0.1654167 0.058203 0.7755281
0.002776396 0.1865048 0.06001768 0.7507011
1.378719e-05 0.1853442 0.03806998 0.776572
0.002467536 0.1594121 0.05863538 0.779485
0.006635438 0.1630018 0.04915642 0.7812063
0.001371601 0.1654718 0.04532477 0.7878318
0.001190484 0.1483915 0.06009994 0.7903181
1.31983e-05 0.1744751 0.0449123 0.7805994
0.0009451224 0.1927632 0.05391554 0.7523761
0.0008052788 0.1858235 0.05127263 0.7620986
0.0006175493 0.1815401 0.07104471 0.7467977
0.007638626 0.1554322 0.0521314 0.7847977
0.0003376287 0.1738147 0.04733139 0.7785163
6.599422e-05 0.155346 0.04493796 0.79965
0.0003300878 0.162719 0.06656862 0.7703823
0.0007752165 0.1706479 0.05743806 0.7711388
0.001062164 0.1562761 0.05838703 0.7842747
0.003480293 0.1568508 0.0553038 0.7843651
0.002588912 0.1690178 0.0612282 0.7671651
0.0006182272 0.1619714 0.05761899 0.7797914
0.002377733 0.1566825 0.06185509 0.7790847
0.0003918787 0.1820326 0.04609232 0.7714832
0.003202614 0.1668159 0.05485886 0.7751227
7.203971e-05 0.1570738 0.0529643 0.7898898
0.003403526 0.1701813 0.0392603 0.7871549
0.005227593 0.1675214 0.0498222 0.7774288
0.0004894539 0.1472838 0.04890376 0.803323
0.003922538 0.1496963 0.06085837 0.7855228
0.002822793 0.1648535 0.06669058 0.7656331
0.0003191799 0.1646503 0.04545521 0.7895753
0.001713852 0.1704524 0.05858144 0.7692523
0.0002128327 0.1765816 0.04853119 0.7746744
0.001158035 0.1631124 0.0636443 0.7720853
0.005212108 0.1461765 0.06567254 0.7829388
0.001662089 0.1554998 0.04476449 0.7980736
0.001179439 0.1750787 0.05849384 0.7652481
0.001477466 0.157075 0.04917224 0.7922753
0.0007733066 0.170594 0.04625295 0.7823797
0.0009708575 0.1722346 0.05872115 0.7680734
0.0005608892 0.1694321 0.04085158 0.7891554
0.001051424 0.1685651 0.06294522 0.7674382
0.001229125 0.167747 0.06238175 0.7686421
7.921376e-05 0.1868637 0.03910448 0.7739526
0.002513558 0.1605581 0.04728833 0.78964
0.001370539 0.1864116 0.0534477 0.7587701
0.05478808 0.1044393 0.04555657 0.795216
0.006065186 0.1577784 0.05158601 0.7845704
0.0005630677 0.159592 0.0486437 0.7912012
0.002941808 0.170972 0.05152654 0.7745597
0.0004840967 0.1754064 0.06833789 0.7557716
0.006364094 0.1710476 0.04889557 0.7736927
0.002632798 0.1786761 0.05370749 0.7649836
0.0003471662 0.1604625 0.05303173 0.7861586
0.0007453123 0.1676533 0.06544274 0.7661587
0.003577965 0.1563545 0.04998085 0.7900867
0.0003674783 0.1566842 0.04494626 0.7980021
0.0008880506 0.1504341 0.05326384 0.795414
0.0007202036 0.1504335 0.05336765 0.7954786
0.00176946 0.1606562 0.06037499 0.7771994
0.001672411 0.171081 0.03329162 0.793955
0.001888274 0.1682931 0.04321191 0.7866067
0.001372364 0.1714017 0.05371049 0.7735154
0.0003863432 0.1611471 0.05155725 0.7869093
0.0009559937 0.1753555 0.06077374 0.7629148
0.001219365 0.1765189 0.05050496 0.7717568
0.0009744469 0.1529713 0.05440278 0.7916515
0.0008393715 0.1572585 0.06889376 0.7730084
7.646209e-05 0.1793914 0.05238873 0.7681434
0.0014135 0.1690754 0.06358915 0.7659219
0.001994278 0.1677382 0.07247308 0.7577945
0.0004520549 0.1648561 0.04634781 0.788344
0.000240436 0.1534884 0.0559859 0.7902853
0.0006614046 0.1608786 0.0549918 0.7834682
2.206628e-05 0.1675536 0.05142663 0.7809977
0.002725048 0.1673507 0.04683964 0.7830846
0.0004786212 0.1573106 0.0639366 0.7782742
0.01962624 0.1367654 0.04924859 0.7943598
0.01391391 0.1212996 0.05585263 0.8089339
0.00154251 0.1799317 0.04903724 0.7694885
0.001442414 0.1666477 0.06160033 0.7703096
0.0002890051 0.1678772 0.05284844 0.7789853
0.002489637 0.1527475 0.05473762 0.7900252
0.002933675 0.166551 0.04301735 0.787498
0.0009310651 0.1735957 0.04911312 0.7763601
0.002516218 0.1754631 0.06572897 0.7562917
1.371036e-06 0.1748279 0.04327139 0.7818994
0.0004257028 0.1650896 0.05281525 0.7816694
8.660298e-05 0.1753476 0.05610113 0.7684647
0.0005931813 0.1619081 0.05964974 0.777849
0.001847201 0.1627671 0.05287387 0.7825119
0.001965442 0.178702 0.05479247 0.7645401
0.01470197 0.1661735 0.05143782 0.7676868
0.001150247 0.1631492 0.06157808 0.7741225
0.0006376549 0.1547926 0.06497671 0.7795931
0.0002668901 0.1632526 0.05507327 0.7814072
0.0006790168 0.1690493 0.04320035 0.7870713
0.001425395 0.1528464 0.05435037 0.7913778
0.001095919 0.1660141 0.05942148 0.7734685
0.001979363 0.1692533 0.04905278 0.7797145
0.001500429 0.1495648 0.05882036 0.7901144
0.005064104 0.1672851 0.06599431 0.7616565
0.0001036243 0.1631193 0.06318772 0.7735893
0.0008565132 0.1940501 0.04045821 0.7646352
0.001191212 0.1669297 0.04808061 0.7837984
0.0009022728 0.1747959 0.0525161 0.7717857
0.0003021641 0.1800136 0.04808873 0.7715955
0.0001326581 0.1435422 0.04961129 0.8067139
0.0004820595 0.1665146 0.05575954 0.7772438
0.008627659 0.1699589 0.06120881 0.7602046
0.006174892 0.1574142 0.0679693 0.7684416
0.004568691 0.1634913 0.05141459 0.7805255
0.001116472 0.1692976 0.05456698 0.775019
0.002364539 0.1735549 0.05843203 0.7656485
0.001181474 0.1629642 0.06189452 0.7739598
0.001786157 0.1617713 0.05733401 0.7791085
0.0008482399 0.1629441 0.05322624 0.7829814
0.0002368976 0.1721418 0.05230511 0.7753162
0.003757986 0.1554267 0.04819695 0.7926184
0.003648253 0.1673088 0.04350302 0.7855399
0.000812842 0.1796109 0.05438139 0.7651948
0.0002563092 0.1753253 0.05210031 0.772318
0.0004502475 0.1771028 0.04528617 0.7771607
0.0004688976 0.1633337 0.04871229 0.7874851
0.0009984616 0.1643008 0.06513549 0.7695652
0.0002722997 0.1703837 0.05468207 0.774662
0.00784287 0.1539431 0.04772279 0.7904913
0.0004275059 0.1927794 0.0495676 0.7572255
0.002455845 0.1714541 0.04523583 0.7808542
8.475615e-05 0.1662092 0.05162859 0.7820775
0.0009126826 0.1677646 0.04620712 0.7851156
0.002800462 0.1653643 0.04562629 0.786209
0.009017032 0.163524 0.05416222 0.7732967
0.0001583316 0.1649386 0.05189943 0.7830036
0.0001148475 0.1618728 0.04938917 0.7886232
0.002097329 0.1742399 0.0562337 0.7674291
0.002736309 0.1671899 0.06339658 0.7666772
0.003286693 0.140001 0.04945044 0.8072619
0.003505173 0.1485277 0.05781263 0.7901545
0.003941851 0.1639398 0.05617389 0.7759445
0.002517373 0.1632305 0.05777799 0.7764741
0.0003461712 0.169163 0.05594298 0.7745479
0.001133201 0.1486516 0.05230411 0.797911
0.03184117 0.128307 0.05871633 0.7811355
0.004131935 0.1740537 0.03822524 0.7835891
0.002825871 0.1795268 0.05698654 0.7606608
0.001339881 0.163138 0.05202246 0.7834997
0.001472686 0.1672314 0.05213999 0.7791559
0.002036592 0.1726272 0.04600464 0.7793316
0.001825715 0.1656171 0.05741676 0.7751404
0.002485682 0.1613086 0.06419352 0.7720122
0.004713388 0.177673 0.05153264 0.7660809
0.0007815498 0.1588659 0.05115804 0.7891945
0.0005159386 0.173948 0.063 0.762536
0.0003482361 0.1817158 0.03881336 0.7791226
2.765145e-05 0.1628787 0.05803369 0.77906
0.008815802 0.1551503 0.0462557 0.7897782
0.0009753047 0.1501544 0.05678031 0.79209
0.001102446 0.1560623 0.05920377 0.7836315
0.0003265635 0.1628493 0.0488836 0.7879405
0.0006810855 0.1787847 0.06493617 0.7555981
0.00304649 0.1559567 0.0576282 0.7833686
0.002823227 0.1702961 0.05016527 0.7767154
0.001358178 0.166839 0.05648312 0.7753197
6.113124e-05 0.1593007 0.06515341 0.7754848
0.02085549 0.1493857 0.0470214 0.7827374
0.006550567 0.1727092 0.05157527 0.7691649
0.001452478 0.1624116 0.05358639 0.7825495
0.00320531 0.1640236 0.05419268 0.7785784
0.002090048 0.1765854 0.05595198 0.7653725
0.00609892 0.1635298 0.04423042 0.7861408
0.0004951833 0.1667407 0.05051893 0.7822452
0.003086742 0.1555005 0.0597152 0.7816975
0.001325203 0.152271 0.06640342 0.7800004
0.005149699 0.1987092 0.04821694 0.7479241
0.0001306186 0.1630562 0.06240834 0.7744048
0.001414957 0.1804672 0.05571654 0.7624013
0.0003786941 0.1398642 0.06926301 0.7904941
0.00102604 0.170517 0.04989921 0.7785578
0.007144592 0.1448054 0.04735603 0.800694
0.007356603 0.1434981 0.03640556 0.8127397
0.0005401903 0.1521942 0.05446889 0.7927967
4.135984e-05 0.1624473 0.06952643 0.7679849
0.002122925 0.1302302 0.07627691 0.79137
0.000769052 0.1783284 0.06835598 0.7525466
6.856982e-05 0.165644 0.06839878 0.7658887
0.0007270249 0.1566173 0.05406362 0.7885921
0.0005050033 0.1658392 0.058124 0.7755317
0.000722633 0.1486981 0.05281842 0.7977609
0.001839265 0.1494086 0.06212028 0.7866318
0.003522607 0.1739305 0.05287555 0.7696714
0.0006419157 0.1456771 0.04926999 0.804411
0.001153237 0.1513945 0.05417733 0.7932749
0.007371187 0.1864639 0.06046941 0.7456955
0.00128958 0.1579124 0.03935904 0.801439
0.0007596298 0.1720542 0.04204169 0.7851445
0.004360693 0.1823297 0.04890624 0.7644033
0.001275206 0.1557044 0.05346421 0.7895562
0.0003198493 0.1678952 0.05946986 0.772315
0.002090139 0.1679464 0.07190448 0.758059
0.001217508 0.1497374 0.06553384 0.7835112
0.0002841078 0.1822442 0.04514517 0.7723265
7.914584e-05 0.160764 0.06096748 0.7781893
0.004123412 0.177313 0.06479746 0.7537661
0.0009217785 0.183599 0.05750926 0.7579699
0.005633982 0.1882834 0.05312653 0.7529561
0.000286798 0.1785758 0.04405913 0.7770782
0.001969782 0.1705397 0.04075206 0.7867385
0.000132313 0.1727046 0.05279529 0.7743678
0.0001787168 0.173297 0.05453382 0.7719905
0.002683027 0.1545864 0.05683093 0.7858996
0.003192511 0.1800513 0.05110107 0.7656552
0.00568261 0.1483339 0.05112603 0.7948575
0.001305061 0.1897622 0.06038299 0.7485498
0.0006501929 0.1567589 0.04905362 0.7935373
0.0002009701 0.1751088 0.06004966 0.7646406
0.005250134 0.1488562 0.04808325 0.7978104
0.001016245 0.1687298 0.06299531 0.7672586
0.002671537 0.1575513 0.04726496 0.7925122
0.002032185 0.1807599 0.04720038 0.7700075
0.01425958 0.1715573 0.03755673 0.7766264
0.03728961 0.1281766 0.06407173 0.7704621
0.0009464885 0.1614579 0.05677162 0.7808239
0.0007044865 0.1586115 0.04512576 0.7955582
0.000795881 0.1489959 0.04375359 0.8064546
0.001789119 0.1783313 0.04065055 0.779229
0.0006430639 0.1462294 0.0515888 0.8015388
0.0008779807 0.1612357 0.04790818 0.7899781
0.000726328 0.169356 0.0551068 0.7748109
0.03249708 0.166887 0.05618632 0.7444296
0.0103729 0.1771902 0.05497402 0.7574629
1.468026e-05 0.1386785 0.05176767 0.8095391
0.003301013 0.1634322 0.05609019 0.7771766
0.002202402 0.1658637 0.04502448 0.7869094
0.001947598 0.1785016 0.04727089 0.77228
0.005792701 0.1770974 0.05008916 0.7670208
0.003593816 0.1512656 0.05397754 0.791163
0.001122688 0.1663589 0.04801993 0.7844984
0.0001118921 0.1654394 0.05692939 0.7775193
0.0007193883 0.1665319 0.04437761 0.7883711
0.0001148049 0.1625016 0.05722392 0.7801597
0.002426541 0.1631819 0.05027969 0.7841119
0.001223533 0.1783307 0.05910998 0.7613358
0.0002092942 0.1824867 0.04759245 0.7697115
0.0004339804 0.1797866 0.05252312 0.7672563
0.001813389 0.1560702 0.05440634 0.7877101
0.001509369 0.1680461 0.05829053 0.7721541
0.001609199 0.1872408 0.07210365 0.7390463
0.001252727 0.1434694 0.05829391 0.796984
0.002845696 0.1485839 0.04552468 0.8030458
0.0008695259 0.1706969 0.06489501 0.7635385
0.001744362 0.1666352 0.05894783 0.7726726
0.001903581 0.1748683 0.05392909 0.769299
0.002419207 0.1702346 0.05510378 0.7722424
0.0008534965 0.177022 0.06202456 0.7601
0.001091267 0.1678823 0.05035939 0.7806671
0.0001341306 0.1727119 0.05923709 0.7679169
0.01144569 0.1584749 0.05443752 0.7756419
0.0002202185 0.1567289 0.05517386 0.7878771
7.28181e-06 0.1539534 0.06047704 0.7855622
0.005174857 0.1657595 0.050393 0.7786727
0.0003214457 0.1536371 0.05260386 0.7934376
0.0005591564 0.1707777 0.06119836 0.7674648
0.0001004698 0.1577868 0.05216163 0.7899511
0.0002910121 0.1574938 0.05424181 0.7879733
0.003653761 0.1611394 0.04571625 0.7894905
9.067872e-05 0.1502304 0.05421884 0.7954601
0.0002964636 0.1728002 0.05577175 0.7711316
8.259845e-05 0.163751 0.04589692 0.7902695
0.005071813 0.1594497 0.04872403 0.7867545
0.002677981 0.151214 0.05267702 0.793431
0.001597413 0.1680209 0.05357205 0.7768097
0.00065631 0.1825277 0.05932701 0.757489
0.001268232 0.1428755 0.06023919 0.795617
0.0001212174 0.1884566 0.06022396 0.7511982
0.0007278728 0.171855 0.06189132 0.7655259
0.0004108089 0.1693743 0.04549924 0.7847157
0.003035677 0.1881802 0.04919647 0.7595877
0.003916144 0.1797019 0.05805095 0.758331
0.001452806 0.177122 0.04037175 0.7810535
0.002591024 0.1918369 0.05262457 0.7529475
0.0007550066 0.1709217 0.05060392 0.7777194
4.254285e-05 0.1413832 0.06864195 0.7899323
0.004852034 0.1735228 0.04570932 0.7759158
5.03897e-05 0.1693227 0.0604783 0.7701486
0.0009439223 0.1605644 0.04275567 0.795736
0.000315384 0.1438871 0.04890327 0.8068942
0.003253423 0.1620297 0.05940437 0.7753125
0.003348913 0.1565007 0.05710474 0.7830456
8.064991e-05 0.179938 0.04006222 0.7799191
0.001490085 0.1511851 0.05314838 0.7941764
0.002407735 0.1759577 0.05370088 0.7679337
0.003735745 0.1733744 0.04948013 0.7734097
0.004253907 0.172734 0.05341012 0.7696019
0.00385251 0.19524 0.05243366 0.7484738
0.0005357956 0.1518718 0.04764254 0.7999499
0.001714231 0.1687051 0.06365881 0.7659218
0.001519021 0.1698518 0.04004282 0.7885863
0.003269023 0.1695789 0.04676752 0.7803846
0.0005419004 0.1702729 0.04348603 0.7856991
0.0009723832 0.1530613 0.05515097 0.7908153
0.0004729004 0.1737867 0.05173464 0.7740058
0.001298839 0.1744226 0.05381194 0.7704666
0.004821609 0.1545322 0.05463501 0.7860112
0.00184054 0.1531416 0.05498835 0.7900296
0.001266866 0.181173 0.0488417 0.7687184
9.808251e-05 0.1539495 0.04887644 0.797076
0.009201979 0.1590242 0.05192093 0.7798529
0.0006244224 0.1737381 0.05296927 0.7726682
0.002071192 0.1800322 0.05646307 0.7614335
0.001512714 0.1638231 0.05052716 0.7841371
0.005108553 0.1702158 0.05290461 0.771771
0.0009186282 0.1451715 0.05409683 0.7998131
0.0004808308 0.1685396 0.05170392 0.7792757
0.003747624 0.1795041 0.0458594 0.7708889
0.001021638 0.1579468 0.04627633 0.7947552
0.001954761 0.1581451 0.06200172 0.7778984
0.003987176 0.1706929 0.05946744 0.7658525
0.0007879238 0.1655103 0.05426076 0.7794411
0.0002312607 0.1634136 0.05346215 0.7828929
7.899643e-05 0.1745482 0.05358095 0.7717918
0.0001662749 0.1617934 0.05917243 0.7788679
0.002592784 0.1567586 0.0676151 0.7730335
0.001970455 0.1786402 0.05086195 0.7685274
0.0006392794 0.1821464 0.04229696 0.7749174
0.0003164304 0.163216 0.06042516 0.7760424
0.007081721 0.1697997 0.05349995 0.7696186
0.0006919604 0.1653289 0.0546063 0.7793728
0.0008710484 0.1743302 0.05647231 0.7683264
0.003519216 0.1541473 0.05503845 0.7872951
0.004194122 0.1922832 0.04432353 0.7591992
0.002433321 0.1517936 0.05712083 0.7886522
0.001597555 0.152831 0.04759874 0.7979727
0.0100682 0.1557956 0.05017114 0.783965
0.001018484 0.1647975 0.05407105 0.780113
0.005304225 0.1651834 0.04966067 0.7798517
0.001701709 0.1630448 0.06479071 0.7704628
0.001191948 0.1540604 0.05837975 0.7863679
0.0007722359 0.1762358 0.04277139 0.7802205
0.0004309269 0.1872243 0.04673088 0.7656139
0.002775895 0.1633275 0.0376802 0.7962164
0.0002476678 0.1423139 0.07713172 0.7803068
0.006858106 0.1503197 0.05164474 0.7911774
0.00175645 0.1569425 0.04910543 0.7921956
0.0006702447 0.1401819 0.06739485 0.7917531
0.006650804 0.1368752 0.0452768 0.8111972
0.000541498 0.1778479 0.04196455 0.779646
0.003335717 0.165687 0.05681091 0.7741663
0.001622394 0.1681715 0.05448678 0.7757193
0.0007130385 0.1663849 0.05463932 0.7782628
0.003173699 0.179172 0.05227972 0.7653746
0.006187082 0.1605797 0.05140146 0.7818317
0.001222272 0.1635273 0.05666603 0.7785844
0.0003107003 0.1588018 0.05015917 0.7907284
0.001173197 0.1756481 0.04481739 0.7783613
0.002902553 0.1792421 0.05474381 0.7631115
0.002961031 0.1530054 0.05374704 0.7902865
0.0008226568 0.1824877 0.07212203 0.7445676
0.0007965747 0.164105 0.05457933 0.7805191
0.0006565422 0.1656248 0.04248965 0.791229
0.004139343 0.1696753 0.05857465 0.7676107
0.001040246 0.157736 0.05245185 0.788772
0.0003189428 0.1621988 0.05306348 0.7844188
0.002966298 0.1738835 0.05026612 0.7728841
0.001256719 0.1657885 0.06349559 0.7694591
0.0006202706 0.1705552 0.0581062 0.7707184
0.006616149 0.1590968 0.05437996 0.7799071
0.0007367153 0.1593228 0.0608875 0.779053
0.0001676543 0.1429171 0.04822029 0.8086949
0.00387469 0.1722473 0.05960328 0.7642747
0.0009598005 0.1653955 0.04998877 0.783656
0.003581171 0.1710418 0.05568653 0.7696905
0.0004668873 0.1685921 0.0676661 0.7632749
0.003132207 0.1680299 0.04822269 0.7806152
0.001466462 0.183234 0.0563705 0.758929
0.0002908386 0.1809443 0.04736383 0.771401
0.003309931 0.1560057 0.05485527 0.7858291
0.0005841105 0.1655139 0.05053119 0.7833708
0.013089 0.1559497 0.04785099 0.7831103
0.0002023399 0.1846966 0.04761546 0.7674856
0.001729029 0.1790824 0.05296308 0.7662254
0.003261812 0.1797281 0.05745731 0.7595527
0.0004357965 0.1451769 0.04411028 0.8102771
0.001515205 0.1908251 0.04727709 0.7603826
0.001003233 0.1642317 0.05403855 0.7807265
0.001040981 0.1635941 0.04589115 0.7894737
0.0006738898 0.1802698 0.05600078 0.7630555
0.003318343 0.1773655 0.04688024 0.7724359
0.0006399387 0.1527391 0.05120937 0.7954116
0.002248092 0.1619919 0.05674269 0.7790173
0.0004641398 0.1611078 0.0482226 0.7902055
0.001920419 0.1652328 0.05617093 0.7766759
0.0004030392 0.165024 0.05755788 0.7770151
0.005082924 0.15937 0.0488907 0.7866564
0.005670885 0.1616301 0.05949594 0.7732031
0.0004347584 0.1550537 0.04586648 0.7986451
2.013933e-05 0.1766217 0.0629427 0.7604155
0.0003908197 0.168596 0.05622672 0.7747864
0.0004186844 0.1720317 0.05244369 0.7751059
0.00337606 0.1559175 0.06252205 0.7781844
0.001074419 0.1606467 0.05173361 0.7865453
0.0004016594 0.1536289 0.05297074 0.7929987
0.0005869016 0.1714885 0.06024952 0.767675
4.045704e-05 0.1733985 0.0382755 0.7882855
0.0008540039 0.1889637 0.0466007 0.7635816
0.002269125 0.157155 0.0550467 0.7855292
0.0005623324 0.1569157 0.05587214 0.7866498
0.001736349 0.1496746 0.05363874 0.7949503
0.002198394 0.1487128 0.05729701 0.7917918
0.0002094035 0.1851379 0.0492379 0.7654148
0.0003821109 0.1601285 0.05612831 0.7833611
0.002078142 0.176425 0.05417226 0.7673246
0.001383553 0.1806385 0.05978615 0.7581918
0.004229622 0.1507119 0.0600018 0.7850567
0.00030131 0.1600866 0.06393575 0.7756764
0.006476034 0.1666146 0.04560813 0.7813012
7.352934e-05 0.150884 0.06629054 0.7827519
0.009592357 0.1524574 0.04756825 0.790382
