p_1 p_2 p_3 
0.2901837 0.2854332 0.4243832 
0.3446534 0.3324247 0.3229219 
0.2548784 0.4211189 0.3240027 
0.2920993 0.2812342 0.4266665 
0.2896821 0.2574749 0.4528431 
0.271953 0.310969 0.417078 
0.2946225 0.3338547 0.3715229 
0.2472027 0.3118089 0.4409885 
0.247369 0.2897197 0.4629114 
0.3282656 0.2812446 0.3904898 
0.3017341 0.3367402 0.3615257 
0.252038 0.2652417 0.4827203 
0.2548354 0.3029701 0.4421945 
0.3247979 0.320682 0.3545201 
0.1996 0.3522103 0.4481897 
0.2649591 0.3925616 0.3424792 
0.238506 0.3677303 0.3937637 
0.2497583 0.2519177 0.498324 
0.26346 0.2666175 0.4699225 
0.2174522 0.3188308 0.463717 
0.2619297 0.3422789 0.3957914 
0.2218972 0.3294317 0.4486711 
0.3167065 0.3179472 0.3653463 
0.2428375 0.2991812 0.4579814 
0.2652332 0.2920697 0.4426971 
0.3470636 0.2298707 0.4230657 
0.3149882 0.2227767 0.4622351 
0.2579635 0.3129613 0.4290752 
0.309978 0.3055421 0.3844799 
0.2589208 0.3005474 0.4405317 
0.2903526 0.3108867 0.3987607 
0.2837652 0.330499 0.3857358 
0.2503678 0.3322276 0.4174046 
0.2992825 0.3189939 0.3817236 
0.2623225 0.3138721 0.4238054 
0.3312731 0.3558448 0.3128821 
0.3012676 0.2385021 0.4602303 
0.2955199 0.2600363 0.4444439 
0.3434791 0.3116826 0.3448383 
0.2860199 0.287156 0.426824 
0.3063944 0.3379388 0.3556669 
0.3913919 0.267701 0.3409071 
0.3212118 0.2964845 0.3823037 
0.3109753 0.2781737 0.410851 
0.2997739 0.1986239 0.5016023 
0.3023205 0.2496186 0.4480609 
0.2716572 0.3272469 0.401096 
0.2910692 0.3461411 0.3627897 
0.2883178 0.3239042 0.387778 
0.2673166 0.2746931 0.4579903 
0.3072643 0.2782752 0.4144605 
0.3046882 0.284142 0.4111698 
0.2748623 0.3285231 0.3966145 
0.2409812 0.3677842 0.3912346 
0.3593759 0.2661879 0.3744362 
0.3205138 0.3389988 0.3404873 
0.2468763 0.3389084 0.4142153 
0.2632778 0.3302201 0.4065021 
0.3157307 0.3719868 0.3122825 
0.2455592 0.2978413 0.4565995 
0.2360851 0.4185494 0.3453655 
0.2660522 0.2926604 0.4412874 
0.2871344 0.3420593 0.3708063 
0.2267725 0.409845 0.3633825 
0.2618227 0.3160398 0.4221374 
0.2701974 0.3616789 0.3681237 
0.2420015 0.3177888 0.4402098 
0.2782045 0.2900612 0.4317343 
0.2881719 0.4307729 0.2810553 
0.3051183 0.2629573 0.4319244 
0.2384763 0.343778 0.4177457 
0.2759859 0.3139005 0.4101136 
0.2955775 0.3098537 0.3945688 
0.3231898 0.2836019 0.3932083 
0.2145164 0.3713295 0.414154 
0.2895452 0.4002777 0.3101771 
0.3207555 0.2904018 0.3888427 
0.2513302 0.3733919 0.3752779 
0.2933903 0.3149853 0.3916245 
0.2624241 0.2779693 0.4596066 
0.2556643 0.2915661 0.4527696 
0.3087928 0.3110104 0.3801968 
0.2920864 0.322218 0.3856956 
0.2722239 0.376623 0.3511531 
0.23753 0.3917106 0.3707595 
0.3067815 0.2898485 0.40337 
0.2767053 0.288525 0.4347697 
0.3278393 0.3184795 0.3536812 
0.307207 0.3532497 0.3395433 
0.2797415 0.3875424 0.3327162 
0.2549992 0.325439 0.4195618 
0.2299397 0.3178039 0.4522564 
0.2616386 0.3012331 0.4371283 
0.3569021 0.2295941 0.4135038 
0.2803309 0.3656636 0.3540055 
0.222983 0.3426252 0.4343918 
0.2673942 0.300673 0.4319327 
0.2369518 0.3252631 0.437785 
0.2907899 0.3764919 0.3327182 
0.2888968 0.3269272 0.384176 
0.3200063 0.2509915 0.4290023 
0.2980611 0.3104395 0.3914994 
0.2742269 0.3631681 0.362605 
0.2411098 0.2761848 0.4827054 
0.2696027 0.3894553 0.340942 
0.2277733 0.2818126 0.4904141 
0.2401591 0.3174735 0.4423674 
0.3134043 0.3585208 0.3280749 
0.215409 0.2739593 0.5106318 
0.2127953 0.339733 0.4474718 
0.3339075 0.2789282 0.3871643 
0.1847981 0.338213 0.4769889 
0.3041745 0.334735 0.3610905 
0.2732558 0.2963168 0.4304274 
0.2991599 0.3385138 0.3623262 
0.3054228 0.2177281 0.4768491 
0.317004 0.2639303 0.4190656 
0.2378988 0.3512945 0.4108068 
0.2127353 0.3355134 0.4517513 
0.3225498 0.3200546 0.3573956 
0.3372818 0.3761814 0.2865368 
0.2729462 0.2239855 0.5030684 
0.2698124 0.3866829 0.3435047 
0.2360494 0.277746 0.4862046 
0.3106831 0.2769084 0.4124086 
0.2913337 0.3828114 0.325855 
0.3125434 0.3279562 0.3595004 
0.2883511 0.2657301 0.4459188 
0.2385736 0.2713209 0.4901055 
0.2779871 0.2789565 0.4430564 
0.3564992 0.2170119 0.4264889 
0.2619151 0.3931401 0.3449448 
0.302163 0.320904 0.376933 
0.2511246 0.3035599 0.4453155 
0.1833059 0.3508836 0.4658105 
0.2764535 0.2910411 0.4325054 
0.2608045 0.4616722 0.2775234 
0.343341 0.2865682 0.3700908 
0.3489988 0.2800214 0.3709798 
0.3052252 0.3014722 0.3933026 
0.2499571 0.2780667 0.4719762 
0.356092 0.2635553 0.3803527 
0.2452163 0.269605 0.4851787 
0.3103847 0.2571085 0.4325068 
0.3323523 0.2611046 0.4065431 
0.2470569 0.3421494 0.4107936 
0.3579471 0.2577183 0.3843347 
0.2872587 0.3102439 0.4024974 
0.2966613 0.3053414 0.3979973 
0.223671 0.3179364 0.4583926 
0.2919501 0.2255571 0.4824928 
0.1770294 0.2777984 0.5451722 
0.2504103 0.3122987 0.437291 
0.3060416 0.2973603 0.3965981 
0.2540709 0.3550151 0.3909141 
0.2943738 0.3070307 0.3985956 
0.264095 0.3144179 0.4214871 
0.3287001 0.2856117 0.3856883 
0.3132972 0.3626098 0.324093 
0.2447293 0.3746295 0.3806412 
0.3399674 0.3517621 0.3082705 
0.376127 0.2564957 0.3673774 
0.2467953 0.3182279 0.4349768 
0.2196552 0.388965 0.3913799 
0.2400761 0.3057006 0.4542234 
0.2435703 0.3855232 0.3709065 
0.3145316 0.3633876 0.3220809 
0.2337575 0.3765049 0.3897377 
0.3093442 0.2755861 0.4150697 
0.2768037 0.303288 0.4199083 
0.3324856 0.325392 0.3421224 
0.2943307 0.3757838 0.3298855 
0.1727197 0.3546037 0.4726767 
0.2852568 0.3368506 0.3778926 
0.2922069 0.3362492 0.3715439 
0.2561423 0.38185 0.3620077 
0.3163528 0.2632304 0.4204169 
0.2453305 0.3726297 0.3820398 
0.2253234 0.402857 0.3718196 
0.2457889 0.4235083 0.3307029 
0.2403086 0.386665 0.3730265 
0.3100084 0.2367863 0.4532053 
0.2772447 0.3539733 0.368782 
0.2787155 0.3793899 0.3418946 
0.2521801 0.3282496 0.4195702 
0.2949468 0.3029258 0.4021274 
0.2282034 0.372016 0.3997806 
0.2664731 0.3496622 0.3838647 
0.2107418 0.4031316 0.3861266 
0.296316 0.2572801 0.4464038 
0.3019108 0.2135725 0.4845168 
0.2269897 0.358059 0.4149513 
0.2299247 0.3443632 0.4257121 
0.2926352 0.3152492 0.3921156 
0.2639022 0.3787698 0.357328 
0.2725243 0.2447228 0.4827528 
0.3237088 0.3207998 0.3554914 
0.3506762 0.2407243 0.4085995 
0.2875187 0.2808584 0.4316229 
0.2743536 0.3148082 0.4108382 
0.2678327 0.2586227 0.4735446 
0.2316735 0.2886305 0.4796961 
0.2386389 0.3393763 0.4219848 
0.280176 0.3573662 0.3624578 
0.2964939 0.3367212 0.3667849 
0.3538272 0.2563611 0.3898117 
0.2954595 0.2689918 0.4355488 
0.2793006 0.3125822 0.4081172 
0.2037749 0.3167627 0.4794624 
0.2955865 0.2841587 0.4202547 
0.2670776 0.2688839 0.4640385 
0.2303312 0.406299 0.3633698 
0.3485459 0.2844681 0.366986 
0.2997695 0.2808463 0.4193842 
0.196956 0.2991065 0.5039374 
0.3037509 0.295433 0.4008161 
0.2883186 0.3337371 0.3779443 
0.2319606 0.310768 0.4572714 
0.2979829 0.3054185 0.3965986 
0.2961514 0.2634846 0.440364 
0.2401931 0.2544866 0.5053203 
0.2558076 0.2865669 0.4576255 
0.1998424 0.3207353 0.4794223 
0.3576998 0.2820766 0.3602235 
0.3007919 0.3128726 0.3863355 
0.3614689 0.3304376 0.3080935 
0.2952259 0.2658865 0.4388876 
0.312494 0.301904 0.385602 
0.2355076 0.2654666 0.4990258 
0.3545464 0.2725679 0.3728857 
0.2751302 0.3657738 0.359096 
0.299661 0.3368197 0.3635194 
0.2349271 0.3234471 0.4416258 
0.2274459 0.3530333 0.4195208 
0.3141833 0.3114165 0.3744002 
0.3285162 0.325243 0.3462408 
0.2771101 0.3928853 0.3300046 
0.2391204 0.3213818 0.4394978 
0.273402 0.3382249 0.388373 
0.2690766 0.3005199 0.4304035 
0.2625247 0.3962073 0.341268 
0.3038018 0.2614158 0.4347824 
0.2626889 0.3334798 0.4038313 
0.2714957 0.3687029 0.3598014 
0.2373082 0.300472 0.4622198 
0.3210798 0.3530263 0.3258939 
0.2486557 0.3350865 0.4162577 
0.3043961 0.35663 0.3389739 
0.2778899 0.3040984 0.4180117 
0.295929 0.344656 0.359415 
0.3175472 0.3080892 0.3743636 
0.4065679 0.2357198 0.3577123 
0.3655511 0.2772702 0.3571787 
0.2238688 0.2911178 0.4850134 
0.2116298 0.396041 0.3923292 
0.3041448 0.3363344 0.3595208 
0.2203938 0.3139798 0.4656263 
0.1975397 0.4144662 0.3879941 
0.2814309 0.385194 0.3333751 
0.2873955 0.2837993 0.4288051 
0.3258199 0.2091422 0.4650379 
0.3477376 0.2875619 0.3647004 
0.3477667 0.3168933 0.33534 
0.2417506 0.3124156 0.4458338 
0.209225 0.3663346 0.4244404 
0.3114667 0.2817919 0.4067413 
0.2899287 0.292011 0.4180603 
0.2484671 0.2981604 0.4533725 
0.3357291 0.2658327 0.3984383 
0.3570201 0.2452605 0.3977194 
0.2390441 0.3898037 0.3711522 
0.2434865 0.3072637 0.4492498 
0.3441262 0.2910578 0.364816 
0.2189523 0.3268146 0.4542331 
0.2745312 0.2904805 0.4349883 
0.3127864 0.2932195 0.3939941 
0.2597483 0.3515513 0.3887004 
0.3200324 0.3351484 0.3448192 
0.2964055 0.2960331 0.4075614 
0.2926699 0.223153 0.4841771 
0.2631171 0.3203434 0.4165395 
0.2592774 0.2187354 0.5219871 
0.2653934 0.3563482 0.3782583 
0.2355723 0.3709055 0.3935221 
0.230888 0.3419487 0.4271633 
0.2638563 0.2924434 0.4437002 
0.2312475 0.3165267 0.4522258 
0.304568 0.3306462 0.3647858 
0.267006 0.3456191 0.387375 
0.3336392 0.2396076 0.4267532 
0.2883204 0.2405732 0.4711064 
0.3622975 0.3176676 0.3200348 
0.2985302 0.3469861 0.3544837 
0.2728901 0.2841709 0.4429391 
0.2194334 0.3607064 0.4198602 
0.3216539 0.3267342 0.3516119 
0.3134047 0.2593528 0.4272425 
0.3008405 0.292853 0.4063065 
0.2526595 0.3326343 0.4147062 
0.2376304 0.3468047 0.4155649 
0.2832488 0.3364143 0.3803369 
0.2558939 0.2971698 0.4469363 
0.2274364 0.3123417 0.4602218 
0.3082386 0.2266792 0.4650822 
0.3131005 0.2691621 0.4177374 
0.213588 0.3876559 0.3987561 
0.1967366 0.3909265 0.4123369 
0.2623517 0.3677183 0.36993 
0.3346201 0.1949936 0.4703863 
0.3425051 0.2435614 0.4139335 
0.2760362 0.2354002 0.4885636 
0.3568972 0.3585231 0.2845797 
0.3512346 0.2759297 0.3728357 
0.3272971 0.2275377 0.4451652 
0.2812873 0.3314949 0.3872177 
0.3294166 0.2897354 0.3808481 
0.3455314 0.2574334 0.3970352 
0.2947152 0.2948247 0.4104601 
0.3018089 0.3059011 0.39229 
0.3063921 0.3194017 0.3742063 
0.2213656 0.3237433 0.4548911 
0.2211211 0.3084577 0.4704212 
0.3126615 0.3359223 0.3514163 
0.2258253 0.3239602 0.4502146 
0.2324501 0.2945899 0.4729599 
0.2828906 0.3254286 0.3916808 
0.3227984 0.2426279 0.4345738 
0.2556385 0.3167152 0.4276463 
0.2156884 0.2730103 0.5113013 
0.2663074 0.3337135 0.3999791 
0.2921486 0.3661081 0.3417433 
0.262898 0.2693396 0.4677625 
0.2814967 0.242259 0.4762442 
0.2842514 0.322077 0.3936716 
0.3430506 0.273607 0.3833425 
0.2986182 0.3164935 0.3848883 
0.234261 0.3160621 0.4496769 
0.2478451 0.3266624 0.4254924 
0.2719525 0.3422715 0.385776 
0.316725 0.2838725 0.3994025 
0.2663286 0.3706965 0.3629749 
0.2730726 0.3252848 0.4016426 
0.2822622 0.3376321 0.3801057 
0.2957004 0.2840111 0.4202885 
0.2980405 0.3235073 0.3784522 
0.300474 0.2882372 0.4112888 
0.3054544 0.2464507 0.4480949 
0.3054501 0.2084811 0.4860689 
0.2934933 0.2373073 0.4691993 
0.25792 0.3007339 0.4413461 
0.3948727 0.2975089 0.3076185 
0.2208313 0.2895141 0.4896546 
0.1756545 0.2502804 0.5740652 
0.2904806 0.2620049 0.4475145 
0.3555469 0.2241275 0.4203256 
0.3232044 0.2677809 0.4090148 
0.2599919 0.3120171 0.427991 
0.3255939 0.3051066 0.3692995 
0.2347904 0.3367734 0.4284362 
0.2679677 0.3548757 0.3771566 
0.2381939 0.3487015 0.4131046 
0.2651041 0.3455094 0.3893865 
0.2641026 0.3447336 0.3911639 
0.272738 0.2885276 0.4387344 
0.3154744 0.2911564 0.3933692 
0.2635316 0.3094206 0.4270479 
0.2468993 0.3076971 0.4454036 
0.2541361 0.3178709 0.427993 
0.205208 0.3699869 0.4248051 
0.2257303 0.2765469 0.4977229 
0.2232691 0.3786627 0.3980681 
0.2085157 0.384114 0.4073704 
0.2356177 0.2658841 0.4984982 
0.2716337 0.3027061 0.4256601 
0.2222296 0.2612984 0.5164721 
0.2018531 0.2867962 0.5113507 
0.2149862 0.2994626 0.4855512 
0.3017041 0.2539376 0.4443583 
0.2420729 0.2898744 0.4680527 
0.3249786 0.3217048 0.3533166 
0.1907195 0.2588434 0.5504371 
0.1629324 0.3248858 0.5121818 
0.3770176 0.3118628 0.3111196 
0.2886965 0.3335601 0.3777435 
0.2532386 0.2984419 0.4483196 
0.2167235 0.3378251 0.4454514 
0.2717708 0.3076274 0.4206018 
0.3475128 0.2469251 0.4055621 
0.2309985 0.3546591 0.4143424 
0.3335402 0.256787 0.4096728 
0.3264984 0.2654549 0.4080467 
0.3370589 0.2287517 0.4341894 
0.3519202 0.2492117 0.3988681 
0.3001288 0.2453445 0.4545266 
0.3137705 0.2526083 0.4336212 
0.2090757 0.279047 0.5118773 
0.2651452 0.3347856 0.4000692 
0.3470817 0.2981597 0.3547586 
0.2763778 0.2889628 0.4346593 
0.3089898 0.2832892 0.407721 
0.2613654 0.3391623 0.3994724 
0.2924526 0.2968461 0.4107013 
0.2651065 0.4283696 0.3065239 
0.3444973 0.2152663 0.4402364 
0.2911962 0.2841375 0.4246663 
0.3109412 0.2349356 0.4541232 
0.2487966 0.2688459 0.4823574 
0.2528138 0.3344298 0.4127565 
0.3843275 0.2959736 0.3196989 
0.2935046 0.293272 0.4132234 
0.2851759 0.2564675 0.4583566 
0.2872201 0.3005409 0.412239 
0.2468235 0.2858101 0.4673664 
0.2884559 0.3041527 0.4073914 
0.3179938 0.277334 0.4046722 
0.3129064 0.284777 0.4023166 
0.3475853 0.2405732 0.4118415 
0.257755 0.3663834 0.3758616 
0.2196182 0.3650834 0.4152984 
0.321291 0.3225037 0.3562053 
0.3051301 0.3390822 0.3557877 
0.2585631 0.2682192 0.4732177 
0.226137 0.3432776 0.4305854 
0.3185481 0.251426 0.430026 
0.3583164 0.2848082 0.3568754 
0.2943387 0.2628335 0.4428278 
0.3465122 0.3263876 0.3271002 
0.3100323 0.3683459 0.3216219 
0.270767 0.285101 0.444132 
0.2318177 0.343051 0.4251313 
0.2692246 0.2819299 0.4488455 
0.2831449 0.3166203 0.4002348 
0.2401334 0.2943997 0.4654669 
0.2679511 0.2993217 0.4327273 
0.2614843 0.3546619 0.3838539 
0.342495 0.2796214 0.3778836 
0.3490713 0.2565069 0.3944217 
0.3057646 0.330181 0.3640543 
0.2532717 0.3157817 0.4309466 
0.37737 0.2563765 0.3662535 
0.2782887 0.2681968 0.4535145 
0.2587316 0.3519493 0.389319 
0.2928548 0.2683514 0.4387938 
0.2621957 0.3888465 0.3489578 
0.3693897 0.2917563 0.338854 
0.2491102 0.2402392 0.5106505 
0.2640782 0.2785957 0.4573261 
0.3162133 0.2731703 0.4106163 
0.2830512 0.3280064 0.3889424 
0.3104706 0.3193605 0.3701689 
0.3114383 0.3777849 0.3107768 
0.2626678 0.315362 0.4219703 
0.2843533 0.3196393 0.3960074 
0.1815463 0.3991697 0.4192841 
0.2166892 0.2804349 0.5028759 
0.2093557 0.2208712 0.5697731 
0.295006 0.3025085 0.4024855 
0.355358 0.272702 0.3719399 
0.23076 0.3150353 0.4542047 
0.2438941 0.3483018 0.4078041 
0.2163111 0.3203689 0.4633201 
0.2591124 0.297633 0.4432546 
0.287198 0.3165317 0.3962703 
0.2972013 0.2848511 0.4179477 
0.2709708 0.2986952 0.430334 
0.3507266 0.2651532 0.3841202 
0.2480098 0.3429873 0.4090029 
0.2365562 0.2840412 0.4794027 
0.2214852 0.2804891 0.4980257 
0.2861786 0.2999489 0.4138725 
0.2827024 0.3484777 0.3688199 
0.3071694 0.3427533 0.3500773 
0.3855101 0.2277906 0.3866992 
0.2427076 0.2681033 0.4891891 
0.2942725 0.2531398 0.4525877 
0.3463491 0.2299268 0.4237242 
0.251831 0.2906984 0.4574706 
0.3012802 0.2855192 0.4132006 
0.3482397 0.3335891 0.3181712 
0.2537441 0.3207012 0.4255547 
0.3692212 0.2708686 0.3599103 
0.2337666 0.3055338 0.4606996 
0.351876 0.2685165 0.3796076 
0.3074987 0.223315 0.4691863 
0.3511671 0.2924675 0.3563654 
0.2400159 0.3547948 0.4051893 
0.2817872 0.3468773 0.3713355 
0.2754913 0.3022747 0.4222339 
0.3120571 0.2555062 0.4324367 
0.2610085 0.3845256 0.3544659 
0.3454651 0.2951982 0.3593367 
0.2596909 0.349565 0.3907441 
0.3698644 0.2906291 0.3395065 
0.2861678 0.3056508 0.4081814 
0.24134 0.4434608 0.3151992 
0.32175 0.2633499 0.4149 
0.323786 0.2798393 0.3963747 
0.2260162 0.3828951 0.3910887 
0.2721312 0.2631956 0.4646732 
0.2386081 0.3565103 0.4048816 
0.2442779 0.3231538 0.4325684 
0.2073125 0.4178979 0.3747895 
0.2833242 0.3623618 0.354314 
0.2904109 0.3240127 0.3855764 
0.3063753 0.3681516 0.3254731 
0.3192646 0.2884263 0.392309 
0.2905488 0.350231 0.3592202 
0.3475759 0.2564571 0.395967 
0.2617356 0.3167687 0.4214958 
0.2323767 0.3020468 0.4655765 
0.2536649 0.3174736 0.4288614 
0.1925743 0.3843023 0.4231234 
0.2511655 0.3888467 0.3599878 
0.2824279 0.3319712 0.3856008 
0.2727994 0.3003168 0.4268838 
0.2610074 0.3442652 0.3947274 
0.2877595 0.3127665 0.399474 
0.2760411 0.373996 0.3499629 
0.2820173 0.3615814 0.3564013 
0.2768467 0.281981 0.4411723 
0.3026676 0.293017 0.4043154 
0.3030767 0.3165927 0.3803306 
0.2763121 0.3417831 0.3819049 
0.2922314 0.2401896 0.467579 
0.38743 0.2476177 0.3649523 
0.3024927 0.2210284 0.4764789 
0.2519997 0.283295 0.4647052 
0.2543257 0.3994464 0.3462279 
0.3010692 0.3261425 0.3727883 
0.2852492 0.3558879 0.3588629 
0.2572406 0.2625794 0.4801801 
0.2835657 0.3090454 0.4073889 
0.2412464 0.3498625 0.408891 
0.2729601 0.3354394 0.3916005 
0.3146044 0.3019524 0.3834431 
0.2826948 0.2989885 0.4183168 
0.2408867 0.3559438 0.4031694 
0.2133276 0.3074027 0.4792697 
0.2628845 0.3711304 0.365985 
0.3099815 0.2922713 0.3977472 
0.2919988 0.3364829 0.3715183 
0.2306393 0.2933198 0.4760409 
0.2911062 0.3254142 0.3834795 
0.2808631 0.3289926 0.3901443 
0.2918935 0.3317899 0.3763165 
0.2837834 0.320917 0.3952997 
0.2966396 0.3053812 0.3979792 
0.3096988 0.3753903 0.3149109 
0.3192957 0.2989141 0.3817902 
0.309622 0.257667 0.4327109 
0.2897703 0.3337679 0.3764618 
0.2777556 0.3142389 0.4080055 
0.363646 0.2750299 0.3613241 
0.2719671 0.2942908 0.4337421 
0.2756293 0.3459663 0.3784044 
0.3297653 0.2871288 0.383106 
0.3761406 0.289916 0.3339434 
0.2882846 0.3151752 0.3965402 
0.3240466 0.3356205 0.3403329 
0.3177008 0.3436759 0.3386233 
0.2772511 0.2917764 0.4309725 
0.3388379 0.2868373 0.3743247 
0.3545852 0.2989616 0.3464532 
0.3616848 0.3114685 0.3268467 
0.2715739 0.312524 0.4159021 
0.2361158 0.307994 0.4558902 
0.2786467 0.2745318 0.4468215 
0.2882616 0.2671264 0.4446121 
0.311801 0.3074033 0.3807957 
0.3416558 0.2644485 0.3938957 
0.3226422 0.2275895 0.4497682 
0.2599675 0.2740444 0.4659881 
0.236415 0.3497131 0.4138719 
0.2376892 0.2981746 0.4641363 
0.201388 0.4401913 0.3584208 
0.3835026 0.253458 0.3630394 
0.2204384 0.3194856 0.4600761 
0.3301161 0.3288207 0.3410632 
0.2599552 0.2976554 0.4423895 
0.281903 0.32638 0.3917169 
0.2447032 0.329947 0.4253498 
0.2705132 0.2729979 0.4564889 
0.2962835 0.2952296 0.4084869 
0.305236 0.3053768 0.3893873 
0.3214262 0.3330981 0.3454757 
0.3492028 0.2481455 0.4026517 
0.2399426 0.3685916 0.3914658 
0.318366 0.3116188 0.3700152 
0.2527045 0.3798494 0.3674461 
0.266563 0.2891488 0.4442882 
0.3414214 0.3536719 0.3049067 
0.3252126 0.2657826 0.4090048 
0.2252399 0.2842507 0.4905095 
0.3279759 0.3173729 0.3546512 
0.247538 0.3203613 0.4321007 
0.2814824 0.3133075 0.40521 
0.2552502 0.3280376 0.4167122 
0.2855929 0.2954682 0.4189389 
0.2802892 0.310446 0.4092648 
0.2347463 0.3351337 0.43012 
0.2749305 0.3003155 0.424754 
0.2364698 0.2958739 0.4676563 
0.2731053 0.2884333 0.4384613 
0.2957849 0.4175712 0.2866438 
0.2462843 0.3201787 0.433537 
0.3492321 0.2511324 0.3996355 
0.1993058 0.2703937 0.5303005 
0.3510179 0.3562652 0.2927169 
0.3150601 0.3067519 0.3781879 
0.2439907 0.3730876 0.3829217 
0.2868715 0.315319 0.3978096 
0.2943208 0.3320557 0.3736235 
0.2243791 0.2774048 0.498216 
0.2448207 0.4021325 0.3530468 
0.2167592 0.2704195 0.5128213 
0.2947164 0.3439136 0.36137 
0.1965615 0.3335283 0.4699102 
0.2785051 0.3418239 0.379671 
0.2884612 0.3321268 0.379412 
0.3103038 0.3166558 0.3730404 
0.2803356 0.2882059 0.4314585 
0.2896925 0.3254026 0.3849049 
0.214287 0.3134669 0.4722461 
0.3144658 0.2485734 0.4369608 
0.2538993 0.3308248 0.4152759 
0.2288402 0.203297 0.5678627 
0.3694369 0.19188 0.4386831 
0.3458475 0.3013341 0.3528183 
0.2877444 0.311849 0.4004067 
0.3535051 0.3282626 0.3182323 
0.2646202 0.3310662 0.4043136 
0.2491236 0.3233231 0.4275533 
0.3043188 0.2108055 0.4848756 
0.3238589 0.2716255 0.4045155 
0.2776643 0.2509488 0.4713869 
0.2581564 0.2696465 0.4721971 
0.2879745 0.2833935 0.428632 
0.2247151 0.2602911 0.5149938 
0.2470695 0.3119376 0.4409929 
0.2319508 0.3274378 0.4406115 
0.2246721 0.4240427 0.3512851 
0.3637565 0.2610078 0.3752357 
0.2949963 0.2351864 0.4698173 
0.2783723 0.3801041 0.3415237 
0.3081973 0.2863934 0.4054093 
0.3188551 0.27173 0.4094148 
0.3285218 0.2735461 0.3979321 
0.3417673 0.2894008 0.368832 
0.2524943 0.3695996 0.377906 
0.3193926 0.3053962 0.3752112 
0.294945 0.237359 0.467696 
0.2335123 0.3664303 0.4000574 
0.2706718 0.2773892 0.451939 
0.1880509 0.336556 0.4753932 
0.2619629 0.3898374 0.3481997 
0.2278492 0.3297785 0.4423723 
0.2491588 0.2912335 0.4596077 
0.343319 0.303951 0.3527301 
0.312668 0.2693402 0.4179918 
0.3586224 0.2833054 0.3580722 
0.2504773 0.335036 0.4144867 
0.3273833 0.2706453 0.4019714 
0.2434885 0.2937839 0.4627276 
0.3502697 0.2259845 0.4237458 
0.2961065 0.3128284 0.3910651 
0.3138504 0.2311834 0.4549662 
0.3060178 0.250061 0.4439212 
0.2512825 0.32085 0.4278675 
0.310489 0.3294011 0.3601099 
0.2885391 0.2999522 0.4115086 
0.228429 0.264623 0.506948 
0.2681724 0.305125 0.4267026 
0.3289365 0.2308531 0.4402103 
0.2458956 0.3137029 0.4404015 
0.2787467 0.2628501 0.4584031 
0.2140361 0.2466742 0.5392897 
0.2831438 0.3781511 0.3387051 
0.2550858 0.3319544 0.4129598 
0.2396925 0.3425845 0.417723 
0.2934495 0.2247042 0.4818463 
0.2114316 0.3417888 0.4467796 
0.2819229 0.3039946 0.4140825 
0.2876521 0.248872 0.463476 
0.2355707 0.3504521 0.4139772 
0.2742934 0.3163801 0.4093265 
0.3243224 0.2416968 0.4339807 
0.2745359 0.3002582 0.4252059 
0.2335468 0.3533091 0.4131441 
0.3569047 0.2484156 0.3946797 
0.282696 0.365487 0.351817 
0.241058 0.340731 0.418211 
0.2787271 0.3031435 0.4181294 
0.3107735 0.203678 0.4855485 
0.2260378 0.3946703 0.3792919 
0.2761441 0.2519343 0.4719216 
0.2844402 0.3205414 0.3950184 
0.2970469 0.3117251 0.391228 
0.2208708 0.2991546 0.4799746 
0.3938047 0.2240666 0.3821286 
0.3338606 0.2492862 0.4168532 
0.2877826 0.3126798 0.3995376 
0.2350881 0.3145768 0.4503351 
0.2629425 0.2422551 0.4948024 
0.4208564 0.2109255 0.3682181 
0.3113636 0.2699941 0.4186422 
0.21938 0.3385894 0.4420305 
0.3235065 0.2990828 0.3774107 
0.3240792 0.2958353 0.3800856 
0.2802986 0.2990041 0.4206973 
0.2907822 0.2979283 0.4112895 
0.2950966 0.325098 0.3798055 
0.2740615 0.322702 0.4032364 
0.2895181 0.3577608 0.3527211 
0.2433809 0.3478997 0.4087194 
0.2547252 0.2981868 0.447088 
0.2813565 0.2713281 0.4473154 
0.3432999 0.2987269 0.3579732 
0.2676634 0.3456813 0.3866553 
0.2909606 0.3745954 0.334444 
0.2815321 0.3063078 0.4121602 
0.2682663 0.3621443 0.3695893 
0.2989792 0.25477 0.4462508 
0.2293443 0.333144 0.4375117 
0.319063 0.2631184 0.4178186 
0.2805376 0.2806126 0.4388498 
0.2393597 0.3307093 0.429931 
0.2651414 0.3053234 0.4295352 
0.3096399 0.1791338 0.5112262 
0.3236694 0.3061587 0.3701719 
0.2366124 0.306041 0.4573466 
0.3480697 0.3203312 0.3315991 
0.318015 0.3148959 0.367089 
0.2808276 0.2407766 0.4783958 
0.2790207 0.2891018 0.4318775 
0.2849093 0.3397846 0.3753061 
0.2892109 0.2792605 0.4315286 
0.2412621 0.3108422 0.4478957 
0.2388461 0.3078485 0.4533054 
0.2481639 0.3443853 0.4074508 
0.2594767 0.2976715 0.4428519 
0.3169941 0.2557622 0.4272437 
0.2446315 0.2889088 0.4664598 
0.2699828 0.3066224 0.4233948 
0.3458511 0.3342777 0.3198712 
0.2990011 0.3045131 0.3964858 
0.2268378 0.3370068 0.4361554 
0.3560805 0.3196213 0.3242982 
0.2232063 0.3892099 0.3875838 
0.2841868 0.3505203 0.365293 
0.2915695 0.367459 0.3409715 
0.2775501 0.2897924 0.4326575 
0.2733101 0.3507921 0.3758977 
0.2650992 0.3056271 0.4292737 
0.3507894 0.2576367 0.3915739 
0.2058788 0.2961935 0.4979276 
0.2208008 0.3280753 0.4511239 
0.2631408 0.3226823 0.414177 
0.1947916 0.3674583 0.4377502 
0.2513172 0.2947557 0.4539271 
0.4037922 0.244526 0.3516818 
0.2766346 0.3243384 0.399027 
0.2557478 0.3158216 0.4284306 
0.3423503 0.2411744 0.4164752 
0.2845453 0.2353749 0.4800798 
0.3200975 0.2626342 0.4172683 
0.2172607 0.3532617 0.4294776 
0.3054976 0.2578804 0.436622 
0.2823252 0.3122713 0.4054035 
0.2018275 0.332434 0.4657385 
0.3571056 0.2669235 0.3759709 
0.272784 0.376226 0.35099 
0.3241305 0.2516528 0.4242166 
0.3276508 0.4033555 0.2689937 
0.2843577 0.3539718 0.3616705 
0.3339537 0.2461539 0.4198924 
0.2430181 0.3237533 0.4332287 
0.3222949 0.3335017 0.3442035 
0.2681441 0.3918203 0.3400356 
0.343609 0.2537101 0.4026809 
0.2597738 0.3931287 0.3470975 
0.2841736 0.306213 0.4096134 
0.2245318 0.3943609 0.3811073 
0.2283697 0.3387386 0.4328917 
0.3009664 0.2742786 0.4247549 
0.2276619 0.2808122 0.4915259 
0.2962463 0.3712314 0.3325223 
0.26779 0.2687922 0.4634177 
0.3334329 0.3294001 0.337167 
0.2572847 0.3502071 0.3925082 
0.1808848 0.3310009 0.4881143 
0.2867826 0.3303326 0.3828848 
0.2697516 0.2822026 0.4480458 
0.3441192 0.3363356 0.3195452 
0.3006234 0.3195226 0.379854 
0.3040838 0.3204208 0.3754955 
0.228773 0.3853269 0.3859 
0.3212089 0.2348655 0.4439255 
0.2725375 0.2387296 0.4887329 
0.2181721 0.3260895 0.4557383 
0.3129497 0.2430245 0.4440258 
0.2918663 0.2940619 0.4140718 
0.2800596 0.3918956 0.3280447 
0.290357 0.3839823 0.3256607 
0.2474027 0.4065149 0.3460824 
0.3112434 0.3347256 0.354031 
0.2352057 0.3203635 0.4444308 
0.2827631 0.3300923 0.3871446 
0.2443306 0.3085779 0.4470915 
0.3947134 0.2233978 0.3818889 
0.2385594 0.3020516 0.459389 
0.2342207 0.308238 0.4575413 
0.349148 0.314022 0.33683 
0.2969525 0.2794772 0.4235703 
0.250484 0.3003446 0.4491715 
0.2735016 0.3892072 0.3372913 
0.3091299 0.3452837 0.3455865 
0.2522758 0.282011 0.4657132 
0.2086107 0.3980357 0.3933536 
0.2429179 0.2976972 0.4593849 
0.3304067 0.2516117 0.4179816 
0.3274958 0.2961486 0.3763556 
0.2738077 0.3297283 0.396464 
0.315233 0.3498547 0.3349123 
0.2609196 0.2639112 0.4751692 
0.2767479 0.2805302 0.4427219 
0.2944103 0.3018481 0.4037417 
0.2399305 0.3254563 0.4346132 
0.3460528 0.2849619 0.3689852 
0.2484407 0.3336019 0.4179574 
0.318143 0.2944521 0.3874049 
0.292033 0.3222535 0.3857135 
0.4096447 0.2270274 0.3633279 
0.2435977 0.2818078 0.4745945 
0.2841559 0.2618339 0.4540102 
0.2886266 0.282408 0.4289654 
0.3008438 0.2758676 0.4232886 
0.3383371 0.2328649 0.4287981 
0.2430932 0.2918239 0.4650828 
0.2642114 0.292383 0.4434056 
0.320827 0.2422105 0.4369625 
0.1908413 0.3351103 0.4740485 
0.2795187 0.2793008 0.4411805 
0.2163199 0.3755697 0.4081104 
0.2573702 0.2360569 0.5065729 
0.3083718 0.248616 0.4430122 
0.3290113 0.3449929 0.3259958 
0.2564217 0.2909243 0.452654 
0.2605461 0.2998634 0.4395904 
0.2395328 0.2593261 0.5011411 
0.2945911 0.2915599 0.4138489 
0.3055564 0.2796813 0.4147623 
0.202864 0.3297373 0.4673987 
0.3606253 0.3153376 0.3240371 
0.2212472 0.2743352 0.5044176 
0.2327971 0.3132641 0.4539388 
0.2556712 0.2989807 0.4453481 
0.3375577 0.3269434 0.3354989 
0.2836 0.3452475 0.3711525 
0.2674063 0.2972489 0.4353447 
0.2282359 0.3625675 0.4091966 
0.1853397 0.3512071 0.4634533 
0.2720593 0.3099421 0.4179986 
0.2876978 0.3274104 0.3848919 
0.2702096 0.2769506 0.4528398 
0.2358203 0.3886222 0.3755575 
0.2709211 0.3043536 0.4247253 
0.202784 0.3633259 0.4338901 
0.3002605 0.3012017 0.3985378 
0.3395497 0.2697021 0.3907481 
0.2159846 0.3727952 0.4112202 
0.2200705 0.2981666 0.481763 
0.2698577 0.3097269 0.4204155 
0.2593716 0.3648236 0.3758048 
0.3637047 0.2400163 0.3962789 
0.2266712 0.3218606 0.4514682 
0.233559 0.3102281 0.4562129 
0.273686 0.3384256 0.3878885 
0.2239505 0.3178186 0.4582309 
0.2685942 0.3078124 0.4235935 
0.3492686 0.2928843 0.3578471 
0.2072068 0.2756841 0.5171092 
0.3095882 0.3101634 0.3802484 
0.2566776 0.2881883 0.4551341 
0.2867487 0.3454893 0.367762 
0.2796098 0.3381574 0.3822328 
0.2565873 0.3151626 0.4282502 
0.2825876 0.2476706 0.4697418 
0.295687 0.252134 0.452179 
0.2248641 0.3529777 0.4221582 
0.3719297 0.2709343 0.357136 
0.2064948 0.3490548 0.4444504 
0.3597092 0.2670573 0.3732335 
0.2675904 0.3391462 0.3932634 
0.2569636 0.4080275 0.3350089 
0.255789 0.3554994 0.3887117 
0.2318815 0.3235483 0.4445702 
0.3296541 0.2879788 0.3823671 
0.2447513 0.2429666 0.5122821 
0.2379977 0.3203481 0.4416542 
0.2155263 0.3828946 0.4015791 
0.3162344 0.2548455 0.4289201 
0.2397586 0.3543061 0.4059353 
0.2921819 0.2449574 0.4628607 
0.2959965 0.3462734 0.3577301 
0.2410402 0.3365825 0.4223773 
0.2910417 0.3096462 0.3993122 
0.2713746 0.2868341 0.4417913 
0.2845999 0.2511298 0.4642704 
0.3097483 0.297598 0.3926537 
0.3014976 0.2990932 0.3994093 
0.3206427 0.3264233 0.352934 
0.2679906 0.2836073 0.448402 
0.3000932 0.319454 0.3804528 
0.2631637 0.2890571 0.4477792 
0.3216201 0.266907 0.4114729 
0.2253413 0.2611089 0.5135498 
0.2887695 0.3310086 0.3802219 
0.2812578 0.3430618 0.3756804 
0.2997372 0.3668976 0.3333652 
0.2442667 0.3644253 0.391308 
0.2272934 0.3703547 0.4023519 
0.3349878 0.2539141 0.4110981 
0.2217455 0.2927139 0.4855407 
0.2370749 0.2710401 0.491885 
0.2168883 0.3919729 0.3911388 
0.3352142 0.2453172 0.4194686 
0.3352671 0.3062462 0.3584867 
0.2670968 0.3071825 0.4257207 
0.2781507 0.3052224 0.4166269 
0.2843281 0.3586133 0.3570586 
0.3645975 0.2479316 0.387471 
0.2877737 0.3625243 0.349702 
0.195745 0.3246657 0.4795893 
0.1812425 0.3194986 0.4992589 
0.3156617 0.2531717 0.4311666 
0.2179394 0.3905103 0.3915503 
0.3135773 0.2535644 0.4328583 
0.2976939 0.3555749 0.3467311 
0.3118286 0.3719783 0.3161932 
0.2401648 0.293548 0.4662873 
0.2515406 0.3009722 0.4474872 
0.2473047 0.3539433 0.398752 
0.3525117 0.3138228 0.3336655 
0.2685986 0.2693923 0.4620091 
0.2687608 0.3510156 0.3802236 
0.3012387 0.2775401 0.4212212 
0.2505117 0.3483763 0.401112 
0.2549778 0.3948164 0.3502058 
0.2906547 0.3192079 0.3901374 
0.2256981 0.4083 0.3660019 
0.3601803 0.2815109 0.3583088 
0.3439676 0.3282241 0.3278083 
0.3143923 0.2693438 0.4162639 
0.3273214 0.277048 0.3956306 
0.2774988 0.272063 0.4504381 
0.2643163 0.2831857 0.452498 
0.4032281 0.2446444 0.3521274 
0.2633233 0.3509221 0.3857546 
0.3481944 0.2601729 0.3916328 
0.2452353 0.3866653 0.3680994 
0.2093013 0.3792632 0.4114355 
0.3038569 0.3264154 0.3697277 
0.2675797 0.2967533 0.435667 
0.2600268 0.3621254 0.3778478 
0.2891796 0.2780249 0.4327954 
0.2225985 0.3458428 0.4315587 
0.2454005 0.2986246 0.4559749 
0.3484035 0.2846204 0.3669761 
0.2336788 0.384253 0.3820682 
0.2240053 0.327079 0.4489157 
0.2891465 0.3474437 0.3634097 
0.1928875 0.3102782 0.4968343 
0.2529214 0.3799448 0.3671338 
0.3074067 0.2726862 0.4199072 
0.3379078 0.28143 0.3806622 
0.2933557 0.2731853 0.4334589 
0.2718271 0.4396205 0.2885524 
0.4394734 0.2527161 0.3078105 
0.20141 0.3014074 0.4971826 
0.2647775 0.4086073 0.3266151 
0.269456 0.2511905 0.4793536 
0.3187133 0.2969539 0.3843328 
0.2877836 0.2988177 0.4133987 
0.3062518 0.305087 0.3886611 
0.301311 0.3474327 0.3512563 
0.2794554 0.3642306 0.356314 
0.3259588 0.3078412 0.3662 
0.2717787 0.3002407 0.4279806 
0.2711302 0.3060345 0.4228353 
0.3418198 0.3356405 0.3225397 
0.3274131 0.2934469 0.37914 
0.2960203 0.3758543 0.3281254 
0.2444663 0.3825986 0.372935 
0.2917543 0.314962 0.3932837 
0.3455234 0.2869148 0.3675618 
0.2500317 0.3158543 0.434114 
0.2603139 0.3692099 0.3704762 
0.3241703 0.2800195 0.3958102 
0.2726917 0.3388858 0.3884224 
0.2484092 0.2347881 0.5168027 
0.3455137 0.3143311 0.3401552 
0.3397122 0.3430577 0.3172301 
0.2890317 0.3423528 0.3686155 
0.2653874 0.3893304 0.3452821 
0.2730982 0.4422015 0.2847003 
0.2067198 0.3512663 0.4420139 
0.2190663 0.3207888 0.4601449 
0.3219819 0.2811254 0.3968927 
0.1918262 0.2759957 0.5321781 
0.3268506 0.2707688 0.4023806 
0.2840456 0.3206188 0.3953357 
0.2562181 0.2918894 0.4518925 
0.30472 0.3018244 0.3934556 
0.1997245 0.4399154 0.3603601 
0.277042 0.321544 0.4014141 
0.2527425 0.3668245 0.3804329 
0.3054869 0.311407 0.3831061 
0.2999651 0.3231425 0.3768924 
0.2897183 0.2864931 0.4237886 
0.2732815 0.2430384 0.4836801 
0.2912326 0.3539779 0.3547895 
0.3702867 0.2909987 0.3387146 
0.2191339 0.2980673 0.4827988 
0.2833471 0.3437862 0.3728668 
0.2154974 0.2030373 0.5814652 
0.2735054 0.2384448 0.4880498 
0.4227258 0.277912 0.2993622 
0.2816669 0.3153208 0.4030123 
0.2942128 0.2320589 0.4737282 
0.2278302 0.3128423 0.4593274 
0.2578562 0.3460928 0.396051 
0.2977274 0.2741497 0.4281229 
0.3030553 0.313804 0.3831408 
0.2663164 0.3166427 0.417041 
0.3313238 0.3253295 0.3433467 
0.2235138 0.3052856 0.4712006 
0.2766611 0.3492388 0.3741001 
0.2514451 0.2641912 0.4843636 
0.2827759 0.3461929 0.3710312 
0.2221855 0.3272957 0.4505187 
0.3003238 0.3183453 0.3813309 
0.2668887 0.3260815 0.4070298 
0.1953451 0.330745 0.4739099 
0.3009705 0.2562191 0.4428104 
0.2622261 0.3020258 0.4357481 
0.2801948 0.2901512 0.429654 
0.2731958 0.3567247 0.3700795 
0.2468575 0.3420002 0.4111423 
0.2903025 0.2544229 0.4552746 
0.1993045 0.3178123 0.4828832 
0.2726735 0.3300134 0.3973131 
0.2763483 0.3726889 0.3509628 
0.2638057 0.3356704 0.4005239 
0.3661563 0.257719 0.3761247 
0.324393 0.255577 0.42003 
0.2775083 0.2664687 0.456023 
0.2807454 0.3397227 0.379532 
0.3080736 0.2827934 0.409133 
0.186784 0.3848164 0.4283996 
0.2985194 0.2553193 0.4461613 
0.1854755 0.3729609 0.4415635 
0.2400636 0.3283897 0.4315467 
0.2935043 0.2986615 0.4078342 
0.2439771 0.2914558 0.464567 
0.2460143 0.2993193 0.4546664 
0.2645746 0.3042876 0.4311377 
0.3455384 0.2597531 0.3947085 
0.2506684 0.3261352 0.4231963 
0.2672272 0.2472285 0.4855443 
0.3638948 0.2797171 0.3563881 
0.3268596 0.2363619 0.4367784 
0.3462437 0.2753256 0.3784307 
0.2406641 0.2922509 0.467085 
0.3247772 0.3146431 0.3605797 
0.3716226 0.2468469 0.3815305 
0.2799199 0.2351924 0.4848877 
0.2748838 0.3141815 0.4109348 
0.2557888 0.3840367 0.3601745 
0.3617743 0.2511775 0.3870482 
0.209586 0.3736828 0.4167312 
0.3250468 0.3313232 0.34363 
0.2756787 0.2787071 0.4456142 
0.3063943 0.3472272 0.3463785 
0.3049438 0.2842016 0.4108546 
0.2839503 0.3586042 0.3574454 
0.2187987 0.3582761 0.4229252 
0.3180448 0.3274965 0.3544587 
0.2371026 0.3171234 0.445774 
0.2881088 0.2486254 0.4632658 
0.2703202 0.2423679 0.4873119 
0.3374427 0.3358772 0.3266801 
0.2428541 0.3218238 0.4353221 
0.3300475 0.3120494 0.3579031 
0.3124678 0.290901 0.3966312 
0.26231 0.3253557 0.4123343 
0.2382085 0.3960296 0.3657619 
0.2679587 0.302406 0.4296354 
0.2794348 0.2774837 0.4430815 
0.2938477 0.3663338 0.3398185 
0.2049412 0.3082266 0.4868321 
0.2648629 0.3211283 0.4140088 
0.2469362 0.3693585 0.3837053 
0.3318384 0.2611338 0.4070278 
0.3075009 0.2767491 0.4157501 
0.2420127 0.3815193 0.376468 
0.2333429 0.2899286 0.4767285 
0.2401217 0.3297183 0.4301601 
0.2227947 0.2898306 0.4873747 
0.3048547 0.3541043 0.341041 
0.237031 0.337121 0.425848 
0.2185591 0.2518851 0.5295558 
0.2953955 0.2906211 0.4139834 
0.2627307 0.3718118 0.3654575 
0.2560132 0.3189883 0.4249986 
0.2228218 0.2660734 0.5111048 
0.2642186 0.3270746 0.4087067 
0.3137236 0.2076125 0.4786639 
0.2300938 0.3203908 0.4495154 
0.2877207 0.3040507 0.4082285 
0.2506519 0.3135613 0.4357868 
0.1966591 0.3782122 0.4251288 
0.3214427 0.2198857 0.4586716 
0.3505183 0.2636954 0.3857863 
0.3031884 0.2337564 0.4630552 
0.291056 0.243663 0.465281 
0.2872025 0.2916548 0.4211427 
0.3389458 0.2083799 0.4526743 
0.2308254 0.2890675 0.4801071 
0.2843467 0.3524267 0.3632267 
0.1937447 0.3470539 0.4592015 
0.1912857 0.3938439 0.4148704 
0.3044142 0.295216 0.4003698 
0.3009986 0.2393682 0.4596332 
0.3415644 0.2112459 0.4471897 
0.3597062 0.2974401 0.3428538 
0.2273961 0.3296828 0.442921 
0.3118799 0.2090707 0.4790494 
0.304049 0.2774112 0.4185397 
0.3159794 0.3130541 0.3709664 
0.2469599 0.3173578 0.4356823 
0.2836633 0.2732663 0.4430704 
0.2739547 0.2826439 0.4434015 
0.3512034 0.2052449 0.4435517 
0.2211186 0.3352018 0.4436796 
0.3706198 0.2382383 0.3911418 
0.2592832 0.3337716 0.4069451 
0.3360942 0.3023365 0.3615693 
0.298542 0.2677448 0.4337132 
0.2534986 0.2685551 0.4779463 
0.1944987 0.3507673 0.454734 
0.3232764 0.3212966 0.355427 
0.3239728 0.2682206 0.4078067 
0.2388983 0.3401852 0.4209165 
0.2290288 0.3218488 0.4491224 
0.3124987 0.3184144 0.3690869 
0.257718 0.347418 0.394864 
0.2059796 0.355796 0.4382244 
0.2836226 0.3828482 0.3335292 
0.2457554 0.3274093 0.4268352 
0.3431833 0.1999059 0.4569108 
0.2468138 0.2583515 0.4948347 
0.2709623 0.2849428 0.4440949 
0.2495494 0.282299 0.4681516 
0.2992116 0.211816 0.4889724 
0.2865854 0.3028823 0.4105322 
0.2594319 0.3490173 0.3915507 
0.2515079 0.3650249 0.3834673 
0.2851068 0.3757671 0.3391261 
0.3377848 0.2534113 0.4088039 
0.3287872 0.3313092 0.3399036 
0.2586555 0.403342 0.3380025 
0.2800457 0.2690842 0.4508701 
0.254894 0.2331657 0.5119402 
0.286857 0.3146417 0.3985014 
0.2961675 0.3663464 0.3374861 
0.3511085 0.2246533 0.4242381 
0.2571032 0.3162825 0.4266143 
0.3063355 0.323194 0.3704705 
0.1934716 0.360318 0.4462104 
0.2529683 0.3188782 0.4281536 
0.2890438 0.3485404 0.3624158 
0.2834823 0.3464799 0.3700378 
0.2066456 0.326684 0.4666705 
0.3235833 0.2421475 0.4342693 
0.370139 0.2391473 0.3907137 
0.2828311 0.2932099 0.423959 
0.2593843 0.3719485 0.3686672 
0.326817 0.2801677 0.3930153 
0.2763225 0.3050146 0.418663 
0.2708625 0.3276317 0.4015058 
0.3150303 0.2701355 0.4148342 
0.3068738 0.2597351 0.4333911 
0.2459298 0.4080273 0.3460429 
0.3557288 0.2296139 0.4146574 
0.3182417 0.2623861 0.4193722 
0.2418552 0.4125558 0.3455891 
0.3102186 0.2806355 0.4091459 
0.2787459 0.3318451 0.389409 
0.3092937 0.3604653 0.330241 
0.3051124 0.2771419 0.4177458 
0.3322237 0.2469676 0.4208087 
0.3102724 0.2795932 0.4101344 
0.2989378 0.2845555 0.4165067 
0.2481673 0.2276397 0.5241931 
0.2782176 0.2258945 0.4958879 
0.3315905 0.316163 0.3522465 
0.3126981 0.3435521 0.3437498 
0.3106711 0.2878408 0.401488 
0.3045469 0.2875012 0.4079519 
0.2287127 0.3743918 0.3968956 
0.2886139 0.28445 0.426936 
0.3334208 0.3562969 0.3102824 
0.3088134 0.2758591 0.4153275 
0.2965068 0.3276973 0.3757959 
0.3390462 0.3098982 0.3510556 
0.3337003 0.2331091 0.4331906 
0.2801817 0.3509311 0.3688872 
0.2660964 0.3226662 0.4112374 
0.3483956 0.2408634 0.410741 
0.2635603 0.3372437 0.399196 
0.2138846 0.3222248 0.4638906 
0.2129512 0.246571 0.5404777 
0.2957516 0.2498405 0.4544079 
0.2851495 0.2795978 0.4352528 
0.2485663 0.4132077 0.338226 
0.2905232 0.2939141 0.4155627 
0.2312027 0.3971089 0.3716884 
0.2433636 0.3565955 0.4000409 
0.2951884 0.3122998 0.3925118 
0.3214996 0.3766195 0.3018809 
0.290005 0.2349757 0.4750193 
0.3360579 0.2330125 0.4309297 
0.2704624 0.2893302 0.4402074 
0.259667 0.3367197 0.4036132 
0.3001639 0.3594084 0.3404277 
0.2559464 0.3129185 0.4311351 
0.2838514 0.2742248 0.4419238 
0.3381638 0.25873 0.4031062 
0.2496449 0.3229999 0.4273552 
0.2705908 0.288466 0.4409433 
0.2423758 0.3353825 0.4222417 
0.3325463 0.2814889 0.3859648 
0.3424169 0.285578 0.3720051 
0.3808022 0.3426851 0.2765127 
0.2670472 0.2822661 0.4506867 
0.2893456 0.2416425 0.4690119 
0.3300442 0.2371307 0.4328252 
0.3353516 0.2820366 0.3826118 
0.2282734 0.309452 0.4622746 
0.2346356 0.2938917 0.4714727 
0.3138469 0.3402822 0.345871 
0.3623061 0.2315174 0.4061765 
0.2472657 0.3527631 0.3999712 
0.2062519 0.3641807 0.4295673 
0.2603879 0.3273548 0.4122573 
0.3632751 0.2479261 0.3887989 
0.285511 0.3377715 0.3767176 
0.3388765 0.3506112 0.3105124 
0.2797506 0.36427 0.3559794 
0.2951754 0.282673 0.4221516 
0.3114981 0.239151 0.4493509 
0.2996392 0.3493157 0.3510451 
0.2601256 0.3507671 0.3891073 
0.3420444 0.2535051 0.4044506 
0.3113017 0.2759278 0.4127704 
0.1906277 0.3278788 0.4814934 
0.2330038 0.2645645 0.5024317 
0.3701919 0.2557165 0.3740917 
0.318406 0.2950761 0.3865179 
0.1849337 0.3283416 0.4867247 
0.2968698 0.2228525 0.4802776 
0.3387189 0.3333123 0.3279687 
0.2608202 0.29985 0.4393298 
0.2675992 0.3333237 0.3990772 
0.3147542 0.2612166 0.4240292 
0.2870694 0.3012307 0.4116999 
0.2653623 0.3055863 0.4290514 
0.2971358 0.3044335 0.3984307 
0.3190435 0.3089558 0.3720008 
0.289257 0.3348523 0.3758907 
0.2379773 0.3782912 0.3837315 
0.2010975 0.3477391 0.4511634 
0.2904303 0.3208573 0.3887123 
0.2884481 0.299501 0.4120509 
0.2399662 0.3387506 0.4212832 
0.2667834 0.367131 0.3660856 
0.2677512 0.2980357 0.4342131 
0.28127 0.3166381 0.4020919 
0.3011149 0.2470414 0.4518436 
0.2739248 0.3752977 0.3507775 
0.1770366 0.3631128 0.4598506 
0.3338388 0.2090818 0.4570794 
0.3371308 0.2383061 0.4245631 
0.2382373 0.323937 0.4378257 
0.3032117 0.2691597 0.4276286 
0.2377902 0.3425439 0.4196659 
0.2513739 0.2946734 0.4539527 
0.3094268 0.3406866 0.3498865 
0.2597226 0.2892824 0.450995 
0.2058373 0.3132063 0.4809564 
0.2819777 0.2586069 0.4594154 
0.2901158 0.3104569 0.3994273 
0.3167134 0.3089416 0.374345 
0.3309203 0.25535 0.4137297 
