p_1 p_2 p_3 
0.7503793 0.2483637 0.001257035 
0.7063471 0.286913 0.006739866 
0.7591655 0.2325286 0.00830585 
0.6442275 0.3528526 0.002919958 
0.6260293 0.3604665 0.01350415 
0.5226919 0.475214 0.002094035 
0.7205981 0.2766563 0.002745536 
0.5501461 0.4443775 0.005476329 
0.7705603 0.2290097 0.0004299806 
0.6842596 0.3103899 0.005350592 
0.6170414 0.3827074 0.0002511043 
0.6479641 0.3489686 0.003067221 
0.7360844 0.2569842 0.006931437 
0.7379118 0.2595194 0.002568797 
0.6327672 0.3657557 0.001477152 
0.6471451 0.3521267 0.0007281484 
0.6779178 0.3186523 0.003429868 
0.7892587 0.2101722 0.0005690877 
0.729177 0.2686076 0.002215456 
0.7589934 0.2335997 0.007406944 
0.7462922 0.243797 0.009910825 
0.7607941 0.2383714 0.0008344495 
0.6705852 0.325994 0.003420818 
0.7312861 0.2554707 0.01324312 
0.6714431 0.3282819 0.0002750685 
0.7129664 0.2704081 0.01662552 
0.6002038 0.3971932 0.002603012 
0.7381808 0.2537729 0.008046318 
0.7599778 0.2259551 0.01406706 
0.6499735 0.3332474 0.01677902 
0.6507143 0.3409565 0.008329228 
0.6790758 0.3104033 0.01052086 
0.6106247 0.3847324 0.004642928 
0.6754793 0.3228732 0.001647433 
0.6070739 0.3913215 0.001604592 
0.6913284 0.3078787 0.0007929631 
0.7428858 0.2560355 0.001078625 
0.6120998 0.3820326 0.005867672 
0.7615341 0.2368584 0.001607532 
0.6292411 0.3700252 0.0007336525 
0.6553922 0.3281917 0.01641613 
0.7339139 0.2639681 0.002117951 
0.7075194 0.274989 0.01749163 
0.7501078 0.2445863 0.005305906 
0.6741527 0.3116458 0.01420147 
0.7058315 0.2918763 0.002292142 
0.7555607 0.2430107 0.001428627 
0.5801953 0.4017089 0.01809579 
0.6792219 0.3182634 0.002514717 
0.7238135 0.2621623 0.01402415 
0.6523409 0.3343846 0.01327449 
0.6815412 0.3172806 0.001178278 
0.6870118 0.301793 0.01119515 
0.65307 0.3442475 0.002682425 
0.6898704 0.3058652 0.004264321 
0.7028172 0.2965378 0.000644934 
0.6734853 0.3118755 0.01463922 
0.6799498 0.3177929 0.002257323 
0.7257776 0.2729921 0.001230279 
0.6619367 0.3239732 0.01409012 
0.7137214 0.2858767 0.0004019763 
0.6949792 0.29163 0.01339078 
0.7065757 0.2932327 0.0001915519 
0.7177841 0.2680004 0.01421543 
0.7321589 0.2489694 0.01887178 
0.6819066 0.3136897 0.004403655 
0.7784244 0.2090395 0.01253609 
0.6615237 0.3208262 0.01765018 
0.7070833 0.2884333 0.004483466 
0.6411616 0.3457096 0.01312881 
0.6820224 0.2714918 0.04648585 
0.6629068 0.3288754 0.008217771 
0.7625835 0.217954 0.01946247 
0.6570358 0.3208417 0.02212247 
0.7572078 0.2401117 0.002680509 
0.6959067 0.2872773 0.01681598 
0.6898049 0.2992359 0.01095921 
0.6736305 0.3116401 0.01472937 
0.7470649 0.2516414 0.001293673 
0.7078877 0.2906929 0.001419401 
0.6838521 0.3135514 0.002596502 
0.6804505 0.316188 0.003361535 
0.649804 0.3494002 0.0007957598 
0.7433857 0.2464296 0.01018465 
0.7238328 0.2756717 0.0004954283 
0.7275558 0.2624871 0.009957084 
0.7352425 0.2493922 0.0153653 
0.6901518 0.3021504 0.007697849 
0.6271891 0.3710495 0.001761409 
0.6751919 0.32074 0.004068135 
0.6855607 0.3082414 0.006197868 
0.5643873 0.4312793 0.004333388 
0.6796294 0.308994 0.01137657 
0.7564042 0.2367374 0.006858359 
0.7723178 0.2195828 0.008099416 
0.7357524 0.2615085 0.002739112 
0.6656727 0.3254179 0.008909386 
0.7028931 0.2937784 0.003328447 
0.6542843 0.3455246 0.0001911096 
0.7276998 0.2538217 0.01847848 
0.6516895 0.3476427 0.0006677675 
0.6915666 0.2921766 0.01625675 
0.6921874 0.2971919 0.0106207 
0.7609361 0.2344159 0.004648019 
0.7443616 0.25238 0.003258416 
0.6879623 0.3100625 0.001975239 
0.6560629 0.3424793 0.001457796 
0.7510982 0.2378915 0.01101029 
0.6508371 0.3456206 0.00354236 
0.7058783 0.2878509 0.006270801 
0.7127261 0.2767086 0.0105653 
0.6961755 0.2951333 0.008691209 
0.6316778 0.3609917 0.007330468 
0.7495518 0.2443312 0.006117087 
0.7152181 0.2823973 0.002384593 
0.67174 0.3246095 0.003650556 
0.5931542 0.4058124 0.001033341 
0.6698874 0.3237524 0.006360178 
0.7803041 0.2174306 0.00226529 
0.62719 0.368469 0.004341034 
0.7275609 0.2701493 0.002289801 
0.7358579 0.2636502 0.0004918966 
0.7413548 0.2544323 0.004212804 
0.6644111 0.3344767 0.001112226 
0.7321226 0.2651698 0.002707625 
0.6954589 0.2936902 0.01085088 
0.6875426 0.3082619 0.004195465 
0.672749 0.3226236 0.004627445 
0.7072029 0.2857856 0.007011476 
0.7653554 0.2238676 0.01077708 
0.6494481 0.3477346 0.002817327 
0.7406513 0.2430869 0.01626175 
0.667574 0.3265082 0.005917742 
0.726919 0.2693989 0.003682124 
0.6761963 0.3204846 0.003319162 
0.6461752 0.3433296 0.0104952 
0.631097 0.3627149 0.006188082 
0.7457213 0.2445426 0.009736178 
0.729413 0.2689813 0.001605695 
0.6490668 0.3472156 0.003717646 
0.6682887 0.3316874 2.390194e-05 
0.7046267 0.29271 0.002663324 
0.7025805 0.2950799 0.002339559 
0.6636281 0.3285533 0.007818622 
0.7219947 0.2603589 0.01764643 
0.5824961 0.4117954 0.005708559 
0.7570762 0.2366796 0.006244244 
0.6861145 0.3115515 0.002333986 
0.6544101 0.3406012 0.00498873 
0.5638314 0.427472 0.008696601 
0.6612957 0.337887 0.0008173758 
0.6598491 0.338548 0.001602911 
0.8153138 0.1823598 0.002326396 
0.7475764 0.2490157 0.003407917 
0.6940548 0.3044246 0.001520657 
0.6747737 0.3206948 0.004531418 
0.6008114 0.3983709 0.0008177348 
0.7501915 0.233038 0.0167705 
0.6949532 0.2914278 0.01361898 
0.6025981 0.3960908 0.00131109 
0.7082803 0.2885695 0.003150232 
0.6560898 0.3426998 0.001210418 
0.6715663 0.3261167 0.002317003 
0.5233325 0.4701636 0.006503888 
0.6675804 0.318595 0.01382457 
0.6922618 0.3073649 0.0003732294 
0.7018526 0.2815354 0.01661198 
0.6376769 0.3604995 0.001823575 
0.6739086 0.3117928 0.0142986 
0.7304222 0.2505309 0.01904696 
0.6718987 0.3267304 0.001370863 
0.6460704 0.3530094 0.0009201387 
0.7873692 0.1871316 0.02549913 
0.6321471 0.3469939 0.02085897 
0.5681721 0.3789819 0.05284599 
0.7383437 0.2610558 0.0006005726 
0.7489699 0.2505203 0.0005097188 
0.6923899 0.3006772 0.006932843 
0.5974695 0.3749207 0.02760974 
0.6979122 0.2990358 0.00305201 
0.7068862 0.287285 0.005828818 
0.7069063 0.2903604 0.002733371 
0.7940227 0.1923889 0.01358838 
0.6161535 0.3834591 0.0003873337 
0.7388985 0.2598056 0.001295894 
0.7501484 0.2495456 0.0003060604 
0.653815 0.3399604 0.006224563 
0.7153279 0.2722972 0.01237489 
0.6427435 0.3572004 5.610025e-05 
0.7507621 0.2410318 0.008206011 
0.7035091 0.2958625 0.0006283534 
0.7083963 0.2759332 0.01567059 
0.701931 0.2978815 0.0001874696 
0.6763058 0.311548 0.01214613 
0.6881386 0.3103359 0.001525477 
0.6624475 0.3245869 0.01296553 
0.7388874 0.2570923 0.004020283 
0.679434 0.308703 0.011863 
0.6763476 0.3138478 0.009804553 
0.6231501 0.3758468 0.001003098 
0.5605497 0.4018546 0.03759575 
0.7280371 0.2556637 0.01629914 
0.5981333 0.3976196 0.004247091 
0.6864266 0.308723 0.004850431 
0.7679402 0.2309695 0.001090302 
0.7250657 0.2636323 0.01130197 
0.6991105 0.3004656 0.0004238479 
0.6513341 0.3451654 0.003500498 
0.707734 0.2836209 0.008645184 
0.6877063 0.3059427 0.006350984 
0.6496315 0.3474558 0.002912699 
0.6479887 0.3197492 0.03226205 
0.6814764 0.3149463 0.003577252 
0.7180497 0.2802347 0.001715603 
0.6991068 0.2946541 0.006239108 
0.5798842 0.4163425 0.003773333 
0.6398708 0.3533671 0.006762142 
0.6235594 0.3738462 0.002594338 
0.7063438 0.2919235 0.001732784 
0.6597533 0.3306972 0.009549545 
0.6674755 0.3323785 0.0001460211 
0.826619 0.1708302 0.002550798 
0.7549936 0.2447834 0.0002229942 
0.755982 0.2299107 0.01410728 
0.6837968 0.3152378 0.0009653619 
0.7020875 0.2815101 0.01640238 
0.7664553 0.2271926 0.006352162 
0.5221467 0.4696001 0.008253234 
0.6579891 0.3378088 0.004202055 
0.7360319 0.2529667 0.01100134 
0.7997854 0.1975665 0.002648179 
0.7627482 0.2350493 0.002202463 
0.6728518 0.3265856 0.0005626481 
0.5862469 0.4089858 0.004767316 
0.6047622 0.3923205 0.002917265 
0.7114326 0.2750569 0.01351048 
0.7328933 0.2670735 3.31918e-05 
0.7695504 0.2241036 0.006345941 
0.6805035 0.3182764 0.001220148 
0.6235738 0.375642 0.0007841284 
0.7542378 0.2446946 0.001067617 
0.7317348 0.2591297 0.009135512 
0.6681519 0.3273794 0.004468693 
0.725954 0.2624834 0.01156258 
0.6489735 0.3505557 0.0004708007 
0.7626161 0.2363441 0.001039803 
0.6374778 0.3609692 0.001552907 
0.7520838 0.2324089 0.01550732 
0.6448108 0.3505772 0.004612049 
0.7551834 0.2349193 0.009897298 
0.6662339 0.3335098 0.0002562925 
0.6549428 0.344975 8.218821e-05 
0.6088574 0.3905695 0.0005731581 
0.7030705 0.2927375 0.00419202 
0.6742607 0.3206583 0.00508107 
0.733272 0.263255 0.003473008 
0.5084482 0.4912414 0.0003103737 
0.7244869 0.2704504 0.005062729 
0.7205612 0.2603232 0.01911557 
0.6430335 0.3551265 0.001840023 
0.6828643 0.3057341 0.01140154 
0.7169661 0.2510512 0.03198264 
0.7193322 0.2804462 0.0002215882 
0.6402103 0.346756 0.01303369 
0.7113995 0.2780486 0.01055189 
0.6717677 0.3242254 0.004006855 
0.6862403 0.2959452 0.01781445 
0.7382401 0.2614995 0.0002603497 
0.6432466 0.3484145 0.008338956 
0.5704442 0.4254006 0.004155181 
0.6956659 0.3005756 0.003758519 
0.7066678 0.293084 0.0002481944 
0.6720795 0.3232446 0.004675983 
0.7009267 0.2913251 0.007748219 
0.6159614 0.3807195 0.003319123 
0.7713036 0.2266172 0.002079248 
0.7236343 0.2660388 0.01032688 
0.7398045 0.2571033 0.003092245 
0.6886135 0.300211 0.01117555 
0.7421844 0.2535971 0.004218505 
0.6615779 0.3217268 0.01669529 
0.6712171 0.3280261 0.0007568253 
0.7364376 0.2479249 0.01563749 
0.7262255 0.2706798 0.003094673 
0.7292327 0.2643595 0.006407803 
0.7230937 0.2660342 0.01087214 
0.6759221 0.3129545 0.01112339 
0.7565982 0.2416536 0.001748208 
0.7070772 0.2906556 0.002267282 
0.6323067 0.3618264 0.005866845 
0.694243 0.3002564 0.005500552 
0.7628935 0.2353633 0.001743188 
0.6593573 0.336501 0.004141762 
0.7519582 0.2476086 0.0004331178 
0.6260302 0.3722631 0.001706653 
0.6065207 0.3875169 0.005962438 
0.7589368 0.2399856 0.001077606 
0.7091585 0.283412 0.007429572 
0.585693 0.409544 0.004762964 
0.5824729 0.4099339 0.007593113 
0.6695006 0.314159 0.01634042 
0.7872942 0.2119819 0.0007239275 
0.5855702 0.4006612 0.01376854 
0.7952916 0.1842186 0.02048986 
0.7165548 0.2772882 0.006157052 
0.6654998 0.3185404 0.01595986 
0.7460242 0.2526213 0.001354436 
0.6707338 0.3155389 0.01372734 
0.5811815 0.4175518 0.001266683 
0.594176 0.4010288 0.004795161 
0.715527 0.2836816 0.0007913933 
0.6410559 0.3538588 0.005085293 
0.7059903 0.290109 0.003900647 
0.7953745 0.1982939 0.006331632 
0.7079726 0.2910322 0.0009952249 
0.5969437 0.4026842 0.0003721081 
0.6731132 0.3222964 0.004590389 
0.5617727 0.4216773 0.01654996 
0.6083241 0.3893926 0.002283275 
0.620564 0.3756614 0.003774662 
0.6513431 0.3406674 0.007989489 
0.7245988 0.2731414 0.00225978 
0.7129267 0.2835279 0.003545397 
0.6806207 0.3149016 0.004477704 
0.6892477 0.2889173 0.02183509 
0.7496289 0.2480975 0.002273596 
0.7443377 0.2511327 0.004529629 
0.6691762 0.3294958 0.001328022 
0.8039737 0.1943529 0.001673342 
0.7947582 0.204787 0.0004548008 
0.6644231 0.3354946 8.22264e-05 
0.7164286 0.2811998 0.002371548 
0.7342647 0.2568555 0.00887985 
0.5908151 0.3811839 0.02800099 
0.7109855 0.2790125 0.01000196 
0.7504323 0.2409884 0.008579271 
0.624717 0.3732785 0.002004479 
0.6381449 0.3579195 0.003935631 
0.626412 0.3633582 0.01022983 
0.5869819 0.4068467 0.006171339 
0.6948216 0.3027512 0.002427179 
0.6958671 0.3033005 0.0008324126 
0.7211015 0.2778589 0.001039638 
0.7526611 0.2337954 0.0135435 
0.6864535 0.2900783 0.0234682 
0.6242959 0.375423 0.0002811454 
0.6229598 0.3690901 0.007950154 
0.6810767 0.3184894 0.0004338587 
0.7255607 0.2728607 0.001578548 
0.7289055 0.2668841 0.004210373 
0.6772549 0.3147508 0.007994321 
0.7593163 0.2338573 0.006826394 
0.7153396 0.2754003 0.00926003 
0.5978107 0.3895966 0.01259269 
0.6682288 0.3302434 0.001527796 
0.6968038 0.3030137 0.0001825066 
0.7776896 0.2172882 0.005022218 
0.6766788 0.3129299 0.01039128 
0.7124569 0.2786338 0.008909228 
0.5889338 0.4081899 0.002876295 
0.7386201 0.259923 0.001456906 
0.6559426 0.3436994 0.0003580619 
0.7000588 0.2989396 0.001001593 
0.7431246 0.2566658 0.0002096393 
0.583868 0.3974789 0.01865306 
0.6524741 0.3347495 0.01277647 
0.7193603 0.2578424 0.02279723 
0.6472893 0.3357537 0.01695704 
0.7631745 0.2359796 0.0008458705 
0.6414065 0.3562717 0.002321803 
0.6983386 0.2799168 0.02174459 
0.6060261 0.3932282 0.0007456351 
0.7674907 0.2215006 0.01100879 
0.6867553 0.3120429 0.001201756 
0.6397843 0.3598453 0.0003703901 
0.6396046 0.3545201 0.005875298 
0.7529886 0.2439121 0.003099312 
0.6041699 0.3884713 0.007358782 
0.6963924 0.2819721 0.02163544 
0.6175121 0.3740333 0.008454647 
0.779579 0.2094486 0.01097232 
0.748003 0.2516779 0.0003190225 
0.7095425 0.2899439 0.0005135386 
0.7570083 0.2394802 0.003511571 
0.6325625 0.3669586 0.0004788569 
0.6219285 0.364579 0.01349252 
0.6548919 0.3349956 0.01011252 
0.7707519 0.2180128 0.01123534 
0.7839022 0.2132518 0.002845993 
0.7639103 0.2275933 0.008496455 
0.5794523 0.4166017 0.003946043 
0.699107 0.2898529 0.01104005 
0.6913636 0.2969632 0.01167322 
0.6664239 0.3176187 0.01595734 
0.6642768 0.3322702 0.003453045 
0.6178552 0.3680055 0.01413931 
0.741005 0.2415146 0.01748037 
0.6272607 0.3675056 0.005233729 
0.6896641 0.3078515 0.002484302 
0.7702354 0.2282072 0.001557405 
0.7312886 0.2668768 0.001834628 
0.761645 0.2372213 0.00113374 
0.713911 0.2860089 8.005927e-05 
0.7206294 0.2786504 0.0007202349 
0.6417494 0.357828 0.0004226031 
0.7616403 0.2347116 0.003648113 
0.6393862 0.3491721 0.0114417 
0.65273 0.3409545 0.006315546 
0.6792381 0.3092822 0.01147967 
0.6838836 0.3069543 0.00916209 
0.6210945 0.3698651 0.009040436 
0.6766533 0.3120875 0.01125919 
0.678448 0.3194659 0.002086135 
0.6603626 0.3344225 0.005214895 
0.711681 0.2826184 0.005700531 
0.6927592 0.3024664 0.004774414 
0.7703237 0.2188098 0.01086659 
0.7583266 0.2245689 0.01710452 
0.7095035 0.2869449 0.003551598 
0.7562511 0.2167152 0.02703377 
0.6936272 0.2905449 0.01582787 
0.7923952 0.1989277 0.008677065 
0.7251559 0.2713292 0.003514968 
0.6357108 0.3535553 0.01073388 
0.6499021 0.3224115 0.0276864 
0.7369838 0.2598344 0.003181739 
0.685081 0.312233 0.002685951 
0.6736588 0.3166362 0.009704988 
0.7089522 0.288281 0.002766747 
0.6503617 0.3356382 0.01400013 
0.5536027 0.4367924 0.009604873 
0.6687629 0.327474 0.003763057 
0.7077204 0.2892654 0.003014118 
0.7829584 0.1952059 0.02183568 
0.6326371 0.3625556 0.004807346 
0.5837704 0.3623921 0.05383755 
0.6666335 0.330768 0.002598454 
0.6522941 0.3442542 0.003451683 
0.6913015 0.3069738 0.001724726 
0.7322147 0.2519137 0.01587155 
0.6546119 0.3426133 0.002774822 
0.7262688 0.2565376 0.01719368 
0.6753429 0.3170234 0.007633677 
0.7040625 0.2889506 0.006986945 
0.6720084 0.3149963 0.01299522 
0.7738018 0.2201226 0.006075549 
0.7609619 0.235879 0.003159063 
0.7863827 0.2133315 0.0002857197 
0.6699653 0.328562 0.001472637 
0.6650858 0.329719 0.005195227 
0.6378256 0.3443289 0.01784545 
0.664367 0.3310369 0.004596158 
0.7188554 0.2765504 0.004594122 
0.7000604 0.2891623 0.01077729 
0.6628172 0.3337402 0.003442533 
0.6327783 0.3413638 0.02585787 
0.5732947 0.4137822 0.01292311 
0.6847331 0.3017099 0.01355695 
0.7104966 0.2831937 0.00630969 
0.6697622 0.3244619 0.005775849 
0.7013192 0.2949513 0.00372951 
0.6874616 0.2920389 0.02049946 
0.6570301 0.3399968 0.00297317 
0.7242831 0.2677375 0.007979436 
0.5842737 0.4149717 0.000754611 
0.6616459 0.3186791 0.01967503 
0.6207544 0.3772979 0.001947714 
0.6532942 0.3452051 0.001500744 
0.7089516 0.2882861 0.002762353 
0.7377391 0.2465317 0.01572915 
0.6241375 0.3536026 0.02225985 
0.7722726 0.2264769 0.001250456 
0.7092493 0.2672828 0.02346789 
0.6695581 0.3298314 0.0006104511 
0.7742447 0.2255862 0.0001691205 
0.5991838 0.3931257 0.007690463 
0.5677941 0.4306012 0.001604681 
0.7463618 0.2533623 0.0002758616 
0.6603204 0.3386554 0.001024202 
0.6405939 0.3545633 0.004842762 
0.6680266 0.3319164 5.69937e-05 
0.7194741 0.277686 0.002839929 
0.6012483 0.3959371 0.002814582 
0.7059082 0.2887149 0.005376841 
0.6884945 0.3100012 0.001504263 
0.6241493 0.3749624 0.0008883083 
0.7210023 0.2767974 0.002200322 
0.6539578 0.344566 0.001476176 
0.6984356 0.2979526 0.00361183 
0.6650698 0.3262737 0.008656504 
0.7793923 0.2200746 0.0005331559 
0.6857742 0.3116251 0.002600758 
0.7076791 0.2737976 0.01852322 
0.6477625 0.3483651 0.003872392 
0.7847408 0.2128657 0.002393472 
0.6600548 0.3379051 0.002040123 
0.7132001 0.278487 0.0083129 
0.7371619 0.2553101 0.007528 
0.7254542 0.2697696 0.004776158 
0.6465711 0.3496474 0.003781493 
0.6892204 0.3097003 0.001079246 
0.6798985 0.3145445 0.005557041 
0.7167376 0.2761827 0.007079708 
0.648165 0.3508526 0.0009823714 
0.6887849 0.2731207 0.03809437 
0.624781 0.3722872 0.002931821 
0.684205 0.283713 0.03208205 
0.6433649 0.3548934 0.001741726 
0.7061255 0.2887101 0.005164376 
0.5990728 0.3975927 0.003334543 
0.6715342 0.3272387 0.001227139 
0.5960765 0.4002731 0.003650396 
0.7437761 0.2543543 0.001869598 
0.6684654 0.3281554 0.003379169 
0.6516419 0.3440531 0.004305041 
0.6884644 0.304243 0.007292619 
0.7025494 0.2803911 0.01705955 
0.6945856 0.3049452 0.0004692046 
0.6974585 0.2967808 0.00576073 
0.7043587 0.2869487 0.008692562 
0.6378844 0.3602173 0.00189836 
0.5999664 0.3901806 0.009852982 
0.6854921 0.3138042 0.0007037262 
0.6463716 0.3517754 0.001853015 
0.6595733 0.3166925 0.02373422 
0.7289731 0.2700947 0.0009322416 
0.7091496 0.2857578 0.005092692 
0.6794288 0.3196473 0.000923851 
0.648097 0.3511518 0.0007512407 
0.6876285 0.3120932 0.0002782384 
0.6382605 0.3549509 0.006788612 
0.6895152 0.3080894 0.002395429 
0.6065186 0.3911198 0.002361588 
0.694321 0.3000551 0.005623954 
0.6513152 0.3484449 0.0002399263 
0.6130821 0.3773297 0.009588143 
0.63702 0.3603757 0.00260433 
0.69581 0.2964194 0.007770569 
0.7713167 0.2284158 0.0002675517 
0.7117855 0.2804809 0.007733584 
0.6972129 0.2855895 0.01719761 
0.6114045 0.3875977 0.0009978261 
0.6584899 0.3374569 0.004053235 
0.7166841 0.2821853 0.001130612 
0.6917213 0.3072276 0.001051082 
0.7188083 0.2686 0.01259177 
0.7309643 0.266637 0.002398726 
0.6816145 0.31517 0.003215515 
0.6192612 0.3415333 0.03920553 
0.777139 0.2168116 0.006049391 
0.6896133 0.3091913 0.001195363 
0.7278242 0.2715126 0.0006632219 
0.6440754 0.3544405 0.001484052 
0.5766688 0.4203737 0.002957561 
0.6200632 0.3767317 0.003205047 
0.5777813 0.416702 0.005516659 
0.704527 0.2858685 0.009604537 
0.7345623 0.2622447 0.003193045 
0.6290283 0.3703722 0.0005995018 
0.7166531 0.2796012 0.003745719 
0.6854326 0.3091632 0.005404163 
0.6183072 0.34493 0.03676286 
0.7035998 0.2893332 0.007066939 
0.6468374 0.3463289 0.006833703 
0.7202008 0.2672781 0.01252112 
0.6566222 0.3397607 0.003617149 
0.7744608 0.2242066 0.001332634 
0.7172236 0.2699894 0.012787 
0.7409659 0.2573904 0.001643686 
0.757792 0.2400794 0.002128566 
0.7441524 0.2422968 0.0135508 
0.7451524 0.2521825 0.002665067 
0.601711 0.3923893 0.005899746 
0.7322914 0.2590705 0.008638088 
0.6578118 0.3252465 0.01694171 
0.7217721 0.2762686 0.001959309 
0.6986058 0.2904748 0.01091936 
0.6440756 0.3547635 0.001160975 
0.7456063 0.2468091 0.007584627 
0.583163 0.4060907 0.01074633 
0.733901 0.239664 0.02643497 
0.7324668 0.2661793 0.001353913 
0.7448543 0.2506233 0.004522398 
0.7439225 0.2490766 0.007000908 
0.6291943 0.3551427 0.01566301 
0.6165875 0.3822944 0.001118037 
0.707058 0.2878166 0.005125411 
0.7069618 0.2861333 0.006904895 
0.7193456 0.2783873 0.002267041 
0.6032867 0.3728023 0.02391099 
0.6838146 0.3100527 0.006132776 
0.6725398 0.3255554 0.00190479 
0.6543641 0.3399257 0.005710206 
0.6240558 0.3697764 0.00616779 
0.711458 0.2837547 0.004787301 
0.6964739 0.2875045 0.01602162 
0.6454413 0.3498885 0.004670137 
0.6817423 0.31192 0.006337722 
0.6524463 0.3441733 0.003380422 
0.7814363 0.2170602 0.001503474 
0.6452383 0.3457872 0.008974531 
0.6865178 0.3081153 0.005366913 
0.6282251 0.3694124 0.002362478 
0.6683952 0.3295894 0.00201536 
0.7424011 0.2480321 0.009566795 
0.717319 0.2812317 0.001449225 
0.7774561 0.2187402 0.003803708 
0.7194831 0.2763539 0.004163008 
0.7637182 0.2324605 0.003821343 
0.7185832 0.2581003 0.02331652 
0.6278567 0.3699858 0.002157485 
0.6953885 0.299315 0.005296512 
0.6770202 0.3080658 0.01491392 
0.7490816 0.250723 0.0001953817 
0.7157793 0.2793719 0.004848821 
0.7024426 0.2880642 0.009493174 
0.7223474 0.2725464 0.005106241 
0.743529 0.2541547 0.002316302 
0.756118 0.2400059 0.003876077 
0.6370472 0.3588581 0.004094701 
0.8122308 0.1875539 0.0002153131 
0.7081031 0.2878651 0.004031867 
0.6935602 0.3009889 0.005450937 
0.6272917 0.371143 0.001565277 
0.7190734 0.26898 0.01194655 
0.6619516 0.2990164 0.03903199 
0.6950602 0.2936599 0.01127985 
0.676789 0.3127871 0.01042392 
0.7022633 0.2942652 0.003471474 
0.7820339 0.216032 0.001934156 
0.6410312 0.3257616 0.03320717 
0.7490659 0.2476486 0.003285508 
0.6913215 0.2965493 0.01212921 
0.6188678 0.379476 0.001656234 
0.7013862 0.2939665 0.004647296 
0.6745825 0.3218056 0.003611854 
0.7054746 0.2811095 0.01341588 
0.7227521 0.2746675 0.002580472 
0.6610459 0.3236539 0.01530015 
0.6936705 0.2886472 0.01768228 
0.6648505 0.319299 0.01585049 
0.7323044 0.2582208 0.009474825 
0.7275999 0.2691243 0.003275821 
0.6270163 0.3685961 0.004387548 
0.7355141 0.2384816 0.02600432 
0.6582053 0.3402024 0.001592255 
0.6634053 0.3195428 0.01705194 
0.7002131 0.2964432 0.003343721 
0.6418349 0.3504425 0.007722679 
0.7101338 0.2874943 0.002371942 
0.6102625 0.3471682 0.04256928 
0.6583121 0.3387211 0.002966802 
0.5972556 0.3985616 0.00418276 
0.5809009 0.4177607 0.001338381 
0.7225622 0.2732047 0.004233046 
0.6950154 0.3024097 0.002574904 
0.6865607 0.299148 0.01429134 
0.6947301 0.2997653 0.005504601 
0.6684834 0.3283822 0.003134446 
0.5982381 0.3954811 0.006280854 
0.7093969 0.284799 0.005804101 
0.6413737 0.3555825 0.00304381 
0.6563892 0.3391519 0.004458968 
0.7108362 0.2868728 0.002291036 
0.7304689 0.2665485 0.002982626 
0.7335874 0.2657869 0.0006257774 
0.6817698 0.2863937 0.03183648 
0.6296279 0.357148 0.01322414 
0.6490978 0.3443806 0.006521561 
0.7316449 0.2610786 0.007276564 
0.770916 0.2287574 0.0003266118 
0.7090892 0.2873529 0.00355788 
0.6854965 0.3093363 0.005167268 
0.7409254 0.2559017 0.003172897 
0.7259789 0.2706353 0.003385814 
0.6932444 0.2994565 0.007299141 
0.669872 0.3113633 0.01876472 
0.6574756 0.3325275 0.009996922 
0.733933 0.2653322 0.0007347131 
0.6746373 0.3218545 0.00350818 
0.7525825 0.2424563 0.004961228 
0.6444346 0.3266766 0.02888879 
0.7123613 0.2740653 0.01357337 
0.6854543 0.3079206 0.006625124 
0.6940649 0.2829701 0.02296494 
0.6562342 0.3409021 0.002863745 
0.659431 0.3328879 0.00768114 
0.5760585 0.4238423 9.920841e-05 
0.7289582 0.2673513 0.003690485 
0.6947203 0.2989349 0.006344796 
0.6624197 0.3286269 0.008953376 
0.6319756 0.3540605 0.01396383 
0.7199724 0.2792835 0.0007440594 
0.668492 0.3227305 0.008777458 
0.808111 0.1795018 0.01238725 
0.6359349 0.3544609 0.009604225 
0.6542574 0.3358238 0.009918768 
0.7356866 0.2567708 0.007542608 
0.7172673 0.2800986 0.002634157 
0.702047 0.2926582 0.005294755 
0.666591 0.3288013 0.004607681 
0.6294089 0.3684685 0.002122612 
0.7448355 0.2468425 0.008322014 
0.7459426 0.2506633 0.003394087 
0.7072468 0.2861766 0.006576631 
0.7394841 0.2588932 0.001622733 
0.6985929 0.2983617 0.003045491 
0.6855383 0.3013907 0.01307105 
0.7128421 0.2845654 0.002592465 
0.6615756 0.3358943 0.002530114 
0.7766338 0.1855822 0.03778398 
0.6931516 0.3053112 0.001537173 
0.6680448 0.3313437 0.0006115096 
0.7118756 0.2805676 0.007556725 
0.7320486 0.2655359 0.002415463 
0.6614724 0.3364733 0.002054349 
0.5589294 0.4254511 0.01561953 
0.7179887 0.2699096 0.0121017 
0.643105 0.3378764 0.01901853 
0.7110483 0.2809982 0.007953506 
0.6599102 0.3389083 0.001181455 
0.7141362 0.2774248 0.008438992 
0.7301177 0.2561175 0.01376477 
0.6541936 0.3276155 0.01819085 
0.7647462 0.2320877 0.003166051 
0.737563 0.2398944 0.02254255 
0.6464408 0.3526835 0.0008756877 
0.7350677 0.249535 0.01539726 
0.629447 0.3656732 0.004879777 
0.681638 0.3182677 9.423107e-05 
0.7463682 0.2299327 0.0236991 
0.5990739 0.3959591 0.004967036 
0.7552233 0.2302056 0.01457107 
0.6900465 0.3082737 0.001679794 
0.6313763 0.3497349 0.01888882 
0.7477064 0.2484185 0.003875188 
0.6990439 0.2889327 0.01202345 
0.7111021 0.285679 0.003218922 
0.6858019 0.3130133 0.001184809 
0.7030831 0.2715606 0.02535637 
0.6472812 0.3507888 0.001930072 
0.6583258 0.3405457 0.001128469 
0.6264663 0.3616066 0.01192709 
0.6854791 0.312212 0.002308986 
0.6404679 0.3507278 0.008804311 
0.6026818 0.389702 0.007616156 
0.6020208 0.3931726 0.004806641 
0.5908095 0.4046316 0.004558887 
0.7138478 0.2838829 0.002269378 
0.7164731 0.2801095 0.003417448 
0.6519766 0.3430684 0.004954972 
0.7117659 0.2787669 0.009467196 
0.760726 0.2270132 0.0122607 
0.8126946 0.1800814 0.007223961 
0.6642043 0.3320384 0.003757295 
0.6380486 0.3619069 4.448919e-05 
0.6440777 0.3456391 0.01028313 
0.6381259 0.3515654 0.01030872 
0.6361905 0.3637929 1.659407e-05 
0.6756598 0.3239136 0.0004265842 
0.5767841 0.4153765 0.007839313 
0.7739155 0.2187759 0.007308589 
0.6571446 0.341177 0.001678372 
0.7274798 0.2675713 0.004948924 
0.6858463 0.3026198 0.01153389 
0.7339309 0.2641566 0.001912537 
0.5852641 0.4133594 0.001376501 
0.6763214 0.3211481 0.002530541 
0.7355583 0.261282 0.00315977 
0.5762612 0.4108856 0.01285318 
0.7255555 0.2670854 0.00735912 
0.7750248 0.2222844 0.002690847 
0.6905884 0.2724555 0.03695614 
0.6957186 0.2992973 0.004984155 
0.7374809 0.2498434 0.01267566 
0.6925303 0.30656 0.000909695 
0.710919 0.2801021 0.008978934 
0.6530686 0.3367455 0.01018596 
0.6811877 0.3159576 0.002854752 
0.6694048 0.3284689 0.00212621 
0.7224036 0.2662173 0.01137909 
0.7726554 0.2262864 0.001058247 
0.7149895 0.2604905 0.02451997 
0.6002441 0.3952858 0.004470142 
0.7183926 0.2790695 0.002537922 
0.7713539 0.2274244 0.001221649 
0.7894976 0.196578 0.01392438 
0.6072806 0.3921437 0.0005757502 
0.5708936 0.4044596 0.02464681 
0.6607511 0.3340562 0.005192728 
0.7877208 0.2092029 0.003076334 
0.615032 0.3810335 0.003934438 
0.6906826 0.3011983 0.008119065 
0.7425876 0.2348775 0.02253494 
0.7039282 0.2897063 0.006365443 
0.7443734 0.2310436 0.02458299 
0.71182 0.2847087 0.003471283 
0.7252323 0.267423 0.007344637 
0.6592247 0.3270181 0.01375723 
0.8349828 0.1635402 0.001477031 
0.7082538 0.2714023 0.02034389 
0.6937474 0.2954684 0.01078415 
0.7423759 0.2535448 0.004079312 
0.6810672 0.3014735 0.01745931 
0.6723999 0.3084613 0.01913875 
0.6372202 0.3597344 0.003045478 
0.7163633 0.2822545 0.001382141 
0.7195972 0.2672597 0.01314306 
0.692479 0.3028684 0.00465263 
0.5909296 0.4038031 0.005267331 
0.7593075 0.2381846 0.002507899 
0.6879715 0.305269 0.006759507 
0.7110783 0.2860046 0.00291703 
0.6658588 0.3253206 0.008820612 
0.7202539 0.2660724 0.01367372 
0.6152021 0.346321 0.03847694 
0.6640904 0.3352858 0.0006237796 
0.6718594 0.3264497 0.001690895 
0.7496574 0.2488861 0.001456542 
0.7078503 0.2905494 0.001600325 
0.5613428 0.4354027 0.00325445 
0.7001525 0.2877086 0.01213895 
0.7499624 0.2401277 0.009909825 
0.5936548 0.4010092 0.005336058 
0.7412245 0.2535989 0.005176632 
0.7316951 0.2592083 0.009096596 
0.7383084 0.2607326 0.0009589558 
0.67 0.3178179 0.01218212 
0.6571539 0.3384494 0.004396724 
0.71674 0.2617988 0.02146118 
0.633378 0.3409337 0.02568828 
0.6564936 0.3416072 0.001899142 
0.7926102 0.2053731 0.002016721 
0.6893062 0.2875521 0.02314166 
0.6331134 0.3446468 0.02223983 
0.7196713 0.2729509 0.007377774 
0.7323657 0.261069 0.006565303 
0.7233015 0.2733215 0.00337702 
0.690841 0.3069508 0.002208158 
0.6891051 0.3050022 0.00589277 
0.7420018 0.2456092 0.01238897 
0.7251966 0.2725271 0.002276344 
0.7118407 0.2877219 0.0004374504 
0.7189341 0.2713867 0.009679174 
0.6482403 0.3472301 0.004529625 
0.694493 0.3000606 0.005446368 
0.6996265 0.2918379 0.008535597 
0.7739555 0.2149315 0.01111307 
0.7509568 0.2477142 0.001329045 
0.6745766 0.3149993 0.01042411 
0.6669142 0.3313062 0.00177959 
0.7570511 0.2381879 0.004761025 
0.6911852 0.3075852 0.001229564 
0.6155208 0.3664733 0.0180059 
0.6335336 0.3582622 0.008204281 
0.6300219 0.3567802 0.01319787 
0.703356 0.2940994 0.002544646 
0.7321543 0.2644351 0.003410599 
0.7508889 0.2438696 0.005241436 
0.6547678 0.3429752 0.002256981 
0.5576297 0.4381011 0.004269221 
0.6454564 0.3532885 0.001255155 
0.7074963 0.2848481 0.007655546 
0.6394241 0.36044 0.0001358441 
0.729283 0.2678949 0.002822088 
0.7142836 0.2823834 0.003333007 
0.5547561 0.4418873 0.00335663 
0.6233501 0.3691325 0.007517395 
0.6223186 0.3720436 0.005637781 
0.7751549 0.2181509 0.00669419 
0.8382012 0.1611246 0.000674254 
0.6896174 0.3101902 0.0001923744 
0.5982654 0.3960977 0.00563682 
0.7216899 0.2748842 0.003425825 
0.7603923 0.2360963 0.003511322 
0.6764978 0.3224723 0.001029943 
0.6589307 0.3312991 0.009770128 
0.695062 0.3025387 0.002399277 
0.7016904 0.296427 0.001882669 
0.7084119 0.2861913 0.005396791 
0.5914916 0.38933 0.01917835 
0.701633 0.2900525 0.008314586 
0.6876925 0.3113426 0.0009648158 
0.6388368 0.3587054 0.002457798 
0.6287181 0.3630316 0.008250214 
0.7134947 0.2706861 0.01581917 
0.6506314 0.3337852 0.01558344 
0.6149632 0.3791217 0.005915169 
0.7277276 0.2623875 0.009884962 
0.6275432 0.3676322 0.004824597 
0.7254554 0.2622343 0.01231037 
0.6922701 0.2960185 0.01171143 
0.6671502 0.3275108 0.005339076 
0.729571 0.2566502 0.01377878 
0.7538559 0.2459319 0.000212275 
0.7009204 0.2919476 0.007132051 
0.6118649 0.3847642 0.003370872 
0.574572 0.4249772 0.0004507842 
0.7355269 0.2593415 0.005131568 
0.712718 0.2758214 0.01146063 
0.8054328 0.1836023 0.01096489 
0.7138418 0.2702105 0.01594762 
0.7174908 0.2680173 0.01449195 
0.7692425 0.2263674 0.004390106 
0.7482961 0.2485597 0.003144159 
0.7068013 0.2899065 0.003292253 
0.7573127 0.2316862 0.01100116 
0.7206569 0.2765218 0.002821373 
0.76954 0.2289533 0.001506703 
0.7246958 0.2744763 0.0008279493 
0.6777525 0.2896006 0.03264683 
0.6493337 0.3505132 0.0001531048 
0.6655885 0.3338697 0.0005417544 
0.629116 0.3510846 0.01979933 
0.8158349 0.1768284 0.007336726 
0.7004235 0.2944663 0.005110174 
0.8072231 0.1834579 0.009318978 
0.7446457 0.2551185 0.0002357811 
0.6701673 0.3265347 0.003297987 
0.672526 0.3181301 0.009343875 
0.6800193 0.3068415 0.01313915 
0.6342631 0.352112 0.01362487 
0.6972889 0.2949403 0.007770776 
0.7390007 0.2575008 0.003498465 
0.7209548 0.2756258 0.003419407 
0.5481336 0.4431183 0.00874803 
0.6429092 0.3554958 0.00159508 
0.7005877 0.2834866 0.01592576 
0.6400419 0.3598528 0.0001052642 
0.6377597 0.3603222 0.001918097 
0.6678766 0.3181246 0.01399887 
0.7327687 0.2666564 0.0005749534 
0.677986 0.2869773 0.03503662 
0.7381885 0.2329407 0.02887085 
0.7663714 0.2301734 0.003455235 
0.7274602 0.2684955 0.004044214 
0.6796457 0.2968237 0.02353053 
0.6616781 0.3361549 0.002167025 
0.6450053 0.3520264 0.002968295 
0.7065771 0.284518 0.008904948 
0.6812054 0.3103025 0.008492028 
0.6517618 0.3419811 0.006257092 
0.5310826 0.4658212 0.003096252 
0.7514536 0.2458899 0.002656535 
0.8078195 0.1906261 0.001554388 
0.6994705 0.2878096 0.01271994 
0.6670091 0.3281152 0.004875694 
0.6752389 0.3189732 0.005787811 
0.5512078 0.4446391 0.004153126 
0.6057579 0.3895464 0.004695748 
0.687068 0.3049782 0.007953764 
0.6977148 0.301766 0.0005192715 
0.5686027 0.4124704 0.01892692 
0.7357112 0.2594228 0.004866 
0.7535434 0.2415678 0.004888806 
0.7047206 0.2920853 0.003194061 
0.7460787 0.2496066 0.00431478 
0.7112514 0.2805619 0.008186691 
0.7598323 0.2222513 0.01791643 
0.733227 0.26357 0.003202956 
0.6471265 0.3527095 0.0001640874 
0.6925063 0.287738 0.01975568 
0.6804822 0.3108929 0.00862499 
0.7236502 0.2664646 0.009885186 
0.7540267 0.2453911 0.0005822238 
0.6698938 0.3292252 0.000880985 
0.7145284 0.2762714 0.009200222 
0.6834056 0.3156041 0.0009902552 
0.6873697 0.2977638 0.01486657 
0.6731778 0.3250274 0.001794887 
0.6109744 0.3699744 0.01905115 
0.6286654 0.3555929 0.01574169 
0.7887698 0.2079537 0.003276462 
0.7188294 0.2745777 0.006592919 
0.7618024 0.2343362 0.003861464 
0.7587657 0.2252662 0.01596813 
0.7220921 0.2765874 0.001320461 
0.6705792 0.3176875 0.01173329 
0.6613133 0.3365486 0.002138054 
0.66756 0.3215653 0.01087467 
0.6045986 0.393765 0.001636382 
0.6772572 0.3094255 0.01331733 
0.7233928 0.2749672 0.001639995 
0.731876 0.2679671 0.0001569541 
0.7020872 0.2907442 0.00716862 
0.6659565 0.3314029 0.002640609 
0.7186684 0.2790861 0.002245454 
0.7462723 0.2508814 0.002846234 
0.7559708 0.243601 0.0004282266 
0.6948579 0.3013822 0.003759908 
0.749467 0.2480675 0.002465478 
0.7604081 0.2354651 0.004126778 
0.715598 0.2829178 0.001484248 
0.8215566 0.1741174 0.004325923 
0.715558 0.2831039 0.001338113 
0.6933886 0.2795049 0.02710648 
0.7264901 0.2572549 0.01625498 
0.7517886 0.2368979 0.01131354 
0.7188091 0.2810201 0.000170748 
0.6593199 0.3384835 0.002196548 
0.6689715 0.3110827 0.01994579 
0.6955032 0.2966094 0.007887402 
0.6206237 0.3750146 0.004361715 
0.6808935 0.2889954 0.03011108 
0.7035738 0.2960921 0.0003340717 
0.6884928 0.2961818 0.01532549 
0.5542227 0.4340903 0.01168695 
0.6794223 0.3090922 0.01148545 
0.6997991 0.2862645 0.01393631 
0.7151213 0.271214 0.01366471 
0.5890954 0.3872298 0.0236748 
0.6995039 0.2879569 0.01253923 
0.719576 0.2763445 0.004079541 
0.6777218 0.3195635 0.002714677 
0.5938607 0.3881698 0.01796957 
0.6935566 0.3031528 0.003290615 
0.6489834 0.3500003 0.001016262 
0.6701289 0.3184743 0.01139681 
0.743206 0.256088 0.000705998 
0.6935944 0.3015715 0.004834047 
0.7116837 0.2800425 0.008273751 
0.6993956 0.2732963 0.02730815 
0.7414801 0.2556669 0.00285301 
0.7205957 0.2775196 0.001884765 
0.8162585 0.1835221 0.0002194576 
0.6232978 0.3564507 0.0202515 
0.7454556 0.2530159 0.001528537 
0.7290843 0.2694067 0.001508977 
0.7639889 0.2326126 0.003398543 
0.7209829 0.2703318 0.008685252 
0.6718985 0.3263383 0.001763262 
0.7125948 0.2821277 0.005277531 
0.7369028 0.2622848 0.0008124465 
0.6998138 0.2904789 0.00970733 
0.6699391 0.3286676 0.001393273 
0.7400083 0.2544057 0.005585968 
0.7491232 0.2485574 0.002319373 
0.744647 0.2526883 0.002664692 
0.6854209 0.311384 0.003195045 
0.7734638 0.2157929 0.01074325 
0.7136963 0.2826117 0.003691986 
0.7466105 0.22928 0.02410948 
0.6678324 0.3239938 0.008173766 
0.6656335 0.3139105 0.02045596 
0.6745676 0.3235747 0.001857656 
0.5758447 0.4236452 0.0005100593 
0.6881872 0.3032351 0.008577776 
0.6607099 0.3354672 0.003822904 
0.6999933 0.2942432 0.005763505 
0.7510879 0.2475662 0.001345894 
0.6233714 0.3757143 0.0009142964 
0.7450118 0.2514557 0.003532472 
0.6215186 0.3224804 0.05600098 
0.6402656 0.3593739 0.0003605427 
0.6800866 0.3103831 0.009530288 
0.7266671 0.2717049 0.001628046 
0.6326361 0.3581082 0.009255753 
0.7195801 0.2795646 0.0008553197 
0.6381868 0.3616553 0.0001579048 
0.7114003 0.288547 5.27111e-05 
0.5757304 0.4229601 0.001309428 
0.6372585 0.3589536 0.003787922 
0.6949322 0.3009639 0.004103858 
0.6231263 0.3619565 0.01491719 
0.6449251 0.3526011 0.002473788 
0.6665362 0.3305132 0.002950602 
0.7593508 0.2361527 0.004496548 
0.7245723 0.2717986 0.00362911 
0.6812443 0.3143382 0.00441749 
0.7285593 0.2702284 0.001212308 
0.7259613 0.266107 0.00793172 
0.7510492 0.2443686 0.004582166 
0.6372083 0.352709 0.01008277 
0.6395784 0.3590173 0.001404233 
0.6228661 0.3694335 0.007700439 
0.7508941 0.2487313 0.0003745413 
0.6411908 0.3577321 0.001077049 
0.6665966 0.3280729 0.005330579 
0.7136107 0.2829547 0.003434591 
0.6814329 0.317978 0.0005891005 
0.7295395 0.2700152 0.0004452287 
0.7578753 0.2325753 0.009549386 
0.6361679 0.3482621 0.01556996 
0.6930898 0.2983247 0.008585423 
0.7169138 0.2726874 0.01039886 
0.7240746 0.2727319 0.003193482 
0.7671688 0.2210954 0.01173585 
0.6839739 0.3096078 0.006418294 
0.7174585 0.2776535 0.00488799 
0.6681067 0.3255885 0.006304828 
0.6610879 0.3383839 0.0005281831 
0.6787259 0.3187671 0.002507048 
0.6490778 0.3387791 0.01214317 
0.7363467 0.2592547 0.004398636 
0.6797368 0.3191741 0.001089113 
0.5994241 0.3916924 0.008883473 
0.6759786 0.3192111 0.004810276 
0.6584432 0.3314222 0.01013453 
0.7393041 0.2570975 0.003598374 
0.7444767 0.2368059 0.01871749 
0.6739753 0.3255043 0.0005204821 
0.6745531 0.325103 0.0003439006 
0.7011417 0.2908753 0.007983025 
0.6219454 0.36616 0.0118946 
0.6786183 0.3185698 0.002811885 
0.685434 0.3115429 0.00302303 
0.7112742 0.2839074 0.004818431 
0.7580945 0.2383789 0.003526629 
0.7077396 0.2913664 0.0008939465 
0.7552173 0.243673 0.001109736 
0.6195388 0.3778349 0.002626273 
0.7392802 0.2600163 0.0007034432 
0.6553198 0.3394473 0.005232887 
0.7582505 0.233639 0.008110547 
0.7596951 0.2368041 0.003500804 
0.6835259 0.3094831 0.006990987 
0.6229078 0.3734769 0.00361528 
0.6544003 0.3223703 0.02322945 
0.5896338 0.4096584 0.0007078146 
0.6893597 0.3024751 0.008165208 
0.7237112 0.274007 0.002281788 
0.7240566 0.2718565 0.004086941 
0.664932 0.329588 0.005479921 
0.6264386 0.3730963 0.0004650964 
0.6955456 0.2988939 0.005560424 
0.6821436 0.3162456 0.001610806 
0.7257733 0.2731224 0.001104289 
0.6710747 0.3267754 0.00214984 
0.730876 0.2655381 0.003585969 
0.6418869 0.3514558 0.006657254 
0.7864307 0.21111 0.002459335 
0.7626573 0.2342224 0.003120282 
0.6395447 0.3459385 0.01451679 
0.7075771 0.2871304 0.005292525 
0.6752502 0.3156514 0.009098347 
0.6683224 0.3297467 0.001930865 
0.6703497 0.326811 0.002839256 
0.7883196 0.2111507 0.0005297181 
0.6131557 0.3819763 0.00486802 
0.6959699 0.3002119 0.003818196 
0.6707654 0.3107478 0.01848679 
0.6108951 0.3778555 0.01124934 
0.7191174 0.2788274 0.002055141 
0.7992415 0.197241 0.003517507 
0.6758659 0.3238511 0.0002830521 
0.6826139 0.3038218 0.0135643 
0.7154891 0.2668522 0.01765869 
0.6017494 0.3874056 0.010845 
0.6935464 0.30323 0.003223562 
0.7034515 0.2899236 0.006624901 
0.7940394 0.2026768 0.003283837 
0.6364491 0.3628111 0.0007397947 
0.6003851 0.3940405 0.005574439 
0.6566647 0.3302767 0.01305858 
0.6834745 0.3110798 0.005445659 
0.6905774 0.3076479 0.001774737 
0.7085276 0.2876556 0.003816753 
0.7459014 0.2461689 0.007929676 
0.6910133 0.3063248 0.002661872 
0.6956745 0.2958203 0.008505237 
0.7744724 0.2029517 0.02257582 
0.6666977 0.3307287 0.002573607 
0.7206856 0.2706633 0.008651142 
0.6618235 0.3340848 0.004091742 
0.7989207 0.199126 0.001953301 
0.6575238 0.3378467 0.004629462 
0.7535757 0.2428432 0.003581045 
0.6267446 0.3729718 0.000283639 
0.6850215 0.3044507 0.01052783 
0.793749 0.2032842 0.002966793 
0.7695081 0.2282928 0.00219912 
0.6274135 0.3686488 0.003937749 
0.6038167 0.3922587 0.003924581 
0.721566 0.2748485 0.003585504 
0.706842 0.2906162 0.002541811 
0.6581376 0.3397684 0.002093953 
0.6801294 0.3167795 0.003091135 
0.7191807 0.2781534 0.002665963 
0.6287287 0.3704146 0.000856762 
0.7257645 0.2715985 0.002636996 
0.7425255 0.2214535 0.03602101 
0.6330971 0.3586526 0.008250251 
0.5894282 0.4069916 0.003580188 
0.7262623 0.2713042 0.002433508 
0.7044299 0.2849458 0.01062428 
0.7201869 0.2768828 0.002930366 
0.6786852 0.3201954 0.001119381 
0.7273646 0.2675505 0.005084866 
0.7396587 0.2497623 0.01057901 
0.642729 0.352775 0.004496007 
0.7908338 0.2083951 0.0007711348 
0.7556277 0.2282986 0.01607371 
0.736411 0.2606332 0.002955876 
0.6777208 0.3151879 0.007091363 
0.698082 0.2989337 0.002984309 
0.6541433 0.3294627 0.016394 
0.6826278 0.3173023 6.988432e-05 
0.6627683 0.3362901 0.0009416063 
0.5867619 0.3752938 0.03794426 
0.627712 0.3616096 0.01067832 
0.6301807 0.3692383 0.0005810607 
0.657181 0.3377815 0.0050375 
0.6630369 0.3327658 0.004197332 
0.674553 0.3158881 0.009558946 
0.67608 0.2810196 0.04290042 
0.756505 0.2303878 0.01310719 
0.681847 0.2866499 0.03150315 
0.7073883 0.291068 0.001543655 
0.7085286 0.281168 0.0103034 
0.6520413 0.3298448 0.01811393 
0.7591534 0.2399262 0.0009203928 
0.6932456 0.2921829 0.0145715 
0.673049 0.3212357 0.005715391 
0.7044681 0.2882738 0.007258053 
0.6952542 0.3041042 0.0006416695 
0.7410797 0.2589178 2.586353e-06 
0.6809336 0.314313 0.004753463 
0.6723598 0.3221117 0.005528434 
0.6706198 0.3179394 0.01144078 
0.5518189 0.4469522 0.001228851 
0.6938525 0.3022251 0.003922387 
0.6887181 0.2912201 0.02006188 
0.6411871 0.3521775 0.006635447 
0.7525278 0.2435441 0.003928131 
0.7016331 0.2982062 0.0001606211 
0.7707919 0.2230874 0.006120759 
0.7058194 0.2810852 0.01309544 
