"p_1" "p_2" "p_3"
0.2879537 0.4787273 0.2333191
0.2685376 0.3516906 0.3797718
0.2643849 0.3715989 0.3640162
0.2139778 0.4958221 0.2902001
0.2334797 0.3534298 0.4130905
0.2719162 0.3748448 0.353239
0.3029661 0.3977482 0.2992857
0.2098526 0.4509036 0.3392438
0.3249596 0.4155281 0.2595124
0.2518362 0.3710218 0.377142
0.2523504 0.4795798 0.2680698
0.295904 0.4098215 0.2942745
0.3406188 0.3245666 0.3348145
0.2509084 0.4612671 0.2878245
0.2354348 0.3874449 0.3771203
0.2478045 0.4735268 0.2786686
0.3525106 0.3655294 0.28196
0.3402667 0.3385248 0.3212085
0.219423 0.4029073 0.3776697
0.2994777 0.4458339 0.2546884
0.2944003 0.3389822 0.3666175
0.2853929 0.4794604 0.2351467
0.2318413 0.4603133 0.3078454
0.305 0.3970682 0.2979317
0.2280949 0.5027985 0.2691066
0.2280076 0.404689 0.3673035
0.3020093 0.3689163 0.3290745
0.2033388 0.486434 0.3102271
0.2227053 0.4090692 0.3682255
0.2882973 0.3758826 0.33582
0.401024 0.3515165 0.2474594
0.2614539 0.4004304 0.3381156
0.3463523 0.3977553 0.2558924
0.2595139 0.3943894 0.3460967
0.2318181 0.442069 0.3261129
0.426367 0.3728017 0.2008313
0.2852436 0.3782437 0.3365127
0.3425409 0.4392167 0.2182423
0.2833873 0.3816869 0.3349258
0.3240875 0.3978717 0.2780408
0.3129555 0.3686138 0.3184307
0.2286433 0.4867154 0.2846413
0.2490055 0.4454673 0.3055272
0.3103559 0.3414977 0.3481464
0.1915412 0.412874 0.3955847
0.2873418 0.384647 0.3280112
0.2509773 0.4165413 0.3324814
0.2851812 0.4013682 0.3134505
0.2546559 0.4203917 0.3249524
0.2894793 0.4035312 0.3069896
0.187462 0.4464481 0.3660899
0.3257367 0.3594725 0.3147907
0.3698864 0.3130871 0.3170265
0.3257162 0.3797914 0.2944924
0.3130076 0.3513745 0.3356179
0.2747218 0.4255662 0.299712
0.3116315 0.3112843 0.3770842
0.2896945 0.3836683 0.3266371
0.2611864 0.4776872 0.2611263
0.2498488 0.3835423 0.3666089
0.308256 0.3667258 0.3250182
0.3246906 0.4214513 0.2538581
0.3095612 0.4285035 0.2619353
0.2145605 0.4907592 0.2946803
0.2490777 0.3767177 0.3742047
0.3107524 0.3860601 0.3031875
0.263607 0.3828832 0.3535098
0.3623111 0.4023115 0.2353774
0.3015767 0.4965361 0.2018872
0.3321143 0.3752618 0.2926239
0.2213877 0.4265035 0.3521088
0.2308654 0.4180159 0.3511187
0.3039118 0.4305109 0.2655772
0.2324728 0.4658638 0.3016634
0.2910258 0.3650378 0.3439365
0.2965093 0.396597 0.3068938
0.2353387 0.3795807 0.3850806
0.3054407 0.4819702 0.2125892
0.2821124 0.4342697 0.2836179
0.3303552 0.3847417 0.2849031
0.3162102 0.3791981 0.3045917
0.2875874 0.4269446 0.2854681
0.2365729 0.3858781 0.377549
0.2721568 0.4313857 0.2964575
0.2876987 0.3257907 0.3865106
0.2848263 0.3672223 0.3479514
0.2525316 0.426748 0.3207204
0.2873169 0.4898798 0.2228033
0.3189035 0.4354521 0.2456444
0.3505192 0.4209308 0.22855
0.3343945 0.3220241 0.3435814
0.3130939 0.4323838 0.2545222
0.2468996 0.4420854 0.311015
0.2696236 0.422538 0.3078384
0.259799 0.4916288 0.2485722
0.3063041 0.4846101 0.2090858
0.3184423 0.3908535 0.2907042
0.2360481 0.4769999 0.286952
0.3335741 0.3875135 0.2789124
0.2646984 0.4837144 0.2515871
0.2872589 0.3933306 0.3194105
0.2789418 0.4393975 0.2816607
0.3290256 0.3350823 0.3358921
0.3002924 0.3736955 0.3260122
0.3243819 0.3552478 0.3203703
0.2778884 0.3488549 0.3732567
0.2362378 0.486714 0.2770483
0.2925186 0.4252141 0.2822673
0.3052176 0.4310909 0.2636916
0.2847199 0.4471502 0.2681299
0.1703779 0.4520618 0.3775602
0.2374791 0.4014494 0.3610715
0.3016454 0.3325518 0.3658029
0.310959 0.4026529 0.2863881
0.3587673 0.391874 0.2493587
0.3219658 0.322828 0.3552062
0.2582307 0.4453785 0.2963907
0.2644693 0.4407481 0.2947826
0.2515041 0.4229154 0.3255804
0.2614507 0.3896475 0.3489018
0.2379097 0.3937979 0.3682924
0.292222 0.4138411 0.2939368
0.3062598 0.3279093 0.3658309
0.2559642 0.4266558 0.31738
0.2161004 0.4456718 0.3382278
0.2757474 0.3806262 0.3436264
0.3049929 0.3816241 0.313383
0.2655079 0.3744658 0.3600263
0.2507393 0.3634173 0.3858434
0.3084552 0.3847483 0.3067965
0.1898976 0.4289248 0.3811776
0.2169277 0.4772604 0.3058119
0.3039202 0.3880449 0.3080349
0.1916823 0.4522133 0.3561044
0.2300311 0.4392821 0.3306868
0.3150135 0.4351742 0.2498123
0.2877654 0.4035319 0.3087028
0.340771 0.3924174 0.2668116
0.2692714 0.4505019 0.2802267
0.2645428 0.436908 0.2985493
0.3310264 0.3931252 0.2758484
0.3653438 0.383951 0.2507052
0.2660012 0.3144521 0.4195468
0.2951843 0.3682912 0.3365245
0.2901927 0.412469 0.2973383
0.2641537 0.4192706 0.3165757
0.2384119 0.3638681 0.39772
0.3481099 0.3647719 0.2871182
0.2997159 0.421636 0.2786481
0.297807 0.461242 0.240951
0.266525 0.440457 0.2930179
0.2592126 0.4715929 0.2691945
0.2273308 0.4720358 0.3006334
0.3030037 0.3683537 0.3286426
0.2407132 0.4510026 0.3082841
0.193851 0.4731814 0.3329676
0.2277597 0.3927251 0.3795152
0.2556846 0.4747783 0.2695371
0.2948067 0.5125863 0.1926069
0.2820232 0.4132732 0.3047036
0.2859356 0.3912791 0.3227853
0.3129727 0.4145073 0.27252
0.3175813 0.4009348 0.2814839
0.3180885 0.4377077 0.2442038
0.2778187 0.4143141 0.3078672
0.255878 0.4396659 0.3044561
0.287103 0.369028 0.343869
0.2440806 0.5088863 0.2470331
0.2670792 0.4982043 0.2347165
0.3406189 0.3983384 0.2610427
0.3387897 0.3274538 0.3337565
0.2395696 0.4062974 0.3541329
0.2694055 0.389167 0.3414275
0.3705405 0.2955997 0.3338598
0.2817225 0.378624 0.3396535
0.3318395 0.4383517 0.2298088
0.2885016 0.4047061 0.3067922
0.2792723 0.3980121 0.3227157
0.2163593 0.3953486 0.3882921
0.2630285 0.4750435 0.261928
0.2598262 0.4679383 0.2722356
0.305522 0.3659056 0.3285724
0.2209412 0.5108338 0.268225
0.1679103 0.5505326 0.2815571
0.2594965 0.4948489 0.2456546
0.3098904 0.4104858 0.2796238
0.2848858 0.412253 0.3028612
0.2994289 0.3594323 0.3411387
0.2468979 0.4478856 0.3052165
0.2981873 0.4359382 0.2658745
0.3043148 0.40389 0.2917952
0.2360758 0.3441515 0.4197728
0.3206974 0.3320989 0.3472037
0.3189397 0.3783913 0.3026691
0.2703202 0.4817638 0.2479161
0.2646241 0.4062288 0.3291471
0.2499871 0.5146228 0.2353901
0.2690335 0.4096036 0.3213629
0.2507203 0.38193 0.3673497
0.3333164 0.409661 0.2570226
0.2874521 0.408131 0.3044169
0.3027604 0.3424099 0.3548297
0.389725 0.4239237 0.1863514
0.2159005 0.4438607 0.3402388
0.3067728 0.4301972 0.26303
0.2779354 0.3398221 0.3822425
0.3161909 0.4148853 0.2689238
0.2640375 0.4186281 0.3173344
0.2383799 0.4154648 0.3461553
0.2327355 0.4033036 0.363961
0.2666643 0.4125089 0.3208268
0.318898 0.3525767 0.3285253
0.2504936 0.4676702 0.2818363
0.2969024 0.4729831 0.2301145
0.3398436 0.3423794 0.3177771
0.3466814 0.342133 0.3111856
0.2459376 0.421223 0.3328394
0.2801109 0.4175914 0.3022977
0.3583436 0.3241592 0.3174972
0.2205876 0.4633036 0.3161087
0.2725496 0.4452052 0.2822452
0.2419085 0.4575618 0.3005298
0.3654991 0.2846782 0.3498227
0.2823181 0.3331597 0.3845222
0.2995223 0.3692227 0.331255
0.3533688 0.336164 0.3104671
0.2849597 0.3862071 0.3288332
0.2961364 0.4246526 0.279211
0.2556114 0.4305925 0.3137961
0.3314874 0.3375385 0.3309741
0.3586934 0.3333031 0.3080035
0.2342082 0.43635 0.3294418
0.2627411 0.5216371 0.2156219
0.2645149 0.4073054 0.3281796
0.2385668 0.4697571 0.2916761
0.2935173 0.3909016 0.3155811
0.2456098 0.4155333 0.3388569
0.2751252 0.4181667 0.3067082
0.2884519 0.4578987 0.2536494
0.1682755 0.4440655 0.387659
0.3065221 0.3239861 0.3694918
0.2737329 0.4256878 0.3005792
0.2942031 0.4242148 0.2815821
0.2435989 0.4705174 0.2858837
0.260315 0.3786286 0.3610565
0.3444313 0.3684867 0.2870821
0.2399586 0.4638438 0.2961977
0.2776834 0.3620867 0.3602299
0.244738 0.4242407 0.3310213
0.2685635 0.4986895 0.232747
0.3897588 0.3653039 0.2449373
0.36479 0.4026338 0.2325761
0.3126224 0.4011695 0.2862081
0.3504829 0.411801 0.2377161
0.2678292 0.4179791 0.3141917
0.2870542 0.3720436 0.3409022
0.2721052 0.4266321 0.3012626
0.2932436 0.353328 0.3534284
0.2247432 0.4864232 0.2888337
0.2338128 0.547292 0.2188952
0.2723457 0.4494693 0.2781849
0.2541406 0.4519 0.2939594
0.250706 0.4651107 0.2841833
0.2090083 0.4821176 0.3088741
0.2255182 0.5047312 0.2697505
0.2618003 0.393526 0.3446737
0.2840585 0.3971373 0.3188042
0.3123023 0.4011989 0.2864988
0.2294373 0.4334541 0.3371086
0.321619 0.3192375 0.3591435
0.3292094 0.3596719 0.3111187
0.2599278 0.3925022 0.3475701
0.2248373 0.5157487 0.259414
0.2394448 0.4146596 0.3458956
0.2372769 0.4358043 0.3269188
0.2551218 0.4153062 0.329572
0.3130864 0.4369503 0.2499633
0.2952228 0.3445978 0.3601793
0.2469872 0.4158163 0.3371966
0.3581894 0.3790716 0.262739
0.2273116 0.4421329 0.3305555
0.2845853 0.4411155 0.2742993
0.2647859 0.3736532 0.3615609
0.2774228 0.4064444 0.3161328
0.3028552 0.3542018 0.342943
0.2712898 0.4239564 0.3047539
0.2198842 0.4207278 0.359388
0.2646873 0.4258067 0.309506
0.199261 0.4431368 0.3576022
0.2692644 0.3904159 0.3403197
0.3207072 0.3405286 0.3387642
0.2793022 0.3978825 0.3228152
0.2119033 0.4127118 0.3753848
0.3901676 0.364686 0.2451464
0.3120085 0.3810454 0.3069462
0.280323 0.4656906 0.2539864
0.3572668 0.3656398 0.2770933
0.245424 0.4139363 0.3406397
0.2768425 0.484903 0.2382545
0.1892144 0.4765762 0.3342094
0.2919074 0.386923 0.3211696
0.2607136 0.3986134 0.340673
0.2416775 0.425549 0.3327734
0.2361237 0.3924371 0.3714392
0.2971547 0.4034795 0.2993657
0.273283 0.3768562 0.3498609
0.325544 0.3242093 0.3502467
0.2451531 0.4850314 0.2698155
0.2597219 0.4491473 0.2911308
0.2480299 0.5056611 0.246309
0.292663 0.4104249 0.2969121
0.3624 0.3541868 0.2834132
0.244319 0.3861089 0.3695721
0.2881137 0.3832527 0.3286336
0.3187556 0.3967841 0.2844603
0.2983709 0.376403 0.3252261
0.2985108 0.5014779 0.2000113
0.3947676 0.383797 0.2214354
0.3068052 0.3674348 0.3257599
0.3467838 0.3871932 0.266023
0.260707 0.4270007 0.3122923
0.3060448 0.4096313 0.2843239
0.3551419 0.3404292 0.3044289
0.2854708 0.3832865 0.3312428
0.3330677 0.3455215 0.3214107
0.3323765 0.4023124 0.2653111
0.256547 0.5088537 0.2345993
0.2643594 0.4548295 0.2808111
0.2107463 0.4459843 0.3432694
0.3526431 0.4230233 0.2243337
0.2901574 0.3551726 0.35467
0.3305483 0.3638612 0.3055904
0.2417803 0.4460253 0.3121944
0.308538 0.3222054 0.3692565
0.2839734 0.5014467 0.2145799
0.3108354 0.3489959 0.3401688
0.2820173 0.4154061 0.3025766
0.1791905 0.433335 0.3874745
0.2742566 0.3990037 0.3267396
0.2608927 0.477785 0.2613223
0.2456045 0.3731783 0.3812173
0.3336823 0.3755734 0.2907443
0.2704433 0.3802363 0.3493204
0.3183186 0.4172807 0.2644007
0.2371574 0.408275 0.3545676
0.2854133 0.4094376 0.3051491
0.2905804 0.3139226 0.395497
0.2315015 0.4928855 0.275613
0.2030323 0.4326968 0.3642708
0.2235622 0.4562231 0.3202147
0.2541265 0.4415621 0.3043114
0.2722269 0.3959796 0.3317935
0.3272862 0.3719869 0.3007268
0.3077948 0.4102857 0.2819195
0.3463597 0.3953132 0.2583271
0.2592123 0.477691 0.2630967
0.2414521 0.4686444 0.2899035
0.2988571 0.4552145 0.2459284
0.3405957 0.3430533 0.316351
0.245717 0.3535243 0.4007587
0.2589006 0.4554333 0.285666
0.3324527 0.4170798 0.2504675
0.2538483 0.4205528 0.325599
0.3108137 0.4076569 0.2815294
0.3113816 0.4069465 0.2816719
0.1923797 0.4602065 0.3474138
0.295275 0.3768153 0.3279098
0.3328027 0.4154974 0.2516998
0.3874821 0.3402396 0.2722783
0.2016234 0.4365042 0.3618724
0.2586098 0.3941881 0.3472021
0.3218491 0.3775999 0.300551
0.2306034 0.4575136 0.311883
0.2849692 0.3450995 0.3699312
0.2768122 0.4793832 0.2438046
0.2903811 0.4277005 0.2819184
0.301643 0.3412242 0.3571328
0.3689565 0.3978696 0.2331739
0.3411593 0.4094585 0.2493822
0.2430698 0.3959561 0.3609741
0.3523999 0.3337083 0.3138918
0.2259561 0.4581307 0.3159132
0.2899366 0.4063393 0.3037241
0.3106122 0.3903737 0.2990141
0.2004736 0.4932389 0.3062875
0.2339444 0.520218 0.2458376
0.346398 0.3772677 0.2763343
0.2834539 0.4387419 0.2778042
0.2931561 0.3636864 0.3431575
0.2969081 0.4004605 0.3026314
0.2400959 0.4393118 0.3205923
0.2312094 0.4869006 0.28189
0.3281934 0.420055 0.2517516
0.2377708 0.5023851 0.2598441
0.2994601 0.4319045 0.2686354
0.3632888 0.3331802 0.303531
0.3212258 0.3541167 0.3246575
0.2705879 0.3889508 0.3404613
0.2881189 0.4465524 0.2653287
0.2188089 0.3932014 0.3879897
0.2107843 0.4936063 0.2956094
0.263245 0.405772 0.330983
0.2800711 0.3545925 0.3653364
0.3410366 0.3564297 0.3025337
0.3030541 0.4345858 0.2623601
0.2466785 0.4511021 0.3022194
0.2931064 0.4313132 0.2755804
0.2815572 0.3777793 0.3406635
0.2796303 0.4000542 0.3203155
0.2744284 0.3355366 0.390035
0.22309 0.4695061 0.3074039
0.286523 0.4657638 0.2477132
0.3247266 0.3613787 0.3138947
0.2654241 0.4361195 0.2984565
0.3548031 0.3112337 0.3339632
0.2973424 0.3002608 0.4023968
0.3703977 0.4084758 0.2211266
0.3397442 0.4041081 0.2561478
0.296072 0.3460257 0.3579023
0.3458321 0.3953453 0.2588226
0.3176071 0.3709441 0.3114488
0.2310902 0.4872047 0.2817051
0.3826455 0.2768684 0.340486
0.292145 0.4841381 0.2237169
0.2407025 0.4340253 0.3252722
0.2919743 0.3757681 0.3322576
0.1964114 0.4913843 0.3122043
0.3026236 0.4364005 0.2609759
0.2945541 0.4802704 0.2251755
0.2434162 0.4288417 0.3277421
0.2567153 0.4786345 0.2646502
0.2672294 0.4621034 0.2706671
0.2353789 0.4583585 0.3062627
0.3208672 0.3616874 0.3174454
0.2934577 0.4106236 0.2959186
0.2851048 0.3737481 0.3411471
0.316913 0.4018767 0.2812104
0.2394416 0.4254771 0.3350814
0.3102665 0.4061609 0.2835726
0.2674161 0.472695 0.2598889
0.25826 0.4386163 0.3031238
0.2864696 0.3019855 0.4115449
0.3010865 0.3712305 0.327683
0.3144424 0.376881 0.3086766
0.2496166 0.4032895 0.3470939
0.3104299 0.3755308 0.3140393
0.2913754 0.39792 0.3107046
0.2957295 0.4361209 0.2681495
0.295853 0.411374 0.292773
0.2710028 0.4611976 0.2677996
0.2323769 0.4290009 0.3386222
0.2715374 0.3961907 0.3322719
0.2703195 0.4637742 0.2659062
0.2093721 0.431156 0.359472
0.2497428 0.4317086 0.3185486
0.2232715 0.4051452 0.3715834
0.2135547 0.4387501 0.3476952
0.2354187 0.3686181 0.3959632
0.3141299 0.3985371 0.287333
0.283782 0.4038509 0.3123671
0.3243943 0.3990314 0.2765743
0.2589075 0.4041726 0.3369198
0.2736192 0.4736687 0.2527121
0.3017794 0.4585653 0.2396553
0.231616 0.3844431 0.3839409
0.1897424 0.4420335 0.368224
0.2582598 0.4837595 0.2579807
0.2174085 0.3713271 0.4112645
0.3131899 0.3843076 0.3025025
0.2561312 0.4324789 0.3113899
0.3449221 0.3678152 0.2872626
0.3074849 0.365463 0.3270521
0.2700576 0.3936522 0.3362902
0.2900032 0.4400549 0.2699419
0.2435812 0.4174456 0.3389732
0.2527618 0.3616633 0.3855749
0.2998529 0.3701828 0.3299642
0.3333115 0.4040598 0.2626286
0.2519804 0.4436882 0.3043314
0.3009574 0.4225033 0.2765392
0.2816145 0.4301748 0.2882106
0.2266616 0.4360665 0.3372718
0.2573568 0.3653225 0.3773207
0.2963149 0.4720452 0.2316398
0.3013978 0.4154885 0.2831137
0.2618494 0.3807494 0.3574012
0.2264991 0.5176816 0.2558193
0.3005679 0.4209157 0.2785164
0.3198871 0.3496346 0.3304783
0.2925977 0.4220954 0.2853069
0.2056846 0.4934766 0.3008388
0.298818 0.4135675 0.2876145
0.3043857 0.3656887 0.3299256
0.3046831 0.4063549 0.2889621
0.2868847 0.4305389 0.2825764
0.3030788 0.373961 0.3229602
0.3396598 0.3744829 0.2858573
0.2444154 0.4705273 0.2850574
0.2795023 0.3741915 0.3463062
0.2510948 0.4245363 0.3243689
0.2587247 0.3553915 0.3858838
0.3071033 0.3823689 0.3105278
0.2586913 0.4022892 0.3390195
0.2650505 0.3620321 0.3729174
0.2628575 0.4605877 0.2765548
0.2594008 0.3897689 0.3508303
0.3312201 0.3495671 0.3192128
0.3586974 0.3705145 0.2707882
0.2607016 0.4206687 0.3186297
0.2869588 0.3847813 0.3282599
0.2874251 0.3427164 0.3698586
0.2597327 0.4110952 0.3291721
0.2740711 0.4488833 0.2770456
0.3239948 0.4183803 0.2576249
0.2096813 0.4467395 0.3435791
0.2854942 0.3786723 0.3358335
0.2911543 0.3558148 0.3530309
0.2589056 0.3942255 0.3468689
0.2764482 0.4751649 0.2483869
0.2791066 0.427975 0.2929184
0.293581 0.3595209 0.346898
0.2863462 0.4192622 0.2943915
0.2525459 0.3612431 0.386211
0.2628701 0.4026743 0.3344555
0.2939066 0.4794823 0.2266111
0.302582 0.4160621 0.2813559
0.2974127 0.5052627 0.1973246
0.2259628 0.5359617 0.2380755
0.2934881 0.3583976 0.3481143
0.3058259 0.4635104 0.2306637
0.2701755 0.4099518 0.3198727
0.2830131 0.4269374 0.2900495
0.2386314 0.4327183 0.3286502
0.2894008 0.3636336 0.3469656
0.4014472 0.3760577 0.222495
0.1841256 0.5025762 0.3132982
0.298248 0.3476659 0.3540861
0.3185368 0.391275 0.2901882
0.3051226 0.4034275 0.2914499
0.2756133 0.3746363 0.3497504
0.2393841 0.4761563 0.2844596
0.1932787 0.4807582 0.3259631
0.2853559 0.4693931 0.245251
0.1787078 0.4057572 0.415535
0.2486706 0.452916 0.2984134
0.2373345 0.4121198 0.3505457
0.3093382 0.3793108 0.3113511
0.2677665 0.3862823 0.3459512
0.270508 0.4642056 0.2652864
0.2952521 0.3432437 0.3615042
0.2968615 0.365516 0.3376224
0.23765 0.4218597 0.3404903
0.259495 0.4309681 0.3095368
0.2934593 0.3842966 0.3222442
0.2287329 0.4636637 0.3076034
0.3731843 0.3617164 0.2650993
0.2265505 0.3620832 0.4113663
0.2939112 0.3670673 0.3390215
0.2514771 0.3482169 0.400306
0.2642107 0.4160203 0.3197691
0.3119402 0.3954784 0.2925814
0.2709058 0.414634 0.3144602
0.2617436 0.4051363 0.3331202
0.1857869 0.4742111 0.340002
0.2590275 0.4405965 0.3003761
0.2229994 0.4781005 0.2989001
0.2661639 0.3670437 0.3667924
0.3014928 0.3795836 0.3189237
0.2738299 0.5061509 0.2200192
0.2760585 0.4268335 0.297108
0.257514 0.4152027 0.3272833
0.3090291 0.4566575 0.2343134
0.2906219 0.3530162 0.3563619
0.3303144 0.392134 0.2775516
0.2116052 0.4408916 0.3475032
0.2657858 0.4569929 0.2772214
0.2958477 0.436151 0.2680013
0.3447845 0.3903407 0.2648748
0.2875218 0.4893893 0.2230889
0.3526669 0.3688559 0.2784772
0.3290035 0.3757418 0.2952547
0.2089455 0.5352963 0.2557582
0.3495341 0.3157617 0.3347041
0.2642341 0.4333194 0.3024464
0.2417677 0.3973034 0.3609288
0.2727377 0.4940435 0.2332188
0.2633413 0.4212205 0.3154381
0.2747143 0.40823 0.3170557
0.1851715 0.4482784 0.3665501
0.242746 0.5305737 0.2266803
0.2286874 0.4401001 0.3312126
0.2498212 0.4633107 0.2868681
0.2419165 0.4233867 0.3346968
0.2619546 0.4422841 0.2957613
0.230982 0.4709308 0.2980872
0.299134 0.395186 0.30568
0.2873228 0.3934789 0.3191983
0.2882275 0.453802 0.2579705
0.2872662 0.412772 0.2999619
0.3411006 0.3581687 0.3007306
0.1759659 0.4582759 0.3657582
0.3686107 0.3545655 0.2768238
0.3377391 0.3558666 0.3063943
0.2568017 0.4208392 0.3223591
0.2786597 0.429155 0.2921853
0.3243889 0.3848698 0.2907414
0.2415106 0.4481145 0.3103749
0.3579234 0.2752095 0.3668671
0.3764663 0.2836095 0.3399242
0.3745427 0.3415321 0.2839253
0.3489689 0.3987305 0.2523006
0.2998235 0.38264 0.3175365
0.3563589 0.4309106 0.2127306
0.1975288 0.4294537 0.3730174
0.340752 0.3901965 0.2690515
0.2729982 0.3908609 0.3361409
0.2723467 0.43858 0.2890733
0.2814368 0.3732244 0.3453388
0.277146 0.3953455 0.3275085
0.292329 0.3707174 0.3369536
0.3063412 0.3920942 0.3015646
0.2751756 0.4281173 0.2967072
0.2679364 0.4444183 0.2876453
0.3106111 0.3954812 0.2939077
0.2998692 0.4375248 0.262606
0.2074732 0.4254396 0.3670872
0.3259236 0.3943694 0.279707
0.2285001 0.4076813 0.3638186
0.2099851 0.4285559 0.361459
0.2792065 0.4441532 0.2766403
0.3723694 0.333044 0.2945865
0.228639 0.4728169 0.298544
0.245616 0.4354943 0.3188896
0.2864263 0.3985788 0.3149949
0.3315043 0.411572 0.2569237
0.2470783 0.4359368 0.3169849
0.3029805 0.4332656 0.2637539
0.3011107 0.4323284 0.2665609
0.3227164 0.2927174 0.3845662
0.2862866 0.4244402 0.2892732
0.3457131 0.3296469 0.32464
0.2616789 0.4236076 0.3147134
0.3197981 0.3672603 0.3129417
0.2953902 0.3468699 0.3577399
0.260075 0.4517744 0.2881506
0.2657233 0.3769527 0.3573241
0.4213004 0.3229048 0.2557949
0.2817642 0.4223167 0.2959192
0.264128 0.4482917 0.2875803
0.2853942 0.4107253 0.3038804
0.2210985 0.4592516 0.3196499
0.339188 0.4089731 0.2518389
0.3228447 0.3502725 0.3268828
0.32205 0.4110331 0.266917
0.270151 0.4403137 0.2895354
0.289511 0.4000075 0.3104815
0.2478766 0.4104272 0.3416962
0.314911 0.3815193 0.3035696
0.3947952 0.3297646 0.2754402
0.2972821 0.4044463 0.2982716
0.2987709 0.4101345 0.2910946
0.3246421 0.2898822 0.3854757
0.346256 0.3841592 0.2695848
0.241181 0.4126763 0.3461428
0.2744155 0.4885406 0.2370439
0.322846 0.4162257 0.2609283
0.2923088 0.4366899 0.2710013
0.3054281 0.3474708 0.3471011
0.3281805 0.3295733 0.3422462
0.2105002 0.4975518 0.291948
0.3005013 0.3514878 0.3480109
0.2879247 0.4189775 0.2930978
0.2867569 0.4185339 0.2947092
0.2504459 0.4338442 0.3157099
0.3674365 0.2963035 0.3362599
0.2685753 0.4274272 0.3039975
0.2799629 0.4354053 0.2846318
0.2976737 0.4261256 0.2762007
0.3159336 0.3929429 0.2911235
0.2732099 0.4541611 0.2726289
0.2228052 0.4660387 0.3111561
0.2805655 0.4971199 0.2223146
0.2816044 0.3984965 0.3198991
0.210941 0.4915932 0.2974659
0.2909135 0.4145866 0.2944999
0.3194168 0.3922605 0.2883226
0.305422 0.3366611 0.3579169
0.2901544 0.396229 0.3136166
0.1981039 0.514601 0.2872951
0.2211553 0.4383932 0.3404515
0.3674615 0.2971872 0.3353513
0.2761119 0.4239203 0.2999678
0.3164643 0.414103 0.2694327
0.3024355 0.3719471 0.3256173
0.2363043 0.4675449 0.2961509
0.256567 0.4485684 0.2948646
0.1933284 0.4856949 0.3209767
0.2907142 0.4033114 0.3059744
0.2607671 0.4054637 0.3337692
0.3198857 0.4321086 0.2480056
0.2404589 0.4398395 0.3197016
0.3177591 0.4453198 0.2369211
0.2904907 0.3576812 0.351828
0.2570339 0.4479664 0.2949997
0.2238932 0.4734659 0.3026408
0.3070358 0.3749863 0.3179778
0.3126968 0.4157336 0.2715695
0.2812249 0.4163311 0.302444
0.2686947 0.4314349 0.2998704
0.3171802 0.2962859 0.3865339
0.2692457 0.4259185 0.3048358
0.3259151 0.3669422 0.3071427
0.2954568 0.4637309 0.2408123
0.3229181 0.4327777 0.2443042
0.2479444 0.4568774 0.2951782
0.27577 0.4331554 0.2910746
0.2436975 0.4227301 0.3335724
0.2986864 0.450338 0.2509756
0.2983513 0.3754639 0.3261848
0.3803129 0.3511909 0.2684961
0.303195 0.3225224 0.3742826
0.253761 0.4397394 0.3064996
0.3731548 0.375635 0.2512102
0.3065108 0.4023154 0.2911737
0.2720667 0.3777518 0.3501815
0.2580459 0.4312236 0.3107306
0.3066224 0.385949 0.3074286
0.2900086 0.4047154 0.3052761
0.2621276 0.4362354 0.301637
0.1948447 0.381762 0.4233933
0.3572581 0.4102615 0.2324804
0.2808615 0.4158565 0.303282
0.2479059 0.4159175 0.3361765
0.2916233 0.399134 0.3092428
0.2695568 0.4567322 0.2737109
0.1977795 0.4942855 0.3079349
0.3033074 0.3706468 0.3260458
0.2556511 0.4012764 0.3430724
0.2780047 0.4090114 0.3129839
0.3561788 0.3597991 0.2840221
0.3470728 0.365445 0.2874822
0.2849376 0.4279167 0.2871457
0.3541608 0.2925856 0.3532536
0.3151896 0.3538717 0.3309388
0.3046093 0.4288157 0.2665751
0.2243954 0.4480618 0.3275428
0.2767938 0.5242019 0.1990044
0.2585949 0.4163218 0.3250833
0.2895124 0.4779844 0.2325032
0.2111464 0.4842355 0.3046181
0.2052489 0.3456091 0.4491419
0.3166593 0.4072193 0.2761214
0.2925421 0.4262925 0.2811654
0.214435 0.4617806 0.3237844
0.3108981 0.4028526 0.2862493
0.2239206 0.467259 0.3088204
0.3921154 0.30127 0.3066146
0.3289132 0.4328884 0.2381984
0.2906656 0.3452148 0.3641195
0.1713286 0.5048413 0.3238302
0.2847201 0.3150544 0.4002255
0.2469639 0.4382992 0.3147369
0.2326529 0.4197363 0.3476107
0.3357364 0.3902103 0.2740533
0.2856361 0.4501588 0.264205
0.2470092 0.4143634 0.3386274
0.3432544 0.320132 0.3366136
0.2490486 0.4867749 0.2641766
0.264984 0.4908163 0.2441998
0.250392 0.4054407 0.3441673
0.2416742 0.4586289 0.2996968
0.2800004 0.3185009 0.4014987
0.2967672 0.360841 0.3423917
0.276222 0.4655769 0.2582011
0.2646397 0.4226715 0.3126887
0.3268722 0.3756511 0.2974767
0.3135423 0.4336155 0.2528422
0.323514 0.4099457 0.2665403
0.2968702 0.4278315 0.2752982
0.2507368 0.4573065 0.2919567
0.2674335 0.4389918 0.2935747
0.3144574 0.3788671 0.3066755
0.2900628 0.4611816 0.2487557
0.2518455 0.4153901 0.3327643
0.334553 0.430963 0.234484
0.2985748 0.4170169 0.2844082
0.3069621 0.3817777 0.3112601
0.375483 0.2846719 0.3398451
0.2158722 0.3845235 0.3996043
0.2757682 0.4540178 0.270214
0.2839888 0.4670648 0.2489464
0.3777851 0.3833235 0.2388914
0.3459731 0.3903909 0.2636359
0.2244687 0.4999032 0.2756281
0.3522898 0.38961 0.2581002
0.3167585 0.3594011 0.3238404
0.3760938 0.3821078 0.2417984
0.2603595 0.5064801 0.2331604
0.3373428 0.3630865 0.2995707
0.3824438 0.3382538 0.2793024
0.2285519 0.4261366 0.3453116
0.3013905 0.4172544 0.2813551
0.2533642 0.4560195 0.2906162
0.3687571 0.3671263 0.2641166
0.2740268 0.3854447 0.3405285
0.2409077 0.419063 0.3400293
0.2797939 0.3905265 0.3296796
0.2681287 0.4417774 0.2900939
0.2692233 0.4667451 0.2640317
0.3549591 0.3635819 0.2814591
0.2238836 0.4501344 0.325982
0.3072869 0.4406002 0.2521129
0.3062354 0.4345901 0.2591745
0.2549054 0.4176312 0.3274634
0.240945 0.4414502 0.3176048
0.1707751 0.526334 0.3028909
0.2582532 0.4077799 0.3339669
0.2734634 0.4504804 0.2760561
0.3145676 0.381504 0.3039284
0.3183498 0.3592544 0.3223958
0.2639789 0.4443085 0.2917126
0.3636031 0.4077262 0.2286707
0.230556 0.4771169 0.2923271
0.3734887 0.3423427 0.2841686
0.2887467 0.4095833 0.3016699
0.2300485 0.3960212 0.3739304
0.3431269 0.4578982 0.1989749
0.3429103 0.4326444 0.2244452
0.2748849 0.3949093 0.3302058
0.3008769 0.4934366 0.2056866
0.2415786 0.4548062 0.3036152
0.347234 0.3743485 0.2784175
0.3005403 0.340361 0.3590987
0.3244049 0.351918 0.3236771
0.2546993 0.4794988 0.2658019
0.2573233 0.4241063 0.3185704
0.2923024 0.3647757 0.3429219
0.2708896 0.3284881 0.4006223
0.2313352 0.5326755 0.2359893
0.3383159 0.3909128 0.2707713
0.325351 0.3707305 0.3039185
0.2772925 0.4139315 0.308776
0.3813617 0.3636222 0.2550161
0.3143128 0.4137284 0.2719588
0.3202997 0.349855 0.3298452
0.3374252 0.3757331 0.2868417
0.2385179 0.4554374 0.3060447
0.2787333 0.4537674 0.2674993
0.274996 0.4475241 0.2774798
0.2860802 0.367601 0.3463189
0.1949847 0.3781595 0.4268559
0.2458731 0.4457665 0.3083604
0.3689177 0.3043964 0.3266859
0.3316957 0.3623201 0.3059842
0.3153635 0.4459984 0.2386381
0.337874 0.3492834 0.3128426
0.2666943 0.4600691 0.2732366
0.2873938 0.4392741 0.2733321
0.2796313 0.4184309 0.3019378
0.3297834 0.4177077 0.2525089
0.2477022 0.4188171 0.3334807
0.2932326 0.3663776 0.3403898
0.3242712 0.3628759 0.3128529
0.2696255 0.4650486 0.2653259
0.3158412 0.324761 0.3593978
0.3159734 0.4680802 0.2159464
0.3203426 0.3866473 0.2930101
0.2626047 0.4289753 0.30842
0.2781746 0.4544802 0.2673452
0.36352 0.3687544 0.2677257
0.3430027 0.3359253 0.321072
0.1825545 0.5035002 0.3139454
0.2488021 0.4254611 0.3257368
0.236756 0.4704046 0.2928394
0.3118098 0.4556566 0.2325336
0.3014385 0.3635526 0.3350088
0.2575003 0.441527 0.3009726
0.3174036 0.3216224 0.360974
0.3041585 0.4375627 0.2582788
0.3023692 0.3529283 0.3447026
0.2615055 0.426614 0.3118804
0.269848 0.4202642 0.3098878
0.174811 0.5060802 0.3191088
0.2648564 0.4673668 0.2677768
0.306492 0.3759833 0.3175247
0.2535811 0.4453864 0.3010326
0.3236164 0.428652 0.2477316
0.3025746 0.3424083 0.3550171
0.2743446 0.3931402 0.3325151
0.2982253 0.4373137 0.264461
0.2891261 0.4268197 0.2840542
0.3119392 0.4088899 0.2791709
0.2239119 0.4969817 0.2791064
0.1936062 0.5078689 0.2985249
0.3336519 0.3974695 0.2688787
0.2274571 0.4718674 0.3006755
0.2816686 0.4550173 0.2633141
0.3311696 0.311265 0.3575654
0.285759 0.3969602 0.3172808
0.2624891 0.5064604 0.2310505
0.1966649 0.5469709 0.2563642
0.2348017 0.3779576 0.3872406
0.2071061 0.5244994 0.2683945
0.3021997 0.3801953 0.317605
0.4351917 0.3102857 0.2545226
0.2234965 0.4794784 0.2970251
0.2082317 0.4691902 0.322578
0.275968 0.4364124 0.2876196
0.307488 0.386713 0.305799
0.3395321 0.258102 0.4023659
0.2496422 0.4503635 0.2999942
0.272484 0.4673533 0.2601626
0.3115689 0.4267959 0.2616353
0.2276682 0.3941029 0.3782289
0.2649655 0.3494301 0.3856044
0.277371 0.3844149 0.338214
0.3765695 0.4204564 0.2029741
0.2237748 0.377353 0.3988722
0.2425284 0.4681993 0.2892723
0.3139696 0.320916 0.3651144
0.239286 0.3816789 0.3790351
0.2931333 0.3317463 0.3751204
0.2975296 0.3418604 0.3606099
0.2984565 0.3786146 0.3229289
0.2304897 0.4748637 0.2946465
0.2688384 0.4230379 0.3081237
0.2428771 0.4161166 0.3410063
0.2332812 0.4271774 0.3395415
0.2803362 0.3651681 0.3544957
0.2490438 0.4926951 0.2582612
0.3273485 0.4032351 0.2694164
0.3581794 0.3916143 0.2502063
0.3478571 0.3890642 0.2630787
0.2684797 0.4410831 0.2904372
0.3526736 0.3656171 0.2817093
0.2515349 0.4628634 0.2856017
0.2339701 0.4850537 0.2809763
0.3341164 0.3857373 0.2801464
0.3008164 0.377119 0.3220646
0.2207672 0.4683995 0.3108332
0.2329122 0.4933167 0.2737711
0.2767276 0.4000873 0.3231851
0.2567366 0.4488959 0.2943676
0.236885 0.4605696 0.3025454
0.3511086 0.3443163 0.3045751
0.2835351 0.4231514 0.2933135
0.2996323 0.3780407 0.322327
0.2548208 0.3872256 0.3579536
0.2538304 0.3591627 0.3870068
0.3252686 0.3358244 0.338907
0.2709579 0.4782663 0.2507759
0.2851045 0.4163519 0.2985435
0.2881732 0.4007457 0.3110811
0.2707819 0.4059753 0.3232428
0.2769044 0.4013203 0.3217753
0.3424443 0.4274507 0.230105
0.2999318 0.3557648 0.3443035
0.2802127 0.4411569 0.2786304
0.3095092 0.3654189 0.325072
0.3053192 0.3866197 0.3080612
0.2358092 0.418603 0.3455878
0.3001499 0.4002019 0.2996482
0.2721127 0.4021254 0.3257619
0.3573077 0.3686682 0.2740241
0.2917203 0.3995617 0.308718
0.2893657 0.4257 0.2849344
0.2784962 0.4657992 0.2557046
0.2433008 0.4454056 0.3112935
0.2526309 0.4728399 0.2745292
0.284752 0.3969198 0.3183282
0.2931241 0.3972852 0.3095907
0.26403 0.4293373 0.3066326
0.2256521 0.4391819 0.335166
0.3507946 0.3411401 0.3080653
0.228651 0.4850222 0.2863268
0.2972738 0.3410929 0.3616334
0.2155063 0.4693636 0.3151301
0.2529634 0.4553291 0.2917075
0.3084751 0.382505 0.3090199
0.2444971 0.3915006 0.3640022
0.2753885 0.3850811 0.3395304
0.2581453 0.436071 0.3057837
0.3487913 0.3732531 0.2779557
0.2621215 0.4538794 0.2839991
0.2823525 0.3625301 0.3551175
0.2102338 0.4012879 0.3884783
0.372454 0.3839491 0.2435969
0.2950193 0.429731 0.2752497
0.260888 0.461032 0.2780799
0.2707476 0.5088591 0.2203933
0.2677547 0.3840099 0.3482354
0.3622087 0.3153151 0.3224762
0.2746279 0.4238354 0.3015367
0.231679 0.4199372 0.3483838
0.2846944 0.4454029 0.2699027
0.3687188 0.3454175 0.2858636
0.2963413 0.4044226 0.299236
0.2303766 0.4504014 0.319222
0.3140914 0.4141235 0.2717851
0.3489711 0.4333586 0.2176702
0.2569838 0.457703 0.2853131
0.370851 0.3164385 0.3127106
0.2429817 0.4425104 0.3145079
0.3119885 0.3677628 0.3202487
0.3622935 0.2650837 0.3726228
0.2636551 0.4212313 0.3151135
0.1716935 0.4869516 0.3413549
0.2890014 0.4213085 0.2896901
0.3431636 0.3935517 0.2632847
0.2961408 0.446657 0.2572022
0.2949415 0.3397902 0.3652683
0.2708158 0.4355578 0.2936264
0.3580936 0.3828695 0.2590369
0.2840708 0.3850592 0.33087
0.3184292 0.3732854 0.3082855
0.3651245 0.3565044 0.2783712
0.306947 0.3439542 0.3490989
0.2911966 0.3807362 0.3280672
0.2657915 0.3701996 0.3640089
0.2606611 0.4346531 0.3046857
0.3047658 0.3315507 0.3636836
0.2914552 0.3853635 0.3231813
0.2529284 0.4196212 0.3274504
0.3181064 0.3503226 0.331571
0.2563252 0.4251232 0.3185515
0.245777 0.4404402 0.3137828
0.3266972 0.2852087 0.3880942
0.3436148 0.3574233 0.2989619
0.3044042 0.3318393 0.3637566
0.3466321 0.3674584 0.2859095
0.3173302 0.4008833 0.2817865
0.3483333 0.4007462 0.2509205
0.3244072 0.4528397 0.2227531
0.3500916 0.329869 0.3200394
0.2999404 0.4518263 0.2482333
0.2740309 0.4313077 0.2946615
0.3312322 0.4349259 0.2338418
0.2369963 0.4474389 0.3155648
0.2608022 0.3510233 0.3881745
0.2280052 0.4595777 0.3124171
0.3204788 0.3475931 0.3319281
0.2488376 0.4044938 0.3466686
0.257493 0.4750736 0.2674334
0.2201997 0.3950872 0.3847131
0.24224 0.4027196 0.3550405
0.3063672 0.3276612 0.3659716
0.2779917 0.4659586 0.2560497
0.2801364 0.4113458 0.3085178
0.2268151 0.4632698 0.3099151
0.2975837 0.4166896 0.2857267
0.2186208 0.3621354 0.4192439
0.2597704 0.4373669 0.3028627
0.3064508 0.3920342 0.301515
0.264635 0.4408313 0.2945337
0.2782925 0.3656017 0.3561057
0.2438792 0.4560598 0.300061
0.3289722 0.3704671 0.3005607
0.3138331 0.3582406 0.3279264
0.3565779 0.3137355 0.3296865
0.19273 0.4711841 0.336086
0.2921942 0.3428729 0.3649329
0.2414659 0.4117461 0.346788
0.2827336 0.3521376 0.3651289
0.2031898 0.4571352 0.339675
0.2801564 0.3343997 0.385444
0.2333668 0.4216339 0.3449993
0.2471534 0.4516154 0.3012311
0.2773216 0.3948269 0.3278516
0.327594 0.3437457 0.3286603
0.2397376 0.3958644 0.364398
0.268255 0.3403874 0.3913575
0.2788768 0.3178677 0.4032555
0.3294869 0.3796097 0.2909035
0.3279463 0.3826492 0.2894045
0.2184864 0.3866918 0.3948218
0.2952697 0.4654646 0.2392656
0.2172351 0.4007397 0.3820252
0.3262229 0.4086574 0.2651197
0.3118518 0.3732367 0.3149115
0.2964449 0.4437995 0.2597556
0.2859462 0.4093681 0.3046857
0.1889658 0.4728881 0.3381461
0.2753111 0.4463802 0.2783087
0.3379084 0.3862233 0.2758683
0.283629 0.4381516 0.2782194
0.3479806 0.3659672 0.2860522
0.249316 0.3939597 0.3567243
0.3012088 0.356539 0.3422522
0.2706652 0.3798887 0.3494461
0.3133087 0.3898543 0.2968371
0.2702522 0.4066969 0.3230509
0.2355139 0.489376 0.2751101
0.2795332 0.3640922 0.3563746
0.3787205 0.3351147 0.2861648
0.3390922 0.3744864 0.2864214
0.2748486 0.4180673 0.307084
0.2862034 0.3320168 0.3817798
0.2598969 0.3882245 0.3518786
0.2557415 0.3089278 0.4353307
0.3737897 0.3129505 0.3132599
0.2598146 0.4096404 0.330545
0.2090668 0.417977 0.3729562
0.3423529 0.4169481 0.240699
0.3347561 0.3870707 0.2781732
0.2688635 0.4959689 0.2351675
0.2313302 0.4423349 0.3263349
0.2933839 0.4402606 0.2663556
0.2427376 0.4015859 0.3556765
0.2078525 0.4632398 0.3289077
0.2656452 0.4461334 0.2882214
0.3002258 0.4323419 0.2674323
0.2371869 0.4827979 0.2800152
0.3884959 0.4120327 0.1994714
0.2501655 0.3871959 0.3626386
0.331091 0.4202109 0.2486981
0.2679901 0.4032455 0.3287644
0.343766 0.3668938 0.2893402
0.3168521 0.3742336 0.3089142
0.2901077 0.4291318 0.2807604
0.266999 0.4765266 0.2564744
0.2409199 0.4532052 0.3058748
0.2612374 0.4451149 0.2936477
0.2674846 0.3903225 0.3421929
0.3869646 0.3902709 0.2227644
0.2592259 0.4720262 0.2687479
0.3312974 0.3695441 0.2991585
0.2869313 0.3626618 0.3504068
0.2685573 0.3973052 0.3341374
0.3214729 0.3763312 0.3021959
0.2575166 0.4512486 0.2912348
0.2534177 0.4366931 0.3098892
0.2094392 0.4427038 0.347857
0.2543362 0.3869979 0.3586659
0.2720734 0.4815168 0.2464098
0.3687534 0.3605936 0.270653
0.2929999 0.3862357 0.3207644
0.1863889 0.4592204 0.3543907
0.3837657 0.3438055 0.2724288
0.3337739 0.3401841 0.326042
0.2436125 0.460778 0.2956094
0.3080245 0.4654038 0.2265718
0.3523752 0.3509616 0.2966632
0.274929 0.3853898 0.3396812
0.2978354 0.4318773 0.2702873
0.3010841 0.3905344 0.3083815
0.2487106 0.3794278 0.3718616
0.3606165 0.3600471 0.2793364
0.2394001 0.3829761 0.3776238
0.2105529 0.4231477 0.3662994
0.2953876 0.3748183 0.3297941
0.2897057 0.3937923 0.316502
0.3338273 0.3855693 0.2806035
0.1849859 0.4852075 0.3298067
0.3279239 0.4208369 0.2512392
0.2950932 0.3980692 0.3068376
0.2947056 0.4353716 0.2699228
0.2981818 0.3741552 0.327663
0.2588918 0.3795159 0.3615923
0.3171161 0.3989586 0.2839253
0.2130072 0.4598456 0.3271471
0.3090981 0.4814091 0.2094928
0.2803765 0.3171985 0.4024249
0.2479298 0.4356335 0.3164366
0.2511831 0.3970418 0.3517751
0.2622582 0.4281535 0.3095883
0.2799909 0.4766161 0.243393
0.2524639 0.4822783 0.2652579
0.2350279 0.3832765 0.3816957
0.3298284 0.3516724 0.3184993
0.2975413 0.4850913 0.2173674
0.3091143 0.4113897 0.279496
0.2448132 0.4563691 0.2988177
0.2581285 0.4685032 0.2733684
0.2875197 0.4456296 0.2668507
0.3159076 0.3989891 0.2851033
0.3782844 0.3934053 0.2283103
0.3078316 0.3687529 0.3234155
0.3349338 0.3763812 0.2886851
0.285803 0.3673031 0.3468939
0.2402009 0.4355077 0.3242914
0.2627426 0.4158921 0.3213653
0.3025737 0.4878125 0.2096138
0.2539492 0.3713476 0.3747032
0.3184584 0.402811 0.2787306
0.4290526 0.251539 0.3194085
0.3227215 0.3914271 0.2858513
0.3341652 0.3651573 0.3006775
0.2967447 0.3784925 0.3247628
0.2333599 0.3493838 0.4172563
0.2040681 0.4706508 0.325281
0.3087012 0.3902089 0.3010899
0.3400534 0.4453679 0.2145787
0.2872349 0.4066773 0.3060878
0.2190948 0.5080606 0.2728446
0.303963 0.4129578 0.2830792
0.3507526 0.3339904 0.315257
0.3257377 0.3631748 0.3110875
0.2383735 0.4927465 0.26888
0.2395977 0.4949648 0.2654375
0.3260365 0.3477289 0.3262346
0.2855896 0.3765418 0.3378685
0.27786 0.3648353 0.3573047
0.1933998 0.4640807 0.3425195
0.2877974 0.2994526 0.4127501
0.2981555 0.4260094 0.2758351
0.2681099 0.391112 0.3407781
0.2589984 0.4026645 0.3383371
0.2142346 0.5441116 0.2416538
0.264192 0.393337 0.342471
0.2662682 0.3683085 0.3654233
0.3114929 0.3983618 0.2901453
0.1857399 0.4614588 0.3528013
0.394229 0.3415999 0.2641711
0.2840312 0.4518899 0.2640789
0.3194557 0.3293592 0.3511851
0.2584092 0.3812691 0.3603217
0.2723808 0.3812503 0.3463689
0.2935732 0.4620512 0.2443756
0.3018103 0.3945741 0.3036155
0.2311634 0.4388985 0.3299381
0.2636846 0.4526823 0.2836331
0.3401091 0.3630175 0.2968735
0.2570374 0.3525881 0.3903745
0.2990509 0.346576 0.3543731
0.2684474 0.3912067 0.340346
0.3458066 0.3342796 0.3199139
0.3386817 0.3425634 0.3187549
0.2703136 0.3787582 0.3509282
0.2368752 0.4242167 0.3389081
0.2954434 0.4236291 0.2809275
0.3229609 0.4087252 0.2683139
0.2526171 0.4521738 0.2952091
0.2495368 0.4186041 0.3318591
0.2478413 0.4861348 0.266024
0.2811371 0.4532168 0.2656461
0.3201123 0.3508228 0.3290649
0.3564581 0.4341504 0.2093915
0.2436199 0.4562264 0.3001537
0.2878699 0.4353207 0.2768094
0.2953572 0.4116586 0.2929841
0.2412854 0.4637521 0.2949624
0.2584946 0.325622 0.4158833
0.2482943 0.459339 0.2923667
0.2835973 0.3968444 0.3195583
0.339532 0.3752309 0.2852371
0.2395466 0.4304095 0.3300439
0.3254817 0.3511843 0.323334
0.3365078 0.3628824 0.3006097
0.2880566 0.3971378 0.3148056
0.2793305 0.3826257 0.3380438
0.2732163 0.4267203 0.3000633
0.2285838 0.5045895 0.2668267
0.3374377 0.3583386 0.3042237
0.3092142 0.4592188 0.231567
0.272687 0.360348 0.366965
0.2507168 0.3481774 0.4011058
0.2477072 0.5378225 0.2144703
0.2763112 0.4156581 0.3080308
0.2955228 0.3504628 0.3540144
0.2727115 0.416272 0.3110165
0.2392606 0.4171523 0.3435871
0.2584908 0.4229381 0.3185711
0.3007961 0.3558188 0.343385
0.2536088 0.3728874 0.3735038
0.2742829 0.4546369 0.2710802
0.3873018 0.3253784 0.2873198
0.4069068 0.3727386 0.2203546
0.2346928 0.4257075 0.3395997
0.2566922 0.4739005 0.2694073
0.3009706 0.3660724 0.332957
0.2853265 0.4297036 0.2849699
0.2532116 0.407795 0.3389934
0.2854471 0.3916024 0.3229505
0.2219047 0.3354521 0.4426432
0.2264536 0.4542814 0.319265
0.1478999 0.5073226 0.3447775
0.279315 0.414291 0.306394
0.251892 0.4593346 0.2887734
0.2682629 0.4388816 0.2928555
0.2759194 0.4951011 0.2289795
0.2237347 0.4755689 0.3006964
0.2404343 0.4369339 0.3226318
0.360744 0.3795955 0.2596605
0.2796879 0.397177 0.3231351
0.2823546 0.428213 0.2894324
0.3463784 0.3611336 0.292488
0.2799605 0.3557809 0.3642585
0.2657907 0.3918264 0.3423829
0.2547468 0.3619864 0.3832668
0.1541326 0.4919408 0.3539266
0.3199685 0.4131165 0.266915
0.2723182 0.416953 0.3107287
0.2085184 0.4319126 0.359569
0.2652193 0.4156117 0.319169
0.2315785 0.4859792 0.2824423
0.3516971 0.3691341 0.2791688
0.2753499 0.3587997 0.3658505
0.3373033 0.317778 0.3449187
0.3182787 0.3913674 0.2903539
0.3172686 0.4486961 0.2340353
0.26311 0.3658498 0.3710402
0.2814865 0.4000991 0.3184144
0.2837899 0.4571871 0.2590229
0.2574327 0.4280318 0.3145355
0.223437 0.5191726 0.2573903
0.2166656 0.4822359 0.3010985
0.2676157 0.3451204 0.387264
0.3517559 0.3709729 0.2772713
0.2015141 0.5178702 0.2806157
0.2593853 0.5086974 0.2319173
0.3538768 0.3918648 0.2542584
0.2747419 0.4165302 0.3087279
0.2332919 0.458053 0.3086552
0.3008055 0.4275986 0.2715959
0.3351884 0.3406761 0.3241355
0.3782497 0.3773158 0.2444344
0.3144681 0.3252222 0.3603096
0.2966179 0.4090299 0.2943522
0.3278711 0.376069 0.29606
0.2070797 0.4372797 0.3556405
0.312169 0.4433957 0.2444353
0.2847068 0.4336592 0.2816341
0.3050014 0.3884096 0.306589
0.2180615 0.3920694 0.3898691
0.3180918 0.4146077 0.2673005
0.213774 0.4457352 0.3404907
0.3200354 0.4699958 0.2099688
0.3006339 0.400042 0.2993241
0.2835722 0.3744321 0.3419957
0.283884 0.3974691 0.3186468
0.2582739 0.4328891 0.308837
0.37748 0.3745248 0.2479951
0.3006063 0.3861023 0.3132914
0.3558673 0.3392777 0.304855
0.2341055 0.4473827 0.3185118
0.2569141 0.4220568 0.3210291
0.2620205 0.3845301 0.3534494
0.3145286 0.4162245 0.2692469
0.2921633 0.3752481 0.3325886
0.2887437 0.4088817 0.3023746
0.2571778 0.4439124 0.2989099
0.3041117 0.3634421 0.3324462
0.3401496 0.3196862 0.3401642
0.2857482 0.3882143 0.3260375
0.2597308 0.3589232 0.381346
0.2635916 0.4250998 0.3113086
0.2378261 0.4912883 0.2708856
