"p_1" "p_2" "p_3"
0.7896759 0.1569668 0.05335725
0.7842725 0.163275 0.0524525
0.7874665 0.1624946 0.05003888
0.7787026 0.1724556 0.04884183
0.7768709 0.1691417 0.05398733
0.7715141 0.1712913 0.05719463
0.7623227 0.1729726 0.06470465
0.7733125 0.1676339 0.0590536
0.7821025 0.1583173 0.05958013
0.7871381 0.1636577 0.04920416
0.76238 0.1812783 0.05634175
0.7722464 0.1689481 0.05880546
0.7800559 0.1724303 0.04751381
0.7732773 0.1746457 0.05207701
0.7899707 0.1566532 0.05337613
0.7769927 0.1624494 0.06055796
0.7866189 0.1617842 0.05159693
0.7870972 0.1608971 0.05200572
0.7761364 0.1707937 0.05306988
0.7853025 0.1571812 0.05751631
0.7915525 0.1517364 0.05671112
0.7884563 0.1593879 0.05215579
0.7706416 0.159723 0.06963542
0.7920067 0.1508684 0.05712486
0.7759311 0.1736111 0.0504578
0.7593953 0.184279 0.05632566
0.7739618 0.1654003 0.06063795
0.7646089 0.1728969 0.06249421
0.771578 0.1707895 0.05763249
0.7807449 0.1600873 0.05916779
0.7536693 0.1838371 0.06249358
0.8099265 0.144919 0.04515447
0.7390994 0.1992584 0.06164219
0.7682826 0.1706349 0.06108243
0.7791391 0.1633832 0.05747771
0.7958378 0.153589 0.05057318
0.7951021 0.1626916 0.0422063
0.7700707 0.1813008 0.04862854
0.7762701 0.1605887 0.06314121
0.802422 0.1543475 0.04323056
0.7801939 0.1629806 0.05682545
0.7869293 0.1654777 0.04759307
0.7480058 0.2042786 0.04771563
0.7802994 0.1656228 0.05407785
0.7748662 0.1708458 0.05428798
0.763806 0.1820997 0.05409432
0.7743344 0.1708221 0.05484345
0.7725356 0.1778543 0.04961014
0.784613 0.1751641 0.04022288
0.77308 0.1717237 0.05519627
0.7660255 0.1705107 0.06346372
0.7940243 0.1506117 0.05536404
0.804483 0.1510513 0.04446575
0.7687252 0.179718 0.05155682
0.7985433 0.1558433 0.04561346
0.761199 0.1842733 0.05452771
0.7899675 0.1602093 0.04982315
0.7716806 0.1769366 0.05138284
0.7589319 0.1632642 0.07780391
0.7796848 0.17404 0.04627514
0.7851821 0.159951 0.05486686
0.7769744 0.1703318 0.05269383
0.7654445 0.1715708 0.0629847
0.7664337 0.1806093 0.05295698
0.7859445 0.1529056 0.06114996
0.8243239 0.1271416 0.04853456
0.7771427 0.1696477 0.05320955
0.7841112 0.1390843 0.07680446
0.7671646 0.172563 0.0602724
0.7808491 0.1655374 0.05361349
0.760279 0.1626123 0.07710876
0.7948235 0.1604428 0.04473369
0.7820007 0.1832659 0.03473338
0.7625878 0.1767653 0.06064686
0.8001736 0.1446187 0.05520774
0.7830582 0.1569 0.06004173
0.7648983 0.1789405 0.05616121
0.7634295 0.1810005 0.05556997
0.7946294 0.1437662 0.06160433
0.7635397 0.1855279 0.05093234
0.7863774 0.1581758 0.05544684
0.7926534 0.1507314 0.05661523
0.8040989 0.1478347 0.04806639
0.7778275 0.171823 0.05034943
0.7834487 0.1673154 0.04923595
0.8016032 0.1546666 0.04373026
0.7695833 0.1857815 0.04463522
0.7811732 0.1615431 0.05728373
0.7906425 0.1615354 0.04782203
0.7838289 0.1589069 0.05726415
0.783895 0.1637756 0.0523294
0.7883162 0.1564801 0.05520371
0.7852728 0.1549308 0.05979639
0.7623537 0.1775177 0.06012859
0.7689061 0.1650399 0.06605398
0.7683117 0.1685567 0.06313159
0.7576477 0.1754082 0.06694411
0.7708438 0.1763784 0.05277775
0.7907222 0.1610979 0.04817993
0.7755381 0.1652036 0.05925834
0.7889193 0.1542586 0.05682206
0.7690085 0.1778523 0.05313913
0.7851907 0.1723392 0.04247004
0.7924193 0.1606263 0.04695439
0.7711973 0.1772283 0.05157447
0.7757723 0.1783139 0.04591379
0.7714273 0.1673269 0.06124588
0.7801318 0.1530036 0.06686461
0.7866807 0.1715794 0.04173987
0.7610427 0.1868776 0.05207962
0.7423142 0.1816902 0.07599566
0.7800523 0.163327 0.05662073
0.7745624 0.1720984 0.05333919
0.7885863 0.1596686 0.05174506
0.7944872 0.1596634 0.04584935
0.7872723 0.1668032 0.0459245
0.7878728 0.1550103 0.05711689
0.7799758 0.1691462 0.05087803
0.7841898 0.1697073 0.04610283
0.7795691 0.1734159 0.04701505
0.7564737 0.1866234 0.05690288
0.7854907 0.1672916 0.04721768
0.7812619 0.1714755 0.04726263
0.7826334 0.1676559 0.04971069
0.7521147 0.1874882 0.06039713
0.7897562 0.1656667 0.04457702
0.8019367 0.1491712 0.04889216
0.7741877 0.1528106 0.07300173
0.7985469 0.1556547 0.04579847
0.7806599 0.1622182 0.05712187
0.7769552 0.1799428 0.04310204
0.7684648 0.1819687 0.04956645
0.7875062 0.1670324 0.0454614
0.8130814 0.1378701 0.04904847
0.7698654 0.1764409 0.05369371
0.7767814 0.1574097 0.06580892
0.7758991 0.1690067 0.05509427
0.7864647 0.1582681 0.05526715
0.7610741 0.1768726 0.06205321
0.7632357 0.1820399 0.05472436
0.780269 0.1662855 0.05344548
0.7861274 0.1625945 0.05127806
0.7531894 0.1895441 0.05726649
0.7713286 0.1650242 0.06364719
0.7599627 0.1891188 0.05091848
0.7712679 0.1708762 0.0578559
0.7755666 0.1737253 0.05070806
0.7813069 0.1574947 0.06119841
0.7507363 0.1774065 0.07185729
0.7945423 0.1545285 0.05092919
0.7815605 0.1665507 0.05188876
0.8093018 0.1462709 0.04442732
0.7880181 0.1668367 0.04514515
0.7691283 0.1695243 0.06134748
0.7825692 0.1625413 0.05488947
0.7766948 0.1772881 0.04601704
0.8151683 0.1443529 0.04047882
0.8023299 0.1464877 0.05118237
0.7922823 0.1518734 0.05584435
0.7749679 0.1730167 0.05201536
0.7645752 0.1809865 0.05443836
0.7775357 0.1710813 0.05138298
0.7733495 0.1652578 0.06139276
0.758474 0.1885956 0.05293042
0.7730695 0.1738587 0.05307173
0.7885921 0.1610676 0.05034026
0.7629079 0.1834469 0.05364521
0.7649808 0.1637887 0.07123049
0.78198 0.155035 0.06298502
0.776459 0.1586192 0.0649218
0.7867265 0.1650841 0.0481894
0.765753 0.1720874 0.06215965
0.7833845 0.1596689 0.05694663
0.7898513 0.159412 0.05073668
0.7732694 0.173577 0.05315357
0.7767379 0.1612157 0.06204639
0.7917904 0.1474352 0.06077439
0.7928997 0.1571514 0.04994884
0.7747783 0.1732905 0.05193123
0.7900254 0.1530908 0.0568838
0.7728803 0.1865846 0.04053508
0.7718261 0.1795713 0.0486026
0.7829402 0.1675281 0.04953165
0.7868674 0.1606666 0.05246607
0.7612545 0.1828797 0.05586578
0.773683 0.1656835 0.06063355
0.8052623 0.1548883 0.03984943
0.7507136 0.192234 0.0570524
0.7817505 0.1654286 0.05282095
0.7753722 0.1818817 0.04274614
0.7793827 0.1731493 0.04746798
0.7582196 0.1877551 0.05402527
0.7759255 0.1839652 0.04010929
0.8018827 0.1483114 0.04980584
0.7778996 0.1729359 0.0491645
0.7782891 0.1667898 0.05492115
0.7780195 0.1628633 0.05911716
0.757445 0.1762723 0.06628273
0.7751774 0.1715309 0.05329176
0.7826032 0.157663 0.05973384
0.7683481 0.1763924 0.0552595
0.7961726 0.1434064 0.060421
0.7766612 0.1803119 0.04302689
0.7636585 0.1757025 0.06063902
0.7903478 0.1466001 0.06305205
0.7847966 0.1422075 0.07299588
0.7851376 0.1656332 0.0492292
0.7768091 0.163202 0.05998887
0.7822913 0.1553854 0.06232329
0.7869501 0.1653649 0.04768495
0.7893977 0.1534665 0.05713578
0.7721289 0.1737625 0.05410867
0.8133243 0.1469452 0.03973047
0.7753261 0.1587126 0.06596129
0.7871934 0.1681716 0.04463505
0.7906895 0.1573925 0.05191797
0.7708134 0.1884304 0.04075615
0.7873746 0.1516063 0.06101908
0.7460242 0.2023562 0.05161965
0.7923348 0.1572231 0.05044213
0.7808943 0.1636184 0.05548737
0.7681527 0.1640708 0.06777652
0.783808 0.1587362 0.05745581
0.7924432 0.1575461 0.05001072
0.7808684 0.1742077 0.04492389
0.7776777 0.1703134 0.05200894
0.8051785 0.1517297 0.04309183
0.7785971 0.1609894 0.06041352
0.7808437 0.1672953 0.05186098
0.7688307 0.1716305 0.05953876
0.7777081 0.1570856 0.06520627
0.7865264 0.152415 0.0610586
0.7553212 0.1795057 0.06517304
0.7937076 0.14871 0.05758237
0.7923257 0.1588906 0.04878375
0.7809668 0.1615281 0.05750507
0.7751362 0.1587475 0.0661163
0.7764863 0.1698718 0.05364198
0.7915498 0.1608426 0.04760763
0.7741564 0.1586957 0.06714793
0.7722966 0.1645992 0.0631042
0.7789564 0.1619659 0.05907769
0.7903416 0.15488 0.05477839
0.7753178 0.1705367 0.05414558
0.7973669 0.1558849 0.04674816
0.7789363 0.1681262 0.05293747
0.7769705 0.168872 0.05415743
0.7928096 0.1494038 0.05778668
0.8098651 0.1469651 0.04316981
0.7759583 0.1568981 0.06714352
0.7656786 0.1806089 0.05371252
0.7883192 0.1699089 0.04177194
0.796329 0.1442105 0.05946051
0.7534403 0.1885242 0.05803546
0.7707165 0.1833032 0.04598026
0.8077275 0.1543862 0.03788635
0.7693238 0.1764443 0.05423192
0.7746398 0.1746362 0.05072402
0.7663735 0.1748081 0.05881846
0.7778975 0.1709076 0.05119492
0.7738416 0.1615292 0.06462925
0.7809683 0.160955 0.05807667
0.7822571 0.1603236 0.05741937
0.7958119 0.1403834 0.06380469
0.7831121 0.1681599 0.04872796
0.7733423 0.171314 0.05534368
0.7751542 0.1596389 0.06520693
0.7806281 0.1672247 0.05214714
0.7918938 0.1580786 0.05002765
0.7671951 0.1774935 0.05531133
0.7545672 0.1885703 0.05686249
0.7831443 0.1681095 0.04874617
0.789932 0.1546879 0.05538012
0.7947279 0.1507151 0.05455698
0.7825053 0.1650411 0.05245364
0.7851995 0.1630436 0.05175689
0.768934 0.1678624 0.06320358
0.7736541 0.1840943 0.04225158
0.7817534 0.1729452 0.04530138
0.7413066 0.2041274 0.05456603
0.7612043 0.1819779 0.05681784
0.7795948 0.1674529 0.05295235
0.7801162 0.1742282 0.04565552
0.7907 0.1653782 0.04392186
0.7732241 0.1678264 0.0589495
0.7839137 0.1711655 0.04492082
0.7692324 0.1772059 0.0535617
0.7729163 0.1750571 0.05202665
0.7799477 0.1595781 0.06047416
0.7825709 0.1624683 0.05496075
0.7714093 0.1755147 0.05307601
0.7726533 0.1622233 0.06512344
0.7768496 0.1629259 0.06022447
0.7668027 0.1789855 0.05421178
0.7705947 0.1697753 0.05963005
0.768978 0.1815659 0.04945611
0.7768711 0.1701922 0.05293669
0.7944264 0.1528205 0.0527531
0.7778976 0.1518968 0.07020555
0.7678587 0.1758186 0.05632275
0.7925892 0.1513971 0.05601377
0.7826676 0.1688582 0.04847417
0.8033729 0.1476165 0.04901057
0.7919917 0.1492846 0.05872377
0.7946021 0.1407933 0.0646046
0.7767419 0.1647512 0.05850697
0.7824435 0.1606771 0.0568794
0.7926104 0.1664847 0.04090487
0.7927941 0.1568621 0.05034376
0.7509122 0.1840141 0.06507364
0.7755654 0.1694282 0.0550064
0.783288 0.1675746 0.04913737
0.7552788 0.1812388 0.06348242
0.7874084 0.1563673 0.05622433
0.7760913 0.1645604 0.05934825
0.7890405 0.1635032 0.04745629
0.78338 0.1649456 0.05167441
0.7749332 0.1683763 0.05669044
0.7970283 0.1588898 0.04408188
0.7500612 0.1761099 0.0738289
0.7508733 0.1966919 0.05243484
0.7753899 0.1719813 0.05262884
0.7736061 0.1714634 0.05493052
0.7798523 0.1531904 0.06695737
0.7627118 0.1812655 0.05602275
0.7926832 0.1484189 0.05889791
0.7857242 0.1529166 0.06135914
0.7823491 0.1696681 0.04798274
0.779564 0.1681934 0.05224268
0.7804027 0.1579287 0.06166863
0.7798062 0.169136 0.05105775
0.7594926 0.1856034 0.05490404
0.7888621 0.153164 0.0579739
0.7722382 0.1701999 0.05756192
0.7627947 0.1907684 0.04643691
0.7574257 0.1889961 0.05357819
0.787564 0.1584951 0.0539409
0.7652559 0.1756681 0.05907598
0.76928 0.1759387 0.05478128
0.795445 0.1686245 0.03593041
0.7810212 0.1612394 0.05773935
0.7852198 0.1623943 0.05238586
0.7841086 0.1620062 0.05388519
0.7984323 0.1523313 0.04923631
0.7983282 0.1515766 0.05009518
0.7814446 0.1677983 0.05075717
0.7781971 0.1611366 0.06066632
0.7621229 0.1674267 0.07045036
0.7685292 0.1788372 0.05263365
0.7809782 0.1666994 0.0523224
0.7841306 0.1612332 0.05463622
0.781071 0.1545853 0.06434375
0.7756352 0.1753457 0.04901904
0.7722141 0.1681423 0.05964356
0.7969417 0.1556482 0.04741007
0.791473 0.1506604 0.05786651
0.795774 0.1647509 0.0394751
0.7582379 0.1696312 0.07213085
0.7624999 0.1698174 0.06768265
0.80785 0.1458918 0.0462582
0.7804286 0.1672903 0.05228105
0.7845575 0.1585267 0.05691588
0.7805113 0.1624755 0.05701326
0.7957942 0.1493501 0.05485576
0.7594093 0.1718154 0.06877528
0.7940429 0.1435007 0.06245635
0.7899843 0.1484952 0.06152053
0.7796511 0.168673 0.05167593
0.796418 0.1463505 0.05723151
0.7835309 0.1693121 0.04715699
0.7847428 0.1591554 0.0561018
0.7754727 0.1677498 0.0567775
0.7955975 0.1597639 0.04463859
0.7911403 0.1528546 0.05600516
0.8082581 0.1455554 0.04618654
0.7884246 0.1562995 0.05527587
0.7904091 0.1534634 0.05612758
0.7955383 0.151993 0.05246864
0.774147 0.1708709 0.05498207
0.7830217 0.1597811 0.05719725
0.7681422 0.1723231 0.05953468
0.7897552 0.1444732 0.06577159
0.776963 0.1579914 0.06504555
0.746685 0.1877893 0.06552571
0.7979715 0.141524 0.06050442
0.7756599 0.1766316 0.04770851
0.7792619 0.1655909 0.05514718
0.7919924 0.155635 0.05237258
0.761817 0.1787026 0.05948031
0.778211 0.1679972 0.05379189
0.7653513 0.167018 0.06763075
0.7746433 0.1620864 0.0632703
0.7618931 0.1847297 0.05337722
0.8004882 0.1486167 0.0508951
0.7735796 0.1724534 0.05396695
0.7979252 0.1452535 0.05682129
0.781773 0.1765966 0.0416304
0.7752927 0.1711378 0.05356956
0.7570598 0.1785356 0.0644046
0.7758962 0.1753332 0.04877066
0.7698683 0.1795565 0.05057524
0.7719254 0.1690152 0.05905939
0.7893205 0.1552657 0.05541382
0.7629184 0.1907322 0.04634948
0.7828821 0.1653753 0.05174254
0.7749705 0.1770208 0.04800869
0.7799902 0.166732 0.05327785
0.7725366 0.183944 0.04351933
0.7779718 0.174842 0.04718615
0.7698202 0.1687551 0.06142465
0.7932954 0.1620941 0.04461051
0.7996352 0.1528445 0.04752033
0.7881685 0.1531663 0.05866526
0.7785697 0.1724732 0.04895712
0.7804502 0.1827855 0.03676431
0.7881976 0.1644993 0.04730308
0.7923833 0.1634711 0.0441456
0.7887064 0.1650951 0.04619848
0.8017507 0.1580662 0.04018314
0.7593139 0.1824514 0.05823465
0.7431651 0.1929147 0.0639202
0.7915723 0.1583103 0.05011747
0.7915869 0.1622045 0.04620864
0.7641056 0.1734989 0.0623955
0.7790907 0.1563078 0.06460149
0.7824579 0.1571244 0.06041766
0.7794986 0.1613078 0.05919359
0.7888535 0.1620635 0.04908309
0.7779902 0.1613336 0.06067621
0.7978206 0.1569122 0.0452672
0.7936191 0.1574288 0.04895211
0.7926313 0.1654285 0.04194023
0.7716549 0.1720043 0.05634077
0.7699699 0.168134 0.06189608
0.7760911 0.1598717 0.06403728
0.7778261 0.1720993 0.05007464
0.7990474 0.1531077 0.04784498
0.7682186 0.1645324 0.06724897
0.7823821 0.1719983 0.04561967
0.7609615 0.1859723 0.05306621
0.7919432 0.159173 0.0488838
0.7926799 0.1619601 0.04536007
0.7792859 0.159459 0.06125507
0.7866752 0.1697449 0.04357998
0.7651145 0.1931229 0.04176262
0.772102 0.1645049 0.06339308
0.8101262 0.1461108 0.04376309
0.7984361 0.1367365 0.0648274
0.7802994 0.1673021 0.05239851
0.7585284 0.1805184 0.06095323
0.7777636 0.155773 0.06646331
0.7815714 0.1567438 0.06168471
0.7581048 0.1806037 0.06129152
0.7697109 0.1743794 0.0559097
0.7901434 0.1546688 0.05518782
0.7815943 0.1722743 0.04613146
0.7790099 0.1654921 0.05549791
0.7844639 0.1670926 0.04844347
0.7733048 0.1494321 0.07726306
0.7767433 0.1626583 0.06059838
0.7931697 0.1495256 0.05730469
0.7896056 0.1715631 0.03883131
0.7889038 0.1659276 0.04516855
0.7877908 0.1502686 0.06194058
0.8013649 0.1504987 0.04813633
0.7687213 0.169755 0.06152367
0.768167 0.1763653 0.05546777
0.7988737 0.1586278 0.04249851
0.7635882 0.1682384 0.06817336
0.7812101 0.1601732 0.05861665
0.7891656 0.1640367 0.04679768
0.7766743 0.1677261 0.05559966
0.7474292 0.1976576 0.05491318
0.7799394 0.1683736 0.05168708
0.7879592 0.1610646 0.05097622
0.7900024 0.1519007 0.0580969
0.7839251 0.1733671 0.04270775
0.7601876 0.177974 0.06183843
0.7746691 0.1642463 0.06108457
0.7811696 0.1691568 0.04967357
0.7575418 0.17856 0.06389824
0.7825988 0.1720422 0.04535901
0.7641644 0.1775832 0.0582524
0.7895053 0.1579177 0.052577
0.789614 0.163373 0.04701294
0.7709036 0.1690938 0.06000264
0.7702011 0.1802097 0.04958919
0.7945449 0.1500613 0.05539374
0.775658 0.1728574 0.05148456
0.765206 0.1719253 0.0628687
0.7720285 0.1707107 0.05726082
0.8025817 0.1422042 0.0552141
0.783747 0.1668495 0.04940348
0.7992911 0.1493677 0.05134119
0.7829555 0.1587298 0.05831473
0.7958389 0.1514126 0.05274845
0.7973876 0.1519621 0.05065037
0.7833307 0.1586819 0.05798741
0.7637508 0.1749592 0.06128996
0.7737276 0.1750809 0.05119156
0.7722022 0.1796706 0.0481272
0.8029515 0.1526095 0.04443899
0.7926322 0.1607754 0.04659243
0.7872074 0.1476972 0.06509544
0.7971965 0.1446284 0.05817502
0.8071215 0.1521275 0.040751
0.7543388 0.1797996 0.06586159
0.7681792 0.175781 0.05603986
0.772875 0.1828631 0.04426187
0.8019883 0.1423559 0.05565581
0.7759051 0.1696965 0.05439841
0.7731204 0.1682031 0.05867645
0.7959324 0.1537077 0.05035994
0.811056 0.141023 0.04792095
0.7946093 0.1654435 0.03994723
0.7725714 0.1683428 0.05908583
0.7863471 0.1611768 0.05247611
0.7928331 0.1629501 0.04421677
0.7823258 0.1690234 0.04865074
0.7831909 0.1698178 0.04699135
0.7684126 0.178454 0.05313335
0.7693504 0.1733745 0.05727516
0.7880493 0.1536983 0.0582524
0.7731958 0.1862125 0.04059175
0.7934998 0.1597741 0.04672606
0.7731366 0.1808526 0.04601075
0.7912637 0.1561916 0.0525447
0.8003522 0.1575541 0.04209365
0.7696071 0.1728001 0.05759278
0.7770467 0.1582666 0.06468667
0.7999918 0.1425052 0.05750308
0.7649672 0.1642113 0.07082153
0.7688894 0.173141 0.05796964
0.8131422 0.1422198 0.04463798
0.7851059 0.156191 0.05870308
0.7988857 0.1425669 0.05854742
0.7979623 0.1511344 0.05090332
0.7628394 0.1787807 0.05837991
0.784316 0.1779256 0.03775845
0.7651889 0.1851507 0.04966046
0.7666756 0.1862704 0.04705405
0.7732247 0.1726266 0.05414873
0.7812286 0.1609825 0.05778895
0.7648976 0.1828557 0.05224672
0.784412 0.1709896 0.04459837
0.7760521 0.1705623 0.05338567
0.7783845 0.1688293 0.05278618
0.7994207 0.1624073 0.03817206
0.7634566 0.1827219 0.05382151
0.7934678 0.1592594 0.0472728
0.8054294 0.145109 0.04946158
0.7772193 0.1660763 0.0567044
0.7693781 0.1688783 0.06174353
0.7581823 0.1745269 0.06729076
0.7825766 0.1777693 0.03965413
0.7785926 0.172443 0.04896446
0.7817985 0.1644798 0.05372169
0.7870946 0.1617749 0.05113049
0.8079298 0.1344902 0.05758003
0.7744724 0.1656055 0.05992209
0.7880135 0.1649296 0.04705689
0.7893579 0.1551772 0.05546485
0.7614309 0.1773094 0.06125968
0.7931598 0.1546549 0.05218527
0.7796841 0.169504 0.05081194
0.773719 0.1770872 0.04919371
0.7652043 0.175405 0.05939075
0.7990742 0.1524404 0.04848544
0.7689798 0.1742961 0.05672416
0.7875506 0.1589386 0.05351075
0.7818407 0.1543569 0.06380243
0.7850735 0.1677956 0.04713088
0.7843631 0.1591888 0.05644814
0.7903498 0.1545337 0.05511642
0.7662582 0.1677721 0.06596972
0.7607008 0.1818614 0.05743784
0.7851852 0.1625134 0.05230138
0.7766201 0.1623156 0.06106424
0.7851964 0.1648424 0.04996117
0.770218 0.1667292 0.06305284
0.7726143 0.1677917 0.05959396
0.7653184 0.1780949 0.05658676
0.7549842 0.1896718 0.05534398
0.7763403 0.1700119 0.05364781
0.7852134 0.1684332 0.04635337
0.7806913 0.1702184 0.0490904
0.7878313 0.1659765 0.04619222
0.763462 0.1851986 0.05133939
0.7809932 0.1584664 0.06054043
0.7695214 0.1702515 0.0602271
0.7835232 0.1661529 0.05032389
0.7786086 0.1574898 0.06390162
0.7895048 0.1671119 0.04338329
0.7732268 0.1665842 0.06018902
0.761262 0.1841306 0.05460741
0.7789718 0.1586792 0.06234894
0.7731323 0.1766402 0.0502275
0.7836627 0.1699394 0.04639789
0.7809494 0.1803376 0.03871304
0.7896899 0.1493066 0.06100343
0.795654 0.1538278 0.05051824
0.7849144 0.1552475 0.0598381
0.7791955 0.170178 0.05062652
0.8056862 0.137781 0.05653288
0.7825724 0.1750369 0.04239073
0.7606135 0.176856 0.06253044
0.7671427 0.1681727 0.06468463
0.7821886 0.1536331 0.06417829
0.7772536 0.1733692 0.04937722
0.801837 0.1617188 0.03644425
0.7755431 0.1779835 0.04647339
0.7855929 0.1567801 0.05762697
0.7921196 0.1474606 0.06041972
0.7723462 0.1744564 0.05319736
0.8159402 0.1401924 0.04386734
0.7587838 0.1750112 0.06620499
0.7931496 0.1533161 0.05353426
0.7904741 0.1617997 0.04772616
0.7862902 0.1670913 0.04661854
0.7772729 0.1587674 0.06395966
0.7832393 0.1520189 0.06474177
0.7789282 0.1675773 0.05349452
0.7579393 0.1839131 0.05814767
0.8025998 0.1496788 0.04772139
0.7836795 0.1656812 0.05063932
0.7706689 0.1740141 0.05531702
0.7798623 0.1683612 0.05177645
0.7820608 0.1686138 0.0493254
0.8021994 0.1443576 0.05344298
0.7854685 0.1716618 0.04286961
0.7833853 0.170584 0.04603065
0.7627027 0.1863222 0.05097503
0.8077757 0.1363114 0.05591294
0.7734297 0.1727567 0.05381364
0.7989299 0.1596477 0.0414224
0.7710948 0.1797162 0.04918904
0.7954333 0.1575495 0.04701717
0.782635 0.1590731 0.05829191
0.7989604 0.1538517 0.04718791
0.7707366 0.1787145 0.05054892
0.7762259 0.1671235 0.05665069
0.8031197 0.150734 0.04614627
0.7745827 0.1745482 0.05086911
0.778678 0.1511421 0.07017982
0.7712177 0.1753154 0.05346695
0.7837453 0.1710061 0.04524864
0.7881516 0.1661639 0.04568444
0.7872818 0.1529075 0.05981065
0.8037464 0.144414 0.05183957
0.7978435 0.1547919 0.04736457
0.7726266 0.1728561 0.05451729
0.7740551 0.1762665 0.04967841
0.7807361 0.1627146 0.05654933
0.7935965 0.149857 0.05654651
0.7579721 0.1852502 0.05677768
0.7816421 0.1704476 0.04791026
0.7659462 0.1724998 0.06155396
0.7943793 0.160387 0.04523371
0.7640826 0.1894274 0.04649004
0.7988745 0.1460932 0.05503228
0.7790137 0.160984 0.06000227
0.7711887 0.17584 0.05297129
0.7809712 0.1691898 0.04983896
0.7940987 0.1385961 0.06730522
0.7773681 0.1691657 0.05346628
0.7676276 0.1801058 0.05226659
0.79034 0.163831 0.04582904
0.8054936 0.1519563 0.04255008
0.763823 0.1618161 0.07436085
0.8174447 0.1376265 0.04492875
0.7856056 0.1578653 0.05652911
0.7768629 0.1766903 0.04644681
0.7780466 0.173133 0.04882041
0.7936112 0.1576513 0.0487375
0.7586862 0.1843883 0.05692545
0.7808957 0.154695 0.06440933
0.7764882 0.173211 0.0503008
0.8088229 0.1469912 0.04418583
0.7681293 0.1766127 0.05525804
0.8081104 0.1485776 0.04331202
0.7678256 0.1801631 0.05201122
0.7856224 0.1618343 0.0525433
0.7897476 0.1627881 0.04746439
0.7942101 0.1590046 0.04678524
0.7696888 0.1730436 0.05726758
0.7691212 0.1761239 0.0547549
0.7775672 0.1715595 0.05087328
0.7648468 0.185378 0.04977521
0.7815868 0.175263 0.04315014
0.775027 0.1625974 0.0623756
0.7831177 0.1571357 0.05974658
0.7731427 0.173877 0.05298031
0.768764 0.1869474 0.04428857
0.7664152 0.1757281 0.05785668
0.7861267 0.162651 0.05122232
0.7781024 0.1697422 0.05215532
0.7699555 0.178975 0.05106948
0.7647982 0.1662339 0.06896792
0.7742985 0.1717285 0.05397296
0.7834753 0.1675136 0.04901111
0.7768313 0.1627334 0.06043527
0.7885535 0.1523165 0.05912999
0.7922569 0.1622794 0.04546376
0.7684451 0.1777074 0.05384755
0.7755854 0.1650956 0.05931901
0.8031196 0.1443585 0.05252191
0.7910706 0.1573158 0.05161366
0.7766743 0.1664497 0.05687599
0.8047062 0.1495878 0.045706
0.7833984 0.1587494 0.05785224
0.7790145 0.1693572 0.05162826
0.7903633 0.1647759 0.04486074
0.750449 0.1716834 0.07786761
0.7907719 0.1500599 0.05916819
0.7695294 0.1717376 0.05873298
0.7780739 0.1679537 0.05397237
0.7716485 0.1797118 0.04863974
0.7660677 0.1809602 0.05297216
0.7810176 0.1676097 0.05137279
0.7531335 0.1727624 0.07410414
0.8061767 0.147207 0.0466163
0.7932594 0.1418838 0.06485685
0.7843165 0.1594142 0.05626929
0.7874557 0.1547936 0.05775078
0.8069418 0.1416722 0.05138601
0.7722358 0.1715627 0.05620149
0.7815541 0.1496027 0.06884327
0.7885911 0.1700274 0.04138149
0.7708822 0.1796585 0.04945924
0.8029025 0.1511901 0.04590741
0.7851862 0.1650856 0.04972817
0.8178032 0.1453037 0.03689313
0.8057662 0.1517037 0.04253011
0.7893934 0.1628868 0.04771981
0.7869851 0.161609 0.05140589
0.7756423 0.1739604 0.05039724
0.7789598 0.1754606 0.04557963
0.7907564 0.1581769 0.05106674
0.7800754 0.1556879 0.0642367
0.7650018 0.18558 0.04941824
0.7684535 0.180825 0.05072155
0.7889029 0.1571859 0.05391129
0.77194 0.1779778 0.05008223
0.7588235 0.1769293 0.06424721
0.7693053 0.1772753 0.05341948
0.7784729 0.1582618 0.06326538
0.7609403 0.1904959 0.04856381
0.7509386 0.1968178 0.05224364
0.774919 0.1688959 0.05618506
0.7613934 0.185296 0.05331061
0.7795589 0.1695989 0.05084224
0.7649421 0.1699828 0.06507509
0.7748209 0.1661581 0.05902103
0.8029328 0.1552585 0.04180869
0.7460798 0.1858206 0.06809956
0.7800187 0.1791208 0.04086045
0.7861129 0.1704916 0.04339546
0.7671045 0.1748195 0.05807597
0.7548588 0.1891399 0.05600138
0.7783507 0.1640757 0.05757351
0.7870931 0.1567808 0.05612602
0.7703953 0.1762383 0.05336646
0.7885734 0.1574273 0.05399933
0.8070809 0.1437939 0.04912526
0.7736145 0.1753859 0.05099955
0.7879209 0.1708988 0.04118033
0.7729697 0.1825242 0.04450612
0.7631544 0.1686176 0.06822806
0.7875828 0.1598862 0.05253099
0.7888768 0.1581744 0.05294872
0.801168 0.1519223 0.04690969
0.7760496 0.1596194 0.06433098
0.7884728 0.1685595 0.04296766
0.7930528 0.1613205 0.04562669
0.7797358 0.1739548 0.04630941
0.7906789 0.1585452 0.05077597
0.7630554 0.1724688 0.06447575
0.7871335 0.1660731 0.04679335
0.7828898 0.1670468 0.0500634
0.7646307 0.179438 0.05593131
0.7807024 0.1571855 0.06211203
0.7924138 0.1573208 0.05026534
0.7742579 0.1617804 0.0639617
0.7482502 0.1849609 0.06678886
0.7712123 0.1774453 0.05134241
0.7939933 0.1597432 0.04626352
0.7863242 0.1586755 0.05500025
0.7641899 0.1835022 0.05230786
0.773781 0.1647333 0.06148574
0.777768 0.1537723 0.06845973
0.7534863 0.1923484 0.05416532
0.7798887 0.1592758 0.06083547
0.7694262 0.1846201 0.04595366
0.7698931 0.1828195 0.04728739
0.7627042 0.1819865 0.05530937
0.7748719 0.1660745 0.05905354
0.7969542 0.1548192 0.04822661
0.7833065 0.153154 0.06353947
0.8019141 0.1537566 0.04432931
0.7908334 0.1518004 0.05736618
0.7841034 0.1587424 0.05715426
0.7785123 0.1521179 0.06936982
0.7783064 0.1631884 0.0585052
0.7716071 0.1731561 0.05523675
0.7954551 0.1673759 0.03716895
0.8059377 0.1517671 0.04229512
0.7888596 0.1678201 0.0433203
0.7909552 0.1582494 0.05079549
0.7779366 0.1708673 0.05119616
0.7544415 0.180183 0.06537545
0.7869696 0.1721683 0.04086212
0.7868016 0.1570646 0.05613377
0.7885654 0.1597769 0.05165765
0.7658398 0.1924536 0.04170666
0.7657497 0.1791317 0.05511865
0.7783704 0.1736917 0.04793787
0.7847276 0.1730292 0.04224322
0.7751445 0.1789199 0.04593561
0.7809944 0.1645378 0.0544678
0.7918444 0.1533079 0.05484769
0.7907869 0.1549497 0.0542634
0.7676862 0.1801132 0.05220056
0.77643 0.1680344 0.05553563
0.7794985 0.1588936 0.0616079
0.7808402 0.1615939 0.05756595
0.7737728 0.1822012 0.04402607
0.7926281 0.1539499 0.05342199
0.7646863 0.1813631 0.05395063
0.7881836 0.1609168 0.05089954
0.7920585 0.1577096 0.05023198
0.779838 0.1647161 0.0554459
0.7819303 0.1633386 0.05473115
0.7901021 0.1663894 0.04350851
0.7670186 0.1766158 0.05636557
0.7780402 0.1709006 0.05105924
0.7838773 0.1707367 0.04538602
0.7660757 0.1719681 0.06195621
0.7746616 0.1770072 0.04833126
0.7945235 0.1491177 0.05635878
0.7847259 0.1550341 0.06023995
0.8049695 0.1469751 0.04805534
0.7554168 0.1945272 0.05005595
0.761218 0.1897753 0.04900667
0.8013224 0.1478945 0.05078308
0.7875008 0.1681408 0.04435838
0.7771661 0.1666771 0.05615684
0.7726424 0.168497 0.05886061
0.7935932 0.1547797 0.05162717
0.7802592 0.1692833 0.0504575
0.7852105 0.161014 0.05377553
0.763234 0.180943 0.05582298
0.7859111 0.1675926 0.04649632
0.7804608 0.1779215 0.04161767
0.7798704 0.1665935 0.05353612
0.7951295 0.1515738 0.05329667
0.7740366 0.1675767 0.0583867
0.759901 0.177639 0.06246005
0.7708038 0.1690072 0.06018898
0.7769973 0.1590298 0.06397282
0.7818381 0.1559165 0.06224539
0.7852345 0.161533 0.05323245
0.783973 0.1717342 0.04429277
0.7841719 0.1566665 0.05916159
0.7733275 0.1637835 0.062889
0.773528 0.1623043 0.06416773
0.7704634 0.1674304 0.0621062
0.7884929 0.1541155 0.05739153
0.7830466 0.1633833 0.05357008
0.7586209 0.1693645 0.07201464
0.7585792 0.185285 0.05613573
0.7832349 0.1548838 0.06188136
0.7620904 0.1834666 0.05444301
0.7692767 0.1763123 0.05441101
0.792147 0.1522796 0.05557342
0.7670338 0.1664151 0.0665511
0.7715856 0.1745877 0.05382669
0.7816016 0.1562497 0.06214876
0.7643375 0.174418 0.06124455
0.7773474 0.1774091 0.04524354
0.78062 0.1726895 0.0466904
0.7817945 0.1774597 0.04074584
0.7814526 0.1606188 0.05792859
0.7899368 0.164659 0.0454042
0.7773114 0.1756332 0.04705534
0.7662274 0.1732653 0.06050731
0.7847053 0.1606111 0.05468354
0.7620503 0.1907768 0.04717298
0.7898713 0.1460324 0.06409629
0.7899297 0.1615357 0.04853465
0.7863864 0.1588079 0.05480577
0.7929472 0.1626312 0.04442162
0.7961148 0.1547649 0.04912025
0.7795271 0.1712001 0.04927278
0.7731227 0.16715 0.05972734
0.7771979 0.173581 0.04922108
0.7844171 0.1673294 0.04825353
0.7808942 0.1682696 0.05083614
0.7791885 0.1683982 0.05241324
0.7639204 0.1853161 0.05076349
0.7833553 0.1555468 0.06109795
0.7616752 0.1692959 0.06902897
0.7806093 0.1570174 0.06237329
0.8114136 0.1447038 0.04388263
0.7823023 0.1660563 0.05164141
0.7731274 0.1652718 0.06160083
0.7903051 0.1503309 0.05936403
0.7658315 0.1748055 0.05936301
0.7701179 0.1826473 0.04723484
0.7809856 0.1644139 0.05460056
0.7866349 0.1623223 0.05104278
0.789266 0.156058 0.05467595
0.7918655 0.1571716 0.05096289
0.781068 0.1630927 0.05583934
0.7618321 0.1769025 0.06126535
0.7804506 0.1641083 0.05544111
0.753007 0.1906266 0.05636641
0.7770806 0.1650172 0.05790228
0.7771441 0.1601643 0.06269161
0.7856696 0.1583942 0.05593617
0.767884 0.1773318 0.05478415
0.772198 0.1792487 0.04855325
0.8062754 0.1558252 0.03789942
0.7739958 0.1701804 0.05582376
0.7945325 0.1538748 0.05159274
0.7849213 0.1533286 0.06175007
0.7909338 0.1513967 0.05766947
0.7644339 0.1849777 0.0505884
0.8092787 0.1546711 0.03605016
0.7970821 0.1535165 0.04940139
0.7598181 0.1801725 0.06000941
0.8002229 0.14196 0.05781715
0.8060202 0.1498556 0.04412422
0.7941223 0.1629364 0.04294124
0.7753266 0.1671981 0.05747535
0.795373 0.1529038 0.05172316
0.7943887 0.1577972 0.04781405
0.791845 0.1513309 0.05682403
0.7627223 0.1790193 0.05825845
0.7711127 0.1750062 0.05388108
0.7848396 0.1571061 0.05805429
0.7646425 0.1858113 0.04954617
0.7753245 0.1687073 0.05596824
0.7934342 0.1618687 0.04469709
0.7941114 0.1599028 0.04598573
0.7745284 0.1723176 0.05315397
0.7795405 0.1834045 0.03705504
0.7688208 0.1679121 0.06326717
0.7861313 0.1609975 0.05287129
0.7938235 0.1538685 0.05230801
0.7844107 0.161791 0.05379829
0.7732237 0.1634462 0.06333014
0.7853433 0.1571153 0.05754135
0.7859155 0.1639217 0.05016283
0.7714506 0.1733454 0.05520399
0.7823146 0.17107 0.04661537
0.7921923 0.1545417 0.05326601
0.7653879 0.1801392 0.05447289
0.7837172 0.1596189 0.05666394
0.7793877 0.1568058 0.06380643
0.7624444 0.184628 0.05292754
0.778377 0.1704315 0.0511915
0.7689185 0.1734814 0.05760016
0.7770849 0.1661017 0.05681332
0.7718131 0.1637218 0.06446507
0.7636843 0.1812955 0.05502019
0.7905643 0.1642511 0.04518459
0.7865959 0.1577541 0.05565
0.771738 0.1693168 0.05894514
0.7795838 0.1670238 0.05339234
0.8027166 0.1545115 0.04277189
0.7848636 0.1568048 0.05833166
0.7860902 0.1658147 0.0480951
0.7968281 0.1567121 0.04645982
0.7817803 0.166869 0.05135071
0.7792428 0.1665618 0.05419542
0.7938951 0.154766 0.05133894
0.7825966 0.1692925 0.04811093
0.7756254 0.1635016 0.06087302
0.7796596 0.1543528 0.06598761
0.7973995 0.1426247 0.05997579
0.7563358 0.1802787 0.06338547
0.769246 0.1730234 0.05773061
0.7767736 0.1664155 0.05681099
0.7577278 0.1930712 0.04920099
0.7563987 0.1877803 0.05582104
0.7905843 0.1659537 0.04346202
0.7779433 0.1640479 0.05800881
0.7692496 0.1835555 0.04719497
0.7625596 0.1794161 0.05802428
0.7756623 0.1742526 0.05008511
0.7711087 0.1782827 0.05060858
0.7781028 0.1719023 0.04999489
0.7591788 0.1816606 0.05916057
0.7762905 0.1708135 0.05289602
0.7819388 0.158519 0.05954217
0.7885304 0.1643838 0.04708579
0.7725157 0.1769781 0.05050622
0.7616564 0.1774739 0.06086968
0.7824498 0.163711 0.05383927
0.7819828 0.1634845 0.05453271
0.7728258 0.1810745 0.04609967
0.7901649 0.1645568 0.04527827
0.7807785 0.1583422 0.06087931
0.7521645 0.1973722 0.05046331
0.7644358 0.1832516 0.05231256
0.7898223 0.1533619 0.05681584
0.7542995 0.1809574 0.0647431
0.7625101 0.1775838 0.05990611
0.7770545 0.157809 0.06513649
0.7714048 0.1598265 0.06876865
0.7677343 0.183658 0.04860768
0.7853504 0.1655969 0.04905274
0.8056383 0.1419489 0.05241275
0.7604355 0.1831295 0.05643495
0.8017091 0.1597865 0.03850442
0.779849 0.1603173 0.05983369
0.7689836 0.1733776 0.05763885
0.7888392 0.149852 0.06130877
0.7633006 0.1783586 0.05834078
0.7751643 0.1778794 0.04695633
0.7898074 0.1592936 0.05089894
0.7964797 0.1649548 0.03856548
0.7798496 0.1660206 0.05412979
0.7912468 0.1630256 0.04572756
0.7914761 0.1544342 0.05408976
0.7863097 0.1465284 0.06716191
0.7816998 0.1505021 0.06779811
0.7786181 0.1659128 0.05546903
0.7695242 0.164414 0.06606183
0.7922368 0.1491882 0.05857502
0.7799193 0.1681493 0.05193141
0.7974569 0.1580624 0.04448065
0.7797331 0.1572935 0.06297338
0.7933604 0.1576159 0.04902369
0.7646083 0.178703 0.0566887
0.7728428 0.1708904 0.05626682
0.7902946 0.1483349 0.06137047
0.7817383 0.1552812 0.06298044
0.7858205 0.1773504 0.03682914
0.7811625 0.1757781 0.04305943
0.7337501 0.2059676 0.06028237
0.7437309 0.1938668 0.06240228
0.7811179 0.1641383 0.05474377
0.7910584 0.1576694 0.05127215
0.7689889 0.1817003 0.04931084
0.7880055 0.1676837 0.04431077
0.8194583 0.1262519 0.05428971
0.8015152 0.1453205 0.05316437
0.7726353 0.1711491 0.05621559
0.7866995 0.149499 0.06380148
0.7708135 0.1721904 0.05699606
0.7664437 0.1710056 0.06255068
0.7695818 0.1763195 0.05409869
0.7788308 0.1814982 0.03967095
0.799702 0.1491605 0.0511375
0.7721235 0.1708145 0.05706203
0.7797329 0.1576996 0.06256747
0.7839629 0.168791 0.04724616
0.7962661 0.1522345 0.05149934
0.7811546 0.1707472 0.0480982
0.7916593 0.1511547 0.05718603
0.7928091 0.1690038 0.03818705
0.7858752 0.1629494 0.05117543
0.7936726 0.1565261 0.04980138
0.7735334 0.1709885 0.0554781
0.7803155 0.1700781 0.04960637
0.7693838 0.1755068 0.05510941
0.8002571 0.1467469 0.05299597
0.7662576 0.1764417 0.05730074
0.804337 0.1436302 0.05203281
0.7679904 0.1711274 0.06088219
0.7722475 0.1711757 0.05657679
0.7665704 0.1780079 0.05542174
0.7881079 0.1656722 0.04621997
0.7822534 0.1665374 0.05120917
0.7883097 0.1536092 0.05808115
0.7814448 0.167078 0.05147716
0.8134265 0.1357536 0.0508199
0.7703737 0.1619195 0.06770685
0.799085 0.1407099 0.06020511
0.7806577 0.166935 0.0524073
0.7723699 0.1714923 0.05613786
0.785238 0.1659735 0.04878857
0.7657699 0.1727339 0.0614962
0.7946059 0.1540079 0.05138617
0.767019 0.1806866 0.0522944
0.7751899 0.1745923 0.05021784
0.7661775 0.1709768 0.06284576
0.7614401 0.1781805 0.06037945
0.7819377 0.1590375 0.05902481
0.7768905 0.1715792 0.05153024
0.7680814 0.1710309 0.06088766
0.7485344 0.1908413 0.06062431
0.793738 0.1619839 0.0442781
0.7840714 0.1534288 0.06249986
0.7709301 0.1828894 0.04618052
0.7783129 0.1619889 0.05969826
0.7767683 0.1706232 0.05260845
0.7853181 0.1609664 0.05371555
0.7769807 0.1714376 0.05158175
0.8013506 0.1588025 0.03984687
0.7822408 0.1600661 0.05769311
0.7750981 0.1643631 0.06053874
0.7845942 0.157481 0.05792477
0.793198 0.1498027 0.05699934
0.7588244 0.1728255 0.06835015
0.7940696 0.1604962 0.04543424
0.7725516 0.17963 0.04781841
0.7732147 0.1714218 0.05536357
0.7698189 0.1703697 0.05981136
0.7666979 0.1666268 0.06667535
0.7927153 0.1658387 0.04144605
0.7755608 0.1660841 0.0583551
0.7785483 0.1668732 0.05457841
0.7839579 0.1706531 0.04538901
0.7812903 0.1771369 0.04157288
0.7793737 0.1676373 0.05298902
0.7743653 0.170239 0.05539575
0.7729775 0.178552 0.04847048
0.7874734 0.1543134 0.0582132
0.8038128 0.1399603 0.05622681
0.794577 0.1433445 0.06207855
0.7860644 0.1601172 0.05381837
0.7949029 0.1553496 0.04974755
0.772287 0.1596523 0.06806067
0.7686968 0.1870353 0.04426789
0.793241 0.1524886 0.05427042
0.7967719 0.1575408 0.04568731
0.7962307 0.1615439 0.04222536
0.7850935 0.1641733 0.05073316
0.7747905 0.1727026 0.05250686
0.782413 0.1559515 0.06163557
0.781277 0.1665207 0.05220234
0.7796112 0.1671897 0.05319909
0.7783378 0.1621261 0.05953604
0.7834971 0.1695281 0.0469748
0.7751128 0.1646538 0.06023343
0.7928794 0.1710333 0.03608735
0.7803661 0.1713106 0.04832327
0.8130587 0.1510043 0.03593701
0.7872446 0.1630252 0.04973022
0.7799627 0.1658306 0.05420665
0.7754826 0.1705704 0.05394693
0.7965214 0.1491431 0.05433547
0.7795616 0.1607482 0.05969028
0.7922835 0.1589229 0.04879364
0.7778406 0.1794766 0.04268281
0.776081 0.1717264 0.05219258
0.7778186 0.1778738 0.04430756
0.7834742 0.1698882 0.04663758
0.760447 0.1780991 0.06145387
0.777591 0.1744163 0.04799269
0.7824185 0.1730775 0.044504
0.7759684 0.1685779 0.05545376
0.7827518 0.1633533 0.05389496
0.8009231 0.1431845 0.0558924
0.7851555 0.1718579 0.04298658
0.7772355 0.1659393 0.05682511
0.8000781 0.1544786 0.04544332
0.7800757 0.1731721 0.04675218
0.7985938 0.1506889 0.05071724
0.7754959 0.1693088 0.05519529
0.8061164 0.1450292 0.0488544
0.781841 0.1616208 0.05653821
0.7794939 0.1704112 0.05009488
0.7739441 0.174944 0.05111189
0.7905117 0.1530533 0.05643502
0.7896326 0.1571157 0.05325168
0.7860469 0.1629948 0.05095833
0.7880177 0.162524 0.0494583
0.7946018 0.1621344 0.04326377
0.7998375 0.1570742 0.0430883
0.7710898 0.1722377 0.05667251
0.790996 0.1650896 0.04391442
0.7591781 0.1872667 0.05355524
0.7677589 0.162106 0.07013517
0.7694153 0.1801799 0.05040478
0.7937797 0.1685746 0.03764569
0.796489 0.1488022 0.05470883
0.7900602 0.1580747 0.05186508
0.7943807 0.16427 0.04134931
0.7914433 0.1536073 0.05494944
0.762512 0.1811354 0.05635261
0.7749455 0.1710436 0.05401091
0.7765293 0.1645175 0.0589532
0.7763076 0.1684351 0.05525734
0.7922061 0.15553 0.05226395
0.7913184 0.1441991 0.06448253
0.793224 0.1558073 0.05096864
0.7857462 0.1682759 0.04597785
0.7837302 0.1711677 0.04510215
0.7844355 0.1636129 0.05195165
0.7693714 0.1744563 0.05617231
0.7799352 0.1555728 0.06449196
0.7704676 0.1642452 0.06528724
0.776977 0.1755932 0.04742978
0.7730517 0.1743679 0.05258047
0.7732542 0.1710221 0.0557237
0.7842343 0.1541738 0.06159185
0.7862377 0.1615479 0.05221439
0.8002807 0.1575588 0.04216056
0.7947279 0.1517859 0.05348625
0.7803919 0.1620777 0.05753037
0.7937331 0.1495112 0.05675561
0.7947781 0.1557172 0.04950473
0.7853038 0.1606184 0.05407781
0.7455987 0.1906469 0.06375442
0.7756813 0.1679687 0.05635
0.7950122 0.1557122 0.04927555
0.7585449 0.1865451 0.05490999
0.7674484 0.1718793 0.06067236
0.7796499 0.1639902 0.05635997
0.7770282 0.1743449 0.04862692
0.7846561 0.1650189 0.05032502
0.7809159 0.1660331 0.05305096
0.7681112 0.1729918 0.05889707
0.7714605 0.1784556 0.05008385
0.7926886 0.1604337 0.04687765
0.7901331 0.1624945 0.04737236
0.8002853 0.1568984 0.04281631
0.7684823 0.1727746 0.05874319
0.7979074 0.1612853 0.04080723
0.758824 0.1827399 0.05843606
0.7813157 0.1704131 0.04827122
0.7924865 0.1661613 0.04135226
0.7758529 0.1697269 0.05442015
0.78509 0.1580266 0.05688336
0.7826585 0.168151 0.04919048
0.7923466 0.1677849 0.03986853
0.8014088 0.1525957 0.04599548
0.7643362 0.1883613 0.04730249
0.7695138 0.1687717 0.06171457
0.7884171 0.1629224 0.04866053
0.7824478 0.1642841 0.05326816
0.7794607 0.1686153 0.05192401
0.7770818 0.1723319 0.0505863
0.7561695 0.1727123 0.07111819
0.780357 0.1661147 0.0535283
0.7741878 0.1743329 0.05147933
0.7839799 0.1489131 0.06710699
0.7851657 0.1662918 0.04854243
0.7682792 0.1807802 0.05094054
0.7820718 0.157692 0.06023617
0.7921571 0.152753 0.05508993
0.7888167 0.162455 0.04872829
0.7776995 0.1688874 0.05341317
0.777261 0.1595784 0.06316056
0.7863618 0.1485352 0.06510297
0.7840128 0.1687564 0.04723084
0.7823661 0.1685204 0.04911351
0.7782599 0.1748638 0.04687633
0.777537 0.1701588 0.05230422
0.7803022 0.1707795 0.04891824
0.7832877 0.1567104 0.06000194
0.8237378 0.137359 0.03890316
0.7702497 0.1779792 0.05177116
0.7805463 0.1724891 0.04696464
0.7966831 0.1531837 0.05013325
0.8112069 0.1448845 0.04390864
0.788912 0.1590184 0.05206958
0.7683215 0.1752373 0.05644117
0.7735792 0.1701267 0.05629413
0.7570014 0.1833208 0.05967787
0.772701 0.1764558 0.05084321
0.7554448 0.1933429 0.05121224
0.776794 0.1773222 0.04588387
0.7952406 0.1557935 0.0489659
0.7728178 0.1729449 0.05423733
0.7813505 0.1535011 0.0651484
0.7778124 0.1816343 0.04055326
0.7875441 0.1567404 0.05571558
0.8122278 0.1399499 0.04782229
0.7763058 0.1707863 0.05290796
0.8006007 0.1539698 0.04542951
0.7787406 0.1677837 0.05347576
0.7644027 0.1809786 0.05461869
0.771865 0.1703348 0.05780021
0.7910848 0.1637515 0.04516375
0.7927923 0.1541938 0.05301385
0.7945955 0.1591917 0.04621274
0.7958436 0.1538506 0.05030583
0.779533 0.170054 0.05041292
0.796261 0.1576478 0.04609117
0.7523717 0.1880807 0.05954761
0.7753692 0.1739613 0.05066953
0.7870862 0.1683975 0.04451632
0.7903972 0.1597913 0.04981151
0.7889174 0.1500687 0.06101391
0.7761088 0.1692437 0.05464754
0.7925211 0.1572841 0.05019481
0.7618902 0.1825423 0.05556747
0.7763267 0.1668407 0.05683259
0.7532518 0.1798132 0.06693503
0.7826482 0.1738025 0.04354932
0.7865233 0.1628888 0.05058788
0.7716822 0.1669852 0.06133265
0.7824889 0.1673777 0.05013347
0.7986423 0.143309 0.05804865
0.7854433 0.1612161 0.05334062
0.7845987 0.1664101 0.04899124
0.7922994 0.1476983 0.06000228
0.779595 0.1664708 0.05393422
