p_1 p_2 p_3 
0.3857362 0.01273782 0.601526 
0.2577668 0.02465038 0.7175828 
0.3311544 0.0021391 0.6667065 
0.2960426 0.00109918 0.7028582 
0.314014 0.0001406843 0.6858453 
0.301117 0.0003250312 0.6985579 
0.3666942 0.0155753 0.6177305 
0.2505757 0.004296364 0.7451279 
0.3243422 0.003561762 0.6720961 
0.3035065 0.01034548 0.686148 
0.3235594 0.009144265 0.6672964 
0.3141223 0.00113256 0.6847451 
0.3280164 0.0007359969 0.6712476 
0.2977224 0.001743526 0.7005341 
0.3730304 0.0004454625 0.6265242 
0.3198604 0.01471969 0.6654199 
0.4065047 0.01187964 0.5816157 
0.288746 0.003269356 0.7079847 
0.2767467 0.003734509 0.7195188 
0.3891264 0.004900556 0.605973 
0.421379 0.001961635 0.5766594 
0.3529185 0.0131436 0.6339379 
0.2619385 0.006317809 0.7317437 
0.3246712 0.003891942 0.6714369 
0.3488738 0.003457322 0.6476689 
0.3040299 0.01642561 0.6795445 
0.3098178 0.005728456 0.6844538 
0.2545385 0.02759181 0.7178697 
0.3018877 0.0002058102 0.6979065 
0.2388891 0.009238352 0.7518726 
0.3779215 0.01297568 0.6091028 
0.3004908 0.0158657 0.6836435 
0.2774782 0.001321728 0.7212001 
0.3425207 0.002481352 0.654998 
0.2796521 0.01347959 0.7068683 
0.3145392 0.002502293 0.6829585 
0.3522607 0.004664149 0.6430751 
0.2524163 0.001744794 0.7458389 
0.2228766 0.004404228 0.7727192 
0.3091198 0.01094372 0.6799365 
0.2554692 0.004205674 0.7403251 
0.2765829 0.0117779 0.7116392 
0.2437266 0.002466488 0.7538069 
0.1961262 0.005955422 0.7979184 
0.3444844 0.008853365 0.6466623 
0.3308268 0.003108768 0.6660645 
0.3133863 0.005277417 0.6813363 
0.3619046 0.01743232 0.6206631 
0.2952066 0.002656084 0.7021373 
0.2582046 0.05129699 0.6904984 
0.3479878 0.008281533 0.6437307 
0.2022596 0.00722946 0.7905109 
0.2683812 0.001629026 0.7299898 
0.2732275 0.001490298 0.7252822 
0.3058289 0.00514134 0.6890298 
0.2280712 0.006817848 0.7651109 
0.3693526 0.008400147 0.6222472 
0.2624982 0.006302991 0.7311988 
0.2737931 0.02180137 0.7044055 
0.3129491 0.0048167 0.6822342 
0.3022988 0.002332254 0.695369 
0.2517741 0.003754911 0.744471 
0.3076024 0.007710929 0.6846867 
0.218573 0.008455663 0.7729714 
0.2435196 0.0005855267 0.7558948 
0.3063321 0.002050354 0.6916176 
0.2324901 0.003283603 0.7642263 
0.2898468 0.002747317 0.7074059 
0.3261525 0.001135915 0.6727115 
0.2961246 0.004331023 0.6995444 
0.314158 0.01079823 0.6750438 
0.3026915 0.004886038 0.6924224 
0.2722209 0.0005421074 0.727237 
0.4124806 0.01989866 0.5676207 
0.3544441 0.003571271 0.6419847 
0.2373192 0.00245787 0.7602229 
0.2884724 0.01063266 0.7008949 
0.3981041 0.01578505 0.5861108 
0.2951383 0.01249414 0.6923676 
0.2841398 0.004249441 0.7116107 
0.4189712 0.00102606 0.5800027 
0.2868692 0.0008058662 0.7123249 
0.3038999 0.006035723 0.6900644 
0.2944742 0.004396389 0.7011294 
0.2126106 0.001113712 0.7862757 
0.2965194 0.02057048 0.6829101 
0.2338405 0.01303575 0.7531237 
0.3929818 0.002783814 0.6042344 
0.3484119 0.001247593 0.6503405 
0.2435816 0.00137626 0.7550422 
0.3195491 0.001247747 0.6792031 
0.2762713 0.002931078 0.7207976 
0.4346367 0.004680223 0.5606831 
0.2777323 0.02272092 0.6995468 
0.3106817 0.0006103727 0.6887079 
0.3065857 0.008670104 0.6847442 
0.3643983 0.003044197 0.6325575 
0.3001078 0.004096572 0.6957956 
0.2504858 0.004101594 0.7454126 
0.396089 0.002676979 0.6012341 
0.3005414 0.0195461 0.6799125 
0.297329 0.01147687 0.6911942 
0.3845285 0.003859815 0.6116117 
0.2339713 0.003132547 0.7628962 
0.3298756 0.009548329 0.6605761 
0.4147985 0.004613543 0.580588 
0.2322443 0.01277046 0.7549853 
0.2667379 0.007118269 0.7261438 
0.2563156 0.02434115 0.7193432 
0.2841797 0.004972341 0.710848 
0.278659 0.009816407 0.7115246 
0.3218108 0.008591641 0.6695975 
0.2218218 0.005118827 0.7730593 
0.2699774 0.006199424 0.7238232 
0.2953246 0.005332539 0.6993428 
0.1845736 0.004410555 0.8110158 
0.3369308 0.02357024 0.639499 
0.3972051 0.00586173 0.5969331 
0.287536 0.004074566 0.7083894 
0.3021363 0.001823618 0.6960401 
0.3044954 0.0145587 0.6809459 
0.2959537 0.01252889 0.6915174 
0.3452537 0.006264165 0.6484822 
0.3362255 0.01055258 0.6532219 
0.3008266 0.02477604 0.6743974 
0.2658245 0.001552282 0.7326232 
0.275194 0.005503675 0.7193023 
0.3026223 0.002819147 0.6945586 
0.2480706 0.004754264 0.7471751 
0.2608427 0.003819382 0.7353379 
0.3054245 0.006715802 0.6878597 
0.3031421 0.009835263 0.6870226 
0.342896 0.006073259 0.6510307 
0.2403756 0.007850336 0.751774 
0.263001 0.02273034 0.7142687 
0.3601913 0.00762805 0.6321807 
0.294178 0.001596393 0.7042256 
0.3475313 0.0002520423 0.6522167 
0.2949882 0.007916135 0.6970956 
0.2534734 0.01082693 0.7356997 
0.1987751 0.003154018 0.7980709 
0.2346344 0.001081431 0.7642842 
0.2815331 0.007737677 0.7107292 
0.2750827 0.02148504 0.7034322 
0.2540967 0.02040841 0.7254949 
0.3111497 0.001469773 0.6873806 
0.2644249 0.006737544 0.7288375 
0.3000297 0.0117855 0.6881848 
0.2967695 0.002761122 0.7004693 
0.3350334 0.009042873 0.6559237 
0.3671696 0.004039415 0.628791 
0.3124189 0.006296551 0.6812845 
0.3248498 0.0111246 0.6640256 
0.3043887 6.716395e-05 0.6955441 
0.2484906 0.002517728 0.7489916 
0.2747142 0.006445545 0.7188403 
0.3317569 0.007127612 0.6611155 
0.2249173 0.0008762407 0.7742065 
0.2167566 0.004036648 0.7792067 
0.2636892 0.001522645 0.7347882 
0.3300084 0.003541425 0.6664502 
0.473181 0.0005728074 0.5262462 
0.2975049 0.0006439226 0.7018512 
0.349773 0.001645744 0.6485812 
0.3203636 0.01502808 0.6646083 
0.3284664 0.007146696 0.6643869 
0.2970477 0.009296849 0.6936555 
0.4436122 0.0004816216 0.5559062 
0.2942904 0.001875123 0.7038345 
0.2432068 0.002869887 0.7539233 
0.3496774 0.001405362 0.6489172 
0.33255 0.008071913 0.6593781 
0.1607278 0.0008510685 0.8384211 
0.2879038 0.002309321 0.7097869 
0.2797484 0.0001715705 0.72008 
0.3110275 0.01560518 0.6733673 
0.273556 0.01267242 0.7137716 
0.2477631 0.003421314 0.7488155 
0.3199531 0.002684753 0.6773622 
0.3719817 0.0009696841 0.6270486 
0.2803744 0.0007659712 0.7188596 
0.2230631 0.01745497 0.759482 
0.3296727 0.005477458 0.6648499 
0.263239 0.006097934 0.730663 
0.1642404 0.0005298433 0.8352297 
0.3451588 0.01088333 0.6439578 
0.2939355 0.003443972 0.7026205 
0.2258377 0.01577498 0.7583873 
0.282881 0.01872927 0.6983897 
0.3560308 0.006588488 0.6373807 
0.2654234 0.005417289 0.7291593 
0.3723178 0.00341754 0.6242646 
0.3005614 0.004384686 0.695054 
0.3079881 0.004873674 0.6871382 
0.3760265 0.0006821168 0.6232914 
0.3637286 0.0001249392 0.6361465 
0.2475932 0.0204742 0.7319326 
0.311918 0.005681679 0.6824003 
0.3216592 0.0005547239 0.677786 
0.3144189 0.004481895 0.6810992 
0.3190847 0.004281235 0.6766341 
0.3073127 0.005626983 0.6870603 
0.283975 0.01124956 0.7047755 
0.2686929 0.001392426 0.7299147 
0.3371564 0.02131958 0.6415241 
0.2595279 0.00822512 0.732247 
0.2825174 0.006674492 0.7108081 
0.2927697 0.003650041 0.7035802 
0.2157911 0.003530234 0.7806787 
0.211169 0.002699433 0.7861316 
0.3166177 0.003763412 0.6796189 
0.3043115 0.002875993 0.6928125 
0.2757079 0.01483194 0.7094601 
0.2979488 0.0006321839 0.701419 
0.2917844 0.01120153 0.697014 
0.342415 0.004693887 0.6528911 
0.3753616 0.001731636 0.6229068 
0.3010827 0.005555445 0.6933619 
0.3051395 0.004344376 0.6905161 
0.289917 0.004876332 0.7052067 
0.2950197 0.00141369 0.7035666 
0.2016565 0.009512021 0.7888315 
0.2512567 0.003830082 0.7449132 
0.2610684 0.01384573 0.7250858 
0.3327523 0.005396641 0.6618511 
0.2862288 0.0142574 0.6995138 
0.2125988 0.01906871 0.7683325 
0.4111835 0.005251067 0.5835654 
0.386365 0.005238888 0.6083961 
0.3439289 0.004528038 0.6515431 
0.3548101 0.00849461 0.6366953 
0.2406888 0.0005615074 0.7587497 
0.4256896 5.618321e-05 0.5742542 
0.2829787 0.00339672 0.7136246 
0.2966316 0.00508187 0.6982866 
0.2995989 0.00153687 0.6988642 
0.3008371 0.0007488498 0.698414 
0.2751081 0.0251309 0.699761 
0.2857394 6.016951e-05 0.7142005 
0.3035916 0.01870486 0.6777035 
0.19676 0.002066829 0.8011732 
0.3444985 0.01534971 0.6401518 
0.275442 0.00532373 0.7192343 
0.246326 0.002393686 0.7512803 
0.3583569 0.003067037 0.6385761 
0.2650771 0.005996354 0.7289266 
0.2551518 0.003085422 0.7417627 
0.2313882 0.005567498 0.7630443 
0.3252547 0.004724162 0.6700212 
0.2243186 0.004106569 0.7715749 
0.3016477 0.002407856 0.6959444 
0.2836045 0.00054272 0.7158527 
0.3000129 0.009147207 0.6908399 
0.3012597 0.004085193 0.6946551 
0.2384849 0.01098395 0.7505312 
0.2837698 0.0009300076 0.7153002 
0.4087404 0.02097119 0.5702884 
0.427511 0.0009049064 0.5715841 
0.1799694 0.001142967 0.8188877 
0.2696314 0.001174589 0.729194 
0.3889762 0.000179522 0.6108443 
0.2775998 0.005096416 0.7173038 
0.293595 0.007711526 0.6986935 
0.3132016 0.001009904 0.6857885 
0.3287463 0.004316161 0.6669375 
0.3948791 0.01574454 0.5893764 
0.2931682 0.01523072 0.6916011 
0.411675 0.008004955 0.58032 
0.2852572 0.004472556 0.7102702 
0.2985955 0.00451576 0.6968887 
0.3432186 0.01419874 0.6425827 
0.251237 0.002597149 0.7461659 
0.2479146 0.01260121 0.7394842 
0.3736961 0.01800518 0.6082988 
0.2459277 0.02853244 0.7255399 
0.4089106 0.006022517 0.5850669 
0.2417769 0.002760074 0.755463 
0.3367454 0.001641221 0.6616134 
0.2514705 0.003490053 0.7450394 
0.3440752 0.01326299 0.6426618 
0.3373672 0.004722425 0.6579103 
0.233894 0.008306136 0.7577998 
0.242858 0.001575524 0.7555665 
0.3367626 0.02158661 0.6416507 
0.3467771 0.005003914 0.648219 
0.3469772 0.006284982 0.6467379 
0.3757153 0.02202215 0.6022625 
0.3388905 0.001274627 0.6598349 
0.3274099 0.0057478 0.6668423 
0.2736362 0.002725787 0.723638 
0.4254648 0.005905811 0.5686294 
0.2752746 0.003265854 0.7214595 
0.3458777 0.005370558 0.6487518 
0.336576 0.0003950705 0.663029 
0.2906303 0.0008246078 0.7085451 
0.2763242 0.001147706 0.7225281 
0.3314479 0.002992721 0.6655594 
0.2365323 0.00975672 0.753711 
0.3516799 0.004236282 0.6440838 
0.2489081 0.008215138 0.7428768 
0.2635286 0.003184638 0.7332867 
0.2853278 0.007547533 0.7071247 
0.394665 0.00165435 0.6036807 
0.3165753 0.00630613 0.6771186 
0.4309233 0.006468923 0.5626077 
0.3109742 0.005519246 0.6835065 
0.2298216 0.00274531 0.7674331 
0.2935183 0.01170998 0.6947718 
0.2742448 0.005278779 0.7204765 
0.2521129 0.009063434 0.7388237 
0.2887621 0.01569754 0.6955403 
0.3269351 0.006519585 0.6665454 
0.3245954 0.0009101359 0.6744945 
0.3043868 0.001204349 0.6944089 
0.3632264 0.001411847 0.6353618 
0.2294416 0.008810981 0.7617474 
0.2919621 0.01430473 0.6937332 
0.227755 0.007337703 0.7649073 
0.3549504 0.001724939 0.6433246 
0.3421042 0.0009901818 0.6569056 
0.29876 0.01128316 0.6899568 
0.270243 0.00959478 0.7201622 
0.2503127 0.002535918 0.7471514 
0.3104352 0.0006111815 0.6889536 
0.329596 0.00585888 0.6645451 
0.2908607 0.001698433 0.7074408 
0.2373793 0.02685572 0.7357649 
0.3669355 0.0185189 0.6145456 
0.3079754 0.002150509 0.6898741 
0.3078331 0.005084721 0.6870822 
0.3729768 0.02078784 0.6062354 
0.375659 0.00028646 0.6240545 
0.2628145 0.02045749 0.7167281 
0.252618 0.007618194 0.7397638 
0.3210326 0.02159146 0.657376 
0.2632304 0.000738378 0.7360312 
0.2475391 0.004459542 0.7480013 
0.2367117 0.001647324 0.761641 
0.325084 0.001146568 0.6737694 
0.3589447 0.003496155 0.6375592 
0.293881 0.002874707 0.7032443 
0.3356791 0.0005147143 0.6638062 
0.3289347 0.00367633 0.667389 
0.2392588 0.003755912 0.7569853 
0.3101023 0.0009466629 0.6889511 
0.2343663 0.003519634 0.7621141 
0.2881796 0.0003700598 0.7114503 
0.3270377 0.007245233 0.6657171 
0.3284257 0.003543191 0.6680311 
0.2790619 0.004347793 0.7165903 
0.326352 0.002593808 0.6710541 
0.3287337 0.001273247 0.6699931 
0.318084 0.008346067 0.6735699 
0.2471686 0.003162978 0.7496685 
0.2564971 0.01393202 0.7295709 
0.2899711 0.001458189 0.7085707 
0.3146807 0.00198286 0.6833364 
0.3466898 0.00605036 0.6472598 
0.2693191 0.01013765 0.7205433 
0.3184201 0.003244526 0.6783354 
0.3445885 0.001720777 0.6536907 
0.3179461 0.005887182 0.6761668 
0.2746684 0.002930911 0.7224007 
0.1789719 0.002806432 0.8182217 
0.3483476 0.005528455 0.6461239 
0.3219221 0.001507946 0.67657 
0.2908717 0.008230163 0.7008981 
0.3137696 0.003519376 0.6827111 
0.2848821 0.01560029 0.6995176 
0.3861622 0.0002215313 0.6136163 
0.229225 0.002299693 0.7684753 
0.3479549 0.009115223 0.6429299 
0.1916184 0.001380107 0.8070015 
0.294768 0.002526465 0.7027056 
0.1935517 0.01682558 0.7896227 
0.2219537 0.009981529 0.7680648 
0.2912025 0.006397073 0.7024005 
0.2777871 0.01471991 0.707493 
0.3075821 0.004636839 0.6877811 
0.3161351 0.003440872 0.680424 
0.2733775 0.04577418 0.6808483 
0.2193184 0.01840976 0.7622719 
0.4077369 0.001653601 0.5906095 
0.2441363 0.003144526 0.7527192 
0.3278565 0.0005683036 0.6715752 
0.3445819 0.001422503 0.6539956 
0.3296709 0.01009409 0.660235 
0.2819935 0.009889343 0.7081172 
0.382814 0.02016462 0.5970214 
0.3354657 0.005335646 0.6591986 
0.3527616 0.003184357 0.6440541 
0.2801773 0.01670553 0.7031171 
0.2957789 0.006745675 0.6974754 
0.2241969 0.003070589 0.7727325 
0.2866634 0.0042668 0.7090698 
0.2242947 0.007048957 0.7686563 
0.2909549 0.001441713 0.7076034 
0.2401186 0.0001498775 0.7597315 
0.2625555 0.005241697 0.7322029 
0.2720535 0.001011368 0.7269352 
0.2626161 0.001972047 0.7354118 
0.2965885 0.001873748 0.7015378 
0.3227369 0.002587891 0.6746752 
0.2620041 0.01419755 0.7237983 
0.2719452 0.00816294 0.7198919 
0.3104773 0.0007813973 0.6887413 
0.2964597 0.004262287 0.699278 
0.3837998 0.0001861078 0.6160141 
0.3323461 0.004871119 0.6627828 
0.2766817 0.007752287 0.715566 
0.3471126 0.003650766 0.6492366 
0.3830379 0.00802694 0.6089352 
0.4471094 0.004125541 0.5487651 
0.3570144 0.02117764 0.621808 
0.4093621 0.008912296 0.5817256 
0.4815069 0.01543958 0.5030535 
0.2881623 0.02054688 0.6912908 
0.3020182 0.006216185 0.6917656 
0.2829346 0.003554333 0.7135111 
0.3370245 0.01320476 0.6497707 
0.177833 0.01355334 0.8086137 
0.2575067 0.005494746 0.7369986 
0.2879086 0.001274855 0.7108166 
0.318532 0.0008279592 0.6806401 
0.405846 0.001459483 0.5926945 
0.3605682 0.009505077 0.6299267 
0.3161928 0.000702349 0.6831048 
0.244527 0.003284197 0.7521888 
0.3160943 0.00627631 0.6776294 
0.2647579 0.004839612 0.7304025 
0.281354 0.01691332 0.7017327 
0.3110561 0.003138958 0.685805 
0.281825 0.009420827 0.7087542 
0.3403427 0.02527727 0.63438 
0.1871037 0.002455777 0.8104406 
0.3338897 0.004382787 0.6617275 
0.2701458 0.003139751 0.7267145 
0.2586392 7.915982e-05 0.7412817 
0.351984 0.005999514 0.6420165 
0.315544 0.002467245 0.6819887 
0.2326194 0.007810312 0.7595703 
0.2710047 0.002639462 0.7263558 
0.2643583 0.005108094 0.7305336 
0.3086237 0.007836246 0.6835401 
0.3051139 0.02014822 0.6747378 
0.4337552 0.014067 0.5521778 
0.4381969 0.001479816 0.5603233 
0.343509 0.01657354 0.6399175 
0.3866077 0.001875125 0.6115172 
0.2776703 0.007639508 0.7146902 
0.3742075 0.00207469 0.6237178 
0.3154325 0.004149475 0.6804181 
0.3006755 0.004432841 0.6948917 
0.2803274 0.003605321 0.7160673 
0.441755 0.01058366 0.5476613 
0.3437127 0.004901037 0.6513863 
0.2893236 0.0009213223 0.7097551 
0.2540564 0.0007975066 0.7451461 
0.3196613 0.006680174 0.6736586 
0.3836381 0.00379679 0.6125651 
0.2960129 0.0002981531 0.7036889 
0.2031573 0.00191889 0.7949238 
0.2780102 0.005763965 0.7162258 
0.3360631 0.01727149 0.6466654 
0.2991735 0.01323863 0.6875878 
0.2945588 0.01113298 0.6943082 
0.3301071 0.001150811 0.6687421 
0.2639944 0.02474813 0.7112575 
0.2692749 0.001153628 0.7295715 
0.2096522 0.001127262 0.7892205 
0.2719826 0.01079989 0.7172175 
0.2465007 0.001166825 0.7523325 
0.2803192 0.004776055 0.7149048 
0.4488209 0.0002761892 0.550903 
0.2959432 0.003913019 0.7001438 
0.3081984 0.002735745 0.6890659 
0.2266592 0.01119915 0.7621416 
0.2052816 0.0004168794 0.7943015 
0.365033 0.00272354 0.6322435 
0.2815505 0.002087979 0.7163616 
0.2880867 0.006899781 0.7050135 
0.3130149 0.004020893 0.6829642 
0.3132189 0.001042778 0.6857383 
0.2639474 0.005623433 0.7304292 
0.2069206 0.02340765 0.7696717 
0.2780068 0.004165583 0.7178276 
0.2815644 0.005364197 0.7130714 
0.4184232 0.005143029 0.5764338 
0.2822403 0.0009864144 0.7167733 
0.3073009 0.001151853 0.6915472 
0.2521763 0.01385775 0.7339659 
0.3144998 0.009475466 0.6760248 
0.1640808 0.01070147 0.8252177 
0.2578257 0.002306625 0.7398677 
0.4149925 0.03089125 0.5541163 
0.264467 0.02145111 0.7140819 
0.2748951 0.004469448 0.7206355 
0.4054852 0.0003561081 0.5941586 
0.304749 0.00424365 0.6910073 
0.260159 0.009723839 0.7301172 
0.3020059 0.004508294 0.6934858 
0.3374926 0.004332903 0.6581745 
0.3150334 0.0197363 0.6652303 
0.2434826 0.002287421 0.75423 
0.2271236 0.001418304 0.7714581 
0.2968307 0.004298758 0.6988705 
0.2782353 0.01222054 0.7095441 
0.3354932 0.00161429 0.6628925 
0.21916 0.02755812 0.7532819 
0.2983522 0.01525358 0.6863942 
0.2236523 0.01002822 0.7663195 
0.4530593 0.0002477379 0.546693 
0.3052574 0.001140668 0.693602 
0.3196941 0.02609246 0.6542135 
0.287032 0.008408172 0.7045598 
0.2644198 0.01417081 0.7214094 
0.2559714 0.01377647 0.7302521 
0.35366 0.001351313 0.6449887 
0.33312 0.01065999 0.65622 
0.2372716 0.003720486 0.7590079 
0.2150748 0.0003378675 0.7845873 
0.2743461 0.003079265 0.7225746 
0.2797152 0.01468834 0.7055965 
0.2217178 0.007799116 0.7704831 
0.3033829 0.004521534 0.6920956 
0.3396853 0.002454624 0.6578601 
0.2671469 0.009776415 0.7230767 
0.2988496 0.01580478 0.6853456 
0.2006699 0.0002856079 0.7990445 
0.2547193 0.0121329 0.7331478 
0.3474033 0.01361973 0.6389769 
0.2698346 0.004379996 0.7257854 
0.3788569 0.005624864 0.6155182 
0.3458992 0.001723735 0.6523771 
0.2794558 0.01135836 0.7091858 
0.3601991 0.01146352 0.6283373 
0.1691769 0.01045036 0.8203727 
0.2749463 0.001570215 0.7234835 
0.3088039 0.004562416 0.6866337 
0.2313457 0.004052547 0.7646018 
0.2800672 0.0002329289 0.7196999 
0.2434197 0.003596361 0.752984 
0.3134177 0.02015941 0.6664229 
0.291319 0.01851033 0.6901707 
0.288228 0.009902923 0.7018691 
0.2261349 0.01233755 0.7615276 
0.2238287 0.002429675 0.7737417 
0.3014448 0.00138441 0.6971708 
0.3586324 0.0136569 0.6277107 
0.2923586 0.00495926 0.7026821 
0.2872587 0.01397979 0.6987615 
0.2266473 0.0009237906 0.7724289 
0.2569083 0.01333319 0.7297585 
0.3380714 0.002017915 0.6599107 
0.2723757 0.00656401 0.7210603 
0.3129589 0.006726611 0.6803145 
0.2732892 0.0002851262 0.7264257 
0.2463257 0.009508944 0.7441654 
0.2881068 0.0001151065 0.7117781 
0.2975051 0.002197028 0.7002979 
0.2200802 0.005256683 0.7746631 
0.3252514 0.003279223 0.6714694 
0.3688709 0.004605442 0.6265237 
0.2878482 0.0005263319 0.7116255 
0.2710073 0.01233349 0.7166592 
0.2292316 0.008320156 0.7624482 
0.3289603 0.007285204 0.6637545 
0.2851969 0.0005355291 0.7142676 
0.3215978 0.009819163 0.668583 
0.3642242 0.002480915 0.6332949 
0.3237183 0.009073974 0.6672077 
0.3463496 0.0004041097 0.6532463 
0.306192 0.006535052 0.687273 
0.3056527 0.01260774 0.6817396 
0.2066377 0.008283241 0.785079 
0.280762 0.007544481 0.7116935 
0.3114224 0.004092292 0.6844853 
0.2980182 0.01343381 0.688548 
0.2893278 0.0065775 0.7040947 
0.3682543 0.002531223 0.6292145 
0.2353786 0.0009803039 0.7636411 
0.32789 0.003359336 0.6687507 
0.2607841 0.00158472 0.7376312 
0.2877032 0.0001732956 0.7121235 
0.3084388 0.005065252 0.6864959 
0.2479591 0.0009282167 0.7511126 
0.3780195 0.007088326 0.6148922 
0.3680059 0.003851974 0.6281421 
0.24051 0.01081264 0.7486774 
0.3608271 0.009927504 0.6292454 
0.3507533 0.01288596 0.6363607 
0.2595041 0.004831392 0.7356645 
0.400865 0.01202898 0.5871061 
0.2296519 0.004867364 0.7654807 
0.2675473 0.007459165 0.7249935 
0.3457129 0.004126197 0.650161 
0.3093648 0.02524238 0.6653929 
0.2932753 0.001659727 0.705065 
0.245305 0.007128035 0.7475669 
0.3344303 0.007641255 0.6579284 
0.347848 0.008259115 0.6438929 
0.2109497 0.007505568 0.7815447 
0.2776259 0.00146332 0.7209108 
0.3530788 0.004676944 0.6422443 
0.4463264 0.007919844 0.5457537 
0.2390124 0.0161597 0.7448279 
0.3252016 0.003429378 0.671369 
0.2944878 0.003708756 0.7018035 
0.331825 0.001986753 0.6661883 
0.2455924 0.004967338 0.7494403 
0.1888687 0.004596957 0.8065344 
0.2450813 0.008790354 0.7461284 
0.3108587 0.01129899 0.6778423 
0.2585834 0.004046993 0.7373696 
0.4463457 0.01669962 0.5369547 
0.2772592 0.006400481 0.7163404 
0.3806153 0.01274456 0.6066401 
0.3353432 0.007416207 0.6572406 
0.3148638 0.001887051 0.6832491 
0.2980883 0.01270483 0.6892068 
0.3316344 0.006746229 0.6616194 
0.3015106 0.00492749 0.6935619 
0.3930254 0.001309319 0.6056653 
0.3888155 0.003501402 0.6076831 
0.2299638 0.01751573 0.7525205 
0.402705 0.001922599 0.5953724 
0.2560915 0.004651072 0.7392574 
0.251553 0.003227501 0.7452195 
0.3031491 0.006991346 0.6898595 
0.3085387 0.0222927 0.6691686 
0.3113387 0.01085129 0.67781 
0.2793959 0.003338321 0.7172658 
0.2861296 0.003885882 0.7099845 
0.2952131 0.005556408 0.6992305 
0.2656234 0.00107734 0.7332993 
0.4237598 0.01024241 0.5659978 
0.2985491 0.00405699 0.697394 
0.1674052 0.002046283 0.8305485 
0.2964905 0.001450166 0.7020594 
0.3540646 0.007017823 0.6389176 
0.3550378 0.0003137031 0.6446485 
0.3181352 0.008212749 0.6736521 
0.3134569 0.003322241 0.6832208 
0.21746 0.0002505798 0.7822894 
0.3239703 0.007753282 0.6682764 
0.3780655 0.003307368 0.6186271 
0.3306911 0.0001674893 0.6691414 
0.2264581 0.0263897 0.7471522 
0.3111505 0.004257559 0.684592 
0.3360001 0.005840553 0.6581594 
0.3061841 0.005716575 0.6880993 
0.3882976 0.0009614359 0.6107409 
0.2771628 0.002324487 0.7205127 
0.2654167 0.001193008 0.7333903 
0.3413314 0.0005333067 0.6581353 
0.3194296 0.01539143 0.6651789 
0.3045082 0.005351297 0.6901405 
0.2932911 0.00551548 0.7011934 
0.1904578 0.003427 0.8061152 
0.276564 0.004919318 0.7185167 
0.4283263 0.006442164 0.5652316 
0.2679156 0.00647425 0.7256101 
0.2968317 0.005388659 0.6977796 
0.253452 0.01293876 0.7336092 
0.2899008 0.02686859 0.6832306 
0.2516252 0.02396452 0.7244103 
0.2701027 0.001926471 0.7279709 
0.3511072 0.01104743 0.6378453 
0.263525 0.02899783 0.7074772 
0.2709799 0.0005474843 0.7284726 
0.2365355 0.007055412 0.756409 
0.2969911 0.008170515 0.6948383 
0.286466 0.004781129 0.7087529 
0.2836087 0.005783547 0.7106078 
0.3883836 0.008664326 0.602952 
0.3487186 0.001561839 0.6497196 
0.2270305 0.02214477 0.7508247 
0.2084056 0.002571583 0.7890228 
0.2904144 0.007643443 0.7019421 
0.3296462 0.003479769 0.6668741 
0.2837581 0.007864253 0.7083776 
0.3053238 0.01351416 0.681162 
0.3611454 0.01626213 0.6225925 
0.2341004 0.004532379 0.7613673 
0.2574901 0.003340861 0.739169 
0.2985022 0.001369869 0.7001279 
0.2247091 0.0003884253 0.7749025 
0.2889551 0.004997244 0.7060476 
0.2451436 0.0008021058 0.7540542 
0.3499033 0.01092435 0.6391724 
0.3171824 0.001720266 0.6810974 
0.3108943 0.00259638 0.6865094 
0.2942485 0.003402488 0.702349 
0.3111181 0.001066149 0.6878158 
0.3373291 5.061363e-05 0.6626203 
0.3877291 0.008251542 0.6040193 
0.2544714 0.002028597 0.7435 
0.2923567 0.006150502 0.7014928 
0.4139223 0.008652363 0.5774253 
0.3127945 0.001076229 0.6861293 
0.4007762 0.004950799 0.594273 
0.2896676 0.0047371 0.7055953 
0.2953233 0.018375 0.6863017 
0.2614481 0.01115428 0.7273976 
0.2479972 0.001338465 0.7506643 
0.326109 0.02674323 0.6471478 
0.3526253 0.005381966 0.6419927 
0.3322596 0.01692694 0.6508135 
0.2316256 0.0229999 0.7453745 
0.3324954 0.00978439 0.6577202 
0.2666949 0.003761094 0.7295441 
0.3045114 0.004652068 0.6908365 
0.2446775 4.115526e-05 0.7552813 
0.3451021 0.002209949 0.6526879 
0.3494935 0.003578111 0.6469284 
0.231268 0.00426601 0.764466 
0.3086258 0.008372402 0.6830018 
0.3049627 0.001856357 0.6931809 
0.2558523 0.002837635 0.7413101 
0.2828948 0.00920556 0.7078996 
0.2716076 0.0007453139 0.7276471 
0.2674247 0.005205661 0.7273697 
0.3443853 0.02015499 0.6354598 
0.2813156 0.0002342754 0.7184501 
0.3447851 0.003823576 0.6513913 
0.3526668 0.01552645 0.6318068 
0.3548986 0.002303838 0.6427976 
0.4186548 0.0006237953 0.5807215 
0.2312114 0.00501373 0.7637749 
0.3310651 0.013257 0.6556779 
0.2863894 0.003408009 0.7102026 
0.3438507 0.005281581 0.6508677 
0.3611496 0.001664638 0.6371858 
0.2725936 0.009798857 0.7176076 
0.3199839 0.014773 0.6652431 
0.3070856 0.003501013 0.6894134 
0.3101827 0.000590206 0.6892271 
0.282144 0.001838339 0.7160176 
0.3739598 0.0008228515 0.6252174 
0.2826729 0.001203472 0.7161237 
0.2169421 0.003924519 0.7791334 
0.2651841 0.0127442 0.7220717 
0.296743 0.005325902 0.6979311 
0.22021 0.01294973 0.7668403 
0.3318019 0.0209578 0.6472403 
0.2524114 0.02138991 0.7261987 
0.4486999 0.01321066 0.5380895 
0.2553311 0.006002787 0.7386662 
0.3083273 0.001687501 0.6899852 
0.2830569 0.005212162 0.7117309 
0.3001395 0.003187837 0.6966727 
0.2150453 9.444806e-05 0.7848602 
0.3554306 0.001203356 0.643366 
0.30675 0.008931753 0.6843183 
0.2974607 0.003609792 0.6989295 
0.3697585 0.003859846 0.6263817 
0.2486054 0.007260927 0.7441337 
0.3727034 0.006168463 0.6211281 
0.2691742 0.01792511 0.7129007 
0.2823327 0.0001716418 0.7174956 
0.25859 0.009589729 0.7318203 
0.3184535 0.0005100525 0.6810364 
0.2272878 0.009554074 0.7631581 
0.2771146 0.00911447 0.713771 
0.3063024 0.00186797 0.6918296 
0.2982211 0.008803522 0.6929754 
0.2695976 0.005961574 0.7244408 
0.2921261 0.008803419 0.6990704 
0.3663007 0.001678881 0.6320204 
0.412804 0.0001853611 0.5870106 
0.1778651 0.009258826 0.8128761 
0.2657805 0.005533392 0.7286861 
0.3052781 9.68412e-05 0.6946251 
0.198351 0.002623774 0.7990253 
0.2458738 0.002108652 0.7520176 
0.3109032 0.001059768 0.688037 
0.3086345 0.01531099 0.6760545 
0.274644 0.01599228 0.7093638 
0.3186031 0.01496338 0.6664335 
0.3702525 0.01867566 0.6110718 
0.3233875 0.005795527 0.670817 
0.2705622 0.009306789 0.720131 
0.302656 0.01428296 0.683061 
0.3712112 0.001042171 0.6277467 
0.2695474 0.01894516 0.7115075 
0.2479749 0.005694592 0.7463305 
0.2381416 0.008921352 0.752937 
0.2690652 0.002108419 0.7288264 
0.2770559 0.01457623 0.7083679 
0.2718762 0.000480042 0.7276437 
0.2975589 0.002972122 0.699469 
0.2477715 0.01040917 0.7418194 
0.285193 0.003882472 0.7109245 
0.203891 0.02240462 0.7737044 
0.3420619 0.001419029 0.6565191 
0.2549386 0.01113198 0.7339294 
0.2643354 0.02393162 0.711733 
0.2373093 0.006891766 0.7557989 
0.2371688 0.0007537059 0.7620775 
0.2836571 0.01707823 0.6992647 
0.2970945 0.003781123 0.6991243 
0.3669597 0.00533332 0.627707 
0.3751725 0.002595125 0.6222324 
0.358116 0.0181597 0.6237243 
0.20816 0.006806474 0.7850335 
0.3452945 0.008093952 0.6466115 
0.3411618 0.001887616 0.6569506 
0.2975117 0.01675484 0.6857334 
0.3565353 0.008908968 0.6345558 
0.2500478 0.01579248 0.7341597 
0.2459348 0.01658614 0.7374791 
0.286831 0.008347287 0.7048217 
0.2666568 0.002943711 0.7303995 
0.3869929 0.005663527 0.6073435 
0.3320253 0.007247634 0.660727 
0.2892822 0.008172129 0.7025457 
0.2602087 0.0001889692 0.7396023 
0.259674 0.00948407 0.730842 
0.346039 0.003379249 0.6505818 
0.420359 0.0009353844 0.5787056 
0.3841425 0.009881762 0.6059758 
0.2726492 0.00267998 0.7246708 
0.2487307 0.00653291 0.7447364 
0.373361 0.005111471 0.6215275 
0.3907535 0.008602259 0.6006442 
0.2464822 0.00518411 0.7483337 
0.1941378 0.002838703 0.8030235 
0.2962453 0.002910858 0.7008438 
0.286294 0.009090285 0.7046157 
0.3894229 0.009908058 0.6006691 
0.2115867 0.004449442 0.7839639 
0.2237429 0.009073667 0.7671834 
0.2665291 0.005932206 0.7275387 
0.2634578 0.00176105 0.7347811 
0.2840357 0.0001679245 0.7157964 
0.203169 0.006172591 0.7906584 
0.284962 0.006051326 0.7089866 
0.2380244 0.01354448 0.7484311 
0.3060391 0.003712202 0.6902487 
0.331667 0.0007556935 0.6675773 
0.2250573 0.002344366 0.7725984 
0.3533832 0.003442641 0.6431741 
0.3092176 0.02569404 0.6650884 
0.3418796 0.01198913 0.6461313 
0.3027699 0.004744638 0.6924854 
0.2906987 0.002192304 0.707109 
0.2530655 0.004316289 0.7426182 
0.3486436 0.0001030249 0.6512533 
0.2840545 0.002687635 0.7132579 
0.2633376 0.008564107 0.7280983 
0.3026638 0.003721308 0.6936149 
0.2753199 0.007147106 0.717533 
0.2600085 0.03150708 0.7084845 
0.3466974 0.01244623 0.6408563 
0.4188269 0.02393631 0.5572368 
0.2764003 0.0006854213 0.7229143 
0.3473174 0.01280631 0.6398763 
0.2970362 0.01314706 0.6898167 
0.3328156 0.006606248 0.6605781 
0.2905115 0.006190537 0.7032979 
0.3569891 0.002171543 0.6408394 
0.3384888 0.01822531 0.6432859 
0.3048529 0.002429103 0.692718 
0.3957134 0.0003113862 0.6039752 
0.3831013 0.003369871 0.6135288 
0.338559 0.008047916 0.6533931 
0.3401186 0.006553973 0.6533274 
0.3805982 0.006565569 0.6128362 
0.3056197 0.01251189 0.6818684 
0.2686005 0.0004927819 0.7309068 
0.2685487 0.002896956 0.7285544 
0.2434144 0.009157544 0.7474281 
0.2945286 0.01870586 0.6867656 
0.2976314 0.009521105 0.6928475 
0.3057527 0.002660027 0.6915872 
0.2578625 0.001838891 0.7402986 
0.3696482 0.008155399 0.6221964 
0.3052864 0.007590145 0.6871234 
0.3210353 0.004871643 0.6740931 
0.4356509 0.003257521 0.5610916 
0.2708178 0.00684027 0.7223419 
0.2608837 0.02622228 0.712894 
0.2800106 0.01017571 0.7098136 
0.4010717 0.004596925 0.5943314 
0.2827467 0.003912423 0.7133408 
0.2170795 0.00620329 0.7767172 
0.3275358 0.00667468 0.6657895 
0.3449451 0.009887786 0.6451671 
0.2353575 0.00532051 0.759322 
0.2520194 0.008997592 0.738983 
0.22255 0.008982302 0.7684677 
0.2942832 0.004385987 0.7013308 
0.3304084 0.007234168 0.6623574 
0.4118018 0.001651456 0.5865467 
0.299112 0.002970761 0.6979172 
0.3102035 0.004376675 0.6854198 
0.2802411 0.01072115 0.7090378 
0.3159147 0.004132674 0.6799526 
0.296714 0.008024539 0.6952614 
0.3274807 0.002064187 0.6704551 
0.2200237 0.000847713 0.7791285 
0.3078926 0.01797062 0.6741367 
0.241378 0.00370809 0.7549139 
0.3608017 0.009107227 0.6300911 
0.2710271 0.004612538 0.7243603 
0.3791339 0.00431491 0.6165512 
0.2624811 0.000775972 0.7367429 
0.3403138 0.006055453 0.6536307 
0.3934436 0.0006975743 0.6058588 
0.2524701 0.002924874 0.744605 
0.2936023 0.001762711 0.704635 
0.2792305 0.003504583 0.717265 
0.3626717 0.000239644 0.6370887 
0.2667499 0.0107014 0.7225487 
0.2391454 0.001069305 0.7597853 
0.3308819 0.004366217 0.6647519 
0.3395948 0.004186376 0.6562188 
0.3119719 0.001471747 0.6865564 
0.2322176 0.003784531 0.7639979 
0.2909153 0.005336952 0.7037478 
0.3059102 0.005098055 0.6889917 
0.2981336 0.0002847151 0.7015817 
0.2408023 0.001124583 0.7580731 
0.3386898 0.001529891 0.6597803 
0.3332154 0.01137277 0.6554118 
0.2374016 0.005548181 0.7570502 
0.2277866 0.00681997 0.7653934 
0.3097555 0.004751839 0.6854927 
0.2941281 0.01885966 0.6870123 
0.330274 0.007697978 0.662028 
0.2950053 0.01404197 0.6909528 
0.2623777 0.01299868 0.7246236 
0.354342 0.0001926824 0.6454653 
0.2140196 0.002894253 0.7830861 
0.2147163 0.005271941 0.7800117 
0.2815576 0.004999733 0.7134427 
0.3220426 0.006639468 0.671318 
0.2674359 0.003909156 0.7286549 
0.360916 0.005176061 0.6339079 
0.21213 0.00104944 0.7868205 
0.4738079 0.04894518 0.477247 
0.3647058 0.03281545 0.6024788 
0.2205757 0.001353709 0.7780706 
0.3557581 0.009516555 0.6347254 
0.2925002 0.00326658 0.7042332 
0.3378781 0.001292487 0.6608294 
0.4471312 0.001240092 0.5516287 
0.3722269 0.002849668 0.6249235 
0.2568094 0.006257638 0.736933 
0.2270426 0.006421467 0.7665359 
0.3790544 0.01861857 0.602327 
0.2838294 0.01341852 0.7027521 
0.3853576 0.006089649 0.6085527 
0.3257264 0.0254413 0.6488323 
0.2750741 0.0049163 0.7200096 
0.2789037 0.006220404 0.7148759 
0.2728146 0.009647835 0.7175376 
0.3605505 0.01573203 0.6237174 
0.2518329 0.005025898 0.7431412 
0.2731841 0.0008448761 0.7259711 
0.308378 0.001075431 0.6905465 
0.3309555 0.007880163 0.6611643 
0.2931707 0.01403491 0.6927944 
0.299378 0.003873796 0.6967482 
0.1838519 0.004289901 0.8118582 
0.3738143 9.477643e-05 0.6260909 
0.2600003 0.009615146 0.7303845 
0.3927264 0.001369458 0.6059041 
0.3551929 0.004580094 0.640227 
0.3147667 0.0008905019 0.6843428 
0.2571958 0.0136592 0.7291451 
0.2231184 0.01113566 0.7657459 
0.3632323 0.002162662 0.6346051 
0.3600536 0.005376597 0.6345698 
0.2959451 0.003656628 0.7003982 
0.3528767 0.007022271 0.640101 
0.3306493 0.01061874 0.6587319 
0.3080035 0.0006590496 0.6913374 
0.2337454 0.009728974 0.7565256 
0.2591295 0.002346263 0.7385242 
0.250474 0.001576201 0.7479498 
0.3737308 0.004485693 0.6217835 
0.2451854 0.005580019 0.7492346 
0.3200866 0.001555465 0.6783579 
0.3246047 0.01271666 0.6626787 
0.2464045 0.001438274 0.7521572 
0.2692644 0.001824098 0.7289115 
0.2910645 0.005836135 0.7030993 
0.3718024 0.01493771 0.6132599 
0.2705199 0.002432178 0.7270479 
0.2426318 0.007217301 0.7501509 
0.2739515 0.01593758 0.7101109 
0.1972112 0.00071382 0.802075 
0.2987286 0.0006267714 0.7006447 
0.2611092 0.00363198 0.7352588 
0.2410089 0.001670092 0.757321 
0.2340301 0.004208128 0.7617618 
0.3010974 0.01317384 0.6857287 
0.3013017 0.001661661 0.6970366 
0.2497946 0.002239907 0.7479655 
0.3366256 0.00847822 0.6548961 
0.2123883 0.003157019 0.7844547 
0.3050774 0.01238874 0.6825339 
0.3758105 0.003265437 0.6209241 
0.2671084 0.005192323 0.7276993 
0.3024114 0.01312149 0.6844671 
0.2046256 0.009571426 0.785803 
0.3946561 0.02098386 0.5843601 
0.3435826 0.004210087 0.6522073 
0.3196898 0.005106745 0.6752035 
0.2226682 0.01690359 0.7604282 
0.2223045 0.01986429 0.7578312 
0.2981169 0.005062823 0.6968203 
0.3903231 0.0005020338 0.6091749 
0.2569515 0.00455639 0.7384922 
0.2470543 0.0028616 0.7500841 
0.3484894 0.01451223 0.6369984 
0.3428024 0.00420358 0.652994 
0.2472933 0.008752714 0.7439539 
0.3082763 0.001348236 0.6903754 
0.2746304 0.003111147 0.7222585 
0.3545089 0.02966013 0.615831 
0.2268043 0.01644049 0.7567552 
0.1782188 0.001107999 0.8206732 
0.3391414 0.007833293 0.6530253 
0.2976209 0.005990613 0.6963885 
0.2874248 0.007597353 0.7049779 
0.3469813 0.001851132 0.6511675 
0.4069842 0.04014081 0.552875 
0.365881 0.002074413 0.6320446 
0.2575598 0.009751869 0.7326884 
0.3290097 0.002443552 0.6685467 
0.2919186 0.0007983757 0.7072831 
0.2808737 0.001268727 0.7178576 
0.2951081 0.002299563 0.7025924 
0.2437442 0.01227247 0.7439833 
0.284801 0.009909118 0.7052899 
0.2262876 0.001420143 0.7722923 
0.3472411 0.003563821 0.6491951 
0.3349625 0.002512543 0.6625249 
0.2415408 0.009761907 0.7486973 
0.3030336 0.004857002 0.6921094 
0.3653605 0.00519227 0.6294473 
0.3125096 0.008206884 0.6792836 
0.2823983 0.0009233637 0.7166783 
0.327799 0.0169452 0.6552558 
0.2732957 0.01933343 0.7073708 
0.3090727 0.004829064 0.6860982 
0.2528999 0.0001715676 0.7469286 
0.2420855 0.0178766 0.7400379 
0.3338812 0.01435959 0.6517593 
0.3004723 0.01784386 0.6816838 
0.334945 0.01473826 0.6503167 
0.306546 0.006036033 0.6874179 
0.2765062 0.006652714 0.7168411 
0.2990783 0.003344478 0.6975773 
0.2046909 0.01302518 0.7822839 
0.3233927 0.001429089 0.6751783 
0.261613 0.001816218 0.7365708 
0.3439979 0.002980691 0.6530214 
0.3116495 0.001552664 0.6867978 
0.3572941 0.0102305 0.6324754 
0.3404596 0.002266098 0.6572743 
0.2454316 0.002907531 0.7516609 
0.3077415 0.006723025 0.6855355 
0.3633305 0.003169342 0.6335001 
0.2817584 0.00298759 0.715254 
0.2936863 0.006006809 0.7003069 
0.2317264 0.005104847 0.7631688 
0.3481381 0.002799373 0.6490625 
0.3641281 0.002079759 0.6337921 
0.3253961 0.00333674 0.6712672 
0.3027357 0.001300068 0.6959643 
0.350639 0.006277918 0.6430831 
0.2362023 0.001948493 0.7618492 
0.2517516 0.0001973188 0.7480511 
0.3230593 0.000320628 0.6766201 
0.2225195 0.01302647 0.764454 
0.2681965 0.001830107 0.7299734 
0.2154612 0.02156368 0.7629751 
0.268553 0.0006398022 0.7308072 
0.2464488 0.01246423 0.7410869 
0.2025869 0.0009793499 0.7964338 
0.3287967 0.02973463 0.6414687 
0.3524024 0.005435619 0.642162 
0.3435983 0.01651905 0.6398826 
0.3128781 0.001121465 0.6860005 
0.2852646 0.003607846 0.7111276 
0.2552292 0.008429569 0.7363412 
0.3394485 0.01173505 0.6488165 
0.2325527 0.001568174 0.7658791 
0.2969071 0.004869707 0.6982232 
0.3223864 0.05036258 0.627251 
0.2470104 0.007658266 0.7453314 
0.30581 0.001654855 0.6925351 
0.2488188 0.002323861 0.7488573 
0.2625402 0.006511944 0.7309479 
0.2749777 0.001940181 0.7230821 
0.3114563 0.006100686 0.682443 
0.2803438 0.002071619 0.7175845 
0.2773352 0.005026818 0.717638 
0.2767863 0.0003124937 0.7229012 
0.3366242 0.002099437 0.6612764 
0.3071769 0.001577892 0.6912452 
0.3741328 0.01818247 0.6076847 
0.3252609 0.0001052463 0.6746339 
0.2853448 0.01054643 0.7041088 
0.2792402 2.291747e-05 0.7207369 
0.2887815 0.0001066171 0.7111119 
0.3363741 0.0005599219 0.663066 
0.3072203 0.003696582 0.6890831 
0.4091297 0.003236883 0.5876334 
0.2128744 0.005831436 0.7812941 
0.2835562 0.004134072 0.7123098 
0.276989 0.01180739 0.7112036 
0.345102 0.00739839 0.6474996 
0.2909014 0.004195702 0.7049029 
0.295144 0.002994432 0.7018616 
0.2632767 0.0007644926 0.7359589 
0.2123115 0.02335168 0.7643369 
0.2611796 0.007799561 0.7310208 
0.2539019 0.006101534 0.7399965 
0.3075901 0.0001585605 0.6922514 
0.2296978 0.003298589 0.7670036 
0.3570517 0.0004950373 0.6424533 
0.4091343 0.00213301 0.5887327 
0.3211698 0.007509213 0.6713209 
0.2577243 0.01600762 0.7262681 
0.2727776 0.004032023 0.7231904 
0.3160228 0.009895399 0.6740818 
0.3192681 0.003890324 0.6768416 
0.2816359 0.02192473 0.6964393 
0.2601588 0.00894967 0.7308915 
0.3906346 0.005382145 0.6039833 
0.3427225 0.001824687 0.6554528 
0.3348266 0.001732823 0.6634406 
0.1750044 0.007647096 0.8173485 
0.2539147 0.002377807 0.7437075 
0.2353039 0.01308902 0.7516071 
0.2901095 0.0114555 0.698435 
0.4334216 0.001824859 0.5647536 
0.2082333 0.007290455 0.7844762 
0.3341259 0.0002141146 0.66566 
0.3304009 0.009998483 0.6596006 
0.2513588 0.002151087 0.7464901 
0.35705 0.02921633 0.6137337 
0.2699114 0.006762855 0.7233258 
0.3219766 0.01401412 0.6640093 
0.3513102 0.01098559 0.6377042 
0.2862179 0.005824255 0.7079578 
0.2804738 0.009596044 0.7099301 
0.2554828 0.001876123 0.742641 
0.2495594 0.00450324 0.7459374 
0.2680882 0.001260646 0.7306512 
0.2315681 0.002049656 0.7663823 
0.2334769 0.008900068 0.7576231 
0.2692287 0.03953711 0.6912342 
0.2720357 0.002340273 0.725624 
0.3120322 0.002032703 0.6859351 
0.296837 0.003254727 0.6999083 
0.1861704 0.001032187 0.8127974 
0.2821411 0.003825099 0.7140338 
0.4254692 0.0009368155 0.573594 
0.3524507 0.002496345 0.6450529 
0.3335749 0.002068541 0.6643565 
0.3733149 0.01935393 0.6073312 
0.2798183 0.007836897 0.7123448 
0.4438868 0.01043095 0.5456822 
0.2506208 0.0009670925 0.7484121 
0.334512 0.0002143621 0.6652737 
0.1877164 0.004566407 0.8077172 
0.3216791 0.001194165 0.6771267 
0.2487573 0.009073949 0.7421687 
0.3587357 0.008582058 0.6326823 
0.3252858 0.006234836 0.6684794 
0.28701 0.0003890816 0.712601 
0.3239688 0.008983138 0.6670481 
0.2557821 0.03024295 0.713975 
0.323005 0.006228046 0.6707669 
0.1944997 0.002739535 0.8027608 
0.3012406 0.008764929 0.6899944 
0.2798455 0.003219476 0.7169351 
0.3246715 0.009014994 0.6663135 
0.4192673 9.666922e-05 0.580636 
0.3164154 0.009839333 0.6737453 
0.2871293 0.002120498 0.7107502 
0.1963538 0.003057519 0.8005887 
0.2651387 0.006586113 0.7282752 
0.3239499 0.001161969 0.6748881 
0.3801989 0.002105677 0.6176954 
0.3754787 0.002391696 0.6221296 
0.4055972 0.005835016 0.5885677 
0.384403 0.01031609 0.6052809 
0.2854924 0.002215666 0.7122919 
0.2805336 0.0004996562 0.7189668 
0.1720728 0.004006307 0.8239209 
0.2789659 0.0004931483 0.7205409 
0.3002961 0.006732187 0.6929717 
0.3542673 0.01430831 0.6314244 
0.258061 0.007083703 0.7348553 
0.243433 0.004681293 0.7518857 
0.2778971 0.0001578056 0.7219451 
0.3584302 0.007310396 0.6342594 
0.3683389 0.004652547 0.6270085 
0.3701303 0.02350947 0.6063602 
0.3753907 0.0007651661 0.6238441 
0.2294585 0.001398014 0.7691435 
0.3380449 0.01160308 0.6503521 
0.2560778 0.0007969474 0.7431252 
0.4261557 9.341589e-05 0.5737509 
0.285232 0.01111385 0.7036541 
0.3518844 0.003651896 0.6444637 
0.4017004 0.01138547 0.5869141 
0.3710022 0.006139484 0.6228583 
0.3021173 0.002591114 0.6952916 
0.3467196 0.003075875 0.6502045 
0.4037428 0.001211282 0.5950459 
0.1978182 0.005583033 0.7965987 
0.3435697 0.009126088 0.6473042 
0.3112104 0.002045459 0.6867442 
0.2729146 0.0333028 0.6937826 
0.2280303 0.01616837 0.7558013 
0.335579 0.006686245 0.6577347 
0.288902 0.001826229 0.7092718 
0.3823194 0.008110997 0.6095696 
0.2601324 0.003364977 0.7365026 
0.2409548 0.02185185 0.7371933 
0.2903751 0.001595889 0.708029 
0.227926 0.0004224016 0.7716516 
