p_1 p_2 p_3 
0.1002573 0.06274349 0.8369992 
0.03149185 0.1277526 0.8407555 
0.08314972 0.1907195 0.7261308 
0.04708293 0.0954128 0.8575043 
0.02469656 0.1616221 0.8136813 
0.08787229 0.1218388 0.7902889 
0.1032636 0.1731679 0.7235685 
0.1010029 0.1682688 0.7307283 
0.02799991 0.1283636 0.8436365 
0.1146854 0.1733063 0.7120083 
0.07874004 0.1347973 0.7864626 
0.06901069 0.1099859 0.8210034 
0.100404 0.09735716 0.8022389 
0.06956398 0.1396691 0.7907669 
0.08213351 0.09132033 0.8265462 
0.03762604 0.2254834 0.7368906 
0.04592953 0.2456766 0.7083938 
0.08467593 0.08509331 0.8302308 
0.04316675 0.06410284 0.8927304 
0.05057211 0.1413238 0.8081041 
0.0238451 0.1354219 0.840733 
0.07282759 0.1326139 0.7945585 
0.03592159 0.1559071 0.8081713 
0.08973132 0.07063343 0.8396352 
0.09173718 0.1390992 0.7691637 
0.08316074 0.1153832 0.801456 
0.08142124 0.1197259 0.7988528 
0.02770337 0.1411768 0.8311198 
0.06921735 0.1116995 0.8190832 
0.08382492 0.1632832 0.7528919 
0.07319295 0.14525 0.781557 
0.04773316 0.1291342 0.8231326 
0.07264027 0.1789039 0.7484559 
0.03744484 0.1893698 0.7731854 
0.02919376 0.1302581 0.8405481 
0.04274693 0.1763528 0.7809002 
0.1322599 0.1133804 0.7543597 
0.05001793 0.1230107 0.8269714 
0.06750691 0.1020201 0.830473 
0.04403388 0.1201067 0.8358594 
0.08439486 0.09425067 0.8213545 
0.07335903 0.1228261 0.8038149 
0.0739538 0.1077104 0.8183358 
0.08670274 0.09709758 0.8161997 
0.07300737 0.1056021 0.8213905 
0.05585841 0.1012775 0.8428641 
0.0739041 0.146602 0.7794939 
0.07337911 0.09394079 0.8326801 
0.07639352 0.08904997 0.8345565 
0.06144812 0.1384505 0.8001013 
0.04408419 0.1299889 0.8259269 
0.09050014 0.07635783 0.833142 
0.08844497 0.1979059 0.7136491 
0.045238 0.2483821 0.7063799 
0.09669294 0.06623198 0.8370751 
0.09388508 0.1420477 0.7640672 
0.05884133 0.225017 0.7161417 
0.05185361 0.1578712 0.7902752 
0.04738023 0.1301876 0.8224322 
0.09682159 0.09786851 0.8053099 
0.09246466 0.1595598 0.7479755 
0.114275 0.1273354 0.7583896 
0.0812052 0.1530095 0.7657853 
0.06376575 0.1638626 0.7723717 
0.03528848 0.1840075 0.780704 
0.02503483 0.1926334 0.7823318 
0.05103895 0.1698792 0.7790819 
0.06911453 0.1751008 0.7557846 
0.1031098 0.154517 0.7423732 
0.02504902 0.1568164 0.8181346 
0.04761653 0.1169387 0.8354448 
0.08298167 0.1277075 0.7893109 
0.07220812 0.1922538 0.735538 
0.02838683 0.1173791 0.8542341 
0.06428417 0.1652948 0.770421 
0.05581416 0.175235 0.7689509 
0.06002848 0.1251856 0.814786 
0.0144659 0.1667051 0.818829 
0.07535693 0.1149778 0.8096653 
0.08863556 0.1402002 0.7711643 
0.02414509 0.1397688 0.8360861 
0.07159038 0.0725069 0.8559027 
0.1744794 0.06094697 0.7645736 
0.1273818 0.1085656 0.7640526 
0.06751985 0.1198493 0.8126308 
0.07293912 0.1290831 0.7979777 
0.1056216 0.07744595 0.8169324 
0.06553058 0.1844958 0.7499736 
0.1175995 0.1237717 0.7586288 
0.05977172 0.1792437 0.7609846 
0.07443569 0.0912955 0.8342688 
0.081655 0.1512254 0.7671196 
0.0531693 0.1266537 0.820177 
0.111097 0.1485796 0.7403233 
0.07693078 0.1298458 0.7932234 
0.04415221 0.1866051 0.7692427 
0.02652968 0.1291854 0.8442849 
0.03435698 0.173257 0.792386 
0.04123515 0.1233192 0.8354456 
0.1197259 0.1351569 0.7451172 
0.04625402 0.1270911 0.8266548 
0.07769655 0.1295343 0.7927691 
0.114203 0.1400584 0.7457386 
0.0624599 0.07856391 0.8589762 
0.08813223 0.1069609 0.8049068 
0.0417194 0.1128043 0.8454763 
0.1283708 0.0832164 0.7884128 
0.04496384 0.128877 0.8261591 
0.0754188 0.1875218 0.7370594 
0.08399688 0.09046016 0.825543 
0.03186977 0.1720105 0.7961198 
0.05031048 0.1543798 0.7953098 
0.08604139 0.1380733 0.7758853 
0.04560889 0.2134984 0.7408927 
0.06153542 0.09547251 0.8429921 
0.0219549 0.1552614 0.8227836 
0.04028786 0.1489901 0.8107221 
0.08015481 0.1380049 0.7818402 
0.08015219 0.1351234 0.7847244 
0.08014278 0.1946369 0.7252203 
0.04488169 0.178475 0.7766433 
0.07607904 0.118431 0.8054899 
0.08121466 0.1673196 0.7514657 
0.09590813 0.1728315 0.7312604 
0.07736969 0.09865391 0.8239764 
0.04783728 0.1994109 0.7527518 
0.05156954 0.1058045 0.842626 
0.02856502 0.1764408 0.7949942 
0.03028441 0.1344163 0.8352993 
0.03346257 0.196055 0.7704824 
0.04409563 0.1622897 0.7936147 
0.02905971 0.1754181 0.7955222 
0.06429368 0.1122865 0.8234199 
0.05938153 0.1534602 0.7871582 
0.1042803 0.1328901 0.7628296 
0.05768892 0.1079473 0.8343638 
0.05471499 0.1622903 0.7829947 
0.06528175 0.110018 0.8247003 
0.0665415 0.1469869 0.7864716 
0.04061809 0.1427933 0.8165886 
0.03303765 0.1344911 0.8324713 
0.06513658 0.1397451 0.7951183 
0.06101565 0.1522574 0.7867269 
0.04626283 0.105758 0.8479792 
0.05541062 0.1176278 0.8269616 
0.1022966 0.1493633 0.7483401 
0.01548679 0.2224847 0.7620285 
0.008754973 0.2434647 0.7477803 
0.02712837 0.09846047 0.8744112 
0.04945174 0.1973849 0.7531633 
0.03290732 0.1397732 0.8273195 
0.04529094 0.1275162 0.8271929 
0.02508663 0.1421118 0.8328016 
0.05427908 0.2496212 0.6960997 
0.05825856 0.1064238 0.8353176 
0.0933784 0.1765776 0.730044 
0.09409197 0.08736692 0.8185411 
0.02399966 0.09102742 0.8849729 
0.03596707 0.09254074 0.8714922 
0.05567722 0.1308717 0.8134511 
0.1042169 0.1473394 0.7484438 
0.05426466 0.1762235 0.7695118 
0.0333895 0.08603776 0.8805727 
0.03502647 0.104693 0.8602805 
0.03677622 0.1566348 0.806589 
0.06250065 0.1556278 0.7818715 
0.07285965 0.134975 0.7921653 
0.1040398 0.0922898 0.8036704 
0.05138546 0.09542015 0.8531944 
0.1010089 0.1464648 0.7525263 
0.005551418 0.1848056 0.809643 
0.06688329 0.09232911 0.8407876 
0.04242241 0.1488429 0.8087347 
0.04827921 0.1792861 0.7724347 
0.06222649 0.1677719 0.7700016 
0.08030706 0.09391972 0.8257732 
0.04741523 0.1400608 0.812524 
0.0552705 0.09287949 0.85185 
0.04656489 0.1177448 0.8356903 
0.05756352 0.1470045 0.795432 
0.06862908 0.1567842 0.7745867 
0.09393587 0.1314529 0.7746113 
0.1527126 0.06264249 0.7846449 
0.1207398 0.117759 0.7615013 
0.06396259 0.1297796 0.8062578 
0.07619902 0.130435 0.793366 
0.05394124 0.1805924 0.7654664 
0.07455022 0.118043 0.8074068 
0.03114343 0.1803849 0.7884717 
0.02866843 0.1525582 0.8187734 
0.05243559 0.1303362 0.8172282 
0.04046973 0.1795945 0.7799357 
0.0344793 0.1129899 0.8525308 
0.04276814 0.1159552 0.8412766 
0.02682611 0.1482289 0.824945 
0.02436951 0.1257881 0.8498424 
0.02999747 0.1081137 0.8618889 
0.0688848 0.1904695 0.7406457 
0.06493013 0.08650871 0.8485612 
0.07165482 0.1683296 0.7600156 
0.08149403 0.1098327 0.8086732 
0.06074179 0.1098253 0.8294329 
0.04179876 0.09714319 0.861058 
0.06052471 0.09882067 0.8406546 
0.04845603 0.1294568 0.8220871 
0.06077806 0.2412614 0.6979606 
0.03060906 0.1222559 0.8471351 
0.07065375 0.1598358 0.7695105 
0.03074623 0.1606976 0.8085562 
0.03157439 0.1639178 0.8045078 
0.03004458 0.1071523 0.8628031 
0.05131241 0.1636603 0.7850273 
0.05725023 0.1367995 0.8059502 
0.04131989 0.1347579 0.8239222 
0.04629263 0.1395605 0.8141469 
0.08786084 0.08992275 0.8222164 
0.08225011 0.1769462 0.7408037 
0.1388534 0.1177347 0.7434119 
0.05667958 0.1182601 0.8250603 
0.06570744 0.1587343 0.7755583 
0.06541246 0.1709419 0.7636456 
0.03867512 0.1277412 0.8335837 
0.03239037 0.07591763 0.891692 
0.04815656 0.1487279 0.8031156 
0.0003818786 0.2003625 0.7992556 
0.01547648 0.187729 0.7967945 
0.04614222 0.156809 0.7970488 
0.05736353 0.1701672 0.7724693 
0.01772905 0.1637412 0.8185297 
0.005946217 0.1676273 0.8264265 
0.00352007 0.1437936 0.8526863 
0.07404684 0.1318456 0.7941076 
0.003415989 0.1384697 0.8581143 
0.07416535 0.09448683 0.8313478 
0.1676549 0.08837206 0.743973 
0.04590988 0.1818042 0.772286 
0.07180381 0.1378404 0.7903558 
0.1692701 0.172447 0.6582829 
0.1048043 0.09006299 0.8051327 
0.02988176 0.1274998 0.8426185 
0.1025129 0.1237102 0.7737768 
0.07335499 0.121489 0.805156 
0.05092701 0.2347692 0.7143038 
0.08820688 0.2205525 0.6912407 
0.005194242 0.2319443 0.7628615 
0.007235055 0.2173872 0.7753778 
0.1022599 0.1110548 0.7866853 
0.02810403 0.2548641 0.7170319 
0.1182805 0.1446005 0.737119 
0.1180465 0.1024411 0.7795123 
0.0827713 0.1499643 0.7672644 
0.06036306 0.2171851 0.7224518 
0.06074522 0.1163928 0.822862 
0.04916735 0.1178594 0.8329733 
0.07704483 0.1554066 0.7675486 
0.04682869 0.1402047 0.8129666 
0.09058189 0.09269005 0.8167281 
0.1102272 0.1247057 0.7650671 
0.09607995 0.1303048 0.7736153 
0.06389075 0.1864788 0.7496305 
0.06223432 0.1074798 0.8302859 
0.05535566 0.1403127 0.8043317 
0.09829583 0.1823642 0.71934 
0.05850245 0.1536924 0.7878052 
0.04262715 0.1196398 0.837733 
0.04754009 0.1355122 0.8169477 
0.05335797 0.1353513 0.8112907 
0.05736442 0.1505508 0.7920848 
0.04580144 0.1240561 0.8301424 
0.06163334 0.1277126 0.8106541 
0.04816701 0.09922218 0.8526108 
0.08314196 0.1628483 0.7540097 
0.06288728 0.1609323 0.7761805 
0.1096438 0.183673 0.7066832 
0.06445709 0.1976288 0.7379142 
0.08180703 0.1007779 0.8174151 
0.08417452 0.06796312 0.8478624 
0.07294375 0.1642772 0.7627791 
0.03703862 0.1944832 0.7684782 
0.0474259 0.1979433 0.7546308 
0.01727583 0.2344477 0.7482764 
0.02807965 0.2244093 0.7475111 
0.04269931 0.1553704 0.8019303 
0.04527407 0.1755815 0.7791444 
0.06846789 0.09752052 0.8340116 
0.09671978 0.1371143 0.7661659 
0.07947279 0.1175226 0.8030046 
0.08285843 0.1146804 0.8024611 
0.02532292 0.1459881 0.8286889 
0.08130583 0.1334237 0.7852705 
0.05257026 0.1152449 0.8321848 
0.06682632 0.09753087 0.8356428 
0.05950238 0.1226013 0.8178964 
0.09720517 0.103423 0.7993718 
0.08636619 0.1167247 0.7969091 
0.1012981 0.08525755 0.8134443 
0.06543728 0.1715948 0.7629679 
0.05020374 0.0592048 0.8905915 
0.1023747 0.1838534 0.7137719 
0.06634001 0.09207727 0.8415827 
0.06631038 0.1590368 0.7746528 
0.06858025 0.0909582 0.8404616 
0.04467146 0.1730138 0.7823147 
0.08028075 0.08952835 0.8301909 
0.08335968 0.1303105 0.7863298 
0.05385523 0.06852962 0.8776151 
0.00841199 0.1492033 0.8423847 
0.03897776 0.1390656 0.8219566 
0.1541725 0.1023767 0.7434508 
0.01869478 0.1071203 0.8741849 
0.05511608 0.0921907 0.8526932 
0.03158346 0.1305699 0.8378467 
0.04756883 0.09646901 0.8559622 
0.1068297 0.1246451 0.7685252 
0.05554982 0.07303697 0.8714132 
0.04634009 0.1851569 0.768503 
0.0828026 0.1662027 0.7509947 
0.06189811 0.1597253 0.7783766 
0.05385838 0.1844745 0.7616671 
0.04711596 0.1758941 0.7769899 
0.05863327 0.1576369 0.7837298 
0.0441003 0.1170203 0.8388794 
0.06178679 0.1770131 0.7612001 
0.06184378 0.1528855 0.7852708 
0.1069031 0.2153576 0.6777394 
0.05715215 0.1672638 0.7755841 
0.1053469 0.2322261 0.662427 
0.03846438 0.219454 0.7420816 
0.0760537 0.108018 0.8159283 
0.1085429 0.1364604 0.7549968 
0.05371112 0.1288508 0.817438 
0.06342958 0.1566255 0.7799449 
0.04410588 0.1124293 0.8434648 
0.03532147 0.139775 0.8249035 
0.03491848 0.1231295 0.841952 
0.08161962 0.06365627 0.8547241 
0.06934741 0.1281474 0.8025052 
0.07644676 0.1605143 0.7630389 
0.05140713 0.172478 0.7761149 
0.06819741 0.1215467 0.8102559 
0.07468265 0.1811025 0.7442149 
0.06902262 0.12241 0.8085674 
0.08251977 0.1223665 0.7951137 
0.07185413 0.1427506 0.7853953 
0.03882364 0.1718692 0.7893072 
0.08100659 0.1542289 0.7647645 
0.06088377 0.1494138 0.7897024 
0.09530779 0.165217 0.7394752 
0.04393402 0.1394061 0.8166599 
0.0728124 0.1882739 0.7389137 
0.05688004 0.1463067 0.7968132 
0.08917558 0.09535928 0.8154651 
0.07239438 0.169018 0.7585876 
0.09802518 0.1052476 0.7967272 
0.07964446 0.1278079 0.7925476 
0.09508058 0.1282531 0.7766664 
0.09937739 0.08958212 0.8110405 
0.1263552 0.1817594 0.6918854 
0.07625791 0.1242369 0.7995052 
0.0648127 0.1656573 0.76953 
0.06243287 0.1585802 0.778987 
0.04916664 0.1126845 0.8381488 
0.04116397 0.1570324 0.8018037 
0.04625585 0.1510932 0.8026509 
0.1226168 0.1206733 0.7567098 
0.04785198 0.1469354 0.8052127 
0.03047214 0.202771 0.7667568 
0.04319649 0.1269758 0.8298277 
0.05339047 0.1524539 0.7941556 
0.0513578 0.1335965 0.8150457 
0.1375756 0.1414487 0.7209758 
0.03473558 0.1024427 0.8628217 
0.04903457 0.133346 0.8176195 
0.04550394 0.2193918 0.7351043 
0.04394179 0.1504386 0.8056196 
0.04337524 0.1463955 0.8102292 
0.04310469 0.2073711 0.7495242 
0.06752565 0.1714807 0.7609937 
0.04473621 0.1175139 0.8377499 
0.09147586 0.1811273 0.7273968 
0.06952721 0.1284631 0.8020097 
0.07147634 0.1696009 0.7589227 
0.03877209 0.1533453 0.8078826 
0.112288 0.1059233 0.7817887 
0.07476312 0.2056375 0.7195994 
0.03436132 0.2371294 0.7285093 
0.05521283 0.1088235 0.8359637 
0.07833357 0.1108688 0.8107977 
0.09138073 0.1675243 0.741095 
0.09096756 0.1169842 0.7920482 
0.04112747 0.1231497 0.8357228 
0.05272129 0.142876 0.8044027 
0.06281565 0.1578369 0.7793475 
0.03834872 0.1051312 0.8565201 
0.05219764 0.1347221 0.8130802 
0.08091968 0.150739 0.7683414 
0.07392603 0.1702293 0.7558447 
0.101231 0.1059888 0.7927802 
0.1033347 0.1132771 0.7833881 
0.1135457 0.1143266 0.7721277 
0.1074874 0.03864693 0.8538656 
0.07513611 0.1092781 0.8155858 
0.02445684 0.1582959 0.8172473 
0.102942 0.1102529 0.7868051 
0.09706069 0.1592526 0.7436867 
0.1077463 0.1789646 0.7132891 
0.1521158 0.08098918 0.7668951 
0.07358212 0.1659167 0.7605011 
0.06350042 0.1395795 0.7969201 
0.04082415 0.1663223 0.7928536 
0.05017238 0.1763472 0.7734804 
0.06453829 0.1416135 0.7938482 
0.0814969 0.1029686 0.8155345 
0.04549848 0.1138245 0.840677 
0.09994311 0.1451817 0.7548752 
0.03688403 0.1552404 0.8078756 
0.02335125 0.20551 0.7711387 
0.08613664 0.1634749 0.7503884 
0.0406034 0.1113621 0.8480345 
0.04302913 0.1827411 0.7742298 
0.06135842 0.2183243 0.7203173 
0.04538342 0.1828045 0.7718121 
0.06919849 0.1458914 0.7849101 
0.09739025 0.06717393 0.8354358 
0.04260594 0.1193673 0.8380268 
0.06552615 0.1593563 0.7751176 
0.1102806 0.1545929 0.7351264 
0.04655969 0.1793775 0.7740628 
0.03514991 0.1735175 0.7913326 
0.07840808 0.1671121 0.7544798 
0.1100744 0.07652439 0.8134012 
0.1360377 0.1653817 0.6985806 
0.1094309 0.1217056 0.7688635 
0.03371436 0.2198735 0.7464121 
0.04833381 0.1595393 0.7921269 
0.08731131 0.1245877 0.788101 
0.05664116 0.211713 0.7316459 
0.0379243 0.1255335 0.8365422 
0.07942416 0.09159875 0.8289771 
0.1168318 0.1017747 0.7813935 
0.07666471 0.1407653 0.78257 
0.06987423 0.1282377 0.8018881 
0.06959211 0.1448252 0.7855827 
0.09774276 0.09774361 0.8045136 
0.0800326 0.07910054 0.8408669 
0.07955683 0.1733082 0.747135 
0.1064599 0.08214057 0.8113995 
0.01830636 0.1536094 0.8280842 
0.0827802 0.1510965 0.7661233 
0.03427522 0.1732876 0.7924371 
0.06293921 0.1696672 0.7673936 
0.03045293 0.1368746 0.8326724 
0.05683733 0.1813289 0.7618338 
0.02745168 0.1250704 0.8474779 
0.1234978 0.08806825 0.7884339 
0.04746173 0.111577 0.8409613 
0.03560779 0.1392192 0.825173 
0.04562481 0.1525472 0.801828 
0.05731672 0.1499227 0.7927605 
0.02773983 0.1622188 0.8100414 
0.0683663 0.1326627 0.798971 
0.06332034 0.1575414 0.7791383 
0.1006183 0.1477885 0.7515932 
0.1477018 0.09958824 0.75271 
0.03184201 0.1974719 0.770686 
0.05583344 0.1961049 0.7480617 
0.07948193 0.0850739 0.8354442 
0.02152755 0.1647958 0.8136766 
0.1193195 0.1910538 0.6896267 
0.08131512 0.1037481 0.8149368 
0.06754986 0.1206787 0.8117714 
0.04083357 0.07653597 0.8826305 
0.05377284 0.2091175 0.7371096 
0.05906675 0.1187486 0.8221846 
0.09230406 0.0519227 0.8557732 
0.06289179 0.1223729 0.8147353 
0.06114137 0.1568798 0.7819788 
0.1059882 0.07947676 0.814535 
0.06713165 0.1073274 0.8255409 
0.04667203 0.1839765 0.7693514 
0.08188306 0.123451 0.794666 
0.08085027 0.1451552 0.7739945 
0.05662822 0.118565 0.8248068 
0.05965138 0.1254313 0.8149173 
0.07843813 0.1547268 0.7668351 
0.1187195 0.1083744 0.7729061 
0.02665589 0.2196774 0.7536667 
0.06023943 0.1194951 0.8202655 
0.04507544 0.1860862 0.7688383 
0.04413256 0.1904939 0.7653735 
0.09204241 0.07481849 0.8331391 
0.07267734 0.1824902 0.7448325 
0.1299545 0.1015227 0.7685228 
4.661151e-06 0.2641435 0.7358518 
0.0464735 0.1329908 0.8205357 
0.1345111 0.100338 0.7651509 
0.1618765 0.04826441 0.7898591 
0.119075 0.07280508 0.80812 
0.1437808 0.06068412 0.7955351 
0.07334451 0.07400021 0.8526553 
0.1974104 0.07093468 0.7316549 
0.1656052 0.03039696 0.8039979 
0.1972398 0.04961792 0.7531423 
0.1166001 0.03371889 0.849681 
0.08901764 0.05496479 0.8560176 
0.1059027 0.1361422 0.7579551 
0.1562445 0.05892484 0.7848307 
0.1104798 0.02102785 0.8684923 
0.1949437 0.05850663 0.7465497 
0.1702303 0.03209708 0.7976726 
0.08597374 0.04445112 0.8695751 
0.1041162 0.04996497 0.8459188 
0.1385289 0.08879241 0.7726787 
0.1624453 0.05235479 0.7851999 
0.1599638 0.04800474 0.7920315 
0.1324497 0.05724379 0.8103065 
0.1923648 0.0815011 0.7261341 
0.1391593 0.05269992 0.8081408 
0.1341136 0.03677303 0.8291133 
0.09878429 0.03929311 0.8619226 
0.1411678 0.09399664 0.7648356 
0.1133192 0.06416425 0.8225166 
0.171416 0.06390943 0.7646746 
0.1283239 0.04374367 0.8279325 
0.1484653 0.06686271 0.784672 
0.1294292 0.07680639 0.7937644 
0.1491664 0.06007131 0.7907623 
0.1492474 0.04387456 0.806878 
0.1791327 0.04145845 0.7794089 
0.1419643 0.0618591 0.7961766 
0.1352639 0.07158832 0.7931478 
0.1268813 0.04775805 0.8253607 
0.1251736 0.08844909 0.7863773 
0.1054312 0.05626733 0.8383014 
0.1148036 0.02985403 0.8553423 
0.1078178 0.07554072 0.8166415 
0.08821041 0.1339796 0.77781 
0.09897212 0.03832154 0.8627063 
0.1695686 0.03526839 0.795163 
0.1579858 0.0876451 0.7543691 
0.1248754 0.02082629 0.8542983 
0.1073314 0.1052459 0.7874227 
0.2284364 0.1009118 0.6706517 
0.1607754 0.02029195 0.8189327 
0.11575 0.06495703 0.819293 
0.119201 0.05679434 0.8240047 
0.1238026 0.05918523 0.8170122 
0.09230539 0.04900308 0.8586915 
0.1055417 0.09155534 0.802903 
0.1878517 0.0510384 0.7611099 
0.1531621 0.03475376 0.8120841 
0.1769639 0.07648254 0.7465536 
0.1482767 0.06010993 0.7916134 
0.1294585 0.07192968 0.7986118 
0.1113202 0.1150868 0.7735929 
0.11843 0.1075568 0.7740131 
0.1638631 0.09885477 0.7372822 
0.1117366 0.1205859 0.7676775 
0.1640493 0.04036916 0.7955815 
0.1267192 0.06672738 0.8065534 
0.1286799 0.04574489 0.8255752 
0.121969 0.0633855 0.8146455 
0.1103619 0.04059633 0.8490418 
0.1031396 0.05342465 0.8434357 
0.1293987 0.03515106 0.8354503 
0.1640606 0.02795339 0.807986 
0.1508045 0.04002697 0.8091686 
0.1527956 0.07624463 0.7709597 
0.1398296 0.03942486 0.8207455 
0.1087895 0.0543322 0.8368783 
0.1425249 0.02146888 0.8360063 
0.1617595 0.04063728 0.7976033 
0.06998628 0.07117103 0.8588427 
0.1535539 0.06029558 0.7861505 
0.1337055 0.1420655 0.724229 
0.09438659 0.07740598 0.8282074 
0.1267523 0.04410808 0.8291396 
0.1429184 0.1232102 0.7338714 
0.2158483 0.02474597 0.7594057 
0.1684127 0.01921354 0.8123737 
0.1505446 0.06001526 0.7894402 
0.1455293 0.03622906 0.8182416 
0.1514163 0.08802004 0.7605637 
0.1438562 0.08457129 0.7715725 
0.1238954 0.05794374 0.8181609 
0.1589425 0.05288669 0.7881708 
0.2034685 0.01715694 0.7793746 
0.1649275 0.07746532 0.7576072 
0.1090979 0.03868362 0.8522185 
0.1855254 0.03971434 0.7747603 
0.1485362 0.07364518 0.7778187 
0.1977663 0.05312916 0.7491045 
0.1689913 0.06511625 0.7658925 
0.1418851 0.05833766 0.7997772 
0.1230491 0.08705613 0.7898947 
0.09891198 0.07295555 0.8281325 
0.1520473 0.1003409 0.7476118 
0.1393187 0.08120534 0.7794759 
0.1021009 0.0621635 0.8357356 
0.1624994 0.07860006 0.7589005 
0.1412949 0.06983489 0.7888702 
0.2498785 0.04720103 0.7029205 
0.1841701 0.06637771 0.7494522 
0.1630993 0.0539805 0.7829202 
0.1366202 0.08872899 0.7746508 
0.1696028 0.1060356 0.7243616 
0.1140881 0.08185596 0.8040559 
0.08147328 0.09009173 0.828435 
0.1113517 0.07645729 0.812191 
0.2069726 0.05417949 0.7388479 
0.1366 0.06802914 0.7953709 
0.1100326 0.08368284 0.8062845 
0.1417571 0.07089613 0.7873468 
0.09024455 0.04686331 0.8628921 
0.05241694 0.1213874 0.8261957 
0.1436864 0.07658565 0.779728 
0.1266153 0.05051421 0.8228705 
0.1737907 0.06405796 0.7621514 
0.1186319 0.1313783 0.7499898 
0.1085976 0.08311431 0.8082881 
0.1304824 0.03471622 0.8348013 
0.1147807 0.03649112 0.8487282 
0.1933721 0.04406706 0.7625608 
0.1420641 0.05717057 0.8007653 
0.09301338 0.04745433 0.8595323 
0.1810075 0.02860355 0.790389 
0.1363644 0.03042982 0.8332058 
0.1221173 0.04131121 0.8365715 
0.1289385 0.07107394 0.7999875 
0.06487679 0.2036096 0.7315136 
0.1201139 0.07602613 0.80386 
0.1445085 0.0505482 0.8049433 
0.2283626 0.04116169 0.7304757 
0.135725 0.06484812 0.7994268 
0.1311279 0.02038406 0.848488 
0.1359984 0.05580174 0.8081999 
0.08076431 0.04821118 0.8710245 
0.1225961 0.08783808 0.7895658 
0.07559225 0.08074011 0.8436676 
0.144026 0.04907981 0.8068942 
0.2202199 0.002373538 0.7774066 
0.1855283 0.04293088 0.7715408 
0.1753089 0.03989948 0.7847916 
0.1614361 0.05623384 0.7823301 
0.2031305 0.03854815 0.7583213 
0.1431808 0.04683918 0.8099801 
0.1389349 0.07715461 0.7839105 
0.1419283 0.04758062 0.8104911 
0.09855174 0.08811986 0.8133284 
0.1265801 0.1104312 0.7629887 
0.122422 0.1071636 0.7704144 
0.1393523 0.02010745 0.8405403 
0.1363185 0.1152384 0.7484431 
0.0938751 0.05802111 0.8481038 
0.1260343 0.04165733 0.8323084 
0.1863902 0.07853862 0.7350712 
0.2568191 0.04876057 0.6944203 
0.1297579 0.03597176 0.8342703 
0.1652892 0.05895598 0.7757548 
0.1616537 0.0685878 0.7697585 
0.1126164 0.03883288 0.8485508 
0.1238695 0.0785161 0.7976144 
0.1792188 0.03247018 0.788311 
0.2165078 0.06046467 0.7230275 
0.095384 0.0602578 0.8443582 
0.1362261 0.07178996 0.7919839 
0.2320218 0.03243113 0.735547 
0.1616914 0.06727667 0.7710319 
0.1797802 0.06304392 0.7571758 
0.1402355 0.0655306 0.7942339 
0.1432483 0.09336421 0.7633874 
0.1344741 0.07871148 0.7868144 
0.1179395 0.04607631 0.8359842 
0.1784682 0.04610881 0.775423 
0.1308415 0.03171344 0.8374451 
0.1556571 0.08857159 0.7557713 
0.2102481 0.02750265 0.7622493 
0.1220177 0.05393898 0.8240433 
0.1043253 0.05641947 0.8392553 
0.1455995 0.02486663 0.8295339 
0.1732201 0.07743868 0.7493412 
0.1738088 0.09262588 0.7335653 
0.1258512 0.02339789 0.8507509 
0.1656828 0.04735396 0.7869633 
0.2010733 0.07523167 0.7236951 
0.1364486 0.0550845 0.8084669 
0.1204649 0.1344339 0.7451012 
0.1223541 0.04075971 0.8368862 
0.1307766 0.05418759 0.8150358 
0.1312562 0.0714914 0.7972524 
0.1400739 0.02589973 0.8340264 
0.1380156 0.1082928 0.7536916 
0.1074842 0.03876604 0.8537497 
0.05172447 0.06124088 0.8870346 
0.1366698 0.05689997 0.8064303 
0.1414836 0.04864683 0.8098696 
0.1222227 0.05070527 0.827072 
0.09238809 0.05689785 0.8507141 
0.09561653 0.1004277 0.8039558 
0.0846186 0.05939007 0.8559913 
0.134536 0.06160466 0.8038593 
0.08691437 0.0306532 0.8824324 
0.1464074 0.0687939 0.7847987 
0.1169284 0.07833748 0.8047341 
0.1364474 0.03154836 0.8320042 
0.1393114 0.04848188 0.8122067 
0.1817985 0.04805607 0.7701455 
0.1099317 0.1167027 0.7733656 
0.1172664 0.0920907 0.7906429 
0.1871965 0.07906491 0.7337386 
0.1189256 0.03690347 0.8441709 
0.1922387 0.06308729 0.744674 
0.1247804 0.06178706 0.8134326 
0.08046911 0.04776318 0.8717677 
0.161195 0.05958632 0.7792187 
0.2133887 0.06166428 0.724947 
0.1416761 0.06981088 0.788513 
0.1617077 0.02637147 0.8119208 
0.1979865 0.03964469 0.7623688 
0.200877 0.02401272 0.7751103 
0.2278759 0.05794989 0.7141742 
0.001215718 0.2721149 0.7266694 
0.05619858 0.2454259 0.6983756 
0.002210575 0.2105432 0.7872462 
0.02570561 0.2357262 0.7385682 
0.02767165 0.1330836 0.8392447 
0.06210204 0.1494774 0.7884205 
0.1134659 0.1177547 0.7687794 
0.06340562 0.127956 0.8086383 
0.07635738 0.2466233 0.6770193 
0.08694261 0.1093387 0.8037187 
0.03844753 0.1089308 0.8526217 
0.04984007 0.1929892 0.7571707 
0.06134069 0.119304 0.8193553 
0.1073047 0.08709693 0.8055984 
0.04693563 0.1501628 0.8029016 
0.06592031 0.2128264 0.7212533 
0.05040663 0.1061149 0.8434785 
0.07079786 0.2187957 0.7104064 
0.01602101 0.1560825 0.8278965 
0.1279258 0.1205716 0.7515026 
0.04975432 0.08219497 0.8680507 
0.04361397 0.1684376 0.7879485 
0.03389023 0.1492109 0.8168989 
0.08363024 0.236624 0.6797458 
0.04096741 0.1823371 0.7766955 
0.1264151 0.1128499 0.760735 
0.03322423 0.1699608 0.796815 
0.01101151 0.1656078 0.8233807 
0.06770072 0.1767425 0.7555568 
0.04562392 0.1546805 0.7996956 
0.07241973 0.195686 0.7318943 
0.09986376 0.1580393 0.7420969 
0.1219991 0.1676519 0.710349 
0.0559255 0.08325559 0.8608189 
0.06481981 0.1047864 0.8303938 
0.07787581 0.1771942 0.74493 
0.05393078 0.1530485 0.7930207 
0.07453446 0.1072899 0.8181756 
0.1501381 0.1339929 0.715869 
0.1199008 0.1830494 0.6970498 
0.1157937 0.08289075 0.8013156 
0.06294162 0.140596 0.7964624 
0.03539218 0.1534058 0.811202 
0.06001654 0.1101663 0.8298172 
0.06519726 0.1798117 0.754991 
0.09300672 0.1931562 0.7138371 
0.05886682 0.120168 0.8209652 
0.07966016 0.1302637 0.7900761 
0.1238603 0.08097072 0.795169 
0.05606268 0.09913225 0.8448051 
0.001999863 0.1985524 0.7994478 
0.06627408 0.1536397 0.7800863 
0.08797656 0.1315687 0.7804547 
0.07187442 0.2160453 0.7120803 
0.04202186 0.1569637 0.8010144 
0.05865709 0.1637096 0.7776334 
0.05210051 0.2272595 0.7206399 
0.06867619 0.1203719 0.810952 
0.06377585 0.1639046 0.7723195 
0.07093124 0.1128849 0.8161839 
0.07788383 0.1151556 0.8069606 
0.05748772 0.230164 0.7123483 
0.0795908 0.1319309 0.7884783 
0.107978 0.1272282 0.7647938 
0.08743444 0.1128542 0.7997113 
0.09657031 0.1361245 0.7673052 
0.09238254 0.1625196 0.7450978 
0.02171058 0.1267012 0.8515882 
0.03449355 0.124898 0.8406085 
0.05822368 0.2113368 0.7304395 
0.08093556 0.09957936 0.8194851 
0.0972151 0.1872541 0.7155308 
0.07550981 0.1526959 0.7717943 
0.1347072 0.09506197 0.7702308 
0.09059914 0.1540962 0.7553047 
0.1093627 0.1559354 0.7347019 
0.1686234 0.1777835 0.6535931 
0.1890661 0.09506206 0.7158719 
0.05393358 0.1479136 0.7981528 
0.06186973 0.1561955 0.7819348 
0.09508303 0.1099496 0.7949674 
0.07390625 0.1642508 0.761843 
0.04929024 0.09189733 0.8588124 
0.07328143 0.1034777 0.8232409 
0.05029994 0.1363434 0.8133566 
0.06161709 0.1559599 0.782423 
0.05619461 0.237587 0.7062184 
0.08337619 0.1594456 0.7571782 
0.08244309 0.1258907 0.7916662 
0.09120744 0.08920159 0.819591 
0.0827915 0.07800464 0.8392039 
0.08614381 0.1814558 0.7324004 
0.06000085 0.1443721 0.7956271 
0.03969771 0.09817321 0.8621291 
0.04874292 0.1544901 0.796767 
0.0549568 0.1760817 0.7689615 
0.04333039 0.15926 0.7974096 
0.06453464 0.1533823 0.7820831 
0.088758 0.1470228 0.7642192 
0.06750889 0.06680546 0.8656856 
0.1402624 0.07526262 0.784475 
0.2028005 0.06280402 0.7343955 
0.05308319 0.09867206 0.8482447 
0.1138133 0.1330288 0.7531579 
0.03108905 0.1006282 0.8682827 
0.03932083 0.2116409 0.7490383 
0.04697628 0.1267538 0.8262699 
0.04116312 0.1306224 0.8282145 
0.09293694 0.1082013 0.7988618 
0.05007285 0.1412771 0.80865 
0.06189291 0.1145372 0.8235699 
0.1487154 0.1120824 0.7392022 
0.0502989 0.1703853 0.7793158 
0.0401829 0.1979447 0.7618724 
0.05831585 0.1391224 0.8025617 
0.0155446 0.1274877 0.8569677 
0.05049745 0.09778093 0.8517216 
0.05062201 0.1222991 0.8270789 
0.02732718 0.1833565 0.7893164 
0.09669618 0.1561819 0.7471219 
0.1041825 0.09949718 0.7963203 
0.05393972 0.1236613 0.822399 
0.1005166 0.09443776 0.8050456 
0.0500294 0.1252752 0.8246954 
0.09901641 0.1054847 0.7954989 
0.06552488 0.2350328 0.6994423 
0.07765958 0.1232669 0.7990736 
0.07186091 0.08304381 0.8450953 
0.03371961 0.1245847 0.8416957 
0.06687982 0.1115302 0.8215899 
0.07416257 0.09983763 0.8259998 
0.1573726 0.1090505 0.7335769 
0.05569689 0.1573522 0.7869509 
0.08793751 0.147552 0.7645105 
0.09805626 0.1651502 0.7367935 
0.09136708 0.1467107 0.7619222 
0.04515447 0.1787386 0.776107 
0.04630243 0.1590487 0.7946489 
0.0368846 0.2403351 0.7227803 
0.05718287 0.1481796 0.7946375 
0.05276439 0.1137782 0.8334574 
0.1414649 0.1447266 0.7138085 
0.1184479 0.1398842 0.7416679 
0.1648613 0.09898451 0.7361542 
0.06814455 0.1573343 0.7745211 
0.1130665 0.06767992 0.8192535 
0.08886766 0.1614057 0.7497267 
0.04618865 0.1237852 0.8300261 
0.01802159 0.1381518 0.8438266 
0.01712642 0.273974 0.7088996 
0.03146554 0.1503848 0.8181496 
0.0001099719 0.2081306 0.7917594 
0.08132544 0.09467231 0.8240023 
0.1133278 0.1257775 0.7608947 
0.09227919 0.1212324 0.7864884 
0.07228704 0.1523403 0.7753727 
0.06598933 0.1392293 0.7947814 
0.03568374 0.1551534 0.8091629 
0.03414005 0.1689388 0.7969211 
0.04159804 0.2086795 0.7497224 
0.1192231 0.165865 0.7149119 
0.2025359 0.08441375 0.7130503 
0.04520387 0.1991159 0.7556802 
0.07356914 0.1762366 0.7501942 
0.04467512 0.1818474 0.7734775 
0.06087289 0.1864505 0.7526766 
0.08550805 0.148202 0.7662899 
0.1053174 0.1216171 0.7730655 
0.06813651 0.1110326 0.8208309 
0.131097 0.118318 0.750585 
0.02489375 0.1357589 0.8393473 
0.08711673 0.1290213 0.7838619 
0.06721327 0.1457331 0.7870536 
0.04831526 0.1451719 0.8065129 
0.04130919 0.1730781 0.7856127 
0.03968049 0.09727885 0.8630407 
0.09259859 0.1247491 0.7826523 
0.04799924 0.07912901 0.8728717 
0.05731322 0.1927318 0.749955 
0.04126172 0.1979325 0.7608058 
0.05329437 0.1537956 0.79291 
0.05220826 0.1446107 0.803181 
0.02533264 0.1796744 0.794993 
0.01053283 0.2500351 0.739432 
0.04810846 0.05924998 0.8926416 
0.00885877 0.1682749 0.8228663 
0.02519935 0.1564603 0.8183404 
0.01161484 0.213771 0.7746142 
0.04559689 0.145728 0.8086751 
0.07971264 0.168899 0.7513884 
0.05961224 0.1793444 0.7610433 
0.08791894 0.136354 0.7757271 
0.03589008 0.1881045 0.7760054 
0.0568616 0.1538823 0.7892561 
0.08909054 0.1279584 0.7829511 
0.07311615 0.1080751 0.8188088 
0.07089904 0.1800883 0.7490127 
0.1014035 0.08102171 0.8175748 
0.06997138 0.1058194 0.8242092 
0.0633574 0.1155964 0.8210462 
0.03947278 0.0982317 0.8622955 
0.0809611 0.1607862 0.7582527 
0.1134501 0.1181266 0.7684232 
0.01474703 0.1260456 0.8592074 
0.0822183 0.1394436 0.7783381 
0.06460401 0.1279829 0.8074131 
0.0956349 0.1600959 0.7442692 
0.05827364 0.1229751 0.8187512 
0.04812937 0.1725449 0.7793257 
0.02142502 0.09768191 0.8808931 
0.0301485 0.1846591 0.7851924 
0.1071056 0.1728149 0.7200795 
0.0677153 0.1159659 0.8163188 
0.08538796 0.1404607 0.7741514 
0.03315863 0.2316118 0.7352296 
0.05766636 0.1067579 0.8355758 
0.1502941 0.1085277 0.7411782 
0.04884472 0.1318128 0.8193425 
0.06219416 0.07698691 0.8608189 
0.03291111 0.1086778 0.8584111 
0.05861253 0.1464839 0.7949036 
0.03874039 0.1120607 0.8491989 
0.06159649 0.0767175 0.861686 
0.1123502 0.1223838 0.765266 
0.1376089 0.1251983 0.7371928 
0.03591204 0.1528329 0.8112551 
0.06933046 0.2084453 0.7222242 
0.04050222 0.1018934 0.8576044 
0.1101186 0.1088345 0.7810469 
0.0516883 0.104963 0.8433487 
0.02279885 0.1385586 0.8386426 
0.02605148 0.1725708 0.8013778 
0.05916155 0.15257 0.7882684 
0.08584786 0.1054362 0.808716 
0.09877204 0.1432161 0.7580118 
0.03799988 0.1325357 0.8294644 
0.0685265 0.07386418 0.8576093 
0.1159528 0.1378626 0.7461846 
0.02282005 0.08658322 0.8905967 
0.02244668 0.1702281 0.8073253 
0.04729105 0.1612688 0.7914402 
0.02240425 0.1478051 0.8297906 
0.02484263 0.1757903 0.799367 
0.09595627 0.1504482 0.7535956 
0.06222782 0.1388879 0.7988843 
0.07133587 0.1620072 0.766657 
0.02623532 0.1512288 0.8225359 
0.07860931 0.07852485 0.8428658 
0.0697853 0.1442086 0.7860061 
0.1577371 0.08857154 0.7536913 
0.07475975 0.0937152 0.8315251 
0.06076031 0.1825468 0.7566929 
0.04011537 0.1123769 0.8475077 
0.0550604 0.08413658 0.860803 
0.09083899 0.1277446 0.7814164 
0.1378089 0.1586097 0.7035814 
0.05856055 0.04533951 0.8960999 
0.07165763 0.1214797 0.8068626 
0.03974666 0.1126609 0.8475924 
0.08257996 0.1342472 0.7831728 
0.1076095 0.09628148 0.796109 
0.08397637 0.1084008 0.8076228 
0.1038075 0.130496 0.7656964 
0.1350618 0.1433973 0.7215409 
0.1104862 0.1154454 0.7740683 
0.08985395 0.09560003 0.814546 
0.03350914 0.09617008 0.8703208 
0.06353438 0.1175818 0.8188838 
0.03917666 0.1354631 0.8253603 
0.07938407 0.1412919 0.779324 
0.05186038 0.1601259 0.7880137 
0.02485616 0.1589031 0.8162407 
0.05055987 0.1909627 0.7584774 
0.02045086 0.2350695 0.7444796 
0.04170259 0.1199988 0.8382986 
0.04207629 0.1447992 0.8131245 
0.0323481 0.1086835 0.8589684 
0.100469 0.1029682 0.7965628 
0.08395983 0.07378689 0.8422533 
0.08890232 0.113025 0.7980727 
0.06868864 0.1743423 0.7569691 
0.114945 0.1643303 0.7207247 
0.07561524 0.1509926 0.7733922 
0.04635003 0.1181354 0.8355146 
0.02854666 0.1999211 0.7715323 
0.0615984 0.1402562 0.7981454 
0.02954858 0.1769314 0.7935201 
0.1365007 0.1244234 0.7390758 
0.01485006 0.1609625 0.8241875 
0.0607463 0.175204 0.7640496 
0.06813649 0.1428391 0.7890244 
0.05378145 0.1644875 0.781731 
0.03280471 0.08594689 0.8812484 
0.04464214 0.2496268 0.705731 
0.06748148 0.1782665 0.754252 
0.05119361 0.1488741 0.7999322 
0.1029827 0.2257555 0.6712618 
0.04812752 0.1451429 0.8067296 
0.06755012 0.1048166 0.8276333 
0.03239334 0.1513405 0.8162662 
0.0892301 0.2528077 0.6579621 
0.04951992 0.2181361 0.732344 
0.06542287 0.09970065 0.8348765 
0.1010279 0.1443974 0.7545746 
0.0572175 0.06948715 0.8732954 
0.03969548 0.1974576 0.762847 
0.08875228 0.1263143 0.7849334 
0.07926591 0.1071733 0.8135608 
0.1058016 0.1663404 0.727858 
0.03497645 0.1385844 0.8264391 
0.0540592 0.08743935 0.8585014 
0.009844839 0.1212763 0.8688789 
0.0555573 0.1708552 0.7735875 
0.09344868 0.1106843 0.795867 
0.113152 0.1277767 0.7590713 
0.04951366 0.1753737 0.7751126 
0.0623659 0.2314775 0.7061566 
0.04770142 0.1746184 0.7776802 
0.04970935 0.1844973 0.7657933 
0.05829286 0.1265049 0.8152023 
0.05517759 0.1059681 0.8388543 
0.04799544 0.2050097 0.7469948 
0.03671706 0.240307 0.7229759 
0.02716617 0.1769064 0.7959274 
0.05047434 0.1722486 0.7772771 
0.08914228 0.1197265 0.7911312 
0.05813355 0.1608174 0.781049 
0.04319963 0.1649944 0.7918059 
0.04960938 0.1588847 0.7915059 
0.1002153 0.1065496 0.7932351 
0.105483 0.1543214 0.7401956 
0.05201275 0.1529675 0.7950198 
0.0720267 0.1010531 0.8269202 
0.0622991 0.2070295 0.7306714 
0.1250094 0.1175526 0.757438 
0.02410116 0.1617588 0.81414 
0.0563101 0.1498541 0.7938358 
0.08383294 0.1466101 0.769557 
0.02650926 0.1854601 0.7880307 
0.09432767 0.112094 0.7935783 
0.02638466 0.1568962 0.8167192 
0.04237409 0.1456212 0.8120048 
0.1055891 0.159596 0.734815 
0.05150379 0.1487537 0.7997425 
0.06853377 0.1556555 0.7758107 
0.07584088 0.1383194 0.7858397 
0.0462625 0.1443776 0.8093599 
0.06710407 0.1009939 0.831902 
0.04311567 0.1230445 0.8338398 
0.06655168 0.1394906 0.7939577 
0.092866 0.121728 0.785406 
0.05662442 0.1060498 0.8373258 
0.05611339 0.1376014 0.8062852 
0.07038851 0.1262907 0.8033208 
0.07323484 0.194264 0.7325011 
0.02609045 0.162966 0.8109435 
0.05241506 0.1600595 0.7875255 
0.07949143 0.1748561 0.7456525 
0.02568388 0.1524933 0.8218228 
0.09851747 0.1322936 0.769189 
0.04848418 0.1097076 0.8418082 
0.05854785 0.1389648 0.8024874 
0.06394917 0.07786601 0.8581848 
0.04174054 0.1519816 0.8062778 
0.05870833 0.2349686 0.706323 
0.00438941 0.1707268 0.8248837 
0.08297083 0.1851875 0.7318417 
0.06080893 0.1183931 0.820798 
0.13021 0.1659834 0.7038065 
0.07705407 0.1011156 0.8218303 
0.0851634 0.1706712 0.7441654 
0.02999235 0.1793924 0.7906153 
0.1121294 0.1071706 0.7807 
0.07743518 0.1414206 0.7811442 
0.07123384 0.1063017 0.8224644 
0.04576288 0.112902 0.8413351 
0.06698504 0.1038792 0.8291358 
0.0530504 0.1705763 0.7763733 
0.07028226 0.1323644 0.7973533 
0.0395507 0.1087496 0.8516998 
0.09563454 0.1553782 0.7489873 
0.07868197 0.09357517 0.8277429 
0.1063639 0.1582832 0.7353529 
0.07501081 0.2009357 0.7240535 
0.1029791 0.1631219 0.733899 
0.1060814 0.0618784 0.8320402 
0.06642183 0.1386377 0.7949404 
0.06823757 0.1654332 0.7663292 
0.08727863 0.08401781 0.8287036 
0.1924513 0.06454534 0.7430034 
0.09644267 0.1521696 0.7513877 
0.1272767 0.06858433 0.804139 
0.05002578 0.1053939 0.8445803 
0.06909859 0.1936253 0.7372761 
0.06102472 0.1835652 0.7554101 
0.06026665 0.09400495 0.8457284 
0.05150467 0.1503878 0.7981076 
0.04150574 0.1395375 0.8189568 
0.04439184 0.1800492 0.775559 
0.07248339 0.1541343 0.7733823 
0.1073009 0.09614947 0.7965496 
0.06847295 0.1500894 0.7814377 
0.05837909 0.1236408 0.8179801 
0.07948933 0.1166274 0.8038832 
0.04628819 0.1232128 0.830499 
0.01878534 0.187046 0.7941686 
0.08816479 0.1359001 0.7759351 
0.0359398 0.1544031 0.8096571 
0.04867288 0.1885966 0.7627305 
0.05081262 0.1925633 0.756624 
0.06226934 0.09585912 0.8418715 
0.04859911 0.1109289 0.840472 
0.06471629 0.08900525 0.8462785 
0.09215639 0.06418485 0.8436588 
0.03873256 0.1160074 0.84526 
0.0493905 0.1011796 0.8494299 
0.09428315 0.06581523 0.8399016 
0.1062323 0.08216414 0.8116036 
0.02012344 0.1654653 0.8144113 
0.05160714 0.130484 0.8179089 
0.05677788 0.1341847 0.8090375 
0.09373754 0.1392534 0.7670091 
0.06527807 0.160605 0.774117 
0.1054964 0.09224702 0.8022566 
0.09694184 0.09381033 0.8092478 
0.1986244 0.0906089 0.7107667 
0.06972077 0.1373947 0.7928845 
0.06633921 0.160382 0.7732788 
0.07411982 0.1634869 0.7623933 
0.0503531 0.1661017 0.7835452 
0.0473432 0.1594205 0.7932363 
0.02080525 0.1455314 0.8336634 
0.06898325 0.1247905 0.8062263 
0.04251187 0.1232311 0.834257 
0.1072937 0.09950424 0.7932021 
0.0429713 0.1017877 0.855241 
0.04954869 0.1568927 0.7935586 
0.05454011 0.1534662 0.7919937 
0.08222676 0.1491353 0.7686379 
0.04728059 0.1084996 0.8442198 
0.07530255 0.1466459 0.7780516 
0.05531158 0.1721755 0.7725129 
0.02942325 0.1218019 0.8487748 
0.06054328 0.1362706 0.8031861 
0.07981685 0.1568422 0.7633409 
0.08673796 0.1283226 0.7849394 
0.09139159 0.1178991 0.7907094 
0.132044 0.1204642 0.7474917 
0.02779969 0.2137423 0.758458 
0.05266935 0.183593 0.7637377 
0.04496655 0.104762 0.8502715 
0.0486852 0.09473574 0.8565791 
0.0743121 0.1561932 0.7694947 
0.08539752 0.0924811 0.8221214 
0.1105421 0.08953293 0.799925 
0.06878403 0.0987556 0.8324604 
0.06835128 0.2267054 0.7049433 
0.1120488 0.1728307 0.7151205 
0.05759585 0.1746054 0.7677987 
0.002659908 0.1658567 0.8314834 
0.05408342 0.1003819 0.8455347 
0.160667 0.133482 0.705851 
0.1117538 0.1795544 0.7086918 
0.06998711 0.06136755 0.8686453 
0.03650058 0.1677867 0.7957127 
0.1083876 0.1049056 0.7867068 
0.117511 0.1099173 0.7725716 
0.1066308 0.09733086 0.7960383 
0.07886103 0.1336483 0.7874907 
0.07045283 0.1632218 0.7663254 
0.05263752 0.1532387 0.7941237 
0.03822681 0.1294614 0.8323118 
0.05901487 0.1325892 0.808396 
0.1655462 0.08697301 0.7474808 
0.07334469 0.2136555 0.7129998 
0.04468554 0.1245761 0.8307383 
0.1136004 0.07370098 0.8126986 
0.09444386 0.1791042 0.7264519 
0.06209234 0.1009545 0.8369532 
0.05956144 0.1718595 0.7685791 
0.05141205 0.1908283 0.7577596 
0.04904256 0.1557826 0.7951749 
0.05633256 0.1119225 0.8317449 
0.08149501 0.1125917 0.8059133 
0.05093861 0.1024952 0.8465662 
0.05496345 0.1354183 0.8096182 
0.03929542 0.1424808 0.8182238 
0.05628661 0.143774 0.7999394 
0.04843212 0.1703754 0.7811925 
0.03714087 0.1324572 0.8304019 
0.06105698 0.1320986 0.8068445 
0.1015861 0.1079305 0.7904834 
0.03252179 0.08988929 0.8775889 
0.05408968 0.11979 0.8261203 
0.05811783 0.1782248 0.7636574 
0.08111896 0.1341767 0.7847043 
0.00756504 0.2033056 0.7891294 
0.008124882 0.172911 0.8189641 
0.009550702 0.1646274 0.8258219 
0.07540408 0.198955 0.7256409 
0.03695904 0.2561412 0.7068997 
0.01800964 0.1436607 0.8383296 
0.1060262 0.09108569 0.8028881 
0.1147624 0.08443276 0.8008048 
0.08996991 0.09781886 0.8122112 
0.04826709 0.1315458 0.8201872 
0.05421206 0.1294866 0.8163013 
0.03848112 0.1588108 0.8027081 
0.040353 0.1170351 0.8426119 
0.04985971 0.1322229 0.8179174 
0.04103602 0.1636934 0.7952705 
0.1200331 0.1049978 0.7749691 
0.128906 0.08098405 0.7901099 
0.06698904 0.1523449 0.780666 
0.03625588 0.1266423 0.8371019 
0.1123315 0.1580356 0.7296329 
0.04731796 0.1400472 0.8126349 
0.03336819 0.1293201 0.8373118 
0.04224417 0.1492211 0.8085347 
0.07046865 0.231864 0.6976673 
0.0583847 0.192064 0.7495513 
0.05877924 0.1304463 0.8107745 
0.1125328 0.1461243 0.7413428 
0.1162014 0.185724 0.6980746 
0.04527548 0.1262602 0.8284644 
0.07958604 0.1953692 0.7250447 
0.02505377 0.1650996 0.8098466 
0.09273625 0.1368822 0.7703815 
0.04453453 0.1311677 0.8242977 
0.0667193 0.08922433 0.8440564 
0.06290759 0.1266286 0.8104639 
0.02310026 0.1944473 0.7824524 
0.02975932 0.1474772 0.8227635 
0.07238847 0.1155623 0.8120492 
0.06977578 0.1937102 0.736514 
0.0858801 0.126889 0.7872309 
0.1013034 0.1485127 0.7501839 
0.06095461 0.1329106 0.8061348 
0.04924542 0.1241094 0.8266451 
0.03415097 0.111801 0.8540481 
