"p_1" "p_2" "p_3"
0.162708 0.04377924 0.7935128
0.1500386 0.05299156 0.7969698
0.1648401 0.04577011 0.7893898
0.148252 0.05352856 0.7982195
0.1685106 0.05529145 0.7761979
0.1472944 0.05578871 0.7969169
0.1315399 0.04842557 0.8200346
0.1528142 0.06213953 0.7850463
0.1716319 0.04868026 0.7796879
0.1568838 0.06344326 0.7796729
0.1464964 0.04422141 0.8092822
0.1672263 0.051985 0.7807887
0.1563615 0.05621571 0.7874228
0.1372792 0.0623877 0.8003331
0.1715191 0.05523918 0.7732417
0.1718333 0.05009886 0.7780679
0.1481594 0.06735664 0.7844839
0.1644082 0.04487866 0.7907131
0.1757313 0.05730039 0.7669684
0.1747182 0.04697804 0.7783037
0.163931 0.05118041 0.7848885
0.16234 0.05248702 0.7851729
0.1659268 0.0543871 0.7796861
0.168563 0.06111033 0.7703267
0.1421408 0.05343509 0.8044241
0.1668877 0.06773382 0.7653785
0.1598857 0.05066187 0.7894524
0.171054 0.04537865 0.7835673
0.1747694 0.05542423 0.7698064
0.1398583 0.05301753 0.8071242
0.1912421 0.04918822 0.7595696
0.1587845 0.06704613 0.7741694
0.1673547 0.0567495 0.7758958
0.1750223 0.05356642 0.7714113
0.1510693 0.06535445 0.7835763
0.1672746 0.05056547 0.7821599
0.1512027 0.0538817 0.7949156
0.1553811 0.05796757 0.7866514
0.1571389 0.05395932 0.7889018
0.151033 0.06446449 0.7845025
0.1812043 0.05712536 0.7616703
0.1876083 0.06029895 0.7520928
0.1713832 0.05052621 0.7780906
0.1600651 0.05598677 0.7839481
0.1509463 0.04746009 0.8015936
0.16526 0.04771834 0.7870217
0.1630422 0.05294835 0.7840095
0.1564864 0.04561123 0.7979024
0.1598875 0.05255559 0.7875569
0.1723972 0.04565811 0.7819447
0.1591914 0.05682691 0.7839817
0.1551659 0.05941988 0.7854142
0.1612049 0.05083668 0.7879585
0.1819559 0.04848278 0.7695613
0.1726971 0.05905004 0.7682529
0.1630337 0.06767047 0.7692958
0.1628277 0.05543384 0.7817385
0.1696644 0.04736312 0.7829724
0.1694114 0.04229947 0.7882891
0.1753659 0.04894277 0.7756913
0.1650804 0.04573548 0.7891842
0.1728661 0.04950858 0.7776253
0.1577321 0.04809719 0.7941707
0.1496182 0.05672168 0.7936601
0.1531895 0.05565393 0.7911566
0.1557902 0.06040163 0.7838081
0.1748824 0.03712281 0.7879948
0.1599588 0.04843678 0.7916045
0.1964403 0.05600202 0.7475577
0.1723489 0.0530885 0.7745626
0.1535916 0.05959114 0.7868173
0.1594199 0.04270591 0.7978742
0.1538504 0.04598441 0.8001652
0.1616745 0.06460707 0.7737184
0.1810614 0.05868768 0.7602509
0.1708818 0.04572961 0.7833886
0.1626767 0.06258128 0.774742
0.1362602 0.06247085 0.801269
0.1511746 0.06361726 0.7852082
0.1763254 0.05166154 0.772013
0.1647817 0.06380943 0.7714089
0.1651587 0.06138969 0.7734516
0.173683 0.0558333 0.7704837
0.1805919 0.03696005 0.7824481
0.1536869 0.05122925 0.7950838
0.1644013 0.05829403 0.7773047
0.1694396 0.03895568 0.7916047
0.1665578 0.05283214 0.78061
0.168047 0.05004417 0.7819088
0.1766995 0.05126714 0.7720333
0.181198 0.0434477 0.7753543
0.1732381 0.05352577 0.7732361
0.1658105 0.04777361 0.7864159
0.1586561 0.04174257 0.7996013
0.1662051 0.05717579 0.7766191
0.1370323 0.05790306 0.8050647
0.1490633 0.04943741 0.8014993
0.1719515 0.06187741 0.7661711
0.1768247 0.05500341 0.7681719
0.1596639 0.04406026 0.7962758
0.1699167 0.07459222 0.7554911
0.1631432 0.05029684 0.7865599
0.1485542 0.0570296 0.7944162
0.1730566 0.05177985 0.7751636
0.173955 0.05620662 0.7698384
0.171417 0.05703007 0.7715529
0.1701906 0.04534361 0.7844658
0.1794244 0.04525686 0.7753188
0.1630543 0.05300856 0.7839371
0.151493 0.06291834 0.7855886
0.1561805 0.05446502 0.7893545
0.1557633 0.06004009 0.7841966
0.176101 0.05288889 0.7710101
0.1550338 0.06398957 0.7809766
0.1712436 0.04314307 0.7856133
0.1835415 0.05087368 0.7655849
0.1483506 0.05545505 0.7961944
0.1719141 0.05028795 0.7777979
0.1569458 0.04524902 0.7978051
0.1808531 0.05207988 0.767067
0.1849779 0.04696895 0.7680531
0.1476357 0.04175505 0.8106092
0.1756024 0.05876288 0.7656347
0.1861401 0.05796437 0.7558955
0.1483557 0.05890981 0.7927345
0.1588217 0.0522249 0.7889534
0.172649 0.05007065 0.7772804
0.1804755 0.04853569 0.7709888
0.1612237 0.04593197 0.7928443
0.1566611 0.06960889 0.77373
0.1769234 0.04283904 0.7802376
0.167403 0.04812727 0.7844697
0.1715463 0.0478277 0.7806259
0.162968 0.06238065 0.7746513
0.158383 0.05604232 0.7855747
0.1538109 0.06193172 0.7842574
0.162286 0.06706275 0.7706513
0.1471492 0.06097917 0.7918717
0.1640149 0.05472098 0.7812641
0.1659195 0.05441181 0.7796687
0.1907302 0.04304675 0.766223
0.1586964 0.05053186 0.7907717
0.1663842 0.05599024 0.7776256
0.1561932 0.03707026 0.8067365
0.162582 0.04868145 0.7887366
0.1736372 0.05322285 0.77314
0.1662313 0.05369696 0.7800718
0.1728402 0.04522723 0.7819326
0.1446783 0.05017126 0.8051504
0.1528948 0.05989324 0.787212
0.1708078 0.05569026 0.773502
0.1693005 0.05763179 0.7730678
0.1665 0.0545897 0.7789103
0.1842823 0.05980216 0.7559155
0.1607544 0.04459908 0.7946465
0.15622 0.04638031 0.7973997
0.1444514 0.04789871 0.8076498
0.1703077 0.05225254 0.7774397
0.155108 0.06367773 0.7812142
0.1602635 0.05251138 0.7872251
0.1746446 0.04763629 0.7777191
0.1739891 0.0509317 0.7750792
0.1648095 0.05714013 0.7780503
0.1557583 0.05684935 0.7873923
0.1617504 0.04998473 0.7882649
0.1921751 0.06273602 0.7450889
0.1772327 0.05199828 0.7707691
0.1642468 0.05646177 0.7792914
0.158888 0.04949623 0.7916158
0.1739538 0.07042632 0.7556199
0.1867872 0.05267349 0.7605393
0.1650663 0.05640753 0.7785262
0.1766501 0.05130504 0.7720449
0.1711938 0.04143726 0.787369
0.1531397 0.05911871 0.7877416
0.1569278 0.06208981 0.7809824
0.1695341 0.05631042 0.7741555
0.1539353 0.06540445 0.7806602
0.1652552 0.05893412 0.7758107
0.1755387 0.04803583 0.7764254
0.1491048 0.04713995 0.8037553
0.1427072 0.05797517 0.7993176
0.1561316 0.05992421 0.7839442
0.1566109 0.03942857 0.8039605
0.1740892 0.05181254 0.7740983
0.1732315 0.05699256 0.7697759
0.1586152 0.05385984 0.787525
0.1653061 0.05690023 0.7777937
0.1584583 0.0545033 0.7870384
0.1794026 0.05566721 0.7649302
0.1700689 0.04480591 0.7851252
0.1760401 0.05746318 0.7664968
0.1421251 0.07153497 0.78634
0.1525621 0.052906 0.7945319
0.1803828 0.04968129 0.7699359
0.1764994 0.04747721 0.7760234
0.1481252 0.04761614 0.8042586
0.1616955 0.05663094 0.7816735
0.1715129 0.06163119 0.766856
0.1716589 0.04895098 0.7793901
0.1652371 0.04588377 0.7888791
0.1540673 0.05586585 0.7900668
0.1857675 0.05377958 0.760453
0.1822258 0.03993321 0.777841
0.1430794 0.0490702 0.8078504
0.1579386 0.06468504 0.7773764
0.1665572 0.04321092 0.7902319
0.1623807 0.04356363 0.7940557
0.1756873 0.05443535 0.7698774
0.1641532 0.05371859 0.7821283
0.1855345 0.05000738 0.7644581
0.1797512 0.04883818 0.7714106
0.1705126 0.04297223 0.7865151
0.1740441 0.05008744 0.7758684
0.1514055 0.05920915 0.7893854
0.1754846 0.06943976 0.7550756
0.1569091 0.06088339 0.7822075
0.162647 0.05098946 0.7863635
0.1659898 0.05798889 0.7760213
0.1668372 0.0514857 0.7816771
0.1675603 0.06143113 0.7710086
0.1534957 0.0465096 0.7999947
0.1403929 0.05857702 0.8010301
0.1767164 0.05418036 0.7691033
0.1538651 0.05311216 0.7930227
0.180247 0.06226603 0.7574869
0.1516649 0.04742039 0.8009147
0.1610003 0.04635817 0.7926415
0.1591575 0.05587286 0.7849696
0.1757461 0.05061417 0.7736397
0.1688952 0.05229069 0.7788141
0.1844956 0.06250397 0.7530004
0.1489976 0.05576694 0.7952355
0.1711253 0.05477966 0.774095
0.166546 0.07544704 0.7580069
0.1694019 0.04628254 0.7843156
0.1682098 0.05657606 0.7752142
0.1661641 0.04506071 0.7887752
0.1679027 0.05008294 0.7820144
0.166083 0.05403042 0.7798866
0.1860057 0.05257046 0.7614239
0.1698263 0.05035398 0.7798198
0.1711697 0.05668109 0.7721492
0.1601075 0.05624591 0.7836466
0.1637909 0.06285208 0.773357
0.1742524 0.04986179 0.7758858
0.1719425 0.06074961 0.7673079
0.1571763 0.05817691 0.7846468
0.1610166 0.04907277 0.7899107
0.1664307 0.05814458 0.7754248
0.1575684 0.06446487 0.7779667
0.1694125 0.04698575 0.7836017
0.184264 0.05117711 0.7645589
0.1630205 0.04667064 0.7903088
0.1610995 0.0570316 0.7818689
0.1644071 0.04870994 0.7868829
0.1650497 0.05682461 0.7781257
0.1475182 0.04702852 0.8054533
0.1751975 0.05835651 0.766446
0.1730664 0.06049519 0.7664384
0.173411 0.06121104 0.7653779
0.1675387 0.05872913 0.7737321
0.1480058 0.04751622 0.804478
0.1610062 0.05320341 0.7857904
0.1453551 0.05537907 0.7992658
0.1591898 0.05506863 0.7857416
0.1827999 0.05863487 0.7585652
0.1519384 0.06036182 0.7876997
0.177356 0.06425184 0.7583921
0.1515788 0.05563495 0.7927863
0.1688088 0.03909674 0.7920944
0.1548836 0.05001405 0.7951024
0.1647363 0.04403067 0.791233
0.1554389 0.05568672 0.7888744
0.1668085 0.05263071 0.7805608
0.1670895 0.04838349 0.784527
0.1738868 0.05873728 0.7673759
0.1699793 0.06095494 0.7690658
0.1670066 0.0418684 0.791125
0.1622848 0.04857796 0.7891372
0.1597258 0.04841777 0.7918564
0.157126 0.05205165 0.7908224
0.1781107 0.05231658 0.7695727
0.1692351 0.0490526 0.7817123
0.1727776 0.06489968 0.7623227
0.1588416 0.04983602 0.7913224
0.1559005 0.05534155 0.788758
0.1560995 0.0495768 0.7943237
0.1879736 0.06583174 0.7461947
0.1696453 0.04641486 0.7839399
0.1710747 0.05099052 0.7779347
0.176643 0.05009926 0.7732577
0.1612036 0.05411094 0.7846855
0.1821002 0.0608627 0.7570371
0.1541436 0.04512725 0.8007292
0.1590758 0.04784596 0.7930782
0.1552911 0.05653002 0.7881789
0.1821195 0.05629995 0.7615806
0.1656634 0.04872018 0.7856164
0.1812557 0.05821361 0.7605307
0.1600743 0.05699365 0.7829321
0.1758058 0.05113778 0.7730565
0.1594051 0.04959682 0.7909981
0.1876272 0.0480739 0.7642989
0.1676725 0.05634131 0.7759862
0.1731276 0.05916201 0.7677104
0.1542714 0.05325324 0.7924754
0.1691663 0.05700075 0.7738329
0.1601535 0.05961785 0.7802287
0.1504166 0.05072338 0.79886
0.172919 0.0580044 0.7690766
0.1830984 0.05386366 0.7630379
0.1615016 0.05286003 0.7856383
0.1599897 0.05618844 0.7838218
0.179944 0.05385912 0.7661969
0.1739979 0.05228579 0.7737163
0.1791805 0.04625498 0.7745645
0.1475247 0.04431221 0.8081631
0.1538032 0.06285546 0.7833414
0.173149 0.04820298 0.778648
0.1763061 0.04552533 0.7781686
0.1802769 0.05488007 0.764843
0.1698965 0.06039869 0.7697048
0.1802202 0.0646762 0.7551036
0.1490308 0.05796491 0.7930042
0.1611269 0.07127944 0.7675937
0.1634267 0.05595583 0.7806175
0.1702047 0.06024868 0.7695467
0.1495072 0.03834763 0.8121452
0.1544319 0.05446176 0.7911063
0.1647526 0.06403643 0.771211
0.1527926 0.0571843 0.7900231
0.153854 0.06062626 0.7855198
0.1764194 0.05845706 0.7651236
0.1665211 0.05314924 0.7803297
0.163248 0.04724151 0.7895105
0.1614584 0.056635 0.7819066
0.1772157 0.05253136 0.7702529
0.1598837 0.04737603 0.7927403
0.1647442 0.06495716 0.7702986
0.1554609 0.04648282 0.7980563
0.1644202 0.06152482 0.774055
0.1400328 0.05788322 0.802084
0.164209 0.05456911 0.7812218
0.1481495 0.04508612 0.8067644
0.1633347 0.05606248 0.7806028
0.1716928 0.05896146 0.7693458
0.1548003 0.06439666 0.7808031
0.1664423 0.05083632 0.7827214
0.1725294 0.05980777 0.7676629
0.149522 0.05064317 0.7998348
0.1566151 0.07722391 0.766161
0.1656125 0.06551923 0.7688683
0.1585644 0.05479807 0.7866376
0.1508878 0.04083259 0.8082796
0.1551596 0.05459658 0.7902438
0.185935 0.05987368 0.7541914
0.1551691 0.05731957 0.7875113
0.1756692 0.04966201 0.7746688
0.1429999 0.06197784 0.7950223
0.1621064 0.06472272 0.7731709
0.1628066 0.05478501 0.7824084
0.1804323 0.05387678 0.765691
0.1842591 0.06511619 0.7506247
0.1811835 0.054279 0.7645375
0.1515567 0.05416503 0.7942783
0.1557131 0.06489843 0.7793885
0.1585891 0.04761368 0.7937972
0.1652637 0.06344633 0.7712899
0.1468805 0.06296505 0.7901545
0.151962 0.06283627 0.7852018
0.1638078 0.05919532 0.7769968
0.1690075 0.06372397 0.7672685
0.1651169 0.05229023 0.7825928
0.1585341 0.05047904 0.7909869
0.1582217 0.05860368 0.7831746
0.183519 0.031656 0.784825
0.1531939 0.04925685 0.7975492
0.1454145 0.05302011 0.8015654
0.146569 0.04327479 0.8101562
0.1714167 0.07169991 0.7568834
0.1381771 0.05080051 0.8110224
0.1636778 0.05017835 0.7861438
0.1741169 0.06464691 0.7612362
0.1715818 0.05601895 0.7723993
0.1479532 0.05039663 0.8016502
0.17929 0.05181507 0.768895
0.1733488 0.04580123 0.7808499
0.1557374 0.05794733 0.7863153
0.1578425 0.05331807 0.7888395
0.1524807 0.04866393 0.7988554
0.1511275 0.04160184 0.8072706
0.1390898 0.04595213 0.8149581
0.1627988 0.0553076 0.7818936
0.170732 0.0428851 0.7863829
0.1488771 0.04847671 0.8026462
0.1685902 0.06631846 0.7650913
0.1567806 0.05639623 0.7868232
0.1704895 0.05724213 0.7722683
0.1556011 0.06226269 0.7821362
0.186744 0.05059647 0.7626595
0.1688958 0.07074561 0.7603586
0.1467139 0.06428057 0.7890055
0.1626064 0.03501224 0.8023814
0.1735773 0.05379904 0.7726237
0.1816207 0.06437787 0.7540014
0.1814301 0.04861217 0.7699578
0.1391661 0.04832459 0.8125093
0.1656709 0.04898422 0.7853449
0.148559 0.05505735 0.7963837
0.1751116 0.04685791 0.7780305
0.2054783 0.05058592 0.7439358
0.1550252 0.05935771 0.7856171
0.1766207 0.05231025 0.771069
0.1651254 0.06153877 0.7733358
0.1583063 0.05747386 0.7842198
0.1618755 0.05689196 0.7812325
0.1667717 0.05425765 0.7789706
0.1676256 0.04954642 0.782828
0.1709269 0.06095636 0.7681167
0.1726234 0.05183802 0.7755386
0.1768364 0.04758081 0.7755827
0.1747265 0.05908654 0.766187
0.1656611 0.05383195 0.780507
0.1629163 0.04734761 0.789736
0.1632292 0.05881364 0.7779572
0.1527157 0.05790328 0.789381
0.1571431 0.05159244 0.7912644
0.1604279 0.0558248 0.7837473
0.1645268 0.05447708 0.7809962
0.1639253 0.0597237 0.776351
0.1642293 0.05809653 0.7776742
0.1510764 0.0633492 0.7855744
0.154937 0.04918856 0.7958744
0.1649408 0.06054391 0.7745153
0.1697967 0.04587797 0.7843253
0.1828189 0.05938226 0.7577989
0.186115 0.07204366 0.7418414
0.1736192 0.0552726 0.7711082
0.1644358 0.04742788 0.7881363
0.1752884 0.06531925 0.7593923
0.1738399 0.04917231 0.7769878
0.1606736 0.0555689 0.7837575
0.1685486 0.05080722 0.7806442
0.1428849 0.05831288 0.7988022
0.1693022 0.06485775 0.7658401
0.1805305 0.05340222 0.7660673
0.1601584 0.06204037 0.7778012
0.1858004 0.04770741 0.7664922
0.1565633 0.07006342 0.7733733
0.1603672 0.04788562 0.7917471
0.1652813 0.06087976 0.7738389
0.1643377 0.06093732 0.7747249
0.1561355 0.05007246 0.7937921
0.1659775 0.04860904 0.7854134
0.1605809 0.03750575 0.8019134
0.1716543 0.06037782 0.7679678
0.1709955 0.04421603 0.7847885
0.1740656 0.05032259 0.7756118
0.1765069 0.05075651 0.7727366
0.1506937 0.05238509 0.7969213
0.1603745 0.06824287 0.7713826
0.1778589 0.05063376 0.7715073
0.1743634 0.04622686 0.7794098
0.1893271 0.04100335 0.7696695
0.1580087 0.03772492 0.8042664
0.1576644 0.03961644 0.8027192
0.164912 0.05549635 0.7795917
0.1666788 0.06428953 0.7690317
0.1776608 0.06243684 0.7599024
0.1817958 0.0544652 0.763739
0.1548571 0.05852477 0.7866181
0.1558689 0.06151598 0.7826151
0.1700879 0.05355764 0.7763545
0.1594919 0.05112623 0.7893819
0.1599734 0.04517137 0.7948552
0.172829 0.06434898 0.762822
0.1603234 0.052899 0.7867776
0.1604101 0.04680763 0.7927823
0.1664591 0.04814905 0.7853919
0.1557856 0.04351206 0.8007024
0.1738911 0.04846847 0.7776404
0.1715348 0.05132365 0.7771415
0.1628537 0.04148171 0.7956646
0.1875304 0.05830414 0.7541655
0.1504641 0.05879993 0.790736
0.1658795 0.0510692 0.7830513
0.1718252 0.05688318 0.7712916
0.1727121 0.0647017 0.7625862
0.1734942 0.04861528 0.7778905
0.1574718 0.05463304 0.7878952
0.167835 0.0475467 0.7846183
0.1568632 0.03999853 0.8031383
0.1699329 0.04213056 0.7879366
0.1703311 0.04957751 0.7800914
0.1666135 0.06444749 0.768939
0.174176 0.06637231 0.7594516
0.1536456 0.05769963 0.7886548
0.1768178 0.05248032 0.7707019
0.1732097 0.06626926 0.760521
0.1555176 0.05600005 0.7884824
0.1611486 0.05328319 0.7855682
0.1903793 0.05586332 0.7537574
0.1530475 0.06182781 0.7851247
0.180569 0.05353317 0.7658978
0.1677794 0.03996003 0.7922605
0.1695702 0.04916685 0.7812629
0.1613431 0.05126567 0.7873912
0.1638519 0.0505918 0.7855563
0.1739075 0.05151193 0.7745805
0.1584169 0.04935542 0.7922277
0.1621316 0.05432915 0.7835392
0.1705833 0.05029167 0.779125
0.1867466 0.06019949 0.7530539
0.1588719 0.05436414 0.786764
0.1698232 0.05405974 0.7761171
0.1659813 0.04495601 0.7890627
0.1479482 0.05238156 0.7996702
0.1680517 0.06526534 0.7666829
0.1489988 0.05082054 0.8001807
0.1545068 0.05086232 0.7946309
0.1742759 0.05507618 0.7706479
0.1630747 0.04954568 0.7873797
0.1431744 0.0532902 0.8035354
0.1504254 0.06147209 0.7881025
0.1611195 0.05093579 0.7879447
0.1672491 0.04133181 0.7914191
0.1550551 0.06670238 0.7782425
0.1642284 0.04807707 0.7876945
0.193394 0.05070002 0.755906
0.174994 0.05809619 0.7669098
0.156408 0.0536033 0.7899887
0.1555049 0.05536198 0.7891331
0.1439876 0.05617872 0.7998336
0.1695956 0.0473723 0.7830321
0.1665288 0.05548714 0.7779841
0.1693552 0.05996962 0.7706751
0.1582134 0.04954751 0.7922391
0.1554576 0.05146928 0.7930732
0.1829782 0.05621278 0.7608091
0.1467806 0.06011596 0.7931035
0.191964 0.06351843 0.7445176
0.1709832 0.04751064 0.7815062
0.1735229 0.05052298 0.7759542
0.1515154 0.04931303 0.7991716
0.1589066 0.0564339 0.7846595
0.1791329 0.06588563 0.7549815
0.167645 0.04984125 0.7825137
0.1707934 0.06320634 0.7660003
0.1719246 0.04412461 0.7839508
0.1462366 0.06264126 0.7911222
0.1901154 0.05842812 0.7514565
0.1651667 0.04692224 0.7879111
0.1603741 0.05478344 0.7848424
0.1712707 0.04250298 0.7862263
0.1668524 0.06639862 0.766749
0.1527732 0.05774589 0.7894809
0.1904215 0.06182882 0.7477497
0.1855914 0.05051517 0.7638934
0.1642452 0.0539333 0.7818215
0.1557798 0.0533601 0.7908601
0.1577427 0.06045591 0.7818014
0.1836042 0.04731305 0.7690827
0.1834363 0.03900159 0.7775621
0.1598452 0.05162666 0.7885281
0.1540849 0.0596888 0.7862263
0.148732 0.05800182 0.7932662
0.1593719 0.04928647 0.7913416
0.159811 0.06621753 0.7739714
0.1521515 0.05144317 0.7964053
0.1768554 0.06925896 0.7538857
0.1530299 0.05415238 0.7928177
0.15791 0.05057153 0.7915185
0.162921 0.05075964 0.7863194
0.1706223 0.0575365 0.7718412
0.1847017 0.04238944 0.7729089
0.1878029 0.07008879 0.7421083
0.1558134 0.05277094 0.7914157
0.1674379 0.06115683 0.7714053
0.1643882 0.0371828 0.798429
0.152035 0.05308206 0.794883
0.1767832 0.06309943 0.7601174
0.1735686 0.04976092 0.7766705
0.160714 0.05190286 0.7873831
0.1720769 0.04443687 0.7834862
0.1650978 0.05965703 0.7752451
0.1955248 0.05492863 0.7495466
0.1713095 0.06458366 0.7641069
0.1647418 0.06391871 0.7713395
0.1716577 0.05225817 0.7760841
0.1623363 0.05486649 0.7827972
0.1559221 0.05571217 0.7883657
0.172375 0.054293 0.773332
0.1569505 0.04917665 0.7938729
0.1440185 0.04779893 0.8081826
0.178214 0.04912968 0.7726563
0.1616004 0.06409652 0.7743031
0.1650024 0.0595099 0.7754877
0.1846336 0.05674839 0.758618
0.1537724 0.05677077 0.7894569
0.1880457 0.05320243 0.7587519
0.1707479 0.05167149 0.7775806
0.1759015 0.06406275 0.7600358
0.1706774 0.05736803 0.7719546
0.1722092 0.05488524 0.7729056
0.1603469 0.05285301 0.7868001
0.158053 0.05043107 0.7915159
0.1691588 0.05464907 0.7761921
0.1584653 0.05481929 0.7867154
0.1828934 0.05192859 0.765178
0.1681791 0.05057733 0.7812436
0.1834049 0.0482116 0.7683835
0.1612154 0.04747526 0.7913093
0.1640039 0.06379814 0.7721979
0.1509227 0.0563694 0.7927079
0.1600945 0.06514343 0.7747621
0.1641781 0.04647924 0.7893426
0.1738618 0.04250818 0.78363
0.1700808 0.0445088 0.7854104
0.1672101 0.04071649 0.7920734
0.1621586 0.06457047 0.7732709
0.1630861 0.06080772 0.7761062
0.1862919 0.04953764 0.7641704
0.1750075 0.05099113 0.7740014
0.151436 0.04494804 0.803616
0.1745612 0.04508821 0.7803506
0.1465573 0.05817785 0.7952649
0.134657 0.06640549 0.7989375
0.1478073 0.05482361 0.7973691
0.1685398 0.04456092 0.7868993
0.1667495 0.053518 0.7797325
0.1562429 0.05765018 0.786107
0.1666765 0.06101557 0.7723079
0.140507 0.05304376 0.8064492
0.1804957 0.04709169 0.7724126
0.1478078 0.05506973 0.7971224
0.1715689 0.05940185 0.7690293
0.1533946 0.05191992 0.7946855
0.1877484 0.04439062 0.7678609
0.1897469 0.0603865 0.7498666
0.1597304 0.04935734 0.7909122
0.1805984 0.0550299 0.7643717
0.1717795 0.04913763 0.7790828
0.1497368 0.07934855 0.7709147
0.159133 0.04447955 0.7963875
0.1591355 0.07158008 0.7692844
0.1652232 0.05621865 0.7785582
0.1537394 0.04199917 0.8042614
0.1581167 0.04982585 0.7920574
0.1548529 0.04992407 0.7952231
0.1735986 0.0427044 0.783697
0.1416225 0.05691097 0.8014665
0.1731554 0.05788442 0.7689601
0.1630655 0.06337701 0.7735575
0.1523823 0.05908836 0.7885293
0.1678153 0.05071172 0.781473
0.1687129 0.06426036 0.7670267
0.165809 0.05888392 0.7753071
0.1753601 0.05156959 0.7730703
0.1698399 0.05879097 0.7713691
0.1550045 0.05868951 0.786306
0.1815723 0.0556038 0.7628239
0.1805435 0.05944823 0.7600082
0.1475919 0.05256638 0.7998417
0.1460451 0.05329738 0.8006575
0.1795525 0.03884965 0.7815978
0.1665404 0.0589555 0.7745041
0.1679847 0.04789956 0.7841157
0.1858641 0.05629736 0.7578385
0.1732702 0.04606891 0.7806608
0.164344 0.0602198 0.7754362
0.1579554 0.04469105 0.7973536
0.181259 0.04307179 0.7756692
0.1612582 0.07078366 0.7679582
0.1700331 0.04016469 0.7898022
0.1771268 0.04932524 0.773548
0.1855024 0.05861942 0.7558781
0.1490787 0.05698085 0.7939405
0.1672871 0.06840015 0.7643128
0.1626718 0.05885676 0.7784715
0.1710321 0.04656323 0.7824046
0.1700498 0.04221208 0.7877381
0.1645719 0.05124596 0.7841822
0.1641897 0.06011135 0.7756989
0.1694128 0.05623005 0.7743572
0.1836119 0.05305982 0.7633283
0.1687038 0.0473685 0.7839277
0.1628327 0.05413174 0.7830356
0.2050295 0.05501734 0.7399532
0.1632549 0.05636293 0.7803822
0.1746484 0.05430408 0.7710475
0.1518107 0.04673084 0.8014585
0.1865813 0.05830785 0.7551108
0.1623067 0.06023287 0.7774605
0.1564953 0.05096568 0.792539
0.1982597 0.05124573 0.7504946
0.1566992 0.05939536 0.7839055
0.15612 0.05600531 0.7878747
0.1748569 0.04588537 0.7792577
0.183443 0.05029241 0.7662646
0.1723329 0.05241116 0.775256
0.1515017 0.04832502 0.8001732
0.1732015 0.05880236 0.7679961
0.1672482 0.05719784 0.7755539
0.1756469 0.05173681 0.7726163
0.1492357 0.05876455 0.7919998
0.1714784 0.05226002 0.7762616
0.172187 0.05251305 0.7753
0.1407394 0.04322361 0.816037
0.1806826 0.04310636 0.776211
0.1761876 0.05085988 0.7729526
0.1684806 0.05236718 0.7791522
0.1877791 0.04998961 0.7622313
0.1952619 0.04981718 0.7549209
0.1450398 0.06051325 0.794447
0.1543722 0.05132072 0.7943071
0.1717442 0.04293486 0.7853209
0.1511432 0.05595145 0.7929054
0.1730156 0.06079695 0.7661874
0.16969 0.05902083 0.7712892
0.1937007 0.03865642 0.7676428
0.1702832 0.05345113 0.7762657
0.1555139 0.06727005 0.7772161
0.1439838 0.06646708 0.7895491
0.1800633 0.04225867 0.7776781
0.1708975 0.04241052 0.786692
0.1735375 0.04966231 0.7768002
0.1750782 0.04410672 0.7808151
0.1653509 0.06475491 0.7698941
0.1922842 0.04817362 0.7595422
0.1657425 0.06285334 0.7714042
0.1885271 0.05153394 0.759939
0.1530259 0.04659728 0.8003768
0.1764737 0.06113651 0.7623898
0.1774913 0.05853162 0.7639771
0.1686435 0.04556661 0.7857899
0.1575841 0.06497815 0.7774378
0.1737641 0.05331922 0.7729167
0.1847524 0.05144584 0.7638018
0.1725696 0.0512523 0.7761781
0.1652339 0.04848631 0.7862798
0.1460521 0.06085865 0.7930892
0.1737919 0.05999308 0.766215
0.1687939 0.05591722 0.7752889
0.1478313 0.06706069 0.785108
0.1792157 0.05279435 0.7679899
0.165974 0.05564175 0.7783843
0.1441071 0.06615614 0.7897368
0.1606606 0.0668971 0.7724423
0.1696697 0.0487338 0.7815965
0.1582612 0.06416354 0.7775752
0.1611103 0.05234353 0.7865462
0.1586613 0.039489 0.8018497
0.1919144 0.06991223 0.7381734
0.1730832 0.03392511 0.7929917
0.1395583 0.05068718 0.8097545
0.1581353 0.0579415 0.7839232
0.1546672 0.05402814 0.7913046
0.166371 0.06714376 0.7664852
0.1530797 0.04327246 0.8036479
0.1614905 0.05683837 0.7816711
0.1683094 0.06434057 0.76735
0.1809186 0.04816998 0.7709115
0.1739737 0.04661015 0.7794161
0.171852 0.04900627 0.7791417
0.1666805 0.06992237 0.7633971
0.1590506 0.04705391 0.7938955
0.1608025 0.05689594 0.7823016
0.1806873 0.05553805 0.7637746
0.1747821 0.05733688 0.767881
0.1636159 0.055946 0.7804381
0.1645058 0.04563786 0.7898564
0.1700962 0.05087876 0.7790251
0.1721745 0.06091481 0.7669107
0.1426265 0.06050784 0.7968657
0.1579537 0.05021866 0.7918276
0.1675612 0.04304474 0.789394
0.1636849 0.04618714 0.7901279
0.1436694 0.06187054 0.7944601
0.1725154 0.04943519 0.7780494
0.1587587 0.04680783 0.7944334
0.1566799 0.0523513 0.7909688
0.1651795 0.07121863 0.7636019
0.1563325 0.05999393 0.7836736
0.1736768 0.04498339 0.7813398
0.1853696 0.05400856 0.7606219
0.1838046 0.05150726 0.7646882
0.1741471 0.04854494 0.7773079
0.1723556 0.05206554 0.7755789
0.1667027 0.05261101 0.7806863
0.1578866 0.05321149 0.7889019
0.1576035 0.05836639 0.7840301
0.175167 0.04849033 0.7763427
0.175703 0.04709638 0.7772006
0.1571775 0.06175211 0.7810704
0.1597222 0.05531614 0.7849616
0.1504481 0.04647782 0.8030741
0.1619194 0.05362924 0.7844513
0.1529232 0.04064001 0.8064368
0.1554478 0.05091388 0.7936383
0.1700725 0.06187121 0.7680563
0.1616282 0.07111279 0.767259
0.155147 0.04977188 0.7950812
0.1692567 0.05818969 0.7725536
0.1914603 0.05896981 0.7495699
0.1717504 0.05909226 0.7691573
0.168662 0.05066179 0.7806762
0.1832924 0.04366164 0.7730459
0.1685711 0.05724487 0.774184
0.1814798 0.05363182 0.7648884
0.1533269 0.05426415 0.7924089
0.1538456 0.05313158 0.7930228
0.1827201 0.06343615 0.7538437
0.1493544 0.06074564 0.7899
0.1651886 0.05230313 0.7825082
0.1625489 0.05753822 0.7799129
0.1776966 0.05449598 0.7678074
0.1748457 0.04416987 0.7809844
0.1889077 0.0515356 0.7595567
0.1552817 0.05416576 0.7905525
0.1652357 0.06372221 0.7710421
0.1676003 0.03568389 0.7967158
0.1512691 0.05188072 0.7968502
0.1630671 0.0512389 0.785694
0.18767 0.04356532 0.7687647
0.1749669 0.04722327 0.7778098
0.165663 0.04165443 0.7926826
0.1802248 0.04598262 0.7737925
0.1696238 0.0596933 0.7706829
0.167417 0.0525706 0.7800124
0.1773702 0.04385538 0.7787744
0.1863268 0.05168297 0.7619902
0.1614444 0.05910492 0.7794507
0.1581385 0.06303321 0.7788283
0.1582833 0.04990451 0.7918122
0.1578627 0.05840276 0.7837346
0.1551299 0.05659185 0.7882783
0.1548153 0.04707301 0.7981117
0.1867872 0.05379447 0.7594183
0.1941221 0.04630066 0.7595772
0.1510431 0.05466059 0.7942963
0.1538682 0.04619858 0.7999332
0.167356 0.04166601 0.7909779
0.1726265 0.05934386 0.7680296
0.1665744 0.05629061 0.777135
0.1542139 0.04776533 0.7980207
0.1727286 0.04748914 0.7797823
0.1677649 0.05237386 0.7798612
0.1603899 0.05144859 0.7881615
0.1708298 0.06241026 0.7667599
0.1693225 0.04870608 0.7819714
0.1816586 0.04907146 0.76927
0.1571907 0.05690974 0.7858996
0.1624581 0.05330282 0.7842391
0.1504702 0.055132 0.7943978
0.159965 0.05745676 0.7825782
0.1745565 0.04366984 0.7817737
0.1530734 0.05166918 0.7952574
0.1730818 0.05593867 0.7709795
0.1636596 0.06111094 0.7752294
0.1534078 0.05898707 0.7876052
0.1558745 0.04750156 0.796624
0.1726443 0.04039795 0.7869577
0.1784729 0.04095721 0.7805699
0.1530252 0.06615431 0.7808204
0.1593284 0.03977061 0.800901
0.1550572 0.05279342 0.7921494
0.1815162 0.05946421 0.7590196
0.1538921 0.04190127 0.8042067
0.1663343 0.04938776 0.7842779
0.1657923 0.06795792 0.7662498
0.1338451 0.05125112 0.8149037
0.1769028 0.05013618 0.772961
0.1633267 0.05601713 0.7806562
0.1754057 0.06216084 0.7624335
0.1717033 0.05893018 0.7693665
0.1742695 0.0608348 0.7648957
0.1794578 0.05506399 0.7654782
0.1648224 0.0455314 0.7896462
0.1704172 0.05226367 0.7773192
0.1652774 0.0458093 0.7889133
0.1470957 0.05229262 0.8006117
0.1570697 0.05649481 0.7864355
0.153798 0.05207312 0.7941288
0.1631116 0.04394698 0.7929414
0.1724497 0.0585568 0.7689935
0.1647363 0.04835211 0.7869116
0.1537182 0.05153846 0.7947433
0.1737137 0.05530908 0.7709772
0.1575393 0.04470051 0.7977601
0.1461215 0.05788467 0.7959938
0.1526201 0.04995243 0.7974274
0.1764533 0.05534309 0.7682036
0.1774628 0.04635314 0.776184
0.174 0.05696428 0.7690357
0.1678628 0.06590076 0.7662365
0.1650218 0.04897984 0.7859984
0.1744828 0.0579348 0.7675824
0.1701176 0.05502501 0.7748574
0.1865022 0.05028814 0.7632096
0.1584148 0.05349211 0.7880931
0.1558113 0.0604304 0.7837583
0.1734873 0.05122865 0.7752841
0.1616839 0.05738253 0.7809335
0.1975506 0.03963735 0.762812
0.1539526 0.05020558 0.7958418
0.1741558 0.04997687 0.7758673
0.1608744 0.05589637 0.7832292
0.173178 0.0487287 0.7780933
0.1706074 0.06683923 0.7625534
0.1656279 0.05692962 0.7774425
0.1715063 0.04258456 0.7859092
0.1544144 0.04910034 0.7964852
0.1727746 0.05744388 0.7697815
0.1664657 0.04766802 0.7858663
0.160407 0.04361842 0.7959745
0.1889062 0.04348351 0.7676103
0.1661576 0.05356406 0.7802783
0.1509307 0.05299114 0.7960781
0.1638719 0.0536189 0.7825092
0.1778034 0.0566099 0.7655867
0.176543 0.04236497 0.781092
0.1693342 0.04993224 0.7807336
0.1541791 0.05342515 0.7923958
0.1622778 0.06261987 0.7751023
0.1686278 0.03825385 0.7931183
0.1559543 0.05655363 0.7874921
0.1608575 0.04901747 0.7901251
0.1593608 0.04649627 0.7941429
0.164166 0.03847819 0.7973558
0.1733181 0.06396115 0.7627208
0.164889 0.04811876 0.7869922
0.1612233 0.0485075 0.7902692
0.1772425 0.05572334 0.7670341
0.1497324 0.05543949 0.7948281
0.1419005 0.04324399 0.8148555
0.1507431 0.05983162 0.7894252
0.1762292 0.04943239 0.7743384
0.1804355 0.05041104 0.7691535
0.1619223 0.0508152 0.7872625
0.158047 0.06304172 0.7789112
0.148984 0.04659233 0.8044236
0.1562129 0.04855148 0.7952356
0.1607389 0.05888484 0.7803763
0.1658893 0.06667574 0.767435
0.1616881 0.06384859 0.7744633
0.1675154 0.05548145 0.7770032
0.1878175 0.05631635 0.7558661
0.1496522 0.06186604 0.7884817
0.1780114 0.04722142 0.7747672
0.1642027 0.05710626 0.778691
0.171889 0.06416087 0.7639502
0.1910622 0.05485662 0.7540812
0.1856133 0.06116925 0.7532175
0.1778191 0.05890874 0.7632721
0.1509399 0.06053246 0.7885276
0.1656017 0.05612007 0.7782782
0.1692274 0.06426869 0.7665039
0.1580346 0.04749497 0.7944704
0.1752838 0.04989795 0.7748182
0.2079968 0.06530287 0.7267004
0.1839431 0.06145421 0.7546027
0.156541 0.04997536 0.7934837
0.1388459 0.06232193 0.7988321
0.1689922 0.0489593 0.7820485
0.1634288 0.05364226 0.7829289
0.1716118 0.05337623 0.775012
0.163594 0.07507113 0.7613348
0.1646638 0.04871576 0.7866204
0.1505945 0.05137144 0.7980341
0.149637 0.04557906 0.8047839
0.1750516 0.04801082 0.7769376
0.1567356 0.05127288 0.7919916
0.1758754 0.0476146 0.77651
0.1442818 0.05516633 0.8005519
0.1602296 0.04091222 0.7988581
0.1738911 0.05785191 0.768257
0.1558931 0.05760645 0.7865005
0.1562882 0.06701578 0.776696
0.1876239 0.04586076 0.7665153
0.1744062 0.05251728 0.7730765
0.1704996 0.04974795 0.7797524
0.1412991 0.04977581 0.8089251
0.1758515 0.0529106 0.7712379
0.1617827 0.05757399 0.7806433
0.1528633 0.06195062 0.7851861
0.1663173 0.05222689 0.7814558
0.1853802 0.04496078 0.769659
0.1509251 0.06893354 0.7801414
0.1778045 0.05085974 0.7713358
0.1580903 0.06132512 0.7805846
0.1539848 0.0657048 0.7803104
0.1625218 0.04950404 0.7879742
0.1583564 0.05678931 0.7848543
0.1733883 0.0442156 0.7823961
0.1621842 0.04981033 0.7880054
0.178467 0.04870363 0.7728294
0.1606843 0.0464582 0.7928575
0.1586777 0.05247829 0.788844
0.152766 0.0495591 0.7976749
0.1564603 0.0586324 0.7849073
0.1465573 0.06001175 0.793431
0.1639808 0.0602367 0.7757825
0.1490784 0.05071423 0.8002074
0.1725953 0.05514454 0.7722601
0.1473868 0.04320654 0.8094066
0.1501824 0.05176139 0.7980562
0.1582251 0.0604117 0.7813632
0.1708295 0.04788697 0.7812835
0.1625388 0.06816301 0.7692982
0.1374818 0.05770127 0.8048169
0.1604048 0.05798526 0.7816099
0.1597076 0.05163544 0.7886569
0.1669534 0.04179863 0.791248
0.1707489 0.05806397 0.7711871
0.1677642 0.04734854 0.7848872
0.172349 0.06719564 0.7604554
0.1565529 0.04851745 0.7949297
0.1894483 0.05408716 0.7564645
0.153487 0.05393578 0.7925772
0.1745499 0.05275907 0.772691
0.1473865 0.06095427 0.7916592
0.1486906 0.05157327 0.7997361
0.1758764 0.05888398 0.7652396
0.1333684 0.04973944 0.8168921
0.163359 0.05222939 0.7844116
0.1565635 0.05407696 0.7893595
0.1592028 0.06127645 0.7795207
0.1639202 0.05478254 0.7812972
0.1759416 0.05565532 0.7684031
0.1590127 0.04400662 0.7969807
0.169128 0.05797067 0.7729013
0.1502342 0.07599829 0.7737675
0.1493884 0.05592594 0.7946856
0.1543371 0.05859673 0.7870662
0.1816504 0.05130602 0.7670436
0.161235 0.05273565 0.7860294
0.2135026 0.05395423 0.7325432
0.1456603 0.04573682 0.8086029
0.1646132 0.05787179 0.777515
0.1900918 0.04382174 0.7660865
0.1609602 0.05953884 0.779501
0.1547358 0.05170944 0.7935547
0.1655909 0.06131322 0.7730959
0.151855 0.06005114 0.7880938
0.157024 0.06584356 0.7771324
0.1428712 0.05234163 0.8047872
0.1355832 0.06186441 0.8025523
0.1786941 0.04476945 0.7765365
0.1671815 0.04971063 0.7831079
0.1383715 0.05489625 0.8067322
0.1577518 0.04807326 0.7941749
0.1540725 0.05126141 0.7946661
0.1719181 0.05395288 0.774129
0.1742061 0.05036001 0.7754339
0.1616249 0.05243273 0.7859423
0.1546649 0.05509827 0.7902368
0.1720819 0.0524899 0.7754282
0.1702331 0.04967738 0.7800895
0.1582124 0.05868537 0.7831022
0.1686874 0.06310662 0.768206
0.1740763 0.05940867 0.766515
0.1605659 0.05165869 0.7877754
0.181565 0.05181264 0.7666224
0.1651383 0.04852218 0.7863395
0.1649907 0.05309141 0.7819179
0.1792398 0.05237087 0.7683894
0.1699161 0.04829504 0.7817889
0.1478452 0.05792149 0.7942333
0.1613097 0.04824713 0.7904431
0.1723784 0.06680416 0.7608175
0.1741735 0.0647304 0.7610961
0.173526 0.06192924 0.7645448
0.1629567 0.04561942 0.7914238
0.1811937 0.05444659 0.7643597
0.1518067 0.06735778 0.7808355
0.1633939 0.04758333 0.7890228
0.1689649 0.05569066 0.7753445
0.1522889 0.04680675 0.8009043
0.1466272 0.03440367 0.8189691
0.1570031 0.06265472 0.7803421
0.1771198 0.04795186 0.7749283
0.15762 0.04838177 0.7939983
0.1642985 0.0482184 0.7874831
0.1709721 0.06989227 0.7591356
0.1540456 0.06242097 0.7835334
0.1759748 0.06104068 0.7629845
0.1810379 0.06185165 0.7571105
0.1721501 0.05767445 0.7701754
0.1493686 0.05955551 0.7910759
0.1620381 0.05300806 0.7849539
0.1575143 0.05983694 0.7826487
0.1573947 0.0543065 0.7882988
0.1741401 0.07069996 0.75516
0.1764706 0.04793685 0.7755925
0.170243 0.06709105 0.7626659
0.1854166 0.04661573 0.7679677
0.1597611 0.05083584 0.7894031
0.1726077 0.05957559 0.7678167
0.1766687 0.05431279 0.7690185
0.1573668 0.05681495 0.7858182
0.1565638 0.04519892 0.7982372
0.1633904 0.05082945 0.7857801
0.1572631 0.04693253 0.7958043
0.1663765 0.05517215 0.7784513
0.1597375 0.05289685 0.7873656
0.1742507 0.05147429 0.774275
0.1514282 0.05668606 0.7918857
0.1733973 0.05293933 0.7736634
0.1695513 0.04573728 0.7847115
0.1770974 0.05270879 0.7701938
0.1532871 0.05193045 0.7947825
0.1664977 0.05196799 0.7815343
0.1674317 0.05823566 0.7743327
0.1754392 0.05649448 0.7680664
0.1539286 0.03551659 0.8105548
0.1708255 0.05039179 0.7787827
0.1602037 0.04959185 0.7902044
0.165564 0.06170081 0.7727352
0.159262 0.06044415 0.7802939
0.1571113 0.04001599 0.8028727
0.1677659 0.04743758 0.7847965
0.1854912 0.06123617 0.7532726
0.1670016 0.05807468 0.7749237
0.1804515 0.05264861 0.7668999
0.1719704 0.06800876 0.7600209
0.1573926 0.0449174 0.79769
0.1742711 0.05762433 0.7681046
0.1781987 0.05429674 0.7675046
0.1581473 0.05602369 0.785829
0.1625849 0.05298357 0.7844315
0.1267613 0.05769992 0.8155387
0.190424 0.04437615 0.7651998
0.1894925 0.05050777 0.7599998
0.150056 0.04778557 0.8021584
0.157449 0.05624665 0.7863044
0.1893591 0.04508511 0.7655558
0.1554262 0.06028165 0.7842922
0.1670526 0.0540278 0.7789196
0.1611299 0.05497739 0.7838928
0.1764382 0.06308586 0.7604759
0.1523651 0.06021689 0.787418
0.1613557 0.03979178 0.7988525
0.1591548 0.05179068 0.7890545
0.1776921 0.04821656 0.7740913
0.150184 0.05423167 0.7955844
0.1752714 0.05837927 0.7663493
0.1654443 0.06098107 0.7735746
0.1716639 0.0489712 0.7793649
0.1651947 0.05883126 0.7759741
0.1759218 0.04245573 0.7816225
0.1668379 0.04577944 0.7873827
0.1732495 0.0513619 0.7753886
0.1554002 0.05399704 0.7906027
0.1730363 0.05879965 0.768164
0.1831051 0.05695337 0.7599415
0.1829023 0.04379096 0.7733067
0.1635214 0.05800356 0.7784751
0.1608667 0.05529588 0.7838374
0.1689967 0.0533987 0.7776046
0.1621353 0.05683722 0.7810275
0.1812219 0.05444005 0.7643381
0.1799283 0.04960498 0.7704667
0.1638375 0.05349787 0.7826646
0.1771354 0.0517382 0.7711264
0.1729383 0.04713726 0.7799244
0.1555477 0.06292266 0.7815296
0.1756671 0.05059385 0.773739
0.1493635 0.05798458 0.7926519
0.1681867 0.04582018 0.7859931
0.1472219 0.0648009 0.7879772
0.1855051 0.0719026 0.7425923
0.1776586 0.04681866 0.7755228
0.175436 0.04786264 0.7767013
0.1705265 0.03534283 0.7941307
0.1690796 0.05530312 0.7756173
0.1591249 0.06791568 0.7729594
0.160392 0.0656118 0.7739962
0.1676226 0.05964183 0.7727356
0.1668806 0.06116578 0.7719536
0.1509838 0.05442694 0.7945893
0.1503357 0.0520955 0.7975688
0.1504576 0.05689597 0.7926464
0.1810315 0.04232426 0.7766442
0.1545105 0.0567632 0.7887263
0.1696766 0.03762229 0.7927011
0.1544913 0.04868398 0.7968247
0.1563653 0.0455677 0.798067
0.1694054 0.05458379 0.7760108
0.1707023 0.05238557 0.7769121
0.1880397 0.05254861 0.7594117
0.1787263 0.05483799 0.7664357
0.1533979 0.04683103 0.7997711
0.1751831 0.05762115 0.7671958
0.153742 0.04066619 0.8055919
0.1706124 0.05548831 0.7738993
0.1591516 0.0516975 0.7891509
0.175561 0.05982601 0.764613
0.1529996 0.05666615 0.7903343
0.1727422 0.05715972 0.7700981
0.1558881 0.0523045 0.7918074
0.1747728 0.05895695 0.7662703
0.1705003 0.04250821 0.7869915
0.1807736 0.05351315 0.7657133
0.1638628 0.04965679 0.7864804
0.1861492 0.05482995 0.7590209
0.149309 0.06080894 0.789882
0.165147 0.05427935 0.7805737
0.1535184 0.05767338 0.7888082
0.1666674 0.06460119 0.7687314
0.1684256 0.03483365 0.7967408
0.17675 0.05418809 0.7690619
0.1583268 0.05480777 0.7868655
0.1568982 0.04835123 0.7947506
0.1483879 0.04830548 0.8033066
0.1648395 0.04698646 0.7881741
0.1604842 0.05465419 0.7848616
0.179244 0.07247137 0.7482846
0.1647654 0.04963943 0.7855951
0.1655645 0.05365126 0.7807842
0.1699261 0.06821427 0.7618597
0.1815731 0.04610006 0.7723268
0.1691879 0.04653625 0.7842758
0.1611178 0.04995396 0.7889283
0.177596 0.0563881 0.7660159
0.1733056 0.05918619 0.7675082
0.143807 0.06380043 0.7923926
0.1555637 0.06196525 0.7824711
0.175261 0.06785366 0.7568853
0.1662866 0.03987233 0.793841
0.1772702 0.04197168 0.7807581
0.1492606 0.06002409 0.7907154
0.1836049 0.05451593 0.7618792
0.160278 0.05730414 0.7824179
0.174374 0.04910457 0.7765214
0.174222 0.06690613 0.7588719
0.1646545 0.05567588 0.7796696
0.1752962 0.05769132 0.7670125
0.1518824 0.05385162 0.794266
0.17498 0.05186648 0.7731535
0.1764041 0.05733949 0.7662564
0.1648149 0.05338351 0.7818016
0.157045 0.05618994 0.7867651
0.1608582 0.05739216 0.7817497
0.1709768 0.06078186 0.7682414
0.1384357 0.05100208 0.8105622
0.1683545 0.06673639 0.7649091
0.1618332 0.05056578 0.787601
0.1561947 0.06367852 0.7801268
0.1622084 0.05658044 0.7812111
0.1893308 0.05274554 0.7579236
0.1545466 0.04971754 0.7957358
0.1764491 0.05518714 0.7683637
0.1757038 0.05306117 0.771235
0.1971299 0.07096126 0.7319089
0.1589253 0.04925398 0.7918207
0.1622359 0.04746855 0.7902955
0.1729325 0.05401516 0.7730523
0.1654683 0.05593304 0.7785987
0.1698239 0.04639294 0.7837831
0.1776314 0.04850231 0.7738663
0.1510293 0.0552148 0.7937559
0.1518799 0.04948018 0.7986399
0.1623069 0.03929434 0.7983988
0.1764402 0.04312329 0.7804365
0.1554474 0.05370972 0.7908429
0.1671459 0.05339497 0.7794591
0.1675008 0.05855246 0.7739468
0.1746633 0.04909676 0.77624
0.1652487 0.06286568 0.7718856
0.1612625 0.05201869 0.7867188
0.1626435 0.04631051 0.791046
0.1794877 0.05212826 0.7683841
0.1644427 0.03936056 0.7961967
0.1544546 0.05754897 0.7879964
0.16491 0.05034245 0.7847476
0.1772589 0.05911163 0.7636295
0.1666085 0.05863151 0.77476
0.159868 0.04495359 0.7951784
0.1708731 0.0485149 0.780612
0.1845919 0.05147656 0.7639315
0.1664734 0.05825929 0.7752673
0.1723614 0.04921758 0.778421
0.1677126 0.05478834 0.777499
0.171664 0.04978179 0.7785542
0.1891123 0.03927689 0.7716108
0.1491752 0.05120098 0.7996238
0.1523539 0.05185135 0.7957948
0.1594241 0.05764377 0.7829321
0.1684658 0.04745383 0.7840804
0.1499409 0.05816959 0.7918895
0.166634 0.05939938 0.7739666
0.1579117 0.04807934 0.794009
0.177181 0.04601465 0.7768043
0.1786696 0.06181347 0.7595169
0.17382 0.06580183 0.7603782
0.1628403 0.0496711 0.7874886
0.1721212 0.0412685 0.7866103
0.1548975 0.05127224 0.7938303
0.1691612 0.04835912 0.7824797
0.1685588 0.04886677 0.7825744
0.1533124 0.06144499 0.7852426
0.1740221 0.05609143 0.7698864
