p_1 p_2 p_3 p_4 
0.04602886 0.1027651 0.8493419 0.001864133 
0.03597589 0.1359071 0.8271318 0.00098524 
0.07407751 0.153583 0.7718561 0.0004834348 
0.04543437 0.09974913 0.8434399 0.01137662 
0.06294842 0.1443374 0.7858162 0.006897964 
0.03736431 0.221964 0.7351542 0.005517481 
0.06397768 0.157336 0.7742922 0.004394176 
0.06696342 0.1348026 0.7750866 0.0231474 
0.03549344 0.1423207 0.8123671 0.009818762 
0.02260269 0.1162585 0.8316987 0.02944009 
0.02717633 0.1823964 0.7731848 0.01724245 
0.0975595 0.178708 0.7142458 0.009486668 
0.1369994 0.1213832 0.7323549 0.009262445 
0.1102343 0.08528298 0.7970308 0.007451854 
0.04706431 0.1516555 0.7908444 0.01043585 
0.02786307 0.1219732 0.8454478 0.00471592 
0.09663023 0.09087903 0.8054813 0.007009452 
0.0425723 0.1075453 0.8445768 0.005305527 
0.05245638 0.07840595 0.8357145 0.03342321 
0.08324573 0.06414054 0.8173571 0.03525668 
0.09887216 0.165323 0.7256896 0.01011529 
0.09553419 0.05561016 0.8090628 0.03979289 
0.09244124 0.10778 0.7924742 0.007304591 
0.0758201 0.06599229 0.8223423 0.03584529 
0.02967078 0.1764671 0.7903492 0.003512915 
0.03753984 0.09357994 0.8136941 0.05518608 
0.04580561 0.1234139 0.7948552 0.03592525 
0.0555523 0.1010518 0.8183134 0.02508245 
0.03850603 0.1070374 0.8538382 0.0006183686 
0.03371743 0.104956 0.8388461 0.02248046 
0.07939483 0.2053731 0.7133001 0.001931908 
0.04922038 0.1300094 0.8174032 0.003367075 
0.08894906 0.1214737 0.7839175 0.005659724 
0.04217431 0.1346607 0.8172111 0.005953928 
0.05873032 0.1212116 0.8181465 0.00191155 
0.03243002 0.09839629 0.8397618 0.02941185 
0.04816955 0.07639887 0.8544466 0.02098499 
0.06665188 0.1430909 0.7698152 0.02044201 
0.06117858 0.1326442 0.7848787 0.02129855 
0.04563521 0.08096685 0.8706341 0.00276382 
0.0938263 0.108968 0.7943773 0.002828423 
0.06587077 0.09759784 0.8178314 0.01869995 
0.06645729 0.1208131 0.8120053 0.0007243377 
0.067274 0.1348275 0.7713658 0.02653264 
0.09409728 0.1003332 0.7798633 0.02570621 
0.03547158 0.1083089 0.8052564 0.05096316 
0.06789468 0.1262414 0.7702769 0.03558703 
0.06525673 0.1573653 0.7767593 0.0006186647 
0.04246676 0.174384 0.7621482 0.02100102 
0.09511866 0.1303496 0.7692818 0.005249902 
0.1025655 0.1007805 0.7824045 0.01424948 
0.04284396 0.1921233 0.7638554 0.001177301 
0.07193748 0.1497292 0.7396026 0.03873071 
0.05797994 0.1279705 0.8031605 0.01088913 
0.01945337 0.1542255 0.8107082 0.01561298 
0.03467326 0.1753994 0.7604383 0.02948903 
0.01320405 0.1348861 0.8484579 0.003451975 
0.03201115 0.1025415 0.8478083 0.01763902 
0.09371639 0.1863428 0.717955 0.001985792 
0.05593926 0.1183414 0.82159 0.004129327 
0.03454399 0.1813048 0.7693634 0.01478782 
0.03758273 0.1351636 0.8244401 0.002813516 
0.04158276 0.1464411 0.7694716 0.04250456 
0.1132685 0.1340996 0.738171 0.01446092 
0.06787828 0.0922342 0.8218286 0.01805896 
0.101376 0.1855497 0.7048061 0.008268208 
0.06033606 0.1551536 0.782046 0.00246428 
0.08196108 0.1020608 0.7999106 0.01606758 
0.04385577 0.1312803 0.8157474 0.009116545 
0.1123756 0.1694093 0.7162605 0.001954527 
0.0687273 0.1088313 0.8142699 0.008171518 
0.05677247 0.1518909 0.7897848 0.001551808 
0.03755007 0.2060491 0.748374 0.008026858 
0.02556538 0.1201753 0.8482525 0.006006895 
0.07026021 0.134954 0.7691516 0.02563427 
0.05577591 0.0606389 0.8545368 0.02904835 
0.04801854 0.1543564 0.7920581 0.005567025 
0.06731376 0.1965219 0.7352238 0.0009405163 
0.05968088 0.1576221 0.7787227 0.003974329 
0.1325415 0.1265488 0.7228167 0.01809308 
0.05322889 0.1055331 0.8153952 0.02584282 
0.03300565 0.1167926 0.8366216 0.01358019 
0.09415205 0.1070175 0.7815266 0.01730387 
0.05131348 0.1005481 0.8239685 0.02416997 
0.04905409 0.1501283 0.7999804 0.0008372538 
0.05241008 0.009907223 0.7951335 0.1425492 
0.03126647 0.004836491 0.7948595 0.1690376 
0.02075216 0.02226018 0.8874619 0.06952575 
0.08381899 0.006438584 0.7796999 0.1300425 
0.03462776 0.01926711 0.8173519 0.1287532 
0.1259371 0.005599049 0.7930931 0.07537076 
0.073958 0.0253486 0.7979053 0.1027881 
0.03941517 0.0002055934 0.8342929 0.1260863 
0.07600927 5.617134e-05 0.8246546 0.09928001 
0.05291973 0.01357478 0.7522506 0.1812549 
0.02891174 0.08293908 0.7937764 0.09437283 
0.0009158926 0.05935795 0.8343239 0.1054022 
0.001051143 0.06049786 0.7585891 0.1798619 
0.008183755 0.02934701 0.7842159 0.1782533 
0.002268984 0.05925821 0.7353931 0.2030797 
0.007522918 0.05922918 0.8094555 0.1237924 
0.007638624 0.1157632 0.7278018 0.1487964 
0.04331781 0.05981517 0.7961457 0.1007213 
0.005605891 0.04696776 0.8318897 0.1155366 
0.002770012 0.06362528 0.8190979 0.1145069 
0.002800535 0.03300244 0.7831953 0.1810018 
0.003954143 0.05023326 0.86215 0.0836626 
0.02829039 0.02880855 0.7699214 0.1729796 
0.02237655 0.02892659 0.8531609 0.095536 
0.004694863 0.04747386 0.7824662 0.1653651 
0.01243037 0.04126441 0.8762862 0.07001899 
0.01036257 0.03055323 0.805719 0.1533652 
0.001808191 0.04936136 0.8081171 0.1407134 
0.005462793 0.04546226 0.7940435 0.1550315 
0.03184303 0.1481603 0.7550016 0.0649951 
0.008044583 0.07683825 0.751379 0.1637382 
0.02104676 0.03794136 0.8124794 0.1285325 
0.0101279 0.0299156 0.8360068 0.1239497 
0.0432953 0.08233603 0.6889778 0.1853909 
0.0181969 0.02595744 0.7723346 0.1835111 
0.02740367 0.04122807 0.8136265 0.1177417 
0.007852992 0.05939631 0.7906661 0.1420846 
0.01298523 0.06387359 0.7754121 0.1477291 
0.02446477 0.07181686 0.7501343 0.1535841 
0.01749699 0.03373022 0.8486475 0.1001252 
0.02128167 0.03737256 0.8539311 0.08741465 
0.0009902764 0.1042917 0.7323353 0.1623827 
6.082972e-05 0.03429214 0.7727338 0.1929133 
0.02781284 0.08203852 0.80227 0.0878786 
0.01838333 0.03948492 0.8059716 0.1361601 
0.001524684 0.07283424 0.8454195 0.08022161 
0.002746135 0.05906563 0.8130984 0.1250898 
0.006610406 0.06630378 0.7848433 0.1422425 
0.0009145027 0.05441964 0.8268946 0.1177713 
0.0001275456 0.04211527 0.868026 0.08973115 
0.02450072 0.07016238 0.7844219 0.1209151 
0.00201228 0.08546944 0.7725595 0.1399588 
0.002150422 0.05974339 0.8577637 0.08034248 
0.08471411 0.0252316 0.7817419 0.1083124 
0.005083988 0.05681145 0.8585561 0.0795485 
0.03184057 0.04739727 0.7424556 0.1783066 
0.01502444 0.09534075 0.7604459 0.1291889 
0.006343076 0.02696093 0.8486561 0.1180399 
0.01076809 0.05959766 0.8255826 0.1040516 
0.01402879 0.06601543 0.7605307 0.1594251 
0.01602711 0.076558 0.7459345 0.1614804 
0.03793612 0.07324974 0.7983671 0.09044702 
0.004654898 0.03419756 0.8479213 0.1132262 
0.002607001 0.05073794 0.8300334 0.1166217 
0.09667249 0.06052191 0.7684341 0.07437153 
0.08922352 0.04229111 0.8659549 0.002530507 
0.1371174 0.04551345 0.816315 0.001054206 
0.132989 0.09555065 0.7488682 0.0225922 
0.1412595 0.07016356 0.7435473 0.04502962 
0.1586242 0.0756487 0.7256313 0.04009579 
0.1331055 0.08348244 0.7693821 0.01402996 
0.1315153 0.05971489 0.7991711 0.009598706 
0.1651108 0.07382426 0.7402546 0.02081032 
0.1232187 0.08110788 0.7911361 0.004537307 
0.2096829 0.0444562 0.7426599 0.003201068 
0.1425594 0.06609818 0.7818381 0.009504241 
0.00250306 0.06998563 0.7775613 0.14995 
0.002215961 0.06467013 0.8243701 0.1087438 
0.007681657 0.04123132 0.8263927 0.1246943 
0.001145956 0.05473905 0.8167471 0.1273679 
0.00696937 0.04727253 0.8116857 0.1340724 
0.003548466 0.07424232 0.7380867 0.1841225 
0.00572372 0.04763142 0.7961872 0.1504577 
0.0002274689 0.0608785 0.7964533 0.1424408 
0.01419357 0.08581421 0.7718317 0.1281605 
0.01185122 0.04950107 0.8014382 0.1372095 
0.01118817 0.0777286 0.832729 0.07835424 
0.003506473 0.04661801 0.8427135 0.107162 
0.008464509 0.03629088 0.8089299 0.1463147 
0.01118436 0.02951781 0.8560237 0.1032742 
0.008227856 0.06293501 0.7971966 0.1316406 
0.02813037 0.05282642 0.7533402 0.1657031 
0.02437561 0.04020361 0.8083598 0.127061 
0.01106014 0.07380476 0.775592 0.1395431 
0.04214042 0.09035202 0.7818783 0.08562921 
0.1410805 0.05665492 0.7892366 0.01302801 
0.2075073 0.03465635 0.7563347 0.001501646 
0.1204227 0.128726 0.7461894 0.004661965 
0.1358443 0.1077416 0.754028 0.002386075 
0.08986593 0.0003296654 0.8534376 0.05636684 
0.07537493 0.005055878 0.8242236 0.0953456 
0.04081915 0.160734 0.7874505 0.0109963 
0.02771795 0.1698871 0.7762513 0.0261437 
0.002013615 0.06831632 0.833521 0.09614904 
0.007109313 0.1245036 0.7997906 0.06859647 
0.006290516 0.2310975 0.7115648 0.05104716 
0.006583215 0.1780378 0.7744587 0.04092029 
0.006974935 0.10422 0.8391753 0.04962975 
0.00390854 0.1682596 0.7454648 0.082367 
0.0007214295 0.09543989 0.8216488 0.08218985 
0.04722231 0.09264873 0.791764 0.06836497 
0.0001665474 0.131631 0.7985289 0.06967357 
0.01068095 0.143705 0.8221454 0.02346871 
0.0005677629 0.1577165 0.7859422 0.05577352 
0.002046857 0.1206412 0.7462433 0.1310686 
0.009341503 0.1031371 0.7822348 0.1052866 
0.002989816 0.1841907 0.7910876 0.02173188 
0.009394465 0.1377462 0.7685657 0.08429364 
0.00590788 0.1448836 0.7785806 0.07062799 
0.05308575 0.1434496 0.7920337 0.0114309 
0.005847989 0.08254162 0.8302682 0.08134219 
0.001381781 0.201679 0.7489121 0.04802709 
0.02680047 0.1556221 0.7503204 0.06725705 
0.02781836 0.1209087 0.8162161 0.0350568 
0.007230139 0.1421624 0.8056201 0.04498734 
0.07488129 0.1428179 0.7712339 0.01106687 
0.0271346 0.1467094 0.8175792 0.008576747 
0.04955288 0.08413515 0.8583403 0.007971655 
0.03656364 0.1205492 0.8248946 0.01799262 
0.03084612 0.09585129 0.8606845 0.01261806 
0.006136592 0.1678703 0.7649375 0.06105563 
0.02287943 0.1003273 0.815695 0.06109824 
0.01077363 0.1595064 0.7904971 0.03922292 
0.00402146 0.09158303 0.8502062 0.05418927 
0.01550956 0.1286693 0.7629871 0.09283399 
0.001640537 0.08642969 0.8544391 0.05749065 
0.003591702 0.1085579 0.8311492 0.05670118 
0.003314554 0.1221205 0.8113251 0.06323985 
0.01418772 0.1322854 0.8202413 0.03328553 
0.008412387 0.1469322 0.7682717 0.07638371 
0.01687641 0.1172047 0.8334133 0.03250567 
0.01210142 0.113721 0.8185529 0.05562463 
0.001661221 0.129243 0.8109456 0.05815019 
0.004333538 0.1530321 0.7207772 0.1218571 
0.02802969 0.1428513 0.7639243 0.06519472 
0.03498536 0.112 0.7749358 0.07807885 
0.0945681 0.09453083 0.7301818 0.08071922 
0.008131718 0.131806 0.7933621 0.06670012 
0.01916187 0.0497032 0.8769897 0.05414518 
0.0101662 0.1526469 0.7904707 0.04671623 
0.0001929608 0.1717544 0.7693413 0.05871126 
0.004407908 0.1075481 0.7842565 0.1037876 
0.0240806 0.08411982 0.8304354 0.06136416 
0.03164494 0.04086922 0.893147 0.03433883 
0.03479902 0.1479566 0.7628668 0.05437759 
0.01330043 0.1183934 0.8124475 0.05585865 
0.09928319 0.003947822 0.8084046 0.08836443 
0.09813376 0.002487627 0.8276422 0.07173639 
0.08561255 0.05133677 0.8170104 0.04604028 
0.09456611 0.004694163 0.783846 0.1168937 
0.109 0.002458905 0.8138321 0.07470903 
0.1470439 0.006851321 0.820235 0.02586974 
0.1625012 0.03134871 0.7069041 0.09924597 
0.1172551 0.006551684 0.8416953 0.03449792 
0.1639399 0.007665861 0.7386568 0.08973743 
0.1577373 0.006984614 0.7741193 0.06115881 
0.1594479 0.003675521 0.7791757 0.05770086 
0.07187134 0.09221918 0.8109391 0.02497038 
0.1239204 0.00630071 0.8267114 0.04306749 
0.07648876 0.04326983 0.8526309 0.02761051 
0.1622531 0.0117187 0.7616006 0.06442759 
0.1573626 0.005835566 0.7826453 0.05415651 
0.09271776 0.03519481 0.8220777 0.05000969 
0.1567397 0.02135011 0.7567398 0.06517046 
0.109102 0.009421528 0.8558554 0.02562098 
0.1065619 0.005347314 0.8123501 0.07574065 
0.1813212 0.003212075 0.7699135 0.04555324 
0.1511799 0.006776836 0.8025053 0.03953796 
0.1189973 0.01162777 0.8017945 0.06758043 
0.1013236 0.0162714 0.8213967 0.06100833 
0.1468142 0.005599444 0.7920002 0.05558618 
0.102139 0.00608547 0.8233021 0.06847343 
0.1705989 0.06283954 0.6876034 0.07895823 
0.06309607 0.02179114 0.8602642 0.0548486 
0.1204523 0.001420886 0.812802 0.0653248 
0.09396692 0.003089415 0.8497638 0.05317983 
0.08743179 0.01857013 0.8475332 0.04646487 
0.1439821 0.002411124 0.812705 0.04090174 
0.1704271 0.03165548 0.7426253 0.05529205 
0.08339577 0.04661123 0.8438517 0.02614129 
0.1572958 0.004925253 0.7830189 0.05476006 
0.1353666 0.01113027 0.8204245 0.0330786 
0.08341225 0.006642165 0.8443741 0.06557153 
0.1155607 0.01156251 0.8041281 0.06874873 
0.1017596 0.02714649 0.832803 0.03829098 
0.1326157 0.002484372 0.7939919 0.070908 
0.1191977 0.0009769673 0.7998957 0.07992957 
0.1181585 0.001968252 0.8430803 0.03679289 
0.1100358 0.006315312 0.8109299 0.07271905 
0.1064053 0.01303235 0.8549022 0.02566013 
0.1146087 0.008088679 0.8370336 0.04026907 
0.1373307 0.01512963 0.720563 0.1269767 
0.09792351 0.001044024 0.8853448 0.01568767 
0.124387 0.02618225 0.8290947 0.02033603 
0.1087538 0.007417099 0.8424 0.04142904 
0.1825281 0.02618353 0.7173546 0.07393376 
0.1731072 0.002680221 0.7798869 0.04432566 
0.1135388 0.01819441 0.8147147 0.0535521 
0.1130841 0.02517791 0.810764 0.05097393 
0.08428027 0.004742304 0.8894392 0.02153825 
0.1467662 0.0281873 0.7576611 0.06738546 
0.1035843 0.04276178 0.8223986 0.0312553 
0.1903646 0.01984555 0.7011272 0.08866269 
0.1146412 0.02467678 0.789637 0.07104504 
0.1328453 0.002475246 0.7983935 0.06628598 
0.1277725 0.000214772 0.7768631 0.09514966 
0.1857421 0.03042472 0.72481 0.05902315 
0.1282181 0.03545887 0.7466284 0.08969464 
0.1172581 0.006283693 0.7880847 0.08837354 
0.1277682 0.0008169375 0.7768285 0.09458629 
0.1247016 0.01620523 0.7768629 0.0822302 
0.132999 0.01436553 0.7836247 0.06901083 
0.1683542 0.01317857 0.7735621 0.04490516 
0.1317164 0.006266755 0.8498782 0.01213863 
0.07826585 0.02140932 0.853727 0.04659787 
0.1275851 0.0206783 0.808468 0.04326861 
0.09709558 0.0009857066 0.8137882 0.08813051 
0.08345143 0.01145011 0.8364593 0.06863917 
0.1247995 0.009591936 0.8253302 0.04027844 
0.1290521 0.01288778 0.8092564 0.04880373 
0.1065363 0.01357061 0.819531 0.06036213 
0.18731 0.03866748 0.6996694 0.07435312 
0.1870582 0.01985761 0.7518593 0.04122488 
0.1534742 0.0005098216 0.8037317 0.04228423 
0.1656277 0.05721038 0.7297365 0.04742541 
0.1194834 0.01421668 0.7987484 0.06755154 
0.09302664 0.0360951 0.8270617 0.0438166 
0.09016053 0.01149194 0.7987773 0.09957018 
0.08608951 0.004905928 0.8135812 0.09542333 
0.1402979 0.005168707 0.8037107 0.05082275 
0.09621856 0.01690999 0.8466099 0.04026159 
0.1204017 5.097908e-05 0.8324266 0.04712077 
0.1260755 0.01432181 0.832971 0.02663169 
0.1222201 0.02910261 0.7425818 0.1060955 
0.1189031 0.02720016 0.8494319 0.004464839 
0.1576577 0.03747194 0.7984669 0.006403451 
0.08017419 0.06083766 0.8144376 0.04455059 
0.08106456 0.04851568 0.8626386 0.007781211 
0.1425322 0.06521159 0.7847506 0.007505679 
0.1480618 0.08312083 0.7277081 0.04110934 
0.05938061 0.04742858 0.8852746 0.007916236 
0.1325361 0.02128358 0.8387767 0.007403692 
0.1050697 0.04050567 0.80914 0.04528466 
0.1674695 0.07014044 0.7425386 0.01985153 
0.1636879 0.03150357 0.7805732 0.02423529 
0.0797828 0.05996853 0.8455012 0.01474746 
0.1707751 0.04343691 0.7633156 0.02247241 
0.09904635 0.08271673 0.8025254 0.0157115 
0.111392 0.08781672 0.7867377 0.01405353 
0.1138346 0.1043486 0.7552377 0.02657915 
0.1443569 0.05907944 0.7803251 0.01623851 
0.08817376 0.03227492 0.8782699 0.001281435 
0.1018021 0.08736107 0.7975682 0.01326858 
0.1625996 0.05368147 0.7786385 0.00508043 
0.1301969 0.09364324 0.7596486 0.01651126 
0.1089742 0.0450981 0.8351661 0.01076159 
0.1546629 0.04387507 0.7635267 0.03793529 
0.09999478 0.06011873 0.8177749 0.02211157 
0.1789807 0.04859505 0.7411023 0.031322 
0.09018483 0.09273251 0.7901653 0.02691737 
0.1491937 0.1032809 0.7279218 0.0196035 
0.09857212 0.05305841 0.8147864 0.03358309 
0.1695378 0.01592216 0.7800288 0.03451122 
0.07498607 0.09717668 0.8255388 0.00229845 
0.1367016 0.03698383 0.8194776 0.006836954 
0.1176331 0.1188281 0.7628969 0.0006419128 
0.1018059 0.02432131 0.864464 0.00940882 
0.1455071 0.02583823 0.8273988 0.001255827 
0.09211505 0.04203917 0.7727746 0.09307119 
0.118104 0.04624371 0.77325 0.0624023 
0.1506819 0.05377354 0.7780791 0.01746545 
0.1765127 0.02313716 0.8000988 0.0002513109 
0.1389938 0.06305899 0.7851006 0.01284659 
0.07955541 0.0463454 0.8672622 0.00683698 
0.1331998 0.04187757 0.824269 0.0006536664 
0.08888955 0.06777241 0.8307371 0.01260093 
0.1194358 0.04196256 0.8249341 0.01366752 
0.1225538 0.02498673 0.8454032 0.007056335 
0.06645122 0.03619697 0.7244495 0.1729023 
0.01238936 0.1441511 0.7526736 0.090786 
0.01578642 0.08224949 0.7268523 0.1751118 
0.006252326 0.07026977 0.7997247 0.1237533 
0.0001872643 0.05111653 0.8167196 0.1319766 
0.003347091 0.07702974 0.7647156 0.1549076 
0.02866103 0.05761916 0.7441689 0.1695509 
0.005601272 0.05579568 0.8164776 0.1221255 
0.04897478 0.05187363 0.7400737 0.1590779 
0.1313243 0.03390873 0.8130088 0.02175822 
0.08974046 0.09362422 0.8066864 0.009948886 
0.1720281 0.06191089 0.7613128 0.004748227 
0.1150527 0.06054326 0.8205277 0.003876263 
0.09693208 0.05081657 0.8387417 0.01350969 
0.1545087 0.06416926 0.7611539 0.02016816 
0.1006266 0.06797713 0.8201119 0.01128434 
0.1376934 0.1481492 0.7117501 0.002407357 
0.107532 0.1454884 0.7378266 0.009153046 
0.1678283 0.03742655 0.7904533 0.004291895 
0.1785979 0.006154809 0.7807262 0.03452109 
0.1060062 0.005948039 0.7506272 0.1374186 
0.0909866 0.01605105 0.8495344 0.04342794 
0.1002692 0.02409521 0.8282518 0.04738377 
0.1034919 0.003050088 0.8036714 0.08978656 
0.1013239 0.03017793 0.8394786 0.02901954 
0.1516751 0.01212847 0.7383874 0.09780909 
0.2185425 0.00605012 0.730744 0.04466336 
0.08146617 0.04400914 0.8134613 0.06106338 
0.1701197 0.002479272 0.7913905 0.03601055 
0.1618966 0.001069627 0.7690509 0.0679829 
0.1311679 0.0101247 0.8205651 0.03814235 
0.1173016 0.006707363 0.8339333 0.04205777 
0.1622032 0.00132439 0.7897149 0.04675752 
0.08213703 8.662897e-05 0.8299264 0.0878499 
0.1326012 0.02966501 0.8149367 0.02279714 
0.03339183 0.05827947 0.832048 0.0762807 
1.790139e-05 0.1033335 0.8674806 0.02916792 
0.000530243 0.1247406 0.7693403 0.1053889 
0.008504994 0.114039 0.8263145 0.05114157 
0.022542 0.08910789 0.8079032 0.08044688 
0.06057307 0.1372362 0.748317 0.05387368 
0.03664817 0.1998299 0.6427368 0.1207851 
0.01648911 0.1854612 0.7796807 0.01836895 
0.007516308 0.09950614 0.8203851 0.07259246 
0.07550018 0.07623508 0.7770857 0.07117907 
0.05528741 0.1061629 0.8223183 0.01623134 
0.05476488 0.128885 0.8081468 0.008203344 
0.06574071 0.1461613 0.7692884 0.01880963 
0.03802906 0.1140503 0.8288779 0.01904278 
0.03604551 0.09039971 0.8421211 0.03143369 
0.09474087 0.1110547 0.7800804 0.01412405 
0.05668825 0.1568462 0.780498 0.005967577 
0.04945655 0.1242615 0.8213287 0.004953311 
0.06415914 0.1343182 0.7637882 0.03773444 
0.05092411 0.08751402 0.8554516 0.006110314 
0.05317793 0.1441294 0.8007724 0.001920186 
0.03311203 0.09328622 0.8620317 0.01157 
0.04220394 0.1511087 0.8052573 0.001430049 
0.04214415 0.1064863 0.8251866 0.02618291 
0.05572766 0.1221369 0.8142131 0.007922334 
0.00978132 0.1828009 0.771003 0.03641477 
0.003229176 0.1690757 0.7342441 0.09345102 
0.0032821 0.1199517 0.8377527 0.03901347 
0.009181944 0.1285562 0.8320603 0.03020155 
0.00445503 0.1669281 0.7640816 0.06453519 
0.000351864 0.173459 0.8003385 0.02585067 
0.06495449 0.1301516 0.7843559 0.02053806 
0.008150979 0.1424647 0.776011 0.07337331 
0.01770572 0.1683418 0.7214862 0.09246629 
0.003955607 0.1465315 0.7838031 0.06570985 
0.00145569 0.1156369 0.8431535 0.03975383 
0.02168157 0.1754526 0.7677684 0.03509744 
0.01447491 0.1440837 0.7949233 0.04651807 
0.02510302 0.09113586 0.8167025 0.06705862 
0.001243571 0.1423348 0.7750755 0.08134611 
0.01640184 0.1222856 0.7965457 0.06476683 
0.01455714 0.105293 0.8141719 0.065978 
0.007542632 0.1494418 0.8030516 0.03996401 
0.00252973 0.1278554 0.7828351 0.08677974 
0.0262489 0.1150249 0.7995531 0.05917303 
0.01031972 0.1165967 0.837342 0.0357416 
0.002180307 0.121362 0.8278474 0.04861036 
0.001533902 0.1488947 0.7645717 0.08499972 
0.01323524 0.1145977 0.8049015 0.0672655 
0.0339482 0.09888703 0.8453971 0.02176768 
0.008700696 0.1354116 0.7956292 0.06025858 
5.12635e-06 0.1636302 0.7629497 0.07341496 
0.002528775 0.08564995 0.7904368 0.1213845 
0.01595238 0.1056435 0.824125 0.05427914 
0.01669132 0.1032694 0.8260465 0.05399278 
0.001926318 0.1239996 0.8195259 0.05454814 
0.002107817 0.1285768 0.8190608 0.05025462 
0.002094927 0.1324778 0.8093729 0.05605443 
0.01222801 0.162033 0.7777126 0.04802645 
0.0009962888 0.1081603 0.8249163 0.06592715 
0.003923407 0.1713035 0.8247346 3.855563e-05 
0.01520158 0.2125294 0.7688883 0.003380714 
0.02415794 0.1461993 0.811214 0.0184287 
0.01674566 0.1845402 0.7962145 0.002499659 
0.1329769 0.03843861 0.7844969 0.04408761 
0.1574047 0.008187761 0.8009276 0.03348001 
0.1467277 0.0005686909 0.7849668 0.06773676 
0.1579221 0.02183872 0.7516717 0.06856749 
0.1011396 0.07792709 0.8199332 0.001000134 
0.1084636 0.04116403 0.784139 0.06623341 
0.1297761 0.002241754 0.8395017 0.02848045 
0.09275422 0.05093448 0.8273305 0.02898084 
0.1147015 0.02709159 0.8033479 0.05485896 
0.1334068 0.004398577 0.8000366 0.06215799 
0.08106758 0.00925066 0.8417949 0.06788682 
0.1234914 0.001918278 0.7970995 0.07749081 
0.1395659 0.00952559 0.7480294 0.1028791 
0.08541671 0.04024991 0.8307868 0.04354661 
0.1358289 0.002833381 0.8144329 0.04690479 
0.2490382 0.02605648 0.6620407 0.06286462 
0.2183748 0.02057581 0.7360671 0.02498235 
0.1124217 0.004761594 0.7725146 0.110302 
0.1512087 0.00624525 0.7973755 0.04517057 
0.1359065 0.02563386 0.7725304 0.06592926 
0.1201114 0.01650867 0.7823484 0.08103158 
0.1309203 0.01191791 0.8213453 0.03581641 
0.1483633 0.02865488 0.783357 0.0396248 
0.1245956 0.002152395 0.8414165 0.03183547 
0.1342376 0.003727946 0.7468054 0.115229 
0.1524524 0.009414009 0.7780113 0.06012225 
0.1715978 0.001249429 0.7583604 0.0687924 
0.11736 0.0004758076 0.8137469 0.0684173 
0.1441319 0.007082508 0.8099232 0.03886234 
0.1082544 0.01121845 0.8132515 0.06727558 
0.1260028 0.01871282 0.8022746 0.05300987 
0.1495851 0.00925388 0.7505123 0.09064876 
0.1430194 0.003991476 0.760739 0.09225013 
0.1874997 0.01067067 0.7599583 0.04187136 
0.1204682 0.0195629 0.817092 0.04287684 
0.1235901 0.002426239 0.8322736 0.04170997 
0.1467068 0.002290155 0.7802512 0.07075184 
0.1435301 0.002247436 0.7678173 0.08640517 
0.08825112 0.008228115 0.7521793 0.1513414 
0.1032943 0.01582476 0.8079475 0.07293343 
0.1181261 0.05035462 0.8011498 0.03036956 
0.1397489 0.006947602 0.8094104 0.04389301 
0.07634462 0.05264701 0.8400467 0.0309617 
0.1379209 0.06171856 0.7881941 0.01216642 
0.1424487 0.03253942 0.8092728 0.01573915 
0.1762758 0.05063316 0.7685346 0.004556411 
0.1249654 0.0651772 0.7893803 0.02047713 
0.1209271 0.06345727 0.79956 0.01605569 
0.110471 0.03807136 0.8009287 0.05052892 
0.1063003 0.01404221 0.8094174 0.0702401 
0.1004355 0.003301973 0.8590645 0.03719801 
0.100605 0.04990127 0.8132332 0.0362606 
0.2049485 0.006270621 0.7394091 0.04937175 
0.06438223 0.01217209 0.8154154 0.1080303 
0.1433683 0.002407027 0.7428841 0.1113406 
0.08511382 0.001560136 0.8293373 0.08398871 
0.069153 0.1169778 0.7455065 0.06836264 
0.2516419 0.0102336 0.7081836 0.02994094 
0.1356913 0.005452858 0.8313452 0.02751059 
0.09490976 0.005358819 0.8350183 0.06471315 
0.1527339 0.03045551 0.7438183 0.07299231 
0.1825629 0.008994025 0.7701774 0.0382657 
0.1595856 0.02126009 0.7458581 0.07329626 
0.1145562 0.00884384 0.8310981 0.04550193 
0.09286725 0.001558376 0.842953 0.0626214 
0.08091888 0.004288071 0.8767237 0.03806933 
0.06916017 0.01628816 0.862784 0.05176771 
0.1797279 0.00784364 0.7659191 0.04650935 
0.1640193 0.02974384 0.7641698 0.04206711 
0.09918246 0.01285027 0.8239532 0.06401409 
0.2035972 0.03897191 0.7297869 0.02764397 
0.1384647 0.01706445 0.7816294 0.06284152 
0.05820469 0.05193244 0.8690161 0.0208468 
0.1752141 0.0191484 0.7956034 0.01003409 
0.1817405 0.001349147 0.7896522 0.02725807 
0.04536706 0.1514129 0.7716585 0.0315616 
0.08018982 0.1285479 0.7868525 0.004409763 
0.03349358 0.1434155 0.8225101 0.0005808528 
0.06056823 0.1251225 0.8114056 0.002903637 
0.04060452 0.189393 0.7601331 0.009869371 
0.0368467 0.1382311 0.8219866 0.002935584 
0.07246661 0.1298153 0.7520511 0.04566699 
0.07065457 0.08436817 0.8146036 0.03037362 
0.0543057 0.1393405 0.7707721 0.03558174 
0.05054806 0.09432227 0.8453924 0.00973723 
0.06083782 0.1399789 0.7763888 0.02279446 
0.0264101 0.1923219 0.7696412 0.01162676 
0.02771459 0.09869965 0.8618429 0.01174287 
0.04341082 0.04647534 0.8117387 0.09837517 
0.03038721 0.102782 0.7847916 0.08203926 
0.003021003 0.2458322 0.6837558 0.06739098 
0.005407763 0.1716419 0.7751995 0.04775084 
0.01455084 0.145416 0.7811538 0.05887941 
0.03185349 0.168339 0.7950797 0.004727779 
0.02882092 0.1061497 0.8345487 0.0304807 
0.01748438 0.1950079 0.7574698 0.03003799 
0.04206451 0.1871819 0.7540374 0.01671621 
0.06151337 0.1540598 0.7524379 0.03198891 
0.06865705 0.1329189 0.7961681 0.002255908 
0.02989512 0.07996752 0.8797408 0.01039659 
0.07187112 0.1020833 0.8248246 0.001220941 
0.04978827 0.1804221 0.7585603 0.01122931 
0.0805096 0.1239672 0.7563799 0.03914334 
0.03526959 0.1321365 0.8293763 0.003217526 
0.05888865 0.1043349 0.7970602 0.03971627 
0.08036224 0.1637655 0.7484868 0.007385462 
0.02624762 0.1251538 0.8277376 0.02086091 
0.01880249 0.118099 0.842049 0.02104953 
0.02025824 0.1609743 0.8029992 0.0157682 
0.03420244 0.1173252 0.8482788 0.0001935932 
0.08550342 0.1199846 0.7901289 0.004383128 
0.03042239 0.1237564 0.8435862 0.002235074 
0.07621396 0.1803807 0.7356184 0.007786926 
0.05360363 0.09775001 0.8437242 0.004922125 
0.04384037 0.130257 0.8084598 0.01744283 
0.05548491 0.1907516 0.7345106 0.01925297 
0.004260361 0.1541728 0.7654628 0.07610403 
0.01256845 0.1187147 0.8083833 0.06033358 
0.05496959 0.1366354 0.7647522 0.04364278 
0.006747776 0.1250844 0.7808263 0.08734151 
0.01927333 0.1322779 0.8297859 0.01866289 
0.007376126 0.1649126 0.7720435 0.05566779 
0.007056993 0.1221235 0.7870063 0.08381318 
0.002195215 0.1743672 0.7846674 0.03877019 
0.001639 0.1256338 0.8070771 0.06565007 
0.02133499 0.09397844 0.8048387 0.07984789 
0.003393462 0.1317524 0.8025007 0.06235342 
0.01040709 0.1607463 0.8116294 0.01721713 
0.006287603 0.1224604 0.8290697 0.04218221 
0.003873406 0.09494115 0.8190344 0.08215108 
0.007400635 0.1622125 0.7530343 0.07735256 
0.00813407 0.09860417 0.8347517 0.05851001 
0.01361317 0.1671001 0.7850367 0.03425 
0.01788881 0.1154307 0.7924975 0.07418295 
0.02984509 0.1336359 0.8099729 0.02654614 
0.01091513 0.1055367 0.7916075 0.09194064 
0.007389661 0.09680611 0.8684224 0.02738178 
0.009303356 0.08778412 0.8300783 0.07283423 
0.005139481 0.185276 0.7877148 0.02186971 
0.0006802773 0.1506915 0.7879787 0.06064953 
0.008649017 0.1881242 0.7680259 0.03520088 
0.0103739 0.1179958 0.8322425 0.03938776 
0.08761839 0.1487707 0.7567115 0.006899441 
0.02136299 0.2088009 0.7661362 0.00369993 
0.09683448 0.07724478 0.8105181 0.01540263 
0.03260139 0.1501279 0.8141148 0.003155874 
0.06215098 0.148457 0.7809461 0.008445961 
0.04527207 0.1033869 0.8311375 0.02020353 
0.04112263 0.1430341 0.8149133 0.0009299254 
0.05124211 0.1529804 0.7674224 0.02835513 
0.06739715 0.1209358 0.8084737 0.003193327 
0.09369292 0.07354831 0.8298593 0.002899512 
0.04817692 0.1378844 0.7728077 0.041131 
0.04382393 0.1615515 0.7770705 0.01755411 
0.05198878 0.1214074 0.8237369 0.002866904 
0.04289396 0.1218699 0.8236368 0.01159936 
0.08827497 0.1338171 0.7411624 0.03674552 
0.03923985 0.09983602 0.8249036 0.03602057 
0.0508755 0.09937889 0.84858 0.001165609 
0.08084164 0.1236925 0.7931953 0.002270596 
0.05837166 0.1464374 0.7656096 0.02958129 
0.04684856 0.1080484 0.8412057 0.003897334 
0.05064147 0.1268795 0.8094818 0.0129972 
0.02994504 0.163545 0.7944013 0.01210859 
0.01101952 0.1478742 0.798641 0.04246533 
0.06670545 0.1592803 0.7684469 0.005567375 
0.05366184 0.1092359 0.8149933 0.02210888 
0.04997524 0.1126661 0.8050349 0.03232373 
0.03459297 0.1809026 0.7815733 0.002931179 
0.07746686 0.08525748 0.8232557 0.01401993 
0.09130643 0.108067 0.7932331 0.007393487 
0.04390504 0.1129357 0.8290583 0.01410104 
0.1331637 0.1033262 0.7610836 0.002426561 
0.1117617 0.08570157 0.7976437 0.004893031 
0.07422625 0.1140858 0.8078943 0.003793685 
0.04946255 0.1023336 0.8399067 0.008297225 
0.04263094 0.1106252 0.8449476 0.001796222 
0.06534796 0.09265639 0.8299456 0.01205002 
0.0102389 0.1242386 0.7697356 0.09578693 
0.004868142 0.1732709 0.7678254 0.05403546 
1.266054e-05 0.1753472 0.7565692 0.06807095 
0.002894481 0.1313968 0.7323016 0.1334072 
0.006879887 0.1324698 0.8373997 0.02325061 
0.04347837 0.0980301 0.8009173 0.05757421 
0.06236618 0.09467117 0.8174732 0.02548942 
0.06843259 0.1079349 0.7619267 0.06170576 
0.0874435 0.1600636 0.7342143 0.01827864 
0.04263941 0.1635748 0.7899682 0.003817586 
0.02559681 0.1331371 0.8408201 0.0004459858 
0.01721702 0.1115256 0.8683494 0.002907999 
0.0909113 0.1159324 0.7911279 0.002028429 
0.07369782 0.130263 0.7734143 0.02262488 
0.08845188 0.1240546 0.7657735 0.02172 
0.07018384 0.1210371 0.7968198 0.01195933 
0.01831774 0.1804084 0.7798378 0.02143605 
0.09096711 0.06222329 0.8293113 0.01749825 
0.09837285 0.0967599 0.7930197 0.01184756 
0.04769449 0.1467219 0.7805645 0.02501911 
0.08697846 0.208751 0.7033984 0.0008721873 
0.04106549 0.1408853 0.8153547 0.002694534 
0.06085368 0.1392158 0.792477 0.007453474 
0.05527388 0.2196391 0.7232371 0.001849912 
0.04688907 0.09167298 0.8414649 0.01997305 
0.07494746 0.1206455 0.7687371 0.03566996 
0.04176173 0.1447126 0.7971501 0.01637562 
0.02934539 0.1338381 0.829909 0.006907525 
0.0380501 0.1362625 0.8193969 0.006290468 
0.02223474 0.1055695 0.8692966 0.002899146 
0.02299533 0.1045515 0.8533342 0.01911904 
0.08424669 0.1152865 0.795155 0.005311797 
0.02843429 0.095711 0.8596289 0.01622577 
0.08890087 0.1494215 0.7608776 0.0008000154 
0.04628026 0.09914306 0.7735769 0.08099977 
0.01704652 0.1203459 0.8427559 0.01985165 
0.06708622 0.0817108 0.8445315 0.006671467 
0.02896979 0.1703173 0.7732989 0.02741401 
0.08167071 0.0908664 0.8171294 0.01033354 
0.02723313 0.184533 0.7800911 0.008142726 
0.1033106 0.1271648 0.7628816 0.006643011 
0.06580589 0.08824905 0.8456835 0.0002615976 
0.04039556 0.1544361 0.7654599 0.0397085 
0.07076805 0.1358349 0.787252 0.006145026 
0.04864923 0.1235369 0.8158991 0.01191478 
0.04664965 0.09902263 0.8512167 0.003110982 
0.05058303 0.1069476 0.8422844 0.0001849501 
0.057996 0.108751 0.8208767 0.01237634 
0.1140158 0.132129 0.7276076 0.02624758 
0.06568165 0.1473066 0.7606324 0.02637943 
0.06754182 0.1074391 0.8089142 0.01610483 
0.03288343 0.0978175 0.8500634 0.01923567 
0.04524994 0.1009851 0.8417983 0.01196664 
0.07727629 0.1477197 0.7521434 0.02286063 
0.05272756 0.08475792 0.840985 0.02152954 
0.04129709 0.08702186 0.8509199 0.02076116 
0.006696391 0.08516477 0.7976954 0.1104435 
0.01166501 0.1427247 0.8030756 0.04253466 
0.01109436 0.08840955 0.8321327 0.06836337 
0.005432498 0.2013982 0.7679996 0.02516972 
0.01576955 0.08582714 0.8500256 0.04837774 
0.009973329 0.1348789 0.8239178 0.03122992 
0.01178354 0.1573537 0.7701432 0.06071961 
0.05360357 0.1161904 0.7920428 0.03816317 
0.1377438 0.001612742 0.7971936 0.0634499 
0.1420136 0.005587728 0.7978378 0.05456082 
0.1162075 0.01702366 0.7548053 0.1119636 
0.1461473 0.00872065 0.8111163 0.03401579 
0.1738557 0.005675852 0.7602258 0.06024268 
0.1469305 0.00630237 0.7632961 0.08347102 
0.1065953 0.009971594 0.8369838 0.04644925 
0.1107034 0.01887567 0.7787869 0.09163407 
0.1297591 0.006106924 0.7851843 0.07894974 
0.1196549 0.01873967 0.777492 0.08411342 
0.1652335 0.01707696 0.7508549 0.06683465 
0.1125005 0.003886137 0.8422938 0.04131953 
0.1391548 0.04003243 0.7770687 0.04374409 
0.2226504 0.0008586354 0.7247435 0.05174749 
0.142505 0.02370024 0.795149 0.03864584 
0.1748474 0.00805328 0.7585897 0.0585096 
0.09808077 0.002453571 0.8570504 0.04241528 
0.1447623 0.003904407 0.7851085 0.06622478 
0.1387463 0.01399701 0.7146541 0.1326026 
0.1547025 0.004996441 0.7976006 0.04270043 
0.07722975 0.0407073 0.8041126 0.07795038 
0.1310871 0.001244613 0.83909 0.02857826 
0.1039803 0.000127812 0.8144108 0.08148106 
0.1835602 0.05969195 0.6905825 0.06616533 
0.1472952 0.01051057 0.760523 0.08167126 
0.16126 0.007889446 0.7735715 0.05727909 
0.12909 0.008583583 0.8233246 0.0390019 
0.2074136 0.0144545 0.7024835 0.07564833 
0.1402437 0.009186388 0.8128024 0.03776746 
0.1873766 0.01582481 0.7468242 0.04997438 
0.1479534 0.03681901 0.77637 0.03885762 
0.1246039 0.019874 0.8118199 0.04370222 
0.1188127 0.004891091 0.7842435 0.09205269 
0.07861188 0.03055713 0.8246029 0.06622804 
0.1289123 0.001136285 0.803306 0.06664542 
0.1590931 0.03291329 0.7377991 0.0701945 
0.0734663 0.0104478 0.8610221 0.05506383 
0.1494179 0.002578822 0.8218577 0.0261456 
0.08326759 0.008385469 0.8038452 0.1045018 
0.1522316 0.0009763014 0.7750964 0.07169566 
0.07090144 0.007725268 0.890323 0.03105034 
0.07379284 0.03445825 0.8339409 0.05780801 
0.1184611 0.004845288 0.8309952 0.0456985 
0.09421788 0.06007021 0.7152121 0.1304999 
0.1058957 0.0005542695 0.8163915 0.07715853 
0.1029473 0.0302245 0.8401134 0.02671475 
0.1198167 0.02233618 0.79273 0.06511713 
0.07781965 0.002588307 0.84926 0.070332 
0.149272 0.05272725 0.7822256 0.01577509 
0.1197372 0.03584616 0.8393176 0.005098991 
0.1344729 0.04770464 0.7866169 0.03120554 
0.1418309 0.04529621 0.7904079 0.02246501 
0.1406894 0.01492585 0.8328335 0.0115513 
0.1203631 0.05626245 0.8200411 0.003333289 
0.1361676 0.07355524 0.7627016 0.02757557 
0.09757227 0.0689421 0.832625 0.0008605944 
0.08096992 0.05282879 0.8630646 0.003136711 
0.1271438 0.04712355 0.8190586 0.006674045 
0.122713 0.03144246 0.8360586 0.00978596 
0.08643701 0.03225391 0.8601522 0.02115685 
0.1055953 0.05798639 0.8199638 0.01645453 
0.140209 0.03502646 0.8006469 0.02411764 
0.1019936 0.03139358 0.8361894 0.03042337 
0.1145095 0.09600654 0.7893421 0.0001418319 
0.1397253 0.04689071 0.8125733 0.0008106627 
0.1575103 0.04077273 0.759431 0.04228595 
0.08783447 0.1594038 0.7508298 0.001931974 
0.1281918 0.05399107 0.753435 0.06438218 
0.1603728 0.04318864 0.7780633 0.0183753 
0.121566 0.1039529 0.7621892 0.01229197 
0.1236477 0.08085179 0.7632798 0.03222071 
0.1188701 0.04695376 0.8137963 0.0203799 
0.1388609 0.0404062 0.8090359 0.01169704 
0.2062377 0.03429139 0.7593687 0.0001021976 
0.1290352 0.06987171 0.8010406 5.24222e-05 
0.1294763 0.1335147 0.7199307 0.01707839 
0.1318339 0.06232861 0.8046464 0.001191112 
0.192781 0.0480614 0.7568281 0.002329541 
0.08066365 0.0749347 0.7972965 0.04710517 
0.08261799 0.02744165 0.8487962 0.0411442 
0.1042185 0.05704061 0.8336311 0.0051098 
0.1225094 0.03459568 0.8256155 0.01727942 
0.1151554 0.03802293 0.8173901 0.0294316 
0.1323506 0.06990651 0.7913402 0.00640275 
0.1288657 0.05910973 0.8053613 0.00666325 
0.1236396 0.03329473 0.7941356 0.04893017 
0.164142 0.0522117 0.7582986 0.02534772 
0.08296315 0.0960807 0.7997242 0.02123191 
0.1045676 0.05378669 0.8205923 0.02105341 
0.2020352 0.0808259 0.7159229 0.001216064 
0.127629 0.05618466 0.8028649 0.01332148 
0.09042194 0.05085487 0.8430529 0.01567025 
0.16098 0.03335534 0.8044546 0.001210053 
0.1419412 0.0990485 0.7555487 0.003461615 
0.1008905 0.0714074 0.8202792 0.007422893 
0.1315648 0.05852181 0.8030302 0.006883241 
0.08300281 0.05676316 0.8516659 0.008568127 
0.1229753 0.0713084 0.7677951 0.03792122 
0.1110447 0.03243919 0.852741 0.003775134 
0.09878108 0.09082658 0.7820376 0.02835469 
0.1068206 0.04906168 0.8267711 0.01734664 
0.1296298 0.02028801 0.8467231 0.003359144 
0.1376424 0.06327869 0.7952232 0.003855699 
0.1272998 0.08280236 0.7812002 0.008697691 
0.1256683 0.1020603 0.7538627 0.01840868 
0.08705342 0.04297419 0.8101347 0.05983774 
0.2025199 0.06467574 0.7228558 0.009948575 
0.1146745 0.05183084 0.7929285 0.04056608 
0.1883466 0.03482821 0.7664233 0.0104019 
0.1567208 0.02422216 0.7961658 0.02289128 
0.1436064 0.05449376 0.7888877 0.0130121 
0.1605971 0.05608718 0.7762167 0.007098948 
0.07985915 0.03905815 0.880453 0.0006297125 
0.1457588 0.02731975 0.8233976 0.003523842 
0.1027455 0.06681945 0.8273836 0.003051473 
0.09374032 0.0425641 0.863006 0.000689592 
0.1124603 0.1083524 0.7352839 0.04390343 
0.1357118 0.05702241 0.7754125 0.03185328 
0.05833376 0.07614121 0.8410724 0.02445267 
0.09450503 0.03472702 0.8634217 0.007346278 
0.1406132 0.0257765 0.8101001 0.02351026 
0.1618808 0.05552538 0.7419629 0.04063096 
0.1005259 0.08649908 0.8059127 0.0070623 
0.1538699 0.09353915 0.7256011 0.02698987 
0.07608352 0.07929142 0.8039049 0.04072019 
0.1258968 0.06352236 0.7882853 0.02229552 
0.1200633 0.05891143 0.8162807 0.004744484 
0.1676118 0.1249301 0.7058023 0.001655873 
0.1138626 0.03862902 0.8220717 0.02543663 
0.1187418 0.05513613 0.8177879 0.00833416 
0.0896943 0.04079609 0.853332 0.01617762 
0.09893699 0.03819396 0.8546157 0.008253363 
0.1048444 0.04773803 0.8454966 0.001921044 
0.1349837 0.03989596 0.8234371 0.001683312 
0.1096465 0.05197424 0.8374018 0.0009775262 
0.1640007 0.04707767 0.7791017 0.009819968 
0.1598732 0.07031049 0.7446425 0.02517384 
0.08949697 0.05395897 0.8463886 0.01015546 
0.1147033 0.03111807 0.8471705 0.00700811 
0.138974 0.07827585 0.7691491 0.01360103 
0.1411128 0.04426083 0.8101528 0.004473549 
0.1341895 0.07689597 0.7810526 0.007861938 
0.1238925 0.03358791 0.840324 0.002195577 
0.1332015 0.07105019 0.7901894 0.005558933 
0.1198209 0.03436894 0.8435226 0.0022876 
0.1186662 0.02698517 0.8438936 0.010455 
0.09486409 0.03653387 0.8450388 0.02356322 
0.119341 0.0565793 0.8169549 0.007124751 
0.1283317 0.0505023 0.7915122 0.02965384 
0.1625755 0.02773346 0.7985668 0.01112424 
0.1855812 0.04985191 0.7255159 0.03905098 
0.123639 0.07696712 0.7848272 0.01456671 
0.1557004 0.03723592 0.7847789 0.02228482 
0.1201467 0.02941866 0.8466862 0.003748424 
0.1163696 0.05810683 0.8198843 0.005639233 
0.1314853 0.06264962 0.7975394 0.008325715 
0.1566296 0.02568147 0.7088136 0.1088753 
0.1313316 0.04636657 0.7842012 0.03810066 
0.1689886 0.04570152 0.7769833 0.008326621 
0.09014183 0.02701527 0.8570898 0.02575313 
0.09092244 0.03221194 0.8742264 0.002639257 
0.1938561 0.05204152 0.7329364 0.02116594 
0.1221534 0.06346638 0.8062936 0.008086554 
0.180395 0.0478833 0.7412122 0.03050948 
0.1434633 0.07548031 0.7650015 0.01605491 
0.126553 0.1036502 0.7599862 0.009810682 
0.1167538 0.04356263 0.8332399 0.006443693 
0.1233612 0.07896691 0.7917846 0.005887267 
0.1423009 0.1060197 0.7421644 0.009515021 
0.0866674 0.04763135 0.8199391 0.04576218 
0.1006324 0.08154903 0.8111884 0.006630154 
0.1315996 0.04490436 0.8180433 0.005452673 
0.08414352 0.02554938 0.8526836 0.03762347 
0.1991988 0.05332242 0.7423189 0.005159934 
0.1006227 0.102217 0.7839183 0.013242 
0.1097719 0.05910618 0.8296939 0.001428023 
0.1202992 0.09658475 0.7808736 0.002242481 
0.1014806 0.03884039 0.8554757 0.004203269 
0.1875051 0.02937649 0.7566559 0.02646253 
0.1201837 0.04886393 0.7821454 0.04880689 
0.1321371 0.05815897 0.8059405 0.003763431 
0.08403949 0.05091147 0.8466068 0.01844229 
0.1381684 0.02080535 0.7763564 0.06466985 
0.115733 0.04327945 0.8287086 0.01227896 
0.1117419 0.1064407 0.7564003 0.02541715 
0.1213751 0.03437244 0.8402848 0.00396762 
0.1448391 0.0275445 0.7873754 0.04024101 
0.1234274 0.06258373 0.8042028 0.009786152 
0.113398 0.07609687 0.8082379 0.002267314 
0.1224151 0.1040734 0.7357694 0.03774205 
0.135511 0.02799324 0.8350744 0.001421308 
0.09252118 0.04693561 0.8553619 0.005181348 
0.1693 0.07185639 0.7469751 0.01186851 
0.134215 0.09060069 0.7693562 0.005828156 
0.1137001 0.0329039 0.8318849 0.02151116 
0.094997 0.04577387 0.8012435 0.05798566 
0.1093048 0.05641873 0.8041774 0.03009906 
0.1906108 0.04050725 0.7661845 0.002697433 
0.05239685 0.05750131 0.876886 0.01321582 
0.0899897 0.04471476 0.856623 0.008672572 
0.1564293 0.0508081 0.7767496 0.01601307 
0.1219885 0.06794098 0.8038701 0.006200366 
0.09747911 0.05153994 0.8499129 0.001068083 
0.1237501 0.06524424 0.7875647 0.02344094 
0.05777786 0.07589195 0.8445535 0.02177669 
0.142925 0.06102943 0.7838277 0.01221787 
0.08971804 0.0691345 0.84069 0.0004574382 
0.1538255 0.04308155 0.7929273 0.01016566 
0.1456133 0.07741197 0.7755637 0.001411039 
0.1006216 0.003598331 0.8603435 0.03543657 
