p_1 p_2 p_3 p_4 
0.7006403 0.001345467 0.0007128357 0.2973014 
0.7543535 0.005554955 0.008379186 0.2317124 
0.7575653 0.01359074 0.0008683079 0.2279757 
0.7294408 0.01475271 0.002896379 0.2529101 
0.6768059 0.01229142 0.0004002827 0.3105024 
0.646017 0.0005604518 0.01365368 0.3397688 
0.6680074 0.003826652 0.006377942 0.321788 
0.6666553 0.006192436 0.001000029 0.3261522 
0.7192166 0.001683687 0.03109107 0.2480086 
0.6632504 0.01015543 0.008406056 0.3181881 
0.7368118 0.005512182 0.0144546 0.2432214 
0.7224533 0.008530495 0.004699701 0.2643165 
0.674735 0.007411006 0.001023861 0.3168301 
0.7600128 0.001576451 0.008017799 0.230393 
0.6298067 0.009364838 0.02610968 0.3347187 
0.6712387 0.008448027 0.01209507 0.3082182 
0.6651644 0.001594108 0.02856638 0.3046751 
0.6499365 0.00265997 0.03749594 0.3099076 
0.6689487 0.002291189 0.003707463 0.3250526 
0.7283347 0.006410225 0.01396636 0.2512888 
0.6346428 0.004512112 0.01166413 0.349181 
0.6534494 0.007058069 0.00583433 0.3336582 
0.6501799 0.0005286357 0.00306336 0.3462281 
0.7155356 0.003317743 0.004370885 0.2767757 
0.7486224 0.005057387 0.0007724208 0.2455478 
0.7341424 0.002009677 0.001399861 0.2624481 
0.6778012 0.0024058 0.01328653 0.3065065 
0.7212194 0.0005578535 0.001323664 0.2768991 
0.6400675 0.002671193 0.001932138 0.3553292 
0.6756291 0.006040049 0.008239063 0.3100918 
0.7385812 0.008854154 0.01305268 0.239512 
0.7164386 0.0005257667 0.001915615 0.28112 
0.6863902 0.005291958 0.0003546865 0.3079632 
0.7048755 0.009909045 0.0008651402 0.2843503 
0.5796159 0.002477239 0.008943814 0.408963 
0.6937553 0.01137475 0.015012 0.2798579 
0.6984516 0.008192742 0.003621305 0.2897343 
0.7063162 0.009614459 0.04032729 0.243742 
0.7653352 0.002238059 0.002713977 0.2297128 
0.7028868 0.005798356 0.006068732 0.2852461 
0.7730188 0.0216864 0.0003793923 0.2049154 
0.7279312 0.00297279 0.01412853 0.2549675 
0.7143862 0.0004039108 0.006114753 0.2790951 
0.7219975 0.00810765 0.002074208 0.2678206 
0.6757706 0.009414305 0.00435036 0.3104648 
0.7446831 0.002218828 0.0004777406 0.2526203 
0.7277254 0.004055241 0.005258151 0.2629612 
0.6563017 7.815569e-05 0.003198828 0.3404213 
0.6555647 0.000764787 0.001988056 0.3416825 
0.6685187 0.007766323 0.0135198 0.3101952 
0.6279687 0.003709411 0.004354739 0.3639671 
0.7148203 0.009202204 0.004523172 0.2714543 
0.661296 0.0005856379 0.003125916 0.3349924 
0.7547769 0.00107795 0.009767012 0.2343782 
0.6231683 0.0002227209 0.002543862 0.3740651 
0.6978929 0.01222088 0.00348101 0.2864052 
0.7796367 0.009296026 0.002909058 0.2081582 
0.7021485 0.003608819 0.002411384 0.2918313 
0.7070332 0.01356598 0.03182373 0.2475771 
0.740075 0.01193748 0.0005272798 0.2474603 
0.6656256 0.01169416 0.00417025 0.31851 
0.5564069 0.001952691 0.02329369 0.4183467 
0.6180187 0.01375524 0.0006755723 0.3675505 
0.6956073 0.003617119 0.001023299 0.2997523 
0.661836 0.007018473 0.005980694 0.3251648 
0.6694585 0.002252018 0.0002938577 0.3279957 
0.7745174 0.005542125 0.001740221 0.2182002 
0.7455709 0.006781609 0.002508207 0.2451393 
0.7557167 0.007533822 0.01277502 0.2239744 
0.6056951 0.02628092 0.01196158 0.3560624 
0.7315757 0.0006857282 0.002875218 0.2648634 
0.650085 0.001108136 0.007217711 0.3415892 
0.7511474 0.00178219 0.00732574 0.2397446 
0.6670654 0.002728126 0.002312015 0.3278945 
0.7467499 0.001554774 0.006277504 0.2454178 
0.6857835 0.003095561 0.008973154 0.3021478 
0.6795737 0.007368564 0.002598848 0.3104589 
0.7388864 0.004773453 0.0005019046 0.2558382 
0.6353211 0.007489192 0.002970941 0.3542187 
0.6550115 0.007898596 0.0026411 0.3344489 
0.5891618 0.001807478 0.006888005 0.4021427 
0.6873615 0.005979957 0.003661706 0.3029968 
0.6849294 0.006418871 0.01622807 0.2924237 
0.6803093 0.003146528 0.007716243 0.3088279 
0.7222544 0.003850789 0.001257646 0.2726371 
0.6165487 0.01305153 0.001041111 0.3693587 
0.6393529 0.005723056 0.02315809 0.331766 
0.6866686 0.009218114 0.0008364667 0.3032768 
0.6091094 0.004769098 0.01168043 0.374441 
0.7407948 0.002577393 0.0001932167 0.2564345 
0.6658556 0.0006948095 0.0004951587 0.3329544 
0.6267566 0.004753487 0.004023851 0.3644661 
0.6446404 0.01036421 0.005074343 0.339921 
0.5716197 0.003013234 0.004180064 0.421187 
0.7001309 0.005164721 0.002963482 0.2917409 
0.7415329 0.004639009 0.01002855 0.2437996 
0.7379763 0.0003280119 0.005329089 0.2563666 
0.7506759 0.01505359 0.007606942 0.2266636 
0.8009332 0.01525507 0.0003789596 0.1834327 
0.7392698 0.0001229892 0.002026938 0.2585803 
0.7038726 0.02161321 0.006860503 0.2676537 
0.6967562 0.01804611 0.0006583305 0.2845394 
0.7208078 0.01973819 0.01256112 0.2468929 
0.7142978 0.0058843 0.01275804 0.2670599 
0.7101193 0.005752974 0.004172543 0.2799552 
0.6242914 0.0023775 0.0008721592 0.3724589 
0.6460609 0.0001621977 0.0110106 0.3427663 
0.6051459 0.008146842 0.01515098 0.3715562 
0.6466512 0.01868225 0.01160766 0.3230589 
0.6658417 0.007524266 0.007516004 0.3191181 
0.7664517 0.001884097 0.0004477055 0.2312165 
0.6626602 0.001078559 0.001378331 0.3348829 
0.7048406 0.002412443 0.02276433 0.2699826 
0.7586638 0.01084855 0.01513972 0.215348 
0.7192717 0.003460411 0.0007478455 0.27652 
0.6606872 0.007731464 0.0001655149 0.3314159 
0.6315871 0.002944181 0.002707308 0.3627614 
0.62477 0.001798325 0.002186138 0.3712455 
0.6298409 0.003222269 0.003838074 0.3630988 
0.6665488 0.036418 0.0006883087 0.2963449 
0.757155 0.0002736649 0.002281237 0.2402901 
0.8029969 0.001096198 0.001765215 0.1941417 
0.6870599 0.0006200198 0.01600599 0.2963141 
0.695166 0.007046621 0.006949737 0.2908376 
0.6819655 0.01978629 0.001832998 0.2964152 
0.7255874 0.007375532 0.005154113 0.261883 
0.6407488 0.003553592 0.03430901 0.3213886 
0.6462024 0.004562608 0.002929834 0.3463052 
0.6148759 0.004263766 0.001020287 0.37984 
0.7572652 0.01330404 0.009803559 0.2196272 
0.7286841 0.0087459 0.000513295 0.2620567 
0.7026223 0.001852599 0.002741352 0.2927837 
0.7457368 0.009016552 0.005045252 0.2402014 
0.6382388 0.01377914 0.01394892 0.3340331 
0.6042671 0.02081757 0.0002039626 0.3747114 
0.7117214 0.006705381 0.004448845 0.2771244 
0.7751144 0.007238429 0.000664593 0.2169826 
0.7106007 0.002578808 0.003850542 0.2829699 
0.6877975 0.00194688 0.001170658 0.3090849 
0.6276813 0.01034227 0.02137266 0.3406037 
0.6139881 0.003348078 0.001092334 0.3815715 
0.601327 0.03194102 0.001354034 0.3653779 
0.6328223 0.01399715 0.004794074 0.3483865 
0.7083197 0.0008134018 0.02468351 0.2661834 
0.6802033 0.01440863 0.0002851019 0.3051029 
0.784603 0.0010271 0.003131926 0.211238 
0.7940569 0.006777083 0.007612103 0.1915539 
0.631949 0.02236092 0.01225439 0.3334357 
0.775046 0.00411704 0.001540209 0.2192968 
0.6960608 0.0002067413 0.000438103 0.3032944 
0.655129 0.003095788 0.003927558 0.3378477 
0.6338093 0.01288372 0.004805383 0.3485016 
0.7220164 0.008594766 0.00541735 0.2639715 
0.590625 0.001835107 0.01002137 0.3975185 
0.7463204 0.001288296 0.002751724 0.2496395 
0.7268654 0.001703142 0.01456241 0.256869 
0.7567546 0.001436232 0.005464666 0.2363445 
0.6907033 0.007701255 0.008557469 0.293038 
0.7057406 0.01654773 0.0003069251 0.2774048 
0.665068 0.01043814 0.001598998 0.3228949 
0.6826998 0.008312118 0.007152189 0.3018359 
0.6572258 1.864334e-05 0.001477023 0.3412785 
0.7269369 0.01681356 0.006609526 0.2496401 
0.6546159 0.001127218 0.007904449 0.3363524 
0.773671 0.01618906 0.007986615 0.2021533 
0.7140611 0.006271664 0.0006320584 0.2790352 
0.6124963 0.01800197 0.01279952 0.3567022 
0.649682 0.0004431063 0.004854827 0.3450201 
0.6301948 0.03712385 0.02449649 0.3081849 
0.6202781 0.003824366 0.0261442 0.3497533 
0.7052833 0.006587631 0.008016595 0.2801125 
0.7308054 0.01315291 0.0002140902 0.2558276 
0.6642805 0.00151907 0.003080649 0.3311198 
0.7106076 0.01211991 0.002709152 0.2745633 
0.7030826 0.002835717 0.001820773 0.2922609 
0.7050102 0.004035199 0.00488147 0.2860731 
0.7242667 0.006809797 0.001574705 0.2673488 
0.6933877 0.001172749 0.003263409 0.3021761 
0.7195689 0.009984435 0.006798388 0.2636482 
0.7121299 0.01425335 0.02692536 0.2466914 
0.7360368 0.001074165 0.002531521 0.2603575 
0.671059 0.0007935619 0.002934299 0.3252132 
0.5854093 0.001144117 0.006094669 0.4073519 
0.536162 0.009781909 0.008160971 0.4458951 
0.6178589 0.0003177979 0.007985218 0.3738381 
0.6759321 0.008659343 0.01720647 0.2982021 
0.7312995 0.007100462 0.01283029 0.2487697 
0.7540182 0.003567414 0.03367648 0.2087379 
0.6678247 0.001561182 0.001565319 0.3290488 
0.7098067 0.002603394 0.0005847043 0.2870052 
0.6724991 0.0003813471 0.004523878 0.3225957 
0.6757576 0.007025783 0.009769624 0.307447 
0.7063925 0.004585866 0.001426469 0.2875952 
0.7029362 0.001462299 0.01231565 0.2832858 
0.6143705 0.0003371526 0.0164201 0.3688722 
0.6878394 0.003004801 0.005081234 0.3040746 
0.6416608 0.002744096 0.0145871 0.341008 
0.6425027 0.00214089 0.00116772 0.3541887 
0.5978605 0.0007491679 0.0155545 0.3858358 
0.7128203 0.03126928 0.003940969 0.2519695 
0.6883784 0.01325748 0.002225189 0.2961389 
0.7222979 0.007231863 0.0003313791 0.2701388 
0.7000525 0.001935766 0.009259346 0.2887524 
0.7224193 0.02236285 0.001119723 0.2540981 
0.6093034 0.01643929 0.005878536 0.3683787 
0.7234436 0.005200675 0.002525839 0.2688299 
0.7850344 0.001613653 0.01785663 0.1954953 
0.6667541 0.0253093 0.006812371 0.3011242 
0.6959955 0.009999507 0.01945353 0.2745514 
0.7135831 0.008511334 0.0184396 0.259466 
0.7845987 0.0009025575 0.005527281 0.2089715 
0.6999239 0.0201148 0.01480344 0.2651579 
0.6833971 0.007739302 0.002609112 0.3062544 
0.6174856 0.004669036 0.001195271 0.3766501 
0.698056 0.001982486 0.01505412 0.2849074 
0.6344597 0.0002082151 0.01679685 0.3485353 
0.6263638 0.005673313 0.001644494 0.3663184 
0.6333829 0.02734425 0.00702395 0.3322489 
0.6730779 0.001271443 0.01261872 0.3130319 
0.5067724 0.009286085 0.0009391881 0.4830023 
0.7161786 0.01078724 0.002728154 0.270306 
0.716852 0.004544994 0.002340963 0.2762621 
0.6666515 0.006045704 0.003816733 0.323486 
0.6759268 0.0003672363 0.01058685 0.3131191 
0.6887256 0.0040513 0.005561567 0.3016615 
0.7403061 0.009533313 0.00087312 0.2492875 
0.7289793 0.002170317 0.004648781 0.2642016 
0.7125724 0.001299998 0.04417431 0.2419533 
0.6873924 0.001811418 0.006079447 0.3047167 
0.7646541 5.867548e-05 0.0001437951 0.2351435 
0.6904025 0.001098362 0.006351853 0.3021473 
0.7055786 0.02280992 0.001057715 0.2705538 
0.6423745 0.0229338 0.00125087 0.3334408 
0.7238075 0.0005407404 0.002715616 0.2729362 
0.7103522 0.00133999 0.02192055 0.2663873 
0.6752318 0.03318594 0.007023599 0.2845587 
0.6760049 0.01849913 0.003831223 0.3016647 
0.71578 0.001744894 0.002758692 0.2797164 
0.6511349 0.01638976 0.01394954 0.3185258 
0.6954357 0.0208014 0.005961875 0.2778011 
0.7037311 0.03333754 0.001131218 0.2618001 
0.8013928 3.131591e-05 0.006142468 0.1924334 
0.7014135 0.0318018 0.0005106878 0.266274 
0.6189636 0.01582869 0.007746593 0.3574611 
0.5880561 0.002243134 0.01029892 0.3994019 
0.7390647 0.002185077 0.006152991 0.2525972 
0.5707686 0.02297995 0.004318551 0.4019329 
0.7185552 0.002639925 0.009590259 0.2692146 
0.6844021 0.001015291 0.001196916 0.3133856 
0.7255254 5.547375e-05 0.001700538 0.2727186 
0.7550168 0.01284956 0.0002868895 0.2318467 
0.6852757 0.005876083 0.02291156 0.2859367 
0.6763994 0.0004628698 0.002684223 0.3204535 
0.6746689 0.01722685 0.001739238 0.306365 
0.6435296 0.003125202 0.006478558 0.3468666 
0.5752434 0.008700948 0.002256572 0.4137991 
0.720629 0.02100864 0.007382064 0.2509803 
0.6867151 0.002872513 0.004428021 0.3059844 
0.655956 0.004311589 0.02095469 0.3187778 
0.7167641 0.01210572 0.000778278 0.2703519 
0.752378 0.01016767 0.0007840924 0.2366702 
0.7189708 0.01168734 0.0005643129 0.2687776 
0.6919213 0.007545951 0.004927325 0.2956054 
0.7047263 0.003691305 0.006790528 0.2847919 
0.6963171 0.002278021 0.01461257 0.2867923 
0.5365529 0.00202857 0.001651774 0.4597668 
0.6727688 0.009606958 0.004556694 0.3130675 
0.7489772 0.0149746 0.0001606243 0.2358876 
0.7153661 0.01161535 0.01805297 0.2549656 
0.6081025 0.00104393 3.83621e-05 0.3908152 
0.743346 0.01722495 0.01061599 0.2288131 
0.6582264 0.0176044 0.01336931 0.3107999 
0.6516399 0.005114283 0.008461175 0.3347846 
0.7311235 0.003740983 0.01755517 0.2475804 
0.7797504 0.006847407 0.01106168 0.2023405 
0.7250695 0.0208495 0.008741892 0.2453391 
0.6944064 0.008759596 0.002091997 0.294742 
0.7426015 0.008590742 2.880134e-05 0.248779 
0.7103404 0.004602427 0.02414582 0.2609113 
0.4952353 0.009608345 0.01826262 0.4768938 
0.6422185 0.008769195 0.001123655 0.3478887 
0.7008223 0.0007327389 0.01132353 0.2871214 
0.6316849 0.01103149 0.01220014 0.3450835 
0.7070476 0.003079056 0.005815091 0.2840582 
0.7030897 0.008265333 0.0007574263 0.2878876 
0.8142198 0.002173279 0.00936148 0.1742454 
0.6914828 0.0007561897 0.008507649 0.2992534 
0.5707073 0.00886787 0.0009881721 0.4194366 
0.7015747 0.02372178 0.006491678 0.2682119 
0.6022664 0.006450258 0.0005177661 0.3907656 
0.6939719 0.0008840844 0.003051947 0.3020921 
0.7135353 0.0009056894 0.001044295 0.2845147 
0.720809 0.02307564 0.0001088663 0.2560065 
0.6424654 0.0202554 0.003723467 0.3335557 
0.580783 0.000684545 0.001464593 0.4170679 
0.6441031 0.004291073 0.0037986 0.3478072 
0.724029 0.00368585 0.003346413 0.2689387 
0.5966157 0.00219964 0.02642361 0.3747611 
0.7189947 0.002392985 0.002009409 0.2766029 
0.6378966 0.007383288 0.004261631 0.3504585 
0.7322413 0.006611985 0.00142044 0.2597263 
0.7554622 0.004636105 0.03053801 0.2093637 
0.6343513 0.02121417 0.001753161 0.3426814 
0.6602335 0.001795833 0.0006441252 0.3373266 
0.6416501 0.007975209 0.007768158 0.3426065 
0.6879671 4.308286e-05 0.007997712 0.3039921 
0.7726052 0.004317269 0.01746201 0.2056156 
0.570271 0.01545604 0.009107928 0.4051651 
0.7037953 0.00349395 0.003003473 0.2897073 
0.6020214 0.0156437 0.002909265 0.3794257 
0.6273784 0.004084546 0.02987033 0.3386668 
0.7126878 0.01273559 0.00206281 0.2725138 
0.6241472 0.0001955437 0.004781434 0.3708758 
0.7310167 0.006701415 0.004540267 0.2577416 
0.7563311 0.01287576 0.002958377 0.2278347 
0.6628812 0.004266533 0.003240441 0.3296118 
0.7068193 0.005532673 0.008603506 0.2790445 
0.7361095 0.003027757 0.006754153 0.2541086 
0.6874725 0.0002820482 0.00097873 0.3112667 
0.666453 0.003325006 0.0005694319 0.3296526 
0.5910394 0.005463992 0.002108047 0.4013886 
0.7170578 0.01079026 0.00296511 0.2691868 
0.7122377 0.007126282 0.004847557 0.2757884 
0.715066 0.004999293 0.002462792 0.2774719 
0.7006605 0.002502782 0.0138583 0.2829785 
0.6961878 0.003032257 0.03061538 0.2701646 
0.7831427 0.01389782 0.005058368 0.1979012 
0.6719449 0.002493958 0.003044522 0.3225167 
0.7609745 0.001316467 0.004382219 0.2333269 
0.6583924 0.000284056 0.002753304 0.3385702 
0.7505761 0.006550917 0.0004323355 0.2424406 
0.5902521 0.03247042 0.005848834 0.3714286 
0.7057513 0.006869146 0.002259761 0.2851198 
0.700789 0.003872333 0.002258429 0.2930802 
0.6465937 0.01308306 0.002984247 0.337339 
0.629645 0.02502798 0.005070862 0.3402561 
0.6512328 0.004619402 0.002496528 0.3416512 
0.7145602 0.0008797983 0.001236092 0.2833239 
0.6861771 0.002917909 0.000201362 0.3107036 
0.6319499 0.01177105 0.005572505 0.3507065 
0.7157608 0.004457417 0.0009589031 0.2788228 
0.7059495 0.004607327 0.0005566812 0.2888865 
0.6489989 0.0005351728 0.002868348 0.3475976 
0.5810687 0.04564944 0.01924451 0.3540373 
0.6980813 0.004147524 0.020538 0.2772332 
0.7176756 0.004877362 0.004777908 0.2726691 
0.7527571 0.005560893 0.002011098 0.2396709 
0.672453 0.005789329 0.004140846 0.3176168 
0.6821562 0.007652711 1.342996e-05 0.3101777 
0.7343853 0.009626964 0.004998959 0.2509888 
0.6362914 0.005699971 0.02994503 0.3280636 
0.5946582 0.005017826 0.004629056 0.3956949 
0.6152287 0.01412734 0.005032621 0.3656113 
0.6937239 0.006157541 0.02683644 0.2732821 
0.7221057 0.003805616 0.002223617 0.2718651 
0.6902023 0.003959721 0.01117883 0.2946591 
0.7310079 0.0002081047 3.38641e-05 0.2687502 
0.7551147 0.00254638 0.04221343 0.2001255 
0.7253741 0.007319599 0.0205274 0.246779 
0.6282905 0.01083612 0.021594 0.3392794 
0.7331898 0.003780716 0.008851487 0.254178 
0.6745682 0.01018744 0.01081531 0.3044291 
0.6319903 0.001523009 0.008831673 0.357655 
0.6447554 0.0008214827 0.006390059 0.348033 
0.6575809 0.007274048 0.007019976 0.328125 
0.6858315 0.001067402 0.004230583 0.3088705 
0.6164715 0.009250796 0.004040955 0.3702367 
0.685277 0.001280095 0.007558565 0.3058843 
0.6863893 0.01203866 0.003128082 0.298444 
0.6282397 0.004005853 0.000348033 0.3674064 
0.6390451 0.02569765 0.03669571 0.2985616 
0.7124823 0.01984737 0.006044536 0.2616258 
0.7039237 0.003937522 0.00178839 0.2903504 
0.7430856 0.0003663802 0.001946293 0.2546017 
0.6990184 0.0001976612 0.01691077 0.2838732 
0.8065952 0.007724791 0.001685527 0.1839945 
0.7339659 0.009216896 0.01994646 0.2368708 
0.6978401 0.003188793 0.003383826 0.2955873 
0.6814291 0.02859429 0.002041793 0.2879348 
0.6417377 0.002005004 0.01266989 0.3435874 
0.6653339 0.00344619 0.01142185 0.319798 
0.7307581 0.001471443 0.000427165 0.2673432 
0.6410835 0.04503506 0.001546891 0.3123345 
0.6866773 0.003670237 0.003812902 0.3058396 
0.705952 0.003598726 0.002720388 0.2877289 
0.7056308 0.00430234 0.007492525 0.2825743 
0.6093461 0.001034815 0.006802371 0.3828167 
0.6556535 0.003650305 0.005974747 0.3347215 
0.5622406 0.009373868 0.001545467 0.4268401 
0.6504752 0.0002499714 0.02802526 0.3212496 
0.6699036 0.00297673 0.01381457 0.3133051 
0.6646624 0.01401539 0.01414019 0.307182 
0.7571444 0.008300896 0.01527002 0.2192847 
0.714983 0.005009268 0.001446042 0.2785617 
0.714558 0.007292839 0.001602487 0.2765467 
0.6944675 0.01064387 0.005074721 0.2898139 
0.7285242 0.008883603 0.001057096 0.2615351 
0.6354618 0.005325892 0.01445464 0.3447577 
0.766102 0.003466872 0.01037566 0.2200555 
0.5787653 0.02015694 0.001708345 0.3993694 
0.6779047 0.006037904 0.004847715 0.3112097 
0.7773111 0.01202393 0.003821774 0.2068432 
0.7653422 0.009338919 0.000628143 0.2246907 
0.6713566 0.01879781 0.00567748 0.3041681 
0.6705571 0.008665114 0.001877507 0.3189003 
0.7069697 0.001597426 0.0008088859 0.290624 
0.6378472 0.0004849417 0.003553268 0.3581146 
0.6261196 0.0004165702 0.001402252 0.3720616 
0.717403 0.0002098618 0.01800558 0.2643816 
0.6512344 0.006068154 0.01552078 0.3271767 
0.5789797 0.001619661 0.0303816 0.3890191 
0.6728863 0.00604762 0.009984812 0.3110812 
0.5831232 0.00800163 0.02407804 0.3847971 
0.6702174 0.008780719 0.008807413 0.3121944 
0.6450803 0.02298754 0.002714165 0.329218 
0.7026198 0.007931761 0.002473101 0.2869754 
0.7406452 0.0009704049 0.006619318 0.2517651 
0.6681468 0.0007290225 0.01239189 0.3187322 
0.7161137 0.002803691 0.001868451 0.2792142 
0.649185 0.0295431 0.003694697 0.3175772 
0.6995085 0.002872019 0.002043675 0.2955758 
0.7333472 0.01005945 0.0004643998 0.2561289 
0.7027723 0.01153847 0.003367993 0.2823212 
0.6826676 0.001432041 0.005739017 0.3101613 
0.6730216 0.005627102 0.01781388 0.3035374 
0.6451713 0.008173966 0.007292215 0.3393625 
0.7516156 0.0005153606 5.615812e-05 0.2478129 
0.6746893 0.001307055 0.003114781 0.3208889 
0.6826297 0.006918677 0.006553364 0.3038983 
0.7413829 0.003824151 0.008578476 0.2462145 
0.7095967 0.002327008 0.002174249 0.2859021 
0.6814373 0.00512928 0.01632984 0.2971036 
0.7575138 0.002292087 0.008539011 0.2316551 
0.7265368 0.004569448 0.004025506 0.2648683 
0.7080329 0.01224696 0.007119575 0.2726006 
0.6573475 0.007024737 0.002999465 0.3326283 
0.7603391 0.0001688573 0.01600506 0.223487 
0.7017486 0.001826242 0.01648905 0.2799361 
0.6756 0.004672476 0.001820825 0.3179067 
0.6515779 0.003081595 0.001380362 0.3439601 
0.7040774 0.005838766 0.01128543 0.2787984 
0.6282193 0.007732933 0.003295451 0.3607523 
0.7382186 0.00658006 0.01066364 0.2445377 
0.6594318 0.000389613 0.0006738567 0.3395047 
0.6961116 0.003072085 0.00357612 0.2972402 
0.6775031 0.002108751 0.004506332 0.3158818 
0.7892248 0.01073884 0.001755142 0.1982812 
0.7070083 0.006931265 0.001169356 0.2848911 
0.7114739 0.005265724 8.547769e-05 0.2831749 
0.7428091 0.005531537 0.003100838 0.2485586 
0.682544 0.009251129 0.002097051 0.3061078 
0.8444322 0.007602754 0.006255404 0.1417096 
0.6645961 0.0003905576 0.002107794 0.3329055 
0.7538135 0.0116541 0.002932793 0.2315996 
0.6750805 0.01843641 0.01116687 0.2953162 
0.7240632 0.0003486531 0.004389485 0.2711986 
0.7572325 0.01257694 0.0003768635 0.2298137 
0.5623844 0.0008434883 0.0009832831 0.4357889 
0.7316101 0.004009985 0.006958279 0.2574216 
0.6932677 0.007124908 0.0006034262 0.2990039 
0.7470831 0.002704536 0.004465856 0.2457465 
0.6558571 0.004077435 0.002047053 0.3380184 
0.5937312 0.005122281 0.001234446 0.3999121 
0.7324625 0.003761068 0.00759268 0.2561837 
0.632752 0.03087004 0.01251863 0.3238593 
0.5777015 0.01363988 0.003870575 0.404788 
0.8056569 0.0059456 0.0006324655 0.1877651 
0.6999404 0.001905435 0.041633 0.2565211 
0.6632371 0.001847137 0.03473078 0.300185 
0.6273067 0.009690782 0.0005363693 0.3624662 
0.5829233 0.02175841 0.0004559521 0.3948623 
0.7377584 0.009069273 0.003349986 0.2498224 
0.6749996 0.002971499 0.003820397 0.3182085 
0.6406202 0.01588445 0.008578745 0.3349166 
0.6482162 0.01944137 0.01304383 0.3192986 
0.7027058 0.003119266 0.0006608856 0.293514 
0.6742526 0.00526036 0.01143155 0.3090555 
0.6744791 0.003727957 0.0009372662 0.3208557 
0.711504 0.002335695 0.002052348 0.2841079 
0.6997538 0.0251645 0.003774233 0.2713075 
0.6813742 0.0003605754 0.04073537 0.2775299 
0.7031136 0.006715439 0.003426304 0.2867447 
0.6640189 0.01331099 0.001860484 0.3208096 
0.736168 0.0005712316 0.007165345 0.2560954 
0.6701531 0.01229634 0.00125164 0.3162989 
0.6580037 0.01046787 0.006765314 0.3247631 
0.6825303 0.004871637 0.01177416 0.3008239 
0.6523455 0.001182906 0.004378369 0.3420933 
0.6677013 0.001863696 0.01105364 0.3193813 
0.6848879 0.01402464 0.01250041 0.288587 
0.7509123 0.000996761 0.0001311716 0.2479598 
0.7116284 0.00656318 0.01257032 0.2692381 
0.5843931 0.003343665 0.004917325 0.4073459 
0.7383784 0.025083 0.0008985733 0.23564 
0.6747025 0.006114765 0.002151548 0.3170312 
0.6811695 0.001114071 0.01860733 0.2991091 
0.6415141 0.009238874 0.01167242 0.3375746 
0.7278334 0.007366255 0.007641676 0.2571586 
0.5867758 0.007595238 0.0274358 0.3781932 
0.6082001 0.002267582 0.0003851328 0.3891472 
0.6977043 0.006381261 0.003383917 0.2925305 
0.6665277 0.01150403 0.01019038 0.3117779 
0.6088587 0.01007603 0.002872774 0.3781925 
0.6196308 0.008477215 0.007691706 0.3642003 
0.7292412 0.005058686 0.01058977 0.2551103 
0.6772621 0.00645045 0.005748252 0.3105392 
0.7474555 0.007972396 0.005825373 0.2387467 
0.7380849 0.00961567 0.0009955797 0.2513039 
0.621072 0.01081033 0.002192593 0.3659251 
0.6715499 0.00989613 0.001056705 0.3174973 
0.681609 0.00473075 0.00398538 0.3096749 
0.6314956 0.006458156 0.006461151 0.3555851 
0.630395 0.001489093 0.002359878 0.365756 
0.6919015 0.007911602 0.005899679 0.2942872 
0.7715458 0.02848414 0.00112178 0.1988483 
0.6179759 0.001589347 0.007911766 0.3725229 
0.703495 0.000802188 0.0009704971 0.2947323 
0.7046743 0.001859744 0.002240295 0.2912256 
0.7091494 0.003426849 0.003900039 0.2835237 
0.7502392 0.00178739 0.01706746 0.230906 
0.6886088 0.007935582 0.008550594 0.294905 
0.7788668 0.007821118 0.002512245 0.2107998 
0.6993132 0.01972927 0.003175758 0.2777817 
0.7419916 0.01028747 0.02615131 0.2215696 
0.730798 0.0004148315 0.01224353 0.2565436 
0.6805731 0.0007093413 0.0007705251 0.317947 
0.6251683 0.003826231 0.00135929 0.3696462 
0.7682171 0.004340805 0.006322544 0.2211196 
0.6762181 2.276288e-05 0.0003434387 0.3234157 
0.6656685 0.01360256 0.01691534 0.3038136 
0.6252476 0.002830384 0.01952489 0.3523971 
0.6859841 0.006165399 0.003068008 0.3047824 
0.5858855 0.002441436 7.322625e-06 0.4116657 
0.679003 0.006584337 0.006046008 0.3083667 
0.744452 0.03366779 0.00671475 0.2151655 
0.7453496 0.006480516 0.006128753 0.2420411 
0.5699664 0.003212691 0.00274673 0.4240741 
0.6188017 0.002534134 0.004879568 0.3737846 
0.662445 0.002357149 0.01353997 0.3216579 
0.6719171 0.01909083 0.008503025 0.300489 
0.7095996 0.004862568 0.001605834 0.283932 
0.6339554 0.01183212 0.007818815 0.3463937 
0.5911268 0.003820359 0.01008394 0.3949689 
0.6673029 0.01248038 0.02037534 0.2998413 
0.607238 0.003453642 0.01155412 0.3777543 
0.7772358 0.003866511 0.001322569 0.2175751 
0.6386538 0.01151641 0.01267617 0.3371537 
0.6667172 0.01251056 0.01579442 0.3049779 
0.6443537 0.008336647 0.01097245 0.3363372 
0.7565478 0.0003599067 0.001872156 0.2412201 
0.6899766 0.005528342 0.01446478 0.2900302 
0.738523 0.002857521 0.009775952 0.2488435 
0.6862481 0.003895123 0.01958861 0.2902682 
0.6367525 0.009327357 0.00128128 0.3526388 
0.6610521 0.0004497777 0.007368026 0.3311301 
0.7280946 0.001824949 0.001764649 0.2683158 
0.6326085 0.005503943 0.008497489 0.3533901 
0.6559921 0.001210263 0.0006572298 0.3421404 
0.6713953 0.0002685912 0.02915515 0.2991809 
0.5656164 0.001762785 0.02199513 0.4106257 
0.6966357 0.004196959 0.01397903 0.2851883 
0.7861184 0.008411825 0.005482347 0.1999875 
0.6680527 0.0002084157 0.0001236723 0.3316152 
0.6815898 0.008334353 0.004158913 0.3059169 
0.7228893 0.001604419 0.002947816 0.2725585 
0.6974427 0.001717978 0.005879819 0.2949595 
0.660326 0.004300715 0.009785339 0.3255879 
0.8277104 0.006926259 0.03516892 0.1301944 
0.7332052 0.006208096 0.001670076 0.2589167 
0.7443085 0.005394708 0.001642289 0.2486545 
0.7220655 0.01238577 0.00108803 0.2644606 
0.7490898 0.007614584 0.01110637 0.2321893 
0.6712724 0.001420208 0.003818354 0.323489 
0.570242 0.05283441 0.005632547 0.3712911 
0.7189821 0.003606261 0.002359843 0.2750518 
0.6750012 0.003332215 0.001742942 0.3199237 
0.7147666 0.002114494 0.01046886 0.27265 
0.6888359 0.007915482 0.01016717 0.2930815 
0.7153959 0.002494877 0.001081652 0.2810275 
0.6480959 0.002725989 0.002824648 0.3463535 
0.7166891 0.000233692 0.003356167 0.279721 
0.5467649 0.008615187 0.0003461689 0.4442738 
0.727078 0.001312415 0.004600628 0.2670089 
0.6983232 0.0046455 0.003764997 0.2932663 
0.6552759 0.01929244 0.009659149 0.3157725 
0.6589991 0.001466013 0.01977268 0.3197622 
0.6657923 9.224203e-06 0.007533413 0.326665 
0.6562377 0.006149494 0.02925646 0.3083563 
0.5811159 0.01936429 0.007136441 0.3923834 
0.7488514 0.03357894 0.002989574 0.21458 
0.7430044 0.01064042 0.003690925 0.2426642 
0.7527441 0.001162798 0.007013089 0.23908 
0.5885313 0.004800714 0.005854983 0.400813 
0.6118146 0.03195594 0.008175269 0.3480541 
0.6756603 0.004224307 0.00121201 0.3189034 
0.7451003 0.002372483 0.0005922464 0.251935 
0.6924225 0.01610042 0.007637262 0.2838398 
0.6769883 0.0003704382 0.007347194 0.315294 
0.6817555 0.007214846 0.001093954 0.3099357 
0.6012736 0.005117361 0.007364738 0.3862443 
0.7592418 0.004969135 0.001989542 0.2337995 
0.6487345 0.001619754 6.646616e-05 0.3495793 
0.7358827 0.008625392 0.0004288782 0.255063 
0.74345 0.0009292975 0.002924621 0.252696 
0.6473788 0.01210525 0.01504208 0.3254739 
0.6932103 0.001300618 0.007623374 0.2978657 
0.6537282 0.007924089 0.004019863 0.3343278 
0.7599678 0.01191092 0.01451911 0.2136022 
0.7417328 0.001794551 0.0004285015 0.2560441 
0.7108445 0.03694251 0.005845985 0.246367 
0.7360452 0.009236699 0.002446681 0.2522714 
0.6259245 0.01558355 0.01864694 0.339845 
0.7309798 0.009411447 0.001284396 0.2583243 
0.6595651 0.005045119 0.0009190444 0.3344708 
0.7620601 0.0004073609 0.006723027 0.2308095 
0.7264632 0.001854493 0.007524172 0.2641581 
0.625398 0.000966311 0.0004946621 0.373141 
0.6669194 0.003384054 0.02974947 0.2999471 
0.6502058 0.002204724 0.000777476 0.346812 
0.7011194 0.00344333 0.0006165136 0.2948207 
0.7016972 0.01465989 0.008484104 0.2751588 
0.7592893 0.001450216 0.004865375 0.2343951 
0.6485551 0.001496656 0.00903986 0.3409083 
0.7686833 0.005094794 0.001220865 0.225001 
0.6490847 0.002396786 0.00390133 0.3446172 
0.7087485 0.02653921 0.001344667 0.2633677 
0.7482834 0.01706766 0.007661909 0.2269871 
0.6522311 0.008768487 0.005255994 0.3337444 
0.7402976 0.001750493 0.001960974 0.2559909 
0.6896686 0.0001655384 0.002781928 0.3073839 
0.7142376 0.007739663 0.001155204 0.2768675 
0.5626293 0.004812735 0.03505947 0.3974985 
0.6717782 0.004219833 0.00639565 0.3176063 
0.7682948 0.003568072 0.0152033 0.2129339 
0.654842 0.00499757 0.00384543 0.336315 
0.7079325 0.001040903 0.01991424 0.2711124 
0.7062981 0.005428668 0.001714832 0.2865584 
0.6311539 0.0009261598 0.01017098 0.357749 
0.6196439 0.001238036 0.01636853 0.3627496 
0.6866383 0.001230038 0.001818496 0.3103132 
0.7420559 0.0006823818 0.001848668 0.2554131 
0.6299932 0.003917667 0.003724894 0.3623642 
0.7296916 0.004140702 0.003842608 0.2623251 
0.7281586 0.003742079 0.00990876 0.2581905 
0.6415618 0.004463817 0.0006946419 0.3532798 
0.7182978 0.002130976 0.01298273 0.2665885 
0.7024998 0.002418857 0.0004040099 0.2946773 
0.6631132 0.01197285 0.00532165 0.3195923 
0.6964139 6.673413e-05 0.004113059 0.2994063 
0.6755427 0.009412272 0.009391837 0.3056532 
0.6634615 0.008898258 0.005748689 0.3218915 
0.6492048 0.001212235 0.0004091185 0.3491738 
0.7128405 0.002335363 0.01244354 0.2723806 
0.7029906 0.002611985 0.006914976 0.2874824 
0.6476149 0.002833964 0.003923827 0.3456273 
0.6630136 0.002441073 0.02770868 0.3068366 
0.71086 0.005713791 0.002049205 0.281377 
0.6950864 0.006838059 0.01060343 0.2874722 
0.6365885 0.001922302 0.0008468649 0.3606423 
0.7569068 0.004828321 0.01545601 0.2228088 
0.6674526 0.003102418 0.01437512 0.3150699 
0.6858445 0.0002116625 0.01925318 0.2946907 
0.7014547 0.006654855 0.001055113 0.2908353 
0.7166762 0.001250273 0.007405863 0.2746677 
0.7311875 0.008161803 0.004368858 0.2562818 
0.7750502 0.007520612 0.0001039621 0.2173252 
0.7022137 0.00245162 0.00488891 0.2904457 
0.655917 0.002151874 0.004699675 0.3372314 
0.6803663 0.0009651611 0.0007978802 0.3178707 
0.6855299 0.00912461 0.002117358 0.3032281 
0.5958036 0.0006379343 0.005579497 0.3979789 
0.6602836 0.002379148 0.002379195 0.3349581 
0.670799 0.02108614 0.002494237 0.3056207 
0.6601205 0.00180343 0.005980053 0.332096 
0.7549586 0.002917661 0.003842465 0.2382813 
0.6862452 0.006849252 0.0006743279 0.3062312 
0.7343643 0.008719566 0.003418172 0.253498 
0.7249498 0.01202876 0.0003780808 0.2626433 
0.6126074 0.01032654 0.008641683 0.3684243 
0.6921296 0.008577775 0.007537325 0.2917553 
0.5650828 0.01068824 0.002995548 0.4212335 
0.648146 0.003514673 0.001844546 0.3464948 
0.6969611 0.005048814 0.01347836 0.2845117 
0.6519662 0.02419259 0.001588122 0.3222531 
0.6468301 0.009476001 0.0002985754 0.3433953 
0.6925114 0.003239257 0.005889662 0.2983597 
0.6555377 0.007466146 0.007265121 0.3297311 
0.6596634 0.002678488 0.02296696 0.3146912 
0.7032773 0.006874641 0.0002956348 0.2895524 
0.7291759 0.01251018 0.008405749 0.2499081 
0.6370768 0.0003259511 0.002244878 0.3603524 
0.7001962 0.004211456 0.01031625 0.2852761 
0.773116 0.01871898 0.00836856 0.1997965 
0.681451 0.01010495 0.006495155 0.3019489 
0.7586346 1.520983e-05 0.01621797 0.2251322 
0.7453472 0.01064282 0.01066227 0.2333477 
0.7703232 0.0009480022 0.007990273 0.2207386 
0.7390045 0.00207391 0.0003507779 0.2585708 
0.6637614 0.01253158 0.01020764 0.3134994 
0.7583263 0.01178217 0.01420901 0.2156825 
0.7936074 0.0004240173 0.001953293 0.2040152 
0.645239 0.006201444 0.002055545 0.346504 
0.6687007 0.01067486 0.008767684 0.3118568 
0.7214003 0.007916227 0.002869579 0.2678139 
0.7065213 0.003826864 0.02575962 0.2638922 
0.6696893 0.01825488 0.01716179 0.294894 
0.646488 0.006977123 0.003428714 0.3431062 
0.6650944 0.0001505374 0.00688867 0.3278664 
0.6696608 0.001903549 0.000108794 0.3283269 
0.6543881 0.01419025 0.002777583 0.3286441 
0.7039682 0.0283029 0.01437843 0.2533504 
0.6189083 0.01335901 0.004466079 0.3632666 
0.5356893 0.003960686 0.008848128 0.4515019 
0.6711666 0.001818289 0.006684488 0.3203306 
0.6637115 0.01954314 0.006269839 0.3104755 
0.7349947 0.01790073 0.00322791 0.2438767 
0.7477319 0.005491242 0.003875766 0.2429011 
0.7333711 0.01555646 0.01084142 0.240231 
0.745139 0.001030234 0.009864989 0.2439658 
0.6019485 0.01011036 0.01656076 0.3713803 
0.6887739 0.0003595253 0.0007538168 0.3101128 
0.5835893 0.001228881 0.003462129 0.4117197 
0.8096803 0.0001150582 8.079001e-05 0.1901239 
0.6598588 0.001972409 0.01799762 0.3201711 
0.6329078 0.004549506 0.0007684483 0.3617742 
0.6423731 0.0005967291 0.005453508 0.3515766 
0.7477572 0.0002239906 0.001494544 0.2505242 
0.7088798 0.006338049 0.004692331 0.2800898 
0.6655143 0.01555747 0.001952552 0.3169756 
0.6712306 0.0121115 0.0082983 0.3083596 
0.6759939 0.0118034 0.001111183 0.3110915 
0.6506245 0.01567059 0.007720143 0.3259848 
0.7922262 0.008395718 0.0007318166 0.1986462 
0.6459003 0.00103971 0.005482961 0.347577 
0.7572665 0.005268984 0.0008187536 0.2366457 
0.7684686 0.005579818 0.0003993759 0.2255522 
0.7123388 0.003966952 0.002247783 0.2814465 
0.6966229 0.005128277 0.001047988 0.2972008 
0.6983549 0.00128756 0.009283386 0.2910742 
0.6707396 0.001559548 0.02146177 0.3062391 
0.7061211 0.002104072 0.001751407 0.2900235 
0.7423492 0.0001438904 0.01002466 0.2474823 
0.6753699 0.007734758 0.002136444 0.3147589 
0.6894814 0.0009599677 0.0006163607 0.3089423 
0.7648108 0.0009363168 0.00357141 0.2306815 
0.713186 0.0004498134 0.02071909 0.2656451 
0.8090628 0.007357811 0.002504841 0.1810746 
0.6299715 0.006755647 0.001999453 0.3612734 
0.7176761 0.00393434 0.004274055 0.2741155 
0.6816913 0.001469047 0.008929306 0.3079103 
0.6891812 0.01183046 0.003201196 0.2957872 
0.689692 0.002377172 0.002436937 0.3054939 
0.6427112 0.006566507 0.00284638 0.3478759 
0.6965641 0.00533485 0.004206301 0.2938948 
0.6483208 0.0176047 0.01117178 0.3229027 
0.5675977 0.00255565 0.003063909 0.4267827 
0.7142969 0.001075539 0.006608996 0.2780186 
0.7188586 0.004653736 0.0005302666 0.2759574 
0.6220498 0.002964426 0.008581257 0.3664045 
0.5936022 0.01019675 0.005528179 0.3906728 
0.6723365 0.003905867 0.004448409 0.3193092 
0.7257753 0.005157229 0.0007725265 0.2682949 
0.6828135 0.01756502 0.002691267 0.2969302 
0.660021 0.007624696 0.004014493 0.3283399 
0.7038548 0.005294473 0.008482361 0.2823684 
0.6132589 0.0002551534 0.008026435 0.3784595 
0.6642306 0.01726704 0.007718667 0.3107837 
0.7223959 0.00143895 0.002407525 0.2737577 
0.6402632 0.005507794 0.001929262 0.3522997 
0.7605905 0.0006666662 0.003856439 0.2348864 
0.7131787 0.01611689 0.00582863 0.2648758 
0.7137327 0.02312348 0.005247097 0.2578967 
0.6317642 0.008058993 0.02450392 0.3356729 
0.7554558 0.0155215 0.001843414 0.2271792 
0.6962422 0.005550756 0.005633287 0.2925737 
0.6726051 0.002064871 0.00929064 0.3160394 
0.5971791 0.00498199 7.518935e-05 0.3977637 
0.7558677 0.007833294 0.003252782 0.2330462 
0.6655547 0.01259847 0.001295886 0.3205509 
0.7297058 0.00713769 0.01320025 0.2499563 
0.6874913 0.01334941 0.001913712 0.2972455 
0.6796084 0.01785981 0.0008194156 0.3017123 
0.6677617 0.004103821 0.007391538 0.3207429 
0.6281713 0.01015969 0.01255717 0.3491118 
0.7672564 0.001440387 0.0008690804 0.2304342 
0.732164 0.003909743 0.002667787 0.2612585 
0.6333938 0.006079865 0.001664915 0.3588614 
0.6487271 0.01677465 0.02112254 0.3133757 
0.6995158 0.0003898615 0.002565233 0.2975291 
0.6980598 0.007706304 0.006227662 0.2880062 
0.6823378 0.00949302 0.01139696 0.2967722 
0.7242998 0.002922541 0.0008145167 0.2719631 
0.7651132 0.004220501 0.005426387 0.2252399 
0.7366736 0.002723388 0.00708871 0.2535143 
0.6720859 0.0004642806 0.01686793 0.3105818 
0.7186755 0.001646621 0.01239556 0.2672823 
0.5607457 0.06453384 0.002310049 0.3724105 
0.599607 0.0002811459 0.01044139 0.3896705 
0.6941974 0.007228671 0.02572516 0.2728487 
0.5766165 0.01173926 0.01020415 0.4014401 
0.6759991 0.00556506 0.01357372 0.3048621 
0.7057678 0.008967021 0.0004684995 0.2847967 
0.6734435 0.0003272466 0.002873934 0.3233553 
0.7345179 0.01026627 0.007111395 0.2481044 
0.6339019 0.01891688 0.01690245 0.3302788 
0.6934651 0.001379764 0.005636783 0.2995184 
0.7023912 0.006094947 0.01027285 0.281241 
0.6237206 0.002688242 0.002269932 0.3713213 
0.6758473 0.001103495 0.001682834 0.3213664 
0.7093472 0.0120792 0.01865235 0.2599213 
0.718726 0.006377251 0.002821103 0.2720756 
0.6440979 0.002169432 0.01616793 0.3375647 
0.7952508 0.002856073 0.00109681 0.2007963 
0.6343361 0.0159657 0.002272096 0.3474261 
0.6350258 0.001028393 0.004109018 0.3598368 
0.7802849 0.007508381 0.0003528353 0.2118539 
0.6156678 0.0141224 0.01386485 0.3563449 
0.7067503 0.002038609 0.006983356 0.2842277 
0.6308623 0.008002368 0.006091442 0.3550439 
0.77432 0.0005810465 0.01576835 0.2093306 
0.6705131 0.0002932909 0.003211148 0.3259824 
0.6481809 0.009226489 0.008665699 0.3339269 
0.7909837 0.007964404 0.000288832 0.2007631 
0.6545655 0.006540657 0.0009232665 0.3379706 
0.6788406 0.004585131 0.005386641 0.3111876 
0.6531351 0.003413229 0.03116667 0.312285 
0.686355 0.01198271 0.001930637 0.2997316 
0.65232 0.005520801 0.003673074 0.3384861 
0.6804146 0.001208048 0.01305722 0.3053201 
0.6519509 0.007717096 0.0005568171 0.3397752 
0.6068071 0.008416322 0.001986914 0.3827896 
0.6432894 0.01311288 0.012501 0.3310967 
0.6787029 0.01728617 0.001088481 0.3029224 
0.6813588 0.007760179 0.0249951 0.2858859 
0.7244345 0.005340276 0.004116878 0.2661083 
0.6056447 0.001414751 0.00229861 0.3906419 
0.7009204 0.0009134592 0.01660271 0.2815634 
0.7192803 0.00951735 0.0221707 0.2490316 
0.7677689 0.01842827 0.007790003 0.2060128 
0.6326829 0.006074928 0.0001370511 0.3611051 
0.6861797 0.002530182 0.01165961 0.2996305 
0.666384 0.008495799 0.0003586582 0.3247615 
0.6856486 0.00494807 0.004234923 0.3051684 
0.6598524 0.0004069101 0.003575607 0.336165 
0.6597458 0.01169091 0.004341094 0.3242222 
0.7088432 0.0005335102 0.0003477096 0.2902756 
0.6721866 0.007103697 0.004166347 0.3165434 
0.6711478 0.01257164 0.009203108 0.3070774 
0.602915 0.009241835 0.009962087 0.3778811 
0.6525111 0.008433647 0.004454946 0.3346003 
0.6799326 0.008662271 0.009694904 0.3017102 
0.7428844 0.01526962 0.002441682 0.2394043 
0.6549548 0.003283936 0.00134796 0.3404133 
0.7255416 0.0003006743 0.01215929 0.2619984 
0.6905582 0.002235058 0.01882165 0.2883851 
0.6334928 0.01311417 0.0072532 0.3461399 
0.6845047 0.001329164 0.001676676 0.3124895 
0.7227358 0.00718577 0.0004089778 0.2696694 
0.5524204 0.02478999 0.009800203 0.4129894 
0.6835177 0.005971364 0.008583664 0.3019273 
0.7030845 0.001615126 0.003916033 0.2913844 
0.7204557 0.003134314 0.001508373 0.2749017 
0.6928108 0.0001673205 0.00863466 0.2983872 
0.7780163 0.002506027 0.005791136 0.2136866 
0.714499 0.001842062 0.017195 0.2664639 
0.65833 0.0006544632 0.007302624 0.3337129 
0.7010408 0.001726241 0.008087117 0.2891458 
0.6750502 0.002160763 0.0004019398 0.3223871 
0.6437794 0.005195235 0.00526644 0.3457589 
0.7437119 0.01455162 0.005507837 0.2362287 
0.7644303 0.005303468 0.0004129007 0.2298533 
0.687322 0.00680794 0.0003220084 0.305548 
0.7547347 3.510483e-05 0.002266315 0.2429639 
0.7573053 0.002949747 0.002377519 0.2373674 
0.6298534 0.001660007 0.004687614 0.363799 
0.7320361 0.00316821 0.001245733 0.26355 
0.6961011 0.003619396 0.005378538 0.2949009 
0.6768647 0.001390794 0.005079884 0.3166647 
0.6652665 0.00631757 0.004121086 0.3242948 
0.5722409 0.00378345 0.01498568 0.40899 
0.7652612 0.01072346 0.01460955 0.2094057 
0.6729019 0.0006980565 0.001568641 0.3248314 
0.6984576 0.00142717 0.0129839 0.2871313 
0.6536527 0.002408242 0.02830404 0.315635 
0.6695608 0.01004203 0.01386405 0.3065331 
0.6183036 0.005120163 0.008308102 0.3682682 
0.6482228 0.004450145 0.004149986 0.343177 
0.6599493 0.00201882 0.01667422 0.3213576 
0.6518317 0.003237762 0.009119074 0.3358115 
0.557389 0.0002088517 0.02066269 0.4217394 
0.7053712 0.008981082 0.009390175 0.2762576 
0.7625473 0.001013053 0.000220579 0.2362191 
0.6608114 0.00158853 0.00157735 0.3360227 
0.69997 0.009515126 0.001983772 0.2885311 
0.69775 0.006036379 0.00212009 0.2940936 
0.6651318 0.01677472 0.001154056 0.3169394 
0.614476 0.01324511 0.002048142 0.3702308 
0.6888431 0.002042177 0.002629966 0.3064847 
0.7071097 0.003101935 0.005171617 0.2846167 
0.5966507 0.01387403 0.0001671563 0.3893081 
0.731914 0.004870733 0.000916224 0.2622991 
