p_1 p_2 p_3 
0.3236454 0.3968236 0.2795311 
0.3780485 0.365514 0.2564374 
0.2914231 0.4204516 0.2881253 
0.3208036 0.3182755 0.3609209 
0.2835344 0.4159479 0.3005177 
0.3073249 0.3692485 0.3234266 
0.2843874 0.3951413 0.3204713 
0.2838416 0.3902337 0.3259246 
0.2354706 0.468441 0.2960884 
0.2441717 0.4552545 0.3005738 
0.2863693 0.4549727 0.258658 
0.2933096 0.3811288 0.3255615 
0.4233127 0.3833688 0.1933185 
0.3172039 0.3376615 0.3451346 
0.3318226 0.3938183 0.2743591 
0.3091566 0.4264189 0.2644245 
0.2334984 0.4570693 0.3094323 
0.2603864 0.3942338 0.3453798 
0.2922089 0.404968 0.3028231 
0.3416986 0.3619641 0.2963373 
0.3208461 0.3378825 0.3412714 
0.2534185 0.4453886 0.3011928 
0.2759915 0.3924979 0.3315106 
0.3105178 0.4220297 0.2674524 
0.295794 0.3445259 0.3596802 
0.2760702 0.4462977 0.2776321 
0.2720888 0.4165339 0.3113774 
0.2875524 0.3670417 0.3454059 
0.2392057 0.3617023 0.3990921 
0.292138 0.4239322 0.2839297 
0.3264177 0.3985115 0.2750708 
0.2941971 0.3828724 0.3229304 
0.2618642 0.4219363 0.3161995 
0.3082226 0.3847642 0.3070131 
0.2463768 0.4001641 0.3534591 
0.3257118 0.4651854 0.2091028 
0.2658588 0.4064823 0.327659 
0.2142736 0.3808483 0.4048781 
0.2560026 0.4344668 0.3095307 
0.2374965 0.4257522 0.3367513 
0.2747649 0.4267128 0.2985224 
0.2737235 0.3276767 0.3985998 
0.2794252 0.3718954 0.3486794 
0.2591085 0.4348317 0.3060598 
0.2319667 0.4392931 0.3287402 
0.3203626 0.4303528 0.2492846 
0.3176931 0.4011758 0.2811312 
0.299736 0.4279838 0.2722802 
0.3231722 0.3903749 0.2864529 
0.297569 0.4402799 0.2621511 
0.2799788 0.3750538 0.3449673 
0.19314 0.4514694 0.3553906 
0.327539 0.4385027 0.2339583 
0.2929975 0.4080888 0.2989138 
0.2719534 0.3711319 0.3569147 
0.2758293 0.4447027 0.279468 
0.2413572 0.4110896 0.3475533 
0.1980212 0.4676079 0.3343709 
0.2267505 0.4738744 0.2993751 
0.3166391 0.494104 0.1892569 
0.243707 0.4436363 0.3126567 
0.2369536 0.4397811 0.3232654 
0.2705494 0.3846308 0.3448198 
0.2483424 0.3572333 0.3944243 
0.3577205 0.3843795 0.2579001 
0.2768203 0.4168321 0.3063477 
0.2647267 0.4071228 0.3281505 
0.2837518 0.4336379 0.2826104 
0.2662616 0.4056843 0.3280541 
0.3283359 0.4327175 0.2389466 
0.253538 0.4242292 0.3222327 
0.2874184 0.3831469 0.3294346 
0.2488936 0.4828765 0.2682299 
0.3346716 0.3408552 0.3244732 
0.3807236 0.355585 0.2636914 
0.3110155 0.3681496 0.3208348 
0.2906465 0.3920513 0.3173022 
0.1771339 0.4388702 0.383996 
0.289582 0.362656 0.347762 
0.3071154 0.3637384 0.3291461 
0.3084284 0.4422541 0.2493175 
0.1958211 0.5309279 0.273251 
0.2208285 0.3641722 0.4149994 
0.2456533 0.4520433 0.3023034 
0.2447084 0.4032667 0.3520249 
0.2694616 0.3575361 0.3730023 
0.2059652 0.3995313 0.3945035 
0.2798039 0.4522291 0.267967 
0.2228983 0.3780155 0.3990862 
0.3397856 0.3100988 0.3501156 
0.3117314 0.2740427 0.4142259 
0.2285934 0.4417329 0.3296738 
0.2665632 0.417736 0.3157009 
0.3233913 0.3305886 0.3460202 
0.2611048 0.4049531 0.3339421 
0.2159225 0.427654 0.3564234 
0.3153339 0.3640138 0.3206523 
0.334483 0.3925468 0.2729702 
0.2731944 0.411189 0.3156167 
0.2982187 0.3574898 0.3442915 
0.257638 0.4438174 0.2985447 
0.2603485 0.3516425 0.3880091 
0.3718146 0.3249518 0.3032336 
0.3132968 0.4019392 0.2847641 
0.3311428 0.3679908 0.3008664 
0.2544733 0.4504504 0.2950763 
0.223695 0.4297323 0.3465727 
0.2281921 0.4126011 0.3592068 
0.2845969 0.4117656 0.3036375 
0.260185 0.44879 0.291025 
0.2892341 0.3978646 0.3129013 
0.2748237 0.483563 0.2416133 
0.3125842 0.4498733 0.2375425 
0.2450128 0.4526537 0.3023335 
0.2667106 0.41881 0.3144794 
0.2537095 0.5585256 0.1877649 
0.2340537 0.423121 0.3428252 
0.2878986 0.3758357 0.3362657 
0.2857376 0.4216119 0.2926505 
0.2848396 0.4269256 0.2882348 
0.2769293 0.4355713 0.2874994 
0.3413143 0.4062995 0.2523862 
0.2245923 0.4130049 0.3624028 
0.2937934 0.3766862 0.3295205 
0.3017253 0.4466529 0.2516219 
0.2463083 0.389755 0.3639367 
0.3081918 0.4212383 0.2705698 
0.2522363 0.4991028 0.2486609 
0.2635088 0.4842672 0.2522239 
0.2391675 0.3748026 0.3860299 
0.2093683 0.4861321 0.3044996 
0.2871583 0.3498187 0.363023 
0.254232 0.4543629 0.2914051 
0.2244557 0.342441 0.4331034 
0.2528297 0.5136165 0.2335539 
0.2882485 0.4511128 0.2606387 
0.2053247 0.4495046 0.3451707 
0.2550511 0.4172506 0.3276983 
0.3374065 0.4018284 0.2607651 
0.318256 0.4778265 0.2039175 
0.2310105 0.3518868 0.4171027 
0.3108154 0.4199891 0.2691954 
0.3072993 0.4063778 0.286323 
0.3000459 0.4475329 0.2524212 
0.2859922 0.3952376 0.3187702 
0.2090645 0.4737931 0.3171424 
0.2595194 0.4209789 0.3195017 
0.3109845 0.4096216 0.2793939 
0.2201606 0.4439122 0.3359272 
0.2635106 0.4399795 0.2965099 
0.2089501 0.3786345 0.4124154 
0.2566981 0.4451052 0.2981967 
0.2510327 0.4282344 0.320733 
0.3121081 0.4783465 0.2095453 
0.2079382 0.3763485 0.4157133 
0.2736698 0.3696787 0.3566515 
0.2616653 0.4397436 0.2985911 
0.3208043 0.3521628 0.3270329 
0.2470048 0.4300405 0.3229547 
0.3111222 0.3430636 0.3458143 
0.271017 0.4482185 0.2807646 
0.2833105 0.4153711 0.3013184 
0.3831377 0.3656708 0.2511915 
0.2684036 0.4272533 0.3043431 
0.2148892 0.4010198 0.384091 
0.2767321 0.3596956 0.3635723 
0.2738423 0.3887234 0.3374343 
0.4152519 0.3264618 0.2582863 
0.1961767 0.5063543 0.297469 
0.3630299 0.3813969 0.2555732 
0.3504854 0.3281326 0.321382 
0.2940678 0.448714 0.2572181 
0.2483795 0.4594413 0.2921792 
0.2916769 0.3563226 0.3520005 
0.3058702 0.3507039 0.3434259 
0.3104612 0.3543012 0.3352376 
0.2044215 0.4898114 0.3057671 
0.2392408 0.4188024 0.3419568 
0.1940635 0.4155323 0.3904042 
0.3582815 0.4021693 0.2395492 
0.3603782 0.3233105 0.3163113 
0.2637555 0.4001849 0.3360596 
0.2693729 0.4429126 0.2877146 
0.2804739 0.3557794 0.3637467 
0.2793825 0.4482985 0.272319 
0.2480735 0.4114991 0.3404275 
0.3641424 0.4247772 0.2110803 
0.2497428 0.358768 0.3914891 
0.2417855 0.3575269 0.4006875 
0.244048 0.4354562 0.3204958 
0.2456099 0.3849218 0.3694683 
0.2252752 0.4303935 0.3443312 
0.1885523 0.4823539 0.3290938 
0.3209378 0.3154059 0.3636563 
0.2737999 0.3366105 0.3895896 
0.3492362 0.3716732 0.2790906 
0.2572025 0.44354 0.2992575 
0.2479248 0.492418 0.2596572 
0.3056865 0.335359 0.3589545 
0.2713124 0.4024656 0.326222 
0.3789616 0.3879285 0.2331099 
0.2861454 0.4264264 0.2874282 
0.3527793 0.3995969 0.2476238 
0.3438698 0.3458565 0.3102736 
0.2170354 0.5236985 0.2592661 
0.3151031 0.3977696 0.2871273 
0.3443638 0.3477296 0.3079067 
0.2279135 0.3716015 0.400485 
0.2939257 0.3979299 0.3081444 
0.2330963 0.462278 0.3046258 
0.2788764 0.4196653 0.3014583 
0.2967616 0.4322286 0.2710097 
0.2703797 0.4435806 0.2860397 
0.3108015 0.3497377 0.3394608 
0.2014913 0.4077126 0.3907961 
0.2114414 0.5257848 0.2627738 
0.2684049 0.3679926 0.3636026 
0.2231168 0.4670511 0.3098321 
0.2770354 0.3884306 0.334534 
0.2408067 0.4976957 0.2614976 
0.2635848 0.4028574 0.3335578 
0.2670738 0.4530956 0.2798306 
0.2609471 0.3693138 0.3697391 
0.3611539 0.3347433 0.3041028 
0.1952314 0.4495649 0.3552037 
0.2362661 0.4099184 0.3538155 
0.2266906 0.4057699 0.3675395 
0.2740436 0.4437654 0.282191 
0.2610353 0.4028778 0.3360869 
0.2342185 0.4072498 0.3585318 
0.262461 0.4185862 0.3189527 
0.2905996 0.4516846 0.2577159 
0.2898625 0.3789202 0.3312173 
0.1740768 0.4521052 0.373818 
0.3188876 0.4347554 0.246357 
0.2826315 0.4331376 0.2842309 
0.2468421 0.4164962 0.3366617 
0.1961839 0.3954473 0.4083689 
0.2704575 0.360462 0.3690806 
0.2932226 0.4054507 0.3013267 
0.2115099 0.4715307 0.3169594 
0.2878602 0.483913 0.2282268 
0.2304812 0.3661934 0.4033254 
0.277991 0.3932654 0.3287435 
0.2603425 0.4687715 0.270886 
0.3164518 0.3353791 0.3481691 
0.2628362 0.4617028 0.275461 
0.2545163 0.3685733 0.3769104 
0.244109 0.4148676 0.3410234 
0.23051 0.4247218 0.3447682 
0.3108048 0.4088502 0.280345 
0.2928304 0.3900776 0.317092 
0.2549644 0.43766 0.3073755 
0.3110231 0.3738366 0.3151402 
0.2868195 0.4573453 0.2558352 
0.2855278 0.4381515 0.2763207 
0.3238396 0.4159611 0.2601993 
0.2769039 0.4664784 0.2566176 
0.3690001 0.3489352 0.2820647 
0.2995077 0.4177166 0.2827757 
0.1725088 0.4654152 0.362076 
0.1969615 0.4677457 0.3352928 
0.325804 0.327701 0.3464951 
0.3241257 0.4102165 0.2656578 
0.3082275 0.3672052 0.3245672 
0.3201893 0.3140529 0.3657578 
0.3207387 0.3895206 0.2897407 
0.2715817 0.3668221 0.3615962 
0.2743791 0.419143 0.3064779 
0.2562211 0.4015546 0.3422243 
0.2745741 0.3923238 0.3331021 
0.3033816 0.4274434 0.269175 
0.2751346 0.391515 0.3333504 
0.274983 0.4612849 0.2637321 
0.2479966 0.3802981 0.3717053 
0.230908 0.3847731 0.3843189 
0.2203244 0.5240811 0.2555944 
0.250173 0.426898 0.322929 
0.3407556 0.3245391 0.3347053 
0.2569963 0.3295412 0.4134625 
0.1988972 0.5052839 0.2958189 
0.239019 0.4000643 0.3609167 
0.3375751 0.3454954 0.3169295 
0.2722663 0.498976 0.2287576 
0.2257831 0.5152647 0.2589522 
0.2766306 0.4649469 0.2584225 
0.2418944 0.4528631 0.3052426 
0.3033327 0.3666873 0.32998 
0.2959702 0.3919846 0.3120452 
0.3142858 0.3722319 0.3134824 
0.2582525 0.4268712 0.3148763 
0.2387223 0.350295 0.4109827 
0.296773 0.4365478 0.2666792 
0.3323268 0.350646 0.3170272 
0.2283355 0.4635848 0.3080797 
0.2921361 0.3626272 0.3452367 
0.2208998 0.5122857 0.2668145 
0.2293781 0.526479 0.2441429 
0.3394551 0.3566155 0.3039294 
0.2563521 0.5032175 0.2404304 
0.3403069 0.3961708 0.2635223 
0.3051176 0.4199926 0.2748898 
0.2393566 0.422136 0.3385074 
0.2967096 0.4534887 0.2498018 
0.283648 0.4111336 0.3052184 
0.2846026 0.3128966 0.4025008 
0.2646611 0.4069374 0.3284015 
0.3327133 0.4532403 0.2140464 
0.3231962 0.4065836 0.2702202 
0.2661864 0.3777925 0.3560212 
0.2753614 0.397283 0.3273556 
0.2589 0.4534618 0.2876382 
0.291337 0.4214216 0.2872414 
0.342823 0.4217075 0.2354695 
0.3040098 0.3677856 0.3282046 
0.2801667 0.443899 0.2759343 
0.3940922 0.3649507 0.2409571 
0.2954186 0.4256312 0.2789502 
0.280373 0.3927904 0.3268366 
0.2823526 0.4468458 0.2708016 
0.2942345 0.4072228 0.2985427 
0.2550789 0.4140083 0.3309128 
0.3183792 0.4367158 0.244905 
0.2855975 0.4156794 0.298723 
0.2720415 0.4541409 0.2738176 
0.2257508 0.4278821 0.3463672 
0.3368131 0.3877981 0.2753888 
0.2784154 0.3491536 0.372431 
0.3514946 0.3826969 0.2658085 
0.2834221 0.4336626 0.2829153 
0.3192463 0.3396503 0.3411034 
0.2367721 0.4053709 0.357857 
0.2576057 0.4182618 0.3241325 
0.2439495 0.4073828 0.3486678 
0.2920823 0.4145088 0.2934088 
0.2343012 0.4351518 0.330547 
0.2507155 0.4689294 0.2803551 
0.2462603 0.4968124 0.2569273 
0.218379 0.4284453 0.3531757 
0.264044 0.3809133 0.3550428 
0.2722563 0.5127463 0.2149975 
0.3072806 0.3806604 0.312059 
0.3601858 0.4470091 0.1928051 
0.2754555 0.3890201 0.3355243 
0.298749 0.3505723 0.3506787 
0.3032327 0.3353164 0.3614508 
0.251128 0.3900821 0.3587899 
0.3286154 0.3323271 0.3390576 
0.3315649 0.3456192 0.3228159 
0.3166537 0.3827182 0.3006281 
0.2736783 0.4354709 0.2908508 
0.2287824 0.438437 0.3327806 
0.2547699 0.4167428 0.3284873 
0.3260646 0.4125363 0.2613991 
0.2599616 0.4511996 0.2888388 
0.2918864 0.388437 0.3196765 
0.2636198 0.3943196 0.3420606 
0.2060351 0.4712325 0.3227324 
0.2210694 0.3954598 0.3834709 
0.2801926 0.3982842 0.3215232 
0.2187021 0.4669682 0.3143297 
0.2392187 0.4089922 0.351789 
0.2455268 0.4139494 0.3405239 
0.2551087 0.3930542 0.3518371 
0.3129664 0.3876984 0.2993352 
0.3104436 0.3721588 0.3173976 
0.2477281 0.4076789 0.344593 
0.2686859 0.4537618 0.2775523 
0.2919682 0.4213182 0.2867136 
0.3048899 0.4132128 0.2818973 
0.2815679 0.3846196 0.3338125 
0.2710558 0.4111505 0.3177937 
0.321689 0.3545408 0.3237702 
0.2672786 0.452991 0.2797304 
0.297835 0.4440399 0.2581251 
0.2926047 0.3933379 0.3140574 
0.3558158 0.4021737 0.2420105 
0.3169396 0.371981 0.3110794 
0.2771364 0.4002035 0.32266 
0.2861992 0.4218974 0.2919035 
0.3413254 0.3395935 0.319081 
0.3312464 0.359527 0.3092266 
0.3287084 0.3774087 0.2938828 
0.4010505 0.2424417 0.3565078 
0.3473996 0.3579715 0.2946288 
0.2365366 0.4316436 0.3318198 
0.2292459 0.5557955 0.2149585 
0.3170932 0.3754258 0.307481 
0.3034698 0.3445683 0.3519619 
0.2624577 0.4638531 0.2736892 
0.2619249 0.4310054 0.3070697 
0.2559217 0.4125188 0.3315596 
0.2819616 0.4015687 0.3164697 
0.292953 0.3764304 0.3306166 
0.3013554 0.3615721 0.3370724 
0.1756426 0.4668858 0.3574716 
0.2447169 0.414216 0.3410671 
0.2895576 0.4353281 0.2751143 
0.2834243 0.3658667 0.350709 
0.3591151 0.3727518 0.2681331 
0.3038705 0.4414922 0.2546374 
0.3265496 0.4395076 0.2339428 
0.2760374 0.386208 0.3377546 
0.3283334 0.3458951 0.3257715 
0.2006121 0.4556396 0.3437483 
0.2181177 0.4418495 0.3400328 
0.2854867 0.3596855 0.3548279 
0.3707367 0.3278219 0.3014414 
0.2619914 0.4062088 0.3317999 
0.3872697 0.3367103 0.27602 
0.3016516 0.3688727 0.3294756 
0.2878088 0.4573664 0.2548248 
0.266601 0.4240165 0.3093825 
0.2461337 0.4916094 0.2622569 
0.2991642 0.3939216 0.3069142 
0.3055541 0.3423806 0.3520652 
0.3288414 0.4082124 0.2629462 
0.1772032 0.5026501 0.3201467 
0.2208301 0.5033858 0.2757842 
0.2405487 0.4813914 0.2780599 
0.3186057 0.3867558 0.2946384 
0.1886168 0.4982277 0.3131555 
0.3731184 0.3840131 0.2428685 
0.2761833 0.380211 0.3436057 
0.3194222 0.3664058 0.314172 
0.2642283 0.4445816 0.2911901 
0.2474876 0.456235 0.2962774 
0.2694508 0.3493465 0.3812027 
0.3292989 0.3521431 0.318558 
0.3001619 0.3736851 0.326153 
0.2763969 0.4138036 0.3097995 
0.2963874 0.3902955 0.3133171 
0.3150215 0.4005044 0.2844741 
0.3709663 0.3571946 0.2718391 
0.2682159 0.369925 0.361859 
0.2469544 0.4077893 0.3452563 
0.2833264 0.3360493 0.3806243 
0.3010977 0.4464081 0.2524941 
0.3024303 0.3954565 0.3021132 
0.3020549 0.3887809 0.3091641 
0.249251 0.3870799 0.3636691 
0.1947847 0.4567981 0.3484172 
0.2418306 0.4595169 0.2986525 
0.2402087 0.437918 0.3218733 
0.2866918 0.3919918 0.3213164 
0.2780717 0.3610699 0.3608584 
0.2551955 0.4243138 0.3204907 
0.2877969 0.3638948 0.3483083 
0.273754 0.4356672 0.2905788 
0.2548721 0.5098783 0.2352496 
0.2984852 0.4372467 0.2642681 
0.2881392 0.3640262 0.3478346 
0.2582061 0.3471091 0.3946848 
0.2535271 0.4482072 0.2982656 
0.305202 0.4234536 0.2713443 
0.2275761 0.5058398 0.2665841 
0.215378 0.5074403 0.2771817 
0.3013173 0.4659962 0.2326865 
0.2461105 0.3598017 0.3940878 
0.2523931 0.4948423 0.2527646 
0.2387306 0.4343502 0.3269192 
0.2909713 0.3332815 0.3757472 
0.2645067 0.4205534 0.3149399 
0.2727465 0.41227 0.3149835 
0.295061 0.4126218 0.2923171 
0.2523716 0.4211206 0.3265078 
0.310114 0.378305 0.311581 
0.374515 0.3956092 0.2298758 
0.2449722 0.4629828 0.292045 
0.3383508 0.3356337 0.3260155 
0.2592617 0.4149717 0.3257666 
0.2705363 0.3968477 0.332616 
0.3017065 0.4403581 0.2579354 
0.2365739 0.4364244 0.3270016 
0.2528545 0.4166919 0.3304536 
0.3104224 0.3656858 0.3238917 
0.2968641 0.3689371 0.3341988 
0.2549163 0.4389185 0.3061651 
0.3036779 0.3780811 0.318241 
0.3192274 0.3675501 0.3132225 
0.2554762 0.4005256 0.3439982 
0.259032 0.3766141 0.3643539 
0.31283 0.3650177 0.3221523 
0.2660905 0.4674937 0.2664158 
0.1949151 0.4322986 0.3727863 
0.2809623 0.3974999 0.3215378 
0.2336792 0.392049 0.3742718 
0.229905 0.4703073 0.2997877 
0.3262972 0.4433475 0.2303553 
0.3114103 0.3951663 0.2934233 
0.2525118 0.4075567 0.3399315 
0.365253 0.2995833 0.3351637 
0.3071362 0.420461 0.2724028 
0.2316065 0.4105611 0.3578324 
0.3215734 0.4274241 0.2510026 
0.2132901 0.4551526 0.3315573 
0.3330117 0.4004014 0.2665869 
0.2511656 0.3981152 0.3507192 
0.2293721 0.3298963 0.4407316 
0.2724267 0.4369251 0.2906482 
0.2539498 0.4772775 0.2687726 
0.2003791 0.4855068 0.3141141 
0.3310939 0.371747 0.2971591 
0.2714872 0.3819063 0.3466065 
0.1846066 0.4616205 0.3537729 
0.2231482 0.4153155 0.3615364 
0.2189518 0.4408544 0.3401938 
0.3217681 0.3775833 0.3006485 
0.3004639 0.3967487 0.3027874 
0.2519259 0.4474404 0.3006338 
0.2664697 0.4426546 0.2908757 
0.3101314 0.3599946 0.3298741 
0.2979095 0.3937372 0.3083533 
0.2985212 0.349728 0.3517508 
0.3042587 0.4123807 0.2833606 
0.2750747 0.3817389 0.3431865 
0.2767117 0.525249 0.1980393 
0.2644297 0.3759997 0.3595706 
0.2945279 0.4206676 0.2848045 
0.3097092 0.3902694 0.3000215 
0.262984 0.4836333 0.2533828 
0.306203 0.435898 0.257899 
0.2622219 0.3911793 0.3465988 
0.2671751 0.3740084 0.3588166 
0.2716537 0.4643697 0.2639766 
0.3411603 0.3873386 0.2715011 
0.2055352 0.4880585 0.3064063 
0.2430379 0.4084892 0.3484729 
0.282915 0.4198443 0.2972408 
0.2539262 0.4408192 0.3052546 
0.2510533 0.3969691 0.3519776 
0.251343 0.3919198 0.3567372 
0.2828499 0.4282566 0.2888935 
0.1904133 0.4533671 0.3562196 
0.2644392 0.426213 0.3093478 
0.2482719 0.3774913 0.3742368 
0.2820048 0.48369 0.2343052 
0.2824424 0.3939063 0.3236513 
0.2760529 0.4263309 0.2976162 
0.284392 0.4750747 0.2405333 
0.2277709 0.444611 0.3276181 
0.2443495 0.403138 0.3525125 
0.3009305 0.4079849 0.2910846 
0.2443617 0.473512 0.2821263 
0.2241268 0.4929848 0.2828884 
0.231413 0.405637 0.36295 
0.2800138 0.3582075 0.3617786 
0.2986393 0.392107 0.3092538 
0.2261501 0.4145579 0.359292 
0.2855525 0.4075636 0.3068839 
0.2910501 0.3514373 0.3575126 
0.3148952 0.4450371 0.2400677 
0.2844347 0.4264096 0.2891558 
0.2912971 0.3514627 0.3572402 
0.244462 0.3999311 0.3556069 
0.2892915 0.3961802 0.3145283 
0.4078072 0.2980227 0.2941701 
0.2805258 0.4761917 0.2432825 
0.322641 0.4336604 0.2436986 
0.2843551 0.3510884 0.3645566 
0.3061525 0.4828832 0.2109644 
0.2791847 0.4204728 0.3003426 
0.2032627 0.50282 0.2939173 
0.2703638 0.3492523 0.3803839 
0.3318786 0.2916775 0.3764439 
0.3199123 0.4660611 0.2140265 
0.306052 0.4016979 0.2922501 
0.2709743 0.4034647 0.325561 
0.2166137 0.4395032 0.3438831 
0.2958503 0.3809905 0.3231593 
0.3160217 0.4070718 0.2769065 
0.3372705 0.3872117 0.2755178 
0.2466775 0.4020809 0.3512416 
0.3322465 0.3805059 0.2872476 
0.2529498 0.497924 0.2491262 
0.3265515 0.4117879 0.2616607 
0.3151028 0.417168 0.2677292 
0.3121724 0.4641119 0.2237157 
0.2690179 0.4090745 0.3219076 
0.319534 0.3517518 0.3287142 
0.308461 0.4135054 0.2780336 
0.2141772 0.4337482 0.3520746 
0.2659388 0.4257349 0.3083263 
0.2181369 0.455837 0.3260261 
0.2252027 0.4061117 0.3686856 
0.2716875 0.416376 0.3119365 
0.3140197 0.3733156 0.3126647 
0.282523 0.3866616 0.3308153 
0.2993529 0.4464754 0.2541717 
0.2890872 0.3116207 0.3992922 
0.3435556 0.3955043 0.2609401 
0.3028215 0.3597003 0.3374782 
0.3242845 0.3581799 0.3175356 
0.2741506 0.4390123 0.2868371 
0.2336625 0.4428961 0.3234413 
0.2360261 0.5009315 0.2630424 
0.2335161 0.4331354 0.3333485 
0.302811 0.4667827 0.2304063 
0.2662834 0.3988411 0.3348755 
0.2936755 0.4120292 0.2942953 
0.36489 0.3820261 0.2530839 
0.2964936 0.3657745 0.3377319 
0.2725606 0.3875126 0.3399268 
0.2314357 0.4288546 0.3397097 
0.3475894 0.4065265 0.245884 
0.312333 0.4148674 0.2727996 
0.1883248 0.5043539 0.3073213 
0.3042015 0.3684704 0.327328 
0.2073684 0.466212 0.3264195 
0.274371 0.4252714 0.3003577 
0.2912855 0.4143424 0.2943721 
0.3375246 0.3852556 0.2772198 
0.2631693 0.438743 0.2980878 
0.2375155 0.3039654 0.4585191 
0.2275285 0.4588991 0.3135723 
0.3309205 0.4043148 0.2647647 
0.1618925 0.4968979 0.3412096 
0.2166898 0.4067676 0.3765426 
0.2613796 0.5023294 0.236291 
0.3050672 0.3884992 0.3064336 
0.2771198 0.3826853 0.3401949 
0.3131025 0.3917874 0.2951101 
0.3317751 0.3480705 0.3201544 
0.3129706 0.4003118 0.2867176 
0.2957954 0.3875034 0.3167012 
0.2343337 0.4314633 0.334203 
0.2546541 0.3934964 0.3518494 
0.2213485 0.506376 0.2722755 
0.2471944 0.4067837 0.3460219 
0.2434204 0.4647445 0.2918352 
0.2372574 0.3802852 0.3824575 
0.2557719 0.4148154 0.3294127 
0.2599507 0.4118477 0.3282016 
0.2987031 0.4552275 0.2460694 
0.2765456 0.4201086 0.3033458 
0.2400269 0.4156039 0.3443692 
0.2841753 0.3884915 0.3273332 
0.2656647 0.4429199 0.2914154 
0.3045927 0.3906552 0.3047521 
0.2042037 0.4505724 0.3452239 
0.3104168 0.4295902 0.259993 
0.2664239 0.4476997 0.2858764 
0.3723808 0.3325997 0.2950195 
0.3356257 0.415858 0.2485164 
0.1853059 0.4585646 0.3561295 
0.2997732 0.3728642 0.3273626 
0.3216255 0.3499135 0.3284611 
0.3288275 0.3807518 0.2904207 
0.2537906 0.5174306 0.2287787 
0.3286775 0.441122 0.2302005 
0.232567 0.3877733 0.3796597 
0.3259251 0.3826783 0.2913965 
0.299463 0.4101858 0.2903512 
0.2713237 0.4727137 0.2559626 
0.2924536 0.3857249 0.3218216 
0.3136853 0.4044878 0.2818268 
0.2882114 0.4585778 0.2532108 
0.2815139 0.3860713 0.3324148 
0.3780396 0.3483792 0.2735812 
0.2949583 0.4367924 0.2682493 
0.3643376 0.35628 0.2793825 
0.2806622 0.3127508 0.406587 
0.1918968 0.4908336 0.3172697 
0.3420368 0.399441 0.2585222 
0.2686616 0.4534856 0.2778527 
0.2197631 0.4403543 0.3398825 
0.2968274 0.3920291 0.3111435 
0.2828147 0.445438 0.2717473 
0.2750617 0.4210079 0.3039304 
0.3670674 0.342541 0.2903915 
0.3705168 0.3965886 0.2328946 
0.3161971 0.3705027 0.3133002 
0.3362728 0.3626391 0.3010881 
0.3317851 0.3588191 0.3093958 
0.2901992 0.4287606 0.2810402 
0.2080519 0.4674133 0.3245348 
0.236231 0.4832017 0.2805673 
0.2492105 0.4244865 0.326303 
0.2350402 0.4054798 0.35948 
0.2697872 0.3760457 0.3541671 
0.2370299 0.388851 0.3741191 
0.3063043 0.4408424 0.2528532 
0.3020918 0.3890206 0.3088876 
0.3416543 0.3584415 0.2999042 
0.3198615 0.3331682 0.3469703 
0.255163 0.4387812 0.3060558 
0.3552573 0.335949 0.3087937 
0.3161008 0.4125443 0.2713549 
0.2422687 0.4178021 0.3399292 
0.2413776 0.4838105 0.274812 
0.32041 0.4194168 0.2601732 
0.2460707 0.4172379 0.3366914 
0.3236607 0.3253478 0.3509915 
0.2583191 0.4546509 0.28703 
0.2234298 0.4268717 0.3496985 
0.1873288 0.4420398 0.3706314 
0.2526163 0.452986 0.2943977 
0.2172866 0.4082425 0.3744709 
0.3231625 0.4124234 0.264414 
0.3099222 0.4514704 0.2386075 
0.314891 0.3796725 0.3054365 
0.3188845 0.3992435 0.281872 
0.2399234 0.4200594 0.3400172 
0.2653765 0.41361 0.3210135 
0.2628826 0.4369558 0.3001615 
0.3208352 0.3934401 0.2857247 
0.250313 0.3829422 0.3667448 
0.3177808 0.3361672 0.3460521 
0.2790222 0.3687033 0.3522746 
0.2217835 0.4374916 0.3407249 
0.2453565 0.4526113 0.3020321 
0.3743414 0.3119888 0.3136699 
0.2754483 0.4197752 0.3047765 
0.2845667 0.4016882 0.3137451 
0.2344466 0.456327 0.3092263 
0.2492633 0.4101947 0.340542 
0.2619158 0.3429609 0.3951233 
0.3035542 0.4395181 0.2569276 
0.2252332 0.4147169 0.3600499 
0.2793273 0.4395189 0.2811537 
0.2686666 0.4520585 0.2792749 
0.262077 0.2985094 0.4394137 
0.3148305 0.3992907 0.2858789 
0.2445666 0.4171121 0.3383213 
0.2866319 0.4266933 0.2866749 
0.2971285 0.4268812 0.2759903 
0.3294276 0.3459032 0.3246692 
0.3219147 0.370929 0.3071562 
0.1905572 0.3859588 0.423484 
0.2395853 0.3592132 0.4012015 
0.2568987 0.3368327 0.4062687 
0.2661782 0.4717243 0.2620975 
0.3841299 0.3374281 0.278442 
0.3062665 0.3145486 0.3791849 
0.2538071 0.4426812 0.3035117 
0.2863629 0.4418555 0.2717816 
0.2848501 0.3794295 0.3357204 
0.275395 0.4434353 0.2811697 
0.2685393 0.3811968 0.350264 
0.2705924 0.405252 0.3241556 
0.2745418 0.3745864 0.3508718 
0.319609 0.3467154 0.3336756 
0.3292614 0.3498637 0.320875 
0.2622178 0.4412168 0.2965655 
0.2098909 0.4612644 0.3288447 
0.2439186 0.4304814 0.3255999 
0.3349566 0.3890198 0.2760235 
0.2960804 0.4995764 0.2043431 
0.2910519 0.431954 0.2769941 
0.3069612 0.3992043 0.2938345 
0.2307942 0.4672031 0.3020027 
0.2833147 0.4442609 0.2724244 
0.2445099 0.384559 0.3709311 
0.2922395 0.4058098 0.3019507 
0.2604898 0.3904823 0.3490279 
0.3493619 0.3888668 0.2617713 
0.2775254 0.4617473 0.2607273 
0.2172737 0.4388213 0.3439049 
0.2888222 0.4400839 0.2710939 
0.2416852 0.4205537 0.3377611 
0.2731476 0.4030043 0.3238481 
0.3445932 0.3396396 0.3157672 
0.2249136 0.4567245 0.3183618 
0.3540987 0.3156327 0.3302686 
0.3245989 0.4218325 0.2535686 
0.3277621 0.3714647 0.3007732 
0.2715099 0.431099 0.2973911 
0.3175741 0.3882904 0.2941356 
0.3088255 0.3791351 0.3120395 
0.200944 0.4159123 0.3831437 
0.2762261 0.3488947 0.3748792 
0.2637843 0.4368973 0.2993184 
0.3090611 0.3747823 0.3161567 
0.3561407 0.3480943 0.295765 
0.2679517 0.3871188 0.3449295 
0.2585673 0.3915108 0.3499219 
0.2828505 0.3158966 0.4012529 
0.3289781 0.3692418 0.3017801 
0.3430377 0.4445525 0.2124099 
0.3150822 0.3949446 0.2899732 
0.2877491 0.3864296 0.3258214 
0.2767329 0.380989 0.3422781 
0.2568158 0.474618 0.2685662 
0.3152239 0.4169681 0.267808 
0.3817511 0.351908 0.2663409 
0.3068702 0.3961877 0.2969422 
0.2487982 0.4764201 0.2747817 
0.2841519 0.4525547 0.2632934 
0.3591237 0.4329787 0.2078975 
0.238851 0.3622415 0.3989075 
0.2053549 0.4037925 0.3908526 
0.2436531 0.4414738 0.3148731 
0.2996595 0.4010276 0.2993129 
0.2850906 0.3565716 0.3583379 
0.2451581 0.4021811 0.3526608 
0.2135404 0.4914116 0.295048 
0.2396091 0.4284057 0.3319853 
0.2120252 0.492413 0.2955618 
0.3086381 0.4271443 0.2642175 
0.2263999 0.4692607 0.3043394 
0.2455594 0.4473013 0.3071393 
0.333777 0.371207 0.2950161 
0.2464137 0.4615215 0.2920649 
0.3671776 0.28238 0.3504423 
0.3298727 0.3965809 0.2735465 
0.31231 0.4512437 0.2364463 
0.2983994 0.3607584 0.3408422 
0.2223208 0.4522338 0.3254454 
0.3166473 0.3599763 0.3233764 
0.269318 0.4093993 0.3212827 
0.324976 0.3865468 0.2884772 
0.2831967 0.3931249 0.3236784 
0.270834 0.4286867 0.3004792 
0.2881457 0.4014883 0.310366 
0.2789292 0.3751784 0.3458924 
0.3024243 0.3376119 0.3599638 
0.3312115 0.3713994 0.2973891 
0.2772387 0.4253031 0.2974582 
0.312951 0.4174532 0.2695958 
0.2886436 0.4571808 0.2541756 
0.3175042 0.3803339 0.3021619 
0.3313998 0.4370507 0.2315495 
0.3042822 0.3803767 0.3153412 
0.2871709 0.3671731 0.345656 
0.291323 0.4398567 0.2688203 
0.3071626 0.3272987 0.3655387 
0.2671804 0.4274218 0.3053978 
0.2875822 0.3616243 0.3507936 
0.238998 0.4676589 0.2933431 
0.3189282 0.3547797 0.3262921 
0.2390105 0.4831274 0.2778621 
0.225553 0.4044509 0.3699961 
0.1991695 0.4236278 0.3772026 
0.1806348 0.5281022 0.291263 
0.297435 0.3653263 0.3372386 
0.3758665 0.371775 0.2523585 
0.3057475 0.3839356 0.3103168 
0.2501924 0.4111723 0.3386353 
0.2710512 0.360995 0.3679538 
0.2947947 0.4008461 0.3043592 
0.2777633 0.3959798 0.3262569 
0.2879125 0.3929502 0.3191373 
0.2995024 0.4113998 0.2890978 
0.2675273 0.3538063 0.3786664 
0.2826252 0.4117165 0.3056582 
0.3307325 0.3656941 0.3035734 
0.2628611 0.3711935 0.3659454 
0.312626 0.3402905 0.3470835 
0.2630461 0.5235968 0.2133571 
0.3048224 0.3705816 0.324596 
0.2322165 0.3992397 0.3685438 
0.2082549 0.4576804 0.3340647 
0.2630766 0.4274993 0.3094241 
0.2728132 0.4200526 0.3071342 
0.2640352 0.4246849 0.3112799 
0.3047577 0.3720688 0.3231735 
0.2040975 0.3628151 0.4330874 
0.2980698 0.3750487 0.3268816 
0.2810754 0.3976655 0.3212591 
0.248163 0.3875938 0.3642432 
0.1840976 0.368123 0.4477795 
0.2210679 0.4612527 0.3176794 
0.2154639 0.3911655 0.3933706 
0.2117317 0.535887 0.2523813 
0.2768839 0.3905069 0.3326092 
0.2524095 0.4073111 0.3402794 
0.2682293 0.4834196 0.2483511 
0.2453728 0.4155955 0.3390317 
0.2918832 0.4106084 0.2975084 
0.3027192 0.3952127 0.3020681 
0.1668522 0.510443 0.3227048 
0.2906054 0.3577285 0.3516661 
0.2401135 0.4332097 0.3266769 
0.3725739 0.3742482 0.2531779 
0.2478198 0.4777389 0.2744414 
0.2662162 0.4426768 0.291107 
0.2630525 0.3282514 0.4086961 
0.2864035 0.4296142 0.2839824 
0.280715 0.4282687 0.2910163 
0.2985082 0.4125278 0.2889639 
0.2928908 0.3835945 0.3235147 
0.2621842 0.4666267 0.2711891 
0.248128 0.5024916 0.2493804 
0.3480257 0.3322253 0.319749 
0.2308597 0.4515121 0.3176282 
0.265289 0.4514209 0.2832902 
0.2332568 0.3572228 0.4095204 
0.1678713 0.4186172 0.4135115 
0.3356612 0.3868999 0.2774389 
0.3635392 0.3610298 0.2754309 
0.2610504 0.4300345 0.3089151 
0.250181 0.4834328 0.2663861 
0.3742777 0.3501497 0.2755726 
0.2613572 0.4585946 0.2800482 
0.2714261 0.427544 0.3010299 
0.3943824 0.2673276 0.33829 
0.2373231 0.5188945 0.2437824 
0.3266362 0.3580973 0.3152665 
0.2902709 0.4246121 0.285117 
0.3148394 0.415617 0.2695435 
0.309882 0.4220487 0.2680693 
0.2932773 0.3292214 0.3775013 
0.3541546 0.3806806 0.2651649 
0.3867581 0.3228397 0.2904022 
0.2858866 0.4265702 0.2875432 
0.2049976 0.4720531 0.3229493 
0.2641652 0.486803 0.2490318 
0.3062593 0.3564921 0.3372486 
0.2909244 0.3823869 0.3266887 
0.2473206 0.3790877 0.3735916 
0.2568792 0.3510848 0.392036 
0.2965299 0.4490238 0.2544463 
0.3596774 0.3758615 0.264461 
0.3343291 0.4001044 0.2655665 
0.2469336 0.3349641 0.4181022 
0.3109292 0.3667335 0.3223373 
0.1943002 0.4903603 0.3153394 
0.2928836 0.4311235 0.2759929 
0.1898745 0.463149 0.3469765 
0.2913313 0.4527288 0.2559399 
0.2849481 0.4496385 0.2654135 
0.226287 0.4485914 0.3251216 
0.3681704 0.3498687 0.2819609 
0.3355155 0.3594821 0.3050023 
0.3206852 0.3535297 0.3257851 
0.3068907 0.4380732 0.255036 
0.2612037 0.4342919 0.3045044 
0.3356113 0.4339015 0.2304872 
0.3634265 0.3738603 0.2627132 
0.4169405 0.3215547 0.2615048 
0.3414628 0.4215129 0.2370244 
0.3485193 0.3637401 0.2877407 
0.2699866 0.3786206 0.3513928 
0.2820469 0.3610421 0.356911 
0.2161316 0.4226507 0.3612177 
0.2446654 0.4888465 0.2664882 
0.2128677 0.4859226 0.3012098 
0.2848129 0.3639768 0.3512103 
0.2022471 0.4418366 0.3559164 
0.3789881 0.3784151 0.2425968 
0.227569 0.4341958 0.3382352 
0.2533102 0.3438925 0.4027973 
0.2870585 0.4600812 0.2528603 
0.3040801 0.4111086 0.2848113 
0.3812194 0.3679517 0.2508289 
0.2504275 0.4404707 0.3091018 
0.17961 0.4035011 0.4168888 
0.3164536 0.4916155 0.1919308 
0.2530761 0.5189752 0.2279487 
0.3305913 0.3500601 0.3193487 
0.259215 0.4652343 0.2755507 
0.2768154 0.4110318 0.3121528 
0.2721036 0.3826295 0.3452669 
0.1860474 0.4641119 0.3498407 
0.3257219 0.3459318 0.3283463 
0.229555 0.3618692 0.4085758 
0.3176022 0.2839886 0.3984092 
0.2500364 0.4576702 0.2922934 
0.2164212 0.5011975 0.2823813 
0.213612 0.5019583 0.2844298 
0.2979499 0.3751179 0.3269321 
0.2907771 0.4832259 0.225997 
0.2733492 0.4309846 0.2956662 
0.3595856 0.3833709 0.2570435 
0.3021817 0.4705325 0.2272858 
0.2531293 0.4217167 0.325154 
0.2803534 0.4665246 0.2531221 
0.3332093 0.2856405 0.3811501 
0.2636644 0.3983521 0.3379835 
0.2039969 0.4128504 0.3831527 
0.1953954 0.4852695 0.3193352 
0.2741887 0.418736 0.3070753 
0.2220226 0.4567265 0.3212509 
0.2764359 0.4273225 0.2962416 
0.3239183 0.3872745 0.2888072 
0.2481213 0.3807322 0.3711466 
0.2442805 0.4505674 0.3051521 
0.2318622 0.4828085 0.2853293 
0.24706 0.41676 0.33618 
0.3157288 0.4183558 0.2659154 
0.2745227 0.3580212 0.3674561 
0.2763995 0.3603793 0.3632212 
0.2833328 0.4452007 0.2714665 
0.3322845 0.4322888 0.2354267 
0.2738038 0.3920177 0.3341785 
0.2993538 0.4081618 0.2924844 
0.3387711 0.3388211 0.3224078 
0.2167639 0.4297058 0.3535303 
0.3560869 0.3381336 0.3057795 
0.2914152 0.4222573 0.2863275 
0.3010374 0.4394608 0.2595018 
0.2227608 0.4048172 0.372422 
0.320514 0.4036338 0.2758522 
0.2399166 0.4448712 0.3152123 
0.2692182 0.4231469 0.3076349 
0.2531477 0.4404946 0.3063578 
0.2639644 0.4373388 0.2986967 
0.2630493 0.4404251 0.2965256 
0.2739281 0.4189105 0.3071614 
0.3533609 0.3582528 0.2883863 
0.2333082 0.4515932 0.3150986 
0.2564451 0.389175 0.3543798 
0.2557676 0.4637426 0.2804898 
0.3570211 0.3500848 0.2928941 
0.2694079 0.4472176 0.2833745 
0.4003779 0.3431814 0.2564408 
0.2784803 0.320315 0.4012048 
0.2759959 0.3883489 0.3356552 
0.2617859 0.418658 0.3195561 
0.3199911 0.3640242 0.3159847 
0.2464977 0.4291373 0.3243649 
0.2365044 0.4382545 0.3252412 
0.3885723 0.312984 0.2984437 
0.236635 0.3673072 0.3960578 
0.3208268 0.3469536 0.3322197 
0.2981575 0.3586933 0.3431492 
0.3160938 0.3736497 0.3102565 
0.2938033 0.3750067 0.33119 
0.2563515 0.4255351 0.3181133 
0.2355493 0.4139196 0.3505311 
0.2631324 0.4500456 0.2868219 
0.2928263 0.3968767 0.310297 
0.3667647 0.3396737 0.2935616 
0.2703245 0.3671317 0.3625439 
0.266192 0.4953237 0.2384843 
0.3193291 0.4502723 0.2303986 
0.2672222 0.4254133 0.3073644 
0.2840841 0.4586919 0.257224 
0.2106936 0.4287398 0.3605666 
0.2210979 0.4322003 0.3467018 
0.3232473 0.4441948 0.2325579 
0.3684848 0.3535309 0.2779843 
0.3274246 0.4170799 0.2554955 
0.2296284 0.4622497 0.3081218 
0.2738545 0.3857999 0.3403456 
0.350665 0.3619861 0.287349 
0.3027944 0.3667272 0.3304784 
0.3162199 0.3679954 0.3157846 
0.2696904 0.4206313 0.3096783 
0.376981 0.4250775 0.1979416 
0.2986662 0.3923451 0.3089888 
0.2713599 0.4239329 0.3047072 
0.3202772 0.4086669 0.271056 
0.2980943 0.4176887 0.284217 
0.3413436 0.3324175 0.3262389 
0.2618765 0.4393063 0.2988171 
0.2786729 0.3980114 0.3233158 
0.2554361 0.4673409 0.277223 
0.2770217 0.4240628 0.2989156 
0.3016019 0.400037 0.2983611 
0.2516409 0.4297227 0.3186364 
0.3227985 0.4213135 0.255888 
0.2817041 0.422876 0.2954199 
0.1906776 0.4985673 0.3107551 
0.3411198 0.3178707 0.3410095 
0.2993665 0.4587557 0.2418778 
0.3265852 0.4031466 0.2702682 
0.308909 0.3977944 0.2932966 
0.233184 0.4264214 0.3403946 
0.3185334 0.4198432 0.2616234 
0.2810394 0.4081685 0.3107921 
0.2366572 0.477841 0.2855018 
0.1742059 0.4775896 0.3482045 
0.2631233 0.4275757 0.309301 
0.3711138 0.3477389 0.2811473 
0.304982 0.3913436 0.3036744 
0.321811 0.4681688 0.2100202 
0.2661372 0.3685713 0.3652914 
0.2514933 0.4732229 0.2752837 
0.3224589 0.3857063 0.2918348 
0.3655283 0.3670668 0.2674049 
0.3109968 0.449562 0.2394412 
0.3158028 0.3773191 0.3068781 
0.3070459 0.3978665 0.2950876 
0.2493812 0.4074262 0.3431926 
0.3524107 0.3953087 0.2522806 
0.2790044 0.4482858 0.2727098 
0.2764427 0.4156231 0.3079343 
0.2832977 0.3652234 0.3514789 
0.3180137 0.3454799 0.3365064 
0.2695126 0.4044527 0.3260348 
0.2561292 0.438595 0.3052757 
0.2701079 0.4378622 0.2920299 
0.2795721 0.3166625 0.4037654 
0.3125616 0.4007401 0.2866982 
0.2720579 0.3715357 0.3564064 
0.3023171 0.4117505 0.2859324 
0.2432388 0.4309723 0.3257889 
0.2266657 0.4512228 0.3221115 
0.2428463 0.4199917 0.337162 
0.3098454 0.4411394 0.2490153 
0.3170215 0.3350816 0.347897 
0.2638425 0.3957097 0.3404479 
0.2643575 0.3636486 0.3719939 
0.2408852 0.3920124 0.3671024 
0.2783518 0.4354606 0.2861877 
0.2328417 0.4696645 0.2974938 
0.2321336 0.4753181 0.2925483 
0.2816559 0.3789399 0.3394041 
0.2961207 0.4253791 0.2785002 
0.2669706 0.3966339 0.3363955 
0.1847639 0.491129 0.3241071 
0.2630237 0.3782612 0.3587151 
0.2297669 0.3496974 0.4205357 
0.28466 0.4213342 0.2940058 
0.3581276 0.3804598 0.2614126 
0.2894521 0.4688765 0.2416714 
0.3044326 0.2832349 0.4123325 
0.2998734 0.3810253 0.3191013 
0.3083334 0.4185631 0.2731036 
0.2133444 0.4006088 0.3860469 
0.2545471 0.4005869 0.344866 
0.2733018 0.4193092 0.307389 
0.2688643 0.402342 0.3287937 
0.3264293 0.4278807 0.24569 
0.3241169 0.4016959 0.2741872 
0.2683 0.4168401 0.3148599 
0.3265215 0.3680767 0.3054018 
0.3151 0.3640916 0.3208084 
0.3007697 0.380609 0.3186213 
0.2217773 0.3471008 0.4311219 
0.3205229 0.4047474 0.2747296 
0.2680694 0.3917215 0.3402091 
0.27697 0.3691974 0.3538325 
0.2831975 0.4843438 0.2324587 
0.2832784 0.4271321 0.2895895 
0.3765405 0.3741186 0.2493409 
0.2928721 0.4040523 0.3030755 
0.3114868 0.4157481 0.2727651 
0.1963225 0.4603655 0.343312 
0.2798761 0.4135959 0.306528 
0.2202218 0.4349953 0.344783 
0.2600298 0.4662692 0.273701 
0.3934467 0.296569 0.3099844 
0.3001381 0.4016123 0.2982496 
0.2817831 0.4096827 0.3085341 
0.2265414 0.4314023 0.3420564 
0.2111694 0.4716472 0.3171834 
0.1967441 0.4150948 0.3881611 
0.2902533 0.4355832 0.2741635 
0.2247637 0.4173959 0.3578403 
0.3370191 0.4628145 0.2001663 
0.2561333 0.4092722 0.3345945 
0.3338421 0.3811902 0.2849677 
0.2740107 0.4375628 0.2884265 
0.3164427 0.3680769 0.3154804 
0.2462809 0.4410693 0.3126498 
0.2160068 0.4190058 0.3649874 
0.2961784 0.3430014 0.3608203 
0.2512182 0.3730973 0.3756845 
0.259068 0.4393624 0.3015697 
0.2979732 0.3827357 0.3192911 
0.3885429 0.3323967 0.2790604 
0.3465645 0.3642169 0.2892186 
0.221396 0.5474231 0.2311809 
0.2460678 0.3445087 0.4094235 
0.2110338 0.4808489 0.3081174 
0.304773 0.3821035 0.3131235 
0.3131403 0.4102342 0.2766255 
0.3065775 0.3840675 0.309355 
0.2674606 0.4250754 0.3074641 
0.3088946 0.4107026 0.2804028 
0.3217531 0.368936 0.3093109 
0.2134998 0.43854 0.3479602 
0.2603378 0.4868671 0.2527951 
0.2505149 0.481949 0.2675361 
0.3170557 0.3873061 0.2956382 
0.3276805 0.3939407 0.2783789 
0.2609245 0.4047796 0.3342958 
0.2008802 0.4876748 0.311445 
0.2293815 0.3763579 0.3942606 
0.2972933 0.381112 0.3215948 
0.279658 0.4337312 0.2866108 
0.2309037 0.4876982 0.2813981 
0.2918969 0.3540102 0.3540929 
0.2612292 0.462668 0.2761028 
0.307169 0.4462506 0.2465804 
0.2635079 0.3708219 0.3656702 
0.2621552 0.4667548 0.27109 
0.3046835 0.4507614 0.2445551 
0.2352311 0.4382474 0.3265215 
0.3199125 0.3367632 0.3433243 
0.2636091 0.3699478 0.366443 
0.2162917 0.4837348 0.2999735 
0.2555037 0.4486096 0.2958866 
0.2321637 0.4369785 0.3308578 
0.2734289 0.4505461 0.276025 
0.2183759 0.370663 0.4109611 
0.3104712 0.4266359 0.262893 
0.2217336 0.5262419 0.2520245 
0.2402474 0.405819 0.3539336 
0.2695737 0.3403331 0.3900932 
0.2960074 0.443244 0.2607486 
0.2698567 0.3806844 0.3494589 
0.2962615 0.4914616 0.2122769 
0.258968 0.4014517 0.3395803 
0.2797737 0.3700755 0.3501508 
0.2731396 0.3773695 0.3494909 
0.3039607 0.4676495 0.2283897 
0.2177528 0.395255 0.3869921 
0.3266032 0.4198114 0.2535854 
0.2886179 0.4359688 0.2754132 
0.2797986 0.4375002 0.2827012 
0.2970352 0.3763206 0.3266442 
0.3054547 0.4538265 0.2407188 
0.3068142 0.3888269 0.3043589 
0.2341609 0.4861561 0.279683 
0.3065519 0.3919468 0.3015013 
0.2518347 0.3743732 0.3737921 
0.2844948 0.4257492 0.289756 
0.3186537 0.3788018 0.3025444 
0.2335597 0.4362421 0.3301982 
0.3391475 0.439269 0.2215834 
0.2512894 0.4216757 0.3270349 
0.1928044 0.4167744 0.3904212 
0.2468513 0.4798225 0.2733262 
0.2920923 0.4505743 0.2573335 
0.3087654 0.3540683 0.3371663 
0.251655 0.4466781 0.3016668 
0.2168407 0.5338744 0.2492848 
0.2911745 0.3815958 0.3272297 
0.2985814 0.3999955 0.301423 
0.2141626 0.4697571 0.3160802 
0.2098735 0.4042614 0.3858651 
0.2683732 0.4178773 0.3137495 
0.3065399 0.3139238 0.3795363 
0.2080841 0.4662076 0.3257082 
0.3212052 0.3580373 0.3207575 
0.3545169 0.3982275 0.2472556 
0.1745273 0.4475663 0.3779064 
0.2132834 0.4591738 0.3275428 
0.1950072 0.4643514 0.3406415 
0.2702921 0.3211272 0.4085806 
0.240771 0.3031815 0.4560475 
0.3227483 0.4275109 0.2497408 
0.2922992 0.3924444 0.3152564 
0.3241573 0.377674 0.2981687 
0.3002301 0.3985532 0.3012168 
0.2850551 0.4529227 0.2620222 
0.2651184 0.4080266 0.326855 
0.2826701 0.4151973 0.3021326 
0.2506756 0.5122406 0.2370838 
0.2951133 0.3695427 0.335344 
0.3557754 0.3803866 0.263838 
0.2394898 0.4649462 0.2955641 
0.2896042 0.3820553 0.3283405 
0.2359225 0.4590102 0.3050674 
0.2964337 0.4338987 0.2696676 
0.3142247 0.432948 0.2528273 
0.2202761 0.4710551 0.3086689 
0.3534735 0.3897437 0.2567828 
0.3332767 0.3921779 0.2745453 
0.3437693 0.3491442 0.3070865 
0.2271141 0.4225758 0.3503101 
0.3543346 0.4108601 0.2348053 
0.2881447 0.4298697 0.2819855 
0.1801953 0.4620112 0.3577935 
0.2849437 0.3473573 0.367699 
0.2520329 0.4354368 0.3125303 
0.2505849 0.3610958 0.3883194 
0.3563527 0.3793377 0.2643096 
0.2864634 0.4706413 0.2428953 
0.3126689 0.3187951 0.3685359 
0.2589734 0.3618486 0.379178 
0.2951881 0.4066389 0.298173 
0.3368166 0.3937265 0.2694568 
0.3245569 0.4171256 0.2583174 
0.2428234 0.4119404 0.3452363 
0.3020822 0.3916246 0.3062932 
0.2358507 0.495242 0.2689072 
0.3221385 0.3783615 0.2995 
0.3316579 0.4517522 0.21659 
0.3885296 0.3960278 0.2154426 
0.3521322 0.405879 0.2419888 
0.2199257 0.4201588 0.3599155 
0.2471024 0.4578716 0.295026 
0.2200226 0.4236571 0.3563203 
0.2840471 0.4030418 0.312911 
0.3054502 0.3395834 0.3549664 
0.2421715 0.3964969 0.3613316 
0.3207056 0.2886734 0.3906209 
0.240027 0.3959028 0.3640702 
0.2608443 0.4638593 0.2752964 
0.2582514 0.4505119 0.2912367 
0.318857 0.4512485 0.2298945 
0.2749976 0.3375146 0.3874878 
0.2278122 0.384128 0.3880598 
0.2843744 0.3259445 0.3896811 
0.2726178 0.4089835 0.3183986 
0.2973058 0.4196955 0.2829987 
0.3377388 0.3963626 0.2658986 
0.3737847 0.3761712 0.2500441 
0.2782608 0.300326 0.4214132 
0.370885 0.3438656 0.2852494 
0.3223248 0.3355466 0.3421286 
0.4198542 0.3484301 0.2317157 
0.2802855 0.3749309 0.3447837 
0.2747077 0.4504886 0.2748037 
0.2375765 0.4414151 0.3210084 
0.2455675 0.5079918 0.2464407 
0.2159688 0.4980198 0.2860113 
0.3117786 0.3671708 0.3210506 
0.1957157 0.3965168 0.4077675 
