"p_1" "p_2" "p_3" "p_4"
0.3005786 0.3138952 0.002810062 0.3827161
0.2969467 0.3018387 0.0006386587 0.400576
0.2852203 0.2914832 0.0008622535 0.4224342
0.3046392 0.2719019 0.003382947 0.4200759
0.2999374 0.303157 0.0041284 0.3927772
0.289005 0.3180711 0.01730107 0.3756228
0.2869502 0.2977153 0.001272571 0.414062
0.2939241 0.3169191 0.009787615 0.3793692
0.3007677 0.3085448 0.007567031 0.3831205
0.2833524 0.3271677 0.00292683 0.3865531
0.2875087 0.3219646 0.004457049 0.3860697
0.2741233 0.3272948 0.006002151 0.3925798
0.3084252 0.3075632 0.01298669 0.3710248
0.293803 0.2999145 0.003195708 0.4030868
0.3025753 0.3323405 0.0004616634 0.3646226
0.2532652 0.3309815 0.007703489 0.4080499
0.3101736 0.3065861 0.005495531 0.3777448
0.2831172 0.3135718 0.003484049 0.3998269
0.294233 0.2982556 0.002490269 0.4050212
0.3006271 0.309722 0.002074777 0.3875761
0.3037544 0.3037611 0.01026485 0.3822196
0.3261647 0.302664 0.005914073 0.3652571
0.309097 0.2987105 0.0138492 0.3783433
0.3013847 0.2911015 0.01134961 0.3961642
0.2738381 0.3441081 0.007953788 0.3741001
0.3017717 0.2997562 0.001168721 0.3973034
0.2699076 0.3188223 0.002523349 0.4087468
0.3250213 0.3001951 2.87244e-05 0.3747548
0.310285 0.3191458 0.003055429 0.3675137
0.2914366 0.313666 0.01064991 0.3842475
0.2774069 0.322853 0.01087922 0.3888609
0.3069745 0.3142294 0.01000767 0.3687884
0.2840351 0.3257596 0.00162886 0.3885765
0.3148379 0.3003884 0.01354987 0.3712239
0.3201276 0.2862293 0.001787948 0.3918552
0.295433 0.2928057 0.003680306 0.408081
0.3143912 0.305506 0.001128868 0.3789739
0.2923117 0.322487 0.0142884 0.370913
0.2838874 0.3237721 0.003010319 0.3893302
0.3091898 0.3092422 0.003658062 0.3779099
0.3079001 0.3006526 0.003119619 0.3883277
0.3043401 0.3061361 0.0004608657 0.3890629
0.3096986 0.271246 0.007322867 0.4117326
0.3107116 0.2955901 0.005688833 0.3880095
0.3048472 0.3039776 0.004226992 0.3869482
0.3109671 0.3092529 0.004786585 0.3749934
0.305538 0.303222 0.003819584 0.3874205
0.2941604 0.2972558 0.001052369 0.4075315
0.3097704 0.2954026 0.00371328 0.3911137
0.3081058 0.304209 0.009144774 0.3785404
0.29543 0.318827 0.00548223 0.3802608
0.3078761 0.2870349 0.009512887 0.3955761
0.3193993 0.2869581 0.01167273 0.3819698
0.2903635 0.2963562 0.006523952 0.4067564
0.3008009 0.309385 0.003387857 0.3864262
0.2859206 0.3603648 0.001297439 0.3524172
0.3010896 0.3223338 0.01388645 0.3626902
0.2878375 0.2995054 0.001342921 0.4113143
0.2778539 0.3124572 0.0001991377 0.4094898
0.2685546 0.3108823 0.004407077 0.416156
0.2922161 0.3271981 0.001384634 0.3792012
0.2940123 0.2931356 0.001939451 0.4109126
0.2887611 0.3249137 0.0189426 0.3673826
0.2842348 0.315578 0.006888832 0.3932984
0.3082513 0.2938333 0.002023456 0.3958919
0.3028647 0.3315201 0.0002711431 0.365344
0.3203139 0.3265527 0.01282899 0.3403044
0.3042501 0.2858073 0.001370959 0.4085717
0.3178972 0.3053619 0.002165244 0.3745757
0.2639652 0.3310989 0.0168118 0.3881241
0.3026912 0.2939487 0.03677868 0.3665814
0.3336772 0.2905249 0.01899212 0.3568058
0.3072049 0.3217787 0.01416134 0.3568551
0.3019682 0.3131372 0.009781103 0.3751136
0.2774637 0.3174638 0.0265675 0.378505
0.2995988 0.311517 0.008261338 0.3806229
0.2908322 0.3143977 0.002938219 0.3918319
0.2876866 0.3279314 0.001534951 0.3828471
0.3022458 0.3287467 0.005244651 0.3637628
0.2687561 0.3246968 0.0003092346 0.4062379
0.2932855 0.3309197 0.00117623 0.3746186
0.2876487 0.3207796 0.0130296 0.3785421
0.2843336 0.2924374 0.001055764 0.4221733
0.3014962 0.2927368 0.004986271 0.4007807
0.2870529 0.3062824 0.002579769 0.4040849
0.2857551 0.3054004 0.01030757 0.398537
0.318968 0.2876806 0.007001509 0.3863499
0.2936715 0.306282 0.002768895 0.3972777
0.2804163 0.3207282 0.006939784 0.3919157
0.2976993 0.3380172 0.0005593681 0.3637241
0.2990932 0.3169322 0.01255779 0.3714167
0.2784576 0.2879461 0.00151506 0.4320812
0.2789346 0.3185268 0.003999426 0.3985391
0.302777 0.2929143 0.009398018 0.3949107
0.2888932 0.3049639 0.002438593 0.4037043
0.326804 0.3074389 0.009997301 0.3557598
0.2967948 0.3227607 0.006639765 0.3738047
0.3032934 0.2972701 0.001197691 0.3982389
0.2902007 0.3032435 0.0006998369 0.405856
0.3043865 0.3032808 0.00157796 0.3907547
0.2749665 0.2985229 0.01030569 0.4162049
0.2888766 0.3249483 0.002132061 0.384043
0.2820838 0.3030624 0.003905299 0.4109485
0.2932757 0.314233 0.0003797968 0.3921115
0.3065347 0.3009041 0.001463842 0.3910973
0.310658 0.2902154 0.001959948 0.3971666
0.2933157 0.3162073 0.02281749 0.3676595
0.2710844 0.3188527 0.01082376 0.3992392
0.3153557 0.3053493 0.008914013 0.370381
0.2866072 0.308756 0.003414128 0.4012227
0.2800684 0.3417971 0.0003540923 0.3777804
0.2902013 0.3175306 0.001942697 0.3903254
0.3058628 0.3229866 0.002747458 0.3684031
0.2812217 0.3317993 0.001924686 0.3850543
0.303231 0.3025618 0.0001513142 0.3940559
0.3059152 0.3225042 0.006646269 0.3649342
0.2941619 0.3311692 0.001035686 0.3736332
0.2773086 0.3290515 0.0001753593 0.3934646
0.2883804 0.2929345 0.001269468 0.4174157
0.3121475 0.3081257 0.007402018 0.3723248
0.2825643 0.329211 0.0001299347 0.3880947
0.2940701 0.3104878 0.00868338 0.3867587
0.2823435 0.3158083 0.001781643 0.4000666
0.2655776 0.3099977 0.003278535 0.4211462
0.3091911 0.3121089 0.003761582 0.3749385
0.3159265 0.2925067 0.0003479059 0.3912189
0.2663308 0.3140229 0.006091935 0.4135543
0.2864179 0.2761825 0.001514798 0.4358848
0.3136294 0.3163679 0.007201116 0.3628016
0.2879259 0.3049188 0.007657366 0.3994979
0.2944743 0.3087194 0.006842299 0.389964
0.2919809 0.287328 0.007095622 0.4135954
0.278858 0.3251425 0.000810918 0.3951886
0.2761537 0.2926101 0.008252792 0.4229835
0.2815232 0.3156796 0.0040154 0.3987818
0.28864 0.3152453 0.008082595 0.3880321
0.319311 0.2999387 0.01397556 0.3667747
0.2715163 0.3308247 0.003565868 0.3940931
0.2963923 0.3181577 0.008589152 0.3768608
0.3141877 0.30825 0.002372696 0.3751896
0.2957463 0.3412368 0.008748128 0.3542687
0.3119439 0.3056765 0.008305559 0.3740741
0.3182813 0.3064386 0.008469315 0.3668108
0.2995775 0.30992 0.00754596 0.3829565
0.2909631 0.3012898 0.001960755 0.4057863
0.2867195 0.2940727 0.005262724 0.413945
0.2819455 0.3161099 0.003343712 0.3986009
0.2946962 0.316698 0.0007509053 0.387855
0.3079856 0.311817 0.001364435 0.378833
0.2882284 0.340938 0.003183379 0.3676502
0.2848885 0.3091267 0.0001698692 0.4058149
0.3050949 0.2702326 0.001437305 0.4232353
0.2873007 0.3128553 0.002762807 0.3970812
0.2737438 0.3153703 0.009062205 0.4018236
0.3016878 0.303272 0.00344041 0.3915998
0.2899849 0.294346 0.0008367103 0.4148324
0.2953765 0.3212395 0.002588325 0.3807957
0.2747731 0.3479411 0.005835631 0.3714502
0.2992332 0.3111826 0.003354451 0.3862298
0.2989559 0.3039365 0.002820353 0.3942873
0.3029019 0.3013718 0.002299697 0.3934266
0.2874795 0.3182829 0.00240966 0.3918279
0.2891569 0.3147814 0.00290636 0.3931553
0.2923969 0.3186686 0.003994859 0.3849396
0.3083745 0.29444 0.007783709 0.3894018
0.2858479 0.3100962 0.006973808 0.3970821
0.3158385 0.2994037 0.004419908 0.3803378
0.2966301 0.3047069 0.002023163 0.3966398
0.3003582 0.3378205 0.002631557 0.3591898
0.2888889 0.3157611 0.006986705 0.3883633
0.2977308 0.3281289 0.00201275 0.3721275
0.3311967 0.301462 0.002160671 0.3651806
0.2782869 0.3221807 0.0005454298 0.3989869
0.2916101 0.3057899 0.001596365 0.4010036
0.3085897 0.3021104 0.0001008755 0.389199
0.2817329 0.3309043 0.009108145 0.3782546
0.2865043 0.3074821 0.002569424 0.4034442
0.3071565 0.2816296 0.01231858 0.3988953
0.2858365 0.3043269 0.0002667269 0.4095698
0.2895258 0.3111362 0.004880724 0.3944573
0.3028256 0.2899771 0.0007359411 0.4064614
0.2818036 0.3394947 0.001836732 0.376865
0.2804319 0.3079696 0.001228849 0.4103696
0.2992385 0.2981176 0.002911981 0.3997319
0.2901713 0.3111837 0.01006225 0.3885827
0.2695406 0.3146406 0.0156877 0.4001312
0.2970272 0.2840454 0.003425847 0.4155015
0.2993958 0.309752 0.009730013 0.3811222
0.2631475 0.3138693 0.009069353 0.4139139
0.3238395 0.3056135 0.02125164 0.3492953
0.3223679 0.292244 0.009268421 0.3761197
0.3059595 0.3031959 0.006551175 0.3842934
0.3112428 0.3253284 0.00307 0.3603589
0.294407 0.314462 0.005325936 0.3858051
0.2806794 0.3410917 0.0009896327 0.3772393
0.2852562 0.2984679 0.02293302 0.3933428
0.3046173 0.301096 0.002470444 0.3918163
0.31928 0.2814884 0.009086197 0.3901455
0.293239 0.3063177 0.00139003 0.3990532
0.3212545 0.3086011 0.01407972 0.3560647
0.3196253 0.326665 0.0082011 0.3455086
0.2941281 0.3254376 0.007752177 0.3726822
0.2693998 0.3150214 0.00389346 0.4116853
0.3179749 0.2855495 0.007701455 0.3887741
0.2758815 0.324001 0.01123138 0.3888862
0.3139291 0.2841479 0.001652562 0.4002704
0.2947074 0.3139091 0.0003036441 0.3910799
0.3183834 0.2928944 0.008769617 0.3799526
0.3037098 0.3126191 0.0008257872 0.3828452
0.2953904 0.3294309 8.603625e-05 0.3750927
0.2784169 0.3311677 0.001943871 0.3884716
0.2931838 0.3128188 0.01041197 0.3835855
0.2961113 0.2997217 0.00382736 0.4003396
0.2911488 0.310134 0.01126548 0.3874518
0.3025894 0.3148499 0.006223823 0.3763369
0.2893932 0.3108138 0.003135832 0.3966571
0.2758354 0.3086447 0.0009895666 0.4145304
0.2844134 0.3249886 0.006216485 0.3843816
0.2807304 0.3180395 0.006161445 0.3950687
0.3216389 0.2966067 0.0013325 0.380422
0.2996916 0.302057 0.002765938 0.3954855
0.2910337 0.3200899 0.004861576 0.3840149
0.2905286 0.3113319 0.00324476 0.3948947
0.2996152 0.3001883 0.00498606 0.3952105
0.2785286 0.3205346 0.0002737094 0.4006631
0.2966551 0.2926587 0.002759727 0.4079265
0.2988599 0.3057158 0.0009573647 0.394467
0.3060611 0.2945625 0.0008628622 0.3985136
0.3090166 0.2970751 0.003307192 0.3906011
0.2886737 0.310173 0.0009022563 0.4002511
0.2997156 0.2860067 0.003697969 0.4105797
0.2897141 0.3027812 0.004223102 0.4032816
0.2629936 0.325272 0.01221942 0.399515
0.3027177 0.2874491 0.005114646 0.4047186
0.2892064 0.2916678 0.001187603 0.4179382
0.3057628 0.3121507 0.0004117978 0.3816747
0.288549 0.3292958 0.007123691 0.3750315
0.2894461 0.321132 0.003306582 0.3861153
0.3107175 0.2964199 0.004992128 0.3878705
0.3067217 0.313554 0.004785633 0.3749386
0.2637786 0.3046924 0.004445883 0.4270831
0.2981525 0.2985874 0.01681475 0.3864453
0.3080808 0.2921744 0.008031146 0.3917137
0.2800845 0.3174512 0.001816635 0.4006477
0.3038066 0.3183734 0.004036786 0.3737832
0.325362 0.2886207 0.01212021 0.3738971
0.2895004 0.313276 0.004106694 0.393117
0.2928239 0.3114591 0.002061575 0.3936554
0.2947697 0.3137667 0.001632098 0.3898315
0.3016681 0.3110555 0.006750954 0.3805255
0.3091734 0.2796889 0.007104862 0.4040328
0.290094 0.3206702 0.003996615 0.3852392
0.2984751 0.3125948 0.006822794 0.3821073
0.310194 0.313915 0.005344695 0.3705462
0.2930468 0.3234468 0.003373299 0.3801331
0.2969343 0.3173169 0.005652321 0.3800965
0.2802221 0.3125336 0.003484315 0.4037599
0.3138772 0.2988893 0.002914131 0.3843194
0.2893119 0.3282594 0.01638773 0.3660409
0.2796953 0.3108571 0.001197526 0.4082501
0.3044302 0.3290628 0.003926642 0.3625803
0.2857736 0.3146147 0.001733922 0.3978778
0.3095804 0.3229312 0.00554273 0.3619456
0.2952053 0.3028513 0.00034901 0.4015944
0.2846497 0.3247779 0.0009634483 0.3896089
0.3190269 0.3133154 0.00293709 0.3647206
0.3125193 0.3139122 0.00119783 0.3723707
0.2790364 0.3136433 0.003832944 0.4034874
0.3275246 0.2932128 0.00266701 0.3765956
0.2933811 0.3345748 0.002511135 0.3695329
0.3039005 0.298798 0.01200911 0.3852924
0.2999866 0.3227091 0.006188939 0.3711154
0.2924899 0.3203207 0.004270245 0.3829192
0.2743803 0.3332074 0.003572807 0.3888395
0.2996566 0.3008066 0.0005131267 0.3990236
0.2810334 0.306559 0.0011723 0.4112353
0.3110959 0.3051394 0.001131603 0.3826331
0.302183 0.3053339 0.004660289 0.3878228
0.2904799 0.3209703 0.005986412 0.3825633
0.323956 0.2958223 0.002261047 0.3779606
0.2727915 0.3361912 0.001650199 0.3893671
0.2935818 0.2986922 0.002133509 0.4055925
0.2775186 0.337679 0.002078093 0.3827243
0.3186313 0.2804653 0.001566404 0.3993369
0.2962523 0.3001962 0.03508182 0.3684697
0.2709141 0.3203918 0.001519145 0.4071749
0.3031229 0.2895869 0.002965049 0.4043252
0.2999691 0.3074641 0.004368191 0.3881985
0.298651 0.3200846 0.0003077216 0.3809567
0.3097265 0.3354402 6.146184e-05 0.3547718
0.3010489 0.299204 0.002574047 0.3971731
0.299959 0.3107209 0.002383549 0.3869366
0.2882361 0.3318037 0.03558996 0.3443702
0.2830744 0.3229201 0.0184781 0.3755274
0.2887166 0.321823 0.04374563 0.3457147
0.2956603 0.2882079 0.01523636 0.4008954
0.2754624 0.3287682 0.003804965 0.3919644
0.2910823 0.314421 0.007180108 0.3873165
0.2889501 0.3060583 0.002962579 0.402029
0.288672 0.3044411 0.003459077 0.4034278
0.2760325 0.3274883 0.009574533 0.3869047
0.2842829 0.3187071 0.002358762 0.3946512
0.3293503 0.3241053 0.00198929 0.3445551
0.2678721 0.3292144 0.004704469 0.3982091
0.3149084 0.3194678 0.001271062 0.3643528
0.3056444 0.3001782 0.003884387 0.390293
0.3115832 0.2919048 0.002377612 0.3941344
0.344914 0.2871015 0.001267765 0.3667168
0.3053316 0.2878767 0.005873173 0.4009186
0.2983413 0.3287393 0.002406623 0.3705128
0.3101552 0.3045487 0.006793065 0.378503
0.2777643 0.3261175 0.01114144 0.3849767
0.2796461 0.3322242 0.01153847 0.3765912
0.3132681 0.2951658 0.004197567 0.3873686
0.2761565 0.293389 0.007588279 0.4228662
0.2891618 0.3280111 0.01190395 0.3709232
0.2776887 0.3266552 0.003584643 0.3920714
0.296757 0.3111624 0.0003289631 0.3917517
0.2986612 0.3100071 0.005021223 0.3863105
0.3076833 0.3054998 0.001965451 0.3848515
0.3133212 0.281288 0.001898109 0.4034927
0.3101746 0.3044497 0.008622043 0.3767536
0.2892753 0.3231485 2.859727e-05 0.3875476
0.2693296 0.3470174 0.0004428247 0.3832102
0.2635393 0.3265408 0.002383857 0.4075361
0.2782626 0.3330642 0.004506684 0.3841665
0.3022326 0.3111993 0.004023289 0.3825448
0.2890503 0.2997234 0.002923074 0.4083032
0.3059549 0.3009304 0.005704369 0.3874104
0.2883952 0.3074079 0.001497179 0.4026997
0.2997716 0.3145936 0.001661154 0.3839736
0.3062709 0.3254176 0.0002218704 0.3680897
0.3088687 0.2906851 0.005039274 0.395407
0.3035962 0.3207595 0.002853172 0.3727911
0.2682168 0.3186731 0.0105256 0.4025845
0.2767948 0.3090471 5.601559e-05 0.414102
0.2906904 0.3050356 0.002457759 0.4018162
0.3100674 0.2927487 0.008061472 0.3891224
0.3097997 0.3123049 0.003582109 0.3743134
0.310847 0.2842316 0.005374152 0.3995472
0.2911651 0.3006654 0.002350538 0.4058189
0.2934519 0.3257683 0.001375935 0.3794039
0.3164119 0.2960002 0.002183007 0.3854049
0.2772246 0.319447 0.0005556517 0.4027728
0.3298934 0.2757473 0.0004144967 0.3939448
0.2837874 0.3177676 0.01130186 0.3871431
0.3068662 0.3253116 0.001241682 0.3665805
0.3109128 0.3060713 0.002012069 0.3810039
0.3224889 0.2910754 0.003107643 0.3833281
0.2730069 0.3313033 0.002772685 0.3929171
0.2879564 0.3078101 2.679431e-05 0.4042067
0.3081073 0.3085226 0.00322817 0.380142
0.3089469 0.2976326 0.003385808 0.3900347
0.2952463 0.3184235 0.002537999 0.3837922
0.2921498 0.3136821 0.0001422697 0.3940257
0.3057206 0.299728 0.004527046 0.3900243
0.3112417 0.2861598 0.001327089 0.4012715
0.3000572 0.2961537 0.003050794 0.4007383
0.2917735 0.2998655 0.01332607 0.395035
0.2919935 0.3217628 0.007203751 0.37904
0.3063364 0.3067493 0.003274757 0.3836396
0.312358 0.2959598 0.001615438 0.3900667
0.2992503 0.3368635 0.00351649 0.3603697
0.2921529 0.3036381 0.006100164 0.3981088
0.3066751 0.3254853 0.0007599945 0.3670796
0.2985638 0.3128585 0.004996087 0.3835816
0.2973379 0.3151146 0.0003150539 0.3872324
0.2827747 0.3014544 0.004255308 0.4115156
0.3003473 0.3165216 0.003392997 0.3797381
0.3242957 0.2826107 0.002395875 0.3906977
0.2774291 0.3262325 0.00536103 0.3909774
0.2759951 0.3285897 0.001637609 0.3937776
0.297919 0.3214722 0.002332151 0.3782766
0.2778696 0.2919687 0.006573432 0.4235883
0.291753 0.3180513 0.0003508035 0.3898449
0.287216 0.3112204 0.004080265 0.3974833
0.2961566 0.322818 0.0001003853 0.380925
0.3030815 0.2936256 0.003539669 0.3997532
0.3053467 0.2974372 0.005216442 0.3919997
0.2913309 0.3077502 0.006985719 0.3939332
0.2884259 0.3275525 0.001973958 0.3820476
0.2958925 0.3314369 0.007160148 0.3655104
0.2797404 0.3269514 0.004135562 0.3891726
0.3048751 0.3239716 0.000772708 0.3703805
0.292793 0.3199601 0.003388731 0.3838581
0.2930884 0.3124287 0.0005827603 0.3939002
0.2812129 0.3184793 0.0004591317 0.3998487
0.2956367 0.303168 0.008075564 0.3931196
0.3144737 0.3080463 0.01150779 0.3659722
0.3082626 0.2981301 0.004983274 0.388624
0.3094469 0.3038751 0.0022767 0.3844014
0.2878011 0.3029422 0.0122886 0.3969681
0.2864721 0.2999645 0.01113226 0.4024312
0.3082745 0.288903 0.004801482 0.398021
0.2939988 0.3269411 0.01012594 0.3689342
0.285977 0.3325857 0.001761411 0.3796759
0.2851272 0.3061724 0.003233338 0.4054671
0.3147387 0.3102517 0.005440962 0.3695687
0.2857748 0.3131057 0.0008527601 0.4002668
0.2779128 0.331474 0.005141053 0.3854721
0.3097584 0.3005614 0.001147521 0.3885327
0.3003617 0.2878856 0.003455114 0.4082976
0.3160373 0.3147405 0.02393902 0.3452831
0.3281868 0.3201535 0.007708999 0.3439507
0.281552 0.3238484 0.006948886 0.3876507
0.2791114 0.3323504 0.001329281 0.3872089
0.289235 0.3156079 0.002946601 0.3922105
0.3027082 0.2977908 0.002020616 0.3974803
0.3076418 0.2845979 0.006300423 0.4014599
0.2792216 0.3304771 0.0001869444 0.3901143
0.2990733 0.3076298 0.005618346 0.3876785
0.3074768 0.2951802 0.004514091 0.3928289
0.3232949 0.2953543 0.0009278263 0.380423
0.2746233 0.3196646 0.002525593 0.4031864
0.2974965 0.3230431 0.002742299 0.3767182
0.2637141 0.3338417 0.008759131 0.393685
0.2983934 0.3221271 0.007199803 0.3722797
0.2965156 0.304792 0.009065014 0.3896273
0.2969873 0.3017392 0.009111878 0.3921616
0.296785 0.3156664 0.003461914 0.3840867
0.2780114 0.3437327 0.001708421 0.3765475
0.2958588 0.3261632 0.000982985 0.3769951
0.2894123 0.3014597 0.004979178 0.4041488
0.288431 0.3145856 0.0005312164 0.3964521
0.3125488 0.2979506 0.003817645 0.385683
0.2952805 0.319598 0.005661816 0.3794597
0.2976781 0.3085558 0.006002637 0.3877635
0.2886367 0.2991018 0.006143722 0.4061178
0.304447 0.2997497 0.003340511 0.3924628
0.3266092 0.3111279 0.0003895715 0.3618733
0.2968953 0.3046766 0.007122898 0.3913052
0.2949475 0.3390497 0.006450388 0.3595524
0.2983604 0.3080434 0.0001151377 0.3934811
0.3139261 0.2927191 0.01210708 0.3812476
0.3198002 0.3074654 0.003623766 0.3691106
0.3088747 0.313425 0.004848954 0.3728513
0.2832684 0.3190396 0.004723268 0.3929687
0.2968953 0.3117614 0.007492475 0.3838509
0.2919135 0.3262123 5.192203e-05 0.3818223
0.2897465 0.3187065 0.005906581 0.3856404
0.3265348 0.2853639 0.003785415 0.3843159
0.3002292 0.3375172 0.003774436 0.3584791
0.2823449 0.3275746 0.00675476 0.3833257
0.2687744 0.3094041 0.005186414 0.4166351
0.2933194 0.3110852 0.01424339 0.381352
0.3330857 0.2917111 0.00608618 0.369117
0.2994886 0.307267 0.006914242 0.3863301
0.2924826 0.3226417 0.003944692 0.380931
0.311 0.3124332 0.001422347 0.3751445
0.2916896 0.3137584 0.0007410186 0.393811
0.2899547 0.3241224 0.0002059507 0.3857169
0.2938556 0.2924029 0.002762134 0.4109794
0.278201 0.2960606 0.01601692 0.4097216
0.2981104 0.327872 0.001337375 0.3726802
0.3060451 0.290572 0.002079726 0.4013032
0.3001965 0.2997201 0.01357069 0.3865127
0.2844803 0.3229902 0.01443985 0.3780897
0.3000692 0.3172736 0.0001036026 0.3825536
0.2903333 0.3027501 0.01952461 0.387392
0.2917794 0.3249359 0.005931943 0.3773527
0.270908 0.3138131 0.01756292 0.397716
0.3029572 0.2719814 0.008266547 0.4167948
0.3087032 0.3079316 0.0004990377 0.3828661
0.3000391 0.3029071 0.003998177 0.3930556
0.3044847 0.3039797 0.002162506 0.3893731
0.3188327 0.3020346 0.01461232 0.3645203
0.294933 0.3007685 0.004159485 0.4001391
0.2901962 0.302915 0.005307707 0.4015811
0.291279 0.3240785 0.007463749 0.3771788
0.2732839 0.3189407 0.00621333 0.4015621
0.289479 0.306686 0.004623117 0.3992119
0.3069058 0.2930191 0.003308652 0.3967664
0.3201391 0.3122261 0.0001174566 0.3675174
0.2886932 0.329775 0.008863148 0.3726686
0.3344676 0.3245257 0.003317607 0.3376891
0.308066 0.3160799 0.003411583 0.3724425
0.2932194 0.3126377 3.190476e-05 0.394111
0.3139256 0.2932617 0.001206644 0.3916061
0.2914858 0.3211063 0.002729173 0.3846787
0.2826506 0.2968303 0.0005534526 0.4199657
0.2920356 0.3208612 0.002333408 0.3847698
0.3120513 0.2963427 0.002821499 0.3887845
0.3165346 0.3289342 0.0006322584 0.3538989
0.3029705 0.2963742 0.005760822 0.3948945
0.2864328 0.3162029 0.01768404 0.3796802
0.2853963 0.2940978 0.0006389519 0.419867
0.3148783 0.312656 0.00551459 0.3669511
0.2891339 0.3255889 0.001543019 0.3837342
0.2982875 0.3078747 0.004643883 0.3891939
0.2831882 0.3259596 7.606767e-05 0.3907761
0.3211418 0.3123063 0.009804219 0.3567477
0.2883921 0.2946533 0.0005896692 0.4163649
0.2941277 0.3136608 0.006768107 0.3854434
0.2897159 0.3096722 0.0005809924 0.4000309
0.2951858 0.304154 0.005315441 0.3953448
0.299246 0.3165934 0.001263419 0.3828972
0.3227611 0.3101169 0.003604808 0.3635172
0.273706 0.3061597 0.00118501 0.4189493
0.3029119 0.3056924 0.003825176 0.3875706
0.2797934 0.3145016 0.01981041 0.3858946
0.2911547 0.3176069 0.0004787748 0.3907596
0.2923582 0.3100912 0.01097607 0.3865744
0.3020525 0.3100754 0.00461555 0.3832566
0.2844664 0.3110264 0.005587772 0.3989194
0.292757 0.3117451 0.007416499 0.3880814
0.3000359 0.3123473 0.005807657 0.3818091
0.2933272 0.3171725 0.002096483 0.3874039
0.2793345 0.3191668 0.009401362 0.3920973
0.3166159 0.2981246 0.01421071 0.3710488
0.2860623 0.3145659 0.005541716 0.3938301
0.3038192 0.30423 0.001702361 0.3902485
0.2826876 0.3259093 0.001890177 0.3895129
0.2911381 0.3015691 0.002062105 0.4052307
0.2838947 0.315013 0.006188589 0.3949037
0.2888848 0.2950464 0.002156156 0.4139127
0.2771493 0.3135975 0.01202106 0.3972322
0.3012076 0.2979308 0.0007235362 0.400138
0.2999864 0.3028316 0.001973893 0.395208
0.2841883 0.3209295 0.0001415277 0.3947407
0.2989666 0.3013351 0.005510805 0.3941875
0.2725339 0.3280816 0.006646472 0.392738
0.2860746 0.3266445 0.002943856 0.384337
0.2845706 0.3170759 0.009199875 0.3891537
0.3000208 0.3136053 0.002959276 0.3834147
0.3012595 0.3106241 0.0003783182 0.3877381
0.3054269 0.306822 0.0007301341 0.3870209
0.2681747 0.3254529 0.0005816224 0.4057908
0.2980777 0.3236403 0.009167273 0.3691147
0.308065 0.2929766 0.005896007 0.3930624
0.3237766 0.3059298 0.005167635 0.365126
0.3114521 0.2817068 0.001825175 0.4050159
0.2980475 0.2894723 0.00149442 0.4109858
0.2908345 0.3219363 0.00447094 0.3827582
0.3032616 0.3148259 0.0005933123 0.3813192
0.2844492 0.3108102 0.004451159 0.4002894
0.2870394 0.3250952 0.02151082 0.3663547
0.2784414 0.3208289 0.0007736984 0.399956
0.2796085 0.3160554 0.001438646 0.4028974
0.3131431 0.2809483 9.617496e-05 0.4058123
0.2782124 0.3421439 0.0009379468 0.3787058
0.2816349 0.312583 0.003238207 0.4025439
0.3168515 0.2672569 0.01503973 0.4008519
0.3131355 0.3048588 0.005016499 0.3769892
0.3211921 0.2948748 0.009157897 0.3747752
0.3182724 0.2832978 0.006619878 0.3918099
0.2826389 0.3144798 0.00781321 0.395068
0.3096452 0.3038492 0.0024427 0.3840629
0.2738001 0.3071972 0.0005864367 0.4184163
0.317378 0.297423 0.004682111 0.3805169
0.3286674 0.3047729 6.1147e-05 0.3664986
0.3202601 0.2872405 0.001145749 0.3913537
0.3096421 0.2928766 0.003795251 0.3936861
0.3099214 0.3242469 0.005748558 0.3600832
0.2731236 0.3343546 0.005893562 0.3866282
0.3027854 0.3046827 0.01065454 0.3818773
0.3116529 0.2969313 0.007310208 0.3841056
0.2739361 0.3114407 0.003143704 0.4114795
0.3012149 0.3066021 0.01554606 0.376637
0.2616076 0.323424 0.00730304 0.4076653
0.2981266 0.3234695 0.002830327 0.3755735
0.2932537 0.2993149 0.009214992 0.3982164
0.2925786 0.3183591 0.002680168 0.3863822
0.3066509 0.3128757 0.001761058 0.3787124
0.3167915 0.2967281 0.006306088 0.3801743
0.3048748 0.2933579 0.003307724 0.3984596
0.3061365 0.3189863 0.00610826 0.3687689
0.2638813 0.3113572 0.003751044 0.4210105
0.2926503 0.3140277 0.005546918 0.3877751
0.3029303 0.3009357 0.003209251 0.3929248
0.2854928 0.3209304 0.0001238905 0.3934529
0.3086036 0.3278005 0.002662964 0.3609329
0.3086525 0.318789 0.002838873 0.3697196
0.2884644 0.3103885 0.006079311 0.3950679
0.2773696 0.3097695 0.001490893 0.41137
0.2978 0.3209455 0.0002827821 0.3809717
0.2697308 0.3245399 0.0002857812 0.4054435
0.3030143 0.2969015 0.001828251 0.398256
0.2795394 0.2939341 0.003399419 0.4231271
0.2823778 0.292805 0.01112884 0.4136884
0.2774 0.3104938 0.001844643 0.4102616
0.3088777 0.3109668 0.002363789 0.3777917
0.297175 0.3078997 0.005619242 0.3893061
0.2826272 0.3039947 0.002437354 0.4109408
0.2944322 0.3231912 0.003083972 0.3792926
0.2912219 0.3188236 0.003062429 0.3868921
0.3109087 0.2980983 0.001571758 0.3894213
0.2958902 0.3354794 0.005128489 0.3635019
0.2719082 0.3064889 0.0005595212 0.4210434
0.2890243 0.3207707 0.007100574 0.3831045
0.2821383 0.3213611 0.002814621 0.393686
0.258768 0.3321574 0.002585628 0.406489
0.2958845 0.304916 0.0004713356 0.3987281
0.2855436 0.3156679 0.0009526765 0.3978358
0.296538 0.3152466 0.006349612 0.3818658
0.3030255 0.2897666 0.00463312 0.4025748
0.306163 0.2750296 0.02029451 0.3985129
0.2784841 0.2858692 0.004216874 0.4314298
0.3122778 0.2788496 0.001719471 0.4071531
0.2848307 0.310162 0.005083929 0.3999233
0.3145161 0.281141 0.00527817 0.3990648
0.2872174 0.294054 0.004274184 0.4144545
0.2805303 0.3136304 0.005657383 0.4001819
0.2898395 0.299626 0.0008569137 0.4096776
0.287503 0.2996759 0.002711957 0.4101091
0.3042697 0.3214117 0.007428711 0.3668898
0.2871455 0.3462444 0.0009264417 0.3656836
0.2875267 0.3344134 0.003326083 0.3747338
0.3273842 0.2814165 0.00154501 0.3896543
0.3039227 0.29433 0.007862114 0.3938852
0.2754529 0.3391426 0.01239999 0.3730045
0.2926059 0.324419 0.0042573 0.3787178
0.2962486 0.3138972 0.00270065 0.3871536
0.2699142 0.3251418 0.004466628 0.4004774
0.2939536 0.3261242 0.007010543 0.3729116
0.3063317 0.3014257 0.002082163 0.3901605
0.2947846 0.3280143 0.001911313 0.3752898
0.2938652 0.3078422 0.005190465 0.3931021
0.2798456 0.3275497 0.0001809979 0.3924238
0.2828869 0.2901263 0.0008858845 0.4261009
0.3095319 0.3126602 0.002619653 0.3751882
0.306065 0.3065789 0.001403608 0.3859524
0.3018105 0.3070102 0.0020197 0.3891596
0.2797761 0.3204904 0.005313861 0.3944196
0.2992173 0.315055 0.008249883 0.3774779
0.2911927 0.3152779 0.003018374 0.390511
0.3317836 0.2980836 0.003043982 0.3670888
0.303875 0.304697 0.01104051 0.3803875
0.3023502 0.2795282 0.005570266 0.4125513
0.2848865 0.3240283 0.002910283 0.3881749
0.2903427 0.316095 0.001462262 0.3921
0.2799883 0.3230282 0.003867772 0.3931157
0.3016778 0.3273226 0.01735869 0.3536409
0.3241442 0.2942878 0.002491545 0.3790764
0.2798462 0.3082397 0.00265274 0.4092614
0.2859761 0.3317513 0.002271987 0.3800006
0.2845714 0.321163 9.508746e-05 0.3941706
0.3302964 0.3090984 0.0004322927 0.3601729
0.2759144 0.3074002 0.002868634 0.4138167
0.3214931 0.2823328 0.002337191 0.3938369
0.2707912 0.3462669 0.0008019841 0.3821399
0.3355539 0.3073212 0.005292756 0.3518322
0.33546 0.3126177 0.01275352 0.3391688
0.2874837 0.31718 0.003487354 0.391849
0.308057 0.3024815 0.003636704 0.3858248
0.2862277 0.2994166 0.0009783405 0.4133773
0.3101724 0.3102473 1.646112e-05 0.3795638
0.2914972 0.3354188 0.005183733 0.3679002
0.3010973 0.304197 0.008851645 0.385854
0.3038482 0.3000629 0.005408819 0.39068
0.3082121 0.3089766 0.003076317 0.379735
0.3042743 0.315721 0.01725034 0.3627544
0.2960659 0.3012455 0.002976484 0.3997121
0.3156313 0.3145344 0.001003488 0.3688308
0.3179071 0.2666768 0.01358823 0.4018278
0.2934413 0.3427563 0.0040157 0.3597867
0.2941079 0.3430768 0.001615482 0.3611998
0.3170745 0.3242121 0.004355947 0.3543574
0.287493 0.3050277 0.01644429 0.391035
0.3024572 0.2963281 0.005808367 0.3954063
0.3047442 0.302056 0.001863 0.3913369
0.2943152 0.3140776 0.0009878861 0.3906193
0.3170691 0.2907712 0.004770693 0.3873891
0.2719021 0.3174678 0.002701847 0.4079283
0.3006122 0.3049312 0.004786656 0.3896699
0.2878609 0.3114372 0.002367168 0.3983348
0.2889833 0.3342896 0.0002058586 0.3765212
0.2712773 0.3231719 0.01127032 0.3942805
0.2973384 0.2936843 0.008364725 0.4006125
0.2979941 0.3235464 0.000954267 0.3775052
0.30981 0.3111558 0.005199953 0.3738342
0.3218463 0.3014856 0.0002290444 0.376439
0.2957557 0.3039812 0.009795497 0.3904677
0.3051013 0.3091629 0.01033867 0.3753971
0.308955 0.3187435 0.01248224 0.3598192
0.2900194 0.3236959 0.005692655 0.3805921
0.2949728 0.3203237 0.03594263 0.3487609
0.2842761 0.2904495 0.02036233 0.4049121
0.2825583 0.3158889 0.0139754 0.3875774
0.3064514 0.3154078 0.05639434 0.3217464
0.3097927 0.2876871 7.543954e-05 0.4024448
0.3097244 0.3091359 0.001224628 0.379915
0.2698861 0.3290568 0.006687915 0.3943692
0.3042824 0.3065706 0.003697916 0.3854491
0.3199691 0.2877862 0.007646963 0.3845977
0.3108485 0.3024225 0.003889258 0.3828397
0.2837549 0.3258129 0.003449262 0.386983
0.2839949 0.3237525 0.00063349 0.391619
0.2943089 0.2984295 0.003026457 0.4042352
0.2846079 0.3232819 0.002866106 0.3892441
0.3012459 0.312718 0.001497106 0.384539
0.3286856 0.2904903 0.003303754 0.3775203
0.3058004 0.2899125 0.004163385 0.4001238
0.2992252 0.3073948 4.892197e-05 0.3933312
0.286481 0.3133517 0.01220184 0.3879654
0.2909275 0.311153 0.003914576 0.394005
0.29047 0.3032719 0.005797037 0.400461
0.2959478 0.3084114 0.001707405 0.3939333
0.2954757 0.3199103 0.01350704 0.371107
0.3025615 0.3323004 0.003189863 0.3619483
0.2892172 0.3104055 0.000799454 0.3995778
0.2950682 0.3187039 0.0005181511 0.3857098
0.3011953 0.2851104 0.001894295 0.4118
0.2927535 0.3259825 0.002330396 0.3789336
0.279496 0.3062254 0.01285464 0.4014239
0.3082096 0.321016 0.003619798 0.3671545
0.2881123 0.3050715 0.002798618 0.4040176
0.293564 0.3036194 0.005835125 0.3969814
0.3292172 0.3117473 0.006676992 0.3523586
0.2985286 0.3016781 0.01669436 0.3830989
0.2761432 0.3084508 0.001118034 0.4142879
0.2578682 0.3102536 0.001434074 0.4304441
0.3144743 0.2832575 0.0100781 0.3921902
0.2999413 0.2852271 0.003913818 0.4109178
0.2857758 0.3192271 0.0009566454 0.3940405
0.3074025 0.3118802 0.01386961 0.3668476
0.310622 0.2794162 0.01947895 0.3904828
0.292546 0.2934992 0.008277998 0.4056768
0.2982266 0.3183581 0.003558721 0.3798566
0.3074793 0.3008921 0.0009480128 0.3906805
0.3038497 0.3225875 0.003413424 0.3701494
0.2730156 0.3128512 0.002725594 0.4114076
0.2802261 0.3227213 0.001813009 0.3952396
0.3055271 0.2834381 0.002088014 0.4089467
0.2956114 0.3210476 0.002624391 0.3807166
0.3056595 0.3112056 0.009611638 0.3735233
0.2905136 0.3121005 0.002437764 0.3949482
0.3239854 0.3087389 0.002186886 0.3650888
0.2789588 0.3138641 0.003187258 0.4039899
0.2625877 0.3012191 0.02174543 0.4144478
0.30497 0.2963053 0.009305754 0.389419
0.2887676 0.3167404 0.0006681764 0.3938238
0.2935726 0.3014112 0.003833801 0.4011823
0.3131697 0.3062035 0.0002706317 0.3803562
0.3007696 0.3092534 0.001544494 0.3884326
0.2545964 0.3010179 0.003308905 0.4410768
0.2853079 0.3307719 0.0006380021 0.3832823
0.2795713 0.3192338 0.002942613 0.3982523
0.2846382 0.3151712 0.003385145 0.3968055
0.3112289 0.3147377 0.003668377 0.3703651
0.3086651 0.2953233 0.0003788135 0.3956328
0.2727748 0.3263329 0.008566637 0.3923256
0.2915584 0.2964831 0.004657654 0.4073008
0.3188539 0.3145973 0.03446998 0.3320788
0.2978661 0.3284537 0.003784033 0.3698962
0.3103373 0.305241 0.0002923918 0.3841293
0.316653 0.2851977 0.002881667 0.3952676
0.2781303 0.3087571 0.0001660873 0.4129465
0.306579 0.3233003 0.0005160009 0.3696047
0.3105347 0.3263118 0.009973566 0.3531799
0.2959955 0.3132784 0.001248782 0.3894773
0.3130386 0.2988511 0.001258593 0.3868517
0.2905293 0.3175777 0.003897304 0.3879957
0.2941076 0.3029843 0.006305071 0.396603
0.2857654 0.3282403 0.007264452 0.3787298
0.2842983 0.312081 0.0103326 0.3932882
0.3382956 0.3050525 0.001837917 0.3548139
0.2981604 0.3003296 0.008277843 0.3932322
0.3009064 0.3058479 0.005259413 0.3879863
0.3158894 0.3090742 0.0005526767 0.3744838
0.2906824 0.3069628 0.001676748 0.400678
0.3039293 0.3018932 0.001687298 0.3924902
0.2955847 0.3153331 0.00534637 0.3837358
0.3047721 0.3141675 0.0003498527 0.3807105
0.2651693 0.3219879 0.002877709 0.4099651
0.2921231 0.3153632 0.00811941 0.3843944
0.2827873 0.3059464 0.01257926 0.3986871
0.2702388 0.3408636 0.008209802 0.3806878
0.3159857 0.2807606 0.002737662 0.400516
0.2773898 0.3264542 0.004311566 0.3918445
0.2773162 0.33884 0.002958722 0.3808851
0.314184 0.3028331 0.0005414805 0.3824414
0.2977446 0.3038445 0.009067587 0.3893433
0.2861045 0.3486409 0.000123575 0.365131
0.2952253 0.3184858 0.004296754 0.3819921
0.294181 0.3172833 0.003415207 0.3851205
0.290166 0.2935228 0.00179269 0.4145184
0.3033658 0.3041272 0.004397286 0.3881097
0.3008062 0.3202146 0.004560574 0.3744186
0.3035722 0.3070149 0.006910942 0.3825019
0.3278526 0.3169639 0.000815039 0.3543685
0.2984939 0.3220659 0.009387355 0.3700528
0.3348791 0.3093251 0.007877203 0.3479186
0.2978727 0.3271226 0.0001412591 0.3748634
0.2809867 0.3239609 0.001038591 0.3940139
0.299302 0.2982592 0.001807034 0.4006318
0.2883792 0.3036761 0.006955095 0.4009895
0.2860527 0.3129128 0.002140271 0.3988942
0.2949543 0.3202469 0.007486847 0.3773119
0.3211746 0.295464 0.005604324 0.3777571
0.3141592 0.3094904 0.0007996245 0.3755508
0.2982469 0.3092343 0.0002302894 0.3922884
0.278825 0.3080289 0.01346781 0.3996782
0.3159981 0.3161329 0.006122425 0.3617466
0.2943947 0.3435654 0.00332763 0.3587123
0.3032124 0.3169445 0.001818469 0.3780246
0.3002984 0.3419372 0.003784607 0.3539798
0.2675138 0.3406013 0.008551573 0.3833334
0.2866135 0.3255707 0.004857267 0.3829585
0.2918073 0.3120382 0.006253963 0.3899005
0.2872568 0.334579 0.0004551468 0.3777091
0.3162639 0.3481661 0.007678587 0.3278914
0.3066053 0.3057339 0.011831 0.3758298
0.2647684 0.3228589 0.002081182 0.4102915
0.2975164 0.3100138 0.001750763 0.390719
0.2884587 0.3022818 0.003770138 0.4054893
0.2882727 0.3209433 0.009072121 0.3817118
0.3066404 0.3049414 0.001676794 0.3867414
0.291634 0.3096129 0.001690653 0.3970625
0.2809626 0.3103239 0.007184246 0.4015292
0.2802743 0.319915 0.005093624 0.3947171
0.2977805 0.3110934 0.0004043636 0.3907218
0.2906482 0.3181377 0.006258896 0.3849552
0.2866122 0.342695 0.007948692 0.3627441
0.3189931 0.2821256 0.005075548 0.3938058
0.2887204 0.3117963 0.02582094 0.3736624
0.3083296 0.3354707 0.01449693 0.3417028
0.2930949 0.2948311 0.009921695 0.4021523
0.2850198 0.3276734 0.01358075 0.3737261
0.3029099 0.3057802 0.02877156 0.3625384
0.3083062 0.3069058 0.005903279 0.3788848
0.3006062 0.3082744 0.0009666883 0.3901527
0.2849528 0.3277402 0.001763024 0.3855441
0.2993049 0.312784 0.002475966 0.3854351
0.2780513 0.3002764 0.006150908 0.4155214
0.3145888 0.3013404 0.0008288514 0.383242
0.2873457 0.3145825 0.001387582 0.3966842
0.2633014 0.3241046 0.008020519 0.4045735
0.2883893 0.3197547 0.001258617 0.3905973
0.2805974 0.3199482 0.002417492 0.3970369
0.286964 0.3222705 0.003108944 0.3876565
0.2923299 0.331632 0.00124463 0.3747935
0.3116573 0.3241117 0.00263798 0.3615931
0.3015237 0.297455 0.01103184 0.3899895
0.3061489 0.3210974 0.00343827 0.3693154
0.304657 0.2867261 0.003469154 0.4051478
0.3156809 0.296157 0.002513239 0.3856489
0.325794 0.2964593 0.0003317521 0.377415
0.2715192 0.3169605 0.004475676 0.4070447
0.2989746 0.3205265 0.00762055 0.3728784
0.3101044 0.2807123 0.005677896 0.4035054
0.3148979 0.293535 0.004347736 0.3872193
0.2868538 0.3221544 0.0001851367 0.3908066
0.3035025 0.3109839 0.005216839 0.3802967
0.2969623 0.2754071 0.003620453 0.4240102
0.2708758 0.3386568 0.01172576 0.3787416
0.2906187 0.306571 0.002120605 0.4006897
0.291771 0.3228528 0.01374874 0.3716275
0.2743334 0.360469 9.428931e-05 0.3651033
0.2972508 0.3259758 0.0004603429 0.376313
0.2907067 0.314335 8.775915e-05 0.3948705
0.3116882 0.3079404 0.002044944 0.3783265
0.2988766 0.3236736 0.001633733 0.3758161
0.2955059 0.2909549 0.00273645 0.4108027
0.3021807 0.3126536 0.0006914176 0.3844743
0.308079 0.296271 0.008808708 0.3868413
0.3129233 0.2934559 0.0005934672 0.3930273
0.2960605 0.3342643 0.008293546 0.3613817
0.2720165 0.3353602 0.001199875 0.3914234
0.2921265 0.3009889 0.008342687 0.3985418
0.2823597 0.3121424 0.0002488912 0.405249
0.2963979 0.3146836 0.0007649858 0.3881536
0.2888982 0.3153229 0.005332635 0.3904462
0.2855403 0.3307705 0.001656701 0.3820325
0.3087558 0.3005794 0.01167995 0.3789848
0.3174833 0.3165649 0.00694245 0.3590094
0.3168907 0.3024105 0.006215423 0.3744834
0.3017901 0.3315561 0.009309136 0.3573447
0.2922642 0.3049856 0.003275005 0.3994752
0.282048 0.3386845 0.01469397 0.3645736
0.2882491 0.3178213 0.0005379555 0.3933916
0.303779 0.3031347 0.0003615315 0.3927248
0.2954961 0.3167019 0.00782608 0.379976
0.3031453 0.3112839 0.002898103 0.3826726
0.2935599 0.3120754 0.0004976362 0.3938671
0.2950325 0.3259509 0.0005563059 0.3784603
0.2982243 0.3249732 0.02328622 0.3535162
0.2860345 0.3322133 0.0006692095 0.381083
0.281798 0.3372828 0.003772994 0.3771463
0.2953582 0.2989971 0.01665025 0.3889945
0.2802401 0.3039387 0.005070905 0.4107504
0.3311386 0.2842659 0.0003178039 0.3842777
0.30326 0.3111397 0.005236347 0.380364
0.2809675 0.3180845 0.01328299 0.387665
0.3139669 0.2787145 0.005127026 0.4021917
0.2884719 0.3257057 0.002315609 0.3835068
0.2834318 0.3362765 0.001244799 0.3790469
0.2738505 0.3067248 0.01013659 0.4092881
0.2793186 0.3270988 0.004863318 0.3887194
0.2907017 0.331567 0.001203128 0.3765282
0.3050767 0.311444 0.0006753126 0.3828039
0.3034088 0.3141133 2.28102e-05 0.3824551
0.2867022 0.3221185 0.0005373689 0.3906419
0.2615368 0.3477131 1.895231e-05 0.3907311
0.2914168 0.3176 0.004700029 0.3862832
0.3034855 0.2972643 0.001653463 0.3975968
0.2930557 0.2862899 0.004826164 0.4158282
0.298555 0.3001736 0.002242922 0.3990284
0.2911433 0.3044169 0.004953722 0.3994861
0.2976523 0.3297051 1.137051e-06 0.3726415
0.3043564 0.3106745 0.02841942 0.3565497
0.3180436 0.3070939 0.002407456 0.372455
0.2854868 0.3190432 0.02662649 0.3688435
0.2846546 0.2972457 0.001705575 0.4163942
0.2856005 0.313588 0.005617296 0.3951942
0.2945602 0.2870425 0.003031495 0.4153658
0.2704912 0.3234857 0.01141442 0.3946087
0.3087902 0.3119268 0.0005708542 0.3787121
0.2928468 0.2915061 0.002470528 0.4131766
0.3184801 0.2950728 0.006194797 0.3802523
0.2821954 0.3254448 0.0007413568 0.3916184
0.2925808 0.3036509 0.003817659 0.3999507
0.293539 0.3374901 0.01029142 0.3586795
0.2906818 0.3211092 0.005366462 0.3828425
0.283875 0.290688 0.0105609 0.4148761
0.2630191 0.307192 0.002170933 0.427618
0.2876889 0.3156722 0.00300255 0.3936364
0.2832553 0.337226 0.0003916544 0.3791271
0.3031221 0.3152962 0.00721734 0.3743644
0.3070272 0.285737 0.001235908 0.4059999
0.2825566 0.3139677 0.007147267 0.3963285
0.3082793 0.2825103 0.00098527 0.4082251
0.3049776 0.3180342 0.0002953885 0.3766928
0.2830651 0.3161791 0.006445637 0.3943102
0.2763767 0.3118495 0.0006922417 0.4110816
0.3017003 0.3288283 0.00302525 0.3664462
0.3088361 0.2923177 0.007617078 0.3912291
0.3116651 0.3054467 0.001640336 0.3812479
0.3042693 0.3071295 0.005436395 0.3831648
0.3097453 0.3252539 3.714599e-05 0.3649636
0.2917556 0.3176614 0.00486475 0.3857182
0.2986724 0.3082811 0.002397093 0.3906495
0.3001968 0.289265 0.009641171 0.4008971
0.2901025 0.3019783 8.051706e-05 0.4078387
0.2882672 0.3235816 0.0008951885 0.387256
0.278964 0.318815 0.007004957 0.395216
0.3175762 0.306871 0.0005938655 0.374959
0.2807082 0.3064983 0.008403007 0.4043904
0.2936372 0.3198155 0.00134156 0.3852057
0.287592 0.3060587 0.004340952 0.4020084
0.2790012 0.3314111 0.0008559128 0.3887318
0.2926089 0.305176 0.008656399 0.3935587
0.2714356 0.3178555 0.001131737 0.4095772
0.2980705 0.3023157 0.0005258358 0.399088
0.2872678 0.3048427 0.007856146 0.4000333
0.2736862 0.2954404 0.003357293 0.4275161
0.2805029 0.3303671 0.002068715 0.3870613
0.2843929 0.3326818 0.0001686294 0.3827567
0.2713432 0.3398555 0.0008383965 0.3879629
0.2777305 0.2894717 0.001165806 0.431632
0.3017068 0.3180738 0.005702557 0.3745168
0.2815878 0.3012048 0.005408753 0.4117986
0.329034 0.2980397 0.01739886 0.3555275
0.2966039 0.3031976 0.02640933 0.3737892
0.3029216 0.3171075 0.0004970777 0.3794738
0.3196632 0.2982347 0.005992606 0.3761095
0.3141605 0.2874453 0.005598881 0.3927953
0.3100994 0.3259519 0.003102588 0.3608461
0.3094477 0.3174664 0.0002910271 0.3727948
0.3162164 0.3164105 0.00179486 0.3655782
0.2989024 0.3282914 0.005264651 0.3675415
0.2737931 0.3303041 0.002188869 0.3937139
