"p_1" "p_2" "p_3" "p_4"
0.06675562 0.0003967752 0.1670032 0.7658444
0.05887762 0.001957254 0.1825351 0.75663
0.05754015 0.0006567527 0.1506455 0.7911576
0.04716401 0.004019611 0.1772824 0.771534
0.05527549 0.0002388915 0.1678877 0.7765979
0.05570777 0.01653488 0.1671053 0.760652
0.04748775 0.002169568 0.1785541 0.7717886
0.0615911 0.005610556 0.1715877 0.7612107
0.05830901 0.0004476505 0.1476454 0.793598
0.06861382 0.002635101 0.14652 0.782231
0.05481878 0.005207753 0.1777238 0.7622497
0.0699606 4.739099e-05 0.1487893 0.7812027
0.04192547 0.001925587 0.171146 0.785003
0.04882449 0.001345972 0.137504 0.8123255
0.05134422 0.002391597 0.1481489 0.7981153
0.06107419 0.01121687 0.1557715 0.7719374
0.0473877 0.003593583 0.1748749 0.7741438
0.0527781 0.003743697 0.1557175 0.7877607
0.06154082 0.00286847 0.1674635 0.7681272
0.04165268 0.004627102 0.1559086 0.7978116
0.04022653 0.001673213 0.1822483 0.775852
0.04653693 0.0001208246 0.1488498 0.8044924
0.04397945 0.002236077 0.1728994 0.7808851
0.0633146 0.002577608 0.1765373 0.7575705
0.06268553 0.001196781 0.1657605 0.7703572
0.0610425 0.003874114 0.1634627 0.7716207
0.06428732 0.0005864363 0.1568637 0.7782626
0.06763276 0.002129806 0.1731796 0.7570578
0.05320826 0.0008203896 0.1600049 0.7859664
0.05179182 6.409553e-06 0.1587889 0.7894129
0.05562023 0.001982614 0.1606108 0.7817863
0.05210649 0.006033451 0.1723341 0.7695259
0.05674605 0.0004984484 0.1805032 0.7622523
0.04946154 0.0002013306 0.1578397 0.7924975
0.04998386 0.0007225452 0.1497926 0.7995009
0.04957655 0.0004445969 0.1875762 0.7624027
0.05736106 0.0003149626 0.1607474 0.7815766
0.04153438 0.001018432 0.1633934 0.7940538
0.05966407 0.0008246481 0.1385911 0.8009201
0.05410927 0.005352576 0.1624779 0.7780602
0.06278456 0.002563352 0.169514 0.7651381
0.06404822 3.235095e-05 0.1695674 0.766352
0.05853779 0.0006412035 0.1553514 0.7854696
0.04189563 0.0006900155 0.1793344 0.7780799
0.05099001 0.003857033 0.1508904 0.7942626
0.05323218 0.005141589 0.1440593 0.7975669
0.06787819 0.0008150794 0.169876 0.7614308
0.04773261 0.0001769021 0.1496638 0.8024267
0.06823177 0.001102943 0.1765534 0.7541119
0.03312787 0.0002531699 0.1755558 0.7910631
0.06071674 0.005315766 0.1670469 0.7669206
0.05879417 0.0003667473 0.1821562 0.7586829
0.04539369 0.009077792 0.1972575 0.748271
0.05688866 0.003346749 0.1633083 0.7764563
0.03810837 0.0004312577 0.1548816 0.8065788
0.05547577 0.003751113 0.1648236 0.7759495
0.0564824 0.0007372141 0.1640802 0.7787002
0.04927157 0.0003369328 0.1582161 0.7921754
0.05078016 0.001411369 0.1731307 0.7746778
0.05787341 0.0001547353 0.1674924 0.7744794
0.04264947 0.0009333099 0.1679104 0.7885068
0.04173261 0.00042787 0.1585216 0.7993179
0.05569193 0.002528469 0.1555248 0.7862548
0.0484065 0.003115969 0.1722361 0.7762414
0.05313391 0.001019431 0.1762549 0.7695918
0.06100072 0.0004368824 0.1530122 0.7855502
0.06319079 0.007647159 0.1594603 0.7697017
0.04961088 0.004098631 0.1685563 0.7777342
0.05150898 0.0002345645 0.164743 0.7835134
0.05002713 3.864146e-05 0.1545833 0.7953509
0.04908262 0.005416759 0.1394334 0.8060672
0.04996519 9.425554e-05 0.1649984 0.7849422
0.06411542 0.004243784 0.1617882 0.7698526
0.0507263 0.002202634 0.1646415 0.7824296
0.03692757 0.003321599 0.1776386 0.7821123
0.06377916 0.001828703 0.1487067 0.7856854
0.06856217 0.003930125 0.1457098 0.7817979
0.0506833 0.0002473626 0.1585743 0.790495
0.04780705 9.740521e-05 0.1573183 0.7947773
0.05318236 0.006352224 0.1914347 0.7490307
0.05983188 0.008159112 0.165247 0.766762
0.04848367 0.0005881561 0.1550069 0.7959213
0.05412904 0.001368103 0.1550181 0.7894848
0.05525346 0.00352234 0.185459 0.7557652
0.05960161 0.003514887 0.1511349 0.7857486
0.06508289 0.0007077188 0.1359958 0.7982136
0.04438341 0.0005907178 0.169727 0.7852988
0.05478194 0.002319851 0.149358 0.7935402
0.05680637 0.001276525 0.1773061 0.764611
0.06256324 0.001048247 0.1656777 0.7707108
0.05210805 0.0008286685 0.1577732 0.7892901
0.05183528 0.0009737268 0.1600323 0.7871586
0.05125812 0.0006942267 0.1713051 0.7767426
0.06311979 0.003763791 0.1832035 0.7499129
0.06051289 0.0009468101 0.1705156 0.7680247
0.04614709 0.001365022 0.1820617 0.7704262
0.05053489 0.005902857 0.1476884 0.7958738
0.05664813 3.955002e-07 0.1807823 0.7625692
0.05064087 0.0002395648 0.1821448 0.7669747
0.0445548 0.001015133 0.1581324 0.7962977
0.06365854 0.0002149612 0.1650297 0.7710968
0.05696168 0.0001243108 0.1718109 0.7711031
0.05845958 0.0001504585 0.1650915 0.7762985
0.04052632 0.0002615199 0.1648741 0.794338
0.0466196 0.005882996 0.1784105 0.7690869
0.05233966 0.002241555 0.1512754 0.7941434
0.04026067 0.002118115 0.183601 0.7740202
0.04927677 0.00250871 0.1585935 0.789621
0.05259543 0.002632986 0.1607868 0.7839848
0.06656444 0.0003018303 0.1654423 0.7676915
0.04661597 0.004366387 0.1543086 0.794709
0.05021809 0.001571227 0.1709688 0.7772419
0.04239102 0.001565695 0.1547172 0.801326
0.0618155 0.0006263183 0.190319 0.7472392
0.0528534 0.001557708 0.162661 0.7829279
0.04678687 0.00130503 0.1808192 0.7710889
0.05424489 0.002074075 0.1483585 0.7953226
0.04383816 0.004362538 0.1719726 0.7798267
0.04612856 0.0002375455 0.1693341 0.7842998
0.04491999 0.0008404631 0.1391543 0.8150852
0.05326799 0.002970383 0.171611 0.7721506
0.05550615 0.0002599363 0.1873499 0.756884
0.06309763 0.0160925 0.1417414 0.7790685
0.04883667 0.005719222 0.147944 0.7975001
0.05162609 0.001938622 0.160651 0.7857842
0.04949639 0.0006512023 0.178507 0.7713454
0.05463915 0.01360101 0.1645795 0.7671804
0.05664611 0.02852064 0.1403355 0.7744978
0.05230643 0.009147862 0.1513529 0.7871928
0.05565198 0.002775635 0.1657786 0.7757938
0.04339173 0.0006921046 0.1622449 0.7936713
0.0578116 0.0002768175 0.1726648 0.7692468
0.04620459 0.006043921 0.169494 0.7782575
0.06877213 0.002536881 0.1683629 0.7603281
0.06015641 0.0005008857 0.1794322 0.7599105
0.04983338 0.0006168128 0.1642711 0.7852787
0.04823175 0.005658245 0.1619417 0.7841683
0.05047853 0.001457713 0.1639751 0.7840887
0.05972 0.001924357 0.160139 0.7782166
0.07037894 0.0001404592 0.1721132 0.7573674
0.05419537 0.001581974 0.1515796 0.792643
0.06172605 0.0002732588 0.170234 0.7677667
0.0565545 0.003433545 0.1374024 0.8026095
0.04229893 0.00630124 0.1588913 0.7925085
0.05134556 0.002777724 0.1616074 0.7842693
0.0592513 0.001127437 0.169083 0.7705383
0.05816279 0.00157132 0.1691008 0.7711651
0.05285955 0.003099045 0.164055 0.7799864
0.05959405 0.003772791 0.1684971 0.7681361
0.04814259 0.008425366 0.1650637 0.7783683
0.05277185 0.004375245 0.1746765 0.7681764
0.05117658 0.006346065 0.1612352 0.7812422
0.05900268 0.001165273 0.1638816 0.7759504
0.03855335 0.0002063229 0.1800526 0.7811877
0.06918567 0.002852665 0.1884552 0.7395065
0.05088356 0.000992191 0.1473894 0.8007349
0.04889919 0.000155987 0.149585 0.8013598
0.07106235 0.001191944 0.1554703 0.7722754
0.04705047 0.00180048 0.1511667 0.7999824
0.05147572 0.003749375 0.1518936 0.7928813
0.06344444 0.001555677 0.1880296 0.7469702
0.06007769 0.001147222 0.1566156 0.7821595
0.05623336 0.0003842938 0.172255 0.7711273
0.03717144 0.0004044962 0.1577943 0.8046297
0.05282136 0.005724637 0.1591982 0.7822558
0.04685243 0.0137437 0.1677372 0.7716667
0.04457064 0.0006617321 0.1712283 0.7835393
0.04128942 9.567691e-05 0.1666379 0.791977
0.06474605 0.000137298 0.1715922 0.7635245
0.04639535 0.000279955 0.1891863 0.7641384
0.04338725 0.0005287886 0.1416607 0.8144233
0.05782886 0.0005456718 0.1675061 0.7741193
0.05932557 0.002276641 0.1551537 0.7832441
0.05190014 0.0006631536 0.1658882 0.7815485
0.05417196 0.003484621 0.167351 0.7749924
0.05727992 0.001945075 0.1577707 0.7830043
0.05749194 0.0006273171 0.1783252 0.7635555
0.05054061 0.003672481 0.1793186 0.7664683
0.04511736 0.001634729 0.1682652 0.7849827
0.05392211 0.004651182 0.155122 0.7863047
0.05795312 0.008066929 0.1528233 0.7811566
0.05651895 0.001329991 0.178819 0.7633321
0.05726438 0.002009351 0.1577416 0.7829847
0.04865865 0.0001959619 0.1676292 0.7835162
0.05218299 0.001418808 0.1756358 0.7707624
0.04205762 0.001827036 0.1637139 0.7924014
0.04910043 0.00702601 0.1547378 0.7891358
0.05349253 0.004971722 0.157243 0.7842927
0.05632347 0.00385567 0.16767 0.7721508
0.05766279 0.001713228 0.1651758 0.7754482
0.05039723 0.0005112046 0.1430388 0.8060528
0.04814548 0.0006479329 0.175897 0.7753096
0.05395026 0.003622845 0.1491098 0.7933171
0.06140794 0.00187361 0.1637654 0.772953
0.04894332 0.0001002389 0.1729841 0.7779723
0.04195499 0.004880604 0.1736491 0.7795153
0.05074932 6.191464e-05 0.1674997 0.7816891
0.05529592 0.002736385 0.1672465 0.7747212
0.05422064 0.009141317 0.1649514 0.7716866
0.05594215 0.001961775 0.1780955 0.7640006
0.06960229 0.04987735 0.1147683 0.7657521
0.05441991 0.008274288 0.1592084 0.7780974
0.05752284 0.0003677022 0.1654612 0.7766483
0.06714556 0.001893457 0.1669055 0.7640554
0.03891083 0.0009208118 0.171245 0.7889234
0.04357613 0.00245287 0.1700626 0.7839084
0.04422391 0.0008573071 0.1620887 0.7928301
0.05392923 0.000930299 0.1567546 0.7883859
0.03727269 0.001141603 0.1767854 0.7848003
0.05504685 0.002142045 0.1497141 0.793097
0.04876646 3.762004e-05 0.1371736 0.8140223
0.04578837 0.002651138 0.1654272 0.7861333
0.05565527 0.003112572 0.1440763 0.7971558
0.05455528 0.005462458 0.1584183 0.781564
0.06443126 0.001618177 0.149076 0.7848746
0.05015266 0.005193119 0.1653802 0.779274
0.05608517 0.006634961 0.1591751 0.7781047
0.06629815 0.0003404548 0.1568882 0.7764732
0.04332539 0.002108629 0.1596132 0.7949528
0.05337138 0.00448393 0.1703058 0.7718389
0.05321627 0.002385327 0.1501499 0.7942485
0.05317029 0.001220359 0.1671802 0.7784291
0.05463227 0.001285682 0.1763541 0.7677279
0.04833976 0.0007969234 0.1629611 0.7879022
0.05148403 0.0001649115 0.1507126 0.7976385
0.04893341 0.003383322 0.1568553 0.7908279
0.05499282 0.0002349691 0.1567439 0.7880283
0.0654081 0.0007554202 0.1796231 0.7542133
0.04623805 0.003105566 0.1667301 0.7839263
0.05863838 0.006819964 0.1627175 0.7718242
0.04780702 0.003402519 0.1630983 0.7856922
0.06460417 0.002845964 0.1677287 0.7648211
0.04530387 0.0006506193 0.1815616 0.7724839
0.0549251 0.0008809254 0.1589764 0.7852176
0.05691583 0.0002582939 0.1586457 0.7841802
0.0470046 0.002901787 0.1682063 0.7818874
0.05759235 0.01225583 0.1610714 0.7690804
0.04997629 0.000917619 0.204456 0.7446501
0.0565304 4.100198e-05 0.1721339 0.7712947
0.06474482 0.003754247 0.1470784 0.7844226
0.05740908 0.0002438814 0.1767515 0.7655955
0.05457295 0.001750093 0.1643209 0.7793561
0.04699856 0.001165567 0.1640063 0.7878295
0.0437969 0.003579082 0.1706377 0.7819864
0.04598579 0.003888561 0.1650671 0.7850586
0.04610272 6.917248e-05 0.1696408 0.7841873
0.05849345 0.00459544 0.1663205 0.7705906
0.0496501 0.001594902 0.1552552 0.7934998
0.06055994 0.00130913 0.1534787 0.7846522
0.04616538 0.002349282 0.1506757 0.8008097
0.04847592 1.377088e-05 0.1656869 0.7858234
0.06642382 0.001644667 0.1621865 0.769745
0.04508621 0.0002905434 0.17919 0.7754333
0.0544092 0.000167971 0.1641722 0.7812506
0.0571606 0.0002878815 0.1718153 0.7707362
0.04379009 0.006808513 0.1420362 0.8073652
0.05655016 0.0037336 0.1698364 0.7698798
0.05171304 0.0007903136 0.1667875 0.7807091
0.05624388 0.0006342991 0.1802893 0.7628325
0.05330341 0.0009392208 0.2022907 0.7434667
0.04941477 0.002845957 0.1610568 0.7866825
0.06614205 0.002294006 0.1378548 0.7937091
0.06576486 0.001307423 0.1690536 0.7638741
0.05972172 0.0009964318 0.1725099 0.766772
0.04722611 0.0005210883 0.1874264 0.7648264
0.04522824 0.001545465 0.14359 0.8096363
0.06082449 0.0003359603 0.1807839 0.7580557
0.05191622 0.001309033 0.1522062 0.7945685
0.05819068 5.395337e-05 0.1479449 0.7938105
0.04946335 0.001901865 0.1737214 0.7749133
0.05782644 0.001873196 0.1747475 0.7655529
0.05627964 0.000693785 0.1579384 0.7850882
0.05727824 0.004292684 0.1692234 0.7692057
0.04621044 0.0001294852 0.1681571 0.785503
0.06190184 0.00870338 0.1440749 0.7853199
0.05501212 0.001075675 0.1654205 0.7784917
0.06477659 0.0004361194 0.1368767 0.7979106
0.07004367 0.0009175097 0.1441297 0.7849091
0.04791354 0.001113362 0.1703061 0.780667
0.04769988 0.00073124 0.1455708 0.8059981
0.05618328 0.000483878 0.1752011 0.7681318
0.06467746 0.00325128 0.1756748 0.7563964
0.05093798 0.001310479 0.1648264 0.7829251
0.06135602 0.001053047 0.1788714 0.7587196
0.04166759 0.0006038787 0.1574743 0.8002542
0.06395177 0.0007627612 0.161025 0.7742605
0.04973511 0.0005165632 0.154834 0.7949144
0.0485956 0.005890438 0.1719312 0.7735827
0.04799805 0.001650966 0.1847249 0.7656261
0.06780416 0.001352177 0.1716107 0.759233
0.04336888 0.002085699 0.1718035 0.7827419
0.04920851 0.0006442884 0.1540892 0.796058
0.05150765 0.001294626 0.1499933 0.7972045
0.04708825 0.0005531773 0.1899154 0.7624432
0.06377198 0.001633169 0.1638055 0.7707894
0.05615409 0.002141304 0.1528338 0.7888708
0.05838583 3.950933e-05 0.1614677 0.780107
0.05361263 0.0007399992 0.173379 0.7722684
0.04764582 0.0001691286 0.1508109 0.8013741
0.04397969 0.001821883 0.1485722 0.8056262
0.06330139 0.0006049279 0.1472758 0.7888179
0.05047098 0.002126959 0.1519081 0.7954939
0.0577279 0.001970676 0.15908 0.7812214
0.06130223 0.05480168 0.1234251 0.7604709
0.05901375 0.04055532 0.1218551 0.7785759
0.04789697 0.04370737 0.1093485 0.7990471
0.05712878 0.04233992 0.1390906 0.7614407
0.06301328 0.05084195 0.1150168 0.7711279
0.05347845 0.05441586 0.1179517 0.774154
0.05892682 0.03271034 0.1354801 0.7728828
0.04951094 0.003808561 0.1491348 0.7975457
0.0747736 0.001895593 0.1664477 0.7568831
0.06001878 0.001829883 0.1753142 0.7628371
0.06284553 0.002341391 0.1582171 0.776596
0.04834812 0.001046971 0.1327074 0.8178975
0.06026947 0.003297632 0.1711064 0.7653265
0.0556825 0.002248616 0.1571104 0.7849585
0.05509647 0.002849731 0.182295 0.7597588
0.05326916 0.005701614 0.141104 0.7999252
0.05301801 0.001377104 0.1651382 0.7804667
0.04292178 0.0001036364 0.1886156 0.768359
0.04655523 0.0003791579 0.1550172 0.7980484
0.05238808 0.0002063224 0.1494356 0.79797
0.04597799 0.002876503 0.1659939 0.7851516
0.04567757 0.005764494 0.1703339 0.7782241
0.05630122 0.01236847 0.1487338 0.7825965
0.05222221 0.002488744 0.1576054 0.7876836
0.05584014 0.0002458478 0.1795099 0.7644041
0.03968381 0.0008346705 0.1687678 0.7907137
0.0654605 0.002580094 0.1442327 0.7877267
0.05933194 5.851677e-05 0.1681954 0.7724141
0.04614549 0.0002380275 0.1797962 0.7738203
0.04860222 0.00051673 0.1620033 0.7888777
0.05181745 0.002621763 0.1356373 0.8099235
0.0599283 0.01035492 0.154153 0.7755638
0.0488897 0.005868327 0.175365 0.7698769
0.05778316 0.003840889 0.1776913 0.7606846
0.05596458 0.001300442 0.1811412 0.7615938
0.05124988 0.0002982575 0.1604365 0.7880153
0.04568495 0.01009943 0.1574987 0.786717
0.05580349 0.0008768706 0.163979 0.7793406
0.05058545 0.01116015 0.1643452 0.7739092
0.04845837 0.0157721 0.1688298 0.7669397
0.04754639 0.0009197656 0.1403373 0.8111965
0.06401142 0.003212192 0.1550975 0.7776789
0.05917186 0.0009883673 0.1614363 0.7784035
0.05613225 0.002142155 0.1687246 0.773001
0.04119533 0.0003305073 0.1526578 0.8058164
0.0575653 0.003225667 0.158396 0.7808131
0.03490853 0.0001558929 0.1738608 0.7910748
0.05958995 0.005293658 0.1529918 0.7821246
0.05025549 0.0008781948 0.1623008 0.7865655
0.04337841 0.002382926 0.1808422 0.7733964
0.05186831 0.001708545 0.1568016 0.7896215
0.05051653 0.003465976 0.1753595 0.770658
0.04395507 0.003200219 0.160327 0.7925177
0.05396159 0.0001498297 0.1695777 0.7763109
0.05049566 0.002371019 0.1539122 0.7932211
0.04290782 0.0005145524 0.1720193 0.7845583
0.04853112 0.002327386 0.1966301 0.7525114
0.05707587 0.0007220435 0.1676754 0.7745267
0.05912361 0.005124781 0.1800052 0.7557464
0.04872017 1.240155e-05 0.1714949 0.7797725
0.05325118 6.801272e-06 0.170125 0.7766171
0.04862778 0.002206132 0.1697505 0.7794156
0.05846662 0.00346914 0.1867652 0.751299
0.05056603 0.007821453 0.1665068 0.7751057
0.05654066 0.002958136 0.1689196 0.7715816
0.04075774 0.003955226 0.1829918 0.7722953
0.06002876 0.00125799 0.1616634 0.7770498
0.0448607 0.0004654597 0.1665537 0.7881201
0.04225672 0.004287917 0.1791502 0.7743052
0.04256513 0.003701406 0.1864709 0.7672626
0.06086465 0.000785057 0.1619022 0.7764481
0.05164815 0.006527908 0.1372442 0.8045797
0.05758291 8.124316e-05 0.1598087 0.7825271
0.04805158 0.0007558665 0.1751337 0.7760588
0.04630435 0.00105999 0.1775106 0.7751251
0.051518 0.0002280246 0.1428825 0.8053714
0.04941872 0.001372653 0.1578092 0.7913994
0.06577099 0.001984252 0.1387776 0.7934671
0.05404317 0.002463764 0.1601852 0.7833078
0.04354801 0.007271417 0.15214 0.7970406
0.05139498 0.000194336 0.1699875 0.7784232
0.051776 0.001788916 0.1755384 0.7708966
0.05648239 0.00546794 0.1479872 0.7900625
0.06666465 0.005391536 0.1711188 0.756825
0.06036986 0.0004662026 0.1759366 0.7632273
0.05296138 0.0008640157 0.1724804 0.7736942
0.06249699 0.001944085 0.1697822 0.7657768
0.05212354 3.762503e-05 0.1803638 0.767475
0.057465 0.003838323 0.1594485 0.7792481
0.05670023 0.002024269 0.1495951 0.7916805
0.07177247 0.003959666 0.1757943 0.7484735
0.04662771 0.0009386248 0.1718466 0.7805871
0.04919268 0.002238629 0.1623099 0.7862588
0.04899845 0.004509266 0.1899224 0.7565699
0.05512652 0.00563325 0.1521989 0.7870413
0.05066944 0.0001460779 0.1666704 0.7825141
0.05312763 0.001254023 0.1739461 0.7716722
0.05145396 0.0001653476 0.1721789 0.7762018
0.06102011 0.002330165 0.1663618 0.7702879
0.06114884 0.00283412 0.1564338 0.7795832
0.04496952 0.00154822 0.1571767 0.7963056
0.05386231 0.0006823167 0.1650307 0.7804247
0.05272963 4.942912e-05 0.1764764 0.7707446
0.05367107 4.220676e-05 0.1827565 0.7635302
0.05261777 0.0003654631 0.1504694 0.7965474
0.04696902 0.0005347824 0.1588096 0.7936866
0.05292802 0.001850972 0.166633 0.778588
0.06589781 0.001191657 0.1532941 0.7796164
0.04588291 0.0001894364 0.1589898 0.7949379
0.05291535 0.003457026 0.1684434 0.7751842
0.05829443 0.1211858 0.05980034 0.7607194
0.05485723 0.1385099 0.01329744 0.7933354
0.05472858 0.1250095 0.04146973 0.7787922
0.04196962 0.1446095 0.02778042 0.7856405
0.06935708 0.117641 0.04457351 0.7684284
0.0497055 0.1230672 0.03581171 0.7914156
0.05595501 0.1420211 0.02664022 0.7753837
0.05687035 0.1013178 0.06123286 0.780579
0.05823718 0.134465 0.01848481 0.788813
0.04304084 0.1646204 0.0007788325 0.7915599
0.04437168 0.1774857 0.0006361844 0.7775065
0.05468708 0.1686388 0.001172738 0.7755014
0.0583811 0.1799074 0.002250021 0.7594615
0.0452538 0.1561487 0.0009164666 0.797681
0.05051926 0.1566219 0.0007183375 0.7921405
0.05268982 0.169921 0.0002879387 0.7771012
0.06733066 0.1757572 0.00327063 0.7536415
0.0442436 0.1614152 0.000162501 0.7941787
0.05869592 0.1473568 0.001421616 0.7925257
0.05624266 0.1538814 0.000481876 0.7893941
0.05292025 0.1509461 0.0006689388 0.7954648
0.05487286 0.166349 0.001151454 0.7776267
0.05099873 0.1921261 0.0001749805 0.7567002
0.04318263 0.181107 0.0008707072 0.7748396
0.05483098 0.1562641 1.679404e-05 0.7888882
0.0545632 0.1672483 0.003743877 0.7744446
0.05227964 0.1777937 0.003642882 0.7662838
0.05027151 0.1528385 0.002840491 0.7940495
0.05289214 0.1564291 0.0009400314 0.7897388
0.06128531 0.1579778 0.009240742 0.7714961
0.05206593 0.1604996 0.003994455 0.78344
0.0612724 0.1802266 0.002700312 0.7558007
0.05536452 0.1611894 0.0007770705 0.782669
0.04332906 0.165357 0.001440021 0.7898739
0.05126409 0.1630618 0.003880045 0.7817941
0.0639386 0.164348 0.002182249 0.7695312
0.05900182 0.1628195 0.004218871 0.7739598
0.0410154 0.1667569 0.000449262 0.7917784
0.05580678 0.1686099 0.0003849548 0.7751983
0.05978984 0.1618932 0.006387879 0.771929
0.06272167 0.1534079 0.004596113 0.7792743
0.05180931 0.1606808 0.007914182 0.7795958
0.04652845 0.1713214 0.004049197 0.7781009
0.06978365 0.1479104 0.0008787845 0.7814272
0.05850416 0.1556612 5.842996e-05 0.7857762
0.04856458 0.1678666 0.0009798218 0.782589
0.06900655 0.1599347 0.0009904245 0.7700684
0.04189867 0.1697413 0.002456346 0.7859037
0.05738169 0.1615004 0.003175747 0.7779422
0.04612302 0.178145 2.770565e-05 0.7757042
0.04825178 0.1637524 0.004606404 0.7833894
0.04949818 0.1817084 0.002927082 0.7658663
0.05860643 0.1699443 0.0003401982 0.7711091
0.05185177 0.1536092 8.964221e-06 0.7945301
0.04466425 0.1699566 0.000922047 0.7844571
0.04194965 0.1706126 0.001170084 0.7862677
0.06694654 0.1655917 0.001210724 0.766251
0.04731526 0.1664782 0.004551559 0.781655
0.04010367 0.155655 0.003352879 0.8008884
0.04111834 0.1590657 0.00209383 0.7977222
0.05464585 0.1634344 0.0001640302 0.7817557
0.04579888 0.1548694 0.002164052 0.7971677
0.05635428 0.1547789 0.002368303 0.7864985
0.05342267 0.1382622 0.001016125 0.807299
0.05154908 0.1755449 0.0008129502 0.7720931
0.04533661 0.17117 0.0007152504 0.7827781
0.0524245 0.189408 0.002497818 0.7556697
0.049289 0.1595207 0.0006225394 0.7905678
0.05676016 0.1699578 0.0009208867 0.7723612
0.05416938 0.1528328 9.601799e-05 0.7929018
0.05987773 0.1515416 0.003707544 0.7848732
0.04220727 0.1693321 0.004953299 0.7835073
0.05531232 0.1616861 0.01644118 0.7665604
0.04072478 0.1531126 0.001151324 0.8050113
0.05875458 0.169871 0.001652175 0.7697223
0.05450384 0.1798715 0.0001325879 0.765492
0.05295537 0.1496105 0.0007488814 0.7966852
0.03804699 0.1739349 0.003016218 0.7850019
0.05973505 0.171865 0.001664548 0.7667354
0.06978287 0.1437145 0.001974319 0.7845284
0.05324856 0.1634009 0.0003097051 0.7830409
0.05881219 0.1511719 0.0009482072 0.7890677
0.05907247 0.1573389 0.00147854 0.7821101
0.05551133 0.1648967 1.956856e-05 0.7795724
0.05163633 0.1793105 0.001178283 0.7678749
0.04828141 0.1724841 0.0001923507 0.7790421
0.04664491 0.1518562 0.0003874336 0.8011115
0.04740869 0.157424 0.003745712 0.7914216
0.04781653 0.1627352 0.00303429 0.7864139
0.04357568 0.1610417 0.001678616 0.793704
0.06490008 0.1645239 0.0002252511 0.7703508
0.05960351 0.1833674 0.00010983 0.7569193
0.04489616 0.1802993 0.001759565 0.773045
0.05126557 0.1720423 0.002622028 0.7740701
0.04714243 0.183987 0.0004525053 0.768418
0.05114946 0.1620189 9.051095e-06 0.7868225
0.06375236 0.1837756 0.0007673469 0.7517047
0.05434198 0.1586296 0.0005412516 0.7864871
0.06233913 0.1738404 0.003348727 0.7604718
0.04260404 0.1588586 0.0003102392 0.7982271
0.05469842 0.1648083 0.004702571 0.7757907
0.06383288 0.1580853 0.0001679099 0.7779139
0.06520281 0.1688676 0.0004306352 0.765499
0.04648201 0.1601223 0.0004774526 0.7929183
0.06460282 0.1582874 7.447136e-05 0.7770353
0.05405738 0.1239955 0.03417571 0.7877714
0.04600368 0.175943 0.004910402 0.773143
0.06015457 0.1465835 0.004786774 0.7884751
0.05936102 0.1623128 0.0002181944 0.778108
0.05794036 0.1485702 0.002276791 0.7912127
0.05884117 0.1625645 0.0006518799 0.7779424
0.05519411 0.1879265 0.003554304 0.7533251
0.05906381 0.1692082 0.001981808 0.7697461
0.05132702 0.1676271 0.005307882 0.775738
0.07061889 0.1626698 0.0006223028 0.766089
0.05004591 0.1788582 0.004379104 0.7667168
0.064266 0.1605377 0.002408875 0.7727874
0.04630076 0.162327 0.001866217 0.789506
0.0485298 0.1550296 0.007607494 0.7888331
0.05463387 0.1492065 0.001663176 0.7944965
0.05861444 0.1412423 0.001694796 0.7984484
0.05834919 0.1678326 9.483875e-06 0.7738088
0.06337862 0.1780428 0.0008243565 0.7577542
0.05485013 0.1663826 0.004339245 0.774428
0.05814169 0.1343142 0.0005054245 0.8070387
0.06750895 0.1722389 0.0009397689 0.7593124
0.04773599 0.170842 0.0003677062 0.7810543
0.05997752 0.1444125 0.02112006 0.7744899
0.04919416 0.160906 0.002279415 0.7876205
0.04019961 0.1744853 0.000468932 0.7848462
0.03996167 0.1844129 0.002713486 0.7729119
0.05259067 0.1559274 0.001135738 0.7903462
0.05164684 0.1826744 0.000237617 0.7654411
0.05840483 0.1891162 0.00274029 0.7497386
0.0486494 0.1657739 0.0003287937 0.7852479
0.05047761 0.1735286 0.00145873 0.774535
0.05825512 0.1575368 0.000463394 0.7837447
0.04763871 0.1699376 0.0006673056 0.7817564
0.05316397 0.1848559 0.001181641 0.7607985
0.04526964 0.168265 0.0006870127 0.7857784
0.06255521 0.1518931 0.001536611 0.7840151
0.04584094 0.1667078 0.0003145929 0.7871367
0.06005367 0.1699441 0.0001390189 0.7698633
0.06034969 0.1467949 0.002425537 0.7904299
0.04592036 0.1766895 0.0002361562 0.777154
0.05061126 0.1811606 0.003049692 0.7651785
0.0560574 0.1616498 0.0002943862 0.7819984
0.05768906 0.1688145 0.000331218 0.7731653
0.06237758 0.1684793 0.006199912 0.7629432
0.05574604 0.1682825 0.00059692 0.7753745
0.06067291 0.1699212 0.004523687 0.7648822
0.05944629 0.1855932 0.008200344 0.7467601
0.04516879 0.1627398 0.0003450514 0.7917463
0.0493462 0.176366 0.0001322221 0.7741556
0.06508771 0.1578519 0.003631736 0.7734287
0.04725954 0.1593317 0.0008620723 0.7925467
0.04611969 0.165011 0.003402503 0.7854669
0.04792287 0.1468411 0.0009096684 0.8043264
0.05388169 0.1498511 0.001369406 0.7948978
0.05485212 0.16582 0.004124597 0.7752033
0.05762251 0.150661 0.0007953827 0.7909211
0.04862411 0.1730458 0.001602186 0.7767279
0.06680934 0.1778414 0.001026099 0.7543231
0.06312821 0.1624057 0.0007764209 0.7736897
0.05025482 0.1697429 0.0007252268 0.779277
0.05038581 0.1664727 0.0005276421 0.7826139
0.05822025 0.1476594 0.003158162 0.7909622
0.04562625 0.1583679 3.237727e-05 0.7959735
0.05030466 0.1573137 0.00445849 0.7879231
0.04380793 0.1845445 0.001207385 0.7704402
0.05782588 0.1770069 0.002234188 0.762933
0.05887661 0.1547002 0.01543907 0.7709842
0.0549383 0.1837686 0.0332462 0.7280469
0.05096293 0.1489268 0.03476333 0.7653469
0.05854695 0.1821914 0.00476418 0.7544975
0.06826456 0.1700308 0.00115831 0.7605463
0.05314197 0.1766211 0.007343753 0.7628931
0.06470958 0.1780568 0.001106132 0.7561275
0.04802165 0.1573623 0.004604471 0.7900116
0.05958177 0.1618329 0.001512625 0.7770727
0.05280299 0.1498698 0.002455349 0.7948719
0.05692955 0.1508734 0.001316503 0.7908806
0.06142722 0.1628443 0.000196577 0.7755319
0.04906949 0.1789111 0.0008654817 0.7711539
0.06446837 0.162245 0.003622887 0.7696638
0.05414298 0.1863879 0.001796092 0.7576731
0.04327101 0.1733075 0.001646248 0.7817753
0.05349142 0.1822205 0.003630737 0.7606574
0.05489063 0.1569315 0.0003098483 0.787868
0.05640924 0.1651162 0.001456938 0.7770176
0.05547465 0.1627615 0.007743892 0.77402
0.05313334 0.1664366 0.0008222762 0.7796077
0.05733318 0.1709289 0.0003606851 0.7713772
0.04962742 0.1617328 0.0004081285 0.7882317
0.0512596 0.1594516 0.0005282662 0.7887606
0.04766763 0.1733217 0.001006241 0.7780045
0.05069758 0.1550013 0.002400299 0.7919009
0.04892346 0.1564121 0.001887306 0.7927772
0.05300679 0.1877407 0.0002437551 0.7590088
0.04124365 0.160805 0.0003468282 0.7976045
0.06255688 0.1677402 0.00423392 0.765469
0.04846153 0.1702005 0.0007416302 0.7805963
0.05553165 0.167352 0.001402912 0.7757134
0.05573109 0.1407313 0.001464816 0.8020728
0.06984575 0.1510074 6.369064e-05 0.7790831
0.06354049 0.1658894 0.0001359247 0.7704342
0.05223758 0.1780507 0.002158189 0.7675536
0.056452 0.1589037 0.001480185 0.7831641
0.06124537 0.1467964 0.001435063 0.7905231
0.06100478 0.1324189 0.004999278 0.8015771
0.05215189 0.1672065 4.770518e-05 0.780594
0.05700458 0.173682 0.01044691 0.7588665
0.05134206 0.1789541 0.0003256959 0.7693781
0.06624788 0.1574871 0.002879813 0.7733852
0.0478643 0.1655441 9.383259e-05 0.7864978
0.06146335 0.1402653 0.0004292664 0.7978421
0.05095713 0.1739422 0.005580666 0.76952
0.04914163 0.171644 0.003568606 0.7756458
0.05387671 0.1509446 0.02161724 0.7735614
0.04849663 0.1456249 0.0005947243 0.8052838
0.06243293 0.1473377 9.794302e-05 0.7901314
0.05545862 0.1422667 0.001769589 0.8005051
0.06158208 0.1657382 0.000767502 0.7719123
0.05376034 0.1577114 0.00584073 0.7826875
0.05078828 0.1587964 0.0001745731 0.7902407
0.05653875 0.1631007 0.0003122959 0.7800483
0.04683745 0.1603549 4.329301e-05 0.7927644
0.04642799 0.1536818 0.001519888 0.7983703
0.05589866 0.1397387 0.000505516 0.8038571
0.04958687 0.16768 0.003519174 0.779214
0.05754862 0.150152 0.001466438 0.790833
0.05586659 0.1803098 0.001007403 0.7628162
0.04672977 0.1743334 0.001437745 0.7774991
0.0587665 0.174175 0.001189559 0.7658689
0.05532403 0.1924218 0.0008049936 0.7514492
0.04362498 0.1655016 0.001902393 0.788971
0.05277996 0.1657988 0.003282971 0.7781382
0.04397035 0.1597649 0.001179878 0.7950848
0.05783602 0.1580078 0.000944952 0.7832112
0.05205084 0.1625957 0.0003222741 0.7850312
0.04698381 0.1633255 0.001475085 0.7882156
0.06173592 0.1646417 0.0005400912 0.7730823
0.0547031 0.1704743 0.004545082 0.7702775
0.04861309 0.1654352 0.001586874 0.7843648
0.05868995 0.1541584 0.003615945 0.7835357
0.06452306 0.1554547 0.006303966 0.7737182
0.05048357 0.1577342 0.003010927 0.7887713
0.05397328 0.1555225 0.0003177536 0.7901865
0.05325894 0.1743497 0.006593445 0.765798
0.05114974 0.1612663 0.00322938 0.7843546
0.04900786 0.1877078 0.0002736595 0.7630107
0.05210199 0.1614848 0.0001094393 0.7863038
0.05075473 0.1684631 0.0003646435 0.7804175
0.05414817 0.1668405 0.001705001 0.7773063
0.04749757 0.155242 0.002061848 0.7951986
0.05847376 0.1685071 0.001371668 0.7716474
0.04606234 0.1664529 0.002603198 0.7848816
0.0613553 0.1698883 0.0002291014 0.7685273
0.05312731 0.1758308 0.0001278815 0.770914
0.05477554 0.155871 0.001718804 0.7876346
0.04430007 0.1501402 0.001974472 0.8035852
0.05928458 0.164179 0.0007224924 0.7758139
0.04837301 0.1733593 0.004331709 0.773936
0.04481911 0.1792655 0.002492295 0.7734231
0.04755315 0.156907 0.006214247 0.7893256
0.04981969 0.1940673 0.002677682 0.7534353
0.04866945 0.1818479 0.001776048 0.7677066
0.05369741 0.1747421 0.0002159142 0.7713446
0.05709303 0.1551788 0.000863885 0.7868642
0.05044267 0.1858303 0.0005990588 0.7631279
0.05605478 0.1548398 0.0002213036 0.7888841
0.03538013 0.1560034 0.0002621731 0.8083543
0.05938606 0.1584678 0.001269479 0.7808766
0.03928249 0.1890422 0.0002592188 0.771416
0.05159695 0.1590477 0.0002499324 0.7891055
0.04859155 0.1608358 0.005490252 0.7850824
0.04540886 0.1615973 0.003165944 0.7898279
0.04654756 0.1640934 0.0006553405 0.7887037
0.04806987 0.1535488 0.0008333452 0.797548
0.04224697 0.1561227 0.003647721 0.7979827
0.05643158 0.155791 0.004391791 0.7833856
0.04665837 0.183716 0.0007490974 0.7688766
0.04335202 0.1494377 0.0007258727 0.8064844
0.04592299 0.1728473 0.002146828 0.7790829
0.04264558 0.1677417 0.0001514089 0.7894613
0.05221447 0.1685756 0.004644763 0.7745652
0.05675468 0.1632125 0.0008827822 0.77915
0.05506832 0.1476839 0.0008192089 0.7964286
0.06671815 0.2005966 0.0008898072 0.7317954
0.06616348 0.1550432 0.0005581065 0.7782352
0.05736226 0.1660048 0.0005348014 0.7760982
0.0502864 0.1891211 0.0009442067 0.7596483
0.06931221 0.1733274 0.000805579 0.7565548
0.0537871 0.1577229 0.001436885 0.7870531
0.0537466 0.1693302 0.006972479 0.7699507
0.05505825 0.1576606 0.004671208 0.78261
0.0538128 0.1670453 0.0001336079 0.7790083
0.05640104 0.1667516 0.0001539924 0.7766934
0.05306397 0.1802794 0.003972906 0.7626837
0.04640737 0.1424652 0.001448938 0.8096785
0.05345178 0.1518055 0.0002606574 0.794482
0.05802492 0.167686 0.0008339381 0.7734551
0.06167618 0.1662032 0.001628869 0.7704917
0.04505079 0.1609264 0.001396654 0.7926261
0.05227312 0.1749958 0.002244782 0.7704863
0.05393227 0.1604021 0.0005561558 0.7851095
0.05582886 0.1513767 0.001647422 0.7911471
0.04583822 0.1789823 0.0005623835 0.7746171
0.05649417 0.1424495 0.003708351 0.797348
0.07042855 0.158464 0.000983865 0.7701235
0.04850926 0.1915803 0.0006483169 0.7592621
0.05018565 0.1743681 0.001023002 0.7744232
0.05288019 0.1780391 0.00186844 0.7672123
0.0591095 0.1674506 8.753468e-06 0.7734311
0.06277259 0.1520495 0.002111185 0.7830668
0.03635037 0.1975875 0.0001097209 0.7659524
0.05606015 0.1539788 0.000347043 0.789614
0.04859421 0.1590063 0.001957964 0.7904415
0.04566825 0.1678522 0.00159645 0.7848831
0.06377471 0.1787352 0.0007170065 0.7567731
0.05569493 0.1779024 0.001465154 0.7649375
0.05185422 0.1571045 0.002031001 0.7890103
0.05050861 0.1573986 0.002231077 0.7898617
0.05480601 0.1665129 0.00297435 0.7757067
0.05342167 0.1540398 0.002207816 0.7903307
0.04662132 0.1653934 0.0005097817 0.7874755
0.04120026 0.1691693 0.003049298 0.7865811
0.04150348 0.1636431 0.002805152 0.7920483
0.05474361 0.171034 0.001681689 0.7725407
0.0629753 0.1836964 0.002027654 0.7513007
0.05074312 0.1594557 0.003049101 0.786752
0.04329484 0.1585869 0.006511005 0.7916072
0.05306018 0.148253 0.005277739 0.7934091
0.05243026 0.154583 0.0006270519 0.7923597
0.05339663 0.1662243 0.005562892 0.7748161
0.05395944 0.1678836 0.0004226422 0.7777343
0.05045466 0.1777775 0.001591052 0.7701768
0.05485052 0.1632797 0.0002767451 0.781593
0.04467227 0.1607327 0.006009769 0.7885853
0.05405135 0.1581009 0.005821613 0.7820261
0.04806431 0.1813293 0.001278049 0.7693284
0.0629895 0.1606648 0.002341631 0.7740041
0.05619073 0.158209 0.001493893 0.7841063
0.04817059 0.1674799 0.001667193 0.7826823
0.05100786 0.1670033 0.000371582 0.7816172
0.06625356 0.1658425 7.642505e-05 0.7678276
0.0595297 0.1690131 0.0002435298 0.7712136
0.05830649 0.1730646 0.0005088074 0.7681201
0.05899643 0.1761188 0.002668481 0.7622163
0.05035883 0.1832007 0.001543533 0.7648969
0.0448629 0.1758562 0.0005448095 0.7787361
0.04824727 0.1799513 0.001867809 0.7699336
0.0517679 0.1842379 0.00168569 0.7623085
0.05996185 0.1744519 2.055456e-05 0.7655657
0.05716379 0.1541289 0.005350043 0.7833573
0.05735695 0.1714661 0.002489886 0.7686871
0.05092601 0.1741584 0.002970026 0.7719456
0.0571147 0.1713116 0.005611206 0.7659625
0.05142102 0.1635224 0.0005937278 0.7844628
0.05959471 0.1778516 0.0004627251 0.762091
0.06010765 0.1557999 0.002498438 0.781594
0.04290106 0.1809746 0.0004847561 0.7756396
0.05610013 0.1795427 0.00046761 0.7638896
0.06514513 0.1536795 0.000475099 0.7807003
0.06375096 0.1698764 0.0006427205 0.7657299
0.04834944 0.1733444 9.147143e-05 0.7782147
0.05475961 0.1652125 0.004789458 0.7752385
0.05629485 0.1608545 0.000859392 0.7819912
0.05123829 0.1490079 0.005863424 0.7938904
0.05546568 0.1645381 0.0003547475 0.7796415
0.0444799 0.1610014 0.003165094 0.7913536
0.0439626 0.1641817 0.005175958 0.7866797
0.06634636 0.160622 0.0008778019 0.7721539
0.05520632 0.1735411 0.002941307 0.7683112
0.05355297 0.1954804 0.001168598 0.7497981
0.04953223 0.1664582 0.0001628335 0.7838468
0.05069495 0.1699277 0.0006852061 0.7786921
0.05869831 0.1678993 6.834135e-06 0.7733956
0.04749142 0.174012 0.004989143 0.7735075
0.05376645 0.1638137 0.001913732 0.7805061
0.05037279 0.1681864 0.004513758 0.7769271
0.05251574 0.1516502 0.0001318162 0.7957022
0.04688473 0.1618898 0.001126245 0.7900992
0.04546452 0.1416253 0.001810647 0.8110995
0.04964801 0.1691504 0.0007047414 0.7804969
0.05786295 0.1550831 0.002593842 0.7844601
0.05821783 0.1704885 3.832957e-05 0.7712553
0.06682872 0.1700538 0.001517627 0.7615999
0.05313115 0.1791816 0.001981335 0.7657059
0.05014372 0.1598332 5.592936e-05 0.7899671
0.07006998 0.1433702 0.0003387274 0.7862211
0.06951208 0.154166 3.274568e-05 0.7762891
0.0511974 0.1565628 0.001615047 0.7906247
0.05461209 0.1610355 0.0001772652 0.7841751
0.05497143 0.1739287 0.003156437 0.7679434
0.05819362 0.1709083 0.0005482987 0.7703497
0.04581963 0.1480549 0.0001788055 0.8059466
0.03869935 0.1740725 0.0002381336 0.7869901
0.05265913 0.1721203 0.0008991346 0.7743214
0.04564974 0.1813614 2.003535e-05 0.7729688
0.06858143 0.1537864 0.003676797 0.7739554
0.05878254 0.1708778 0.0009080638 0.7694316
0.0588693 0.1712723 0.001250423 0.768608
0.06885208 0.1567164 0.002052151 0.7723794
0.0500668 0.1793258 0.003912316 0.7666951
0.04957515 0.144321 0.0001353961 0.8059685
0.0468623 0.1900828 0.0002905092 0.7627644
0.05096354 0.1869465 0.001101586 0.7609883
0.06293445 0.1527141 0.0003576734 0.7839938
0.04886247 0.1500677 0.0005444439 0.8005254
0.04158519 0.1790437 2.598303e-05 0.7793452
0.0494173 0.1868888 0.001427254 0.7622667
0.04483391 0.1573468 0.0008267513 0.7969925
0.04856398 0.1725056 0.0006123525 0.7783181
0.04489531 0.1643758 0.001669876 0.7890591
0.03870231 0.1650928 0.000171606 0.7960333
0.0535845 0.1632624 0.002051757 0.7811014
0.04353578 0.1746058 0.003519587 0.7783389
0.06098549 0.158437 0.004300959 0.7762765
0.05559687 0.1627025 0.001311007 0.7803896
0.05975873 0.1649319 0.0008724852 0.7744368
0.04465331 0.170638 0.0005629333 0.7841458
0.04906841 0.1621455 0.001255691 0.7875304
0.04642484 0.1402897 0.0004842194 0.8128012
0.06850113 0.1526527 0.0003094752 0.7785367
0.05377239 0.1695762 0.002550671 0.7741007
0.0602313 0.152424 0.00255369 0.784791
0.05065764 0.1677324 0.0001883245 0.7814217
0.04732151 0.1619666 0.0008590399 0.7898529
0.05285565 0.1378115 0.02212874 0.7872041
0.04495177 0.1563658 0.0006368588 0.7980455
0.05330816 0.1758963 0.0051932 0.7656023
0.0548623 0.1833127 0.007185906 0.7546391
0.05222939 0.1603209 0.0004994737 0.7869503
0.0587417 0.1501644 0.0002242714 0.7908696
0.04429692 0.1621439 0.003273169 0.7902861
0.04711207 0.1554872 0.0007758081 0.7966249
0.05552026 0.1639552 0.0001269089 0.7803976
0.05438148 0.1596588 0.0001528601 0.7858069
0.05118444 0.1787802 0.002023775 0.7680116
0.05017777 0.1608035 0.001352923 0.7876659
0.04567025 0.1681957 0.0008100523 0.785324
0.05070413 0.1464319 0.00238388 0.8004801
0.04406312 0.1709706 0.003471551 0.7814948
0.0469681 0.161241 0.003586479 0.7882045
0.05911439 0.1456063 0.002885962 0.7923934
0.06715033 0.1427281 0.004315802 0.7858057
0.05588395 0.1645785 0.006090978 0.7734466
0.04511735 0.1417815 0.00760545 0.8054957
0.05228304 0.1605407 3.145625e-06 0.7871731
0.06229816 0.162759 0.0004330381 0.7745098
0.0621049 0.1805726 0.0001216727 0.7572009
0.06918264 0.1799033 0.0001835187 0.7507306
0.04792399 0.1756994 9.556741e-05 0.776281
0.05085777 0.1728865 0.002669025 0.7735867
0.05029 0.1603064 6.437045e-06 0.7893972
0.05678623 0.1670173 0.005286116 0.7709103
0.04229487 0.1783419 0.0005357315 0.7788275
0.0586681 0.1781669 0.0005030849 0.7626619
0.06123589 0.1508453 0.008023636 0.7798951
0.05432133 0.188871 0.0001366457 0.756671
0.05110859 0.1553463 0.003044686 0.7905004
0.05791779 0.1639745 0.001931923 0.7761757
0.0513344 0.1546517 0.00362574 0.7903881
0.05683152 0.1513075 0.00335174 0.7885093
0.04559684 0.1430244 0.003273379 0.8081053
0.06629294 0.1698149 0.001318615 0.7625736
0.04796959 0.1801335 0.0001530673 0.7717438
0.04683567 0.1723163 0.001489711 0.7793584
0.04690697 0.1603983 0.000772699 0.791922
0.05342234 0.1472413 0.0004780167 0.7988584
0.05611334 0.1592432 0.001860342 0.7827831
0.05682254 0.1390136 0.00194686 0.802217
0.05197307 0.1892435 0.0005477317 0.7582357
0.0609749 0.1520309 0.0006734348 0.7863208
0.06006065 0.1345363 0.01147634 0.7939267
0.05176693 0.1591628 0.003721541 0.7853487
0.06571112 0.1652248 0.0002288515 0.7688353
0.04352565 0.1389363 0.0004637934 0.8170742
0.05763399 0.1375524 0.005342558 0.7994711
0.05000547 0.1577621 0.002561843 0.7896706
0.0473368 0.1712146 0.001709419 0.7797392
0.04830266 0.1671673 0.0003439973 0.784186
0.05933572 0.1562706 0.001561217 0.7828325
0.05038724 0.1596932 0.006401997 0.7835176
0.04493315 0.1636426 0.00911262 0.7823117
0.05255542 0.154534 0.001390332 0.7915203
0.05748593 0.1707398 0.002604864 0.7691694
0.0539003 0.1641435 0.007626833 0.7743293
0.05450578 0.1565587 0.0007557721 0.7881798
0.05597759 0.1718107 0.0007644439 0.7714472
0.06101345 0.1639354 0.0005702333 0.7744809
0.06267474 0.1689284 0.0004190744 0.7679778
0.04491734 0.1530037 2.92119e-05 0.8020498
0.05285467 0.1609332 0.0006878672 0.7855242
0.04705829 0.1605477 0.002103125 0.7902909
0.06589921 0.1567249 0.0004009961 0.7769749
0.04626098 0.1716174 0.0002125548 0.7819091
0.05308236 0.1659197 0.004350561 0.7766473
0.04611572 0.1575886 0.0001129337 0.7961828
0.04588439 0.1753969 0.004559785 0.7741589
0.0557329 0.1493758 0.003713762 0.7911776
0.05034674 0.1523485 0.0006322194 0.7966726
0.05368818 0.1671351 0.001043516 0.7781332
0.05705881 0.1673346 0.003561237 0.7720454
0.05853661 0.1470879 0.003997721 0.7903778
0.0436268 0.1697991 0.001466291 0.7851078
0.06148448 0.1687386 0.00135245 0.7684244
0.05574817 0.1730207 0.002295016 0.7689361
0.05493954 0.1768019 0.001233664 0.7670249
0.05257501 0.1731639 0.0008083637 0.7734527
0.05699118 0.1714535 0.0001577891 0.7713975
0.04863899 0.1749258 0.0006159825 0.7758193
0.06174806 0.1447446 0.002634876 0.7908724
0.04977709 0.1563902 0.001983138 0.7918495
0.06165724 0.1599017 0.00464563 0.7737954
0.05939266 0.1827496 0.001858068 0.7559997
0.05516769 0.1618161 0.0008009197 0.7822152
