p_1 p_2 p_3 
0.2530683 0.01505241 0.7318793 
0.3184636 0.007822425 0.673714 
0.2935789 0.002724581 0.7036965 
0.3000742 0.02312992 0.6767959 
0.2892545 0.005273833 0.7054717 
0.3087253 0.001433754 0.689841 
0.2658206 0.002157896 0.7320215 
0.2497137 0.001089749 0.7491966 
0.2505922 0.01384973 0.7355581 
0.286272 0.0111718 0.7025562 
0.2938831 0.01046663 0.6956503 
0.3047467 0.01160845 0.6836449 
0.2670171 0.005229449 0.7277534 
0.2829821 0.001058518 0.7159594 
0.2946351 0.02469624 0.6806687 
0.3576843 0.0007035121 0.6416122 
0.2561929 0.002115558 0.7416915 
0.3172101 0.0193209 0.663469 
0.3017641 0.00869138 0.6895445 
0.33871 0.0009171962 0.6603728 
0.3137622 0.0005922692 0.6856456 
0.2997967 0.001442735 0.6987605 
0.3384712 0.00979469 0.6517341 
0.2502433 0.007640797 0.742116 
0.2968814 0.001000688 0.7021179 
0.2816161 0.002557096 0.7158268 
0.2269975 0.0153966 0.7576059 
0.2691739 0.03669492 0.6941312 
0.3806893 0.003889637 0.615421 
0.3508676 0.002856665 0.6462757 
0.3906104 0.008441259 0.6009483 
0.2265851 0.005776777 0.7676381 
0.3234918 0.002134437 0.6743738 
0.3683483 0.000267707 0.631384 
0.3322457 0.0035907 0.6641636 
0.3537224 0.004308517 0.6419691 
0.3661183 0.009141565 0.6247402 
0.3665987 0.0002099593 0.6331913 
0.2841926 0.001031474 0.714776 
0.3395985 0.01097521 0.6494263 
0.4455624 0.003002297 0.5514353 
0.3313154 0.00893873 0.6597459 
0.2620719 0.007836558 0.7300915 
0.2230078 0.01637152 0.7606206 
0.2267412 0.01485589 0.7584029 
0.3270919 0.006857935 0.6660502 
0.2711269 0.006815934 0.7220571 
0.3322422 0.009730833 0.6580269 
0.2826259 0.02261024 0.6947639 
0.300107 0.0007221946 0.6991709 
0.3259349 0.003845233 0.6702199 
0.3081559 0.0007995813 0.6910445 
0.2831523 0.003126491 0.7137212 
0.3158323 0.002000513 0.6821672 
0.350458 0.004245104 0.6452969 
0.2514486 0.009413434 0.7391379 
0.2919877 0.002514021 0.7054983 
0.307913 0.001104105 0.6909829 
0.3074668 0.000459348 0.6920739 
0.3115985 0.003930616 0.6844709 
0.2811185 0.01392839 0.7049531 
0.2235714 0.000658424 0.7757702 
0.3066511 0.01500191 0.678347 
0.3690077 0.01199321 0.6189991 
0.3014835 0.003891299 0.6946252 
0.2808628 0.002014197 0.717123 
0.291184 0.005546725 0.7032693 
0.4113056 0.0070673 0.5816271 
0.2684387 0.00321413 0.7283472 
0.2921307 0.01498073 0.6928886 
0.2873232 0.001591002 0.7110858 
0.3137803 0.01402894 0.6721908 
0.3362983 0.0006371139 0.6630645 
0.3032541 0.00369103 0.6930549 
0.3344093 0.002939799 0.6626509 
0.2657679 0.007589952 0.7266422 
0.3538417 0.0002676378 0.6458907 
0.3014172 0.007195316 0.6913874 
0.2237508 0.001940154 0.7743091 
0.3144461 0.006652878 0.678901 
0.3020382 0.004538994 0.6934228 
0.2384387 0.01775386 0.7438075 
0.2713349 0.0004504721 0.7282147 
0.344249 0.0185697 0.6371813 
0.2042901 0.01695109 0.7787588 
0.3513561 0.004055317 0.6445885 
0.3148446 0.003129578 0.6820258 
0.4345732 0.007837823 0.557589 
0.2960643 0.0009514203 0.7029843 
0.2765135 0.01097464 0.7125119 
0.289355 0.002081539 0.7085635 
0.3433581 0.0002216399 0.6564202 
0.3649466 0.002928616 0.6321248 
0.3386131 0.009404103 0.6519828 
0.238997 0.01211327 0.7488897 
0.2437654 0.008994316 0.7472403 
0.466917 0.009028857 0.5240542 
0.2492803 0.009276269 0.7414434 
0.2524093 0.0002723789 0.7473183 
0.2686233 0.005936755 0.7254399 
0.3046747 0.01421407 0.6811112 
0.4071944 0.002153752 0.5906519 
0.3077239 0.008793303 0.6834828 
0.2990063 0.0003288486 0.7006648 
0.2868757 0.0291146 0.6840097 
0.2838148 0.006454269 0.709731 
0.2428532 0.002456358 0.7546904 
0.3354449 0.0005860883 0.663969 
0.2865297 0.008938783 0.7045315 
0.2024848 0.01522704 0.7822882 
0.3025927 0.0008587307 0.6965486 
0.2545117 0.0009596098 0.7445287 
0.3306806 0.04411035 0.6252091 
0.2406869 0.008889121 0.750424 
0.308894 0.00251322 0.6885928 
0.3549572 0.02355728 0.6214855 
0.3192169 0.009517565 0.6712655 
0.2994535 0.00906921 0.6914773 
0.2842382 0.0165935 0.6991683 
0.2668493 0.00225739 0.7308933 
0.2504586 0.002694979 0.7468465 
0.3327951 0.005465602 0.6617393 
0.3395376 0.002787922 0.6576745 
0.2953436 0.0009189734 0.7037375 
0.3439701 0.001327647 0.6547023 
0.3887449 0.004982099 0.606273 
0.3011361 0.0002316804 0.6986322 
0.3421411 0.005461039 0.6523979 
0.3048212 0.009596292 0.6855825 
0.3137424 0.005219862 0.6810378 
0.2975933 0.0009954508 0.7014113 
0.2994907 0.003058967 0.6974504 
0.3208669 0.002034607 0.6770985 
0.313182 0.02706118 0.6597568 
0.291472 0.0047739 0.7037541 
0.2303233 0.005922175 0.7637546 
0.2410479 0.03008596 0.7288661 
0.2209348 0.0005559988 0.7785092 
0.2898887 0.01608543 0.6940259 
0.3518107 0.001277381 0.646912 
0.3016949 0.004809034 0.6934961 
0.3039876 0.006363998 0.6896484 
0.3097615 0.005511744 0.6847268 
0.2294887 0.0005486471 0.7699626 
0.2815335 0.002355456 0.716111 
0.3127282 0.001657858 0.685614 
0.2542448 0.002135681 0.7436195 
0.2992542 0.003169527 0.6975763 
0.2525046 0.007838355 0.739657 
0.3263018 0.0004693203 0.6732289 
0.2642603 0.0006930547 0.7350467 
0.2583068 0.002688297 0.7390049 
0.3015088 0.04300174 0.6554895 
0.2579867 0.04022504 0.7017882 
0.315562 0.00096379 0.6834742 
0.3330022 0.006825095 0.6601727 
0.3040129 0.01482897 0.6811582 
0.3124077 0.004943616 0.6826486 
0.228059 0.001809564 0.7701314 
0.273663 0.0001020031 0.726235 
0.3784518 0.004123045 0.6174251 
0.28083 0.00133084 0.7178391 
0.1843536 0.00201421 0.8136322 
0.3141548 0.01748093 0.6683643 
0.3193498 0.002939089 0.6777111 
0.2361869 0.004908211 0.7589049 
0.3435471 0.001023228 0.6554296 
0.2942618 0.01686468 0.6888735 
0.3457598 0.006211292 0.6480289 
0.3172605 0.00585428 0.6768852 
0.2565602 0.001726236 0.7417135 
0.2559436 0.009861042 0.7341954 
0.3666266 0.0003270422 0.6330464 
0.3967537 0.004164451 0.5990818 
0.2322826 0.00175208 0.7659653 
0.3475083 0.01982195 0.6326698 
0.2393072 0.006826376 0.7538664 
0.3210096 0.01158975 0.6674007 
0.2933167 0.01364232 0.693041 
0.288929 0.02000004 0.6910709 
0.3226241 0.01296876 0.6644072 
0.4320621 0.02624034 0.5416976 
0.3583428 0.003513405 0.6381438 
0.3107127 0.009149137 0.6801382 
0.3899975 0.001116794 0.6088857 
0.3052211 0.001644426 0.6931345 
0.3303554 0.00979121 0.6598534 
0.2782086 0.004802389 0.716989 
0.4096103 0.01844567 0.5719441 
0.4067993 0.01737929 0.5758214 
0.3482971 0.004849871 0.6468531 
0.2850675 0.004631831 0.7103007 
0.2393268 0.002245979 0.7584272 
0.2494114 0.006017794 0.7445708 
0.2424409 0.02583373 0.7317254 
0.3425996 0.008340908 0.6490595 
0.3708586 1.312551e-05 0.6291283 
0.2485742 0.006992813 0.744433 
0.236064 0.0001849128 0.7637511 
0.3314764 0.02537247 0.6431511 
0.219359 0.005600772 0.7750403 
0.3004361 0.01035706 0.6892068 
0.2623855 0.01912009 0.7184944 
0.268113 0.02166445 0.7102225 
0.3315379 0.004266709 0.6641954 
0.3256923 0.005545194 0.6687625 
0.256286 0.002649707 0.7410642 
0.3772222 0.002025371 0.6207524 
0.3208573 0.001082174 0.6780606 
0.3249391 0.005247418 0.6698135 
0.3484276 0.01805769 0.6335147 
0.2343224 0.009126053 0.7565516 
0.4090795 0.002023022 0.5888975 
0.2682008 0.006495165 0.7253041 
0.3156551 0.004302252 0.6800427 
0.3571557 0.006979297 0.635865 
0.3310046 0.02378789 0.6452075 
0.229571 0.002506427 0.7679226 
0.2548952 0.01582422 0.7292806 
0.2787688 0.002499342 0.7187318 
0.3007502 0.01472076 0.684529 
0.2546925 0.01264428 0.7326632 
0.3110867 0.0009196593 0.6879937 
0.354535 0.01594624 0.6295188 
0.3037556 0.003699762 0.6925446 
0.4288814 0.002910299 0.5682083 
0.2426286 0.004732578 0.7526388 
0.2536822 0.001360188 0.7449576 
0.2753198 0.005406248 0.719274 
0.3373383 0.00576405 0.6568977 
0.2592789 0.00890475 0.7318164 
0.2818005 0.004213733 0.7139858 
0.3283042 0.001400452 0.6702954 
0.3615682 0.0008003869 0.6376315 
0.3213283 0.008405723 0.670266 
0.2767989 0.01743489 0.7057662 
0.2556694 0.0009920801 0.7433385 
0.3045299 0.007519111 0.687951 
0.2553649 0.004218234 0.7404168 
0.2614022 0.01585209 0.7227457 
0.300573 0.001668209 0.6977588 
0.2389766 0.03744764 0.7235758 
0.2724665 0.01346449 0.714069 
0.4172688 0.0225273 0.5602039 
0.3552218 0.001671073 0.6431071 
0.3061633 0.001604976 0.6922317 
0.1838013 0.008010067 0.8081886 
0.3073309 0.009247131 0.6834219 
0.2937518 0.008108291 0.6981399 
0.3073759 0.001456059 0.6911681 
0.3610723 0.01155158 0.6273761 
0.3544718 0.01152551 0.6340027 
0.2994971 0.01217087 0.688332 
0.2397225 0.01811302 0.7421645 
0.2882166 0.008495869 0.7032875 
0.2472607 0.007330431 0.7454088 
0.2137729 0.001857772 0.7843693 
0.3310802 0.00416913 0.6647507 
0.3676114 0.001646703 0.6307419 
0.2254365 3.475886e-05 0.7745287 
0.2851897 0.002248861 0.7125615 
0.2549566 0.0006483835 0.7443951 
0.2268997 0.0009310841 0.7721692 
0.2986365 0.0209218 0.6804417 
0.3170652 0.002599636 0.6803351 
0.2870845 0.01578251 0.697133 
0.3116655 0.0004324703 0.687902 
0.2487931 0.01503839 0.7361685 
0.2497599 0.01494449 0.7352956 
0.2950378 0.006469954 0.6984922 
0.2965906 0.01791131 0.6854981 
0.3736416 0.003866077 0.6224924 
0.3463791 0.005145449 0.6484754 
0.3841005 0.009065535 0.606834 
0.3225076 0.000445418 0.6770469 
0.3751418 0.009477194 0.615381 
0.3507576 0.003654355 0.6455881 
0.2189647 0.03618866 0.7448467 
0.2971231 0.001037678 0.7018393 
0.4249601 0.00550686 0.569533 
0.4322816 0.01664866 0.5510697 
0.253354 0.008464074 0.738182 
0.2363306 0.00335593 0.7603135 
0.2329716 0.01456306 0.7524653 
0.3475366 9.047817e-06 0.6524543 
0.3820562 0.007423419 0.6105204 
0.3073991 0.005130508 0.6874704 
0.3632463 0.0005964631 0.6361572 
0.2125637 0.006954067 0.7804823 
0.3756861 0.003652467 0.6206614 
0.267219 0.004823315 0.7279577 
0.3248887 0.0006115168 0.6744998 
0.3748667 0.002039384 0.6230939 
0.324988 0.008572273 0.6664398 
0.2271282 0.007845417 0.7650264 
0.2963486 0.001173445 0.702478 
0.3351763 0.009739034 0.6550846 
0.4049328 0.003086803 0.5919804 
0.325712 0.005309521 0.6689784 
0.2943217 0.0009074392 0.7047709 
0.3095443 0.006451621 0.6840041 
0.3394427 0.004186332 0.6563709 
0.3063871 0.007603412 0.6860095 
0.3356941 0.001804832 0.6625011 
0.2327704 0.003409964 0.7638196 
0.313811 0.0002673597 0.6859216 
0.3721554 0.0003997942 0.6274448 
0.3552797 0.008090757 0.6366295 
0.2773349 0.008193936 0.7144712 
0.4253791 0.01032125 0.5642996 
0.3036261 0.007411449 0.6889624 
0.3309628 0.03812716 0.6309101 
0.3653584 0.007726541 0.626915 
0.3687876 0.0003439514 0.6308685 
0.3508611 0.01876284 0.6303761 
0.2944464 0.01502294 0.6905307 
0.3594683 0.01965237 0.6208793 
0.3082491 0.01555494 0.676196 
0.3513788 0.008432191 0.640189 
0.411482 0.006037906 0.5824801 
0.3866301 0.002071444 0.6112984 
0.2720275 0.00306978 0.7249028 
0.218673 0.002152289 0.7791747 
0.4176394 0.004294216 0.5780664 
0.345363 0.001802238 0.6528347 
0.3201747 0.0116735 0.6681518 
0.3966088 0.009745579 0.5936457 
0.3817302 0.009326896 0.6089429 
0.3225579 0.01192047 0.6655216 
0.3736986 0.004900177 0.6214012 
0.3943904 0.009694836 0.5959148 
0.3581058 0.000203632 0.6416906 
0.270465 0.005933143 0.7236019 
0.2147912 0.002311882 0.782897 
0.3312169 0.0005306816 0.6682525 
0.2193072 0.001954635 0.7787381 
0.2268629 0.0008218904 0.7723152 
0.32532 0.01115923 0.6635208 
0.3381923 0.001094717 0.660713 
0.2422639 0.004410799 0.7533253 
0.2637836 0.0007019901 0.7355144 
0.3418406 0.008370347 0.6497891 
0.3456373 0.004521207 0.6498415 
0.2982803 0.002199521 0.6995202 
0.2343936 0.009287911 0.7563185 
0.1919674 0.02198863 0.7860439 
0.232682 0.003665654 0.7636523 
0.2642688 0.007659518 0.7280717 
0.2571755 0.001774749 0.7410497 
0.3908704 0.01740991 0.5917197 
0.3489683 2.323885e-05 0.6510084 
0.3254803 0.002471677 0.672048 
0.3142355 0.01103405 0.6747304 
0.2175178 0.006075426 0.7764068 
0.3420017 0.00415933 0.653839 
0.3265344 0.004432472 0.6690331 
0.3030938 0.0007239354 0.6961822 
0.3304277 0.03975606 0.6298162 
0.3172523 0.02793376 0.654814 
0.3004172 0.0007650481 0.6988178 
0.3128998 0.01379445 0.6733057 
0.360123 0.01082111 0.6290559 
0.2692852 0.0002826609 0.7304321 
0.3612144 0.001014387 0.6377712 
0.2986455 0.01625652 0.6850979 
0.302661 0.005103292 0.6922357 
0.3351359 0.0130631 0.651801 
0.2630144 0.005747674 0.7312379 
0.3394195 0.0009957745 0.6595847 
0.4066908 0.00190604 0.5914032 
0.404544 0.02489574 0.5705603 
0.3222153 0.008062704 0.669722 
0.2972536 0.00428559 0.6984608 
0.3080929 0.001360292 0.6905468 
0.2965251 0.001851066 0.7016238 
0.4953831 0.002742108 0.5018748 
0.2989503 0.02823005 0.6728196 
0.4239889 0.002571023 0.57344 
0.2607889 0.001793516 0.7374176 
0.271221 0.004432234 0.7243468 
0.2911628 0.01539711 0.6934401 
0.2460884 0.004651177 0.7492605 
0.3323078 0.01587497 0.6518172 
0.3306858 0.0002242696 0.6690899 
0.363823 0.005661249 0.6305158 
0.2583757 0.00197633 0.739648 
0.2947516 0.0005052281 0.7047432 
0.2903065 0.0004806241 0.7092128 
0.2769401 0.002196934 0.7208629 
0.3485424 0.03032482 0.6211328 
0.203243 0.01285884 0.7838982 
0.212847 0.005952699 0.7812003 
0.3232664 0.002415886 0.6743177 
0.360104 0.008589251 0.6313067 
0.3206323 0.002370195 0.6769975 
0.3011121 0.009466015 0.6894219 
0.2572976 0.002817323 0.7398851 
0.3120811 0.0001950069 0.6877239 
0.3457985 0.0006274957 0.653574 
0.363557 0.008800405 0.6276426 
0.3209275 0.001822074 0.6772504 
0.3891302 0.004384664 0.6064852 
0.2746849 0.0008812944 0.7244338 
0.3637714 0.003016023 0.6332126 
0.3437079 0.007255953 0.6490362 
0.3271572 0.006067559 0.6667753 
0.2855492 0.009317056 0.7051338 
0.3128691 0.003888184 0.6832427 
0.2854284 0.002433776 0.7121378 
0.2792019 0.007769361 0.7130287 
0.3208656 0.001089858 0.6780446 
0.2764787 0.005623957 0.7178974 
0.3274465 0.001063305 0.6714902 
0.278151 0.004314246 0.7175348 
0.3498502 0.003291745 0.6468581 
0.2881681 0.003503257 0.7083287 
0.270357 0.009495401 0.7201476 
0.3932332 0.004517129 0.6022496 
0.2641496 0.003413443 0.732437 
0.3178415 0.0001399846 0.6820185 
0.2852644 0.004391242 0.7103444 
0.315415 0.01118165 0.6734034 
0.2923449 0.01383323 0.6938218 
0.3915498 0.003141388 0.6053088 
0.2640187 5.888754e-05 0.7359224 
0.3727468 0.01843425 0.608819 
0.2631015 0.0006139176 0.7362846 
0.2785535 0.01493785 0.7065087 
0.2894404 0.004833614 0.705726 
0.2665389 0.02260148 0.7108597 
0.3289852 0.01833193 0.6526829 
0.3156472 0.00139525 0.6829575 
0.1852346 0.00860649 0.8061589 
0.3579293 0.003087412 0.6389833 
0.3245985 0.0006516178 0.6747499 
0.2725479 0.003277151 0.724175 
0.2910239 0.009287009 0.6996891 
0.3574415 0.003240877 0.6393177 
0.2855205 0.006029248 0.7084502 
0.347035 0.007627522 0.6453375 
0.4090136 0.002592075 0.5883944 
0.3692101 0.01055173 0.6202382 
0.2881364 0.003148669 0.7087149 
0.2258486 0.003538567 0.7706129 
0.3856069 0.003410559 0.6109826 
0.3089945 0.003113808 0.6878917 
0.3501468 0.004982678 0.6448705 
0.2876386 0.005133852 0.7072276 
0.221852 0.0145777 0.7635703 
0.2823316 0.004594904 0.7130735 
0.2765092 0.00152723 0.7219636 
0.2483511 0.000230028 0.7514188 
0.2923921 0.03287867 0.6747292 
0.3755652 0.01904243 0.6053923 
0.2626348 0.01339446 0.7239707 
0.3441345 0.003124479 0.652741 
0.2542841 0.006064576 0.7396513 
0.263159 0.009012362 0.7278286 
0.3397692 0.006255118 0.6539757 
0.4249146 0.0002788293 0.5748066 
0.3142465 0.003078404 0.6826751 
0.2612688 0.001803287 0.7369279 
0.3544143 0.004980339 0.6406053 
0.2877662 0.004361595 0.7078722 
0.263314 0.002926005 0.73376 
0.2587852 0.001153294 0.7400615 
0.2710807 0.001998988 0.7269203 
0.2985027 0.008681629 0.6928157 
0.2500865 0.008039215 0.7418742 
0.4506093 0.02185802 0.5275326 
0.3551739 0.01198455 0.6328415 
0.3211828 0.04893933 0.6298779 
0.2639288 0.03291691 0.7031542 
0.3444413 0.003823608 0.6517351 
0.3336963 0.01034973 0.655954 
0.2852351 0.01227823 0.7024866 
0.2852523 0.01001934 0.7047283 
0.3594483 0.01085054 0.6297011 
0.2739855 0.01337535 0.7126391 
0.2883471 0.02368919 0.6879637 
0.237277 0.004408886 0.7583141 
0.2719463 0.003427907 0.7246258 
0.2618578 0.00103964 0.7371026 
0.3065371 0.0145172 0.6789457 
0.2912825 0.01166262 0.6970549 
0.3409855 0.006277937 0.6527366 
0.2354032 0.01538059 0.7492162 
0.292603 0.01220591 0.6951911 
0.2813052 0.002677395 0.7160174 
0.3425129 0.003328583 0.6541585 
0.4262726 0.002266974 0.5714605 
0.3818704 0.0007448049 0.6173848 
0.286244 0.0001571192 0.7135988 
0.2282466 0.002778661 0.7689747 
0.3659607 0.004267572 0.6297717 
0.3569353 0.003611546 0.6394531 
0.4198245 0.02325909 0.5569164 
0.3672152 0.002031093 0.6307537 
0.2928375 0.01113658 0.6960259 
0.3019435 0.02414687 0.6739097 
0.2995175 0.01638644 0.6840961 
0.2834647 0.009337178 0.7071982 
0.2461065 0.001406723 0.7524868 
0.2893633 0.0004240528 0.7102126 
0.2443361 0.01175333 0.7439106 
0.3159028 0.0004673828 0.6836298 
0.224194 0.0248024 0.7510036 
0.2756434 0.002616218 0.7217404 
0.2212236 0.005672181 0.7731042 
0.2890185 0.02820623 0.6827753 
0.346801 0.008737146 0.6444619 
0.2978098 0.003715127 0.6984751 
0.2024572 0.00438797 0.7931549 
0.3020215 0.009744421 0.6882341 
0.2773325 0.004717488 0.71795 
0.254123 0.002539166 0.7433379 
0.399524 0.006607199 0.5938688 
0.2732082 0.01881169 0.7079801 
0.4002959 0.0007092257 0.5989949 
0.2627487 0.01864905 0.7186023 
0.2292017 0.003124748 0.7676735 
0.3616641 0.01386275 0.6244732 
0.3392018 0.0001481419 0.6606501 
0.3811103 0.01079298 0.6080967 
0.3916605 0.01484503 0.5934945 
0.3391874 0.005790348 0.6550222 
0.3311935 0.002302414 0.6665041 
0.3054099 0.001462142 0.6931279 
0.3156847 0.007056386 0.6772589 
0.3583638 0.002173513 0.6394627 
0.2698734 0.005138039 0.7249885 
0.4391956 0.003759224 0.5570451 
0.2556309 0.0004064535 0.7439627 
0.3892873 0.001280638 0.6094321 
0.2895731 0.0007573865 0.7096695 
0.2589806 0.007359454 0.73366 
0.3152673 0.02005848 0.6646743 
0.2765425 0.001605189 0.7218523 
0.3081914 0.005599428 0.6862092 
0.2863352 0.009646967 0.7040179 
0.2835425 0.007191264 0.7092662 
0.2232504 0.01317074 0.7635789 
0.2859545 0.0009358886 0.7131096 
0.2860553 0.004258594 0.7096861 
0.353836 0.01138384 0.6347802 
0.2586734 0.008039717 0.7332869 
0.2496146 0.01075339 0.739632 
0.2418651 0.001481028 0.7566539 
0.3008056 0.009085592 0.6901088 
0.3132075 0.004775782 0.6820167 
0.2691108 0.0098666 0.7210226 
0.405281 0.0008417681 0.5938773 
0.4011836 0.006275643 0.5925408 
0.3666658 0.01375238 0.6195819 
0.2775132 0.01416352 0.7083233 
0.3181673 0.004250413 0.6775823 
0.358318 0.003998318 0.6376837 
0.2621676 0.005140015 0.7326924 
0.2225283 0.01420139 0.7632703 
0.2415421 0.00143387 0.7570241 
0.2866767 0.005365239 0.707958 
0.229853 0.000689728 0.7694573 
0.3678075 0.002541375 0.6296511 
0.2868539 0.001386838 0.7117592 
0.3147211 0.006658158 0.6786207 
0.2169438 0.003799855 0.7792563 
0.3273045 0.006185087 0.6665104 
0.2482122 0.01490309 0.7368847 
0.2749221 0.01415093 0.7109269 
0.2233219 0.0066709 0.7700072 
0.3420791 0.006415785 0.6515051 
0.2202906 0.0008407637 0.7788686 
0.2908729 0.000492283 0.7086348 
0.3360752 0.0360217 0.6279031 
0.2295464 0.009793766 0.7606598 
0.351413 0.03405491 0.6145321 
0.3728081 0.009135725 0.6180562 
0.2496698 0.01166257 0.7386677 
0.2034364 0.001454511 0.7951091 
0.3280856 0.006407501 0.6655069 
0.2981933 0.001384602 0.7004221 
0.2287612 0.02485718 0.7463817 
0.3200516 0.01441635 0.6655321 
0.3543572 0.002397222 0.6432456 
0.2938517 0.03167116 0.6744771 
0.3410844 0.01639887 0.6425167 
0.2693699 0.005548594 0.7250815 
0.2594979 0.0009525006 0.7395496 
0.2188728 0.005883089 0.7752441 
0.2662924 0.009378385 0.7243292 
0.2147514 0.01113121 0.7741173 
0.2952216 0.002309673 0.7024687 
0.4036826 0.01365655 0.5826609 
0.2700203 0.006210327 0.7237693 
0.379948 0.001297283 0.6187547 
0.254733 0.003697589 0.7415694 
0.270656 0.007971246 0.7213727 
0.3244694 0.002624739 0.6729058 
0.251961 0.00220904 0.74583 
0.2575528 0.009622782 0.7328244 
0.3803912 0.01257761 0.6070311 
0.2490874 7.912264e-05 0.7508334 
0.2765181 0.005359402 0.7181225 
0.2414728 0.0007600194 0.7577672 
0.3037333 0.0009945632 0.6952721 
0.1822552 0.003995531 0.8137493 
0.2699101 0.01899795 0.7110919 
0.3270591 0.0005482794 0.6723926 
0.2770353 0.002267963 0.7206968 
0.4219042 0.0006835509 0.5774123 
0.270783 0.00229002 0.7269269 
0.2543153 0.003979009 0.7417057 
0.3321664 0.00062168 0.6672119 
0.2770839 3.999422e-05 0.7228761 
0.2824052 0.004650127 0.7129447 
0.2372343 0.002645478 0.7601203 
0.3111057 0.000116597 0.6887777 
0.3225385 0.01028079 0.6671807 
0.4031603 0.001498649 0.5953411 
0.295181 0.003066405 0.7017526 
0.3415101 0.003614572 0.6548753 
0.3025857 0.005154415 0.6922599 
0.3172262 0.004765442 0.6780083 
0.2680503 0.0006242424 0.7313254 
0.2910177 0.02797749 0.6810048 
0.204496 0.002846543 0.7926575 
0.2550823 0.01023998 0.7346777 
0.4392455 0.0009098199 0.5598447 
0.2376301 0.006203979 0.7561659 
0.1766431 0.007872524 0.8154844 
0.4601526 0.001973933 0.5378735 
0.2976982 0.003582338 0.6987194 
0.3926326 0.003892129 0.6034753 
0.2443438 0.007158622 0.7484976 
0.3021797 0.003591952 0.6942284 
0.3018599 0.01695942 0.6811807 
0.2382961 0.01636686 0.745337 
0.356886 0.004439521 0.6386745 
0.3517322 0.006539197 0.6417286 
0.1950657 0.000643221 0.8042911 
0.278869 0.003823875 0.7173071 
0.353738 0.01444994 0.6318121 
0.217906 0.01024899 0.7718451 
0.4269473 0.004281783 0.5687709 
0.2905894 0.007888091 0.7015225 
0.5074653 0.001228986 0.4913057 
0.316697 0.003676756 0.6796262 
0.2962302 0.008563452 0.6952063 
0.2827049 0.006466911 0.7108282 
0.2983678 0.02908746 0.6725448 
0.4367917 0.007360806 0.5558475 
0.3000023 0.0004575802 0.6995402 
0.2544664 0.01038089 0.7351527 
0.2320947 0.000201337 0.767704 
0.3146212 0.007040976 0.6783378 
0.3310926 0.004011276 0.6648962 
0.2787156 0.0003716398 0.7209128 
0.3229056 0.02050979 0.6565846 
0.3332552 0.00840585 0.6583389 
0.4316745 0.00283763 0.5654879 
0.2963635 0.0003165128 0.70332 
0.3226819 0.003040526 0.6742776 
0.4168477 0.006495005 0.5766573 
0.2210096 0.01719937 0.7617911 
0.2917851 0.01456758 0.6936473 
0.2409662 0.004855737 0.7541781 
0.3182664 0.03642047 0.6453132 
0.3837432 0.02245225 0.5938046 
0.3079808 0.03745743 0.6545618 
0.2577211 0.01357589 0.728703 
0.3522961 0.01361545 0.6340884 
0.3495521 0.002882774 0.6475652 
0.3700523 0.001212853 0.6287349 
0.2972024 0.0008719548 0.7019256 
0.3114335 0.01339383 0.6751727 
0.2199859 0.005977147 0.7740369 
0.2265875 0.001612678 0.7717999 
0.2951817 0.002024408 0.7027938 
0.2577291 0.00725867 0.7350122 
0.3134979 0.004418002 0.6820841 
0.2434289 0.005867454 0.7507036 
0.2975923 0.00987029 0.6925374 
0.2268376 0.003531548 0.7696309 
0.2137306 0.02189178 0.7643776 
0.2704934 0.01669809 0.7128086 
0.285021 9.024337e-05 0.7148887 
0.2550135 0.00218035 0.7428062 
0.2806979 0.0003782935 0.7189238 
0.2603342 0.007269823 0.732396 
0.2330618 0.005800966 0.7611372 
0.2949288 0.007877465 0.6971938 
0.3422461 0.007271216 0.6504827 
0.3206413 0.00621606 0.6731427 
0.3067376 0.01276197 0.6805004 
0.2893668 0.005994217 0.704639 
0.3202026 0.005894017 0.6739034 
0.3284139 0.01278351 0.6588026 
0.3557982 0.01793742 0.6262643 
0.2810313 0.006685243 0.7122834 
0.1979913 0.007064556 0.7949441 
0.2721357 0.005006952 0.7228573 
0.3308946 0.005188133 0.6639173 
0.2619845 0.0006348828 0.7373806 
0.2703351 0.00935761 0.7203073 
0.2833679 0.007487073 0.709145 
0.296743 0.003307087 0.6999499 
0.2424382 8.469483e-05 0.7574771 
0.2700448 0.008932728 0.7210224 
0.3370194 0.005306983 0.6576736 
0.2740303 0.00642505 0.7195446 
0.2698047 0.00185921 0.7283361 
0.2345577 0.01072775 0.7547145 
0.28037 0.005969409 0.7136606 
0.2954307 0.005719873 0.6988494 
0.3901672 0.003632532 0.6062002 
0.3110549 0.005944967 0.6830001 
0.3382902 0.006559264 0.6551505 
0.2437554 0.001305628 0.754939 
0.2301505 0.02202706 0.7478225 
0.2651862 0.0006763708 0.7341375 
0.3416077 0.007181167 0.6512112 
0.3169595 0.01048864 0.6725518 
0.3172134 0.001693784 0.6810928 
0.2485876 0.002729269 0.7486831 
0.2993056 0.006832008 0.6938624 
0.2408773 0.002585062 0.7565376 
0.3114343 0.001650909 0.6869148 
0.2462622 0.0163636 0.7373743 
0.2719136 0.002653448 0.725433 
0.2486857 0.0004363465 0.7508779 
0.3090295 0.0001705707 0.6907999 
0.2590275 0.0001991733 0.7407734 
0.2899785 0.0003450535 0.7096764 
0.2774576 0.0147667 0.7077757 
0.3257794 0.01733957 0.6568811 
0.2202004 0.005480554 0.7743191 
0.3096612 0.003358835 0.68698 
0.2809328 0.004204719 0.7148625 
0.3651924 0.01028721 0.6245204 
0.3666985 0.004331752 0.6289697 
0.2479488 0.003300583 0.7487506 
0.2954684 0.005868098 0.6986635 
0.3353315 0.008492611 0.6561759 
0.2798097 0.001807056 0.7183832 
0.2160864 0.006329844 0.7775837 
0.2704637 0.001669406 0.7278669 
0.3115084 0.009580003 0.6789116 
0.2906418 0.002919184 0.7064391 
0.369614 0.006395457 0.6239905 
0.3270112 0.007457941 0.6655309 
0.2889697 0.000758673 0.7102717 
0.3302615 0.003062651 0.6666759 
0.2818438 0.0008440984 0.7173121 
0.3402863 0.001777448 0.6579362 
0.2950438 0.0009483286 0.7040078 
0.3449648 0.003368615 0.6516666 
0.3324746 0.017013 0.6505124 
0.2805967 0.001395201 0.7180081 
0.337172 0.00263205 0.660196 
0.2411702 0.008660576 0.7501692 
0.3375992 0.04066151 0.6217393 
0.1971543 0.002447734 0.800398 
0.3121985 0.003937906 0.6838636 
0.2885326 0.01200584 0.6994615 
0.324487 0.0008944088 0.6746186 
0.3826193 0.0224233 0.5949574 
0.3922339 0.002647118 0.605119 
0.2867698 0.01094782 0.7022823 
0.2659476 0.02871089 0.7053415 
0.337494 0.005669133 0.6568369 
0.2472396 0.001618223 0.7511422 
0.2464611 0.0138988 0.7396401 
0.4616742 0.001424609 0.5369012 
0.3459741 0.01114064 0.6428852 
0.3262121 0.006423994 0.6673639 
0.246311 0.01034428 0.7433447 
0.4450213 0.006369131 0.5486096 
0.2095267 0.008992526 0.7814808 
0.2713661 0.003712904 0.724921 
0.229913 0.007213064 0.7628739 
0.2725479 0.01498887 0.7124632 
0.2602483 0.0001610109 0.7395907 
0.2832106 0.001139217 0.7156501 
0.219638 0.003498395 0.7768636 
0.2676062 0.001997635 0.7303961 
0.1814539 0.012202 0.8063441 
0.3420367 0.008002879 0.6499604 
0.3037942 0.007386546 0.6888193 
0.2923098 0.005007602 0.7026826 
0.3424689 0.002282407 0.6552487 
0.3645028 0.009762523 0.6257346 
0.2841764 0.008668206 0.7071553 
0.2668617 0.006571443 0.7265668 
0.3413725 0.001798942 0.6568286 
0.298573 0.01007086 0.6913561 
0.3640763 0.003231617 0.6326921 
0.2373549 0.01535076 0.7472944 
0.3630504 0.002976577 0.633973 
0.3824681 0.003390307 0.6141416 
0.2961288 0.007880019 0.6959912 
0.327967 0.001178904 0.6708541 
0.2874052 0.01808288 0.6945119 
0.258944 0.009871339 0.7311847 
0.2752887 0.01359433 0.7111169 
0.2743929 0.002664076 0.7229431 
0.3994223 0.01669172 0.583886 
0.3789736 0.004609113 0.6164173 
0.3376562 0.0002899234 0.6620539 
0.3394881 0.003614405 0.6568975 
0.2145583 0.003304128 0.7821376 
0.2891344 0.01329365 0.6975719 
0.3046212 0.007857958 0.6875208 
0.3748435 0.00876735 0.6163891 
0.2348831 0.004928224 0.7601887 
0.3489623 0.004057863 0.6469799 
0.3314758 0.007858705 0.6606655 
0.304047 0.008893913 0.6870591 
0.2144135 0.005801936 0.7797846 
0.3153819 0.006796924 0.6778212 
0.2505441 0.008658528 0.7407974 
0.3343672 0.003113826 0.6625189 
0.3296427 0.008261541 0.6620958 
0.2891233 0.01556031 0.6953164 
0.2550796 0.002844357 0.7420761 
0.3382808 0.01022009 0.6514991 
0.2737439 0.001390962 0.7248651 
0.3257081 0.003412489 0.6708794 
0.2592502 0.002828541 0.7379213 
0.2813241 0.0005096194 0.7181663 
0.2781732 0.004817762 0.7170091 
0.3037618 0.005313394 0.6909248 
0.2513072 0.002441321 0.7462515 
0.2685496 0.008198482 0.7232519 
0.3643539 0.001203783 0.6344423 
0.2585217 0.005257154 0.7362211 
0.3634055 0.004101272 0.6324933 
0.2503595 0.01339303 0.7362475 
0.3288694 0.004297842 0.6668327 
0.306429 0.01861835 0.6749526 
0.3379683 0.004054678 0.6579771 
0.253197 0.006143285 0.7406598 
0.2305503 0.003645016 0.7658047 
0.3504534 0.001583393 0.6479632 
0.3511278 0.02397552 0.6248966 
0.210491 0.0221215 0.7673875 
0.3106424 0.005688555 0.6836691 
0.2297807 0.005710985 0.7645083 
0.3963779 0.008040867 0.5955812 
0.3106765 0.01020764 0.6791159 
0.222356 0.009080086 0.7685639 
0.3238434 0.009231718 0.6669249 
0.3499701 0.001749338 0.6482805 
0.2517292 0.008701143 0.7395697 
0.1946264 0.01324293 0.7921307 
0.289773 0.002180725 0.7080463 
0.2267469 0.005741793 0.7675113 
0.3725669 0.004263226 0.6231699 
0.4146003 0.004183067 0.5812167 
0.2977801 0.007200016 0.6950199 
0.3058621 0.007645253 0.6864927 
0.3496704 0.009404702 0.6409249 
0.3125698 0.02728312 0.6601471 
0.2342577 0.006984235 0.758758 
0.3359197 0.008027458 0.6560528 
0.175664 0.003476201 0.8208598 
0.2396604 0.009495706 0.7508439 
0.2719479 7.246146e-05 0.7279796 
0.2850898 0.0004066261 0.7145036 
0.3970786 0.0008697498 0.6020517 
0.3012257 0.004426976 0.6943473 
0.205961 0.01158208 0.782457 
0.3001959 0.01165554 0.6881485 
0.345325 0.001375018 0.6533 
0.3111093 0.0004734297 0.6884173 
0.2879822 0.009472128 0.7025457 
0.3073662 0.004012491 0.6886213 
0.3321456 0.004155016 0.6636994 
0.3445123 0.002230687 0.653257 
0.2561064 0.002168058 0.7417255 
0.3841299 0.01598826 0.5998819 
0.2413025 0.01218074 0.7465168 
0.2904572 0.003432228 0.7061105 
0.3792098 0.0007142208 0.620076 
0.3093543 0.001108434 0.6895373 
0.282001 0.0005293598 0.7174696 
0.2915053 0.004064568 0.7044301 
0.3022442 0.003872379 0.6938834 
0.3337638 0.003340292 0.6628959 
0.3369325 0.01079396 0.6522736 
0.1996303 0.008313457 0.7920563 
0.2234231 0.00331506 0.7732619 
0.291748 0.003991977 0.70426 
0.2508742 0.0004595934 0.7486662 
0.3152553 0.004355193 0.6803895 
0.3460825 0.00409546 0.6498221 
0.2459108 0.008117969 0.7459713 
0.2668233 0.004398794 0.7287779 
0.3504749 0.00115225 0.6483728 
0.2602379 0.001893401 0.7378687 
0.3064283 0.002021842 0.6915498 
0.2054156 0.006700036 0.7878844 
0.4181294 0.0007819634 0.5810886 
0.1960727 0.005016226 0.7989111 
0.2981548 0.001682147 0.700163 
0.2758831 0.009301172 0.7148157 
0.2188606 0.0117087 0.7694307 
0.2230224 0.01162256 0.7653551 
0.2882153 0.002192526 0.7095922 
0.3047174 0.02459544 0.6706871 
0.2566795 0.0098659 0.7334546 
0.3015679 0.001714722 0.6967174 
0.3362219 0.01267341 0.6511047 
0.2950576 0.01837664 0.6865657 
0.2599454 0.008090939 0.7319637 
0.2857918 0.009232574 0.7049756 
0.3152707 0.003144376 0.6815849 
0.3218707 0.0008341188 0.6772952 
0.252546 0.00154337 0.7459106 
0.3607416 0.02154754 0.6177108 
0.3393805 0.003223876 0.6573956 
0.2359443 0.002148983 0.7619067 
0.3317789 0.01480282 0.6534183 
0.2886465 0.004054803 0.7072987 
0.2993523 0.0003169272 0.7003308 
0.270123 0.008126399 0.7217506 
0.3014341 0.0140707 0.6844952 
0.3297503 0.0008551136 0.6693946 
0.3845227 0.001813227 0.6136641 
0.2542011 0.01271907 0.7330798 
0.2996563 0.005206993 0.6951367 
0.2368162 0.002233206 0.7609506 
0.2988645 0.00414434 0.6969911 
0.3210895 0.008224352 0.6706862 
0.2534621 0.01102574 0.7355121 
0.2261078 0.0173597 0.7565325 
0.3767939 0.009507929 0.6136981 
0.2522175 0.003190199 0.7445923 
0.2870162 0.002045777 0.7109381 
0.3740434 0.01759555 0.608361 
0.2676912 0.00220203 0.7301067 
0.2944489 0.005362057 0.700189 
0.3517129 0.0005325247 0.6477546 
0.2845479 0.001762968 0.7136892 
0.2464403 0.007071052 0.7464887 
0.3233667 0.01407798 0.6625553 
0.2930233 0.007183495 0.6997932 
0.2373617 0.006810491 0.7558278 
0.2684685 0.02456816 0.7069634 
0.2585972 0.005427334 0.7359754 
0.401706 0.0001384181 0.5981556 
0.2159511 0.00458347 0.7794655 
0.2449047 5.380503e-06 0.75509 
0.2705307 0.01969028 0.7097791 
0.198381 0.009064957 0.7925541 
0.278649 0.006062327 0.7152886 
0.2458117 0.01720486 0.7369834 
0.2051845 0.005647922 0.7891676 
0.2703363 5.001763e-05 0.7296137 
0.2898333 0.005763062 0.7044037 
0.3103711 0.008288851 0.68134 
0.3559222 0.001824296 0.6422535 
0.2925382 0.008021253 0.6994405 
0.3086005 0.0006163054 0.6907832 
0.2502807 0.02928448 0.7204349 
0.2580787 0.01658621 0.7253351 
0.2694196 0.002772337 0.7278081 
0.2252488 0.001911651 0.7728395 
0.3031873 0.03794486 0.6588679 
0.257463 0.009500563 0.7330364 
0.3868774 0.006363424 0.6067592 
0.3093409 0.001235377 0.6894237 
0.2808039 0.00188492 0.7173112 
0.4092088 0.002168242 0.588623 
0.2608368 0.01526669 0.7238965 
0.3094768 0.003218486 0.6873047 
0.283559 0.007225366 0.7092156 
0.3005921 0.007261387 0.6921465 
0.242545 0.007620136 0.7498349 
0.3143022 0.002972346 0.6827255 
0.2536246 0.002398857 0.7439766 
0.2588283 5.480603e-05 0.7411169 
0.3199234 0.0003944718 0.6796822 
0.345012 0.004339701 0.6506483 
0.3330142 0.002007572 0.6649783 
0.3002162 0.0009487001 0.6988351 
0.3108149 0.01687873 0.6723064 
0.3412173 0.002904773 0.655878 
0.2972626 0.00727191 0.6954655 
0.3272827 0.00277013 0.6699472 
0.2474054 0.005372925 0.7472217 
0.2568263 0.01861824 0.7245554 
0.2808405 0.001501955 0.7176576 
0.3453526 0.009225771 0.6454216 
0.2837429 0.007072675 0.7091844 
0.3046199 0.0002485922 0.6951315 
0.2902921 0.0008653374 0.7088426 
0.2963896 0.002886446 0.7007239 
0.2535211 0.002988063 0.7434908 
0.2679909 0.00357076 0.7284384 
0.3573268 0.01064071 0.6320325 
0.3578737 0.01456729 0.627559 
0.3692227 0.004275603 0.6265017 
0.3654783 0.01058733 0.6239344 
0.3084092 0.006217192 0.6853736 
0.4227902 0.0154983 0.5617115 
0.3425395 0.0249465 0.632514 
0.1943232 6.715716e-05 0.8056097 
0.2632534 0.007219331 0.7295272 
0.244052 0.02425347 0.7316946 
0.316347 0.005956182 0.6776969 
0.3437784 0.000766263 0.6554553 
0.2708907 0.006625048 0.7224842 
0.2401109 0.003196188 0.7566929 
0.2332361 0.006673953 0.76009 
0.2277659 0.004316382 0.7679177 
0.2340803 0.009610499 0.7563092 
0.2436527 0.004550915 0.7517964 
0.308211 0.01183157 0.6799574 
0.402808 0.007094466 0.5900975 
0.3677328 0.01523993 0.6170273 
0.2337859 0.0193391 0.746875 
0.2554404 0.04906551 0.6954941 
0.2381423 0.005486287 0.7563714 
0.2695631 0.001420227 0.7290167 
0.2539326 0.0006948892 0.7453725 
0.2875564 0.001824716 0.7106189 
0.4050418 0.01486448 0.5800937 
0.2850976 0.01153799 0.7033644 
0.274762 0.007620169 0.7176179 
0.3998567 0.01365126 0.586492 
0.2616207 0.0004000309 0.7379793 
0.3169066 0.005814842 0.6772786 
0.3314124 0.002176234 0.6664114 
0.2843076 0.008809424 0.706883 
0.3314035 0.006450689 0.6621458 
0.3634881 0.0003632878 0.6361486 
0.3051172 0.01136462 0.6835182 
0.3080423 0.00106303 0.6908947 
0.2486965 4.670139e-05 0.7512568 
0.3421739 0.003313224 0.6545129 
0.275978 0.003898508 0.7201234 
0.2535559 0.002141841 0.7443022 
0.2682038 0.02241618 0.7093801 
0.3718557 0.002098045 0.6260462 
0.4164492 0.003445808 0.580105 
0.2571764 0.003458698 0.7393649 
0.2331914 0.02296054 0.7438481 
0.3280886 0.003433479 0.6684779 
0.3167121 0.002110438 0.6811775 
0.4226167 0.007016419 0.5703669 
0.3610651 0.003557299 0.6353776 
0.3311152 0.00343649 0.6654483 
0.324159 0.002535403 0.6733056 
0.2507969 0.02267606 0.7265271 
0.3430818 0.0004944798 0.6564238 
0.1432522 0.004777308 0.8519705 
0.3327093 0.005035155 0.6622556 
0.3044047 0.006815649 0.6887796 
0.3265342 0.003654235 0.6698116 
0.2557208 0.002674128 0.741605 
0.4170411 0.006448695 0.5765102 
0.2475196 0.007648659 0.7448318 
0.3092184 0.0104193 0.6803623 
0.352422 0.01373929 0.6338387 
0.243668 0.003847584 0.7524844 
0.2759147 0.0006992724 0.723386 
0.2867288 0.002772124 0.7104991 
0.3301139 0.02135216 0.648534 
0.2361634 0.01274972 0.7510868 
0.3334148 0.01607315 0.650512 
0.2602546 0.006214649 0.7335308 
0.3165976 0.005376305 0.6780261 
0.2568081 0.0006594588 0.7425325 
0.3008337 0.00816042 0.6910059 
0.3161736 0.02144961 0.6623768 
0.2404118 0.001547189 0.758041 
0.2876601 0.0001212634 0.7122187 
0.4235723 0.01668529 0.5597424 
0.2810578 0.004241814 0.7147004 
0.2921282 0.005365625 0.7025062 
0.2472649 0.008777405 0.7439577 
0.3241427 0.01145744 0.6643999 
0.3178302 0.00448573 0.6776841 
0.2757704 0.001664635 0.722565 
0.2657101 0.002740767 0.7315491 
0.266036 0.01821613 0.7157479 
0.2669022 0.01510532 0.7179925 
0.2486183 0.003391018 0.7479907 
0.3215174 0.005725232 0.6727574 
0.3625189 0.0005261399 0.636955 
0.2247853 0.008248754 0.766966 
0.293189 0.002963857 0.7038472 
0.3062553 0.006024544 0.6877202 
0.2106932 0.004485469 0.7848213 
0.3384804 0.002772389 0.6587472 
0.2746443 0.005142586 0.7202132 
0.2955969 0.008103627 0.6962994 
0.2672674 0.0006997507 0.7320329 
0.2231236 0.003902265 0.7729742 
0.2769934 0.01102321 0.7119834 
0.3384533 0.01748502 0.6440617 
0.2643184 0.01250547 0.7231761 
0.3109005 0.0005409719 0.6885585 
0.2663392 0.02917004 0.7044908 
0.3391166 0.002514033 0.6583694 
0.263057 0.01384343 0.7230996 
0.3331939 0.004060135 0.662746 
0.2755781 0.003057583 0.7213643 
0.3070781 0.001424082 0.6914978 
0.296216 0.00451075 0.6992732 
0.2985155 0.01656048 0.684924 
0.2763712 0.02220993 0.7014189 
0.2659625 0.0006966703 0.7333408 
0.2767295 0.006146891 0.7171236 
0.3524508 0.005453229 0.642096 
0.3354676 0.01221827 0.6523141 
0.3535536 0.0007423628 0.6457041 
0.2885274 0.002196123 0.7092765 
0.2837249 0.004454505 0.7118206 
0.2902953 0.0002658892 0.7094388 
0.2664171 0.006171712 0.7274112 
0.30485 0.008440241 0.6867097 
0.2413747 0.005898658 0.7527266 
0.1933954 0.01448592 0.7921187 
0.3012476 0.0006855554 0.6980668 
0.353689 0.007396887 0.6389141 
0.2993865 0.003101455 0.6975121 
0.3596862 0.01386098 0.6264528 
0.3169675 0.001742997 0.6812895 
0.2916939 0.003291421 0.7050147 
0.2567799 0.0008863923 0.7423337 
0.3442829 0.004029101 0.651688 
0.4059041 0.01875314 0.5753427 
0.3207565 0.00175782 0.6774857 
0.3461964 0.01207398 0.6417296 
0.2230887 0.008671245 0.7682401 
0.2708708 0.003495127 0.725634 
0.2733052 0.002067354 0.7246274 
0.331458 0.005239248 0.6633028 
0.2797945 0.05047233 0.6697331 
0.3598018 0.004693889 0.6355044 
0.3034782 0.006762622 0.6897591 
0.3420798 0.01001924 0.647901 
0.3288286 0.009097631 0.6620738 
0.3151915 0.02924113 0.6555673 
0.3770277 0.01384982 0.6091225 
0.3629215 0.004746892 0.6323316 
0.2407653 0.0004725195 0.7587621 
0.2985521 0.002594919 0.6988529 
0.4307456 0.0002882666 0.5689661 
0.3620713 0.006680658 0.6312481 
0.3055709 0.02958495 0.6648441 
0.2606428 0.0006932826 0.7386639 
0.4202866 0.001415747 0.5782976 
0.2969234 0.007070926 0.6960056 
0.3018475 0.009395105 0.6887574 
0.2485012 0.003621537 0.7478773 
0.2390948 0.005670873 0.7552343 
0.2901764 0.01361706 0.6962066 
0.3022499 0.01297422 0.6847758 
0.2576572 0.004219804 0.738123 
0.2781545 0.0004639472 0.7213815 
0.3089691 0.01789492 0.673136 
0.3170743 0.001758732 0.6811669 
0.3760602 0.001692366 0.6222474 
0.2432729 0.006937971 0.7497892 
0.3390446 0.0001148017 0.6608406 
0.3842709 0.0003700208 0.615359 
0.3670538 0.008669875 0.6242763 
0.2664202 0.01750267 0.7160772 
0.2611932 0.01232699 0.7264798 
0.2377347 0.003722647 0.7585426 
0.2761207 0.03708418 0.6867951 
0.3256111 0.0141187 0.6602702 
0.3091584 0.0001237943 0.6907178 
0.2300658 0.008108172 0.761826 
0.3007488 0.001455356 0.6977958 
0.2606698 0.02593205 0.7133981 
0.2803507 0.001300849 0.7183485 
0.2663304 0.00517521 0.7284944 
0.2956503 0.003322702 0.701027 
0.2581684 0.008139038 0.7336925 
0.3569925 0.00242687 0.6405806 
0.3679834 0.01444745 0.6175691 
0.2672931 0.001798185 0.7309087 
0.275626 0.008185174 0.7161888 
0.2208138 0.003158444 0.7760277 
0.3911113 0.005857899 0.6030308 
0.3874102 0.02259125 0.5899985 
0.3063936 0.001826952 0.6917794 
0.3218572 0.004406827 0.673736 
0.4450727 0.003464621 0.5514627 
0.3311139 0.000756318 0.6681298 
0.3209307 0.006402521 0.6726668 
0.3156882 0.0007710636 0.6835407 
0.3188017 0.004769821 0.6764284 
0.3219733 0.002497465 0.6755293 
0.3157465 0.002298421 0.6819551 
0.3143868 0.001711533 0.6839016 
0.2805335 0.0105146 0.7089519 
0.3226703 0.02321088 0.6541188 
0.3516057 0.0006569601 0.6477373 
0.2589439 0.002985019 0.738071 
0.312812 0.006720604 0.6804674 
0.2094969 0.01706588 0.7734372 
0.1727907 0.02073712 0.8064722 
0.310503 0.001186211 0.6883107 
0.2756429 0.009419298 0.7149378 
0.3636495 0.0006516698 0.6356988 
0.2216917 0.0004940845 0.7778142 
0.2524067 0.004039935 0.7435534 
0.3615538 0.01016138 0.6282848 
0.399274 0.0008594179 0.5998666 
0.2536342 0.00041357 0.7459523 
0.3496351 0.0002831695 0.6500817 
0.2930992 0.007269192 0.6996316 
0.2299376 0.000801028 0.7692614 
0.1918052 0.005285006 0.8029098 
0.300651 0.001765891 0.6975831 
0.3302848 0.009451895 0.6602633 
0.2719477 0.00917128 0.718881 
0.2320309 0.01243784 0.7555313 
0.2887747 0.02074292 0.6904824 
0.4396332 0.007045744 0.553321 
0.2742115 0.007677626 0.7181109 
0.3430272 0.01138921 0.6455836 
0.2637548 0.0006016585 0.7356435 
