"p_1" "p_2" "p_3"
0.3027429 0.3163315 0.3809256
0.2825295 0.3253979 0.3920726
0.2851794 0.3033335 0.4114871
0.296084 0.3247554 0.3791606
0.3186207 0.3116604 0.3697189
0.2912638 0.3298353 0.378901
0.3262639 0.3175397 0.3561964
0.2910564 0.3051568 0.4037868
0.3048094 0.3132961 0.3818945
0.2984683 0.3127742 0.3887576
0.3090467 0.3036556 0.3872977
0.2992571 0.3202069 0.380536
0.3045315 0.2996104 0.3958581
0.3021835 0.3024835 0.395333
0.3236009 0.2940044 0.3823947
0.3012729 0.2982896 0.4004375
0.2992372 0.3088719 0.3918909
0.2983642 0.3118691 0.3897668
0.2777115 0.3096424 0.4126461
0.2774388 0.3263035 0.3962578
0.2808577 0.3260638 0.3930785
0.3086519 0.3039791 0.387369
0.2782312 0.3151986 0.4065703
0.2968342 0.3239941 0.3791718
0.2872336 0.311333 0.4014334
0.3116169 0.3073543 0.3810288
0.2795896 0.3280372 0.3923732
0.2936293 0.3197471 0.3866236
0.3257423 0.2962841 0.3779736
0.3053156 0.3061725 0.3885119
0.2749121 0.3176682 0.4074197
0.3043773 0.3086904 0.3869323
0.2812456 0.3133163 0.4054381
0.2867428 0.3365423 0.3767149
0.2767554 0.317244 0.4060006
0.292909 0.3057471 0.4013439
0.294856 0.3120597 0.3930843
0.3147406 0.2805118 0.4047475
0.2914809 0.3112335 0.3972856
0.3197828 0.2862845 0.3939327
0.277713 0.3338823 0.3884047
0.257705 0.3278641 0.4144309
0.3087276 0.3024183 0.3888541
0.292536 0.3175133 0.3899507
0.2996196 0.3141495 0.3862308
0.3223583 0.3164729 0.3611688
0.2828849 0.3238754 0.3932398
0.2883457 0.3269357 0.3847186
0.3224708 0.2964192 0.3811099
0.2972924 0.3037967 0.3989109
0.300427 0.3138318 0.3857412
0.2794259 0.3056265 0.4149476
0.2879386 0.3132349 0.3988265
0.2848743 0.3346454 0.3804803
0.280243 0.3043482 0.4154089
0.2879382 0.3073369 0.4047248
0.2854675 0.3228089 0.3917236
0.3000891 0.2895445 0.4103664
0.2769166 0.3013582 0.4217252
0.3188489 0.3100023 0.3711488
0.2841124 0.2918026 0.424085
0.3121231 0.3014628 0.3864141
0.2973958 0.3147916 0.3878126
0.3171714 0.3091657 0.3736629
0.2923106 0.3180933 0.3895961
0.3041785 0.298648 0.3971735
0.3093259 0.290883 0.3997911
0.3069463 0.3157917 0.377262
0.2824134 0.3099011 0.4076855
0.2968671 0.3103638 0.392769
0.295778 0.3024788 0.4017431
0.2956239 0.3215688 0.3828073
0.2897659 0.3098202 0.400414
0.2810533 0.3155031 0.4034436
0.2967834 0.3156082 0.3876084
0.3166135 0.3031897 0.3801968
0.3093517 0.3082255 0.3824228
0.2917624 0.2999245 0.4083131
0.2870404 0.3058439 0.4071157
0.305 0.2999905 0.3950095
0.3047054 0.3193987 0.3758959
0.293939 0.3187712 0.3872898
0.3075298 0.3145804 0.3778898
0.3140441 0.2852621 0.4006938
0.2915465 0.301567 0.4068865
0.289111 0.2911006 0.4197884
0.2802065 0.3467286 0.3730649
0.2769422 0.3337904 0.3892674
0.3023185 0.3298818 0.3677997
0.2876108 0.2957418 0.4166474
0.3193139 0.2906532 0.3900329
0.2917581 0.289792 0.41845
0.2804774 0.3253755 0.3941471
0.3032495 0.2983104 0.3984402
0.2881107 0.3131067 0.3987826
0.3085549 0.2995799 0.3918652
0.2795602 0.3202034 0.4002364
0.301406 0.3036732 0.3949208
0.3107876 0.2910634 0.398149
0.287135 0.3249491 0.3879159
0.2925971 0.3017106 0.4056923
0.2978887 0.303802 0.3983093
0.2927332 0.3040362 0.4032306
0.2839102 0.3036265 0.4124633
0.2827365 0.3215237 0.3957398
0.3106748 0.3100178 0.3793074
0.3076942 0.2921018 0.400204
0.3133391 0.3138788 0.3727821
0.284628 0.3042388 0.4111332
0.2863798 0.3377126 0.3759076
0.3007548 0.2869147 0.4123305
0.2882541 0.3387883 0.3729576
0.3090445 0.297427 0.3935285
0.2985462 0.2990767 0.4023771
0.2854663 0.2996341 0.4148996
0.301675 0.3166943 0.3816307
0.2983968 0.3157056 0.3858976
0.287609 0.3081537 0.4042373
0.2962714 0.2888089 0.4149197
0.3007847 0.3038534 0.3953619
0.276546 0.3085149 0.4149391
0.275186 0.3301156 0.3946983
0.2879658 0.3093061 0.4027281
0.2965643 0.3066974 0.3967383
0.3090679 0.2902981 0.4006341
0.2865424 0.29581 0.4176476
0.3139143 0.3068908 0.3791949
0.2778837 0.3161195 0.4059968
0.2673827 0.33558 0.3970373
0.2898031 0.3157532 0.3944437
0.2869798 0.3263653 0.386655
0.2819297 0.3046198 0.4134505
0.2905738 0.2939434 0.4154828
0.2798492 0.3088675 0.4112834
0.2914556 0.3079526 0.4005918
0.3094092 0.2992061 0.3913848
0.2845648 0.3141702 0.401265
0.30949 0.3027485 0.3877615
0.2997251 0.3112589 0.389016
0.2719341 0.3018836 0.4261823
0.2972317 0.3048068 0.3979615
0.2997545 0.2995296 0.4007159
0.3088021 0.3097336 0.3814643
0.318507 0.2938833 0.3876097
0.2805313 0.3052513 0.4142174
0.2800514 0.3140616 0.405887
0.3016752 0.3167832 0.3815416
0.2823363 0.3297761 0.3878876
0.3143604 0.3123773 0.3732623
0.2978277 0.3283184 0.3738539
0.3342448 0.3079549 0.3578002
0.2793801 0.3390369 0.381583
0.2994722 0.3126419 0.3878859
0.3011702 0.2994849 0.3993449
0.3099811 0.3197212 0.3702977
0.310954 0.2893441 0.3997019
0.2832735 0.3186469 0.3980796
0.2961855 0.316179 0.3876355
0.2910182 0.3003955 0.4085862
0.2939881 0.3130364 0.3929755
0.296999 0.2879427 0.4150583
0.3008477 0.3238769 0.3752754
0.302382 0.3162464 0.3813716
0.2875364 0.2975389 0.4149247
0.3043163 0.3234243 0.3722594
0.2921172 0.3055833 0.4022995
0.2994658 0.3158182 0.3847159
0.2983392 0.3179618 0.383699
0.2895839 0.3149675 0.3954486
0.3051847 0.3111383 0.383677
0.2833483 0.3144937 0.402158
0.2963647 0.3043082 0.3993272
0.2893677 0.3125037 0.3981286
0.2951381 0.2907288 0.4141331
0.3032732 0.3044669 0.3922599
0.2708008 0.3226086 0.4065907
0.3164114 0.3109722 0.3726163
0.2932605 0.3283484 0.378391
0.2898974 0.329206 0.3808966
0.2922786 0.2949142 0.4128072
0.3027749 0.3155016 0.3817235
0.2912219 0.3032519 0.4055262
0.3129278 0.3298185 0.3572537
0.3346281 0.2895574 0.3758145
0.2983422 0.3177083 0.3839495
0.2948497 0.318867 0.3862834
0.3040427 0.286376 0.4095813
0.2959177 0.3197921 0.3842902
0.2985402 0.3130759 0.3883839
0.3009997 0.3083268 0.3906734
0.2687876 0.313246 0.4179664
0.309803 0.3025123 0.3876846
0.2800591 0.3076352 0.4123057
0.2896152 0.3135601 0.3968247
0.3055421 0.2926768 0.4017811
0.3245943 0.2954898 0.379916
0.323493 0.2968767 0.3796302
0.3091732 0.3208099 0.3700169
0.3119433 0.3029477 0.385109
0.2986449 0.3222348 0.3791203
0.2979683 0.3175717 0.38446
0.2963777 0.3051015 0.3985209
0.3060374 0.3055717 0.3883909
0.2690765 0.3286593 0.4022642
0.3087796 0.3128076 0.3784128
0.2878351 0.3241016 0.3880633
0.3269382 0.3054947 0.3675671
0.3077287 0.3042796 0.3879917
0.2768834 0.3103713 0.4127454
0.3032132 0.3117371 0.3850497
0.294387 0.3202445 0.3853685
0.2795553 0.316542 0.4039027
0.2893702 0.3260401 0.3845897
0.3233244 0.2841477 0.3925279
0.3047654 0.3138544 0.3813802
0.3031107 0.3026374 0.3942519
0.2798573 0.3345939 0.3855489
0.3207249 0.2993964 0.3798788
0.2917813 0.2999911 0.4082276
0.281684 0.3172429 0.4010731
0.3024647 0.2982339 0.3993015
0.2887192 0.306216 0.4050648
0.3032483 0.2886455 0.4081062
0.2674403 0.3090505 0.4235092
0.294415 0.3087233 0.3968617
0.2750264 0.3340086 0.390965
0.286612 0.3201189 0.3932691
0.296908 0.3189017 0.3841903
0.2942567 0.298434 0.4073092
0.286714 0.3032678 0.4100182
0.2905729 0.3177133 0.3917138
0.2865176 0.3324652 0.3810172
0.2947542 0.2903155 0.4149303
0.3267139 0.3005185 0.3727676
0.3084374 0.2926925 0.3988702
0.3221756 0.3015924 0.3762321
0.2910685 0.3284134 0.3805181
0.2984157 0.307163 0.3944213
0.2796291 0.3306368 0.3897341
0.3222737 0.3065577 0.3711686
0.2895802 0.3284777 0.3819421
0.2871533 0.3168148 0.3960319
0.2878074 0.3214018 0.3907907
0.3007083 0.2950891 0.4042026
0.3045288 0.3061615 0.3893096
0.3008598 0.2997517 0.3993885
0.3163999 0.30382 0.3797801
0.3048032 0.2979312 0.3972657
0.280067 0.3154178 0.4045152
0.2945852 0.3189267 0.3864881
0.3082821 0.3339132 0.3578047
0.2790691 0.3303573 0.3905736
0.3145183 0.3240339 0.3614477
0.2664391 0.3355872 0.3979737
0.2865831 0.3221702 0.3912467
0.2949946 0.3274262 0.3775792
0.2790512 0.3295097 0.3914391
0.3136269 0.3044155 0.3819575
0.2895032 0.3000493 0.4104475
0.2951274 0.3125872 0.3922854
0.2997392 0.325021 0.3752399
0.3107727 0.3209411 0.3682862
0.3041256 0.3118341 0.3840402
0.2936449 0.3418206 0.3645345
0.2892624 0.2944128 0.4163248
0.3122745 0.2843677 0.4033579
0.2850069 0.3069138 0.4080793
0.2950785 0.3123682 0.3925534
0.335863 0.2837903 0.3803466
0.3083705 0.3094715 0.3821579
0.2900492 0.3065253 0.4034255
0.3024887 0.3158292 0.3816821
0.2899448 0.3267433 0.3833119
0.3063522 0.310285 0.3833628
0.2906419 0.3268158 0.3825423
0.307879 0.3375923 0.3545287
0.2988105 0.320688 0.3805015
0.27998 0.3016535 0.4183665
0.2924913 0.3354875 0.3720212
0.3164638 0.3030078 0.3805284
0.2878581 0.3254643 0.3866776
0.2847085 0.3217725 0.3935189
0.3087439 0.3016735 0.3895826
0.284584 0.3022145 0.4132016
0.3112288 0.323649 0.3651222
0.3124145 0.3019394 0.3856461
0.3028185 0.2725496 0.4246319
0.282434 0.306376 0.4111901
0.2908797 0.319964 0.3891563
0.2960284 0.2959239 0.4080477
0.3233173 0.3263637 0.350319
0.2847137 0.301735 0.4135512
0.2933638 0.3117519 0.3948843
0.2882514 0.3279393 0.3838093
0.2946612 0.3374279 0.3679109
0.2966098 0.3148788 0.3885115
0.2746367 0.3024366 0.4229267
0.3081694 0.3335303 0.3583003
0.2796499 0.3121413 0.4082088
0.3098467 0.3285394 0.361614
0.3021216 0.3128701 0.3850083
0.3029472 0.3018352 0.3952176
0.2894376 0.3161509 0.3944115
0.2902262 0.3188075 0.3909663
0.2977176 0.318216 0.3840663
0.2725784 0.319295 0.4081267
0.3182614 0.2986697 0.3830689
0.2805008 0.3257624 0.3937368
0.3008992 0.304294 0.3948068
0.2716448 0.336102 0.3922533
0.2953291 0.3075449 0.397126
0.3074575 0.3073776 0.385165
0.2931358 0.3156082 0.391256
0.2829798 0.3173973 0.399623
0.2861572 0.2998556 0.4139871
0.2822937 0.3130426 0.4046637
0.3060542 0.2950295 0.3989163
0.3042322 0.2929884 0.4027794
0.3013686 0.3328122 0.3658192
0.3016166 0.3098778 0.3885055
0.2846092 0.2976143 0.4177765
0.3102241 0.325954 0.3638219
0.2792808 0.3236131 0.3971061
0.3204372 0.3058087 0.3737541
0.2905514 0.3032851 0.4061635
0.2872472 0.3206544 0.3920984
0.2986916 0.2972965 0.4040119
0.285097 0.3220005 0.3929025
0.2986787 0.314011 0.3873103
0.296266 0.3069334 0.3968006
0.2528344 0.3248429 0.4223226
0.3041024 0.3127451 0.3831525
0.3222595 0.2886382 0.3891022
0.3044482 0.3097888 0.385763
0.2996161 0.3372999 0.363084
0.307956 0.291814 0.40023
0.3076182 0.3027943 0.3895874
0.2932719 0.3222501 0.384478
0.3100355 0.297239 0.3927255
0.277587 0.3161068 0.4063062
0.3183043 0.29283 0.3888657
0.2798773 0.3243772 0.3957454
0.3069392 0.3234749 0.3695859
0.2752948 0.322216 0.4024892
0.29187 0.3135118 0.3946183
0.2727041 0.3066383 0.4206576
0.2857302 0.3078679 0.4064019
0.302174 0.2863821 0.4114439
0.3113581 0.2984293 0.3902126
0.2949349 0.3104524 0.3946127
0.3177671 0.3006597 0.3815732
0.2904859 0.286411 0.4231031
0.2828484 0.3061756 0.410976
0.2765925 0.3178533 0.4055542
0.3243563 0.2954267 0.380217
0.3027016 0.2882129 0.4090855
0.2867592 0.3142538 0.398987
0.302544 0.3205711 0.3768849
0.282168 0.3207593 0.3970726
0.3048995 0.3074338 0.3876667
0.2860616 0.326876 0.3870625
0.2930205 0.2975465 0.409433
0.2792073 0.3159872 0.4048054
0.2822927 0.308861 0.4088463
0.3014035 0.3161752 0.3824214
0.2838389 0.3156762 0.4004848
0.2917975 0.3216953 0.3865072
0.292863 0.3168343 0.3903027
0.3225006 0.3062225 0.3712769
0.2898692 0.3163998 0.393731
0.3066504 0.329393 0.3639566
0.3030464 0.3174344 0.3795191
0.2830245 0.3174075 0.399568
0.3009576 0.2970115 0.4020309
0.3317607 0.3029163 0.365323
0.3017859 0.2895836 0.4086305
0.3030591 0.3136485 0.3832924
0.282238 0.3247081 0.3930539
0.3355596 0.2940637 0.3703767
0.2790396 0.3093977 0.4115628
0.2735285 0.3086464 0.4178251
0.3219482 0.3066208 0.371431
0.2977618 0.3017036 0.4005346
0.2920748 0.3282786 0.3796466
0.3044074 0.3104035 0.3851891
0.2907641 0.3177711 0.3914648
0.3271795 0.3183034 0.3545171
0.2909114 0.298672 0.4104166
0.2791036 0.3089368 0.4119596
0.285125 0.3088599 0.4060152
0.282883 0.2966766 0.4204404
0.3224764 0.2982832 0.3792404
0.2745164 0.3236839 0.4017997
0.3006393 0.309778 0.3895827
0.2927944 0.3116678 0.3955378
0.2739139 0.341759 0.3843271
0.298669 0.3073435 0.3939875
0.3067698 0.3118456 0.3813846
0.2964259 0.3158436 0.3877306
0.295069 0.3137174 0.3912136
0.323532 0.3153247 0.3611433
0.310357 0.3050794 0.3845636
0.3241241 0.3187372 0.3571387
0.2872152 0.3138187 0.3989661
0.2788129 0.3121417 0.4090454
0.2748236 0.3204104 0.404766
0.3041058 0.3201971 0.3756971
0.2906374 0.313051 0.3963116
0.2857804 0.3062331 0.4079865
0.2966598 0.3050832 0.398257
0.285669 0.3237138 0.3906172
0.2882656 0.3459143 0.3658201
0.3100559 0.3076502 0.3822939
0.3078878 0.3121814 0.3799307
0.2754117 0.3158293 0.4087589
0.3204713 0.2960535 0.3834753
0.3042861 0.3222913 0.3734226
0.3092561 0.3288867 0.3618572
0.2784026 0.3259575 0.3956399
0.3158415 0.3197689 0.3643896
0.299641 0.3149455 0.3854135
0.3241412 0.2989547 0.3769041
0.3059666 0.3089286 0.3851047
0.3084547 0.3165481 0.3749972
0.2841772 0.3092956 0.4065272
0.3085243 0.3227364 0.3687393
0.300658 0.2917404 0.4076016
0.3341609 0.3068521 0.358987
0.2507901 0.3395274 0.4096824
0.2890114 0.3118267 0.3991618
0.2877358 0.3359814 0.3762828
0.2958457 0.2957893 0.408365
0.279741 0.3039349 0.4163241
0.3020063 0.318378 0.3796157
0.3061433 0.3181141 0.3757426
0.2969845 0.2882754 0.41474
0.3114747 0.2904819 0.3980435
0.2906752 0.3100511 0.3992737
0.2703846 0.3377059 0.3919094
0.2940241 0.3120548 0.3939211
0.3130034 0.2795407 0.4074559
0.285505 0.3105599 0.4039351
0.2986724 0.304056 0.3972716
0.3004072 0.2764308 0.423162
0.3094997 0.2915678 0.3989326
0.3083062 0.2963029 0.3953908
0.3035803 0.318355 0.3780646
0.2917206 0.327435 0.3808443
0.2989629 0.3314123 0.3696248
0.2915275 0.3420622 0.3664104
0.3068341 0.3095943 0.3835716
0.3070394 0.3150355 0.3779251
0.2852335 0.2985102 0.4162563
0.2926333 0.3143476 0.3930191
0.3248401 0.3006676 0.3744923
0.2984355 0.3014845 0.4000801
0.2791707 0.3124739 0.4083554
0.3035873 0.3064655 0.3899472
0.3109799 0.3426118 0.3464084
0.2870222 0.3192893 0.3936886
0.3022061 0.3078979 0.389896
0.3209135 0.3010523 0.3780342
0.3306219 0.2990288 0.3703493
0.303997 0.3224073 0.3735956
0.2921491 0.3335183 0.3743326
0.2903162 0.3082161 0.4014677
0.2837802 0.3391558 0.3770641
0.3012306 0.3068136 0.3919559
0.3037914 0.2948399 0.4013687
0.3070755 0.2914037 0.4015208
0.3312635 0.2765943 0.3921422
0.294294 0.3205526 0.3851533
0.3059329 0.2973501 0.396717
0.2977384 0.3118504 0.3904111
0.3051006 0.3082521 0.3866473
0.2974717 0.2961811 0.4063472
0.2803734 0.3084101 0.4112165
0.2951031 0.2900167 0.4148802
0.2765404 0.3209867 0.4024729
0.3051701 0.3051681 0.3896618
0.2850121 0.3320745 0.3829135
0.3007168 0.2810528 0.4182304
0.302885 0.3019392 0.3951759
0.2915516 0.2857145 0.4227339
0.299581 0.3056816 0.3947374
0.3044188 0.3023536 0.3932276
0.2940809 0.2877892 0.4181299
0.3125726 0.2862993 0.4011281
0.2838684 0.3142447 0.4018869
0.2956667 0.2913847 0.4129486
0.3188815 0.3188613 0.3622572
0.2876014 0.3389801 0.3734185
0.3040672 0.2941659 0.401767
0.3029418 0.2887366 0.4083217
0.3072348 0.3115047 0.3812605
0.3218822 0.3042249 0.373893
0.296563 0.310598 0.392839
0.2903382 0.3253877 0.3842741
0.2971141 0.3017445 0.4011414
0.2868128 0.3198527 0.3933345
0.304581 0.311473 0.383946
0.2773391 0.3142939 0.408367
0.2818348 0.3147796 0.4033856
0.2938418 0.2871226 0.4190356
0.291793 0.3036285 0.4045785
0.2866884 0.3054642 0.4078474
0.3009766 0.3280851 0.3709382
0.2959303 0.3240968 0.379973
0.3065762 0.3284307 0.3649931
0.3058855 0.3173527 0.3767618
0.3180083 0.3023298 0.3796619
0.2878499 0.3178185 0.3943317
0.2779468 0.3338144 0.3882388
0.3033988 0.3258876 0.3707136
0.3152621 0.3194679 0.36527
0.3025116 0.3269958 0.3704925
0.2928846 0.3302812 0.3768341
0.2735806 0.3249368 0.4014826
0.3049043 0.326307 0.3687886
0.2932314 0.3369828 0.3697858
0.3096298 0.3083146 0.3820556
0.2986725 0.3096204 0.3917071
0.3035964 0.2940749 0.4023288
0.3200516 0.2992877 0.3806607
0.2960328 0.3126485 0.3913187
0.2986409 0.3159423 0.3854168
0.3136603 0.2953052 0.3910345
0.3160812 0.314515 0.3694038
0.2915227 0.3004787 0.4079986
0.2875552 0.3240982 0.3883466
0.3119664 0.2924619 0.3955717
0.3012477 0.3202922 0.3784601
0.2966009 0.3012205 0.4021785
0.2693714 0.3134389 0.4171897
0.3413239 0.30509 0.3535861
0.2976295 0.3199945 0.382376
0.2948973 0.3065619 0.3985408
0.2899555 0.3086586 0.4013859
0.281993 0.3254424 0.3925645
0.3102277 0.3093232 0.3804491
0.3103762 0.307458 0.3821657
0.3090814 0.3075942 0.3833244
0.2955365 0.3251222 0.3793413
0.2808557 0.3075583 0.411586
0.274169 0.3148297 0.4110013
0.2765424 0.3122952 0.4111624
0.3255 0.3074167 0.3670833
0.2951925 0.3035975 0.4012099
0.2722482 0.3026938 0.425058
0.2875064 0.3239284 0.3885652
0.3089656 0.3189952 0.3720392
0.312129 0.3125567 0.3753144
0.2916598 0.2915622 0.4167779
0.3249122 0.2795454 0.3955424
0.2988728 0.3092539 0.3918732
0.2950993 0.3312491 0.3736516
0.2892928 0.3022144 0.4084928
0.2875476 0.3416544 0.370798
0.2942112 0.3283947 0.3773941
0.3078979 0.3288262 0.3632759
0.2997015 0.3094175 0.390881
0.2783556 0.3305705 0.3910739
0.3118933 0.3061 0.3820067
0.3006603 0.3115219 0.3878177
0.2896306 0.3266515 0.3837179
0.2801166 0.315901 0.4039825
0.2808702 0.3345379 0.3845919
0.3013608 0.3310009 0.3676383
0.2922886 0.2960452 0.4116662
0.285605 0.3394267 0.3749684
0.2975297 0.29427 0.4082003
0.2924786 0.2935996 0.4139217
0.299044 0.3137895 0.3871664
0.31631 0.3182905 0.3653995
0.2875918 0.3300617 0.3823464
0.309739 0.3170234 0.3732375
0.306805 0.317224 0.375971
0.2884966 0.3212925 0.3902109
0.2979394 0.3127645 0.3892961
0.2919772 0.301529 0.4064938
0.2800922 0.3332315 0.3866762
0.3224896 0.296497 0.3810134
0.2959527 0.306114 0.3979333
0.3321602 0.319059 0.3487808
0.3021702 0.3032426 0.3945872
0.2998361 0.3048363 0.3953276
0.3092913 0.3062168 0.3844919
0.2846923 0.2988817 0.4164259
0.2878604 0.297715 0.4144246
0.2800513 0.3133482 0.4066005
0.2953404 0.3138436 0.390816
0.3058745 0.3184944 0.3756311
0.2999475 0.2981641 0.4018884
0.3124918 0.3063461 0.3811621
0.2945627 0.2806432 0.4247941
0.2913026 0.321778 0.3869193
0.2938025 0.3210457 0.3851517
0.2740705 0.3188995 0.4070299
0.2902492 0.2999722 0.4097787
0.3109296 0.3002646 0.3888059
0.3162817 0.2909173 0.392801
0.3147411 0.3138351 0.3714237
0.312538 0.2950064 0.3924557
0.281706 0.3203633 0.3979307
0.330644 0.3021753 0.3671807
0.2833359 0.3266579 0.3900061
0.3035579 0.2983714 0.3980707
0.3053049 0.3015161 0.393179
0.2962087 0.3288167 0.3749746
0.2795883 0.2892778 0.4311339
0.2861371 0.3194121 0.3944508
0.2990584 0.3072914 0.3936502
0.3142805 0.2994977 0.3862218
0.2981142 0.3093823 0.3925035
0.3056989 0.3211929 0.3731082
0.3106414 0.3045094 0.3848493
0.3033085 0.3097189 0.3869726
0.2720219 0.3135436 0.4144345
0.3163391 0.2971084 0.3865526
0.3188885 0.3227946 0.3583169
0.3148959 0.2823654 0.4027388
0.2967201 0.3281799 0.3750999
0.3391792 0.2772231 0.3835977
0.2763623 0.343814 0.3798236
0.2748148 0.326091 0.3990942
0.2928771 0.3377056 0.3694174
0.3078465 0.3133239 0.3788296
0.3015418 0.3240759 0.3743822
0.2743613 0.3318692 0.3937695
0.2894718 0.3334068 0.3771214
0.2748433 0.3124786 0.4126781
0.3060178 0.3164209 0.3775613
0.292609 0.3263252 0.3810658
0.3108697 0.283632 0.4054983
0.3075032 0.2946674 0.3978293
0.3043074 0.3041239 0.3915687
0.283315 0.3050668 0.4116182
0.3018277 0.3059052 0.3922671
0.3030863 0.3007974 0.3961163
0.3008011 0.309316 0.3898829
0.271025 0.3143112 0.4146638
0.286763 0.2990613 0.4141757
0.2979765 0.2904564 0.4115671
0.3307757 0.281605 0.3876193
0.2742603 0.3248875 0.4008522
0.3161127 0.3000368 0.3838506
0.3136704 0.3022722 0.3840574
0.2723941 0.3278231 0.3997829
0.2933341 0.3093697 0.3972962
0.2856969 0.335559 0.3787441
0.2734699 0.3171266 0.4094035
0.3165544 0.2812575 0.4021881
0.2558616 0.326565 0.4175734
0.2802125 0.3331237 0.3866638
0.298901 0.3118071 0.3892918
0.2975656 0.3256399 0.3767945
0.2927545 0.3132149 0.3940306
0.3065098 0.3242757 0.3692145
0.2864808 0.3168405 0.3966787
0.2729442 0.3074178 0.419638
0.2950438 0.3140048 0.3909514
0.3251596 0.2974785 0.3773619
0.2904052 0.3128193 0.3967755
0.2936944 0.3176508 0.3886548
0.3112503 0.3206937 0.368056
0.2761591 0.3279003 0.3959406
0.2928415 0.3004542 0.4067043
0.2733049 0.3166437 0.4100514
0.2689417 0.3282808 0.4027774
0.2799133 0.2978693 0.4222174
0.2717799 0.3222194 0.4060007
0.2966351 0.3040968 0.399268
0.29977 0.2870286 0.4132014
0.3073062 0.3110301 0.3816637
0.2963698 0.3087388 0.3948914
0.2635972 0.3313776 0.4050253
0.3082325 0.2937732 0.3979943
0.3016701 0.2969057 0.4014241
0.3117701 0.3032641 0.3849657
0.2951228 0.3199066 0.3849706
0.2931026 0.3254375 0.3814599
0.3318507 0.2951951 0.3729542
0.3123352 0.3146315 0.3730334
0.2814894 0.332223 0.3862876
0.3110618 0.3066515 0.3822867
0.3135528 0.2923057 0.3941415
0.2962365 0.3094227 0.3943409
0.31785 0.2875492 0.3946009
0.3041083 0.3113514 0.3845402
0.2912858 0.3020484 0.4066658
0.3078177 0.3039145 0.3882678
0.2927695 0.3069706 0.40026
0.2955268 0.3023764 0.4020968
0.2901358 0.2953789 0.4144853
0.3111815 0.3053955 0.383423
0.2932256 0.3188571 0.3879173
0.2768424 0.3100794 0.4130782
0.3156569 0.3147117 0.3696314
0.2732434 0.3099668 0.4167898
0.3169212 0.28939 0.3936888
0.3107409 0.3265518 0.3627073
0.288542 0.325488 0.3859701
0.3324218 0.2978873 0.3696908
0.3219216 0.2744166 0.4036617
0.3158249 0.2908562 0.3933189
0.3068941 0.3096995 0.3834064
0.3025248 0.2851267 0.4123485
0.2944792 0.2992447 0.4062761
0.2994942 0.305885 0.3946208
0.3056223 0.3008971 0.3934805
0.3049861 0.2763518 0.418662
0.300866 0.3266582 0.3724757
0.2834059 0.3199209 0.3966732
0.3003842 0.2906263 0.4089895
0.3048026 0.3075421 0.3876552
0.2886505 0.3459 0.3654495
0.3118065 0.3057562 0.3824374
0.2874234 0.3331642 0.3794124
0.305329 0.2965204 0.3981506
0.3068469 0.3077286 0.3854245
0.2722856 0.3340096 0.3937048
0.3155524 0.2946774 0.3897702
0.3119302 0.3084244 0.3796455
0.3035429 0.2963129 0.4001443
0.3067072 0.3039395 0.3893533
0.2985638 0.3028497 0.3985865
0.3151637 0.2951695 0.3896667
0.3056195 0.3168714 0.3775092
0.2821946 0.3185848 0.3992206
0.2700863 0.3509277 0.3789859
0.2839267 0.3168193 0.399254
0.2885785 0.3154162 0.3960054
0.2826844 0.3294367 0.3878789
0.3125462 0.298115 0.3893388
0.302636 0.2970302 0.4003338
0.2740996 0.3025365 0.4233639
0.3165244 0.3108267 0.3726488
0.2807626 0.3299336 0.3893038
0.2997437 0.2902886 0.4099677
0.298496 0.3041592 0.3973448
0.3195856 0.2965487 0.3838657
0.3057866 0.304019 0.3901944
0.3098828 0.2979005 0.3922167
0.2981918 0.2944815 0.4073267
0.3171547 0.3028318 0.3800136
0.3002807 0.2992705 0.4004489
0.3168343 0.3192411 0.3639246
0.2742623 0.3204474 0.4052903
0.2759434 0.315906 0.4081506
0.2955759 0.3006848 0.4037393
0.3019436 0.3001726 0.3978838
0.2961563 0.2980993 0.4057444
0.2947387 0.3415795 0.3636817
0.2942757 0.3015078 0.4042165
0.2844841 0.3030706 0.4124453
0.3037753 0.3193959 0.3768288
0.3085889 0.2891592 0.4022519
0.2795412 0.3310171 0.3894417
0.2928295 0.3019146 0.4052558
0.3078326 0.3023592 0.3898082
0.2854194 0.3077552 0.4068254
0.3030221 0.3067359 0.390242
0.2738777 0.3455401 0.3805822
0.3141017 0.2927942 0.3931041
0.2849431 0.3183868 0.3966701
0.297094 0.3202042 0.3827018
0.295627 0.2965351 0.4078379
0.3214669 0.2959953 0.3825379
0.3061574 0.3115472 0.3822954
0.3075606 0.2998167 0.3926227
0.3189984 0.3011299 0.3798717
0.2896361 0.3023301 0.4080338
0.2910221 0.3128861 0.3960919
0.3046314 0.3090025 0.386366
0.3147089 0.2993396 0.3859515
0.291212 0.3144573 0.3943307
0.2877687 0.3325105 0.3797208
0.307226 0.3037937 0.3889803
0.2744559 0.3247998 0.4007444
0.2901259 0.3057416 0.4041325
0.2886602 0.3362198 0.37512
0.3120056 0.3038414 0.384153
0.3055339 0.3355724 0.3588937
0.2673859 0.3480794 0.3845347
0.2933292 0.3031278 0.4035429
0.2966824 0.3112373 0.3920803
0.3167389 0.2838763 0.3993848
0.2890687 0.3008596 0.4100717
0.3085388 0.3063403 0.3851209
0.2918759 0.3186498 0.3894743
0.3030439 0.2887334 0.4082227
0.2970989 0.3168995 0.3860016
0.3384746 0.3159674 0.345558
0.2977751 0.2908158 0.4114091
0.2935545 0.3308835 0.375562
0.2870814 0.3180929 0.3948258
0.3155719 0.2888324 0.3955957
0.2845533 0.3159333 0.3995134
0.2890239 0.3053115 0.4056647
0.2874788 0.3290498 0.3834714
0.2883802 0.3199613 0.3916585
0.2905834 0.2876091 0.4218076
0.2876347 0.3196197 0.3927456
0.2829457 0.3246009 0.3924534
0.2943604 0.3093581 0.3962815
0.3034542 0.3112359 0.38531
0.2895196 0.3105649 0.3999156
0.2963081 0.2940556 0.4096364
0.2969141 0.3035969 0.3994891
0.2958062 0.3135021 0.3906917
0.2765079 0.3030495 0.4204426
0.280813 0.2984758 0.4207113
0.2806426 0.3099031 0.4094543
0.3152882 0.2894252 0.3952867
0.3068623 0.318269 0.3748687
0.3073836 0.3042097 0.3884067
0.3365113 0.3011876 0.3623011
0.3113073 0.3071023 0.3815905
0.3024052 0.3121913 0.3854035
0.2953608 0.3370083 0.3676309
0.2877598 0.3175297 0.3947105
0.3049148 0.2866927 0.4083925
0.2828671 0.3232566 0.3938763
0.30866 0.3171905 0.3741495
0.2803773 0.3313232 0.3882996
0.2843322 0.311967 0.4037009
0.310312 0.3165443 0.3731436
0.3111804 0.3098917 0.3789279
0.3197006 0.31387 0.3664294
0.3019502 0.3146194 0.3834304
0.2862144 0.3033415 0.4104441
0.3052115 0.3111201 0.3836684
0.2854633 0.2975717 0.4169649
0.2824886 0.3242736 0.3932378
0.3148387 0.3124332 0.3727281
0.3122621 0.2867184 0.4010196
0.3301494 0.2961761 0.3736744
0.3200146 0.2917816 0.3882038
0.2790409 0.3204936 0.4004655
0.283461 0.3292495 0.3872895
0.2932179 0.3264142 0.3803679
0.297989 0.3307251 0.3712858
0.2733082 0.3153781 0.4113137
0.3154337 0.3036733 0.380893
0.2903625 0.3278485 0.381789
0.3256071 0.2936728 0.38072
0.2938734 0.3332509 0.3728757
0.2958397 0.3310706 0.3730897
0.3016866 0.3324995 0.3658139
0.288393 0.3248757 0.3867313
0.2735872 0.3325755 0.3938373
0.2874942 0.3200155 0.3924904
0.2991974 0.2998472 0.4009554
0.2795576 0.3057516 0.4146908
0.3208449 0.3017584 0.3773967
0.2902151 0.3283877 0.3813971
0.305139 0.3016751 0.3931859
0.3085993 0.308043 0.3833577
0.2878594 0.3283524 0.3837882
0.3063477 0.3198221 0.3738302
0.3075264 0.321486 0.3709876
0.2994598 0.3022312 0.398309
0.2801484 0.2994248 0.4204268
0.2826645 0.3109944 0.4063411
0.2819373 0.3284021 0.3896606
0.2967926 0.3090116 0.3941957
0.2777622 0.3141841 0.4080536
0.305142 0.3253341 0.3695239
0.2937289 0.3070437 0.3992274
0.2847872 0.2953634 0.4198495
0.32142 0.3104046 0.3681755
0.3048493 0.3041633 0.3909874
0.3064703 0.3040349 0.3894948
0.3052447 0.2942381 0.4005172
0.3252278 0.2817307 0.3930415
0.307753 0.3209793 0.3712677
0.3206723 0.2773267 0.402001
0.3204497 0.3236273 0.355923
0.2801359 0.3149802 0.404884
0.2893139 0.2904413 0.4202448
0.2961159 0.2876466 0.4162374
0.3103487 0.3225117 0.3671396
0.2810274 0.3159498 0.4030227
0.3177171 0.2970854 0.3851975
0.283042 0.334478 0.38248
0.2922198 0.3005698 0.4072104
0.2762191 0.3238056 0.3999753
0.2987097 0.308138 0.3931522
0.3086992 0.2830037 0.4082971
0.2860131 0.3161548 0.3978321
0.2897815 0.3235204 0.3866981
0.30116 0.2991492 0.3996908
0.2945525 0.3083162 0.3971313
0.3102612 0.2908265 0.3989123
0.3022577 0.2871342 0.4106081
0.2666338 0.3058337 0.4275325
0.2840807 0.3357947 0.3801246
0.2845572 0.3072777 0.4081651
0.3274924 0.2928353 0.3796722
0.3057747 0.2799881 0.4142372
0.3265371 0.3159458 0.3575171
0.2882798 0.3231852 0.3885351
0.2981117 0.3205632 0.3813251
0.2891289 0.3125188 0.3983524
0.3033505 0.3161941 0.3804554
0.3152864 0.3120115 0.3727021
0.3106141 0.3208493 0.3685366
0.296805 0.3029546 0.4002404
0.2878186 0.3243329 0.3878485
0.3182329 0.2993262 0.3824409
0.294154 0.306624 0.399222
0.3020428 0.2960141 0.4019432
0.2751954 0.3164047 0.4083999
0.2763704 0.3267787 0.3968509
0.2969463 0.2967647 0.406289
0.3225484 0.2988928 0.3785588
0.2911969 0.3124058 0.3963973
0.2903342 0.3002631 0.4094027
0.2923406 0.2993728 0.4082866
0.2903563 0.3302805 0.3793631
0.2917844 0.2959001 0.4123155
0.2775854 0.3246032 0.3978113
0.2712542 0.3297057 0.3990401
0.29911 0.3166372 0.3842528
0.3013194 0.3093957 0.3892849
0.3119284 0.2835157 0.4045559
0.3023394 0.2930415 0.4046191
0.2826233 0.3160213 0.4013554
0.2951049 0.3174287 0.3874664
0.3033429 0.3078366 0.3888204
0.2953202 0.3332975 0.3713823
0.3078238 0.3137727 0.3784035
0.3071058 0.2912525 0.4016417
0.2950607 0.2861813 0.418758
0.3171914 0.2910236 0.3917851
0.3068026 0.3321071 0.3610903
0.3082448 0.3096102 0.382145
0.2892439 0.3066817 0.4040744
0.2701481 0.3329925 0.3968593
0.3097776 0.297615 0.3926074
0.3207175 0.3141837 0.3650987
0.3039633 0.2892982 0.4067386
0.299464 0.3122382 0.3882978
0.2928295 0.3046792 0.4024913
0.2801061 0.3149202 0.4049738
0.2835086 0.310195 0.4062964
0.291017 0.3076526 0.4013303
0.2994094 0.3015855 0.3990051
0.2921957 0.3361106 0.3716937
0.2754555 0.331349 0.3931956
0.297067 0.3166478 0.3862852
0.3141111 0.3032564 0.3826325
0.2920604 0.314055 0.3938846
0.2831331 0.3137796 0.4030873
0.2880839 0.3224143 0.3895018
0.2975515 0.3019567 0.4004918
0.2913571 0.3355001 0.3731427
0.2920493 0.3277731 0.3801777
0.3022872 0.3140556 0.3836572
0.3156183 0.3199839 0.3643978
0.3272892 0.2837284 0.3889824
0.2952749 0.3095106 0.3952146
0.272955 0.3030875 0.4239576
0.2746681 0.3341376 0.3911943
0.3037541 0.3009953 0.3952506
0.3065293 0.2825862 0.4108845
0.3092278 0.323508 0.3672642
0.3096097 0.3217208 0.3686695
0.2991956 0.294832 0.4059724
0.2708973 0.297378 0.4317247
0.2997656 0.3100914 0.390143
0.2891074 0.3184717 0.3924209
0.2870512 0.316752 0.3961969
0.3139626 0.319458 0.3665794
0.2759966 0.3205063 0.4034971
0.2967156 0.3122218 0.3910626
0.3030517 0.3144454 0.3825029
0.3008448 0.3114253 0.3877299
0.287071 0.3026897 0.4102393
0.2847441 0.3042718 0.410984
0.2893692 0.3050108 0.40562
0.3180898 0.3142401 0.36767
0.2983009 0.3159287 0.3857704
0.31948 0.2821819 0.3983381
0.2730445 0.3352735 0.3916819
0.2964215 0.3144433 0.3891352
0.3158532 0.3102899 0.3738569
0.2911416 0.3128723 0.3959861
0.2634284 0.3395738 0.3969978
0.2799069 0.3133672 0.4067259
0.283692 0.2995394 0.4167686
0.2816593 0.3225536 0.395787
0.2777927 0.3309404 0.3912669
0.3086232 0.3059264 0.3854503
0.2954401 0.3260306 0.3785293
0.294591 0.2765695 0.4288394
0.2976251 0.3116468 0.3907281
0.3152722 0.2978557 0.3868721
0.2888276 0.3008799 0.4102925
0.3028842 0.3117638 0.385352
0.3029962 0.3057578 0.391246
0.2920883 0.3154079 0.3925038
0.3060683 0.3182596 0.3756721
0.2852494 0.3008154 0.4139352
0.2744611 0.3081435 0.4173954
0.2828769 0.2916532 0.4254699
0.3161034 0.2974136 0.3864831
0.2995186 0.3043236 0.3961578
0.2894853 0.3101607 0.400354
0.2848773 0.3253052 0.3898174
0.3137743 0.2862699 0.3999558
0.2987199 0.2943167 0.4069633
0.2831958 0.3314053 0.3853989
0.2969421 0.3261847 0.3768732
0.2917151 0.3202732 0.3880117
0.2991731 0.3163619 0.384465
0.3127463 0.3101432 0.3771105
0.2855139 0.3285829 0.3859032
0.3005039 0.2823829 0.4171132
0.2989003 0.3223301 0.3787696
0.2944382 0.3354674 0.3700943
0.2743893 0.3214399 0.4041708
0.3125039 0.3141192 0.373377
0.2928788 0.3257236 0.3813976
0.2769391 0.30329 0.419771
0.3302404 0.2988245 0.3709352
0.3052947 0.3026382 0.3920671
0.2843493 0.3315378 0.3841129
0.2860803 0.3264523 0.3874674
0.2964123 0.3156925 0.3878951
0.2754671 0.3162093 0.4083236
0.3061743 0.3161181 0.3777076
0.2930081 0.3173685 0.3896234
0.2812476 0.3197301 0.3990223
0.2892219 0.3423901 0.368388
0.2888823 0.3246605 0.3864572
0.3112443 0.2924661 0.3962896
0.3305124 0.2872361 0.3822516
0.2906318 0.316457 0.3929111
0.2814193 0.3303675 0.3882132
0.2912114 0.2973157 0.4114729
0.3126417 0.3072612 0.380097
0.2970298 0.3206613 0.3823089
0.2870509 0.331653 0.3812961
0.3245009 0.2901104 0.3853887
0.2987975 0.3078514 0.3933511
0.2907911 0.3193152 0.3898938
0.3116285 0.3106737 0.3776978
0.302868 0.3107202 0.3864118
0.30957 0.3106267 0.3798033
0.2993709 0.3114086 0.3892205
0.2858562 0.2965181 0.4176257
0.2842355 0.3067058 0.4090587
0.2946246 0.2818763 0.4234992
0.2824073 0.3200783 0.3975144
0.3192855 0.2905866 0.3901279
0.283023 0.323558 0.393419
0.3080789 0.28649 0.4054311
0.2861748 0.3069161 0.4069091
0.2966409 0.3333829 0.3699762
0.3068687 0.3417309 0.3514004
0.2994062 0.3160872 0.3845066
0.3124145 0.2840957 0.4034899
0.3015867 0.3066712 0.3917421
0.3085095 0.2981817 0.3933089
0.3110238 0.2987523 0.3902239
0.3035623 0.3060386 0.390399
0.2921428 0.3220886 0.3857686
0.2917134 0.3012135 0.407073
0.2978266 0.3157639 0.3864095
0.3007556 0.3204741 0.3787704
0.3097509 0.296944 0.3933052
0.2946519 0.3302245 0.3751236
0.2913162 0.3100675 0.3986164
0.297452 0.3290612 0.3734868
0.304274 0.3173256 0.3784005
0.303381 0.3007946 0.3958245
0.2883295 0.3147904 0.3968801
0.3139517 0.3158419 0.3702064
0.2732817 0.3207426 0.4059756
0.2869868 0.3498328 0.3631804
0.3058631 0.3049652 0.3891717
0.2970618 0.305929 0.3970092
0.270735 0.3100261 0.4192389
0.2875352 0.3166093 0.3958555
0.3115206 0.3212501 0.3672293
0.2839572 0.3316238 0.3844189
0.2904661 0.3068597 0.4026742
0.3059303 0.2981251 0.3959446
0.3114123 0.2962402 0.3923475
0.2979508 0.3071516 0.3948976
0.2680158 0.3324779 0.3995063
0.289226 0.3270384 0.3837355
0.3013345 0.3205371 0.3781284
0.2997416 0.325252 0.3750064
0.3083918 0.3044962 0.387112
0.3150099 0.3339275 0.3510626
0.3152009 0.3071233 0.3776758
0.3149316 0.3126187 0.3724497
0.3156856 0.2987072 0.3856071
0.3032977 0.3072034 0.389499
0.273514 0.3080387 0.4184473
0.300938 0.3441257 0.3549363
0.2803702 0.3083223 0.4113075
0.3234974 0.2932885 0.3832141
0.2867191 0.2824316 0.4308493
0.2782873 0.3278712 0.3938414
0.2928872 0.328689 0.3784238
0.3064651 0.2879594 0.4055755
0.3078687 0.303034 0.3890974
0.308606 0.3021098 0.3892842
0.3001144 0.3159892 0.3838964
0.2967746 0.2999354 0.40329
0.3029788 0.2801291 0.4168921
0.2885126 0.3171567 0.3943307
0.2799924 0.3157858 0.4042218
0.3052917 0.3082862 0.386422
0.2774106 0.2964906 0.4260988
0.2889896 0.2966299 0.4143805
0.2937162 0.3058975 0.4003863
0.2892447 0.3007045 0.4100507
0.2919298 0.3155014 0.3925689
0.3178894 0.2965144 0.3855962
0.2996773 0.3065591 0.3937636
0.3027412 0.2878435 0.4094154
0.331627 0.303263 0.36511
0.2912737 0.2965572 0.4121691
0.3050563 0.3070568 0.3878869
0.3144778 0.2960626 0.3894596
0.3099507 0.3253422 0.3647071
0.2974466 0.3121402 0.3904132
0.3112357 0.2918632 0.396901
0.290329 0.3235446 0.3861263
0.2620584 0.3259224 0.4120192
0.3019624 0.331318 0.3667196
0.2733516 0.3055519 0.4210965
0.313753 0.3335057 0.3527413
0.3095481 0.2860318 0.40442
0.2844254 0.3044477 0.4111269
0.3000913 0.3259336 0.3739752
0.2910178 0.2981165 0.4108657
0.2836957 0.3236033 0.392701
0.2849631 0.3254592 0.3895777
0.3169745 0.3021028 0.3809227
0.2992683 0.3319869 0.3687448
0.2827318 0.3109724 0.4062957
0.2990791 0.3245404 0.3763805
0.2944324 0.3195927 0.385975
0.3121943 0.2734306 0.4143751
0.28162 0.3106577 0.4077223
0.2800647 0.3159989 0.4039364
0.3150894 0.2957068 0.3892037
0.2710373 0.3250772 0.4038855
0.3144301 0.2901366 0.3954333
0.3129034 0.3166428 0.3704537
0.27558 0.3196305 0.4047895
0.3265834 0.2838627 0.3895539
0.3141702 0.2900545 0.3957753
0.3034917 0.3227878 0.3737205
0.3008869 0.273353 0.4257601
0.296613 0.3332221 0.3701648
0.3022418 0.3155272 0.382231
0.3011517 0.3176614 0.3811869
0.3141612 0.2789477 0.4068911
0.2865275 0.3248882 0.3885844
0.2908802 0.3105132 0.3986066
0.2972865 0.3158252 0.3868883
0.3007472 0.2840524 0.4152004
0.2993985 0.3399686 0.3606328
0.3095153 0.3182882 0.3721965
0.2939298 0.3204651 0.385605
0.300806 0.2996714 0.3995226
0.3053015 0.3053447 0.3893538
0.2748952 0.3169978 0.408107
0.2871662 0.3201716 0.3926621
0.2970693 0.3179845 0.3849461
0.3328594 0.3045791 0.3625615
0.309897 0.2872294 0.4028736
0.2787816 0.3100502 0.4111681
0.3082387 0.3369488 0.3548125
0.2939424 0.3384564 0.3676012
0.2900792 0.3186507 0.3912701
0.2916263 0.3009125 0.4074613
0.2912472 0.3174371 0.3913156
0.2958297 0.2997582 0.4044121
0.3018477 0.315171 0.3829813
0.2839438 0.3330433 0.383013
0.297973 0.3015639 0.4004631
0.3031292 0.3032023 0.3936685
0.280456 0.3170918 0.4024522
0.2989076 0.3131013 0.3879911
0.2954945 0.309058 0.3954475
0.2953054 0.3193332 0.3853614
0.30034 0.2987306 0.4009294
0.3005101 0.2927856 0.4067044
0.286748 0.2864846 0.4267674
0.3177901 0.3039816 0.3782283
0.2920206 0.3341511 0.3738283
0.2860759 0.3210847 0.3928393
0.2762984 0.320188 0.4035136
0.2990448 0.3161699 0.3847853
0.3144815 0.29855 0.3869685
0.2919688 0.2954532 0.412578
0.2896896 0.3058346 0.4044758
0.2884697 0.3132558 0.3982745
0.2703219 0.301953 0.427725
0.2989886 0.3228871 0.3781243
0.2934309 0.2949882 0.4115809
0.3108469 0.3106861 0.378467
0.3058923 0.2897601 0.4043477
0.265472 0.3224764 0.4120516
0.2963942 0.3187484 0.3848574
0.2896889 0.3099328 0.4003783
0.2959126 0.3052874 0.3988001
0.3143707 0.3382839 0.3473454
0.3158433 0.3013309 0.3828258
0.3066094 0.2951018 0.3982888
0.2881034 0.3206844 0.3912121
0.3065641 0.3148327 0.3786032
0.298013 0.3103779 0.3916091
0.3086596 0.3132165 0.3781239
0.2927615 0.3129135 0.394325
0.301118 0.3154044 0.3834776
0.297624 0.3224459 0.3799301
0.3016476 0.3315023 0.3668501
0.3062735 0.3122106 0.3815159
0.3017847 0.2854246 0.4127907
0.2946455 0.3081879 0.3971666
0.308186 0.3283513 0.3634628
0.2923629 0.3183294 0.3893077
0.306374 0.3093113 0.3843147
0.3056923 0.334228 0.3600797
0.3096172 0.3197282 0.3706546
0.3174815 0.302991 0.3795275
0.2916153 0.3258784 0.3825064
0.2759169 0.3061157 0.4179674
0.3012188 0.3034535 0.3953277
0.2736933 0.3089494 0.4173573
0.2833342 0.350868 0.3657978
0.295554 0.3123152 0.3921308
0.2821789 0.3063652 0.4114559
0.2803319 0.3282789 0.3913892
0.2959333 0.3118196 0.3922471
0.2697469 0.3222677 0.4079854
0.3055281 0.3093758 0.3850961
0.2978094 0.300431 0.4017596
0.28879 0.3093933 0.4018167
0.3159316 0.2990208 0.3850476
0.2687467 0.3291075 0.4021458
0.3257062 0.3087602 0.3655337
0.3014121 0.3133151 0.3852728
0.29589 0.3075689 0.3965411
0.331068 0.3134532 0.3554788
0.2919215 0.3127187 0.3953598
0.3034254 0.3239052 0.3726694
0.300422 0.3002234 0.3993546
0.2985462 0.3049894 0.3964644
0.3167954 0.2773627 0.4058419
0.3080899 0.3347719 0.3571383
0.2915057 0.3087348 0.3997595
0.2649338 0.3164707 0.4185955
0.3092104 0.3002123 0.3905773
0.2968401 0.3142091 0.3889508
0.2838056 0.3263647 0.3898297
0.2795421 0.3408807 0.3795772
0.2917577 0.3146709 0.3935714
0.3228567 0.2945756 0.3825678
0.2940124 0.3229252 0.3830624
0.2936929 0.3153538 0.3909533
0.295783 0.333823 0.370394
0.2933421 0.3128793 0.3937786
0.2894937 0.3253297 0.3851766
0.2681207 0.2970308 0.4348485
0.290257 0.3001803 0.4095627
0.3005972 0.2985015 0.4009013
0.2644757 0.3233431 0.4121812
0.2910113 0.3219133 0.3870753
0.3106828 0.3032027 0.3861145
0.3062204 0.2987966 0.394983
0.3059032 0.2987783 0.3953185
0.3143494 0.3066894 0.3789613
0.318261 0.3036228 0.3781162
0.2885917 0.3028627 0.4085456
0.2703825 0.3279829 0.4016347
0.3090333 0.3073657 0.383601
0.2869011 0.2837719 0.429327
0.308736 0.283169 0.4080949
0.3131874 0.316058 0.3707546
0.2651785 0.3308282 0.4039933
0.292835 0.3219497 0.3852153
0.2872459 0.326776 0.3859781
0.3033198 0.3023657 0.3943145
0.3241246 0.2853664 0.390509
0.3101731 0.3114172 0.3784096
0.3181458 0.2892999 0.3925542
0.2981174 0.3191013 0.3827813
0.2859409 0.3207514 0.3933076
0.2965453 0.3231398 0.3803149
0.2737331 0.3114388 0.4148281
0.3094087 0.3231759 0.3674154
0.3046031 0.3201292 0.3752678
0.2814796 0.2891776 0.4293428
0.3008492 0.2943959 0.4047549
0.2840342 0.3283925 0.3875733
0.3100364 0.2943657 0.3955979
0.2934522 0.2997535 0.4067943
0.2952138 0.3121671 0.3926191
0.288254 0.3167419 0.3950041
0.3108993 0.2934485 0.3956522
0.2884632 0.2936888 0.417848
0.3049475 0.3034935 0.391559
0.2823879 0.3144414 0.4031707
0.2943913 0.3040595 0.4015492
0.2857554 0.3213804 0.3928641
0.2723926 0.316775 0.4108323
0.30418 0.3126416 0.3831784
0.2768412 0.3055757 0.4175832
0.3201194 0.298509 0.3813716
0.2885574 0.316301 0.3951416
0.3008832 0.3082655 0.3908513
0.2928509 0.300237 0.4069121
0.3011765 0.2849562 0.4138673
0.3049203 0.2903784 0.4047013
0.2787206 0.3208072 0.4004722
0.2701674 0.3301417 0.399691
0.2934161 0.3258209 0.380763
0.3206973 0.2894844 0.3898183
0.3061827 0.3150902 0.3787271
0.2909059 0.3172128 0.3918813
0.3117256 0.3039591 0.3843153
0.296038 0.3163478 0.3876142
0.2898208 0.2953587 0.4148206
0.305822 0.32068 0.3734981
0.3360688 0.2790944 0.3848368
0.3106873 0.2807878 0.408525
0.3058666 0.3358107 0.3583227
0.2594566 0.3426051 0.3979382
0.30435 0.3011532 0.3944968
0.3074826 0.3114608 0.3810566
0.2770844 0.2983768 0.4245387
0.3082484 0.3053818 0.3863698
0.3153961 0.3065668 0.3780371
0.3110254 0.3026544 0.3863202
0.2725523 0.3203924 0.4070553
0.2963201 0.2785761 0.4251037
0.3279127 0.2911242 0.3809631
0.2887637 0.3027042 0.4085321
0.2997721 0.2983494 0.4018785
