p_1 p_2 p_3 
0.3271971 0.4244239 0.248379 
0.2335734 0.4764391 0.2899875 
0.2613287 0.4732479 0.2654233 
0.2326689 0.3550775 0.4122536 
0.2521819 0.4318178 0.3160003 
0.2606651 0.489156 0.2501788 
0.3254859 0.383768 0.290746 
0.2907612 0.4960236 0.2132152 
0.3367941 0.3909641 0.2722418 
0.3180492 0.408093 0.2738578 
0.3479867 0.3425842 0.3094291 
0.2734752 0.3853629 0.3411619 
0.3027546 0.3983525 0.2988929 
0.3765306 0.3604015 0.2630679 
0.2651457 0.3913571 0.3434972 
0.2217963 0.4747417 0.3034621 
0.3391923 0.2754798 0.3853279 
0.2711665 0.4038805 0.324953 
0.3231219 0.4040029 0.2728752 
0.3064362 0.4101483 0.2834155 
0.3263812 0.454789 0.2188299 
0.3038853 0.3640167 0.332098 
0.3840088 0.3594772 0.256514 
0.3235805 0.3649189 0.3115006 
0.246271 0.4667653 0.2869638 
0.2515865 0.4580754 0.2903381 
0.3898509 0.3323273 0.2778217 
0.3260149 0.3908923 0.2830928 
0.2812283 0.4189298 0.299842 
0.3025628 0.3587861 0.3386512 
0.2919314 0.4059521 0.3021164 
0.3831419 0.4062553 0.2106028 
0.3666785 0.3865477 0.2467738 
0.3321729 0.4423994 0.2254276 
0.3087888 0.4340921 0.2571191 
0.3419294 0.3389559 0.3191148 
0.3340324 0.3924539 0.2735137 
0.2875758 0.3640867 0.3483375 
0.3029601 0.3641597 0.3328801 
0.2324272 0.4778535 0.2897194 
0.2750183 0.3676359 0.3573459 
0.311393 0.380026 0.308581 
0.4121775 0.3734146 0.2144079 
0.3416132 0.3954733 0.2629136 
0.2580381 0.4617587 0.2802032 
0.336377 0.3913118 0.2723112 
0.3167419 0.3523817 0.3308764 
0.3551775 0.4321321 0.2126904 
0.378807 0.4068026 0.2143905 
0.2531 0.4449664 0.3019336 
0.3501591 0.3964337 0.2534072 
0.2897932 0.3984409 0.3117658 
0.2421342 0.4630444 0.2948214 
0.3990247 0.3768049 0.2241704 
0.3099832 0.360892 0.3291248 
0.3259293 0.3912425 0.2828282 
0.3617388 0.3781839 0.2600773 
0.2969742 0.4210351 0.2819907 
0.2702863 0.4168782 0.3128355 
0.3023242 0.443413 0.2542628 
0.3312325 0.3134026 0.3553649 
0.3335048 0.4298032 0.236692 
0.3626777 0.4165751 0.2207473 
0.3077949 0.3635435 0.3286617 
0.3859953 0.3681521 0.2458526 
0.3473396 0.4303229 0.2223374 
0.3098299 0.3816761 0.308494 
0.3423532 0.4326918 0.2249549 
0.3471533 0.4022645 0.2505823 
0.3210706 0.4072472 0.2716822 
0.2993542 0.41195 0.2886958 
0.3677394 0.3846983 0.2475623 
0.2738408 0.5248847 0.2012745 
0.4275951 0.3280417 0.2443632 
0.2394544 0.491576 0.2689697 
0.3353566 0.3598362 0.3048073 
0.3312287 0.3484581 0.3203132 
0.3373655 0.3509274 0.3117071 
0.2457612 0.4597004 0.2945384 
0.2999615 0.4199073 0.2801312 
0.2416109 0.4401568 0.3182323 
0.2960143 0.451815 0.2521707 
0.2618554 0.5372396 0.200905 
0.3074679 0.4804218 0.2121104 
0.2697834 0.3387202 0.3914964 
0.3266378 0.4096957 0.2636665 
0.3628323 0.4856376 0.1515301 
0.2892176 0.4478256 0.2629568 
0.3093326 0.4306737 0.2599937 
0.2478266 0.3316666 0.4205068 
0.3260491 0.4029963 0.2709546 
0.4172776 0.3451547 0.2375677 
0.3268679 0.3828881 0.290244 
0.3139205 0.5089925 0.177087 
0.2480831 0.4772232 0.2746937 
0.3423803 0.3631508 0.2944689 
0.2390671 0.4322879 0.328645 
0.315925 0.4149868 0.2690882 
0.278443 0.3768848 0.3446723 
0.3181836 0.4548932 0.2269232 
0.2763584 0.3690772 0.3545644 
0.2811697 0.4306356 0.2881947 
0.2754135 0.4781644 0.2464222 
0.330706 0.4188426 0.2504514 
0.281874 0.3799199 0.3382061 
0.3415899 0.4155232 0.2428869 
0.3945572 0.402133 0.2033098 
0.3593191 0.3928591 0.2478218 
0.2657927 0.3887029 0.3455044 
0.3331425 0.4140273 0.2528302 
0.3640908 0.3706233 0.2652859 
0.2844722 0.4324042 0.2831236 
0.3493328 0.4368924 0.2137748 
0.300945 0.4786079 0.2204471 
0.2968714 0.4535481 0.2495806 
0.2973905 0.3974926 0.3051169 
0.390878 0.4097884 0.1993335 
0.307285 0.4526761 0.2400389 
0.2879424 0.4550391 0.2570185 
0.2519112 0.3942162 0.3538726 
0.2446831 0.3571016 0.3982153 
0.3169652 0.452014 0.2310208 
0.3051503 0.3537073 0.3411424 
0.2793287 0.463233 0.2574383 
0.2309396 0.512677 0.2563833 
0.2823985 0.4205848 0.2970167 
0.2359805 0.4790652 0.2849543 
0.3388386 0.3983887 0.2627726 
0.335829 0.3867408 0.2774302 
0.313101 0.431061 0.255838 
0.3472336 0.4595852 0.1931812 
0.2250784 0.5216021 0.2533195 
0.3051127 0.418348 0.2765393 
0.3529363 0.4326435 0.2144202 
0.3292949 0.2897017 0.3810033 
0.2774145 0.4092532 0.3133322 
0.2961964 0.4173831 0.2864205 
0.4195341 0.38121 0.1992559 
0.2480374 0.4343379 0.3176247 
0.2949326 0.3737264 0.331341 
0.2973853 0.4577322 0.2448825 
0.3154696 0.4453803 0.2391501 
0.3299135 0.3669489 0.3031376 
0.294028 0.4336366 0.2723354 
0.2888997 0.3908788 0.3202214 
0.2739904 0.4135271 0.3124824 
0.307873 0.3546726 0.3374544 
0.2956668 0.3985663 0.3057669 
0.3387897 0.4121703 0.24904 
0.278099 0.345793 0.376108 
0.3192102 0.4408927 0.2398972 
0.2731529 0.4400306 0.2868165 
0.2706701 0.4887041 0.2406259 
0.2892145 0.4742509 0.2365347 
0.2827083 0.3987439 0.3185477 
0.3914583 0.4387357 0.1698059 
0.2658483 0.4248295 0.3093223 
0.3629971 0.2690055 0.3679974 
0.2452953 0.466352 0.2883527 
0.3445613 0.3614963 0.2939424 
0.3568939 0.4051217 0.2379843 
0.2188719 0.4397817 0.3413463 
0.3229488 0.3849859 0.2920653 
0.2897062 0.4882253 0.2220685 
0.4141361 0.3712288 0.2146351 
0.3523281 0.4419096 0.2057622 
0.3591959 0.4732697 0.1675344 
0.2690016 0.3977519 0.3332465 
0.2308776 0.4725764 0.296546 
0.3459612 0.4309001 0.2231387 
0.3034926 0.471499 0.2250084 
0.1998773 0.4173945 0.3827282 
0.2656151 0.3943645 0.3400204 
0.311812 0.4305624 0.2576255 
0.304527 0.3586955 0.3367775 
0.3312663 0.3446673 0.3240664 
0.329639 0.4229587 0.2474022 
0.2395676 0.4634993 0.2969331 
0.3418285 0.4096635 0.248508 
0.321088 0.4363821 0.2425299 
0.2563031 0.4708965 0.2728004 
0.3864618 0.3953099 0.2182283 
0.3441744 0.3996702 0.2561553 
0.326746 0.4751668 0.1980871 
0.2908246 0.4701103 0.2390651 
0.2997337 0.4443436 0.2559227 
0.2937354 0.4477036 0.258561 
0.3593275 0.4193852 0.2212873 
0.2903721 0.416773 0.2928549 
0.2058301 0.4718281 0.3223418 
0.295377 0.3661221 0.3385009 
0.297362 0.3645881 0.3380499 
0.2596988 0.4788674 0.2614337 
0.2557405 0.3778472 0.3664123 
0.2998875 0.2958264 0.4042861 
0.2834686 0.4193787 0.2971527 
0.2690647 0.4381608 0.2927745 
0.3214255 0.4226753 0.2558993 
0.3200207 0.3800925 0.2998868 
0.3350801 0.3363823 0.3285376 
0.2614658 0.4588355 0.2796987 
0.3289167 0.3740136 0.2970697 
0.3573656 0.3985401 0.2440943 
0.3399598 0.4258528 0.2341874 
0.348617 0.3599391 0.2914439 
0.2242108 0.4060183 0.3697709 
0.2703375 0.3878932 0.3417693 
0.241207 0.4460806 0.3127124 
0.3068432 0.4585283 0.2346286 
0.3257197 0.4563734 0.217907 
0.3685569 0.3341715 0.2972716 
0.2596599 0.4182171 0.322123 
0.3282664 0.3791751 0.2925586 
0.3552738 0.4301433 0.2145829 
0.3319534 0.4107186 0.257328 
0.2683958 0.4799563 0.2516479 
0.4268791 0.3234685 0.2496524 
0.2505854 0.4334328 0.3159818 
0.27867 0.4516076 0.2697224 
0.3108067 0.3804656 0.3087276 
0.28821 0.3347486 0.3770414 
0.2974011 0.4029586 0.2996403 
0.317492 0.4543868 0.2281212 
0.3413178 0.3875149 0.2711672 
0.3528128 0.4474526 0.1997347 
0.2974385 0.4350373 0.2675242 
0.268867 0.4782624 0.2528706 
0.2835097 0.45212 0.2643703 
0.3781343 0.372018 0.2498477 
0.2963561 0.4290483 0.2745955 
0.279136 0.3950283 0.3258357 
0.3412904 0.338954 0.3197556 
0.3199327 0.4038242 0.2762432 
0.2602334 0.4377785 0.3019881 
0.2491625 0.453637 0.2972006 
0.3638485 0.433409 0.2027425 
0.3961937 0.3626183 0.241188 
0.2777612 0.4337808 0.288458 
0.2866395 0.3833205 0.3300399 
0.3578761 0.3888167 0.2533072 
0.2592495 0.4502373 0.2905132 
0.3630755 0.4498492 0.1870752 
0.360589 0.3778892 0.2615218 
0.3901788 0.3271936 0.2826275 
0.2762816 0.393081 0.3306374 
0.300724 0.4205397 0.2787363 
0.3165104 0.4169156 0.2665739 
0.2677004 0.4018014 0.3304982 
0.2341681 0.3989721 0.3668598 
0.3630868 0.3252542 0.311659 
0.3350758 0.4191401 0.2457841 
0.2928459 0.3990951 0.308059 
0.3490085 0.3685904 0.2824011 
0.3145833 0.4117246 0.2736921 
0.1956921 0.4518374 0.3524705 
0.2987697 0.4001498 0.3010805 
0.2520382 0.4431679 0.3047938 
0.1969081 0.5057071 0.2973848 
0.3564923 0.365425 0.2780828 
0.2389324 0.4844587 0.276609 
0.3292521 0.4037737 0.2669742 
0.3086512 0.4278329 0.2635159 
0.3655368 0.4241811 0.2102821 
0.2936501 0.4529735 0.2533764 
0.3490056 0.433261 0.2177334 
0.2872281 0.4706687 0.2421032 
0.3796481 0.3286561 0.2916957 
0.330095 0.4233914 0.2465136 
0.3557256 0.3718125 0.2724619 
0.3872245 0.3499695 0.262806 
0.3293668 0.3536696 0.3169636 
0.336959 0.4173184 0.2457226 
0.2848441 0.4247935 0.2903624 
0.2800454 0.3496437 0.370311 
0.3244563 0.4123253 0.2632184 
0.3311583 0.3874129 0.2814288 
0.4232238 0.3753826 0.2013936 
0.2831793 0.4259589 0.2908618 
0.3371952 0.3434775 0.3193273 
0.3261695 0.3593386 0.3144918 
0.3306401 0.5141541 0.1552058 
0.3089676 0.4348958 0.2561366 
0.247187 0.5078262 0.2449868 
0.3609093 0.4134263 0.2256644 
0.2615415 0.3651036 0.3733549 
0.3002862 0.3956878 0.3040259 
0.4255446 0.3146612 0.2597942 
0.2506359 0.5200337 0.2293303 
0.4229154 0.3612693 0.2158153 
0.3099726 0.429143 0.2608843 
0.2880608 0.4172411 0.2946982 
0.2880848 0.467693 0.2442222 
0.3712874 0.4057191 0.2229935 
0.2155543 0.3823923 0.4020534 
0.3544782 0.3380572 0.3074646 
0.3331925 0.4430534 0.2237541 
0.310126 0.4145174 0.2753566 
0.2584829 0.47351 0.2680071 
0.3337211 0.4095481 0.2567308 
0.2805153 0.3666104 0.3528742 
0.3281753 0.4214273 0.2503974 
0.254134 0.4215009 0.3243651 
0.3995772 0.4197618 0.180661 
0.2673666 0.4298862 0.3027472 
0.3273394 0.4317166 0.240944 
0.2816323 0.4193968 0.2989709 
0.2939576 0.4231955 0.2828469 
0.3286353 0.4017475 0.2696172 
0.3279214 0.3629053 0.3091733 
0.3487192 0.3643087 0.2869721 
0.2618522 0.4063623 0.3317856 
0.3356715 0.3880993 0.2762292 
0.364845 0.3778681 0.2572869 
0.3565557 0.4310403 0.212404 
0.3252504 0.3851535 0.2895961 
0.2531687 0.5097223 0.237109 
0.3664362 0.3195798 0.313984 
0.2680432 0.412873 0.3190837 
0.3575357 0.3829044 0.2595599 
0.2446589 0.5197301 0.235611 
0.323942 0.4034862 0.2725718 
0.4204923 0.3178889 0.2616188 
0.333013 0.3838927 0.2830942 
0.3060692 0.3974456 0.2964852 
0.3263036 0.4055279 0.2681685 
0.342578 0.412967 0.2444549 
0.3706993 0.3187822 0.3105185 
0.2764994 0.4308594 0.2926412 
0.3358578 0.3871444 0.2769978 
0.3318642 0.3477168 0.320419 
0.324367 0.4394834 0.2361496 
0.3125029 0.4588742 0.2286229 
0.3744487 0.3819683 0.243583 
0.3740106 0.3327607 0.2932287 
0.3002639 0.4359095 0.2638265 
0.2989471 0.4056906 0.2953623 
0.3491553 0.3036618 0.3471829 
0.2870988 0.3074669 0.4054343 
0.3705569 0.4066996 0.2227435 
0.3058991 0.4276883 0.2664126 
0.3132367 0.4570836 0.2296797 
0.3456644 0.4443669 0.2099687 
0.3613307 0.4115848 0.2270845 
0.3524618 0.3106352 0.336903 
0.3043419 0.4011047 0.2945534 
0.3103876 0.4416276 0.2479847 
0.2909836 0.4060257 0.3029907 
0.2174972 0.4594161 0.3230867 
0.3421651 0.4136372 0.2441977 
0.3289641 0.385752 0.2852839 
0.3708413 0.3279411 0.3012176 
0.2858167 0.4144687 0.2997146 
0.284199 0.4155703 0.3002307 
0.2925613 0.4447093 0.2627294 
0.2874632 0.3940914 0.3184454 
0.3334892 0.4594254 0.2070854 
0.3911576 0.4037354 0.205107 
0.2856212 0.4258178 0.288561 
0.365 0.3881888 0.2468112 
0.3521701 0.4282295 0.2196004 
0.2706448 0.3690509 0.3603043 
0.2987615 0.395881 0.3053575 
0.4493872 0.3396647 0.2109481 
0.311881 0.481415 0.206704 
0.2289018 0.4553528 0.3157454 
0.2971133 0.3938996 0.308987 
0.3534906 0.3266302 0.3198792 
0.2700571 0.3830103 0.3469325 
0.346113 0.3861384 0.2677486 
0.2745551 0.3747115 0.3507335 
0.3424909 0.3866608 0.2708482 
0.2971439 0.3506592 0.3521969 
0.3470519 0.4184964 0.2344517 
0.3285077 0.4107214 0.2607708 
0.3372547 0.3524427 0.3103026 
0.3700779 0.3721786 0.2577435 
0.2395205 0.4026355 0.357844 
0.2655957 0.4993664 0.2350379 
0.2395827 0.4084545 0.3519627 
0.3304748 0.4210705 0.2484547 
0.3303072 0.409999 0.2596938 
0.265733 0.4578949 0.2763721 
0.3135449 0.4331848 0.2532703 
0.4087211 0.3211755 0.2701035 
0.305963 0.3347348 0.3593022 
0.2636777 0.4345187 0.3018036 
0.2972472 0.3966164 0.3061364 
0.2315794 0.4781071 0.2903135 
0.4022665 0.2916546 0.3060789 
0.3282904 0.3752763 0.2964333 
0.3170857 0.3630936 0.3198207 
0.3725132 0.3369795 0.2905074 
0.2694332 0.4347009 0.2958658 
0.3277907 0.3038384 0.3683709 
0.311133 0.3727112 0.3161557 
0.2476494 0.3896151 0.3627355 
0.2194057 0.4388509 0.3417434 
0.2951743 0.4387895 0.2660362 
0.2506927 0.4716542 0.277653 
0.270678 0.4733625 0.2559595 
0.3718683 0.3112868 0.316845 
0.3296268 0.3929593 0.2774139 
0.359049 0.4029721 0.2379788 
0.204512 0.4741249 0.321363 
0.3430403 0.3950498 0.26191 
0.2573496 0.4815887 0.2610617 
0.4074121 0.3739023 0.2186856 
0.4393768 0.3313811 0.2292421 
0.3337363 0.4409118 0.2253518 
0.2746158 0.4438142 0.28157 
0.2783379 0.4003749 0.3212871 
0.3696139 0.4013789 0.2290072 
0.2782268 0.4056448 0.3161284 
0.323342 0.3754693 0.3011886 
0.3029671 0.4350904 0.2619425 
0.2877447 0.4671487 0.2451066 
0.2674495 0.4177674 0.3147831 
0.3110362 0.3621057 0.3268581 
0.3320586 0.4287848 0.2391566 
0.2909069 0.4644242 0.2446689 
0.31647 0.4202596 0.2632705 
0.3471533 0.3196737 0.333173 
0.324866 0.3482933 0.3268407 
0.2814182 0.4162132 0.3023686 
0.2805121 0.4622682 0.2572197 
0.2957771 0.4417883 0.2624346 
0.3488646 0.4260346 0.2251008 
0.2999681 0.3955367 0.3044952 
0.3414471 0.372993 0.2855599 
0.3375787 0.3857528 0.2766685 
0.2811987 0.4031203 0.315681 
0.2405419 0.4526594 0.3067987 
0.2843678 0.4678319 0.2478004 
0.241559 0.4318075 0.3266335 
0.3769393 0.3402158 0.2828448 
0.2786078 0.3541319 0.3672603 
0.2696596 0.4182213 0.312119 
0.3056007 0.3894536 0.3049457 
0.3462609 0.3571162 0.2966229 
0.2685545 0.4479043 0.2835412 
0.2912228 0.3950632 0.313714 
0.3504785 0.3735117 0.2760099 
0.2951682 0.4420083 0.2628235 
0.2975578 0.4375329 0.2649093 
0.3314112 0.394756 0.2738328 
0.3026402 0.4413227 0.256037 
0.2833212 0.4417589 0.2749199 
0.2818514 0.4441048 0.2740438 
0.384598 0.3959001 0.2195019 
0.3002127 0.4518412 0.2479461 
0.4049955 0.280227 0.3147775 
0.3380298 0.4075712 0.254399 
0.376358 0.4089447 0.2146973 
0.3306996 0.4547491 0.2145512 
0.2549334 0.4999162 0.2451504 
0.390545 0.388314 0.2211409 
0.3527648 0.3718228 0.2754124 
0.341512 0.4290345 0.2294535 
0.359708 0.4090871 0.2312049 
0.2075383 0.5019787 0.290483 
0.2493831 0.4405834 0.3100335 
0.3159736 0.4068345 0.2771919 
0.3203165 0.3624038 0.3172797 
0.3621404 0.3642327 0.2736269 
0.2572064 0.3930509 0.3497427 
0.2917942 0.3340962 0.3741096 
0.3321932 0.476915 0.1908918 
0.3097379 0.4311698 0.2590924 
0.3370537 0.3370097 0.3259365 
0.3110476 0.3972428 0.2917096 
0.3428526 0.386988 0.2701594 
0.2951799 0.4290809 0.2757393 
0.2720812 0.4060737 0.3218451 
0.3293394 0.4525179 0.2181426 
0.2309545 0.5038324 0.2652132 
0.2889579 0.4413984 0.2696438 
0.2826945 0.4507184 0.2665871 
0.3416536 0.3892536 0.2690928 
0.3101462 0.4111525 0.2787013 
0.2808184 0.4350594 0.2841222 
0.32847 0.3826181 0.2889119 
0.2364081 0.4290285 0.3345634 
0.3595582 0.3736871 0.2667547 
0.4050416 0.3695872 0.2253711 
0.3254741 0.4341691 0.2403568 
0.3410028 0.4122326 0.2467646 
0.3122265 0.3994032 0.2883703 
0.3944609 0.3356825 0.2698566 
0.3465615 0.3836871 0.2697513 
0.2417552 0.4497189 0.3085259 
0.2549626 0.4787459 0.2662915 
0.2569096 0.4385912 0.3044991 
0.3515075 0.4667641 0.1817284 
0.3120467 0.4506459 0.2373075 
0.2715016 0.4706475 0.2578509 
0.3015268 0.4007785 0.2976948 
0.2204628 0.4500126 0.3295246 
0.3521556 0.3740636 0.2737808 
0.2855023 0.4091935 0.3053043 
0.3436528 0.3382349 0.3181123 
0.2977847 0.3907213 0.311494 
0.3275724 0.4257358 0.2466919 
0.3585487 0.3645426 0.2769088 
0.3455904 0.4477382 0.2066714 
0.2455547 0.4832645 0.2711808 
0.2585705 0.4390578 0.3023717 
0.2687429 0.3923424 0.3389148 
0.3683916 0.3898945 0.2417138 
0.3175623 0.3818124 0.3006253 
0.3109248 0.31818 0.3708952 
0.3695559 0.355686 0.2747581 
0.2579783 0.5402266 0.2017951 
0.2214471 0.41009 0.3684628 
0.3398717 0.4206174 0.2395109 
0.3731806 0.3866927 0.2401266 
0.3065187 0.3700606 0.3234207 
0.3661223 0.382996 0.2508816 
0.3218703 0.40135 0.2767796 
0.2480015 0.4653981 0.2866004 
0.2942299 0.4366299 0.2691403 
0.3765909 0.3240887 0.2993204 
0.3154888 0.4268511 0.2576601 
0.4086589 0.3535828 0.2377583 
0.2470631 0.514156 0.2387809 
0.3516709 0.3676613 0.2806678 
0.2427619 0.5100464 0.2471917 
0.247237 0.43725 0.315513 
0.2699307 0.4317623 0.298307 
0.2557083 0.4007427 0.343549 
0.3210636 0.3406761 0.3382603 
0.3792574 0.347456 0.2732866 
0.3157278 0.4154084 0.2688639 
0.3303156 0.4422233 0.227461 
0.2944617 0.3592348 0.3463034 
0.2923953 0.3947628 0.3128419 
0.3262048 0.3401321 0.3336631 
0.3317572 0.3899215 0.2783213 
0.2930901 0.3770797 0.3298302 
0.3556892 0.3290077 0.3153031 
0.3165429 0.3843669 0.2990902 
0.3635956 0.3656905 0.2707139 
0.2663302 0.4487209 0.2849489 
0.2306726 0.4512138 0.3181135 
0.300834 0.4688406 0.2303254 
0.3385162 0.3073575 0.3541263 
0.2620061 0.410165 0.3278289 
0.2848977 0.4761592 0.2389431 
0.2631186 0.3732239 0.3636575 
0.3366533 0.4007859 0.2625608 
0.3104194 0.3645741 0.3250065 
0.2707853 0.3418889 0.3873259 
0.4277685 0.3806107 0.1916208 
0.2819942 0.4523632 0.2656427 
0.3153039 0.4144078 0.2702883 
0.3424595 0.4266805 0.2308599 
0.3501329 0.3620214 0.2878457 
0.3456893 0.3683107 0.286 
0.2891962 0.4266814 0.2841224 
0.3103064 0.4365717 0.2531219 
0.2984743 0.4687834 0.2327423 
0.1992482 0.4199891 0.3807627 
0.3205211 0.3632305 0.3162484 
0.294747 0.4004554 0.3047976 
0.335465 0.403581 0.260954 
0.3804343 0.2955924 0.3239732 
0.2718943 0.3788508 0.3492549 
0.2745338 0.4496954 0.2757708 
0.3207963 0.4306138 0.2485898 
0.3305928 0.3830478 0.2863594 
0.3251759 0.4027364 0.2720877 
0.3326668 0.3826204 0.2847128 
0.3235047 0.393254 0.2832413 
0.31411 0.3710995 0.3147905 
0.32986 0.4118658 0.2582742 
0.3351725 0.4097142 0.2551133 
0.2401853 0.414822 0.3449927 
0.3030578 0.491653 0.2052892 
0.3624144 0.3880847 0.2495009 
0.2692628 0.4784862 0.252251 
0.3706488 0.3417306 0.2876206 
0.2443083 0.3678867 0.387805 
0.3411477 0.3186988 0.3401534 
0.3769707 0.3736102 0.2494191 
0.2933394 0.4367158 0.2699447 
0.3476734 0.4298017 0.2225249 
0.3126349 0.4318801 0.2554851 
0.2344298 0.4352068 0.3303633 
0.288119 0.3961443 0.3157367 
0.2675024 0.4795974 0.2529002 
0.2813512 0.390167 0.3284817 
0.3473221 0.4125019 0.240176 
0.2683018 0.4833509 0.2483472 
0.3724234 0.3517249 0.2758518 
0.3132714 0.4218474 0.2648812 
0.3502305 0.3771985 0.272571 
0.3001469 0.4225801 0.2772731 
0.3371049 0.4044563 0.2584387 
0.2878455 0.4628553 0.2492992 
0.312667 0.3271436 0.3601895 
0.3121167 0.4239287 0.2639546 
0.3213776 0.4162892 0.2623332 
0.2854394 0.4011309 0.3134297 
0.2603182 0.4668457 0.2728361 
0.3315957 0.4095239 0.2588804 
0.3195627 0.4147663 0.265671 
0.3555573 0.4241869 0.2202558 
0.3365016 0.3495328 0.3139656 
0.3023994 0.3544858 0.3431148 
0.2954244 0.3622034 0.3423722 
0.288011 0.4130342 0.2989548 
0.278562 0.4390286 0.2824094 
0.3142333 0.4219152 0.2638514 
0.372518 0.3130355 0.3144465 
0.3570065 0.4016391 0.2413543 
0.3018578 0.4523747 0.2457675 
0.2855974 0.4242188 0.2901839 
0.2873655 0.4465375 0.2660969 
0.2202361 0.5588429 0.2209209 
0.353635 0.396159 0.250206 
0.257218 0.4332952 0.3094868 
0.2624701 0.4105094 0.3270205 
0.2702284 0.3780777 0.3516939 
0.3080812 0.4218525 0.2700663 
0.3051542 0.3212358 0.37361 
0.2244292 0.5227645 0.2528063 
0.2246129 0.4788908 0.2964963 
0.3186902 0.3921063 0.2892035 
0.3301406 0.3397457 0.3301136 
0.3172544 0.4566561 0.2260894 
0.2677708 0.4240847 0.3081446 
0.3540143 0.3365107 0.309475 
0.3314873 0.3636777 0.3048351 
0.2958161 0.3972526 0.3069313 
0.3098594 0.4270545 0.2630861 
0.3461578 0.397989 0.2558532 
0.2521496 0.3936107 0.3542397 
0.3060578 0.3895826 0.3043596 
0.298736 0.4080728 0.2931913 
0.2972793 0.4568438 0.2458769 
0.3093916 0.3987431 0.2918653 
0.3186555 0.3194132 0.3619314 
0.3466291 0.2934434 0.3599275 
0.3371407 0.4430534 0.219806 
0.2400043 0.4358039 0.3241918 
0.320737 0.4478201 0.2314429 
0.2803503 0.3425459 0.3771038 
0.2137464 0.5255104 0.2607431 
0.2477596 0.5000587 0.2521817 
0.3535122 0.3453578 0.30113 
0.4025264 0.4232887 0.1741849 
0.3126073 0.4681201 0.2192727 
0.3199284 0.4154644 0.2646072 
0.3035352 0.4180211 0.2784437 
0.3175166 0.3303268 0.3521566 
0.3420539 0.4247575 0.2331885 
0.2884352 0.3372353 0.3743295 
0.3449972 0.4334962 0.2215066 
0.2309892 0.495637 0.2733738 
0.3079411 0.3933879 0.298671 
0.3663753 0.3187944 0.3148304 
0.2523536 0.4187316 0.3289148 
0.3086119 0.4685333 0.2228548 
0.2838501 0.4985162 0.2176337 
0.3917683 0.3527182 0.2555135 
0.3622126 0.3559898 0.2817976 
0.2509392 0.4056584 0.3434025 
0.2970104 0.3940152 0.3089744 
0.301206 0.4476634 0.2511307 
0.3548927 0.3894415 0.2556658 
0.24797 0.4720854 0.2799445 
0.3621671 0.3356327 0.3022002 
0.3540369 0.3857045 0.2602586 
0.3767605 0.3696456 0.2535939 
0.243901 0.4738653 0.2822338 
0.3386494 0.4042994 0.2570511 
0.2865845 0.3867704 0.326645 
0.2530391 0.4505298 0.296431 
0.3281685 0.3701677 0.3016638 
0.2847341 0.3608337 0.3544322 
0.3271693 0.3907188 0.2821119 
0.3379333 0.3912074 0.2708593 
0.2354034 0.4551351 0.3094615 
0.335459 0.4153309 0.24921 
0.3705336 0.3866318 0.2428346 
0.3963118 0.4296586 0.1740296 
0.2914146 0.4636487 0.2449368 
0.2384846 0.4515396 0.3099759 
0.2743723 0.436271 0.2893568 
0.391643 0.3738195 0.2345375 
0.3427212 0.3795777 0.2777011 
0.2580095 0.4420585 0.299932 
0.4094008 0.3288662 0.261733 
0.2258979 0.41003 0.364072 
0.4128696 0.3726203 0.2145101 
0.2621981 0.453177 0.2846249 
0.2927823 0.3983239 0.3088938 
0.242269 0.5201411 0.2375899 
0.2808892 0.3931605 0.3259503 
0.3362124 0.3489606 0.314827 
0.3700526 0.3385989 0.2913485 
0.483914 0.2926776 0.2234083 
0.2576278 0.3901008 0.3522714 
0.2870558 0.4583069 0.2546373 
0.2273904 0.5175677 0.2550419 
0.3055783 0.4157408 0.2786809 
0.3593601 0.3809828 0.2596571 
0.3360297 0.381538 0.2824323 
0.2524915 0.3616949 0.3858136 
0.345643 0.405733 0.248624 
0.2515846 0.4106358 0.3377796 
0.2748592 0.3670323 0.3581084 
0.3239405 0.3622496 0.3138099 
0.3578566 0.3580319 0.2841115 
0.2941319 0.4543805 0.2514877 
0.3925992 0.3755763 0.2318245 
0.3658058 0.3908206 0.2433735 
0.2813264 0.4156178 0.3030558 
0.2958374 0.5038287 0.2003339 
0.310556 0.3144089 0.3750351 
0.3333332 0.3481485 0.3185182 
0.2663158 0.4055264 0.3281578 
0.3294046 0.3721395 0.2984558 
0.3530559 0.407228 0.2397161 
0.3426116 0.4499063 0.2074822 
0.3621676 0.3557713 0.2820611 
0.3130088 0.426503 0.2604882 
0.3437048 0.4346394 0.2216558 
0.3889379 0.3367752 0.2742868 
0.2928161 0.4167476 0.2904363 
0.2350761 0.4841143 0.2808097 
0.2953361 0.4490834 0.2555805 
0.3133902 0.3876863 0.2989235 
0.2350387 0.4836927 0.2812685 
0.3449138 0.3921334 0.2629528 
0.3953541 0.3327869 0.271859 
0.3325757 0.3832826 0.2841417 
0.3440341 0.3895062 0.2664598 
0.2818443 0.455348 0.2628077 
0.3815631 0.3603065 0.2581304 
0.3003275 0.3719602 0.3277123 
0.2340775 0.4842778 0.2816446 
0.2883069 0.3771316 0.3345615 
0.3081152 0.40678 0.2851048 
0.357955 0.4067714 0.2352736 
0.3693051 0.3706444 0.2600505 
0.3330985 0.3605321 0.3063695 
0.3703801 0.3883712 0.2412487 
0.3099532 0.3392569 0.3507899 
0.3688739 0.3524997 0.2786264 
0.2809827 0.4624616 0.2565556 
0.2789725 0.3646376 0.3563899 
0.2312487 0.4164028 0.3523485 
0.2634042 0.4523951 0.2842007 
0.2368957 0.4801319 0.2829724 
0.33807 0.3444001 0.3175299 
0.3092494 0.4431969 0.2475537 
0.2298287 0.4034203 0.366751 
0.3061373 0.4141702 0.2796924 
0.273286 0.4755564 0.2511575 
0.3240614 0.3846905 0.2912481 
0.261684 0.4856888 0.2526272 
0.3214449 0.3658734 0.3126817 
0.4205571 0.291468 0.2879749 
0.2790122 0.4485954 0.2723924 
0.3885388 0.4175278 0.1939335 
0.2387726 0.5315225 0.2297049 
0.3290669 0.4227724 0.2481607 
0.3607547 0.3723122 0.2669331 
0.2956802 0.4583576 0.2459621 
0.3603791 0.4094016 0.2302193 
0.2747789 0.5002906 0.2249305 
0.3157582 0.4137973 0.2704444 
0.2752836 0.3661459 0.3585705 
0.2887241 0.4460275 0.2652484 
0.3550862 0.395255 0.2496587 
0.3720733 0.4033274 0.2245993 
0.4041675 0.387653 0.2081794 
0.2773982 0.3954529 0.327149 
0.2637629 0.3797131 0.356524 
0.3009473 0.4010141 0.2980387 
0.3127393 0.3533405 0.3339202 
0.3150735 0.4390085 0.245918 
0.3628494 0.3592754 0.2778752 
0.2725021 0.4386642 0.2888337 
0.3248785 0.3714348 0.3036867 
0.3351576 0.4208847 0.2439577 
0.2402053 0.4528031 0.3069916 
0.2958651 0.3683846 0.3357504 
0.3388915 0.3479105 0.3131979 
0.386206 0.4190044 0.1947895 
0.384948 0.2915761 0.3234759 
0.277561 0.4705427 0.2518962 
0.2932035 0.4158161 0.2909804 
0.3720828 0.3784222 0.249495 
0.3318297 0.3560515 0.3121188 
0.3578256 0.3078543 0.3343202 
0.2805425 0.4675898 0.2518676 
0.3452869 0.3558235 0.2988896 
0.3091868 0.4301485 0.2606647 
0.3376678 0.390151 0.2721811 
0.2826136 0.4370324 0.280354 
0.3438899 0.4039492 0.2521609 
0.2194361 0.4593203 0.3212436 
0.3054597 0.3179695 0.3765709 
0.2593283 0.4426172 0.2980544 
0.3399273 0.3729823 0.2870905 
0.3134392 0.4159037 0.270657 
0.3224171 0.445819 0.2317638 
0.266591 0.3665776 0.3668314 
0.3006318 0.418127 0.2812412 
0.3306504 0.3628617 0.3064879 
0.2319457 0.5054123 0.262642 
0.2846639 0.3974265 0.3179096 
0.3123003 0.3666148 0.3210849 
0.2616425 0.4388454 0.2995121 
0.3546228 0.3493601 0.296017 
0.3362877 0.3976655 0.2660468 
0.256397 0.4392329 0.3043701 
0.3058161 0.423078 0.2711059 
0.3666737 0.3892614 0.2440649 
0.2683901 0.4226848 0.3089252 
0.3665215 0.3371875 0.296291 
0.35041 0.3871322 0.2624578 
0.3445561 0.3839506 0.2714933 
0.3407645 0.3490358 0.3101996 
0.3166655 0.3708057 0.3125289 
0.3676953 0.3604281 0.2718766 
0.335336 0.4634038 0.2012602 
0.3583239 0.4171175 0.2245585 
0.3115472 0.4531696 0.2352832 
0.2387475 0.4661018 0.2951507 
0.2796843 0.462628 0.2576877 
0.3017634 0.3906553 0.3075812 
0.3210273 0.4543436 0.2246292 
0.2882539 0.4151228 0.2966233 
0.2957161 0.4772231 0.2270608 
0.2517795 0.4463136 0.3019069 
0.2982701 0.4370217 0.2647082 
0.2508489 0.4745103 0.2746408 
0.344397 0.3844422 0.2711609 
0.3196882 0.3573983 0.3229135 
0.3681445 0.3976784 0.2341771 
0.3028658 0.3518581 0.3452761 
0.3124302 0.437246 0.2503238 
0.2891433 0.4760848 0.2347719 
0.3017372 0.3539176 0.3443451 
0.2945394 0.4217576 0.283703 
0.2925082 0.3607363 0.3467555 
0.3634863 0.3454824 0.2910313 
0.2903057 0.4558108 0.2538835 
0.3455411 0.4187468 0.2357122 
0.3002426 0.3648925 0.3348649 
0.2551348 0.434147 0.3107182 
0.2612955 0.4525662 0.2861383 
0.3615622 0.3888931 0.2495447 
0.3264647 0.3770864 0.2964488 
0.315516 0.410471 0.274013 
0.2923864 0.4708126 0.236801 
0.33405 0.3796796 0.2862704 
0.2318783 0.5074307 0.2606911 
0.4456458 0.3860255 0.1683287 
0.3334434 0.3407068 0.3258498 
0.277126 0.4558191 0.267055 
0.2738093 0.4121496 0.3140411 
0.2929108 0.3974582 0.309631 
0.2823372 0.416877 0.3007858 
0.2763765 0.3890994 0.3345241 
0.2731577 0.3841862 0.3426561 
0.2797518 0.3705235 0.3497247 
0.2530731 0.4560702 0.2908567 
0.317371 0.3651525 0.3174765 
0.2455688 0.4507005 0.3037306 
0.2685804 0.3848476 0.3465721 
0.2766491 0.457189 0.266162 
0.3118323 0.4762068 0.2119609 
0.3436349 0.3796765 0.2766885 
0.3175215 0.4467616 0.2357169 
0.2889036 0.5254747 0.1856217 
0.3446214 0.3548093 0.3005693 
0.3221502 0.3551952 0.3226546 
0.3018247 0.3785044 0.3196709 
0.347079 0.3069254 0.3459956 
0.3079234 0.3873364 0.3047402 
0.2759295 0.3311879 0.3928826 
0.3441681 0.4028602 0.2529716 
0.3656249 0.3700055 0.2643696 
0.3948674 0.3712243 0.2339083 
0.2771003 0.469085 0.2538146 
0.3031502 0.4034026 0.2934472 
0.3037923 0.4340888 0.262119 
0.257468 0.4479194 0.2946125 
0.2780659 0.4113707 0.3105634 
0.2437845 0.3946739 0.3615417 
0.3303195 0.4214195 0.2482611 
0.2522913 0.4721428 0.2755659 
0.3199574 0.4287905 0.2512521 
0.3975687 0.3771352 0.2252961 
0.2713616 0.3842529 0.3443855 
0.3442999 0.3976939 0.2580062 
0.3634722 0.3503741 0.2861537 
0.3522519 0.3662187 0.2815294 
0.3351306 0.4107432 0.2541262 
0.3157472 0.4212126 0.2630402 
0.2826315 0.4227254 0.2946432 
0.3548433 0.3505382 0.2946185 
0.3624945 0.3630814 0.2744241 
0.3525812 0.4647226 0.1826961 
0.2863051 0.4488254 0.2648695 
0.274466 0.5261204 0.1994136 
0.2848811 0.4088395 0.3062794 
0.3404229 0.4520959 0.2074813 
0.2876471 0.408551 0.3038019 
0.3532189 0.3895821 0.2571989 
0.3921898 0.379602 0.2282083 
0.2655485 0.3913478 0.3431036 
0.2610507 0.4962705 0.2426788 
0.2571534 0.4370273 0.3058193 
0.2594556 0.4910511 0.2494933 
0.2989422 0.4059972 0.2950606 
0.220275 0.469231 0.310494 
0.3646637 0.3855503 0.2497859 
0.3036776 0.4027829 0.2935396 
0.2705287 0.4937405 0.2357309 
0.368017 0.4246666 0.2073164 
0.3934669 0.3533569 0.2531762 
0.324821 0.339174 0.336005 
0.2620348 0.4786331 0.2593321 
0.330108 0.4042164 0.2656756 
0.3768825 0.3576597 0.2654578 
0.3114339 0.3567797 0.3317863 
0.3247808 0.372589 0.3026302 
0.3141064 0.4102973 0.2755963 
0.3532423 0.4141687 0.232589 
0.2639209 0.3618771 0.374202 
0.2605726 0.4671424 0.272285 
0.2509905 0.4056646 0.3433449 
0.2310379 0.3603536 0.4086085 
0.1612906 0.501695 0.3370143 
0.2963171 0.4275357 0.2761471 
0.409586 0.3368899 0.2535241 
0.3540915 0.3225528 0.3233557 
0.3258228 0.383817 0.2903603 
0.2765842 0.4696074 0.2538084 
0.3145267 0.4596499 0.2258234 
0.3561301 0.3768644 0.2670054 
0.3609409 0.4095157 0.2295434 
0.3506029 0.3678302 0.2815669 
0.3087501 0.4556795 0.2355704 
0.2919859 0.4137684 0.2942456 
0.3391722 0.3972121 0.2636156 
0.3224876 0.4210191 0.2564932 
0.3160441 0.4033186 0.2806374 
0.3123165 0.4266223 0.2610612 
0.2375778 0.5370321 0.2253901 
0.2076977 0.4931343 0.299168 
0.3157385 0.3379078 0.3463537 
0.2475882 0.4406652 0.3117466 
0.3528839 0.4174366 0.2296795 
0.2778965 0.4771516 0.2449519 
0.3205688 0.4213865 0.2580447 
0.3972718 0.350732 0.2519962 
0.2729979 0.4570892 0.2699129 
0.278089 0.4036855 0.3182255 
0.4208977 0.3377521 0.2413503 
0.3278289 0.3612567 0.3109144 
0.3761072 0.3584037 0.2654891 
0.3497788 0.2870394 0.3631819 
0.259765 0.3895759 0.3506591 
0.3089138 0.4098017 0.2812845 
0.2307121 0.4269111 0.3423768 
0.3730333 0.2975479 0.3294188 
0.3333042 0.379744 0.2869518 
0.3835708 0.2923379 0.3240913 
0.302538 0.3656326 0.3318294 
0.2967811 0.4312519 0.271967 
0.3128275 0.3760594 0.3111131 
0.2761007 0.4415561 0.2823432 
0.2854676 0.4293069 0.2852255 
0.2128265 0.4434721 0.3437015 
0.285634 0.3254527 0.3889133 
0.2975737 0.4586752 0.2437511 
0.2903108 0.4586691 0.2510201 
0.27037 0.4641192 0.2655109 
0.3440951 0.4041804 0.2517245 
0.2906009 0.4281358 0.2812634 
0.2992754 0.4528723 0.2478523 
0.2670562 0.3982103 0.3347335 
0.3416894 0.4086373 0.2496733 
0.3005207 0.430849 0.2686303 
0.3259359 0.4602906 0.2137735 
0.3673111 0.4097159 0.2229729 
0.3589275 0.3608011 0.2802715 
0.2676362 0.4230311 0.3093327 
0.2703464 0.4257288 0.3039248 
0.2497068 0.4962648 0.2540284 
0.3286103 0.3587861 0.3126037 
0.2680878 0.3714395 0.3604727 
0.312573 0.4839967 0.2034303 
0.3173028 0.4744768 0.2082205 
0.2699055 0.4689519 0.2611425 
0.3063506 0.3701517 0.3234978 
0.2825314 0.4550434 0.2624252 
0.3294831 0.4063136 0.2642033 
0.3328353 0.4163968 0.2507679 
0.2882063 0.4309096 0.2808841 
0.2693439 0.4131052 0.3175509 
0.2875761 0.3529743 0.3594496 
0.340756 0.4560535 0.2031905 
0.3239286 0.4503419 0.2257295 
0.3191818 0.4044657 0.2763526 
0.3257421 0.4838373 0.1904205 
0.2559039 0.4810946 0.2630016 
0.2683972 0.4190214 0.3125814 
0.3037484 0.4579422 0.2383094 
0.362303 0.3512803 0.2864168 
0.2219065 0.4172758 0.3608177 
0.3026925 0.3777932 0.3195143 
0.2429749 0.4481664 0.3088587 
0.293049 0.4504447 0.2565063 
0.2968363 0.4509596 0.2522041 
0.2495437 0.490175 0.2602813 
0.3230775 0.412095 0.2648275 
0.3172335 0.4058132 0.2769533 
0.3262468 0.3699605 0.3037927 
0.299575 0.3836452 0.3167797 
0.3382731 0.4491911 0.2125358 
0.3266276 0.3810264 0.292346 
0.262727 0.3979866 0.3392864 
0.2686017 0.3793137 0.3520847 
0.2573289 0.4597473 0.2829237 
0.3968044 0.3344552 0.2687404 
0.3855973 0.3473342 0.2670686 
0.3232745 0.3835538 0.2931718 
0.4019267 0.3099289 0.2881444 
0.3439491 0.3303043 0.3257466 
0.2831984 0.3825786 0.334223 
0.3102544 0.4381874 0.2515581 
0.3025655 0.3296421 0.3677924 
0.3057375 0.4389405 0.2553219 
0.4711702 0.2948545 0.2339753 
0.3500984 0.3466238 0.3032778 
0.2709447 0.452939 0.2761163 
0.3047085 0.4407709 0.2545205 
0.3415491 0.3892442 0.2692067 
0.2859853 0.3912082 0.3228065 
0.3791475 0.3811835 0.2396691 
0.2471479 0.4682357 0.2846164 
0.2738355 0.4703268 0.2558377 
0.2544469 0.4710747 0.2744784 
0.3475855 0.3128608 0.3395537 
0.3537041 0.3990227 0.2472733 
0.3240151 0.4361638 0.2398211 
0.2638666 0.5325045 0.203629 
0.2582165 0.4651316 0.2766519 
0.2891318 0.4610557 0.2498125 
0.2455899 0.4002564 0.3541537 
0.2452104 0.4119659 0.3428237 
0.385215 0.3560001 0.2587849 
0.2726018 0.4674345 0.2599637 
0.2911367 0.3898186 0.3190448 
0.2858283 0.3949895 0.3191822 
0.3893064 0.3160712 0.2946224 
0.2426032 0.4708983 0.2864984 
0.2793321 0.442659 0.2780089 
0.2735437 0.4867569 0.2396994 
0.3152044 0.4447242 0.2400714 
0.3024632 0.3712475 0.3262893 
0.3056732 0.404887 0.2894398 
0.3218124 0.4687613 0.2094262 
0.3193541 0.4062623 0.2743837 
0.2736393 0.4271264 0.2992343 
0.4009677 0.3519115 0.2471209 
0.2538804 0.4106494 0.3354702 
0.2164753 0.4353674 0.3481572 
0.3379876 0.4848312 0.1771812 
0.357317 0.4442935 0.1983895 
0.2223585 0.4555206 0.3221209 
0.2961069 0.3980713 0.3058218 
0.3133605 0.4039187 0.2827207 
0.4015435 0.3843409 0.2141156 
0.2804015 0.3848406 0.3347579 
0.2765849 0.3427402 0.3806749 
0.3725159 0.3802663 0.2472177 
0.3774849 0.4133266 0.2091885 
0.3226565 0.3657072 0.3116363 
0.3284043 0.3121141 0.3594817 
0.245304 0.3669561 0.3877399 
0.3604001 0.3468359 0.292764 
0.2458445 0.4994168 0.2547387 
0.3020488 0.3875586 0.3103925 
0.3140208 0.4223004 0.2636788 
0.392384 0.3719311 0.2356849 
0.2519143 0.4746388 0.2734469 
0.253869 0.4561387 0.2899923 
0.2687478 0.4263893 0.3048629 
0.3658806 0.3971028 0.2370167 
0.343071 0.3922973 0.2646317 
0.2772824 0.474668 0.2480496 
0.2404115 0.463448 0.2961405 
0.3189846 0.4347282 0.2462873 
0.2860622 0.5119887 0.2019491 
0.3627538 0.3951185 0.2421277 
0.322976 0.4527432 0.2242809 
0.2420677 0.5031074 0.2548248 
0.336332 0.4632417 0.2004263 
0.2295397 0.4675629 0.3028974 
0.3636623 0.3626413 0.2736964 
0.2269085 0.4506795 0.322412 
0.2227949 0.4583946 0.3188104 
0.2025992 0.4681359 0.3292649 
0.3024058 0.3675913 0.3300028 
0.3139577 0.4346603 0.251382 
0.4100714 0.41223 0.1776986 
0.3838998 0.3016317 0.3144686 
0.3608361 0.3395503 0.2996137 
0.2909815 0.3869199 0.3220986 
0.2679591 0.4073751 0.3246659 
0.3196825 0.4348551 0.2454625 
0.3039071 0.4456411 0.2504518 
0.3042944 0.3935737 0.3021319 
0.3040593 0.3163722 0.3795685 
0.2773065 0.4103568 0.3123367 
0.2781925 0.4599396 0.2618679 
0.2836551 0.4247859 0.291559 
0.2258055 0.4979968 0.2761978 
0.3581808 0.4470102 0.194809 
0.3034087 0.4807618 0.2158295 
0.1880224 0.3916251 0.4203524 
0.2356189 0.4386438 0.3257373 
0.272793 0.4718468 0.2553602 
0.3093717 0.3629436 0.3276847 
0.3289691 0.3495231 0.3215078 
0.2639622 0.4376716 0.2983662 
0.233322 0.4530123 0.3136657 
0.2605838 0.3732461 0.3661701 
0.3228881 0.4108576 0.2662543 
0.2974257 0.4646739 0.2379004 
0.3523503 0.3580935 0.2895562 
0.2907875 0.4514706 0.2577418 
0.3308848 0.4378269 0.2312883 
0.328758 0.4443517 0.2268903 
0.2832456 0.4515528 0.2652015 
0.2451882 0.4622737 0.2925381 
0.3207415 0.3098351 0.3694234 
0.2629372 0.4038734 0.3331894 
0.2821998 0.4472514 0.2705487 
0.2600625 0.4901237 0.2498138 
0.3229775 0.4133866 0.2636359 
0.3834136 0.3732159 0.2433705 
0.2433244 0.4935235 0.2631521 
0.2747948 0.4481263 0.2770789 
0.3226747 0.4380719 0.2392534 
0.3166348 0.430682 0.2526832 
0.3693256 0.3522961 0.2783783 
0.3603239 0.3782535 0.2614227 
0.2611352 0.483692 0.2551728 
0.3424337 0.3485592 0.3090072 
0.3823136 0.3551063 0.2625801 
0.2395485 0.4256119 0.3348397 
0.2853836 0.3518221 0.3627943 
0.2590921 0.4839423 0.2569656 
0.2866279 0.4312949 0.2820772 
0.2565421 0.4582839 0.285174 
0.326155 0.3885302 0.2853149 
0.3143405 0.4025659 0.2830936 
0.3933169 0.3907811 0.215902 
0.3051382 0.4436509 0.2512109 
0.2972092 0.4426246 0.2601663 
0.25285 0.4788676 0.2682825 
0.2953402 0.3992628 0.305397 
0.2906732 0.4009657 0.3083611 
0.2629535 0.4951586 0.241888 
0.2488929 0.4850581 0.266049 
0.2612968 0.4989609 0.2397423 
0.3260539 0.4124284 0.2615177 
0.3787302 0.4203334 0.2009364 
0.2814877 0.349296 0.3692163 
0.2987429 0.3595993 0.3416578 
0.2909855 0.4897974 0.2192171 
0.3293455 0.4231716 0.247483 
0.3440909 0.4231489 0.2327602 
0.3269101 0.3389761 0.3341138 
0.291832 0.3523775 0.3557904 
0.2924621 0.4848726 0.2226652 
0.3575541 0.3910534 0.2513925 
0.2726979 0.4182207 0.3090815 
0.3657088 0.3545783 0.2797129 
0.2026658 0.4541875 0.3431467 
0.3209718 0.3803988 0.2986294 
0.3471321 0.3790006 0.2738672 
0.3585998 0.4007571 0.2406431 
0.297787 0.4094561 0.2927569 
0.2881035 0.4364665 0.27543 
0.3247015 0.4182951 0.2570034 
0.2573849 0.4003196 0.3422955 
0.2028415 0.4555207 0.3416378 
0.3149497 0.4045075 0.2805428 
0.347845 0.3853132 0.2668418 
0.3680322 0.3913611 0.2406067 
0.3340006 0.4254446 0.2405548 
0.285776 0.3841837 0.3300403 
0.3423765 0.3568344 0.3007891 
0.3266845 0.379426 0.2938894 
0.2732904 0.4643566 0.262353 
0.3057293 0.486893 0.2073777 
0.3269558 0.4280273 0.2450169 
0.27073 0.4218912 0.3073789 
0.3282033 0.4028354 0.2689613 
0.293496 0.4620477 0.2444563 
0.2864244 0.4157428 0.2978327 
0.2440048 0.3825738 0.3734214 
0.2619889 0.478934 0.2590771 
0.2970602 0.3878791 0.3150607 
0.2895792 0.4690792 0.2413415 
0.3128036 0.3724521 0.3147444 
0.3493121 0.3847564 0.2659315 
0.3299479 0.4298751 0.240177 
0.2604631 0.4162684 0.3232685 
0.3592936 0.3427756 0.2979308 
0.2012399 0.3940126 0.4047475 
0.2919168 0.4364417 0.2716415 
0.3256901 0.3607066 0.3136034 
0.3366192 0.4664784 0.1969024 
0.2291287 0.4853158 0.2855554 
0.2819288 0.4580516 0.2600195 
0.3287317 0.2880505 0.3832178 
0.31894 0.4622027 0.2188573 
0.3294955 0.4240992 0.2464053 
0.3423283 0.3566441 0.3010276 
0.350244 0.4232979 0.226458 
0.2875991 0.4270326 0.2853683 
0.3552834 0.3592724 0.2854442 
0.303722 0.4298193 0.2664588 
0.284994 0.3734311 0.3415749 
0.3225928 0.3576523 0.3197549 
0.3172964 0.400198 0.2825056 
0.2866603 0.4415824 0.2717572 
0.2869749 0.4281019 0.2849233 
0.3922267 0.3676187 0.2401546 
0.3135667 0.3792924 0.3071409 
0.3411739 0.3492919 0.3095342 
0.323809 0.4214242 0.2547668 
0.3758009 0.4005147 0.2236844 
0.3581022 0.3681406 0.2737572 
0.3203124 0.4443713 0.2353164 
0.3306116 0.3987755 0.2706129 
0.3059901 0.4579853 0.2360245 
0.3040659 0.4089031 0.2870309 
0.36521 0.417561 0.217229 
0.2947325 0.3438667 0.3614008 
0.3383589 0.4080048 0.2536363 
0.2257569 0.4544544 0.3197887 
0.3033156 0.4415254 0.255159 
0.3295124 0.3593096 0.3111781 
0.237142 0.4732815 0.2895766 
0.2864247 0.4800543 0.2335211 
0.2360166 0.5162103 0.2477731 
0.3026934 0.3683276 0.3289789 
0.3397973 0.3946767 0.265526 
0.3063406 0.4655693 0.2280901 
0.2312013 0.4299024 0.3388963 
0.3616844 0.3119389 0.3263768 
0.3353852 0.4607625 0.2038522 
0.3226637 0.4280365 0.2492998 
0.297088 0.4010643 0.3018477 
0.2685521 0.3868301 0.3446178 
0.2595299 0.3978245 0.3426456 
0.3305298 0.3647649 0.3047053 
0.3757507 0.4053939 0.2188555 
0.199667 0.5155774 0.2847556 
0.3496894 0.3721173 0.2781933 
0.3521682 0.3879629 0.2598689 
0.3291646 0.376031 0.2948044 
0.3402757 0.4459067 0.2138176 
0.3587282 0.385039 0.2562328 
0.3805518 0.3362818 0.2831664 
0.3448259 0.3269197 0.3282544 
0.2191078 0.412782 0.3681102 
0.2529022 0.4229274 0.3241704 
0.2728404 0.4059411 0.3212185 
0.2639144 0.4892172 0.2468684 
0.2342881 0.4337835 0.3319284 
0.240528 0.4296628 0.3298092 
0.2539149 0.4670739 0.2790112 
0.2605966 0.3583155 0.3810879 
0.4365831 0.3388916 0.2245253 
0.2317079 0.4105701 0.357722 
0.3233673 0.412723 0.2639098 
0.3052714 0.3887129 0.3060157 
0.4175349 0.3589241 0.223541 
0.2286279 0.4604601 0.310912 
0.341514 0.3941988 0.2642872 
0.2825143 0.499781 0.2177047 
0.3685258 0.330773 0.3007011 
0.3431733 0.3436075 0.3132192 
0.2572601 0.4402129 0.302527 
0.3298978 0.4273106 0.2427916 
0.3513462 0.3910921 0.2575617 
0.287884 0.4357348 0.2763813 
0.2689285 0.4217087 0.3093628 
0.1854984 0.4901049 0.3243967 
0.2921392 0.2829348 0.424926 
0.3034454 0.4297592 0.2667954 
0.2649042 0.3644652 0.3706306 
