p_1 p_2 p_3 p_4 
0.0681585 0.7156009 0.172089 0.04415165 
0.01644243 0.7748888 0.172087 0.03658181 
0.03488229 0.7484972 0.1064306 0.1101899 
0.0769953 0.8415732 0.007252213 0.07417927 
0.1645304 0.6946422 0.009426647 0.1314008 
0.1257011 0.802345 0.0334205 0.03853344 
0.0991459 0.8004332 0.08948635 0.01093452 
0.1515305 0.8092409 0.03549754 0.003731095 
0.07896923 0.7912847 0.1010858 0.02866026 
0.1080947 0.7791905 0.09277077 0.0199441 
0.09544629 0.8113312 0.04895003 0.04427249 
0.1035883 0.7676812 0.05459501 0.07413544 
0.1597904 0.7079756 0.1156238 0.01661027 
0.03517144 0.842291 0.04255957 0.07997799 
0.1577548 0.7289013 0.07932667 0.03401719 
0.1590089 0.7534398 0.0640254 0.02352585 
0.03018973 0.7829206 0.04319684 0.1436928 
0.05203958 0.7438084 0.08643394 0.1177181 
0.05626685 0.8222977 0.06898969 0.05244573 
0.01730707 0.7842104 0.05247767 0.1460049 
0.02411795 0.8032601 0.0232792 0.1493428 
0.04153209 0.826447 0.04736619 0.08465472 
0.05873717 0.7686913 0.04132295 0.1312485 
0.004570518 0.8178336 0.06307432 0.1145216 
0.01966793 0.816619 0.0678976 0.09581542 
0.1199185 0.7432613 0.01350696 0.1233133 
0.03363955 0.7392373 0.08762791 0.1394952 
0.07683885 0.7876356 0.04079147 0.09473409 
0.04219052 0.7795295 0.02901867 0.1492614 
0.102588 0.7435969 0.1326163 0.02119885 
0.02397843 0.8548484 0.08606944 0.03510377 
0.06761247 0.7843218 0.1352433 0.01282235 
0.09844821 0.6767821 0.202517 0.0222527 
0.0424376 0.8174923 0.133312 0.006758086 
0.08998328 0.7800981 0.1195339 0.01038467 
0.0400377 0.8385344 0.06581215 0.05561573 
0.06395999 0.7751578 0.1291718 0.03171038 
0.05681099 0.830513 0.08917275 0.02350328 
0.05321221 0.7609008 0.1515537 0.03433327 
0.04458864 0.8174769 0.1285301 0.009404319 
0.08493874 0.7557165 0.1313626 0.02798218 
0.08367366 0.73103 0.1559224 0.02937397 
0.05878733 0.8237304 0.09711622 0.02036602 
0.04940602 0.7915882 0.139868 0.0191378 
0.06864519 0.775673 0.1465329 0.009148835 
0.05915471 0.7865193 0.1334187 0.02090727 
0.03919209 0.8096513 0.1286438 0.02251289 
0.0473668 0.8039385 0.1378605 0.01083419 
0.0561171 0.7805147 0.07016654 0.09320169 
0.03849627 0.8363412 0.03452184 0.09064068 
0.08274497 0.8114966 0.00977611 0.09598234 
0.01793723 0.792703 0.01997678 0.169383 
0.04742354 0.8100506 0.002852073 0.1396738 
0.06778196 0.787098 0.01795297 0.1271671 
0.04319321 0.7689025 0.004548112 0.1833562 
0.1014962 0.7961165 0.001181678 0.1012056 
0.06015523 0.7453263 0.03814969 0.1563688 
0.0486869 0.7754374 0.08799613 0.08787955 
0.0359445 0.8476829 0.01422239 0.1021502 
0.04303076 0.7922259 0.03376699 0.1309763 
0.0398104 0.8061084 0.007317303 0.1467639 
0.07572154 0.7975781 0.01797301 0.1087273 
0.03366656 0.7657696 0.04641927 0.1541446 
0.03779493 0.7788808 0.03048673 0.1528376 
0.08186682 0.7930392 0.0129035 0.1121905 
0.03483782 0.8076136 0.01548154 0.142067 
0.1141833 0.7381322 0.05183419 0.09585034 
0.06725777 0.8285616 0.01939807 0.08478252 
0.06019329 0.7742569 0.007056815 0.158493 
0.05733903 0.7970681 0.006051428 0.1395415 
0.01332919 0.8083958 0.007199043 0.1710759 
0.01958082 0.8595493 0.0002268289 0.1206431 
0.01606876 0.7922101 0.08259058 0.1091305 
0.06442708 0.7382353 0.1037101 0.09362746 
0.02415118 0.7509885 0.1579011 0.06695927 
0.03550766 0.7528886 0.1278207 0.08378309 
0.03743563 0.7994274 0.07185457 0.09128236 
0.03712505 0.7755761 0.1378304 0.04946843 
0.01646883 0.8394869 0.1138792 0.03016512 
0.01449963 0.8069727 0.1585184 0.02000923 
0.0005662721 0.7739673 0.1133584 0.112108 
0.01004313 0.7880372 0.08401814 0.1179016 
0.07072058 0.7464433 0.08177039 0.1010657 
0.0722202 0.8101677 0.004442318 0.1131698 
0.05973769 0.8098765 0.006235494 0.1241503 
0.06044268 0.7930975 0.03052901 0.1159308 
0.05461227 0.7275106 0.03638003 0.1814971 
0.07359784 0.7898723 0.1322937 0.004236174 
0.06032676 0.7661993 0.1127834 0.06069056 
0.03778712 0.774023 0.1828956 0.005294277 
0.1058315 0.745254 0.1321006 0.01681386 
0.01874191 0.8019758 0.1469004 0.03238192 
0.05858289 0.8498892 0.07697999 0.01454796 
0.01351472 0.7428288 0.1765813 0.06707525 
0.01862126 0.7676253 0.1594637 0.05428969 
0.01807562 0.7508576 0.1300772 0.1009897 
0.1080937 0.708875 0.1040993 0.07893195 
0.02422922 0.7463856 0.1989614 0.03042383 
0.01660504 0.8063625 0.1170033 0.06002916 
0.01091561 0.8585871 0.1053112 0.02518607 
0.001152416 0.7959765 0.08341753 0.1194536 
0.08956338 0.6828291 0.2264125 0.001194963 
0.03166327 0.7253993 0.1518911 0.09104635 
0.00482191 0.7760798 0.1536778 0.0654205 
0.007592683 0.8355073 0.1054415 0.05145849 
0.05930014 0.8054345 0.1348382 0.0004272465 
0.03675498 0.8104656 0.1437921 0.008987392 
0.07078605 0.8067597 0.1014404 0.02101385 
0.05216846 0.7261117 0.129594 0.0921258 
0.03788218 0.8648118 0.08935993 0.007946088 
0.03545822 0.8194751 0.1237399 0.02132678 
0.02164144 0.8038448 0.1497331 0.02478063 
0.05736508 0.8041105 0.1261742 0.01235017 
0.05471932 0.7810157 0.1423166 0.02194837 
0.04071946 0.811568 0.1437344 0.003978054 
0.09318685 0.716706 0.1899881 0.0001190728 
0.1165152 0.7192217 0.1415886 0.02267453 
0.03930503 0.7983841 0.139304 0.02300688 
0.05219625 0.7640226 0.1597298 0.02405135 
0.04389958 0.7795884 0.1752163 0.001295718 
0.06963045 0.7985733 0.1116208 0.02017547 
0.07411043 0.7673512 0.1434822 0.01505619 
0.04267894 0.8129301 0.09414836 0.05024264 
0.12764 0.7343787 0.1274274 0.01055394 
0.07876929 0.8168057 0.10257 0.001855019 
0.04802074 0.7804816 0.1637193 0.007778363 
0.04761257 0.8086158 0.1060409 0.03773067 
0.04350885 0.7227916 0.2271783 0.006521312 
0.02833931 0.8232876 0.1391245 0.009248552 
0.03370353 0.8046227 0.1174909 0.04418284 
0.08246961 0.7958597 0.1042096 0.01746108 
0.06339384 0.7777307 0.1540072 0.004868261 
0.04039942 0.8125262 0.1178963 0.02917804 
0.04066684 0.8184375 0.09678665 0.04410905 
0.01106141 0.8416582 0.1361013 0.01117906 
0.06674274 0.8146837 0.1049567 0.01361686 
0.0412959 0.7637075 0.0761549 0.1188417 
0.06028916 0.7449001 0.03525798 0.1595528 
0.05586242 0.830353 0.002014005 0.1117706 
0.06568479 0.8093152 0.006178634 0.1188214 
0.05003977 0.8485652 0.02150545 0.07988957 
0.05750139 0.7420409 0.05100961 0.1494481 
0.04526408 0.7768581 0.05856242 0.1193154 
0.04212398 0.8724211 0.01432995 0.07112499 
0.05343502 0.8073427 0.01809556 0.1211267 
0.005886336 0.8047429 0.08749596 0.1018748 
0.06826682 0.7157552 0.07058814 0.1453898 
0.01183621 0.7459758 0.06918923 0.1729987 
0.01723671 0.7394204 0.1023679 0.140975 
0.01723981 0.7879554 0.06122613 0.1335787 
0.03123016 0.7630608 0.07806428 0.1276448 
0.1191752 0.8260585 0.03851789 0.01624835 
0.1218621 0.7566849 0.1169488 0.00450418 
0.2512504 0.7356011 0.006861107 0.006287395 
0.06625865 0.8414931 0.09052156 0.001726657 
0.01049227 0.7972169 0.1111299 0.08116095 
0.004390394 0.8218207 0.1546562 0.01913278 
0.05531715 0.7256097 0.1155163 0.1035568 
0.009911574 0.7902875 0.1489119 0.05088901 
0.00326016 0.8222983 0.1406897 0.03375181 
0.02709455 0.8450953 0.06824665 0.05956351 
0.02562639 0.7702083 0.1527677 0.05139763 
0.03578577 0.8391293 0.08382737 0.0412576 
0.05591802 0.8073046 0.1089362 0.02784113 
0.01549548 0.8230831 0.1285938 0.03282763 
0.004855038 0.8258916 0.1104809 0.05877238 
0.05715484 0.7808835 0.1078076 0.0541541 
0.03417469 0.7670783 0.1381289 0.06061804 
0.02866534 0.8143524 0.1194847 0.03749754 
0.002022324 0.8072734 0.1300656 0.06063868 
0.03011617 0.7521941 0.1434488 0.07424087 
0.04597673 0.7548354 0.1563638 0.04282405 
0.0098286 0.7907319 0.1406922 0.05874725 
0.01466621 0.8128715 0.1517466 0.0207157 
0.01307604 0.8428215 0.06514842 0.07895406 
0.004073126 0.7058105 0.2006807 0.08943563 
0.07189921 0.7925091 0.1319481 0.003643596 
0.02730675 0.8135299 0.1170268 0.04213656 
0.07999767 0.7920422 0.1156767 0.01228341 
0.06620147 0.7541306 0.1325093 0.04715858 
0.04707896 0.7808779 0.1645578 0.00748533 
0.03128939 0.7851505 0.1404209 0.04313917 
0.04341626 0.8025486 0.1216022 0.03243289 
0.05895859 0.7299952 0.1340348 0.07701141 
0.0888169 0.8031272 0.08245612 0.02559982 
0.05311761 0.7504003 0.1658521 0.03062998 
0.06528664 0.80929 0.1140198 0.01140357 
0.03276012 0.8378542 0.1172132 0.01217247 
0.0945221 0.7726641 0.111606 0.02120772 
0.1372862 0.7314243 0.1023148 0.02897468 
0.057838 0.7708914 0.1170706 0.05419998 
0.04151481 0.7977402 0.1354938 0.02525118 
0.07379112 0.7701193 0.147955 0.008134558 
0.07948661 0.8027929 0.08299127 0.03472922 
0.04212784 0.7919331 0.1342679 0.03167119 
0.007104109 0.7036439 0.2071166 0.08213542 
0.008646358 0.7656373 0.1319804 0.09373595 
0.01351391 0.7868961 0.1023952 0.09719478 
0.0513668 0.8357041 0.06610539 0.04682367 
0.01348611 0.8217039 0.1072598 0.05755026 
0.00727905 0.7784811 0.1411266 0.07311324 
0.01172511 0.7518249 0.1484919 0.08795813 
0.03873006 0.7886609 0.109705 0.06290398 
0.02459748 0.7604568 0.1706324 0.04431329 
0.004634769 0.726421 0.1868597 0.08208451 
0.01305929 0.7795972 0.1532789 0.0540646 
0.03516166 0.7852569 0.1243724 0.05520911 
0.02292152 0.8068824 0.1547009 0.01549512 
0.00644172 0.847265 0.09663338 0.04965987 
0.04409595 0.7351796 0.1170444 0.1036801 
0.009316166 0.8226585 0.127129 0.04089637 
0.08209778 0.874617 0.01053914 0.03274605 
0.1332241 0.7951254 0.001644448 0.07000606 
0.1584068 0.7948794 0.002038966 0.04467484 
0.06246586 0.865372 0.01045837 0.06170377 
0.1479429 0.7781741 0.01039631 0.06348668 
0.1115233 0.7356844 0.00320692 0.1495853 
0.1128199 0.7969594 0.01856901 0.07165165 
0.1519226 0.7369883 0.004430925 0.1066582 
0.1323918 0.7876214 0.001763718 0.07822304 
0.09564289 0.8106262 0.04562576 0.04810516 
0.140124 0.7683608 0.009656389 0.08185881 
0.167515 0.7489049 0.01978515 0.06379492 
0.2061234 0.7183984 0.01745537 0.05802284 
0.1165582 0.759834 0.004140087 0.1194677 
0.1772565 0.7281589 0.05716908 0.03741546 
0.194179 0.7666439 0.001138906 0.03803828 
0.07582228 0.8423289 0.02213335 0.05971546 
0.1363776 0.8280413 0.01499977 0.02058137 
0.1206021 0.8093852 0.01362597 0.05638674 
0.1024608 0.7700833 0.02561079 0.1018451 
0.1246967 0.7999962 0.02491736 0.05038975 
0.1381316 0.779197 0.03426054 0.04841078 
0.113705 0.8363974 0.008325995 0.04157156 
0.1507136 0.7847117 0.0281815 0.03639323 
0.1738145 0.7765083 0.008963796 0.0407134 
0.2186204 0.7044201 0.0003693506 0.07659022 
0.1173983 0.7375807 0.09131009 0.05371084 
0.08510831 0.7972432 0.02453234 0.09311616 
0.1528381 0.8006899 0.01446734 0.03200464 
0.1835642 0.7611062 0.04568636 0.009643213 
0.1738337 0.7709238 0.05032051 0.004921948 
0.1259308 0.7814811 0.07071599 0.02187213 
0.1325299 0.8132039 0.03830999 0.01595622 
0.09048183 0.7981685 0.07900622 0.03234343 
0.1530553 0.7723582 0.06190984 0.01267671 
0.1788726 0.7582662 0.06284983 1.136024e-05 
0.1581145 0.7682099 0.0401585 0.03351712 
0.09332875 0.8444436 0.002476394 0.05975129 
0.09026814 0.734727 0.02543403 0.1495708 
0.1683159 0.730017 0.07851005 0.02315702 
0.13699 0.7682272 0.07171742 0.02306538 
0.1579379 0.7453321 0.09668068 4.932148e-05 
0.1512841 0.7694001 0.04637243 0.03294337 
0.08433126 0.8228444 0.09060166 0.00222271 
0.0006069813 0.8061643 0.0288579 0.1643708 
0.03844235 0.8206201 0.03345521 0.1074824 
0.07810325 0.7200459 0.001025129 0.2008257 
0.01033473 0.8015603 0.07019205 0.1179129 
0.006248028 0.7938265 0.03714383 0.1627816 
0.06010986 0.7355547 0.01661398 0.1877214 
0.06247079 0.7823851 0.01186107 0.143283 
0.02015929 0.7506957 0.08788339 0.1412616 
0.03972504 0.7759019 0.08548689 0.09888615 
0.01598309 0.7302389 0.09940871 0.1543693 
0.01268299 0.7781532 0.0505873 0.1585765 
0.0006070203 0.7783688 0.09199264 0.1290315 
0.0257301 0.767829 0.09273231 0.1137086 
0.04433125 0.7669787 0.1043633 0.08432676 
0.03886163 0.7606721 0.008929639 0.1915367 
0.05720462 0.8238453 0.01864471 0.1003054 
0.07587407 0.769901 0.001029991 0.1531949 
0.08044964 0.7329845 0.002071803 0.184494 
0.06654301 0.7673492 0.01566236 0.1504454 
0.02271934 0.7575909 0.05454442 0.1651453 
0.08205918 0.7967348 0.01167546 0.1095306 
0.04218287 0.813798 0.0301048 0.1139143 
0.05591217 0.8057827 0.01057134 0.1277337 
0.02850476 0.7613013 0.01047932 0.1997146 
0.06017404 0.756787 0.05960599 0.1234329 
0.06803201 0.7907703 0.006980389 0.1342173 
0.06990999 0.7719848 0.004444393 0.1536609 
0.04114581 0.7598331 0.03782702 0.161194 
0.0333733 0.7613419 0.01437011 0.1909147 
0.06994307 0.7955286 0.008452656 0.1260757 
0.05821058 0.8351812 0.02262355 0.0839847 
0.04215328 0.8034073 0.01513675 0.1393026 
0.05010689 0.7767125 0.03548342 0.1376972 
0.1083581 0.7363647 0.1290417 0.02623555 
0.04667537 0.7544927 0.1567459 0.04208599 
0.07679875 0.7825813 0.1402299 0.0003899845 
0.02836741 0.8829774 0.08395471 0.004700464 
0.03738841 0.816352 0.131185 0.01507458 
0.06773383 0.8170961 0.09925937 0.01591068 
0.02937155 0.7673843 0.1836379 0.01960622 
0.06652328 0.8020572 0.07706636 0.05435312 
0.07116492 0.8138723 0.02533249 0.08963025 
0.03454676 0.7144376 0.003862497 0.2471531 
0.03221114 0.7619181 0.005624384 0.2002464 
0.05559822 0.8261511 0.00230188 0.1159488 
0.1123032 0.7900316 0.004850166 0.09281504 
0.04545592 0.8578366 0.03389894 0.06280857 
0.0407928 0.7800874 0.05686653 0.1222533 
0.03767375 0.80852 0.04897641 0.1048299 
0.03647134 0.6892148 0.105552 0.1687619 
0.007129605 0.7953666 0.04592884 0.151575 
0.125175 0.7185465 0.05591773 0.1003607 
0.001981234 0.8261944 0.04793383 0.1238905 
0.04429179 0.7313171 0.05502832 0.1693628 
0.02051689 0.7476169 0.06818482 0.1636814 
0.03365848 0.6972231 0.159605 0.1095134 
0.1199248 0.7070096 0.08012398 0.09294162 
0.05191648 0.8293636 0.01648042 0.1022395 
0.04355391 0.8037353 0.06977947 0.0829313 
0.05718515 0.7143484 0.007291754 0.2211747 
0.04762866 0.7665883 0.01478223 0.1710008 
0.04537015 0.7723741 0.01006016 0.1721956 
0.09055018 0.7716964 0.01405039 0.123703 
0.09508024 0.7202492 0.01208129 0.1725893 
0.05040562 0.7951558 0.00224214 0.1521964 
0.05460998 0.7517755 0.0139861 0.1796284 
0.05319177 0.755314 0.03764604 0.1538482 
0.03214955 0.7689646 0.04300987 0.1558759 
0.05806821 0.7142412 0.01468602 0.2130046 
0.03831405 0.6790836 0.05855241 0.2240499 
0.0608249 0.7760287 0.06254433 0.1006021 
0.07278797 0.8719601 0.007454765 0.04779716 
0.002552233 0.7466736 0.09351863 0.1572556 
0.00525819 0.8326228 0.09915667 0.06296234 
0.06530184 0.6871609 0.1363654 0.1111719 
0.03428924 0.7212351 0.1177447 0.126731 
0.007662617 0.7922076 0.05001065 0.1501191 
0.0001989012 0.7743533 0.07075597 0.1546918 
0.03285679 0.8082625 0.05446002 0.1044207 
0.01358457 0.8168571 0.04881111 0.1207472 
0.01611937 0.8358696 0.0456207 0.1023903 
0.003395915 0.7430182 0.06969252 0.1838934 
0.1021437 0.725067 0.06895899 0.1038303 
0.07143678 0.7171504 0.0625901 0.1488227 
0.05110776 0.742242 0.03800943 0.1686408 
0.06150024 0.6627904 0.01016106 0.2655483 
0.07301036 0.8217898 0.007216097 0.09798377 
0.07216206 0.6437947 0.104456 0.1795872 
0.06732734 0.5707818 0.2236022 0.1382887 
0.181573 0.6359247 0.07166929 0.110833 
0.05916069 0.8008394 0.012051 0.1279489 
0.05401422 0.7819767 0.01439483 0.1496142 
0.09174895 0.7828677 0.01271862 0.1126647 
0.08275522 0.7751342 0.03720265 0.1049079 
0.0386373 0.7897763 0.008799863 0.1627866 
0.05150161 0.7838043 0.01460259 0.1500915 
0.01985572 0.820268 0.002340206 0.1575361 
0.06848595 0.7968625 0.001128449 0.1335231 
0.03451399 0.8141652 0.02770485 0.123616 
0.1051251 0.6995273 0.04799994 0.1473477 
0.07631395 0.7918996 0.01771162 0.1140748 
0.01926433 0.72645 0.131242 0.1230437 
0.03998627 0.8134788 0.0426273 0.1039076 
0.1015146 0.7172543 0.04987878 0.1313524 
0.04027234 0.7716558 0.04984424 0.1382277 
0.02175204 0.7235798 0.0494399 0.2052283 
0.07561343 0.7748344 0.0004817219 0.1490705 
0.1142644 0.7469286 0.02887703 0.10993 
0.07676529 0.7214314 0.03903323 0.1627701 
0.03294856 0.7592987 0.04122575 0.166527 
0.04594302 0.8740492 0.001315211 0.07869253 
0.08194569 0.7944947 0.01821197 0.1053477 
0.1050587 0.7677754 0.04888742 0.07827847 
0.04565941 0.790341 0.0006230926 0.1633765 
0.0465688 0.7858722 0.1416346 0.02592446 
0.018576 0.8160404 0.1072013 0.05818229 
0.01940588 0.759276 0.1286181 0.09269995 
0.01418487 0.7853264 0.1360556 0.06443312 
0.1297399 0.7491776 0.02105839 0.1000241 
0.078414 0.8389097 0.01774114 0.06493519 
0.1164841 0.8087733 0.06890504 0.005837556 
0.1529672 0.7968534 0.03220225 0.01797715 
0.07582195 0.8107914 0.08802743 0.02535926 
0.1409517 0.7912031 0.06145378 0.006391443 
0.1779167 0.7081136 0.09795974 0.01600992 
0.0861764 0.8228899 0.08518592 0.005747767 
0.1839404 0.7549889 0.04508902 0.01598164 
0.1097746 0.7854714 0.1003304 0.004423641 
0.170457 0.711935 0.1023499 0.01525816 
0.1264262 0.8326753 0.03884624 0.002052234 
0.1444345 0.767598 0.06882484 0.01914266 
0.09479564 0.8466147 0.04569754 0.01289215 
0.1850679 0.7915274 0.02231133 0.001093307 
0.1774216 0.7500149 0.0400541 0.03250935 
0.1249151 0.8090724 0.04340449 0.02260802 
0.1809118 0.7535752 0.02496163 0.04055138 
0.1818547 0.7632311 0.04850325 0.006410998 
0.1077671 0.8104253 0.03892003 0.04288749 
0.07839745 0.8609725 0.01555427 0.04507576 
0.2456496 0.7422435 0.005879382 0.006227489 
0.05741599 0.7734649 0.1562402 0.01287891 
0.08387967 0.7616426 0.1379668 0.01651095 
0.02811209 0.7767139 0.08425203 0.110922 
0.07225475 0.8257096 0.1006955 0.00134016 
0.08436897 0.7635117 0.1482554 0.0038639 
0.09595488 0.7220264 0.1514093 0.03060942 
0.05088373 0.7846163 0.1006846 0.06381546 
0.004408892 0.8164873 0.144985 0.03411874 
0.04209606 0.7881844 0.1236838 0.04603575 
0.01300506 0.8352586 0.147326 0.004410284 
0.02736503 0.831355 0.1337941 0.007485837 
0.04141904 0.7819566 0.1731884 0.003436017 
0.05636306 0.813568 0.1287053 0.001363637 
0.06936062 0.7347417 0.1867035 0.009194255 
0.05464925 0.6967313 0.1676284 0.08099102 
0.0126332 0.6986958 0.2040284 0.08464268 
0.01321955 0.7870886 0.1578662 0.0418256 
0.01651352 0.673416 0.2101701 0.09990044 
0.009513352 0.7616487 0.1230387 0.1057992 
0.03807444 0.7412338 0.1546756 0.06601617 
7.910528e-05 0.7897168 0.1598182 0.05038584 
0.03765521 0.7809304 0.08072626 0.1006882 
0.0571188 0.718475 0.2022361 0.02217009 
0.07819585 0.8150448 0.1062559 0.0005034926 
0.05019266 0.7784788 0.1445985 0.02673002 
0.02696716 0.7540878 0.1968545 0.02209053 
0.08445013 0.7619184 0.03092306 0.1227084 
0.05993494 0.836309 0.09772558 0.006030483 
0.1090282 0.7868727 0.09660215 0.007496994 
0.0873415 0.6819272 0.2122948 0.01843646 
0.0735365 0.7969675 0.09715273 0.03234331 
0.03993414 0.76558 0.1863936 0.008092265 
0.03700596 0.7597398 0.166534 0.03672018 
0.05128772 0.7989203 0.1043759 0.04541608 
0.0426269 0.7765626 0.1667661 0.01404432 
0.07106006 0.7639096 0.1416487 0.02338167 
0.07097107 0.8155293 0.1127549 0.0007448177 
0.06429908 0.8214304 0.1049019 0.009368647 
0.1520931 0.7080241 0.1236327 0.01625009 
0.02892148 0.8575333 0.1088547 0.004690426 
0.009141998 0.8711572 0.1087545 0.01094638 
0.03995021 0.7966456 0.1418983 0.02150593 
0.06638827 0.7195567 0.1884437 0.02561133 
0.04463704 0.7941981 0.1363932 0.02477166 
0.02995303 0.7304167 0.1675744 0.0720558 
0.0007009663 0.8132218 0.1242124 0.06186482 
0.02992818 0.8212855 0.1123912 0.0363951 
0.0453076 0.8252677 0.1130345 0.0163902 
0.04567115 0.7572607 0.1231643 0.07390387 
0.008704082 0.7556852 0.1411792 0.09443152 
0.02124783 0.77488 0.1048712 0.09900103 
0.02657759 0.7889651 0.08735887 0.09709845 
0.02390368 0.8098938 0.08945792 0.07674465 
0.003579752 0.7932426 0.09867701 0.1045006 
0.01961698 0.7346545 0.1920927 0.05363583 
0.01476803 0.8047295 0.1594572 0.02104528 
0.0097378 0.7182133 0.2013432 0.07070575 
0.04830506 0.7360175 0.1453763 0.07030111 
0.01684115 0.8078119 0.129362 0.04598493 
0.00536838 0.6694284 0.2585859 0.06661737 
0.02200424 0.7749628 0.1648057 0.03822719 
0.0314468 0.7995495 0.1252278 0.04377597 
0.01470013 0.7798008 0.1198837 0.08561533 
0.04891423 0.7903956 0.1268589 0.03383129 
0.01394721 0.8142383 0.1022211 0.06959338 
0.01064619 0.8270817 0.10125 0.06102209 
0.04097435 0.7523814 0.1659092 0.0407351 
0.05608625 0.8176799 0.06928828 0.05694559 
0.04107874 0.8132656 0.09965528 0.04600042 
0.0074075 0.8309712 0.1372683 0.02435306 
0.007659645 0.7420248 0.2458604 0.004455155 
0.1555752 0.6677475 0.1355783 0.04109894 
0.006188025 0.8461591 0.1003521 0.04730085 
0.06548411 0.757726 0.153792 0.02299787 
0.01667141 0.7084271 0.1592376 0.1156639 
0.1049519 0.8416518 0.03589064 0.01750569 
0.119194 0.7517096 0.07999439 0.04910202 
0.1780851 0.7426089 0.06109067 0.01821526 
0.1108925 0.8004247 0.07271598 0.01596689 
0.1265891 0.711151 0.1269021 0.03535786 
0.1000613 0.8146766 0.084285 0.0009770286 
0.113867 0.8022664 0.002850674 0.08101591 
0.06277718 0.7926972 0.0007853869 0.1437402 
0.09357021 0.8218836 0.03379145 0.05075471 
0.1090358 0.8268938 0.01359101 0.05047933 
0.125076 0.7200977 0.05040348 0.1044228 
0.1272554 0.7919092 0.008246605 0.0725888 
0.1309233 0.7900029 0.0741584 0.004915379 
0.0810889 0.7493335 0.1673088 0.00226883 
0.08906068 0.8093329 0.02976153 0.07184487 
0.1346791 0.8121461 0.006193783 0.04698101 
0.1334071 0.7836803 0.00690349 0.07600914 
0.1101016 0.7572875 0.05283676 0.07977412 
0.167943 0.8015418 0.02540157 0.005113567 
0.1191971 0.8068117 0.07301692 0.0009742435 
0.09868635 0.8354075 0.05568447 0.01022167 
0.1513006 0.7933704 0.05195977 0.003369246 
0.1647863 0.7412469 0.05926508 0.03470172 
0.1484221 0.7918763 0.04065251 0.01904916 
0.1311497 0.759716 0.07546046 0.03367383 
0.1587007 0.7451156 0.06002046 0.03616323 
0.1601378 0.7620489 0.03679031 0.04102299 
0.1808834 0.7707669 0.0449943 0.003355371 
0.1973927 0.7810284 0.01554357 0.006035321 
0.06617404 0.8035235 0.09904486 0.03125756 
0.1459083 0.7382919 0.07915471 0.0366451 
0.04183713 0.8251359 0.02696228 0.1060647 
0.1535732 0.7526389 0.0320649 0.06172303 
0.1301212 0.7421874 0.009451055 0.1182403 
0.07519059 0.7743907 0.115937 0.03448169 
0.00730913 0.7816035 0.1798741 0.03121324 
0.004284944 0.7912262 0.1929365 0.01155235 
0.02082596 0.7550614 0.1982285 0.02588411 
0.02887226 0.7436657 0.1661792 0.06128284 
0.0004233173 0.7734666 0.1789347 0.04717536 
0.0027831 0.8050473 0.1487662 0.04340333 
0.01934657 0.7293332 0.2060922 0.04522804 
0.01147479 0.7619924 0.1774358 0.04909711 
0.00182823 0.8638671 0.1100478 0.02425693 
0.02675656 0.8290706 0.1199056 0.02426723 
0.03929738 0.7316529 0.1390249 0.09002484 
0.01557967 0.7408951 0.2103701 0.03315518 
0.0176366 0.7976946 0.1094971 0.07517168 
0.0104257 0.7959732 0.1515638 0.04203727 
0.01681471 0.7373648 0.1905357 0.05528475 
0.003876581 0.7432631 0.1590152 0.09384516 
0.007641662 0.8281889 0.1270069 0.03716258 
0.03847608 0.7358534 0.1178398 0.1078308 
0.01151941 0.7349746 0.182998 0.07050792 
0.00675888 0.7842173 0.1558569 0.05316691 
0.02170681 0.75164 0.1649553 0.06169784 
0.003370101 0.7830756 0.1516843 0.06186999 
0.01557284 0.7929349 0.1486665 0.04282576 
0.02022229 0.8232307 0.1150757 0.04147124 
0.02928673 0.741317 0.1076804 0.1217158 
0.01734652 0.7592752 0.162678 0.06070023 
0.00694452 0.7532834 0.147119 0.09265309 
0.01213817 0.7923752 0.1316404 0.06384628 
0.1044705 0.7304633 0.09643767 0.06862852 
0.002865122 0.8080409 0.1505834 0.03851055 
0.005596255 0.7767096 0.1702993 0.04739476 
0.02899624 0.8392354 0.1046304 0.02713799 
0.03630749 0.8391628 0.1185057 0.006024047 
0.08748248 0.7144415 0.1958713 0.002204734 
0.03169525 0.8279226 0.1295971 0.01078504 
0.06669507 0.7600829 0.1596263 0.01359575 
0.03280453 0.8078749 0.1553447 0.003975877 
0.08287941 0.706647 0.2046995 0.005774113 
0.02872832 0.7860353 0.1830354 0.002200939 
0.07908044 0.7988933 0.1148818 0.007144491 
0.1033739 0.7435215 0.131202 0.02190256 
0.03556149 0.8902639 0.07182199 0.002352651 
0.04196735 0.8321664 0.1244804 0.001385892 
0.1138439 0.7044552 0.160403 0.02129792 
0.07037632 0.7867264 0.1391116 0.00378559 
0.04831672 0.8410359 0.1067123 0.003935013 
0.06065476 0.8180706 0.11208 0.009194704 
0.0570146 0.7534117 0.1688444 0.0207294 
0.05395546 0.8078712 0.1100837 0.02808956 
0.0588811 0.7564006 0.181968 0.0027503 
0.03627214 0.7166951 0.1999436 0.0470892 
0.04478647 0.7645684 0.11274 0.07790513 
0.001845418 0.8508934 0.1119825 0.03527861 
0.02410793 0.7692123 0.1182821 0.0883976 
0.004072633 0.8846204 0.07316394 0.03814306 
0.00535069 0.8195401 0.1219465 0.0531627 
0.05261805 0.7963868 0.08604324 0.06495187 
0.1106006 0.7685824 0.01093432 0.1098826 
0.1148487 0.8391825 0.01167488 0.03429398 
0.1290313 0.7430072 0.01965719 0.1083044 
0.1886442 0.7592951 0.01123991 0.04082084 
0.1440456 0.7226481 0.06560784 0.06769846 
0.2179768 0.7312316 0.007801049 0.04299054 
0.1535676 0.817947 0.0008423589 0.02764304 
0.1685993 0.7866842 0.0267456 0.0179709 
0.1118305 0.7951999 0.01316871 0.07980088 
0.1218095 0.8204497 0.04377237 0.01396841 
0.07908362 0.7951736 0.03766305 0.08807977 
0.001805051 0.7952047 0.05831867 0.1446715 
0.04143493 0.7925486 0.04612473 0.1198917 
0.01244087 0.827628 0.01104727 0.1488839 
0.04259426 0.7278787 0.09556973 0.1339573 
0.008918675 0.7295857 0.0979907 0.1635049 
0.006612963 0.7802825 0.04513649 0.167968 
0.0150697 0.7820451 0.05835177 0.1445334 
0.03576712 0.7340686 0.05801045 0.1721538 
0.006008614 0.8076561 0.06567417 0.1206612 
0.008209567 0.8324509 0.03935157 0.1199879 
0.02149753 0.7751063 0.1059554 0.0974408 
0.07424937 0.8236072 0.01374232 0.08840114 
0.002616881 0.8553277 0.03932954 0.1027259 
0.0152341 0.7785716 0.05082779 0.1553665 
0.01515572 0.7558914 0.1044271 0.1245257 
0.1127435 0.8087298 0.05087583 0.02765088 
0.1621727 0.8146763 0.01232685 0.0108241 
0.1587599 0.7687643 0.0723007 0.0001750995 
0.1242732 0.8000782 0.05380785 0.02184083 
0.1022409 0.834423 0.04246185 0.02087426 
0.1048338 0.8403259 0.05250228 0.002338019 
0.2260007 0.6910017 0.0441316 0.03886603 
0.1616272 0.705853 0.1107596 0.02176018 
0.1113101 0.7703447 0.1049875 0.01335773 
0.1376093 0.8140993 0.04094944 0.007341972 
0.1401736 0.7440908 0.07031758 0.04541804 
0.1021574 0.7354883 0.1342958 0.02805848 
0.1299066 0.7604988 0.1066008 0.002993778 
0.1537021 0.7113379 0.002591267 0.1323687 
0.1570341 0.7279729 0.05066273 0.06433032 
0.09208709 0.8336477 0.01514766 0.05911757 
0.1187418 0.827818 0.0507788 0.002661419 
0.1565305 0.8105068 0.003265991 0.02969672 
0.1375366 0.777968 0.04374705 0.04074834 
0.1148504 0.8339544 0.001309099 0.04988602 
0.1391452 0.8013555 0.02484863 0.03465069 
0.1724624 0.7445041 0.009733178 0.07330033 
0.10895 0.801653 0.03243089 0.05696605 
0.2391603 0.7071569 0.0003044773 0.05337832 
0.07515339 0.7579505 0.06919272 0.09770335 
0.1301084 0.8259302 0.000835929 0.04312548 
0.1286457 0.8319497 0.01947866 0.01992596 
0.1306103 0.6959747 0.07404311 0.09937182 
0.1459096 0.7669939 0.02068198 0.06641454 
0.122199 0.8049358 0.008077909 0.06478735 
0.09458765 0.7520933 0.01719682 0.1361223 
0.1479495 0.7696399 0.04991316 0.03249751 
0.1625897 0.786647 0.01297583 0.03778744 
0.1623151 0.7522946 0.02864934 0.05674096 
0.1460301 0.7701993 0.01712419 0.06664639 
0.1291818 0.8467897 0.01116466 0.01286383 
0.1771522 0.8038041 0.001594612 0.01744903 
0.116623 0.8138732 0.06795902 0.001544844 
0.1377179 0.7757956 0.0547841 0.03170244 
0.1220564 0.7546737 0.1090445 0.01422544 
0.09799062 0.7960442 0.03036199 0.07560324 
0.1327594 0.8121723 0.03292877 0.02213948 
0.1470545 0.7887725 0.04205159 0.02212147 
0.1161548 0.8396193 0.03905624 0.005169679 
0.1679927 0.7495499 0.05211234 0.03034501 
0.1574432 0.7041122 0.1022831 0.03616153 
0.1450684 0.7896231 0.04039698 0.0249115 
0.06767498 0.8056158 0.0395545 0.08715472 
0.1188756 0.7963317 0.0368636 0.04792913 
0.129224 0.7446544 0.1136501 0.01247145 
0.2226203 0.7251103 0.04649781 0.005771603 
0.1419067 0.7426089 0.103223 0.01226148 
0.1226255 0.7675009 0.0930131 0.01686053 
0.09604961 0.8485977 0.05225086 0.003101872 
0.208984 0.6748268 0.0868791 0.0293101 
0.1567574 0.7792703 0.06089922 0.003073075 
0.1508882 0.7231024 0.1071132 0.01889621 
0.1358983 0.7796101 0.06617519 0.01831636 
0.1819048 0.6942079 0.04253998 0.08134732 
0.1426489 0.7905985 0.04702827 0.01972439 
0.1230702 0.7752247 0.09467364 0.007031404 
0.1579029 0.7971324 0.03280385 0.01216089 
0.1458595 0.8073587 0.03966926 0.007112611 
0.07683168 0.7956831 0.05872888 0.06875637 
0.1236419 0.8380097 0.03303123 0.005317145 
0.1798384 0.7695588 0.04812325 0.002479608 
0.2054381 0.7079939 0.01775798 0.06880998 
0.1254542 0.7999047 0.00637461 0.06826648 
0.1676822 0.7776808 0.01812727 0.03650973 
0.161772 0.781177 0.02210702 0.03494393 
0.1107669 0.7736828 0.06102388 0.05452643 
0.07872904 0.829733 0.0135132 0.07802478 
0.1436641 0.7380994 0.01581593 0.1024206 
0.1793154 0.7728502 0.01308222 0.03475214 
0.1532206 0.7690535 0.01933832 0.05838759 
0.1734946 0.7289978 0.03176131 0.06574624 
0.08153504 0.7732005 0.116388 0.02887649 
0.2073276 0.7332652 0.03742229 0.02198493 
0.1207884 0.7807291 0.05822227 0.04026023 
0.1214728 0.8063569 0.04041584 0.03175446 
0.1532522 0.755895 0.06768751 0.02316529 
0.1302416 0.7909477 0.06630001 0.01251068 
0.119774 0.8092873 0.07078643 0.0001522474 
0.0005751701 0.8144068 0.1088425 0.07617559 
0.002504509 0.7573024 0.1161049 0.1240882 
0.01409378 0.7393667 0.1714329 0.07510661 
0.02706224 0.7565834 0.1741698 0.0421846 
0.02115604 0.7580611 0.1412186 0.07956425 
0.03567776 0.7027333 0.1015113 0.1600777 
0.1103437 0.6830341 0.1483846 0.05823764 
0.1046066 0.7763081 0.03991612 0.07916915 
0.2038282 0.7139715 0.0427138 0.03948651 
0.2427069 0.6913882 0.001457238 0.06444762 
0.1047213 0.8209377 0.04477814 0.02956287 
0.1370803 0.7908256 0.06475147 0.00734264 
0.1034922 0.7768658 0.03950769 0.08013435 
0.1365021 0.7738226 0.05798283 0.03169244 
0.1170556 0.8275377 0.02850696 0.02689981 
0.08183202 0.8420054 0.06807487 0.008087732 
0.1545641 0.7601622 0.057445 0.02782871 
0.1749999 0.7953242 0.01258198 0.01709388 
0.1020153 0.8333048 0.06289368 0.001786254 
0.1408919 0.7371182 0.007375359 0.1146145 
0.1854077 0.7198779 0.02267707 0.07203736 
0.1103817 0.8122354 0.04209019 0.03529267 
0.1434292 0.7292011 0.09512885 0.03224082 
0.04510113 0.7414523 0.124137 0.08930954 
0.05581198 0.8089298 0.03795653 0.09730174 
0.02927521 0.7966358 0.05881016 0.1152789 
0.01772833 0.7017916 0.1098183 0.1706618 
0.02094248 0.7744038 0.02832728 0.1763264 
0.007650112 0.7925996 0.07687107 0.1228792 
0.02202806 0.781244 0.03828473 0.1584432 
0.01689283 0.8075476 0.03294019 0.1426194 
0.0602295 0.7566011 0.0454325 0.1377369 
0.05549156 0.8098944 0.04775415 0.08685987 
0.001212072 0.747368 0.1127447 0.1386752 
0.06465684 0.7746032 0.06894759 0.09179232 
0.05331806 0.7643604 0.006175531 0.176146 
0.08991068 0.6878073 0.01010868 0.2121733 
0.08303169 0.7653854 0.05010532 0.1014776 
0.03474576 0.7653919 0.0001308728 0.1997314 
0.01940906 0.7759902 0.09729833 0.1073024 
0.0708272 0.7139163 0.01885009 0.1964064 
0.0950808 0.7114262 0.002335695 0.1911573 
0.1039692 0.7598123 0.001331565 0.134887 
0.1157651 0.7172251 0.01460232 0.1524074 
0.04824751 0.8323626 0.04353838 0.07585151 
0.1025556 0.7092699 0.02348208 0.1646924 
0.0970832 0.7598841 0.0202628 0.1227699 
0.04303196 0.7673753 0.05025099 0.1393417 
0.0393087 0.8624993 0.0002161211 0.0979759 
0.04503506 0.8388925 0.004118563 0.1119538 
0.01585827 0.7995589 0.03696256 0.1476203 
0.01369669 0.7451259 0.1288886 0.1122888 
0.01092576 0.808431 0.07242475 0.1082185 
0.01996335 0.8908006 0.04876033 0.04047568 
0.1054631 0.7673732 0.0003746954 0.126789 
0.1160085 0.7807743 0.003018715 0.1001985 
0.06318403 0.7968273 0.02751896 0.1124697 
0.05838156 0.7978659 0.003252561 0.1405 
0.05332921 0.8371308 0.00578667 0.1037533 
0.04141812 0.7177967 0.02450226 0.2162829 
0.09663838 0.7301889 0.05070454 0.1224682 
0.03910577 0.8250129 0.02125529 0.114626 
0.03956349 0.8623784 0.02102016 0.07703791 
0.03079896 0.7761502 0.0140937 0.1789571 
0.0153992 0.7796152 0.0630861 0.1418995 
0.08046928 0.827958 0.0125543 0.07901839 
0.0003393632 0.8366866 0.1262164 0.03675755 
0.02911669 0.7659064 0.09404809 0.1109289 
0.06468306 0.7925335 0.06298947 0.07979399 
0.0111226 0.8169383 0.1373539 0.03458524 
0.01186997 0.8220544 0.1269592 0.03911646 
0.02115355 0.7079804 0.2583635 0.01250261 
0.0012174 0.8355212 0.1607103 0.002551025 
0.01756322 0.8451142 0.08881219 0.0485104 
0.03229094 0.7611799 0.1800908 0.02643833 
0.06856149 0.7940805 0.07109317 0.06626485 
0.06011225 0.727617 0.1761641 0.03610669 
0.08334098 0.7445447 0.1181425 0.05397189 
0.08099269 0.7448091 0.1489731 0.02522512 
0.05188558 0.7517252 0.1325582 0.06383109 
0.02074047 0.8271485 0.1466696 0.005441465 
0.0463008 0.7933056 0.1435848 0.01680886 
0.05092986 0.7942171 0.1522172 0.002635803 
0.07088933 0.7529421 0.1613025 0.01486608 
0.08347943 0.7704267 0.09897734 0.04711657 
0.07479799 0.8265892 0.06322873 0.03538405 
0.06817229 0.7417665 0.1454885 0.04457277 
0.04514125 0.7950421 0.1407587 0.01905791 
0.05321912 0.8151625 0.1133283 0.01829001 
0.07823297 0.7433274 0.1731452 0.005294382 
0.04349923 0.846083 0.101161 0.009256799 
0.08264676 0.732117 0.1722004 0.0130358 
0.05726067 0.7574624 0.1845104 0.0007666226 
0.03349486 0.8163262 0.1434681 0.006710864 
0.02763576 0.7868092 0.1819893 0.003565747 
0.07260682 0.7052408 0.128669 0.09348339 
0.01512482 0.7879971 0.1050113 0.09186684 
0.02631225 0.8318527 0.1117506 0.03008446 
0.02816655 0.8076714 0.1075997 0.05656238 
0.05465095 0.858471 0.08495791 0.001920127 
0.1020797 0.7665522 0.1093362 0.02203187 
0.1117629 0.7227624 0.1608453 0.004629397 
0.08604872 0.6448572 0.1931302 0.0759639 
0.06311744 0.6941981 0.2129044 0.02978002 
0.05169124 0.7938145 0.1514887 0.003005511 
0.03357648 0.7908197 0.1560291 0.01957467 
0.03455505 0.8391909 0.1239367 0.002317339 
0.1162434 0.7565266 0.0940162 0.03321384 
0.07632072 0.7874053 0.132619 0.00365501 
0.04080646 0.8714944 0.0851134 0.002585721 
0.0971476 0.8547406 0.04424471 0.003867086 
0.01876668 0.8149104 0.1433766 0.02294634 
0.1577943 0.7700172 0.004021971 0.06816656 
0.1195813 0.791615 0.04979305 0.03901058 
0.171397 0.8124051 0.0036018 0.01259606 
0.08184753 0.7648889 0.03069966 0.122564 
0.07281207 0.8130551 0.02643056 0.08770225 
0.06023415 0.7901656 0.02730108 0.1222991 
0.2317001 0.701905 0.01206412 0.05433073 
0.08409988 0.8364912 0.015555 0.06385391 
0.1123902 0.8052123 0.01105443 0.07134308 
0.1520931 0.7750166 0.003878315 0.06901196 
0.1232386 0.7872566 0.01117215 0.07833261 
0.1267376 0.6932216 0.06543859 0.1146021 
0.1581268 0.7718397 0.02001511 0.05001838 
0.1313912 0.7653668 0.0350796 0.06816244 
0.1357071 0.8175945 0.02591056 0.02078785 
0.04381243 0.7788325 0.07418331 0.1031717 
0.09298863 0.8611408 0.00364716 0.0422234 
0.100549 0.8187923 0.00570546 0.07495325 
0.09255171 0.7809697 0.02082077 0.1056578 
0.1581084 0.7153149 0.04610535 0.08047131 
0.1085875 0.7763585 0.0674085 0.04764559 
0.08664644 0.7832609 0.1197373 0.01035535 
0.1682039 0.743395 0.06570846 0.02269261 
0.06879341 0.83254 0.04919564 0.04947096 
0.167333 0.7308619 0.0540377 0.04776743 
0.1796647 0.7260347 0.02800305 0.06629752 
0.1062398 0.7608031 0.04224144 0.09071564 
0.1216917 0.8349117 0.01380848 0.02958814 
0.1885395 0.7459838 0.01634617 0.0491305 
0.2191506 0.7022363 0.01407265 0.06454042 
0.2161033 0.7466057 0.004150067 0.03314087 
0.1240543 0.8110807 0.02595635 0.03890866 
0.1135679 0.8021494 0.03308211 0.05120057 
0.109607 0.8196398 0.02003077 0.05072248 
0.0799894 0.8573424 0.009141449 0.05352674 
0.09590714 0.860676 0.003759135 0.03965768 
0.1023694 0.7612048 0.1272071 0.009218776 
0.1288752 0.7221832 0.0182602 0.1306814 
0.1472507 0.7143145 0.0481856 0.09024915 
0.1376853 0.7938956 0.04701577 0.02140332 
0.1227491 0.7567801 0.009835738 0.1106351 
0.1504392 0.7608745 0.05198846 0.0366979 
0.1003398 0.8281906 0.0645308 0.006938829 
0.1475534 0.7997242 0.04684264 0.005879777 
0.1163976 0.8158386 0.03624221 0.03152159 
0.1547737 0.805587 0.03314695 0.006492356 
0.08756143 0.8432518 0.03959939 0.02958741 
0.1491628 0.7098652 0.1022755 0.03869651 
0.142622 0.7867987 0.01351435 0.05706493 
0.06865956 0.8296799 0.001426145 0.1002344 
0.1376854 0.6981579 0.01150332 0.1526534 
0.1787368 0.7958832 0.004454541 0.02092543 
0.1683274 0.7312793 0.004320822 0.09607254 
0.1443151 0.7330944 0.02132685 0.1012637 
0.1827723 0.7568203 0.01470471 0.04570272 
0.105283 0.8164716 0.006872043 0.07137331 
0.06498348 0.7894672 0.08328307 0.06226628 
0.01655252 0.7644084 0.1447433 0.07429583 
0.02870719 0.6926581 0.04272202 0.2359127 
0.1525634 0.7433552 0.0657999 0.03828143 
0.1010096 0.7816306 0.08267951 0.03468028 
0.1381605 0.7562441 0.08828908 0.01730634 
0.160408 0.7566008 0.04444607 0.03854514 
0.1258004 0.8201661 0.02392971 0.03010372 
0.1567467 0.7757687 0.06009308 0.007391551 
0.09878003 0.806386 0.08727609 0.007557872 
0.1266773 0.7506877 0.1030026 0.01963241 
0.1422957 0.7320415 0.1113764 0.01428633 
0.1361244 0.7968505 0.04003154 0.02699359 
0.07485347 0.7857965 0.1017092 0.03764078 
0.1307637 0.8162271 0.04912307 0.003886124 
0.1272699 0.7549952 0.06180149 0.05593343 
0.1401967 0.7234848 0.08956396 0.04675458 
0.1016839 0.8455222 0.03912548 0.01366842 
0.152134 0.7861036 0.05721093 0.004551461 
0.1163687 0.7301351 0.09482446 0.05867174 
0.1975173 0.7794982 0.02196121 0.001023305 
0.1141454 0.8662173 0.01866613 0.0009711343 
0.138317 0.8187481 0.03677373 0.006161159 
0.1575961 0.7706093 0.003684489 0.06811012 
0.0614225 0.7267551 0.06578329 0.1460391 
0.06899429 0.732355 0.1661202 0.03253047 
0.07040651 0.7246424 0.189183 0.0157681 
0.03265235 0.8164267 0.01174166 0.1391793 
0.005626391 0.7161404 0.06209479 0.2161384 
0.01723009 0.7700681 0.04600543 0.1666964 
0.003298871 0.8466733 0.04650084 0.103527 
0.08846484 0.7638137 0.05803863 0.08968278 
0.036321 0.7365349 0.03646323 0.1906809 
0.02975626 0.7301653 0.05467142 0.185407 
0.006363162 0.6567506 0.08848012 0.2484061 
0.004847091 0.8105 0.06198197 0.122671 
0.01406741 0.7921505 0.04818483 0.1455973 
0.03770553 0.7888633 0.03420143 0.1392298 
0.02417447 0.7858065 0.05425725 0.1357618 
0.03691202 0.714813 0.138757 0.109518 
0.05648007 0.7213009 0.1146962 0.1075228 
0.06263628 0.7934096 0.06148408 0.08247001 
0.05971126 0.7496723 0.05120493 0.1394115 
0.02327321 0.7698854 0.04012651 0.1667149 
0.1109037 0.8254753 0.05245602 0.01116496 
0.1464653 0.8026629 0.03271865 0.01815314 
0.1008026 0.8099179 0.05472943 0.03455005 
0.04585111 0.8613015 0.07229628 0.0205511 
0.1077101 0.8364979 0.04878746 0.00700458 
0.1240669 0.795243 0.05005272 0.03063742 
0.138967 0.7424906 0.06540843 0.05313394 
0.1716319 0.7726371 0.03232176 0.02340925 
0.1592686 0.8000598 0.03581312 0.004858431 
0.09267438 0.8167075 0.03364583 0.05697228 
0.1254954 0.7532736 0.1096265 0.01160455 
0.2456096 0.6652349 0.06849334 0.02066219 
0.1416732 0.7968387 0.02146407 0.04002407 
0.1473165 0.7933097 0.04995417 0.009419666 
0.146154 0.7766204 0.06945226 0.007773275 
0.1594081 0.7946338 0.04186921 0.004088894 
0.1788633 0.694898 0.1100569 0.01618184 
0.1378864 0.8108828 0.0223083 0.02892248 
0.1616656 0.7535436 0.08381991 0.0009709649 
0.07622032 0.7790761 0.08142278 0.06328075 
0.04645324 0.77803 0.060409 0.1151078 
0.1417158 0.7707589 0.07538329 0.01214193 
0.09184279 0.7637078 0.09238379 0.0520656 
0.1493992 0.7937761 0.03215673 0.02466797 
0.1621134 0.7589506 0.06560214 0.0133339 
0.1588207 0.8141967 0.02487485 0.002107835 
0.138885 0.720438 0.07117067 0.06950626 
0.1248661 0.8032662 0.04596758 0.0259002 
0.1128259 0.7674137 0.09158498 0.02817539 
0.08167249 0.8791595 0.02322853 0.0159395 
0.1291763 0.802924 0.05590794 0.01199179 
0.1495583 0.7935789 0.05340469 0.003458152 
0.1101014 0.7475835 0.09392125 0.04839384 
0.1537704 0.7656217 0.05688333 0.02372456 
0.1564029 0.7278847 0.09158438 0.02412795 
0.1755535 0.797258 0.02131621 0.005872298 
0.1527757 0.7698512 0.06259471 0.01477832 
0.1302975 0.7085057 0.1562167 0.004980111 
0.192987 0.7448679 0.03987181 0.0222733 
0.04807991 0.700774 0.04376992 0.2073762 
0.08866848 0.7347611 0.04749972 0.1290707 
0.08682725 0.695712 0.006512517 0.2109483 
0.03969888 0.7740266 0.05394607 0.1323285 
0.0004680001 0.7421684 0.06415084 0.1932128 
0.0209994 0.7701881 0.0743315 0.134481 
0.009540059 0.7980399 0.06373203 0.128688 
0.04302627 0.7701648 0.04474802 0.1420609 
0.02087627 0.8141351 0.05759563 0.107393 
