p_1 p_2 p_3 
0.8713281 0.03343492 0.09523696 
0.8242516 0.06659929 0.1091491 
0.7787504 0.05283295 0.1684166 
0.7683673 0.08136282 0.1502698 
0.7835877 0.0646491 0.1517632 
0.7423964 0.07324166 0.1843619 
0.708745 0.05184886 0.2394061 
0.8130991 0.07235492 0.114546 
0.8082382 0.04977781 0.141984 
0.8145002 0.06059363 0.1249061 
0.7174042 0.05564611 0.2269497 
0.8021111 0.07359712 0.1242918 
0.7971477 0.0797513 0.123101 
0.8535769 0.05490542 0.09151767 
0.7495659 0.09290645 0.1575277 
0.783039 0.02426745 0.1926935 
0.7898813 0.06181307 0.1483056 
0.8062747 0.09982001 0.09390525 
0.7344926 0.1144891 0.1510183 
0.8152135 0.04745704 0.1373295 
0.8536397 0.06319388 0.08316647 
0.7329045 0.07355616 0.1935394 
0.7943758 0.1089707 0.09665342 
0.8204326 0.07541631 0.1041511 
0.7974699 0.08226896 0.1202612 
0.8240433 0.03940644 0.1365502 
0.7929947 0.06160281 0.1454024 
0.7875938 0.09379876 0.1186074 
0.8841285 0.03272062 0.08315092 
0.7961979 0.08803817 0.115764 
0.770289 0.05860237 0.1711087 
0.7884772 0.04862014 0.1629027 
0.7674336 0.05297169 0.1795947 
0.7731187 0.0527767 0.1741046 
0.8604771 0.0358303 0.1036926 
0.8452422 0.066138 0.08861976 
0.7931377 0.06924733 0.1376149 
0.8122932 0.02424351 0.1634632 
0.7911295 0.03704436 0.1718261 
0.8261604 0.05750023 0.1163393 
0.8483042 0.04988549 0.1018103 
0.8474061 0.05042651 0.1021674 
0.7414674 0.02573371 0.2327989 
0.8547139 0.02531779 0.1199683 
0.7832012 0.03206326 0.1847355 
0.7804298 0.02287335 0.1966968 
0.7956655 0.06349892 0.1408356 
0.7834688 0.04585684 0.1706744 
0.8036056 0.05247594 0.1439184 
0.7770031 0.089637 0.1333599 
0.7859308 0.06853939 0.1455298 
0.7893516 0.0608471 0.1498013 
0.8017825 0.074947 0.1232705 
0.8233484 0.07374745 0.1029041 
0.7942522 0.04429878 0.161449 
0.7769642 0.09259259 0.1304432 
0.8496615 0.05 0.1003385 
0.7965203 0.06871137 0.1347684 
0.792388 0.05835807 0.1492539 
0.8643092 0.01924957 0.1164413 
0.8159605 0.02431951 0.15972 
0.8499602 0.06158839 0.08845143 
0.7390993 0.1659778 0.09492288 
0.812502 0.08445131 0.1030467 
0.7844521 0.08696599 0.1285819 
0.7604015 0.1311973 0.1084011 
0.7597776 0.06573155 0.1744908 
0.8523622 0.02912383 0.118514 
0.8367844 0.06164756 0.101568 
0.8102773 0.04541621 0.1443065 
0.8342441 0.04862896 0.1171269 
0.8337189 0.01781532 0.1484658 
0.7552041 0.06614742 0.1786485 
0.9082567 0.04634991 0.04539337 
0.8081815 0.04428438 0.1475342 
0.7799481 0.01704081 0.2030111 
0.8235983 0.0003479051 0.1760538 
0.8195155 0.03896769 0.1415168 
0.7913921 0.03090472 0.1777032 
0.7725294 0.01692385 0.2105467 
0.8033295 0.008878432 0.187792 
0.7797288 0.05023732 0.1700339 
0.8376934 0.06283065 0.09947591 
0.8082058 0.07217606 0.1196182 
0.8440565 0.0464295 0.109514 
0.8147651 0.08516167 0.1000733 
0.849246 0.05415428 0.09659969 
0.8468926 0.0562206 0.09688677 
0.7600148 0.04418548 0.1957998 
0.7054891 0.05354278 0.2409681 
0.8761464 0.03935951 0.08449411 
0.8376623 0.02477231 0.1375654 
0.8041363 0.0425961 0.1532676 
0.8434526 0.04153166 0.1150157 
0.7689801 0.06659124 0.1644287 
0.785387 0.02802585 0.1865872 
0.8337575 0.08471161 0.08153087 
0.7150293 0.08543463 0.1995361 
0.821724 0.07842843 0.09984759 
0.7839982 0.1088417 0.1071601 
0.8139657 0.0616263 0.124408 
0.7847878 0.07552221 0.13969 
0.8530543 0.03098706 0.1159586 
0.7912922 0.03942822 0.1692796 
0.862988 0.03075277 0.1062593 
0.8236813 0.07872718 0.09759155 
0.807019 0.04989155 0.1430894 
0.823421 0.05506912 0.1215099 
0.8610461 0.02064773 0.1183062 
0.8314655 0.06102109 0.1075135 
0.8250236 0.06511699 0.1098595 
0.838822 0.05962813 0.1015499 
0.8464701 0.07806099 0.07546895 
0.8442982 0.0611753 0.09452646 
0.8072454 0.1059096 0.08684496 
0.8249395 0.0435912 0.1314693 
0.8014659 0.02306253 0.1754716 
0.7796193 0.06967432 0.1507064 
0.7104408 0.1121818 0.1773775 
0.8553499 0.0553131 0.089337 
0.8069378 0.02422626 0.1688359 
0.7666154 0.09070805 0.1426765 
0.8058108 0.04498362 0.1492056 
0.8484592 0.04452638 0.1070145 
0.7902208 0.09943524 0.110344 
0.889105 0.02104252 0.08985244 
0.9161947 0.03297052 0.05083479 
0.8308719 0.05190188 0.1172262 
0.8176328 0.04153523 0.140832 
0.8220448 0.04922359 0.1287316 
0.7611326 0.113203 0.1256644 
0.8219067 0.01789645 0.1601968 
0.8648301 0.02991184 0.105258 
0.8290941 0.06421109 0.1066948 
0.8006918 0.07813998 0.1211682 
0.796878 0.05964269 0.1434794 
0.7941745 0.07363856 0.1321869 
0.7385045 0.04505452 0.216441 
0.7483766 0.1531297 0.09849367 
0.7433474 0.08462594 0.1720267 
0.7706663 0.06059761 0.1687361 
0.7983302 0.06872889 0.1329409 
0.7690847 0.09984333 0.1310719 
0.8513961 0.03213965 0.1164643 
0.799449 0.08542603 0.1151249 
0.7178568 0.05591202 0.2262312 
0.8276765 0.0434689 0.1288546 
0.7949359 0.07588673 0.1291773 
0.8281873 0.06894283 0.1028698 
0.788465 0.03038238 0.1811527 
0.8633131 0.04223687 0.09445007 
0.790219 0.09054668 0.1192343 
0.848839 0.02996302 0.121198 
0.8019033 0.05600199 0.1420947 
0.8029587 0.07866485 0.1183765 
0.8418619 0.04349478 0.1146433 
0.8240325 0.08187268 0.09409485 
0.839607 0.06062597 0.09976702 
0.7498344 0.04941137 0.2007542 
0.7683526 0.08684981 0.1447976 
0.7647526 0.130906 0.1043414 
0.8032886 0.07505633 0.1216551 
0.8146296 0.07759062 0.1077798 
0.8984978 0.02096397 0.08053822 
0.8427246 0.07824709 0.0790283 
0.8010147 0.06179268 0.1371926 
0.8318955 0.02580524 0.1422993 
0.8550396 0.03998336 0.104977 
0.7856236 0.07328392 0.1410924 
0.7635543 0.05822754 0.1782182 
0.8147943 0.06441564 0.12079 
0.8324094 0.04321745 0.1243731 
0.8178035 0.02787939 0.1543171 
0.7819595 0.04119234 0.1768482 
0.8299875 0.05985748 0.110155 
0.8417447 0.06274145 0.0955138 
0.8782224 0.03106379 0.09071381 
0.6960135 0.1466221 0.1573643 
0.8842431 0.03755327 0.07820361 
0.8143282 0.06121293 0.1244589 
0.772656 0.07276463 0.1545794 
0.7785826 0.09140779 0.1300096 
0.7494931 0.05940033 0.1911065 
0.8532552 0.02726262 0.1194822 
0.8349726 0.03303946 0.131988 
0.8294086 0.0713344 0.09925703 
0.7829273 0.05666176 0.160411 
0.7709467 0.09634507 0.1327083 
0.7045276 0.1629464 0.132526 
0.8392777 0.07224653 0.08847579 
0.8598762 0.03276894 0.1073549 
0.8776378 0.0119297 0.1104325 
0.847795 0.03662854 0.1155764 
0.7542139 0.09085148 0.1549346 
0.8239502 0.04785593 0.1281938 
0.8140769 0.02219577 0.1637273 
0.827229 0.08925642 0.08351457 
0.82253 0.02744838 0.1500217 
0.7853984 0.06919621 0.1454054 
0.8726789 0.01474607 0.112575 
0.7566772 0.04198897 0.2013338 
0.7977607 0.05364402 0.1485953 
0.8132324 0.06475338 0.1220142 
0.8494556 0.06675813 0.0837863 
0.8154662 0.0579259 0.1266079 
0.872394 0.04495072 0.08265531 
0.8116393 0.04261215 0.1457485 
0.8654141 0.03613091 0.098455 
0.8225756 0.07739577 0.1000286 
0.8459101 0.06457617 0.08951373 
0.8356579 0.0222423 0.1420998 
0.8204872 0.03794647 0.1415663 
0.8254087 0.0555925 0.1189988 
0.7746752 0.1199667 0.1053581 
0.8364148 0.05369584 0.1098893 
0.7876346 0.04537878 0.1669866 
0.842044 0.04281255 0.1151435 
0.8054342 0.01151226 0.1830535 
0.8342181 0.02213963 0.1436423 
0.8342653 0.009791114 0.1559436 
0.7622615 0.02319312 0.2145454 
0.8520532 0.03523491 0.1127119 
0.8299948 0.03855429 0.1314509 
0.7933154 0.01250954 0.194175 
0.7914922 0.09126201 0.1172458 
0.7622538 0.1682457 0.06950045 
0.701878 0.1627447 0.1353772 
0.8399536 0.09710011 0.06294626 
0.7761156 0.1487719 0.07511243 
0.7908424 0.1618568 0.04730081 
0.7559564 0.1851735 0.05887013 
0.8062854 0.1488052 0.04490939 
0.8428349 0.1372374 0.01992774 
0.7265292 0.1947959 0.07867491 
0.8020176 0.1697693 0.02821308 
0.8860445 0.0864691 0.02748636 
0.7980824 0.1469425 0.05497512 
0.8072098 0.11736 0.07543021 
0.8103497 0.1218506 0.06779978 
0.809791 0.1565523 0.03365668 
0.7617566 0.134253 0.1039904 
0.7976825 0.07472504 0.1275924 
0.8066595 0.1908284 0.002512095 
0.7736924 0.2237894 0.002518205 
0.774347 0.1835173 0.04213573 
0.7926881 0.2040454 0.003266527 
0.785659 0.1288665 0.08547445 
0.8295108 0.08268345 0.08780576 
0.8185314 0.1347009 0.04676762 
0.7765541 0.1788587 0.0445872 
0.8428693 0.1268482 0.03028249 
0.7700553 0.2015583 0.02838639 
0.7465001 0.1902278 0.06327212 
0.7926518 0.1736241 0.03372415 
0.8443767 0.1177249 0.03789834 
0.8179472 0.09234714 0.08970562 
0.8002949 0.1198427 0.07986237 
0.7491904 0.1058995 0.1449101 
0.8254897 0.1146772 0.05983308 
0.8104277 0.1600283 0.02954405 
0.8046305 0.1585279 0.03684168 
0.803312 0.1241605 0.07252746 
0.7939496 0.1403935 0.06565688 
0.7903723 0.1273891 0.08223864 
0.8063938 0.1312901 0.06231611 
0.7376579 0.1679076 0.09443454 
0.7695715 0.1831121 0.04731638 
0.8525174 0.1055107 0.0419719 
0.7953635 0.1358835 0.06875303 
0.7744278 0.1826342 0.04293792 
0.7876377 0.1486147 0.06374762 
0.8584422 0.09407843 0.04747936 
0.8281343 0.1121915 0.05967418 
0.8225619 0.1484411 0.02899708 
0.8264867 0.1122755 0.06123775 
0.8410101 0.09280866 0.06618128 
0.8033286 0.1173417 0.07932971 
0.8444523 0.1057356 0.04981209 
0.778195 0.1814904 0.04031457 
0.8129539 0.1240737 0.06297244 
0.7750923 0.1984186 0.02648906 
0.8619003 0.09188471 0.04621499 
0.7834405 0.1602488 0.05631077 
0.8550547 0.1075998 0.03734553 
0.8290971 0.1347947 0.03610824 
0.8733831 0.09703418 0.02958276 
0.8306281 0.1231532 0.04621867 
0.7629996 0.193897 0.04310342 
0.8085532 0.1370784 0.05436844 
0.8392494 0.1330978 0.02765273 
0.8502575 0.1053983 0.04434424 
0.8395884 0.1067402 0.05367143 
0.7494674 0.1632743 0.08725831 
0.8356479 0.1234049 0.04094717 
0.8396617 0.1082163 0.05212195 
0.7861015 0.1696764 0.0442221 
0.7927712 0.107081 0.1001477 
0.826214 0.1316901 0.04209584 
0.7924718 0.1371525 0.07037571 
0.7474579 0.1739406 0.07860145 
0.8461703 0.113498 0.04033165 
0.7409784 0.1466435 0.1123781 
0.7946728 0.1638973 0.04142992 
0.7525081 0.1802315 0.06726048 
0.8380342 0.1401035 0.02186232 
0.823485 0.1400557 0.03645927 
0.8860377 0.07603559 0.0379267 
0.8010971 0.1233914 0.07551154 
0.8437769 0.1077283 0.04849482 
0.8242805 0.1375417 0.03817777 
0.7666037 0.1516949 0.08170141 
0.8004863 0.1481712 0.05134255 
0.8354656 0.08902377 0.07551058 
0.7733354 0.1229103 0.1037544 
0.8982973 0.07826816 0.02343455 
0.8109781 0.120602 0.06841986 
0.8427047 0.1112336 0.04606161 
0.8528574 0.07362183 0.07352081 
0.8615879 0.07670484 0.06170724 
0.8157195 0.1275619 0.05671856 
0.7920762 0.09410027 0.1138235 
0.771676 0.1409618 0.08736212 
0.8014127 0.1446044 0.05398296 
0.8863572 0.08142614 0.03221665 
0.8644994 0.1171365 0.01836407 
0.8097219 0.09633592 0.0939422 
0.8032091 0.1276637 0.06912721 
0.6774356 0.1908757 0.1316887 
0.8097283 0.1468797 0.043392 
0.7615305 0.1270832 0.1113863 
0.8835697 0.09486358 0.02156676 
0.7384003 0.152417 0.1091827 
0.8481631 0.1120947 0.03974226 
0.7800519 0.1551164 0.06483165 
0.8046139 0.1452617 0.05012433 
0.777028 0.1971724 0.02579962 
0.8244802 0.12075 0.05476989 
0.81299 0.1399799 0.04703011 
0.7843582 0.1627718 0.05286997 
0.8287296 0.06558946 0.1056809 
0.7749503 0.1522206 0.07282917 
0.8515804 0.1319124 0.01650718 
0.8008656 0.1791681 0.01996629 
0.8041351 0.1169871 0.0788778 
0.8542217 0.08011822 0.06566006 
0.7764103 0.1586164 0.06497324 
0.8491464 0.1084712 0.04238239 
0.8407202 0.1480218 0.011258 
0.817165 0.1203952 0.06243978 
0.7395143 0.2063971 0.0540886 
0.8144578 0.1433925 0.04214961 
0.809206 0.1330643 0.05772965 
0.8455315 0.1099141 0.04455439 
0.817771 0.1374924 0.04473657 
0.8012914 0.1427708 0.05593776 
0.8183354 0.1193277 0.06233687 
0.7882713 0.1532213 0.05850744 
0.8144279 0.1362754 0.04929677 
0.8004663 0.1077808 0.0917529 
0.8058477 0.1416717 0.05248056 
0.7726216 0.1390062 0.08837228 
0.8007896 0.1119878 0.08722252 
0.907402 0.04451023 0.04808773 
0.8006653 0.1547024 0.04463234 
0.8175731 0.1446716 0.03775537 
0.8257131 0.1030124 0.07127453 
0.8483037 0.08940505 0.06229122 
0.763852 0.09030125 0.1458468 
0.8583049 0.100177 0.04151813 
0.8386716 0.1045535 0.05677493 
0.8053262 0.119683 0.0749908 
0.74263 0.1673069 0.09006306 
0.8149678 0.1573812 0.027651 
0.8272886 0.08898245 0.08372899 
0.7925009 0.1317598 0.07573934 
0.8523893 0.08466048 0.06295018 
0.8512643 0.124309 0.02442669 
0.8448953 0.1291409 0.0259638 
0.8356634 0.1259953 0.03834127 
0.8060488 0.1259591 0.06799209 
0.8089598 0.1470002 0.04404 
0.8327002 0.1081758 0.05912408 
0.8239812 0.0974978 0.07852095 
0.8812676 0.08103075 0.03770166 
0.8899672 0.08045814 0.02957463 
0.7946992 0.1276148 0.07768596 
0.8030096 0.10685 0.09014043 
0.8253751 0.1058405 0.06878448 
0.8098296 0.1474332 0.04273719 
0.7110675 0.1299678 0.1589647 
0.8159825 0.1550415 0.02897603 
0.8403455 0.1308419 0.02881259 
0.8035753 0.1489237 0.04750105 
0.8282473 0.1311385 0.04061419 
0.7441455 0.1847617 0.07109282 
0.7790931 0.1187724 0.1021345 
0.8251491 0.1332092 0.04164168 
0.7722034 0.1579352 0.06986142 
0.7796934 0.1126371 0.1076695 
0.7472337 0.1494244 0.1033419 
0.8080333 0.1287671 0.06319957 
0.8071876 0.1496424 0.04317009 
0.8385193 0.103737 0.05774372 
0.825729 0.1127119 0.0615591 
0.7560641 0.1876667 0.05626916 
0.8331411 0.1184874 0.04837157 
0.845249 0.1245585 0.03019255 
0.7589733 0.1677357 0.07329099 
0.7222168 0.2321229 0.04566038 
0.8218424 0.1169078 0.0612498 
0.725021 0.2150902 0.05988876 
0.7875607 0.1638493 0.04859 
0.7544476 0.1730488 0.07250354 
0.8131776 0.1287634 0.05805903 
0.7842263 0.1648625 0.05091122 
0.7669459 0.1767566 0.05629741 
0.8420118 0.1075715 0.05041669 
0.8046298 0.1447103 0.05065997 
0.7299641 0.2225342 0.0475016 
0.8929021 0.09592137 0.01117653 
0.8333246 0.1267027 0.0399727 
0.820993 0.09430505 0.08470196 
0.8271331 0.1217047 0.05116215 
0.7481421 0.1905731 0.06128481 
0.7885797 0.1076321 0.1037882 
0.8579492 0.1105889 0.03146186 
0.8150763 0.1244104 0.06051337 
0.7431576 0.2196016 0.03724073 
0.7562659 0.1839015 0.05983258 
0.8001226 0.1246377 0.07523969 
0.8182202 0.1142394 0.06754042 
0.7689043 0.1395339 0.09156181 
0.759903 0.212295 0.02780207 
0.8330766 0.1176235 0.0492999 
0.7688861 0.1531823 0.07793161 
0.7925537 0.1359641 0.07148224 
0.7718581 0.09286186 0.13528 
0.8386926 0.1161661 0.04514131 
0.7902555 0.1496535 0.06009099 
0.7189744 0.1695764 0.1114492 
0.8489519 0.07669745 0.07435069 
0.8010077 0.1539501 0.04504223 
0.8028442 0.1339153 0.06324046 
0.78086 0.1418658 0.07727425 
0.7568183 0.1749011 0.06828055 
0.7817093 0.1473821 0.07090861 
0.7834383 0.2001794 0.01638237 
0.7686415 0.1539573 0.07740114 
0.7886249 0.1503726 0.06100252 
0.8091479 0.1278699 0.06298222 
0.7793397 0.1143139 0.1063464 
0.7901123 0.155682 0.05420577 
0.7774482 0.1600504 0.06250139 
0.8204624 0.0820668 0.0974708 
0.7130214 0.1827543 0.1042243 
0.7307849 0.2024175 0.0667976 
0.8364093 0.08897741 0.0746133 
0.7802623 0.1656691 0.05406864 
0.8284999 0.111316 0.06018415 
0.8047731 0.1173249 0.07790201 
0.689572 0.1980677 0.1123603 
0.8250159 0.1294659 0.04551829 
0.8868598 0.09026255 0.02287763 
0.7658863 0.1768199 0.05729384 
0.8097506 0.1824867 0.007762699 
0.8272736 0.1258993 0.04682709 
0.8340435 0.1253671 0.04058939 
0.8055234 0.1359721 0.05850453 
0.832966 0.06198219 0.1050519 
0.8120341 0.1063832 0.08158264 
0.8549891 0.1119208 0.03309017 
0.8068551 0.1238477 0.06929722 
0.8387476 0.1242957 0.0369567 
0.8517504 0.1095966 0.03865295 
0.7687545 0.150245 0.08100059 
0.7463152 0.2005922 0.05309259 
0.7834856 0.1266733 0.08984112 
0.7470719 0.1724192 0.08050888 
0.8566986 0.1200352 0.02326621 
0.7792782 0.151296 0.06942577 
0.8566573 0.09658296 0.04675973 
0.8324291 0.1312901 0.03628074 
0.7563479 0.1461078 0.09754425 
0.7953913 0.1766598 0.02794891 
0.7745326 0.1433622 0.08210526 
0.7358173 0.166188 0.09799468 
0.8191203 0.1371687 0.04371098 
0.7842763 0.1446964 0.07102731 
0.806388 0.1442951 0.04931694 
0.7451247 0.1738954 0.08097984 
0.7818831 0.1677691 0.05034775 
0.8227143 0.1124295 0.06485622 
0.8119015 0.1544584 0.03364008 
0.7811146 0.1234664 0.09541894 
0.8252827 0.1298346 0.04488273 
0.7683535 0.163123 0.06852353 
0.7778071 0.1819696 0.04022333 
0.7693017 0.1727764 0.05792189 
0.8546498 0.09715646 0.0481937 
0.8476802 0.1110038 0.04131596 
0.8607849 0.09156811 0.04764695 
0.8416045 0.1073297 0.05106585 
0.8530861 0.145201 0.00171283 
0.8529977 0.1272037 0.01979856 
0.7606204 0.2199112 0.0194684 
0.8401793 0.1162489 0.04357182 
0.798871 0.1545248 0.04660423 
0.8120404 0.1418583 0.04610127 
0.8423724 0.1118054 0.04582217 
0.8781372 0.08464277 0.03722008 
0.8755177 0.07699662 0.04748564 
0.7422772 0.1805469 0.07717587 
0.7828089 0.1375973 0.07959376 
0.748223 0.1807899 0.07098703 
0.8228913 0.1568433 0.02026533 
0.8224621 0.1208417 0.05669614 
0.7722817 0.1315899 0.09612838 
0.8677551 0.08809989 0.04414503 
0.7695682 0.1725463 0.05788547 
0.7916253 0.1090662 0.0993085 
0.7673537 0.1591308 0.0735155 
0.8465518 0.07792584 0.07552233 
0.8153284 0.1190605 0.06561114 
0.8307606 0.1335784 0.03566097 
0.8094589 0.135344 0.05519708 
0.8358002 0.1064819 0.0577179 
0.8502757 0.1076321 0.04209218 
0.8541848 0.08817328 0.05764196 
0.8649272 0.09078483 0.04428801 
0.7865687 0.1489873 0.064444 
0.7874027 0.1515812 0.06101615 
0.789166 0.1259615 0.08487257 
0.7887365 0.1648598 0.04640374 
0.8349807 0.1274201 0.03759915 
0.8463921 0.1296496 0.02395827 
0.7648304 0.1560871 0.0790825 
0.8485441 0.09239492 0.05906099 
0.8171715 0.1259008 0.05692766 
0.8094744 0.1698629 0.02066271 
0.7581089 0.1779678 0.06392328 
0.8248385 0.1197905 0.05537096 
0.8196988 0.1308771 0.04942414 
0.8682042 0.1079736 0.02382219 
0.7318931 0.2007935 0.06731339 
0.8401761 0.1259887 0.03383521 
0.8787169 0.08241877 0.0388643 
0.8205314 0.1304349 0.04903369 
0.766319 0.1208124 0.1128687 
0.7630772 0.07996473 0.1569581 
0.7845009 0.1506749 0.06482422 
0.8522467 0.07130948 0.07644378 
0.8301156 0.1269645 0.04291991 
0.7982148 0.1599859 0.04179931 
0.7685895 0.1660109 0.06539959 
0.8574837 0.1005275 0.0419888 
0.7360198 0.1604026 0.1035776 
0.743847 0.1650278 0.09112526 
0.7918257 0.149377 0.05879729 
0.8163108 0.1169202 0.06676902 
0.8377358 0.09402342 0.06824074 
0.7228157 0.1364317 0.1407527 
0.745803 0.1992695 0.05492757 
0.8452982 0.1171368 0.03756504 
0.8640507 0.09512525 0.04082406 
0.7741747 0.1627876 0.06303765 
0.8245322 0.111847 0.06362084 
0.813941 0.1436698 0.04238918 
0.757079 0.1918393 0.05108164 
0.8132677 0.1506251 0.03610718 
0.7981028 0.1574318 0.04446539 
0.8371575 0.1026696 0.06017284 
0.7428382 0.1862708 0.07089098 
0.7842642 0.1109449 0.1047909 
0.7789441 0.1717748 0.04928109 
0.7765231 0.1678948 0.0555821 
0.766096 0.1476853 0.08621874 
0.7999185 0.1709463 0.02913522 
0.775395 0.1194438 0.1051612 
0.8257379 0.09239911 0.08186301 
0.810848 0.1189779 0.07017411 
0.7669726 0.1891678 0.04385961 
0.7567562 0.1671705 0.07607329 
0.8343327 0.09617091 0.06949637 
0.8258864 0.1563056 0.01780804 
0.8152411 0.137556 0.04720291 
0.816919 0.1284044 0.05467662 
0.8884894 0.07596659 0.03554401 
0.7694232 0.1945371 0.03603968 
0.8223566 0.127853 0.04979049 
0.7683755 0.1682309 0.06339361 
0.8035425 0.1252464 0.07121113 
0.7889107 0.1009691 0.1101202 
0.7808938 0.1503628 0.06874345 
0.8188584 0.1294477 0.05169387 
0.7682718 0.194975 0.03675326 
0.7697244 0.1284573 0.1018184 
0.8429318 0.1063861 0.05068216 
0.8450781 0.117806 0.03711584 
0.8313804 0.1306541 0.03796552 
0.831358 0.06910313 0.09953885 
0.8672086 0.08955603 0.0432354 
0.8375275 0.1307757 0.03169683 
0.8296913 0.1256133 0.04469541 
0.8232554 0.112928 0.0638166 
0.7971775 0.1273441 0.07547846 
0.8463769 0.08622345 0.06739966 
0.7342219 0.2231417 0.04263642 
0.8031565 0.1593486 0.03749491 
0.8372911 0.1286225 0.03408637 
0.7912419 0.1739857 0.03477244 
0.8264282 0.1377564 0.03581541 
0.7697931 0.1624881 0.06771877 
0.74335 0.2256197 0.03103032 
0.7587291 0.1738004 0.06747047 
0.7291817 0.1697357 0.1010826 
0.8217832 0.1192575 0.05895933 
0.7704124 0.1460268 0.0835608 
0.7696099 0.1639857 0.0664044 
0.7388914 0.1541002 0.1070084 
0.8412208 0.1340775 0.02470176 
0.8146792 0.1455715 0.0397493 
0.8517597 0.1087634 0.03947682 
0.8166019 0.131973 0.05142507 
0.7526802 0.2102674 0.03705244 
0.8311063 0.1078142 0.0610795 
0.8024995 0.1572729 0.04022761 
0.8150546 0.1392587 0.04568671 
0.8648302 0.112544 0.02262586 
0.8194807 0.1093094 0.07120983 
0.8445511 0.07998662 0.07546232 
0.8529015 0.05584683 0.0912517 
0.7745657 0.1535325 0.07190182 
0.8393524 0.1202852 0.04036248 
0.8580663 0.09351223 0.04842144 
0.8644459 0.1150516 0.02050241 
0.8213106 0.1202406 0.05844882 
0.8081113 0.06830695 0.1235818 
0.7940934 0.1285619 0.07734472 
0.8233394 0.1064757 0.07018487 
0.7950093 0.1602063 0.04478432 
0.7974454 0.1369164 0.06563821 
0.8081804 0.1251167 0.06670292 
0.7808509 0.1717979 0.04735123 
0.8384114 0.1477263 0.01386225 
0.8031415 0.1600122 0.03684623 
0.7678654 0.1609094 0.07122517 
0.8207984 0.1450478 0.03415377 
0.8234095 0.1187187 0.05787186 
0.7831905 0.1329175 0.08389203 
0.8536627 0.115499 0.03083834 
0.7930579 0.1584186 0.04852353 
0.7863076 0.1681347 0.04555771 
0.8473042 0.09312371 0.05957213 
0.7902472 0.1409338 0.06881897 
0.8013632 0.1647357 0.03390106 
0.7681653 0.1389927 0.09284193 
0.7310241 0.1729594 0.09601652 
0.788633 0.1679515 0.04341556 
0.8160677 0.1174691 0.06646317 
0.8258814 0.1058739 0.06824464 
0.8288273 0.1489474 0.02222525 
0.7433676 0.1544691 0.1021633 
0.8564344 0.08342947 0.06013614 
0.7915231 0.112243 0.09623385 
0.7491703 0.1955418 0.05528796 
0.7678538 0.1122785 0.1198677 
0.7821141 0.1692704 0.04861556 
0.7947197 0.1392055 0.06607473 
0.7607279 0.2106398 0.02863228 
0.8271154 0.105861 0.06702355 
0.8095646 0.1277758 0.06265958 
0.8475095 0.05670535 0.09578515 
0.872677 0.09391185 0.03341112 
0.7863386 0.1663671 0.04729435 
0.7998525 0.1741978 0.02594975 
0.7859711 0.2009786 0.0130503 
0.8195131 0.1582265 0.02226037 
0.7798371 0.1367571 0.08340588 
0.8505281 0.1052262 0.04424571 
0.8096328 0.1407965 0.04957069 
0.8199683 0.1004246 0.07960713 
0.7823249 0.1535148 0.06416023 
0.7638366 0.2046672 0.03149626 
0.8322893 0.1198699 0.04784072 
0.8190294 0.1329435 0.04802713 
0.8333215 0.09663225 0.07004629 
0.8355216 0.07388588 0.09059253 
0.8448161 0.08680926 0.06837459 
0.7928484 0.1574648 0.04968679 
0.8212669 0.1172695 0.0614636 
0.8011173 0.07978488 0.1190978 
0.7823763 0.1416595 0.07596422 
0.8237658 0.1294924 0.0467417 
0.7974414 0.1216007 0.08095791 
0.8794478 0.07945197 0.04110027 
0.7411105 0.211259 0.04763045 
0.7785631 0.1498474 0.07158943 
0.7605166 0.1689049 0.07057854 
0.8017158 0.1562516 0.04203261 
0.7456495 0.1682507 0.08609978 
0.7780286 0.1156696 0.1063018 
0.6969496 0.2318402 0.07121017 
0.8557274 0.1008159 0.04345667 
0.8042249 0.1279029 0.0678722 
0.8297493 0.1150338 0.0552169 
0.7746981 0.1480009 0.07730107 
0.8022434 0.1426352 0.05512144 
0.8163872 0.1368177 0.04679515 
0.8125749 0.06782638 0.1195987 
0.783213 0.0744325 0.1423545 
0.7784024 0.1548495 0.06674804 
0.8555077 0.09001039 0.05448192 
0.7905911 0.136107 0.07330193 
0.7622624 0.1433553 0.09438225 
0.7904704 0.1559742 0.05355545 
0.8283223 0.1246741 0.04700353 
0.7543055 0.1518194 0.0938751 
0.787619 0.1176981 0.09468289 
0.842959 0.09870402 0.05833701 
0.751696 0.1503528 0.09795116 
0.8479218 0.08998007 0.06209817 
0.7550638 0.158694 0.08624219 
0.8390701 0.08031761 0.0806123 
0.785916 0.1671652 0.04691875 
0.7820032 0.05324012 0.1647567 
0.7939297 0.1255923 0.08047805 
0.833874 0.116608 0.04951801 
0.817015 0.1612777 0.0217073 
0.7975764 0.1618533 0.04057026 
0.8275263 0.1289387 0.04353506 
0.8161907 0.1491316 0.03467769 
0.8682201 0.06927459 0.06250535 
0.7465518 0.1950486 0.05839962 
0.7417319 0.2041411 0.05412703 
0.7239884 0.1460344 0.1299772 
0.871387 0.102263 0.02635002 
0.8649647 0.0993225 0.03571282 
0.812708 0.1363788 0.05091315 
0.7995953 0.1483255 0.05207921 
0.8564834 0.1337561 0.009760507 
0.8126662 0.1287046 0.05862919 
0.7689676 0.1561366 0.07489582 
0.8251461 0.1078717 0.06698216 
0.734679 0.1844463 0.08087464 
0.8157851 0.1270926 0.05712231 
0.7339227 0.1543098 0.1117675 
0.7524643 0.1941846 0.05335108 
0.7633697 0.1862923 0.05033795 
0.8006466 0.1225162 0.07683713 
0.7591412 0.201934 0.03892484 
0.8143229 0.1577625 0.02791467 
0.8182098 0.1497465 0.03204371 
0.8482408 0.09353456 0.05822462 
0.7264107 0.2016049 0.07198442 
0.8139514 0.1342379 0.05181068 
0.8590849 0.08708961 0.0538255 
0.8494114 0.1207837 0.02980486 
0.7526597 0.1612346 0.08610563 
0.7638116 0.227443 0.008745434 
0.7948665 0.14916 0.05597351 
0.7583694 0.1618822 0.07974836 
0.812676 0.1685567 0.01876725 
0.8870469 0.09238425 0.02056889 
0.7845268 0.1291785 0.08629464 
0.737113 0.1733263 0.08956069 
0.7653477 0.1807939 0.05385845 
0.719456 0.2140658 0.06647818 
0.7896887 0.1303396 0.07997173 
0.7890862 0.1674938 0.04341995 
0.8192847 0.150879 0.02983622 
0.7954566 0.1684745 0.03606895 
0.7990452 0.1365367 0.06441807 
0.7933662 0.1578858 0.04874797 
0.785478 0.1405792 0.07394281 
0.8894006 0.05991098 0.05068845 
0.8133137 0.1442612 0.04242505 
0.7857489 0.1421616 0.07208946 
0.749579 0.1291044 0.1213166 
0.734234 0.172596 0.09316994 
0.8392512 0.1257031 0.03504568 
0.7419932 0.1691808 0.08882601 
0.7611653 0.1766525 0.06218227 
0.8489778 0.1141975 0.03682474 
0.8422178 0.1123418 0.04544036 
0.8520822 0.1058466 0.04207119 
0.7237274 0.2160021 0.06027044 
0.7722825 0.1588761 0.06884141 
0.7943666 0.1582865 0.04734693 
0.7279628 0.1125193 0.1595179 
0.8573173 0.0838817 0.05880099 
0.8174169 0.1141102 0.06847282 
0.8318845 0.140672 0.02744348 
0.7946272 0.1271106 0.07826225 
0.8290672 0.1275978 0.04333501 
0.8385172 0.09085013 0.07063264 
0.7426597 0.1682631 0.08907715 
0.8106491 0.1215318 0.06781916 
0.8082451 0.1531354 0.03861949 
0.8102917 0.1452145 0.04449377 
0.8431909 0.0910534 0.06575574 
0.8789029 0.0921964 0.0289007 
0.8130534 0.141708 0.04523865 
0.7993831 0.1324287 0.0681882 
0.7921425 0.09630923 0.1115483 
0.8095972 0.1402084 0.05019438 
0.7803545 0.1422994 0.0773461 
0.7602702 0.1451218 0.09460791 
0.7856505 0.1496986 0.06465087 
0.7626766 0.1659112 0.07141219 
0.8407299 0.1143927 0.0448774 
0.8059714 0.13792 0.05610868 
0.7958018 0.132409 0.0717892 
0.8366421 0.1429292 0.02042874 
0.8129703 0.1094276 0.07760207 
0.8584274 0.09746039 0.04411219 
0.7737042 0.1274195 0.09887631 
0.7815108 0.1721244 0.04636481 
0.813757 0.1165733 0.06966962 
0.8278943 0.125026 0.04707974 
0.7627556 0.1383289 0.09891544 
0.7721181 0.1782953 0.04958659 
0.8230335 0.1244029 0.05256355 
0.7949038 0.1199937 0.08510252 
0.7499353 0.2041044 0.04596036 
0.8256947 0.1248428 0.04946249 
0.7926342 0.150944 0.05642177 
0.7879199 0.1808667 0.03121336 
0.8163411 0.1018118 0.08184713 
0.8213506 0.1023281 0.07632137 
0.8228962 0.1473978 0.02970602 
0.7472178 0.131739 0.1210432 
0.7582924 0.1702077 0.07149989 
0.7532167 0.1421654 0.1046179 
0.7449264 0.1963998 0.05867385 
0.7417879 0.1443286 0.1138835 
0.779415 0.1388701 0.08171489 
0.8432648 0.1180216 0.03871353 
0.8351493 0.1342545 0.03059621 
0.799296 0.1508995 0.04980449 
0.8340801 0.1261983 0.03972155 
0.7509508 0.1817159 0.06733329 
0.8745539 0.06350683 0.06193925 
0.8215414 0.1351935 0.04326511 
0.8076321 0.1747668 0.01760106 
0.8455611 0.05647107 0.09796778 
0.8213404 0.1354255 0.04323414 
0.8088894 0.1418556 0.04925499 
0.7496377 0.1872795 0.06308281 
0.8352889 0.1335964 0.03111473 
0.840718 0.1001418 0.05914027 
0.8182234 0.1203065 0.06147017 
0.7760075 0.149533 0.07445947 
0.7843048 0.1506595 0.06503573 
0.7944279 0.1120159 0.09355625 
0.7329724 0.2062626 0.06076497 
0.8514599 0.09407017 0.05446997 
0.8376339 0.1300583 0.0323078 
0.7990672 0.1355838 0.06534892 
0.8845409 0.09137356 0.02408558 
0.8248322 0.127199 0.04796876 
0.7771147 0.1769821 0.04590315 
0.7945424 0.1022689 0.1031887 
0.8341842 0.1289529 0.03686282 
0.8100093 0.1555662 0.03442454 
0.7754088 0.1372337 0.08735752 
0.743943 0.1501605 0.1058965 
0.7904965 0.1517878 0.05771569 
0.7702229 0.1308162 0.09896096 
0.8282976 0.146034 0.0256684 
0.8112827 0.1203495 0.0683678 
0.7981312 0.1350426 0.06682619 
0.7984976 0.1151226 0.08637976 
0.8393909 0.1052765 0.05533262 
0.7893223 0.1337651 0.07691255 
0.8399549 0.1216055 0.03843962 
0.806765 0.119752 0.07348307 
0.8007397 0.1638043 0.03545598 
0.7997375 0.1377891 0.06247341 
0.753944 0.1138442 0.1322117 
0.8388919 0.1242927 0.03681542 
0.8878197 0.08371428 0.028466 
0.8335526 0.1314286 0.03501887 
0.7892427 0.1394087 0.07134862 
0.8262306 0.1428836 0.03088581 
0.7889747 0.1543243 0.05670102 
0.8015461 0.1178418 0.08061217 
0.8089576 0.07726688 0.1137755 
0.8022425 0.1538456 0.04391184 
0.8665105 0.1008256 0.03266386 
0.7953079 0.1157491 0.08894302 
0.847534 0.1172423 0.03522376 
0.8252488 0.1439275 0.03082374 
0.8707796 0.07992374 0.0492967 
0.8378246 0.1033115 0.05886396 
0.8192477 0.1151525 0.0655998 
0.7660975 0.1758063 0.05809622 
0.803757 0.1571434 0.03909962 
0.7991065 0.1437196 0.05717384 
0.8124792 0.1453511 0.04216966 
0.8016264 0.1465256 0.05184801 
0.77271 0.175846 0.05144399 
0.7356226 0.1438406 0.1205368 
0.793431 0.1472907 0.05927832 
0.7723173 0.1120365 0.1156462 
0.7087406 0.2056524 0.08560696 
0.8086279 0.1184745 0.07289755 
0.8572856 0.09756589 0.04514853 
0.809689 0.149032 0.04127905 
0.8065068 0.1701347 0.02335846 
0.7529202 0.1726647 0.0744151 
0.8129453 0.1608616 0.02619311 
0.8273881 0.1064008 0.06621113 
0.8447395 0.1378687 0.01739177 
0.8051937 0.1343281 0.06047821 
0.8447429 0.1339976 0.02125945 
0.8170069 0.120166 0.06282713 
0.7534631 0.1783165 0.06822035 
0.8100116 0.1712393 0.01874914 
0.7594664 0.194596 0.04593755 
0.8059916 0.1727647 0.02124368 
0.7624927 0.1903059 0.04720139 
0.8310485 0.1298166 0.03913486 
0.8119613 0.1319017 0.05613698 
0.8049303 0.116576 0.07849373 
0.8058709 0.1614017 0.03272739 
0.7833626 0.1179043 0.09873303 
0.8327901 0.1268549 0.04035502 
0.8734732 0.09779464 0.0287322 
0.7592145 0.1794607 0.06132482 
0.8251964 0.1088707 0.06593291 
0.8295126 0.1196306 0.05085682 
0.8104538 0.1190135 0.07053271 
0.853149 0.1132556 0.03359536 
0.8032774 0.1360048 0.06071784 
0.8338076 0.1162242 0.0499682 
0.8257887 0.1570727 0.0171386 
0.771449 0.1568231 0.07172793 
0.7436159 0.1351992 0.1211849 
0.8032354 0.1574706 0.03929397 
0.8036889 0.1571373 0.03917375 
0.7723141 0.1683195 0.05936643 
0.8378669 0.08757398 0.0745591 
0.8307707 0.1397846 0.02944472 
0.829867 0.1275777 0.0425553 
0.7756669 0.1973144 0.02701867 
0.7809072 0.1509264 0.0681664 
0.7033305 0.2110208 0.0856487 
0.7557472 0.1572137 0.08703909 
0.7308192 0.2020982 0.06708261 
0.7534199 0.1936475 0.05293253 
0.7639358 0.1726214 0.06344277 
0.7198022 0.1907636 0.08943416 
0.8757049 0.1004477 0.02384742 
0.7999422 0.1192224 0.08083538 
0.8479242 0.1170743 0.03500152 
0.8467827 0.1312459 0.02197139 
0.7559732 0.241362 0.002664847 
0.8023649 0.1748846 0.02275053 
0.7894498 0.1895982 0.02095209 
0.810509 0.1352804 0.05421053 
0.8652286 0.09040984 0.04436154 
0.8143797 0.1530704 0.03254992 
0.8524464 0.1136865 0.03386711 
0.6828885 0.2124042 0.1047074 
0.8239167 0.1234595 0.05262379 
0.844622 0.119423 0.03595507 
0.7824566 0.1433552 0.07418818 
0.7975174 0.1381397 0.06434294 
0.8101179 0.1194769 0.07040522 
0.7959487 0.1587634 0.04528786 
0.8328985 0.1430977 0.02400379 
0.8181804 0.04803555 0.1337841 
0.7824402 0.1323635 0.0851963 
0.7633879 0.1567235 0.0798886 
0.7917419 0.1496598 0.05859829 
0.7375454 0.1434914 0.1189632 
0.805616 0.1355597 0.05882428 
0.7735687 0.1714413 0.05499 
0.7914291 0.1758584 0.03271254 
0.7663926 0.1289202 0.1046872 
0.6592277 0.2404856 0.1002866 
0.7485307 0.1891463 0.06232304 
0.793296 0.1558626 0.0508414 
0.8347356 0.08939469 0.07586976 
0.787817 0.1650686 0.04711437 
0.8600397 0.1020132 0.03794711 
0.8029387 0.1363396 0.06072169 
0.7954408 0.1636482 0.04091097 
0.8631395 0.09542463 0.04143587 
0.828274 0.1408306 0.0308954 
0.7997115 0.1513789 0.0489096 
0.8382736 0.1294214 0.03230497 
0.8486003 0.1201826 0.03121711 
0.7677305 0.1498875 0.08238206 
0.7796743 0.1538802 0.06644546 
0.8218032 0.1100761 0.06812068 
0.7588715 0.1602141 0.08091439 
0.8149516 0.1205099 0.06453854 
0.8230289 0.1295752 0.04739588 
0.769695 0.1672951 0.06300993 
0.8120514 0.140409 0.04753956 
0.8861371 0.07019524 0.04366763 
0.7989926 0.159305 0.04170246 
0.7964163 0.163931 0.03965266 
0.8126386 0.1394924 0.04786898 
0.8511386 0.06932332 0.07953806 
0.7931225 0.1293048 0.07757265 
0.7825804 0.1735909 0.04382865 
0.7823848 0.1716522 0.04596301 
0.8011845 0.1048384 0.09397713 
0.8505549 0.1105314 0.03891373 
0.77003 0.143362 0.08660794 
0.7951914 0.1574475 0.04736118 
0.7954312 0.1465556 0.05801314 
0.7705786 0.2245634 0.004857941 
0.845493 0.1151011 0.0394059 
0.7354076 0.2035552 0.06103716 
0.8178858 0.1539732 0.02814097 
0.7720942 0.1830402 0.04486561 
0.8069427 0.1425593 0.05049801 
0.8602891 0.09984315 0.0398678 
0.8264559 0.1041901 0.06935391 
0.80453 0.0975197 0.09795031 
0.7712381 0.1921597 0.03660214 
0.7372215 0.1625437 0.1002349 
0.7492551 0.1850588 0.06568611 
0.8411729 0.1039655 0.05486165 
0.8524149 0.09858863 0.04899648 
0.8671481 0.07963137 0.05322056 
0.7834082 0.1030297 0.1135621 
0.7784949 0.1601049 0.06140017 
0.7666223 0.1803195 0.05305823 
0.8845639 0.07534748 0.04008865 
0.7786475 0.1489158 0.07243664 
0.8402148 0.09959116 0.06019403 
0.7829341 0.1635097 0.0535562 
0.7726998 0.1602902 0.06701002 
0.7958419 0.1588713 0.04528675 
0.8241056 0.1213153 0.05457918 
0.7484933 0.2150292 0.03647748 
0.7833519 0.1176516 0.09899652 
0.8021108 0.1477526 0.0501366 
0.802338 0.121904 0.07575802 
0.7805002 0.1373213 0.08217849 
0.7900871 0.117827 0.09208597 
0.8102332 0.1087248 0.08104195 
0.811781 0.118897 0.06932203 
0.8439959 0.07265916 0.08334497 
0.8270154 0.1141824 0.05880229 
0.8840105 0.05821234 0.05777717 
0.7816012 0.07700081 0.141398 
0.8155732 0.09358688 0.09083992 
0.7778605 0.1482351 0.07390439 
0.7725144 0.1074331 0.1200524 
0.8478982 0.08567126 0.06643056 
0.8280279 0.1274992 0.04447289 
0.8075886 0.1550845 0.0373269 
0.7628742 0.1664087 0.07071714 
0.7941468 0.1279893 0.0778639 
0.8197244 0.1458028 0.03447275 
0.8074975 0.1594121 0.0330904 
0.7263376 0.2070275 0.06663488 
0.873169 0.06483277 0.06199823 
0.8246818 0.1295255 0.04579271 
0.8730376 0.07875131 0.04821108 
0.863165 0.08844959 0.0483854 
0.8044825 0.1480562 0.04746124 
0.8549896 0.09095475 0.05405567 
0.7811232 0.1722765 0.04660026 
0.7379597 0.139888 0.1221523 
0.7609174 0.1654017 0.07368093 
0.9097678 0.06737131 0.02286085 
0.8306206 0.1494558 0.01992369 
0.8881722 0.09099241 0.0208354 
0.8250499 0.09743634 0.07751374 
0.7984569 0.1134197 0.08812348 
0.7904868 0.1728288 0.03668441 
0.8037751 0.1560005 0.04022435 
0.8601117 0.08189991 0.05798843 
0.8358779 0.1154555 0.0486666 
0.7777018 0.1957898 0.02650837 
0.859545 0.08121672 0.05923825 
0.7478938 0.2147861 0.0373201 
0.7911338 0.1507907 0.05807543 
0.8322854 0.1279662 0.03974845 
0.7972668 0.1079092 0.09482405 
0.8389081 0.1122044 0.04888754 
0.7980737 0.1361126 0.06581368 
0.8474148 0.1245166 0.02806862 
0.8689806 0.0855744 0.04544501 
0.8870857 0.08876907 0.02414523 
0.8033328 0.1000823 0.09658495 
0.7792755 0.1340154 0.08670913 
0.7780657 0.1333191 0.08861521 
0.8322826 0.1113169 0.05640046 
0.8145336 0.117539 0.06792745 
0.8388066 0.1073711 0.05382226 
0.7672846 0.1502077 0.08250776 
0.8046093 0.1365799 0.05881084 
0.7824564 0.1169985 0.1005451 
0.7534987 0.2036839 0.04281739 
0.7898778 0.1777042 0.03241807 
0.8407721 0.07281538 0.08641251 
0.7543926 0.2184345 0.02717291 
0.7629303 0.1658343 0.07123538 
0.8008883 0.1298975 0.06921419 
0.7555065 0.148581 0.09591254 
0.8196456 0.1298024 0.05055202 
0.8292863 0.1204145 0.0502992 
0.7341122 0.1553084 0.1105794 
0.8356212 0.1155836 0.04879525 
0.8400678 0.1270662 0.03286599 
0.8269123 0.09695855 0.07612912 
0.8284034 0.1339086 0.03768802 
0.7459621 0.1501382 0.1038997 
0.775857 0.1672507 0.0568922 
0.7880005 0.1651972 0.04680232 
0.7916553 0.1382083 0.0701364 
0.861444 0.08248259 0.05607344 
0.8541616 0.08685186 0.05898656 
0.839082 0.1142269 0.0466911 
0.7764009 0.1646665 0.05893265 
0.8211983 0.1133914 0.06541029 
0.789861 0.1818503 0.0282887 
0.7489439 0.1826429 0.06841315 
0.7561767 0.137284 0.1065393 
0.8450408 0.1053371 0.04962209 
0.8228208 0.1340029 0.04317631 
0.8015518 0.1675299 0.03091823 
0.7696764 0.1571344 0.07318916 
0.7352677 0.192389 0.0723433 
0.8127223 0.1580572 0.02922049 
0.7523727 0.1241267 0.1235005 
0.7622629 0.1639954 0.07374171 
0.8495745 0.1283049 0.02212065 
0.7597599 0.1671477 0.07309237 
0.7969035 0.1257292 0.07736727 
0.7546587 0.1619354 0.08340586 
0.7965499 0.1539018 0.04954826 
0.8570763 0.08250688 0.0604168 
0.831054 0.0919714 0.07697464 
0.8598419 0.09947456 0.04068356 
0.8355418 0.1357971 0.02866112 
0.7388706 0.1936355 0.06749388 
0.8259042 0.1285552 0.0455406 
0.8954472 0.0811472 0.02340555 
0.7770884 0.179898 0.04301365 
0.7777133 0.1562884 0.06599835 
0.8032889 0.1350305 0.06168054 
0.8361057 0.1021899 0.06170445 
0.8024996 0.1499864 0.04751401 
0.819537 0.1502038 0.03025923 
0.7733046 0.1453918 0.08130369 
0.8314975 0.0955044 0.07299812 
0.8258304 0.110301 0.06386859 
0.8416716 0.1024289 0.05589949 
0.8130595 0.1198058 0.06713473 
0.7476622 0.1420581 0.1102797 
0.7881584 0.1453186 0.06652296 
0.7884145 0.1895535 0.02203202 
0.8170638 0.08673313 0.09620308 
0.8371869 0.09999775 0.06281532 
0.8068363 0.1326695 0.06049426 
0.8105158 0.11972 0.06976423 
0.8061129 0.1553865 0.0385006 
0.790738 0.1431478 0.06611418 
0.7979193 0.1417593 0.06032145 
0.8338661 0.112127 0.05400691 
0.810053 0.1791264 0.01082061 
0.8097194 0.1186784 0.07160212 
0.7619407 0.141627 0.0964323 
0.7640796 0.1663004 0.06961998 
0.8035638 0.1395762 0.05686001 
0.8364167 0.1176749 0.04590842 
0.8217161 0.09529121 0.08299269 
0.8259211 0.1230127 0.05106622 
0.8721746 0.08906657 0.03875882 
0.7935337 0.1167456 0.08972068 
0.838832 0.1270215 0.03414651 
0.8497606 0.1081491 0.04209031 
0.8071134 0.1345254 0.05836117 
0.7509077 0.1316965 0.1173958 
0.7768044 0.1514819 0.07171378 
0.7998448 0.1224 0.07775523 
0.7936625 0.1442641 0.06207345 
0.8126762 0.1252471 0.06207672 
0.7358636 0.1965875 0.06754895 
0.7729059 0.1372739 0.08982023 
0.724371 0.1921441 0.08348486 
0.8404594 0.1237757 0.03576481 
0.7648451 0.168039 0.0671159 
0.8499072 0.1075682 0.04252452 
0.7052053 0.1884114 0.1063832 
0.7640705 0.1579716 0.07795783 
0.8009371 0.1193266 0.07973624 
0.8411574 0.1029237 0.05591895 
0.7985371 0.1636711 0.03779182 
0.8598829 0.07032523 0.06979187 
0.8410222 0.1584097 0.0005680857 
0.7381968 0.2578105 0.003992674 
0.8768995 0.1214345 0.001666011 
0.8480076 0.1112721 0.04072025 
0.7881658 0.1856556 0.0261786 
0.7912415 0.1719346 0.03682394 
0.7911902 0.1753771 0.03343272 
0.7989999 0.1584032 0.04259689 
0.8248987 0.09879552 0.07630577 
0.7491035 0.1926569 0.05823958 
0.8239248 0.131445 0.04463021 
0.800365 0.1450208 0.05461418 
0.7901059 0.154478 0.05541611 
0.7522288 0.1767158 0.07105544 
0.8153084 0.1296573 0.05503424 
0.8456793 0.08764219 0.06667854 
0.7847478 0.1658709 0.04938127 
0.7711158 0.1266654 0.1022188 
0.8161138 0.1063116 0.07757463 
0.8177166 0.1411988 0.04108461 
0.7823973 0.1597324 0.05787027 
0.6998671 0.2269682 0.0731647 
0.8055743 0.131172 0.06325374 
0.8388372 0.1099002 0.05126255 
0.7753611 0.1685447 0.05609419 
0.781893 0.1698826 0.0482244 
0.7558325 0.2053773 0.03879017 
0.8011872 0.1397701 0.05904271 
0.7753498 0.1884258 0.03622442 
0.8339167 0.1077932 0.05829011 
0.7554947 0.1561365 0.08836879 
0.8685655 0.0951905 0.03624401 
0.8013927 0.1586815 0.03992585 
0.8674283 0.115822 0.0167497 
0.8278708 0.08198195 0.09014724 
0.7644819 0.1294143 0.1061038 
0.8403063 0.09249576 0.06719794 
0.8047342 0.1486436 0.04662224 
0.8754838 0.08498382 0.03953239 
0.8475456 0.1197128 0.03274154 
0.8410012 0.134939 0.02405977 
0.7743394 0.1312802 0.09438044 
0.8109535 0.09099664 0.09804985 
0.7693451 0.1382139 0.09244096 
0.8284197 0.1288334 0.04274685 
0.8117609 0.133536 0.05470306 
0.8084816 0.1213009 0.07021748 
0.7970296 0.173513 0.02945742 
0.8164362 0.1214881 0.06207572 
0.7752747 0.1298208 0.09490452 
0.7705975 0.06532364 0.1640788 
0.7992004 0.1816293 0.01917027 
0.8085392 0.1320019 0.0594589 
0.8541626 0.09698882 0.0488486 
0.7588738 0.1604959 0.08063034 
0.7574751 0.1764308 0.06609414 
0.8189969 0.12568 0.05532311 
0.7580677 0.1956525 0.04627976 
0.8011251 0.149134 0.04974089 
0.7668654 0.1486099 0.0845247 
0.7432212 0.2096946 0.04708426 
