p_1 p_2 p_3 
0.3156315 0.4625383 0.2218302 
0.3153083 0.3366792 0.3480124 
0.1773551 0.4812742 0.3413707 
0.2589247 0.4272394 0.3138359 
0.2922788 0.3959713 0.31175 
0.2466217 0.4061762 0.3472021 
0.2895908 0.3153799 0.3950293 
0.3245607 0.3709885 0.3044508 
0.2765713 0.3977342 0.3256945 
0.2191465 0.4235713 0.3572822 
0.2921349 0.3618227 0.3460423 
0.3142415 0.4792369 0.2065215 
0.3469159 0.3499317 0.3031524 
0.2602224 0.4217422 0.3180353 
0.235694 0.446128 0.3181781 
0.240442 0.4488757 0.3106823 
0.2545766 0.4043804 0.3410431 
0.2612183 0.4236455 0.3151363 
0.2994028 0.4166567 0.2839405 
0.2993895 0.4015885 0.2990219 
0.3211396 0.3348813 0.3439791 
0.318249 0.4333378 0.2484132 
0.2224707 0.3916637 0.3858656 
0.2272101 0.3705767 0.4022132 
0.3524167 0.3210099 0.3265735 
0.1814475 0.4779313 0.3406212 
0.3376489 0.3714144 0.2909367 
0.2122205 0.4605131 0.3272664 
0.1965453 0.4630261 0.3404286 
0.2735982 0.4389042 0.2874976 
0.3003379 0.3467249 0.3529372 
0.3684009 0.3502001 0.281399 
0.2610668 0.4187745 0.3201587 
0.2774198 0.37548 0.3471002 
0.3472521 0.3263351 0.3264128 
0.2983495 0.3990648 0.3025856 
0.3478071 0.3154425 0.3367504 
0.2321101 0.4891914 0.2786985 
0.2224524 0.4417913 0.3357563 
0.2816182 0.4344289 0.2839529 
0.233684 0.5205043 0.2458117 
0.3069207 0.4033981 0.2896812 
0.2742476 0.4207504 0.305002 
0.2623907 0.4218755 0.3157338 
0.3492803 0.3966488 0.2540709 
0.2968408 0.4621305 0.2410287 
0.2442792 0.4839992 0.2717216 
0.3352983 0.3841038 0.2805979 
0.3119813 0.3589235 0.3290952 
0.2745363 0.4321002 0.2933634 
0.3282673 0.2681055 0.4036272 
0.2497707 0.5139772 0.2362521 
0.23613 0.4198174 0.3440526 
0.2410981 0.3573191 0.4015829 
0.2075142 0.3820651 0.4104207 
0.203124 0.3830899 0.4137862 
0.2208903 0.4167571 0.3623526 
0.1830955 0.4692348 0.3476697 
0.2486547 0.489562 0.2617833 
0.2699919 0.3677242 0.3622839 
0.3020429 0.3798304 0.3181267 
0.308514 0.4160504 0.2754356 
0.2890187 0.4353015 0.2756798 
0.3170067 0.3901138 0.2928794 
0.2505884 0.4058069 0.3436048 
0.2621068 0.3765755 0.3613177 
0.2518259 0.3744073 0.3737668 
0.2146279 0.3614511 0.4239209 
0.2193143 0.3869212 0.3937645 
0.2848376 0.4159282 0.2992342 
0.3689819 0.3832308 0.2477873 
0.2871072 0.3889626 0.3239301 
0.3856147 0.2937144 0.3206708 
0.3074545 0.4178727 0.2746728 
0.2870885 0.3714174 0.3414941 
0.3105769 0.4040433 0.2853798 
0.3437673 0.3877669 0.2684658 
0.2646081 0.3568281 0.3785637 
0.3042523 0.4555838 0.2401638 
0.2987421 0.3633029 0.337955 
0.2680988 0.3817497 0.3501516 
0.3112259 0.4802829 0.2084912 
0.2684637 0.3185124 0.4130238 
0.2886668 0.4272887 0.2840445 
0.3263622 0.3800852 0.2935526 
0.3035778 0.3590083 0.3374138 
0.3003981 0.4181615 0.2814404 
0.3463011 0.3894378 0.2642611 
0.2589966 0.4183992 0.3226042 
0.3092631 0.3752737 0.3154633 
0.2760394 0.4504706 0.27349 
0.2844297 0.4552597 0.2603106 
0.2732122 0.4079607 0.3188271 
0.2963805 0.3593943 0.3442251 
0.3399775 0.4508792 0.2091433 
0.2552869 0.4952235 0.2494896 
0.1675947 0.5731301 0.2592751 
0.3353959 0.3570988 0.3075053 
0.2605885 0.4227585 0.316653 
0.2797938 0.3866235 0.3335827 
0.3151914 0.3517533 0.3330553 
0.2475186 0.4661941 0.2862873 
0.2779174 0.4153983 0.3066843 
0.2509212 0.4381353 0.3109435 
0.2926715 0.3867614 0.3205671 
0.2287014 0.4274326 0.3438661 
0.317567 0.3818739 0.3005592 
0.3055334 0.3465261 0.3479405 
0.2904573 0.3356873 0.3738554 
0.174345 0.4893207 0.3363343 
0.2656288 0.3925665 0.3418047 
0.2731576 0.446861 0.2799814 
0.3231309 0.4538025 0.2230666 
0.3194234 0.3230598 0.3575168 
0.1989722 0.4273415 0.3736862 
0.2295639 0.4562147 0.3142214 
0.317451 0.3789213 0.3036277 
0.2594175 0.3774556 0.3631269 
0.2664178 0.4360435 0.2975387 
0.2626319 0.4287482 0.3086199 
0.2467774 0.4924723 0.2607503 
0.3063633 0.3866601 0.3069767 
0.250392 0.4498727 0.2997354 
0.2624527 0.3668447 0.3707026 
0.2719897 0.3436434 0.3843669 
0.2336939 0.4153924 0.3509137 
0.1978838 0.4295905 0.3725257 
0.3262148 0.4061872 0.267598 
0.2961679 0.4178206 0.2860116 
0.2824929 0.4435375 0.2739696 
0.2719509 0.3543198 0.3737293 
0.2375111 0.4466759 0.315813 
0.2895081 0.4220833 0.2884086 
0.400161 0.3650462 0.2347928 
0.2063179 0.3479289 0.4457531 
0.3534547 0.3278621 0.3186833 
0.2175469 0.41335 0.3691031 
0.2991409 0.3687142 0.3321449 
0.2948476 0.4437363 0.2614161 
0.3186069 0.369723 0.3116701 
0.2991721 0.4168733 0.2839546 
0.2764903 0.4566207 0.266889 
0.2782929 0.4209082 0.3007988 
0.3094641 0.4253153 0.2652205 
0.211224 0.4757073 0.3130687 
0.3118136 0.4658243 0.2223621 
0.2521455 0.4156052 0.3322493 
0.281435 0.4572426 0.2613225 
0.2182824 0.4845261 0.2971915 
0.2938442 0.3491956 0.3569602 
0.2499176 0.3856911 0.3643913 
0.260966 0.4076247 0.3314093 
0.2275341 0.420775 0.3516909 
0.2524664 0.3867921 0.3607415 
0.2346744 0.4597732 0.3055524 
0.2986169 0.3486777 0.3527054 
0.3312414 0.4021201 0.2666385 
0.3117435 0.4360502 0.2522062 
0.2832958 0.4751237 0.2415805 
0.3353307 0.3928621 0.2718072 
0.254758 0.4970888 0.2481532 
0.3092131 0.3918958 0.2988911 
0.2500292 0.5137434 0.2362274 
0.2389726 0.3865297 0.3744977 
0.2582781 0.364449 0.3772729 
0.2622014 0.4968703 0.2409283 
0.2496908 0.4436803 0.3066289 
0.3294898 0.4509488 0.2195614 
0.2520934 0.4656122 0.2822944 
0.2220581 0.3760784 0.4018636 
0.2871007 0.4263361 0.2865632 
0.2696136 0.4297672 0.3006192 
0.2420919 0.4372453 0.3206628 
0.3359209 0.3830474 0.2810317 
0.320724 0.3624228 0.3168532 
0.3169485 0.3539581 0.3290934 
0.2850795 0.4620953 0.2528252 
0.2452457 0.3425817 0.4121726 
0.2404113 0.4406047 0.318984 
0.3406944 0.4015175 0.2577881 
0.2816427 0.3661193 0.3522381 
0.2423733 0.4815879 0.2760387 
0.287469 0.3641429 0.3483882 
0.2965484 0.4231454 0.2803063 
0.2443875 0.3962304 0.359382 
0.285217 0.4263449 0.2884381 
0.3404739 0.367294 0.2922321 
0.2977138 0.4143334 0.2879528 
0.2317052 0.5091626 0.2591322 
0.2777774 0.4267156 0.295507 
0.2904649 0.4264603 0.2830748 
0.3191976 0.3940694 0.286733 
0.2636352 0.5244804 0.2118844 
0.2130483 0.3919385 0.3950132 
0.2076374 0.508145 0.2842176 
0.2972129 0.3879417 0.3148455 
0.2806812 0.3687292 0.3505896 
0.324692 0.4055495 0.2697585 
0.2573733 0.4897672 0.2528595 
0.2879114 0.4059744 0.3061142 
0.2170831 0.4354104 0.3475065 
0.2534076 0.4256295 0.3209629 
0.2730741 0.4644834 0.2624425 
0.3691638 0.3820346 0.2488016 
0.3533645 0.3845271 0.2621084 
0.2334114 0.4609113 0.3056773 
0.2118893 0.4116327 0.3764779 
0.2084948 0.4370667 0.3544385 
0.3159041 0.2947158 0.38938 
0.2966154 0.4145319 0.2888526 
0.2399003 0.4058709 0.3542288 
0.1810931 0.404069 0.414838 
0.2857571 0.3702467 0.3439962 
0.2226281 0.4177398 0.3596321 
0.3575138 0.3696992 0.272787 
0.2263571 0.5014725 0.2721705 
0.2247939 0.4895473 0.2856588 
0.3417698 0.346034 0.3121962 
0.2688869 0.4170378 0.3140753 
0.3204114 0.4227606 0.256828 
0.1934879 0.399873 0.4066391 
0.2580482 0.4792255 0.2627263 
0.2569391 0.3976101 0.3454508 
0.2878028 0.4302982 0.281899 
0.2536023 0.4078099 0.3385878 
0.3281428 0.4340742 0.2377831 
0.2531387 0.4992641 0.2475972 
0.3392357 0.3936476 0.2671167 
0.2580942 0.3801356 0.3617702 
0.2451019 0.4409239 0.3139742 
0.2779138 0.4177616 0.3043246 
0.2988094 0.3911549 0.3100358 
0.266636 0.3792051 0.3541589 
0.3266789 0.4290977 0.2442233 
0.2073732 0.449163 0.3434638 
0.3776756 0.3116678 0.3106566 
0.2071493 0.4821563 0.3106945 
0.2469942 0.4711558 0.28185 
0.2206104 0.4362118 0.3431777 
0.2545438 0.4784288 0.2670274 
0.2519258 0.3462398 0.4018344 
0.3027574 0.4260532 0.2711894 
0.281402 0.3991761 0.3194219 
0.2665081 0.4128293 0.3206627 
0.2539539 0.4446287 0.3014174 
0.264404 0.3781946 0.3574014 
0.2228909 0.3861409 0.3909682 
0.3149423 0.3696934 0.3153643 
0.258103 0.4574839 0.2844131 
0.308737 0.3608027 0.3304603 
0.2735041 0.3647396 0.3617563 
0.1970875 0.464553 0.3383595 
0.3149918 0.4458256 0.2391826 
0.2010108 0.5134983 0.2854909 
0.3038688 0.4452215 0.2509096 
0.3316846 0.3006972 0.3676182 
0.1971949 0.4858118 0.3169934 
0.3026029 0.5223881 0.175009 
0.3274951 0.3199327 0.3525722 
0.3146596 0.3722393 0.3131011 
0.3277202 0.4508771 0.2214027 
0.366049 0.3940383 0.2399127 
0.2686625 0.5060784 0.2252591 
0.2832006 0.3863602 0.3304392 
0.2986432 0.3980634 0.3032935 
0.3145793 0.3407743 0.3446464 
0.3569407 0.3676088 0.2754505 
0.2651214 0.4388265 0.296052 
0.2918381 0.4431308 0.2650312 
0.3170466 0.4094156 0.2735378 
0.25721 0.3771957 0.3655943 
0.240822 0.415316 0.343862 
0.2945473 0.3599781 0.3454746 
0.2367244 0.5274726 0.235803 
0.3056207 0.2670098 0.4273696 
0.2242787 0.5071038 0.2686175 
0.3150292 0.3958332 0.2891376 
0.2278726 0.4250233 0.3471042 
0.3461262 0.3958868 0.257987 
0.2771807 0.4143523 0.308467 
0.3250344 0.3778625 0.2971031 
0.2233902 0.4409974 0.3356124 
0.2169432 0.4778329 0.3052239 
0.2921341 0.3610571 0.3468088 
0.2364301 0.4142367 0.3493332 
0.2778738 0.4053611 0.3167651 
0.2634131 0.3668692 0.3697176 
0.2967372 0.4275548 0.275708 
0.2584156 0.4001298 0.3414546 
0.3056655 0.4649443 0.2293901 
0.1898317 0.3948233 0.415345 
0.3215377 0.3506967 0.3277656 
0.2282248 0.3766407 0.3951345 
0.2483555 0.3954826 0.3561618 
0.3761233 0.4028385 0.2210381 
0.2988405 0.4084732 0.2926863 
0.294173 0.3987376 0.3070894 
0.2905413 0.3587794 0.3506793 
0.3094499 0.3987604 0.2917896 
0.2726021 0.3288408 0.3985571 
0.2621291 0.3592694 0.3786016 
0.2442544 0.4575111 0.2982345 
0.2632647 0.5047276 0.2320076 
0.2903316 0.4737287 0.2359397 
0.2745882 0.3438829 0.3815289 
0.3117195 0.4316181 0.2566624 
0.2683381 0.3907794 0.3408825 
0.2153684 0.4419051 0.3427265 
0.1883643 0.5631014 0.2485343 
0.3264023 0.3782631 0.2953346 
0.3306332 0.3966675 0.2726993 
0.2582412 0.3618049 0.3799539 
0.2697273 0.4336587 0.2966141 
0.2829132 0.4332766 0.2838102 
0.3410604 0.3799216 0.279018 
0.2564422 0.4738585 0.2696993 
0.3880706 0.3344425 0.277487 
0.2888652 0.3731937 0.3379411 
0.1990447 0.4338217 0.3671336 
0.3031434 0.4470577 0.2497989 
0.3123409 0.3482766 0.3393825 
0.23218 0.3888713 0.3789487 
0.3222301 0.3596534 0.3181165 
0.2194159 0.4141188 0.3664653 
0.3347369 0.3210348 0.3442283 
0.2428441 0.4727123 0.2844436 
0.352672 0.3344846 0.3128434 
0.3025662 0.3854433 0.3119905 
0.2211883 0.3831737 0.3956379 
0.269111 0.401719 0.32917 
0.2940964 0.4156704 0.2902333 
0.2922429 0.4124094 0.2953476 
0.3019463 0.3880086 0.3100451 
0.2325201 0.4308384 0.3366414 
0.3181369 0.3518363 0.3300268 
0.2828901 0.4257702 0.2913398 
0.2473117 0.491448 0.2612402 
0.2614506 0.4214064 0.317143 
0.3647732 0.3700959 0.2651309 
0.3482025 0.3005135 0.3512839 
0.2211711 0.4811219 0.297707 
0.2504144 0.445543 0.3040426 
0.3841606 0.3592332 0.2566062 
0.2531317 0.4312495 0.3156188 
0.3042869 0.4469094 0.2488037 
0.2322382 0.4365661 0.3311957 
0.3371938 0.3982893 0.2645169 
0.3246864 0.3742733 0.3010403 
0.2612913 0.3988019 0.3399068 
0.2500646 0.4009193 0.3490161 
0.3058457 0.4082968 0.2858574 
0.2798332 0.4767369 0.24343 
0.2838756 0.4366098 0.2795146 
0.254196 0.3476141 0.3981899 
0.2403253 0.43024 0.3294347 
0.2278787 0.443226 0.3288953 
0.3210725 0.4064017 0.2725258 
0.2456932 0.4603879 0.293919 
0.3157314 0.3669114 0.3173572 
0.2204275 0.3970069 0.3825656 
0.3502308 0.3058795 0.3438897 
0.3097818 0.4269457 0.2632725 
0.2791397 0.4385276 0.2823326 
0.2295828 0.4686688 0.3017484 
0.2582649 0.3619949 0.3797401 
0.2910864 0.4536075 0.2553061 
0.1949634 0.5265856 0.278451 
0.2857918 0.344726 0.3694822 
0.2373342 0.5119173 0.2507485 
0.3021016 0.36617 0.3317284 
0.3000114 0.4470856 0.252903 
0.4049364 0.288811 0.3062527 
0.3144816 0.4425389 0.2429794 
0.2515826 0.482361 0.2660564 
0.2864519 0.4342371 0.279311 
0.273332 0.4534741 0.2731939 
0.2903904 0.3920622 0.3175474 
0.2932433 0.3998445 0.3069122 
0.2123106 0.5292399 0.2584495 
0.2230343 0.3972409 0.3797247 
0.2274256 0.4193193 0.3532551 
0.293871 0.3919541 0.3141749 
0.2429577 0.3898943 0.367148 
0.235843 0.4473228 0.3168342 
0.3374555 0.3092836 0.3532609 
0.230556 0.4393235 0.3301205 
0.2659846 0.4032059 0.3308095 
0.2821674 0.4042575 0.3135752 
0.2172636 0.4714175 0.3113189 
0.3155619 0.3968462 0.2875919 
0.330235 0.3930164 0.2767486 
0.2456711 0.4627921 0.2915368 
0.2447739 0.4157732 0.3394528 
0.2178996 0.5137578 0.2683426 
0.2395866 0.4386252 0.3217881 
0.2563707 0.3639854 0.3796439 
0.3256257 0.4292914 0.2450829 
0.3071725 0.3762544 0.3165731 
0.3303614 0.3991473 0.2704913 
0.2930588 0.3722094 0.3347319 
0.2720458 0.4253101 0.3026441 
0.2708926 0.4149855 0.3141219 
0.2945194 0.3763067 0.3291739 
0.2461493 0.4550519 0.2987988 
0.2775985 0.2690654 0.453336 
0.2807364 0.4135764 0.3056872 
0.3157359 0.3691993 0.3150647 
0.2130999 0.4734321 0.313468 
0.3699115 0.3128167 0.3172719 
0.3084848 0.3763668 0.3151484 
0.271534 0.3796754 0.3487906 
0.2854941 0.4938259 0.22068 
0.2798145 0.4098907 0.3102948 
0.292448 0.400861 0.306691 
0.2814212 0.371749 0.3468298 
0.2688177 0.3464606 0.3847216 
0.3155429 0.3905851 0.2938719 
0.2757346 0.387253 0.3370124 
0.2931815 0.4447162 0.2621023 
0.3213014 0.2932185 0.3854801 
0.2384114 0.4200301 0.3415585 
0.3640304 0.362823 0.2731466 
0.3333736 0.3572359 0.3093904 
0.2975009 0.3801296 0.3223695 
0.2289578 0.4542352 0.316807 
0.2911648 0.4254394 0.2833958 
0.2352499 0.3761838 0.3885663 
0.2431824 0.4093797 0.3474379 
0.2365625 0.362907 0.4005305 
0.2434962 0.4730765 0.2834273 
0.2815186 0.4160251 0.3024562 
0.2541119 0.3860588 0.3598293 
0.3043572 0.389531 0.3061117 
0.2525733 0.431499 0.3159277 
0.2978297 0.3484245 0.3537459 
0.2569421 0.3154653 0.4275926 
0.3085329 0.3753617 0.3161055 
0.2849247 0.4312849 0.2837904 
0.2807532 0.3674765 0.3517703 
0.2135965 0.4207523 0.3656513 
0.2810722 0.3951016 0.3238262 
0.308917 0.3573207 0.3337623 
0.2458174 0.451461 0.3027215 
0.2690564 0.3886455 0.3422981 
0.2894794 0.40247 0.3080506 
0.3007069 0.4203725 0.2789206 
0.2896262 0.4171064 0.2932674 
0.3032092 0.3553202 0.3414706 
0.3131759 0.3991758 0.2876483 
0.3274283 0.4371088 0.2354629 
0.3094569 0.3784932 0.3120499 
0.2907331 0.3819789 0.327288 
0.2249774 0.4340195 0.3410031 
0.2840691 0.4095339 0.306397 
0.2161582 0.4295472 0.3542946 
0.2467939 0.4783323 0.2748738 
0.2269647 0.4196673 0.353368 
0.2398285 0.4039379 0.3562336 
0.2873219 0.4223198 0.2903583 
0.327055 0.4016269 0.2713181 
0.3612577 0.3784465 0.2602958 
0.3352707 0.4177132 0.2470161 
0.3442468 0.3125756 0.3431776 
0.2148913 0.445578 0.3395306 
0.2664498 0.3494861 0.3840641 
0.1994831 0.4985802 0.3019367 
0.2767968 0.4265089 0.2966942 
0.2213952 0.4149608 0.363644 
0.2940775 0.4094456 0.2964769 
0.2815864 0.4034423 0.3149713 
0.2419353 0.5069966 0.2510681 
0.3119439 0.3412619 0.3467942 
0.3073199 0.418567 0.2741131 
0.2873604 0.4557717 0.2568679 
0.2792087 0.3674126 0.3533787 
0.3035509 0.3991262 0.2973229 
0.289758 0.4157659 0.2944761 
0.2291516 0.4633899 0.3074586 
0.2818384 0.4334015 0.2847601 
0.318589 0.409808 0.271603 
0.340573 0.3661583 0.2932688 
0.2334381 0.5020535 0.2645084 
0.2029169 0.4796215 0.3174616 
0.3212544 0.4210894 0.2576561 
0.3178244 0.4527906 0.229385 
0.2886541 0.3531922 0.3581537 
0.309024 0.4127375 0.2782385 
0.2470092 0.4127486 0.3402422 
0.2943856 0.4058207 0.2997938 
0.2871975 0.4317219 0.2810806 
0.3161063 0.3374738 0.3464199 
0.2112648 0.5160291 0.2727061 
0.2290759 0.4333797 0.3375444 
0.2978113 0.3787767 0.323412 
0.2460558 0.3553215 0.3986227 
0.2661424 0.4868933 0.2469643 
0.2916249 0.4076844 0.3006908 
0.2964425 0.3493973 0.3541602 
0.2396585 0.4758948 0.2844467 
0.2278279 0.4080419 0.3641303 
0.2482623 0.4752413 0.2764964 
0.3102806 0.4354376 0.2542817 
0.2412262 0.3448662 0.4139076 
0.3189186 0.4058935 0.2751879 
0.282002 0.4437779 0.2742201 
0.2893641 0.3679136 0.3427224 
0.3077531 0.3976657 0.2945812 
0.3994557 0.3197834 0.2807609 
0.2110582 0.4510692 0.3378727 
0.2835101 0.3982564 0.3182335 
0.2783066 0.4033126 0.3183808 
0.3300976 0.3618526 0.3080498 
0.2612582 0.3976785 0.3410634 
0.1787801 0.5194377 0.3017822 
0.2466222 0.3923877 0.3609901 
0.2393215 0.4553327 0.3053459 
0.3085989 0.3821874 0.3092137 
0.2760525 0.4305736 0.2933739 
0.3346597 0.4540932 0.2112471 
0.3348715 0.3543468 0.3107817 
0.2677608 0.4026061 0.3296332 
0.2598085 0.4427632 0.2974282 
0.2356253 0.3539093 0.4104654 
0.3737834 0.3331434 0.2930732 
0.2548699 0.399559 0.3455711 
0.2191601 0.4235352 0.3573047 
0.2766875 0.4455029 0.2778096 
0.3119506 0.3824107 0.3056388 
0.3019917 0.3962804 0.3017279 
0.2742224 0.424726 0.3010516 
0.2662566 0.2848596 0.4488838 
0.2158941 0.492904 0.2912019 
0.2877537 0.3151401 0.3971062 
0.3309741 0.3191669 0.349859 
0.2970185 0.3869763 0.3160051 
0.3277123 0.400159 0.2721287 
0.2817101 0.4235118 0.2947781 
0.2711412 0.4011432 0.3277156 
0.3407637 0.302899 0.3563373 
0.2325268 0.5274266 0.2400466 
0.3528126 0.4072715 0.2399159 
0.3150757 0.4499619 0.2349624 
0.2352473 0.3794788 0.3852739 
0.2090649 0.4244296 0.3665055 
0.1859295 0.4376476 0.3764229 
0.2226012 0.4588286 0.3185702 
0.3382409 0.4122939 0.2494653 
0.3345404 0.4077065 0.257753 
0.2972226 0.4118666 0.2909108 
0.3806719 0.3685735 0.2507546 
0.3865277 0.38413 0.2293423 
0.2751193 0.3941376 0.3307431 
0.3368492 0.3329003 0.3302505 
0.2765505 0.4473746 0.2760749 
0.3278148 0.3725695 0.2996157 
0.313651 0.4017662 0.2845828 
0.2898553 0.3604186 0.3497261 
0.2381407 0.4627174 0.2991419 
0.2142603 0.4474943 0.3382454 
0.2684955 0.4497372 0.2817673 
0.2691332 0.5302925 0.2005743 
0.2866104 0.4327604 0.2806292 
0.3222448 0.3030522 0.374703 
0.2404682 0.4890184 0.2705134 
0.343735 0.404299 0.2519659 
0.2564394 0.4206623 0.3228982 
0.1771472 0.4810602 0.3417927 
0.3334333 0.385344 0.2812227 
0.308366 0.3159508 0.3756832 
0.2406622 0.3831984 0.3761393 
0.2504242 0.4344862 0.3150896 
0.3231953 0.4664921 0.2103126 
0.3683732 0.3791114 0.2525153 
0.2599621 0.4177127 0.3223252 
0.3092009 0.3705998 0.3201993 
0.2634297 0.3927213 0.343849 
0.2284949 0.3775278 0.3939773 
0.2641873 0.3936395 0.3421732 
0.3522161 0.3021574 0.3456265 
0.3221228 0.3772615 0.3006157 
0.2979485 0.4566693 0.2453823 
0.2333389 0.4413635 0.3252976 
0.2862945 0.3567567 0.3569488 
0.296764 0.393214 0.310022 
0.2713052 0.3884258 0.340269 
0.3208691 0.3667529 0.312378 
0.2815128 0.4374578 0.2810294 
0.319021 0.3394087 0.3415703 
0.213189 0.4025641 0.3842468 
0.2351179 0.4046801 0.360202 
0.2322886 0.509836 0.2578754 
0.2821111 0.411956 0.3059329 
0.287002 0.4579459 0.255052 
0.2483602 0.4159468 0.335693 
0.2345027 0.4717802 0.2937172 
0.2007189 0.5366515 0.2626296 
0.2879516 0.4366292 0.2754192 
0.3481603 0.3607083 0.2911314 
0.1838531 0.4045399 0.411607 
0.3009432 0.3993056 0.2997512 
0.2218013 0.4580781 0.3201205 
0.3143532 0.4587091 0.2269377 
0.3922038 0.3785138 0.2292824 
0.3277727 0.3528261 0.3194013 
0.2673512 0.4262086 0.3064402 
0.2400604 0.431342 0.3285976 
0.29133 0.4042102 0.3044598 
0.3067774 0.4148419 0.2783808 
0.3366289 0.3332517 0.3301194 
0.3331006 0.4154747 0.2514247 
0.2245138 0.3702205 0.4052657 
0.2114955 0.417786 0.3707185 
0.2248116 0.4654097 0.3097788 
0.3106559 0.5041498 0.1851944 
0.3438788 0.4074603 0.248661 
0.3260112 0.3334846 0.3405042 
0.4329071 0.2919182 0.2751747 
0.2877118 0.3928753 0.3194128 
0.2817812 0.4312096 0.2870091 
0.2577783 0.3921446 0.3500771 
0.2218452 0.4653457 0.3128091 
0.2748107 0.3618216 0.3633676 
0.2686113 0.4263888 0.3049999 
0.3647408 0.4091584 0.2261008 
0.2279055 0.4046246 0.3674699 
0.3164927 0.3247642 0.3587431 
0.3096087 0.3206133 0.3697781 
0.2248185 0.404269 0.3709125 
0.3298148 0.3935947 0.2765905 
0.2508553 0.4046285 0.3445162 
0.2615486 0.4087956 0.3296558 
0.3277793 0.4122301 0.2599906 
0.2188898 0.442467 0.3386432 
0.2945626 0.3844533 0.3209841 
0.3463087 0.3706969 0.2829944 
0.2819222 0.4039769 0.3141009 
0.2864179 0.4410138 0.2725683 
0.1782932 0.4296453 0.3920615 
0.2714537 0.434575 0.2939713 
0.2719385 0.3389298 0.3891318 
0.2349476 0.4642899 0.3007626 
0.2474571 0.5188057 0.2337372 
0.3806402 0.3387804 0.2805794 
0.3506628 0.4108304 0.2385068 
0.30924 0.3539339 0.3368261 
0.2999525 0.3508734 0.3491741 
0.3391863 0.46764 0.1931737 
0.3835509 0.3595551 0.256894 
0.2690661 0.430866 0.3000679 
0.4174229 0.3118501 0.2707271 
0.3280036 0.3719718 0.3000246 
0.3047515 0.3868279 0.3084207 
0.2611357 0.4105286 0.3283357 
0.2991754 0.395136 0.3056886 
0.360671 0.3525476 0.2867814 
0.2348108 0.4025442 0.3626449 
0.3192761 0.4462063 0.2345176 
0.2394189 0.4168673 0.3437139 
0.2695882 0.4665832 0.2638286 
0.2879819 0.3852925 0.3267256 
0.2915771 0.3752061 0.3332169 
0.2119709 0.5093314 0.2786976 
0.2815506 0.3904232 0.3280262 
0.3009269 0.4137315 0.2853416 
0.253196 0.4869689 0.2598352 
0.2656291 0.4841093 0.2502616 
0.2958032 0.3872549 0.3169419 
0.3282259 0.3851745 0.2865996 
0.2586476 0.350626 0.3907264 
0.2433467 0.4353573 0.3212961 
0.2528461 0.4219923 0.3251616 
0.2463719 0.3967379 0.3568901 
0.2760725 0.4239266 0.300001 
0.2129952 0.4591545 0.3278503 
0.3118161 0.3700662 0.3181177 
0.2484406 0.4274557 0.3241037 
0.2735776 0.4459198 0.2805026 
0.3814739 0.3190975 0.2994286 
0.2457754 0.3644498 0.3897748 
0.2649949 0.4407228 0.2942824 
0.2428521 0.4194771 0.3376708 
0.3402646 0.3539765 0.3057589 
0.3025945 0.3465502 0.3508553 
0.2613746 0.4394365 0.2991889 
0.2135111 0.4310665 0.3554224 
0.2710439 0.3763531 0.3526029 
0.3767478 0.3368604 0.2863917 
0.3451825 0.3940028 0.2608148 
0.4067941 0.2547758 0.3384301 
0.2760867 0.3731396 0.3507737 
0.2487026 0.3387161 0.4125813 
0.2223057 0.4603501 0.3173442 
0.281962 0.4267247 0.2913133 
0.2864707 0.3874257 0.3261036 
0.2910654 0.4234923 0.2854423 
0.285342 0.480946 0.233712 
0.2216173 0.4496436 0.3287391 
0.3563886 0.4356009 0.2080105 
0.3664993 0.2924262 0.3410744 
0.265395 0.4526489 0.2819561 
0.2640312 0.3783742 0.3575946 
0.3081313 0.3568476 0.3350211 
0.2319728 0.4732467 0.2947806 
0.2758509 0.4217115 0.3024377 
0.3319894 0.4158644 0.2521462 
0.2299273 0.4503575 0.3197152 
0.2770587 0.3619562 0.360985 
0.3291557 0.3831439 0.2877003 
0.3034248 0.424172 0.2724032 
0.3392029 0.3224432 0.3383539 
0.2075442 0.3958053 0.3966505 
0.2635183 0.3864713 0.3500104 
0.3149435 0.3743178 0.3107387 
0.2888664 0.3716073 0.3395263 
0.2658632 0.4763488 0.257788 
0.256575 0.3768116 0.3666134 
0.2959758 0.4744667 0.2295575 
0.2804607 0.4279027 0.2916366 
0.2292115 0.4624406 0.3083479 
0.2226588 0.2934129 0.4839282 
0.2639396 0.4128091 0.3232513 
0.2904804 0.3969889 0.3125307 
0.3163072 0.3858953 0.2977975 
0.2526852 0.4389271 0.3083877 
0.2747428 0.4068288 0.3184285 
0.2942882 0.4066539 0.2990579 
0.315884 0.3081436 0.3759725 
0.3972077 0.3528938 0.2498986 
0.1955303 0.4045003 0.3999694 
0.318928 0.4148047 0.2662673 
0.3170931 0.4013519 0.281555 
0.2929474 0.4200625 0.2869901 
0.319244 0.4018231 0.2789329 
0.3306502 0.4135126 0.2558372 
0.2573383 0.3955543 0.3471073 
0.2779258 0.392547 0.3295272 
0.3168001 0.3810982 0.3021017 
0.236234 0.4599861 0.3037799 
0.2771392 0.4041239 0.3187369 
0.2492916 0.4396865 0.3110219 
0.271377 0.4524326 0.2761904 
0.2216942 0.3994503 0.3788555 
0.2972807 0.3897166 0.3130027 
0.2945706 0.3994198 0.3060095 
0.3367314 0.4045937 0.2586749 
0.253858 0.4927412 0.2534008 
0.3270812 0.3850476 0.2878712 
0.2716205 0.4169461 0.3114334 
0.2526688 0.4126225 0.3347088 
0.3329598 0.3820988 0.2849414 
0.3169658 0.3381421 0.3448921 
0.3144072 0.3849928 0.3006 
0.2616203 0.4601639 0.2782158 
0.3814167 0.3152843 0.303299 
0.2489691 0.3951226 0.3559084 
0.2820788 0.4226291 0.2952921 
0.3171366 0.3943846 0.2884787 
0.282052 0.4537889 0.2641591 
0.2384922 0.4267535 0.3347543 
0.2316891 0.4076457 0.3606652 
0.2322374 0.4270525 0.3407101 
0.2669916 0.4209917 0.3120167 
0.2964701 0.4016318 0.3018981 
0.2418816 0.4684425 0.2896759 
0.3111919 0.3710474 0.3177607 
0.2863669 0.4039503 0.3096828 
0.2074923 0.3901247 0.402383 
0.2683625 0.392392 0.3392455 
0.377778 0.2787202 0.3435018 
0.2898159 0.4528457 0.2573384 
0.2038943 0.4588879 0.3372178 
0.2846237 0.413884 0.3014923 
0.285142 0.4279169 0.2869411 
0.1760863 0.4125815 0.4113322 
0.2594409 0.3066667 0.4338924 
0.2439255 0.4586867 0.2973878 
0.2577097 0.4116605 0.3306298 
0.2605452 0.4006922 0.3387626 
0.3175218 0.375905 0.3065731 
0.2582501 0.3858151 0.3559347 
0.257586 0.391177 0.3512369 
0.2602677 0.4714378 0.2682946 
0.2993177 0.3905895 0.3100928 
0.2583303 0.414809 0.3268606 
0.2590557 0.3813925 0.3595518 
0.2767864 0.3221478 0.4010658 
0.3079678 0.4010489 0.2909833 
0.3564372 0.3509731 0.2925896 
0.3158952 0.40495 0.2791548 
0.2402099 0.4178238 0.3419663 
0.2427313 0.4268582 0.3304105 
0.3194582 0.4933063 0.1872355 
0.260294 0.4309144 0.3087916 
0.2636256 0.4867417 0.2496327 
0.3648719 0.3513372 0.2837909 
0.3321782 0.3862836 0.2815382 
0.2542615 0.5358325 0.209906 
0.3170009 0.3533013 0.3296978 
0.3239854 0.4309094 0.2451052 
0.314794 0.3694285 0.3157775 
0.2950132 0.3405772 0.3644096 
0.3090624 0.3363855 0.3545521 
0.3081534 0.4499607 0.2418859 
0.2806473 0.3363273 0.3830254 
0.26662 0.4173022 0.3160778 
0.2894697 0.3985094 0.3120209 
0.298485 0.3895974 0.3119176 
0.214603 0.4046129 0.380784 
0.3247998 0.3492272 0.325973 
0.3158603 0.4051441 0.2789956 
0.271403 0.4378407 0.2907564 
0.2483585 0.4005628 0.3510787 
0.2731556 0.3404998 0.3863446 
0.272937 0.4317361 0.2953269 
0.3280996 0.3523495 0.3195509 
0.2186664 0.4394166 0.341917 
0.3086041 0.3863692 0.3050267 
0.3713358 0.4361828 0.1924814 
0.2935767 0.4076564 0.2987669 
0.2669895 0.5024946 0.2305158 
0.2897066 0.5100276 0.2002658 
0.2136888 0.3971892 0.389122 
0.3162797 0.3144711 0.3692493 
0.3296188 0.3706087 0.2997725 
0.2209993 0.4037109 0.3752899 
0.2825513 0.4460359 0.2714128 
0.1915337 0.4425985 0.3658678 
0.2188017 0.3586478 0.4225504 
0.2742887 0.4552954 0.2704159 
0.2468895 0.4488369 0.3042736 
0.3155094 0.4422897 0.2422009 
0.3394122 0.367373 0.2932148 
0.2883179 0.465878 0.2458041 
0.273634 0.4347479 0.2916181 
0.3347821 0.3763099 0.2889079 
0.2603031 0.3592796 0.3804173 
0.2572367 0.4886755 0.2540877 
0.2783864 0.4434418 0.2781718 
0.3063298 0.4315722 0.2620981 
0.287105 0.5323402 0.1805548 
0.3128122 0.4216959 0.2654919 
0.317627 0.4331797 0.2491933 
0.2780971 0.3497672 0.3721357 
0.2879867 0.3702321 0.3417811 
0.2426433 0.4874391 0.2699176 
0.3378025 0.3603365 0.301861 
0.316348 0.4227102 0.2609418 
0.3619661 0.3593397 0.2786942 
0.2465926 0.3658572 0.3875502 
0.2428141 0.4207948 0.3363911 
0.3075297 0.4079898 0.2844805 
0.2916079 0.3950629 0.3133292 
0.3565451 0.424917 0.2185378 
0.2720423 0.3693302 0.3586275 
0.2885318 0.4119991 0.2994692 
0.3573201 0.3722601 0.2704197 
0.1993632 0.4614272 0.3392096 
0.1767919 0.5210809 0.3021272 
0.293214 0.3777754 0.3290106 
0.2847202 0.3911909 0.3240889 
0.2586332 0.3197741 0.4215927 
0.2117299 0.4133725 0.3748975 
0.3081096 0.4444512 0.2474392 
0.2384784 0.4842483 0.2772733 
0.2706115 0.4695076 0.2598809 
0.2278966 0.4009867 0.3711167 
0.216645 0.3951287 0.3882264 
0.220841 0.4032352 0.3759238 
0.2283624 0.4690269 0.3026107 
0.2346037 0.4222207 0.3431756 
0.3488238 0.3488012 0.302375 
0.356583 0.3645835 0.2788335 
0.3685404 0.3678349 0.2636247 
0.2968531 0.3646604 0.3384865 
0.3125061 0.3325989 0.354895 
0.3616848 0.3446913 0.293624 
0.1957279 0.427346 0.3769261 
0.3189055 0.4494144 0.2316801 
0.2436616 0.4759655 0.2803729 
0.2823555 0.4318137 0.2858308 
0.2429464 0.3514675 0.4055861 
0.2592691 0.4275642 0.3131667 
0.2480428 0.4290452 0.322912 
0.3199831 0.3742727 0.3057442 
0.2685862 0.419968 0.3114459 
0.2554967 0.3733511 0.3711523 
0.2245798 0.4052846 0.3701356 
0.252232 0.4747702 0.2729978 
0.2494051 0.3869588 0.3636361 
0.3205315 0.3398113 0.3396572 
0.1880151 0.4939844 0.3180005 
0.2403623 0.4607084 0.2989293 
0.2799638 0.342921 0.3771152 
0.3075067 0.401855 0.2906383 
0.2673036 0.3791949 0.3535015 
0.2295282 0.3545756 0.4158961 
0.2046184 0.4179172 0.3774644 
0.3058932 0.3572251 0.3368816 
0.2961342 0.3544406 0.3494251 
0.2958554 0.3953293 0.3088153 
0.2743633 0.4106596 0.3149772 
0.2682688 0.3663585 0.3653727 
0.2745773 0.3953846 0.3300381 
0.2243749 0.4258205 0.3498047 
0.2656096 0.45565 0.2787404 
0.2118907 0.4744431 0.3136663 
0.2879897 0.3518822 0.3601282 
0.2368274 0.3899729 0.3731997 
0.3131663 0.4159056 0.2709282 
0.2018711 0.4003187 0.3978101 
0.2506271 0.4079408 0.341432 
0.2482317 0.4516574 0.3001109 
0.2353526 0.3593031 0.4053442 
0.2424928 0.4052832 0.3522239 
0.3586415 0.4148168 0.2265417 
0.2813512 0.3869121 0.3317368 
0.2750169 0.4338941 0.291089 
0.2661267 0.3953593 0.338514 
0.2383103 0.3404241 0.4212656 
0.3543518 0.3544259 0.2912223 
0.4031577 0.3822417 0.2146006 
0.2610621 0.4187358 0.3202021 
0.3105037 0.4160665 0.2734298 
0.3189907 0.4906509 0.1903584 
0.2800491 0.4592435 0.2607073 
0.2723674 0.3461662 0.3814664 
0.2505584 0.4342602 0.3151815 
0.1873783 0.5119267 0.300695 
0.2956888 0.4375033 0.2668079 
0.3139564 0.3471049 0.3389387 
0.2387079 0.3429112 0.418381 
0.2270599 0.3850122 0.3879279 
0.2376692 0.4675974 0.2947334 
0.2565109 0.4396109 0.3038782 
0.2797909 0.4712378 0.2489713 
0.2984889 0.4413802 0.260131 
0.2672327 0.4077988 0.3249684 
0.2769248 0.4187121 0.3043631 
0.2353422 0.4668034 0.2978544 
0.2864256 0.4708893 0.2426851 
0.317018 0.3397897 0.3431923 
0.2753818 0.4582953 0.2663229 
0.287765 0.4052014 0.3070335 
0.3273904 0.3484656 0.324144 
0.2870763 0.4336219 0.2793018 
0.3367149 0.3942863 0.2689988 
0.2565516 0.4922449 0.2512035 
0.2958487 0.3468496 0.3573016 
0.2341854 0.3749498 0.3908648 
0.2225502 0.4538222 0.3236276 
0.2535415 0.4731815 0.2732771 
0.3196912 0.3398032 0.3405056 
0.2706863 0.4078207 0.321493 
0.241399 0.4459914 0.3126097 
0.1920403 0.4415609 0.3663989 
0.2496997 0.4538529 0.2964474 
0.247396 0.371022 0.3815819 
0.3071546 0.374309 0.3185365 
0.2869736 0.4025486 0.3104778 
0.2834587 0.4501687 0.2663725 
0.2643687 0.3333106 0.4023206 
0.275278 0.4500294 0.2746926 
0.2854661 0.3298314 0.3847025 
0.2623137 0.4344488 0.3032375 
0.2270782 0.5008407 0.2720811 
0.3265111 0.4486053 0.2248836 
0.1909973 0.4261385 0.3828642 
0.2504291 0.4025197 0.3470512 
0.2433003 0.3935673 0.3631324 
0.2320246 0.4762271 0.2917483 
0.274777 0.4273039 0.2979191 
0.2853833 0.3640498 0.3505669 
0.231851 0.5591809 0.2089682 
0.2110208 0.4650951 0.3238842 
0.279805 0.4687406 0.2514544 
0.2812444 0.4005099 0.3182457 
0.269269 0.3782099 0.3525211 
0.2390191 0.5075133 0.2534676 
0.2309058 0.4608918 0.3082025 
0.2614764 0.4534958 0.2850278 
0.3252917 0.3807883 0.29392 
0.2423173 0.455263 0.3024197 
0.2343624 0.3768726 0.388765 
0.2652563 0.4260004 0.3087432 
0.2824004 0.3585906 0.359009 
0.2203183 0.354573 0.4251087 
0.2300859 0.4121583 0.3577557 
0.1726579 0.5547191 0.272623 
0.2357983 0.4449564 0.3192453 
0.2615416 0.464423 0.2740354 
0.2565611 0.3480399 0.395399 
0.2229161 0.4503289 0.3267551 
0.3113649 0.3331864 0.3554487 
0.2584204 0.4539997 0.2875799 
0.2649225 0.3416288 0.3934486 
0.2764783 0.4459022 0.2776194 
0.2809667 0.4093653 0.309668 
0.3456024 0.3675989 0.2867987 
0.2793424 0.3990313 0.3216263 
0.3453858 0.3821784 0.2724358 
0.2459796 0.4440081 0.3100123 
0.2275875 0.4239333 0.3484792 
0.2618119 0.3969542 0.3412339 
0.3312211 0.3816069 0.287172 
0.2493788 0.4298929 0.3207284 
0.2561331 0.3434565 0.4004104 
0.3642795 0.3209577 0.3147628 
0.2721337 0.4478826 0.2799837 
0.2698862 0.3151871 0.4149267 
0.3079628 0.3852808 0.3067564 
0.2839653 0.3698585 0.3461761 
0.1905265 0.4655579 0.3439156 
0.3606394 0.4066104 0.2327502 
0.2230177 0.3933573 0.383625 
0.2748786 0.3378436 0.3872779 
0.2724781 0.5108053 0.2167166 
0.321251 0.304741 0.374008 
0.2696866 0.4557189 0.2745945 
0.3530695 0.4104196 0.2365109 
0.2214907 0.4707572 0.3077522 
0.2669541 0.4098306 0.3232153 
0.2542931 0.492768 0.2529389 
0.2028289 0.4301209 0.3670503 
0.2494073 0.3480227 0.40257 
0.3547045 0.4048333 0.2404621 
0.3159778 0.4167345 0.2672877 
0.273609 0.3573568 0.3690342 
0.263603 0.4491601 0.2872369 
0.3389204 0.3714 0.2896797 
0.3210582 0.4066283 0.2723135 
0.2568581 0.4167052 0.3264366 
0.3847575 0.3523724 0.26287 
0.2619579 0.4365034 0.3015387 
0.3304547 0.329592 0.3399534 
0.2480845 0.4554571 0.2964583 
0.3138132 0.3783878 0.307799 
0.2584115 0.4500823 0.2915062 
0.2786508 0.403366 0.3179832 
0.250224 0.39692 0.352856 
0.2979734 0.4504598 0.2515667 
0.2816968 0.3932368 0.3250663 
0.2903993 0.4281685 0.2814322 
0.372903 0.3423545 0.2847425 
0.297449 0.4141518 0.2883993 
0.3077779 0.4005422 0.29168 
0.3329349 0.3874291 0.2796361 
0.2596357 0.4131824 0.3271819 
0.288777 0.3687168 0.3425062 
0.3001208 0.3724173 0.3274619 
0.329485 0.3977603 0.2727547 
0.2881691 0.3187744 0.3930566 
0.386541 0.3793365 0.2341226 
0.2862787 0.4447155 0.2690058 
0.2683521 0.3785742 0.3530737 
0.2106983 0.4044015 0.3849002 
0.2064019 0.3827116 0.4108865 
0.2854701 0.4148525 0.2996775 
0.1969396 0.3933627 0.4096977 
0.27128 0.4479025 0.2808175 
0.3613468 0.3424797 0.2961735 
0.2099522 0.367445 0.4226028 
0.318356 0.4638967 0.2177473 
0.2316003 0.4275384 0.3408613 
0.2400528 0.4780372 0.28191 
0.2617567 0.4048455 0.3333978 
0.3374657 0.4225248 0.2400095 
0.3059133 0.4278479 0.2662388 
0.3071861 0.4262883 0.2665256 
0.2314847 0.4143767 0.3541386 
0.3697307 0.3471034 0.2831659 
0.3141508 0.4659076 0.2199416 
0.2902186 0.4301809 0.2796005 
0.2330428 0.4238111 0.3431462 
0.308959 0.3680249 0.3230161 
0.2428209 0.451133 0.306046 
0.287286 0.4139526 0.2987614 
0.2756936 0.3873957 0.3369107 
0.2907651 0.4809985 0.2282364 
0.3581973 0.3638016 0.2780011 
0.3440172 0.4192143 0.2367685 
0.2656392 0.3247477 0.4096131 
0.2482263 0.4711409 0.2806328 
0.3214137 0.3349818 0.3436045 
0.2625708 0.4361105 0.3013187 
0.2768967 0.3558342 0.3672691 
0.3439496 0.3454547 0.3105957 
0.3021904 0.4372523 0.2605573 
0.3008754 0.4290803 0.2700443 
0.3055748 0.384204 0.3102213 
0.2755435 0.4603763 0.2640801 
0.2337535 0.4798934 0.2863531 
0.2398717 0.393778 0.3663504 
0.2691146 0.4736838 0.2572016 
0.2922486 0.3656457 0.3421057 
0.1820246 0.4680455 0.3499299 
0.3034845 0.3145203 0.3819952 
0.2757105 0.4006496 0.3236399 
0.2860014 0.4050018 0.3089968 
0.2349313 0.4460279 0.3190408 
0.1866851 0.4813852 0.3319297 
0.2967178 0.4602448 0.2430373 
0.2647432 0.3426149 0.3926419 
0.2185217 0.3417987 0.4396796 
0.2838258 0.4605241 0.2556501 
0.2488645 0.3618397 0.3892958 
0.3145105 0.439346 0.2461434 
0.265248 0.4816885 0.2530635 
0.2891156 0.4254645 0.28542 
0.3342321 0.357676 0.3080919 
0.1905581 0.4969506 0.3124913 
0.238491 0.4624386 0.2990703 
0.1937755 0.4174343 0.3887902 
0.2635086 0.4445188 0.2919726 
0.2957088 0.3628894 0.3414018 
0.275689 0.3453437 0.3789673 
0.32707 0.4318707 0.2410594 
0.2928981 0.3729272 0.3341747 
0.3761452 0.3303382 0.2935167 
0.3099349 0.3929119 0.2971532 
0.2642273 0.4581871 0.2775856 
0.2124366 0.4525557 0.3350077 
0.2952279 0.4492127 0.2555594 
0.3820822 0.2802543 0.3376634 
0.2608044 0.326957 0.4122386 
0.2832277 0.409902 0.3068703 
0.2310378 0.4793987 0.2895635 
0.2862965 0.4045626 0.3091409 
0.2386357 0.4462476 0.3151167 
0.367709 0.33889 0.293401 
0.3923372 0.2932488 0.314414 
0.2794309 0.4285992 0.2919699 
0.3220369 0.3886333 0.2893298 
0.2588395 0.4347107 0.3064498 
0.302236 0.3378753 0.3598887 
0.2023675 0.4804179 0.3172146 
0.2563518 0.3724834 0.3711648 
0.3100433 0.4003874 0.2895694 
0.2977695 0.4308789 0.2713516 
0.2732535 0.4693373 0.2574092 
0.2358692 0.4307423 0.3333885 
0.2474007 0.4364762 0.3161231 
0.2374817 0.3662854 0.3962329 
0.3298077 0.3756785 0.2945138 
0.3111541 0.3759854 0.3128605 
0.2669755 0.3764898 0.3565347 
0.2782018 0.5177142 0.204084 
0.2867969 0.4180566 0.2951465 
0.2463036 0.400773 0.3529234 
0.3089492 0.3845792 0.3064716 
0.2296259 0.4407621 0.329612 
0.3103082 0.379499 0.3101927 
0.3579374 0.3792249 0.2628377 
0.3100164 0.4217522 0.2682314 
0.2758491 0.3654782 0.3586727 
0.2874451 0.3656867 0.3468682 
0.3083153 0.3445926 0.3470921 
0.2523534 0.406053 0.3415936 
0.3115108 0.4656403 0.2228488 
0.2705032 0.43179 0.2977068 
0.2647668 0.4199098 0.3153234 
0.2766364 0.4604737 0.2628899 
0.3259548 0.3405598 0.3334855 
0.2688606 0.3933741 0.3377652 
0.3285123 0.4040622 0.2674256 
0.2753462 0.4915022 0.2331515 
0.3210094 0.4031196 0.275871 
0.2371579 0.5127733 0.2500688 
0.2071926 0.4925517 0.3002556 
0.2998216 0.3161902 0.3839882 
0.3898345 0.284473 0.3256925 
0.2978339 0.4309965 0.2711696 
0.2459011 0.3538116 0.4002872 
0.2466367 0.4098218 0.3435416 
0.2596521 0.3767395 0.3636084 
0.3843773 0.3653933 0.2502294 
0.2419939 0.4279334 0.3300728 
0.3387764 0.3663443 0.2948793 
0.2902818 0.384917 0.3248013 
0.3604554 0.3674873 0.2720573 
0.2520196 0.3921566 0.3558238 
0.2161604 0.4302286 0.353611 
0.2388502 0.4760208 0.285129 
0.2731526 0.451359 0.2754884 
0.3475845 0.3723504 0.2800652 
0.2990681 0.3822079 0.318724 
0.3153273 0.4388915 0.2457812 
0.3005888 0.3692853 0.3301259 
0.2836483 0.4243094 0.2920422 
0.2856525 0.4257294 0.2886181 
0.282075 0.4295078 0.2884173 
0.233135 0.4324535 0.3344115 
0.3147587 0.3380124 0.347229 
0.3242283 0.3464363 0.3293354 
0.31726 0.35185 0.33089 
0.2797933 0.3577563 0.3624505 
0.3041091 0.3538241 0.3420668 
0.237494 0.4611552 0.3013508 
0.2522363 0.4576379 0.2901258 
0.2558939 0.5385096 0.2055965 
0.2720413 0.4553521 0.2726065 
0.224171 0.4033384 0.3724906 
0.2571224 0.4104239 0.3324537 
0.2309127 0.3400091 0.4290782 
0.265127 0.4261259 0.3087471 
0.2264056 0.4014501 0.3721444 
0.2536208 0.4458378 0.3005414 
0.2213456 0.4003521 0.3783023 
0.2933176 0.4196188 0.2870636 
0.2703051 0.4277465 0.3019484 
0.2357709 0.4868623 0.2773668 
0.3071121 0.4044711 0.2884169 
0.3255614 0.395976 0.2784627 
0.342394 0.3948385 0.2627675 
0.3508154 0.3537982 0.2953865 
0.3103081 0.4168321 0.2728599 
0.2467805 0.4219321 0.3312874 
0.2683403 0.4247384 0.3069213 
0.3389186 0.3588477 0.3022338 
0.2770905 0.3974983 0.3254112 
0.2389717 0.4321945 0.3288338 
0.2836071 0.4351139 0.2812789 
0.2308046 0.4543492 0.3148462 
0.2572643 0.4470731 0.2956626 
0.2498812 0.4718332 0.2782856 
0.1849985 0.4862066 0.3287949 
0.3177934 0.4329638 0.2492428 
0.3116822 0.4581355 0.2301823 
0.2660257 0.4024858 0.3314886 
0.2304489 0.4934745 0.2760765 
0.3943474 0.399843 0.2058095 
0.2540948 0.4963292 0.2495759 
0.2412736 0.4557302 0.3029962 
0.3813949 0.3619467 0.2566584 
0.3519383 0.3473062 0.3007555 
0.2889978 0.4547169 0.2562853 
0.2814988 0.4283182 0.290183 
0.1859461 0.535024 0.2790299 
0.3056804 0.4414365 0.2528831 
0.2681161 0.3971159 0.334768 
0.2230999 0.4317946 0.3451055 
0.1947621 0.3774917 0.4277462 
0.3591008 0.3292094 0.3116898 
0.2450813 0.41503 0.3398887 
0.2177944 0.3361188 0.4460868 
0.2829914 0.4268794 0.2901292 
0.2440948 0.3478324 0.4080728 
0.3441501 0.3527961 0.3030538 
0.2625452 0.4376999 0.299755 
0.2524324 0.3767995 0.3707681 
0.2928614 0.3638531 0.3432855 
0.2409207 0.422631 0.3364482 
0.2450862 0.4188782 0.3360356 
0.2395708 0.4180844 0.3423448 
0.2606205 0.468767 0.2706124 
0.2237525 0.4544423 0.3218052 
0.3011753 0.3248054 0.3740193 
0.3211306 0.425154 0.2537154 
0.3420618 0.4637916 0.1941467 
0.2528391 0.3648843 0.3822766 
0.3348356 0.3872037 0.2779607 
0.3251048 0.4234285 0.2514667 
0.2399463 0.3876585 0.3723952 
0.2531348 0.4170274 0.3298378 
0.2757956 0.3422479 0.3819565 
0.2782736 0.4431986 0.2785278 
0.2716854 0.426561 0.3017537 
0.3594812 0.3143537 0.3261651 
0.2893356 0.4426769 0.2679876 
0.3496495 0.4174663 0.2328842 
0.2633758 0.450601 0.2860232 
0.3143579 0.3989999 0.2866422 
0.2909699 0.379433 0.3295971 
0.3464623 0.3412439 0.3122939 
0.3068833 0.396391 0.2967257 
0.2890868 0.4017658 0.3091474 
0.3544423 0.3305248 0.315033 
0.2024348 0.4842181 0.3133471 
0.3428526 0.2823522 0.3747952 
0.3079161 0.3511122 0.3409716 
0.2942721 0.4207556 0.2849722 
0.2312004 0.4460444 0.3227552 
0.2819923 0.4860288 0.2319788 
0.3110899 0.3799965 0.3089137 
0.2879576 0.4292474 0.282795 
0.3375593 0.3722886 0.2901521 
0.2906707 0.4278047 0.2815246 
0.2908638 0.3585195 0.3506167 
0.288331 0.4000445 0.3116245 
0.292608 0.4136861 0.2937059 
0.2838318 0.3702412 0.345927 
0.2494812 0.3641537 0.3863651 
0.2530961 0.454818 0.2920859 
0.309599 0.4198636 0.2705374 
0.2959192 0.4290687 0.275012 
0.2806987 0.419668 0.2996333 
0.2915714 0.4216249 0.2868036 
0.2862745 0.4587295 0.254996 
0.3101462 0.4329646 0.2568891 
0.2675729 0.3875374 0.3448897 
0.302573 0.3697075 0.3277196 
0.2224923 0.3506905 0.4268171 
0.3047007 0.433026 0.2622733 
0.287104 0.420857 0.292039 
