p_1 p_2 p_3 p_4 
0.04377338 0.0111283 0.786063 0.1590353 
0.0585115 0.003669697 0.848608 0.08921082 
0.05003609 0.04659124 0.7955076 0.1078651 
0.06146196 0.02142975 0.7662126 0.1508957 
0.08160028 0.0009118606 0.7883237 0.1291642 
0.05512721 0.007191388 0.8436327 0.09404869 
0.07465752 0.01302434 0.710736 0.2015822 
0.03497624 0.2153406 0.7495957 8.742702e-05 
0.05861834 0.1236061 0.8099327 0.007842806 
0.04700529 0.1768741 0.7746954 0.00142523 
0.0617288 0.1173625 0.8192141 0.001694611 
0.03790817 0.1502895 0.7868398 0.02496258 
0.09617264 0.1059136 0.7902069 0.007706873 
0.06022947 0.1141874 0.7981322 0.02745092 
0.01160491 0.04279503 0.8670962 0.07850383 
0.05639474 0.1125789 0.8289555 0.002070886 
0.05010912 0.09911022 0.7900347 0.06074593 
0.0248516 0.1025053 0.8565015 0.01614158 
0.04988531 0.1548591 0.7950236 0.0002320507 
0.05629778 0.1201099 0.8164575 0.007134762 
0.05025891 0.1662591 0.7748864 0.008595643 
0.02497915 0.09841632 0.8673461 0.00925839 
0.08651612 0.1326848 0.7684331 0.01236598 
0.101456 0.1895635 0.6816806 0.02729989 
0.04674306 0.177036 0.7420498 0.03417123 
0.04609904 0.1506912 0.7975267 0.005683039 
0.09302967 0.1348883 0.7696913 0.002390656 
0.07164828 0.08701508 0.8299913 0.01134536 
0.07176638 0.08179243 0.8461245 0.0003166451 
0.07042202 0.06651288 0.860585 0.002480076 
0.05914907 0.133065 0.8077044 8.155553e-05 
0.03327767 0.1558096 0.7748941 0.03601861 
0.03822998 0.1827038 0.7749238 0.004142356 
0.06425749 0.1492796 0.7732439 0.01321903 
0.0348371 0.1711148 0.7839332 0.01011483 
0.07204634 0.149747 0.7781968 9.882561e-06 
0.02585494 0.1383471 0.8303736 0.005424373 
0.03082891 0.2352952 0.7121071 0.02176874 
0.06833264 0.1364123 0.7816476 0.01360739 
0.04264081 0.1311754 0.8230575 0.003126354 
0.03932849 0.09868295 0.850508 0.01148059 
0.05704438 0.1679465 0.7716266 0.003382521 
0.06055531 0.1157956 0.8075451 0.01610401 
0.06772709 0.1009411 0.8167272 0.01460457 
0.08205799 0.1171114 0.7787957 0.02203498 
0.03034065 0.1202365 0.8432858 0.006137062 
0.02739566 0.138811 0.8286487 0.005144728 
0.03902359 0.1614211 0.7956306 0.003924665 
0.06925625 0.06494605 0.8332583 0.03253938 
0.02833427 0.1573241 0.8113046 0.003037007 
0.1077161 0.1031787 0.7554507 0.03365451 
0.09474154 0.105303 0.760109 0.03984647 
0.03982121 0.1155219 0.8442933 0.0003635508 
0.03293039 0.1020256 0.8606702 0.004373761 
0.009353777 0.1293982 0.8494491 0.01179894 
0.05421655 0.1374084 0.8023722 0.00600291 
0.03224507 0.1148404 0.8008007 0.05211387 
0.08189868 0.154514 0.7561957 0.007391596 
0.06627108 0.11581 0.817768 0.0001509652 
0.05147984 0.1531822 0.7841908 0.0111472 
0.01190395 0.1383218 0.8169006 0.03287368 
0.05024195 0.2133002 0.690326 0.04613189 
0.05162952 0.09924641 0.8371257 0.01199836 
0.06989971 0.1022347 0.8012684 0.02659722 
0.03162148 0.1381189 0.7886446 0.04161507 
0.07261992 0.1656545 0.7565392 0.005186378 
0.0695568 0.1182139 0.7892977 0.02293161 
0.06826891 0.1267909 0.8003035 0.004636668 
0.03798523 0.08098737 0.8610106 0.02001684 
0.09530945 0.1240543 0.7447495 0.0358868 
0.07235744 0.1624102 0.7357632 0.02946913 
0.001109196 0.07515515 0.8176056 0.1061301 
0.01834635 0.1014262 0.7845601 0.09566735 
0.005690561 0.04430949 0.8447972 0.1052028 
0.01663847 0.1085936 0.8399193 0.03484855 
0.05863163 0.1228313 0.7868112 0.03172585 
0.008175949 0.1380156 0.7780061 0.07580232 
0.01024545 0.1470605 0.7639537 0.07874034 
0.01962001 0.2402607 0.7289808 0.01113851 
0.02379945 0.1349306 0.7941504 0.04711951 
0.0188081 0.1292723 0.8159515 0.03596812 
0.03531399 0.1987533 0.7543534 0.01157935 
0.03622319 0.2020613 0.761197 0.0005185277 
0.03820743 0.1754382 0.7622712 0.02408318 
0.03698562 0.1273505 0.8256208 0.010043 
0.04142411 0.1306007 0.8226104 0.005364831 
0.009996612 0.1951691 0.7853674 0.009466831 
0.08537109 0.1657745 0.7217903 0.02706416 
0.06156534 0.1640469 0.7711312 0.003256619 
0.03332171 0.06793598 0.8338576 0.06488469 
0.01795792 0.1095574 0.802699 0.06978568 
0.002246364 0.1683233 0.7702837 0.05914665 
0.01317467 0.1453982 0.7864437 0.0549835 
0.01103103 0.1699546 0.7473975 0.07161684 
0.02175965 0.1058984 0.804579 0.067763 
0.02779754 0.1583708 0.7202402 0.0935915 
0.008577545 0.1296072 0.8187287 0.04308655 
0.002888169 0.1049993 0.817734 0.07437853 
0.03020801 0.1580653 0.7616722 0.05005444 
0.00240789 0.1754522 0.7957069 0.02643306 
0.003255498 0.0946419 0.8474403 0.0546623 
0.003432945 0.1076804 0.8462443 0.04264242 
0.01248218 0.1089723 0.818233 0.06031254 
0.003661793 0.1219486 0.7737017 0.1006879 
0.001926528 0.1323358 0.7931177 0.07261994 
0.01907457 0.1331345 0.8054224 0.04236854 
0.02235956 0.109629 0.8003941 0.06761733 
0.01935895 0.1475754 0.7563108 0.07675483 
0.00291005 0.0758447 0.8910909 0.03015435 
0.008011502 0.1312032 0.7925197 0.06826568 
0.008511344 0.1623522 0.7874341 0.04170229 
0.03517963 0.1258285 0.7601811 0.0788108 
0.01524194 0.1095619 0.8528875 0.02230871 
0.01578775 0.1520128 0.8145865 0.01761294 
0.01912653 0.1363654 0.815677 0.02883101 
0.01141193 0.1963349 0.7715643 0.02068892 
0.01280148 0.09552222 0.821863 0.06981329 
0.01183343 0.08492129 0.8260356 0.0772097 
0.007538506 0.1636325 0.7533983 0.07543066 
0.004011677 0.100834 0.7851377 0.1100166 
0.01635918 0.2008248 0.712968 0.06984796 
0.02601722 0.0805557 0.8129237 0.08050343 
0.01281461 0.1662368 0.7610221 0.05992652 
0.00038639 0.1741096 0.7834482 0.04205588 
0.05829185 0.1401697 0.8012685 0.0002698973 
0.08382599 0.09716985 0.8023905 0.01661363 
0.0856791 0.06712368 0.7356132 0.111584 
0.09975237 0.1409366 0.7275761 0.03173493 
0.02416914 0.1442781 0.8255787 0.005973976 
0.0678755 0.04824275 0.8767846 0.007097143 
0.07054784 0.09647695 0.8260559 0.006919339 
0.05041053 0.1623213 0.785609 0.001659194 
0.07945552 0.1941435 0.7087389 0.01766216 
0.0606427 0.1303967 0.7652367 0.04372397 
0.07053973 0.1372679 0.788849 0.003343372 
0.04541048 0.1219902 0.8181966 0.01440265 
0.03360377 0.1342644 0.811769 0.0203629 
0.07461993 0.1111854 0.7870333 0.0271614 
0.02745699 0.09846675 0.8740105 6.575447e-05 
0.04151933 0.1711819 0.7833141 0.003984736 
0.05179386 0.1805745 0.7412344 0.02639722 
0.06891556 0.1415309 0.7650774 0.02447606 
0.05978833 0.09530213 0.8323209 0.01258866 
0.03457368 0.1409505 0.8102866 0.01418925 
0.03949267 0.1262042 0.8090071 0.02529607 
0.0391403 0.120209 0.8290688 0.01158194 
0.0333373 0.1930309 0.773455 0.0001768079 
0.03144795 0.09891497 0.8580361 0.01160097 
0.06709621 0.1516664 0.7669446 0.01429282 
0.08810821 0.05347441 0.8399954 0.01842196 
0.03437919 0.1409222 0.8067583 0.01794034 
0.04077234 0.1224869 0.8107053 0.02603544 
0.03868644 0.1638658 0.7830512 0.0143965 
0.03454486 0.09518213 0.8243992 0.0458738 
0.06405736 0.1077716 0.8219768 0.006194256 
0.04605369 0.1083425 0.8402506 0.005353253 
0.03771843 0.1147169 0.8424105 0.005154231 
0.07954399 0.09463332 0.7643567 0.06146596 
0.04436814 0.2220485 0.7323774 0.00120593 
0.05444613 0.10883 0.8352913 0.001432592 
0.06536191 0.08550736 0.8472969 0.001833809 
0.0531282 0.1007834 0.8437035 0.002384893 
0.03465205 0.177793 0.7792243 0.008330616 
0.05631488 0.1136583 0.8139703 0.01605646 
0.05029177 0.1881632 0.7487065 0.01283859 
0.05511531 0.1435114 0.7608898 0.04048341 
0.09348248 0.06198401 0.8101465 0.034387 
0.072 0.1012298 0.8220624 0.004707762 
0.03991955 0.1580818 0.7958524 0.006146244 
0.07883547 0.1174592 0.7985961 0.005109267 
0.04210342 0.1125327 0.8137526 0.03161135 
0.08248682 0.101259 0.8071212 0.00913298 
0.0933346 0.06115765 0.835222 0.01028573 
0.08014106 0.09133354 0.8181788 0.01034664 
0.06164172 0.1746186 0.7528019 0.01093783 
0.01850299 0.05995873 0.8691898 0.05234846 
0.001584636 0.1215891 0.7994579 0.0773684 
0.008784332 0.09131458 0.8339106 0.06599052 
0.005873206 0.2228208 0.7388142 0.03249185 
0.003837671 0.08746339 0.8870004 0.02169858 
0.0198559 0.09678101 0.8401812 0.0431819 
0.0425459 0.1015119 0.8188271 0.0371151 
0.08111827 0.06342094 0.8207921 0.0346687 
0.1210403 0.008993141 0.8352455 0.03472097 
0.1742926 0.01124442 0.745428 0.069035 
0.149156 0.01258531 0.7549441 0.08331467 
0.1437847 0.01784523 0.7357235 0.1026466 
0.2320284 0.05348499 0.6704201 0.0440665 
0.09060815 0.001606823 0.8376972 0.07008778 
0.1271434 0.004291822 0.7869997 0.0815651 
0.152914 0.00780115 0.8003369 0.03894802 
0.1087633 0.0006133087 0.8412532 0.04937016 
0.1342086 0.00432754 0.7792763 0.08218758 
0.1200477 0.007171421 0.838535 0.03424589 
0.165306 0.005284953 0.7714122 0.05799679 
0.1179013 0.008339258 0.8040959 0.06966352 
0.1067774 0.008805993 0.8523959 0.03202074 
0.1287316 0.005837006 0.7907349 0.07469646 
0.1311355 0.007615566 0.8273265 0.03392241 
0.1319496 0.002924739 0.7828307 0.08229497 
0.1202258 0.04049851 0.8008196 0.03845613 
0.1310253 0.002594122 0.7540365 0.112344 
0.1493082 0.01237171 0.7912599 0.04706024 
0.173864 0.01739039 0.7915355 0.01721006 
0.1730221 0.003660418 0.7496939 0.07362362 
0.1371221 0.004853838 0.7728881 0.08513594 
0.1719734 0.01639566 0.7632016 0.04842929 
0.1482993 0.01897256 0.7929863 0.03974178 
0.100607 0.02167246 0.8347346 0.04298587 
0.06442434 0.01187788 0.7803133 0.1433845 
0.1436483 0.007216654 0.7699369 0.07919817 
0.1223321 0.09765319 0.7794102 0.0006045371 
0.1185725 0.04042495 0.8269601 0.01404252 
0.2030645 0.04538438 0.744053 0.007498204 
0.09231686 0.01567069 0.8765978 0.01541461 
0.1077172 0.06998617 0.818656 0.003640656 
0.1889376 0.06745236 0.7417118 0.001898292 
0.1779307 0.07411405 0.7386199 0.009335414 
0.1443073 0.05217142 0.8011199 0.002401394 
0.1255404 0.1317169 0.7269422 0.01580053 
0.08878636 0.05269035 0.8475325 0.01099079 
0.1004883 0.03229368 0.8658763 0.001341803 
0.1179636 0.05643214 0.8116101 0.01399414 
0.11496 0.09398227 0.7467978 0.04425996 
0.1409677 0.07806991 0.7715178 0.00944457 
0.09520777 0.08925201 0.8015196 0.01402058 
0.1167351 0.05756666 0.8232022 0.002496036 
0.1353775 0.04959683 0.8113577 0.003667938 
0.1762761 0.05347163 0.7611025 0.009149696 
0.1161447 0.1047907 0.7627856 0.01627898 
0.1062672 0.01911705 0.8707612 0.003854507 
0.1668546 0.04185609 0.7891273 0.002161986 
0.1470201 0.07671741 0.769944 0.006318497 
0.08388162 0.09585001 0.812266 0.008002347 
0.09576627 0.02157589 0.8723669 0.01029097 
0.1556201 0.00801363 0.764298 0.0720683 
0.08348401 0.007869235 0.8644871 0.04415963 
0.1616219 0.01506794 0.7934618 0.02984828 
0.1399659 0.01456406 0.794264 0.05120599 
0.09283346 0.001862255 0.8843342 0.02097005 
0.1229289 0.01860295 0.8247996 0.03366852 
0.0919104 0.005387955 0.8004367 0.102265 
0.1628268 0.02815283 0.7173737 0.09164667 
0.08056674 0.02528323 0.8477138 0.04643625 
0.1839626 0.003093276 0.7611916 0.05175253 
0.1404866 0.03245541 0.7093716 0.1176864 
0.1150566 0.04866606 0.7870887 0.04918864 
0.07798195 0.003877425 0.8725168 0.04562377 
0.1082071 0.04143946 0.8459865 0.004366921 
0.1515356 0.06194655 0.7845604 0.001957462 
0.1104933 0.08656133 0.7749922 0.02795323 
0.07948846 0.09822485 0.8170502 0.005236442 
0.1611065 0.02943437 0.7970795 0.01237966 
0.1224678 0.0595283 0.8015434 0.01646047 
0.09541361 0.08320386 0.7702937 0.05108878 
0.07952 0.06822965 0.7851411 0.06710924 
0.004401468 0.06395743 0.821509 0.1101321 
0.005216207 0.03103661 0.7610408 0.2027064 
0.03559308 0.04687214 0.7659788 0.151556 
0.0103499 0.05308957 0.7649116 0.1716489 
0.0001647985 0.06368855 0.7622023 0.1739443 
0.02220139 0.03460979 0.8001142 0.1430747 
0.02360557 0.0623239 0.8207369 0.09333362 
0.1311974 0.01646774 0.7453974 0.1069375 
0.05569894 0.006406542 0.8178333 0.1200612 
0.02910032 0.01360957 0.8034308 0.1538593 
0.001792009 0.1209139 0.7804725 0.09682155 
0.06233774 0.006247025 0.8425706 0.08884461 
0.05701715 0.007713064 0.8134505 0.1218192 
0.04997895 0.02072154 0.8067992 0.1225003 
0.04130193 0.006805409 0.8352072 0.1166855 
0.08903785 0.06406165 0.7221245 0.124776 
0.09510745 0.004057685 0.735044 0.1657909 
0.06702495 0.009733734 0.8031153 0.120126 
0.0029427 0.01980009 0.8418671 0.1353901 
0.02433315 0.05116045 0.8586842 0.06582216 
0.001389442 0.05092249 0.8541364 0.09355171 
0.02819541 0.1516752 0.7308172 0.08931228 
0.01003202 0.06131301 0.8096007 0.1190543 
0.0214373 0.07717463 0.7726022 0.1287859 
0.1140746 0.05784219 0.8109231 0.01716007 
0.04045884 0.07081243 0.7905585 0.09817023 
0.1682269 0.04088488 0.7679437 0.02294452 
0.1319893 0.03057556 0.8135452 0.02389002 
0.09946485 0.06563379 0.8175923 0.01730906 
0.1461944 0.07914802 0.753143 0.0215146 
0.1052944 0.1080403 0.7847603 0.001904999 
0.1179799 0.03576985 0.8414167 0.004833483 
0.1025791 0.08483898 0.8064503 0.006131599 
0.1554362 0.01688506 0.8248464 0.002832312 
0.1279285 0.06420909 0.7939567 0.01390573 
0.1884518 0.07143994 0.7204395 0.01966874 
0.1464102 0.05499238 0.7984766 0.0001207604 
0.07222529 0.08646502 0.7976863 0.04362344 
0.1239222 0.07258512 0.7497304 0.05376231 
0.1433628 0.0160042 0.8193337 0.02129929 
0.1065985 0.01167382 0.7872853 0.0944424 
0.1578447 0.001102227 0.7655531 0.07550005 
0.1703699 0.01356928 0.7500079 0.06605297 
0.2026196 0.02223734 0.6858745 0.08926855 
0.111692 0.002724697 0.8295838 0.05599951 
0.1104267 0.002931291 0.7936343 0.09300772 
0.09602714 0.02918246 0.8208634 0.05392703 
0.04213134 0.03538723 0.851453 0.07102846 
0.07684606 0.01400091 0.8299371 0.07921592 
0.1673191 0.005952398 0.752234 0.07449452 
0.1335964 0.09185122 0.7731866 0.001365776 
0.09839924 0.0223621 0.8401507 0.039088 
0.1470908 0.007477795 0.8025137 0.04291773 
0.09127496 0.01285447 0.8452838 0.05058673 
0.1175713 0.01658854 0.8250451 0.04079497 
0.1184695 0.001860987 0.7985718 0.08109779 
0.1171557 0.006418194 0.828688 0.04773804 
0.1275131 0.00678954 0.7642136 0.1014837 
0.08936004 0.00219059 0.8041159 0.1043334 
0.121706 0.02896453 0.7915952 0.05773433 
0.1499076 0.004746956 0.7292533 0.1160921 
0.08302761 0.00248802 0.8897674 0.02471699 
0.1314961 0.02175551 0.7829126 0.06383582 
0.2102081 0.0006819734 0.736718 0.05239194 
0.1341094 0.003352229 0.8243187 0.0382197 
0.1129223 0.002723231 0.8241106 0.06024387 
0.151587 0.006036112 0.7320133 0.1103636 
0.1085659 0.01375999 0.8566759 0.02099819 
0.08765549 0.01987609 0.8554707 0.03699771 
0.1663812 0.01084705 0.8072925 0.01547926 
0.1368088 0.01083377 0.7692465 0.08311096 
0.1596201 0.01319651 0.7913877 0.0357957 
0.1173325 0.02964404 0.8075144 0.04550909 
0.2050424 0.01526096 0.7502864 0.02941024 
0.1638422 0.005532801 0.7922235 0.03840153 
0.1083206 0.01376329 0.8291992 0.04871695 
0.1464236 0.01300983 0.7975507 0.04301589 
0.09115617 0.007833481 0.8313878 0.06962254 
0.1787661 0.00896807 0.7881271 0.02413869 
0.1891486 0.00784794 0.7513574 0.05164603 
0.1143117 0.02057523 0.8110894 0.05402371 
0.1816128 0.002990478 0.7724797 0.04291707 
0.06993215 0.004248684 0.8559204 0.06989879 
0.09338354 0.05360357 0.8528061 0.0002068192 
0.0118465 0.1595835 0.8175039 0.01106616 
0.01105383 0.2028123 0.7758398 0.01029403 
0.003761559 0.1416584 0.7707836 0.08379644 
0.002682413 0.07080142 0.7432464 0.1832697 
0.01018584 0.04612289 0.8389497 0.1047416 
0.1130289 0.05207175 0.8102225 0.02467695 
0.1285178 0.01877534 0.8319551 0.02075175 
0.1681003 0.04469493 0.7824247 0.004780127 
0.1058428 0.06324894 0.8258338 0.005074514 
0.2038645 0.06230991 0.7284747 0.005350953 
0.1077855 0.0659632 0.8186785 0.007572753 
0.1632244 0.07588431 0.7495494 0.0113419 
0.1651606 0.02196218 0.811933 0.0009442139 
0.1564633 0.04129789 0.7919519 0.01028684 
0.1470673 0.05546825 0.7874376 0.01002679 
0.1029711 0.04712748 0.8396453 0.01025614 
0.1893915 0.02045874 0.7883768 0.001772982 
0.1642109 0.03162791 0.7954741 0.008687072 
0.2189867 0.03583484 0.7379958 0.007182663 
0.1245893 0.002903345 0.8016272 0.07088013 
0.1929252 0.02571224 0.7290608 0.05230178 
0.1385529 0.007955797 0.8418902 0.01160107 
0.1977135 0.02277371 0.7589655 0.02054731 
0.1370218 0.05137186 0.8065098 0.005096577 
0.1200315 0.0007087149 0.7807058 0.098554 
0.1672806 0.0385393 0.747162 0.04701812 
0.09260655 0.06408088 0.8092435 0.03406909 
0.09098422 0.05632672 0.84965 0.00303903 
0.08831748 0.1108744 0.7185616 0.08224659 
0.1847064 0.06455268 0.742076 0.008664975 
0.1648167 0.06011357 0.7666142 0.008455545 
0.1581793 0.05262438 0.7799787 0.009217588 
0.1290668 0.04148535 0.821837 0.007610851 
0.1135321 0.06197002 0.8205543 0.003943537 
0.09534366 0.07805147 0.8246211 0.001983739 
0.1180066 0.04826213 0.823265 0.01046629 
0.1308887 0.07167548 0.7591909 0.0382449 
0.148309 0.02416983 0.8165127 0.0110085 
0.08876025 0.07644062 0.8266137 0.008185421 
0.1594873 0.01533597 0.8229611 0.002215633 
0.1157849 0.04871844 0.8322871 0.003209555 
0.1551923 0.06367759 0.765174 0.01595605 
0.1199348 0.02852342 0.835486 0.01605571 
0.1170775 0.1052559 0.7735545 0.004112146 
0.1071586 0.05633155 0.8312033 0.005306493 
0.08262587 0.0491128 0.8485551 0.01970626 
0.1200758 0.03666978 0.8414969 0.001757537 
0.08152584 0.0593457 0.8355158 0.02361267 
0.1302364 0.0618987 0.7977105 0.01015439 
0.1765313 0.07014423 0.7428859 0.0104386 
0.1698424 0.05319482 0.7687923 0.008170518 
0.1599203 0.06459536 0.7697805 0.005703852 
0.1374666 0.04529501 0.8119738 0.005264588 
0.1697392 0.05311734 0.7766343 0.0005091758 
0.1480751 0.06927262 0.7685319 0.01412042 
0.003432915 0.05020345 0.8258092 0.1205544 
0.002749558 0.07522845 0.8043847 0.1176373 
0.02356426 0.05657546 0.8051907 0.1146696 
0.004549478 0.05277928 0.7958326 0.1468387 
0.00278323 0.04717659 0.802651 0.1473892 
0.006927601 0.05522347 0.720254 0.2175949 
0.06459168 0.009604917 0.803322 0.1224814 
0.07529899 0.04306782 0.7617375 0.1198957 
0.05538302 0.0107997 0.8490804 0.08473687 
0.04339962 0.01281189 0.8309987 0.1127898 
0.08922133 0.006817367 0.7912785 0.1126828 
0.04210569 0.01701602 0.7596921 0.1811862 
0.06492034 0.0402476 0.778124 0.1167081 
0.05204835 0.01045572 0.8271731 0.1103228 
0.01275849 0.1001375 0.7635732 0.1235308 
0.01423368 0.04362187 0.8090805 0.133064 
0.01253393 0.09942097 0.8063862 0.08165888 
0.0103042 0.09218326 0.7697376 0.1277749 
0.007627908 0.07027794 0.7648868 0.1572073 
0.003470132 0.05129126 0.7859533 0.1592853 
0.008250093 0.091596 0.7606296 0.1395243 
0.002831339 0.04179557 0.7622402 0.1931329 
0.1356925 0.03106734 0.7815582 0.05168189 
0.1482928 0.05257529 0.7900698 0.009062086 
0.2020353 0.02958941 0.7639105 0.004464841 
0.1428886 0.04800073 0.8037625 0.005348176 
0.08113846 0.05333729 0.8636732 0.001851082 
0.107192 0.04037981 0.8465518 0.005876307 
0.1542877 0.05593966 0.7771126 0.01266008 
0.1370661 0.04734906 0.8119937 0.003591199 
0.1708552 0.06565283 0.7622827 0.001209263 
0.202886 0.06453501 0.7056343 0.02694471 
0.1620719 0.03209337 0.7985998 0.007234959 
0.1513418 0.08831511 0.752421 0.007922047 
0.110072 0.06611697 0.8139757 0.009835258 
0.1260018 0.06392739 0.7914201 0.01865073 
0.1037279 0.03326697 0.8357644 0.02724078 
0.08449499 0.09789794 0.7750327 0.04257439 
0.1922402 0.01798103 0.7715011 0.01827765 
0.1852846 0.03109062 0.7741735 0.009451296 
0.1077066 0.03101296 0.8507018 0.01057858 
0.08840425 0.03613509 0.8740818 0.001378849 
0.1617682 0.08947706 0.7458147 0.002940022 
0.1356494 0.03506178 0.8039265 0.02536232 
0.135632 0.0694733 0.792695 0.002199637 
0.1338245 0.05137368 0.8079688 0.006833031 
0.09072027 0.05356422 0.8427453 0.01297019 
0.1524763 0.03556974 0.7765162 0.03543778 
0.1587478 0.07904605 0.7517313 0.01047477 
0.1691011 0.09403949 0.7340756 0.002783838 
0.1180243 0.04559507 0.8322545 0.004126092 
0.2031509 0.0475959 0.7137965 0.03545673 
0.07584585 0.09176258 0.8161559 0.01623564 
0.1617516 0.0408997 0.7715119 0.02583676 
0.1173259 0.05281243 0.8106667 0.0191949 
0.1314966 0.02580248 0.8412815 0.001419373 
0.1156918 0.04064535 0.8360863 0.007576565 
0.1143453 0.05816792 0.8155245 0.01196226 
0.1942615 0.03974028 0.7462609 0.01973735 
0.06164611 0.06311884 0.8651955 0.01003953 
0.1639712 0.02868644 0.7912224 0.01611998 
0.130367 0.02804877 0.8383076 0.003276653 
0.09638194 0.04351645 0.8512527 0.008848864 
0.08948549 0.07020356 0.8103141 0.02999686 
0.05741574 0.02610792 0.8904027 0.02607368 
0.1050138 0.07421596 0.8165451 0.0042251 
0.1597152 0.0448189 0.7826903 0.01277564 
0.1647682 0.04743764 0.786077 0.001717195 
0.06893404 0.06647538 0.8319513 0.03263926 
0.1635441 0.02542349 0.7681093 0.04292309 
0.1418946 0.03959161 0.8184707 4.309084e-05 
0.1627239 0.02646456 0.79081 0.02000149 
0.1427753 0.04288296 0.813545 0.0007967612 
0.0999546 0.09131801 0.7918784 0.016849 
0.1580541 0.04590895 0.7938027 0.002234289 
0.1441234 0.07871282 0.7324746 0.04468923 
0.1318664 0.04554328 0.8170311 0.00555928 
0.09753189 0.05313022 0.7727267 0.07661118 
0.1184548 0.02012019 0.7344771 0.1269479 
0.1610289 0.00149252 0.7799436 0.05753499 
0.1237904 0.02465008 0.7951546 0.05640496 
0.1375439 0.00291493 0.8163824 0.04315884 
0.08422829 0.008347389 0.8302443 0.07718006 
0.1929421 0.02066795 0.7242009 0.06218905 
0.1365719 0.0004919845 0.8082443 0.05469183 
0.1069614 0.01855586 0.7807018 0.09378102 
0.1106036 0.01582034 0.8541458 0.01943022 
0.1638624 0.001146926 0.7809512 0.05403944 
0.1476387 0.003881838 0.8087204 0.03975903 
0.1086151 0.00246647 0.8515962 0.03732227 
0.0741275 0.02366286 0.8646962 0.03751343 
0.07880896 0.001788285 0.8726006 0.04680215 
0.1311589 0.03517054 0.7685815 0.06508915 
0.112846 0.003344473 0.809343 0.07446657 
0.1260854 0.01828665 0.6867741 0.1688539 
0.07698904 0.0002426726 0.8702994 0.05246886 
0.1340722 0.006311609 0.8052708 0.05434543 
0.1257005 0.009925052 0.7949504 0.06942408 
0.1249364 0.002804327 0.8041496 0.06810975 
0.1447204 0.003715892 0.7360782 0.1154855 
0.1083761 0.02193316 0.8246552 0.04503561 
0.1621009 0.001544791 0.7625114 0.07384297 
0.1534996 0.01786553 0.7614071 0.06722769 
0.1228824 0.0006519188 0.8223158 0.05414987 
0.09127278 0.04370985 0.8092619 0.05575545 
0.08947728 0.003598754 0.8156123 0.0913117 
0.1202885 0.1246081 0.7452627 0.009840697 
0.1521906 0.07241361 0.7670706 0.00832522 
0.1371491 0.03607522 0.8191679 0.007607724 
0.1317035 0.09471412 0.7410512 0.0325311 
0.1664777 0.04092811 0.758726 0.03386815 
0.12062 0.03702863 0.8406629 0.001688499 
0.1433365 0.1014128 0.7538971 0.001353568 
0.07799535 0.07225465 0.8488393 0.0009106723 
0.1196622 0.09217522 0.7753535 0.01280908 
0.1157822 0.05932704 0.7527977 0.07209311 
0.1132905 0.04071657 0.8383698 0.007623157 
0.09925561 0.06661659 0.8306044 0.003523426 
0.1457032 0.04258313 0.7978898 0.01382384 
0.1280433 0.04682743 0.8090344 0.01609481 
0.1851313 0.02681685 0.7859425 0.002109413 
0.1251299 0.05611779 0.7974753 0.02127705 
0.1163713 0.04154249 0.8396627 0.002423534 
0.1206637 0.0476265 0.7978699 0.03383983 
0.0975569 0.07320336 0.828846 0.0003937655 
0.1041864 0.04068724 0.8391827 0.01594361 
0.1262337 0.02181339 0.7950821 0.05687086 
0.1495023 0.07968704 0.7685853 0.002225378 
0.1272612 0.04897551 0.8124097 0.01135355 
0.1092029 0.06992707 0.8048079 0.01606213 
0.1618554 0.02846097 0.8041882 0.005495431 
0.1948015 0.05055674 0.7460942 0.008547516 
0.1494925 0.05357497 0.7698277 0.02710482 
0.2132192 0.007475685 0.7370554 0.04224967 
0.1237357 0.001359415 0.8024819 0.07242292 
0.1822024 0.02111821 0.7616276 0.0350518 
0.15733 0.02781327 0.7624361 0.05242067 
0.1106846 0.003336283 0.8431603 0.04281878 
0.1533736 0.007439142 0.7637041 0.0754832 
0.1035277 0.08755279 0.7426673 0.06625221 
0.1609295 0.01130968 0.7500365 0.07772427 
0.06778741 0.0293916 0.8779969 0.0248241 
0.1067756 0.0004108516 0.857053 0.03576061 
0.1033984 0.01027125 0.8354085 0.05092194 
0.1112282 0.01264678 0.8159688 0.06015626 
0.09812637 0.01071321 0.860898 0.03026241 
0.1400334 0.02059428 0.8047902 0.03458218 
0.1271658 0.03430228 0.7549011 0.0836308 
0.1347109 0.01583043 0.7880933 0.06136542 
0.1456494 0.008562986 0.7507757 0.09501188 
0.156814 0.00685133 0.7874574 0.04887729 
0.07843708 0.05384608 0.8120988 0.055618 
0.1363043 0.001363532 0.799278 0.06305419 
0.0009508487 0.1706399 0.7533899 0.07501933 
0.003388879 0.1770794 0.7713479 0.0481838 
0.002496413 0.1850079 0.783951 0.02854469 
0.0007343636 0.113385 0.8412934 0.04458725 
0.01235902 0.06176076 0.8283681 0.09751216 
0.03949022 0.1086213 0.7964457 0.0554428 
0.0140736 0.2087717 0.7626781 0.01447659 
0.00571532 0.156867 0.7663335 0.07108414 
0.01512873 0.1623639 0.7465481 0.07595933 
0.004676271 0.119944 0.8005949 0.07478484 
0.01286423 0.09385489 0.8247906 0.06849024 
0.004982031 0.1759878 0.7640076 0.05502255 
0.00367107 0.1412259 0.7843166 0.07078636 
0.003332291 0.1566381 0.790503 0.04952661 
0.02527659 0.1961058 0.7160177 0.06259986 
0.03890483 0.09315442 0.8078297 0.06011105 
0.01889419 0.1758611 0.778261 0.02698367 
0.005819061 0.1699148 0.7595011 0.06476499 
0.005744002 0.1612933 0.7734209 0.05954181 
0.06847538 0.1316366 0.7786985 0.02118952 
0.0009261253 0.1588112 0.8003009 0.03996176 
0.01208541 0.0904595 0.8561197 0.04133543 
0.1229788 0.1574678 0.7132566 0.006296855 
0.01953512 0.08249474 0.7656443 0.1323259 
0.01860304 0.1263194 0.808702 0.04637551 
0.02596217 0.1282717 0.8407098 0.005056391 
0.05134466 0.1591596 0.7853445 0.004151234 
0.03888271 0.1288345 0.8307306 0.001552102 
0.04960509 0.108405 0.7869994 0.05499044 
0.0728313 0.10667 0.8017606 0.01873806 
0.06762424 0.09537906 0.8044168 0.03257995 
0.07975839 0.1551294 0.7588882 0.006224038 
0.04864221 0.08939564 0.8583585 0.003603694 
0.08282076 0.09861443 0.8163627 0.002202104 
0.06253458 0.1299172 0.8047124 0.002835861 
0.03091328 0.09446225 0.8713579 0.003266551 
0.08999126 0.110834 0.7789854 0.02018936 
0.07052381 0.1765581 0.7242016 0.02871655 
0.04562369 0.1307927 0.8172929 0.00629073 
0.07246169 0.1350462 0.7718956 0.0205965 
0.05489835 0.1336675 0.7970887 0.01434547 
0.05090796 0.1109951 0.8317716 0.006325354 
0.1348922 0.07240309 0.7676009 0.02510382 
0.1070368 0.1007605 0.7681032 0.0240995 
0.05002862 0.1751364 0.7679423 0.006892694 
0.05730298 0.1729738 0.7309887 0.03873456 
0.08401797 0.1070394 0.7952167 0.01372599 
0.05141466 0.0224405 0.8297593 0.09638559 
0.03509764 0.00689149 0.8568777 0.1011331 
0.05230583 0.003337277 0.8437901 0.1005668 
0.09698431 0.0001778922 0.7773703 0.1254675 
0.04549563 0.01435456 0.8505538 0.08959601 
0.06792226 0.06329812 0.7727779 0.09600175 
0.05239773 0.01623352 0.8338725 0.09749627 
0.05716042 0.007753004 0.7106545 0.2244321 
0.03050324 0.006790092 0.8438614 0.1188452 
0.0288514 0.02704986 0.8352201 0.1088787 
0.04085362 0.05154112 0.7493103 0.1582949 
0.08367017 0.0145895 0.7970012 0.1047391 
0.0954065 0.01062036 0.8136424 0.08033071 
0.04119547 0.0027819 0.8617771 0.09424554 
0.04416735 0.005157661 0.7555651 0.1951099 
0.03496422 0.007899381 0.8095963 0.1475401 
0.08120291 0.00169867 0.8020568 0.1150416 
0.08211922 0.01975037 0.7702657 0.1278647 
0.06923675 0.005436375 0.7858697 0.1394572 
0.04766994 0.07529012 0.7853697 0.09167023 
0.003821604 0.03768944 0.7966664 0.1618225 
0.01410372 0.06582485 0.8066683 0.1134031 
0.04254978 0.06542535 0.7674626 0.1245622 
0.03636939 0.1029167 0.7268634 0.1338505 
0.01153124 0.09282046 0.7974592 0.09818912 
0.001033173 0.0464585 0.8309235 0.1215848 
0.01543725 0.02444877 0.788739 0.1713749 
0.01976104 0.1007062 0.7714347 0.108098 
0.004979004 0.05370377 0.8287808 0.1125365 
0.0001542927 0.0660997 0.8100586 0.1236874 
0.01259641 0.0671328 0.8238421 0.09642865 
0.0001806404 0.04227468 0.8692118 0.08833286 
0.009548749 0.03609073 0.8566318 0.09772875 
0.00291266 0.04476818 0.7813958 0.1709233 
0.04705004 0.05653687 0.7488735 0.1475396 
0.009940097 0.04015815 0.812843 0.1370587 
0.0172632 0.05855419 0.774243 0.1499397 
0.03668866 0.06360695 0.7252668 0.1744376 
0.01098032 0.03070183 0.8319258 0.1263921 
0.003840325 0.04094435 0.7837372 0.1714781 
0.06602495 0.002392124 0.7796086 0.1519743 
0.002429094 0.05655549 0.7963804 0.144635 
0.01367564 0.096205 0.778866 0.1112533 
0.01427769 0.09448096 0.734302 0.1569394 
0.05190002 0.07797993 0.7717563 0.09836372 
0.00648447 0.06118337 0.8219273 0.1104049 
0.007988318 0.1694049 0.6537882 0.1688186 
0.06150658 0.03885184 0.8359394 0.06370219 
0.004547842 0.03392405 0.8073912 0.1541369 
2.596414e-05 0.0577544 0.8395221 0.1026976 
0.02358086 0.1250366 0.6814875 0.169895 
0.01294936 0.04836335 0.7874487 0.1512386 
0.01404066 0.0517522 0.8020528 0.1321544 
0.005973395 0.06441953 0.8432841 0.08632302 
0.02158188 0.03081596 0.8714063 0.07619583 
0.01075125 0.04370303 0.78035 0.1651957 
0.01565149 0.03174076 0.7389014 0.2137064 
0.002490021 0.06624064 0.7769724 0.154297 
0.01905045 0.06838948 0.8001163 0.1124438 
0.008301081 0.09092287 0.8104512 0.0903249 
0.0004459165 0.04655477 0.8046191 0.1483802 
0.002619119 0.06724703 0.8010188 0.1291151 
0.009495918 0.02844337 0.8422035 0.1198572 
0.006746352 0.07740726 0.7214768 0.1943696 
0.00741668 0.05868758 0.8162058 0.1176899 
0.01174032 0.05424573 0.8152683 0.1187457 
0.005973207 0.06488326 0.805429 0.1237145 
0.01243655 0.03348029 0.8389945 0.1150887 
0.02502963 0.0703282 0.7830605 0.1215816 
0.03290801 0.07107058 0.7780362 0.1179852 
0.0002372887 0.04600352 0.7732212 0.180538 
0.01185908 0.08118396 0.8689728 0.0379842 
0.009662975 0.06562686 0.7398991 0.1848111 
0.0139417 0.03548409 0.7969636 0.1536106 
0.01227963 0.04606417 0.7504127 0.1912435 
0.01708802 0.06537319 0.8068067 0.1107321 
0.03794203 0.1050382 0.7729439 0.08407588 
0.07353032 0.03426459 0.7814643 0.1107408 
0.07167342 0.002151332 0.7612443 0.164931 
0.05227353 0.02916571 0.6816384 0.2369223 
0.03419897 0.2002302 0.6603016 0.1052692 
0.04329932 0.1676695 0.6657998 0.1232314 
0.08421562 0.2153564 0.6265347 0.07389324 
0.07297965 0.01327134 0.8070368 0.1067123 
0.06707457 0.003649107 0.8048895 0.1243869 
0.03779201 0.01379995 0.7123811 0.236027 
0.08931955 0.03412566 0.7827768 0.09377795 
0.06129434 0.003476605 0.8422466 0.09298241 
0.115262 0.006968698 0.6905037 0.1872656 
0.06674658 0.009324305 0.8036233 0.1203059 
0.1323109 0.007922283 0.6991458 0.160621 
0.03198136 0.0253241 0.7602172 0.1824774 
0.04312905 0.001104854 0.8096737 0.1460924 
0.04654089 0.01827932 0.8008677 0.1343121 
0.08678876 0.05330683 0.715874 0.1440304 
0.0647985 0.002348894 0.744689 0.1881636 
0.01379223 0.01119254 0.9067057 0.06830957 
0.08541882 0.001784719 0.8287488 0.08404764 
0.03669165 0.001921811 0.8394691 0.1219175 
0.05880855 0.003022209 0.7231549 0.2150144 
0.02797151 0.005676033 0.8227496 0.1436028 
0.01744169 0.002507404 0.8102794 0.1697715 
0.0154356 0.002081428 0.845245 0.137238 
0.07042965 0.05127237 0.6745122 0.2037858 
0.04492939 0.04278644 0.7950388 0.1172454 
0.0370386 0.001295923 0.7981087 0.1635567 
0.03038079 0.01016478 0.8375195 0.121935 
0.05374127 0.01189077 0.8374462 0.09692172 
0.09824526 0.00574513 0.7274412 0.1685684 
0.1150128 0.02443452 0.7248733 0.1356794 
0.07256649 0.002844307 0.8342609 0.0903283 
0.1176053 0.01139393 0.7313454 0.1396553 
0.1086249 0.04599358 0.6871721 0.1582095 
0.05032395 0.01278938 0.8358961 0.1009906 
0.07195139 0.03918139 0.7861757 0.1026915 
0.06514634 0.002285384 0.7894718 0.1430965 
0.06028749 0.02175136 0.856763 0.06119811 
0.07184386 0.01734238 0.7542316 0.1565822 
0.05544643 0.0122333 0.8166052 0.1157151 
0.08320934 0.005187818 0.8077896 0.1038132 
0.04447966 0.0008487829 0.8501498 0.1045218 
0.03413747 0.0111942 0.74694 0.2077283 
0.02321514 0.003049065 0.8257193 0.1480165 
0.05821376 0.001185383 0.8550957 0.08550517 
0.114933 0.0133354 0.7479224 0.1238092 
0.06151743 0.002932365 0.7948318 0.1407184 
0.05291226 0.001983521 0.7583427 0.1867615 
0.0469501 0.03730346 0.732675 0.1830714 
0.05111435 0.008300533 0.7119262 0.2286589 
0.02669696 0.006711253 0.8488159 0.1177759 
0.04043014 0.001007701 0.8137553 0.1448069 
0.0534934 0.005223179 0.865281 0.0760024 
0.06618514 0.00499601 0.8338873 0.09493151 
0.04601105 0.01515669 0.806343 0.1324892 
0.04401976 0.02164352 0.825469 0.1088677 
0.04031673 0.02041468 0.7573649 0.1819037 
0.06149612 0.03079998 0.785506 0.1221979 
0.1341649 0.02992045 0.8157642 0.02015048 
0.06480128 0.01805551 0.7808721 0.1362712 
0.07276691 0.02029949 0.7695415 0.1373921 
0.0601611 0.009617599 0.7962102 0.1340111 
0.03372598 0.01479546 0.8289627 0.1225158 
0.06469812 0.00533621 0.8114797 0.118486 
0.04650657 0.02213113 0.8061895 0.1251728 
0.03201354 0.02079837 0.8574636 0.08972453 
0.06273363 0.004738189 0.8503772 0.08215102 
0.0341444 0.00582328 0.7988175 0.1612149 
0.04393168 0.0348042 0.780248 0.1410161 
0.05801887 0.001945503 0.8682393 0.07179631 
0.06129321 0.007572435 0.8050139 0.1261204 
0.05858925 0.012085 0.8326694 0.09665636 
0.07774901 0.004256015 0.8190777 0.09891722 
0.02190438 0.003683917 0.8760212 0.09839051 
0.01577462 0.005655962 0.8717523 0.1068172 
0.02873661 0.008937381 0.7990717 0.1632543 
0.06643392 0.01006378 0.8099026 0.1135997 
0.05217399 0.001615263 0.8457543 0.1004564 
0.06576186 0.002074606 0.8229781 0.1091854 
0.03827466 0.02561412 0.8430687 0.09304256 
0.094381 0.01977616 0.7534374 0.1324054 
0.07367162 0.01040844 0.7658252 0.1500947 
0.02974816 0.001222808 0.8276428 0.1413862 
0.04782773 0.01340041 0.7168846 0.2218873 
0.05309399 0.009018792 0.7896866 0.1482006 
0.03583832 0.004202161 0.784958 0.1750015 
0.06328591 0.07801257 0.7497919 0.1089096 
0.03702286 0.001763863 0.8597352 0.1014781 
0.1315202 0.01447992 0.7584705 0.09552931 
0.1126634 0.001813899 0.7905675 0.09495524 
0.06919925 0.03822818 0.7716346 0.120938 
0.06354752 0.005313735 0.7808455 0.1502932 
0.06479365 0.006897193 0.8000431 0.128266 
0.08941997 0.01129552 0.8060307 0.09325379 
0.05212213 0.003329881 0.8108663 0.1336817 
0.03924054 0.0007303356 0.7906126 0.1694166 
0.04101445 0.009443879 0.8082277 0.141314 
0.03955805 0.01658151 0.8288296 0.1150308 
0.048769 0.03083905 0.7942074 0.1261845 
0.0767753 0.005213838 0.8116839 0.1063269 
0.02785284 0.007694417 0.8251092 0.1393435 
0.03483169 0.001085856 0.7987496 0.1653329 
0.03834949 0.04331531 0.7777982 0.140537 
0.07000239 0.008751302 0.8002333 0.121013 
0.07247718 0.00260824 0.8199911 0.1049235 
0.02600201 0.006959138 0.8673655 0.09967333 
0.04725703 0.01929033 0.813208 0.1202446 
0.09166034 0.008824382 0.8140763 0.08543895 
0.0985258 0.006273684 0.7394825 0.155718 
0.08252467 0.01083278 0.752586 0.1540566 
0.06144304 0.01981324 0.803677 0.1150667 
0.03943731 0.01752903 0.812357 0.1306767 
0.0578332 0.01178863 0.8253618 0.1050163 
0.0598072 0.0003819439 0.8676725 0.07213831 
0.0571597 0.002339274 0.8286301 0.1118709 
0.01813528 0.03962578 0.7698688 0.1723701 
0.02025527 0.003606582 0.7565207 0.2196174 
0.03649454 0.00992878 0.8392471 0.1143296 
0.111085 0.0006142118 0.7468508 0.1414499 
0.0315762 0.002408311 0.8006334 0.1653821 
0.1352169 0.02544496 0.7158283 0.1235099 
0.03617408 0.008493803 0.8717214 0.08361074 
0.1330192 0.004611383 0.7269151 0.1354543 
0.04188297 0.01130905 0.8383101 0.1084978 
0.04177063 0.01361787 0.8469788 0.09763268 
0.03120709 0.009132339 0.8025367 0.1571239 
0.07329134 0.02271297 0.8092842 0.09471147 
0.093119 0.02454851 0.746992 0.1353405 
0.05675335 0.01384157 0.8215913 0.1078138 
0.03069256 0.04822045 0.7635321 0.1575549 
0.03279083 0.0137058 0.8505721 0.1029313 
0.02974779 0.002657117 0.8155199 0.1520752 
0.06173747 0.03301258 0.7103661 0.1948838 
0.05391464 7.152148e-05 0.8258681 0.1201458 
0.08786825 0.01475427 0.8132449 0.08413254 
0.03066305 0.02897506 0.7737983 0.1665636 
0.08353247 0.02287864 0.6854464 0.2081425 
0.0515362 0.002785157 0.8005843 0.1450944 
0.04547764 0.006685001 0.7937178 0.1541195 
0.09219702 0.01489975 0.747171 0.1457323 
0.07705845 0.01096045 0.7773084 0.1346727 
0.08384423 0.005153264 0.8443103 0.06669219 
0.001029612 0.07596609 0.7792139 0.1437904 
0.02438243 0.07991059 0.7759277 0.1197793 
0.008927207 0.02118223 0.8315521 0.1383384 
0.03388802 0.06767032 0.7662309 0.1322108 
0.001691798 0.06062242 0.8040187 0.1336671 
0.05195186 0.03482105 0.8651498 0.04807729 
0.007771007 0.06975151 0.7370123 0.1854652 
0.0004994 0.04538399 0.8226499 0.1314667 
0.002149737 0.08384474 0.7897928 0.1242127 
0.04790864 0.05053295 0.7645438 0.1370146 
0.02272803 0.07555024 0.7913431 0.1103786 
0.0009451851 0.05485059 0.8196103 0.1245939 
0.03337331 0.06715771 0.8027255 0.09674352 
0.02672212 0.08539952 0.7849432 0.1029351 
0.01232939 0.09259799 0.7741237 0.1209489 
0.008270811 0.06164747 0.8613154 0.0687663 
0.01684137 0.05528132 0.8665639 0.06131344 
0.01063043 0.05071133 0.7702553 0.1684029 
0.000522244 0.05710174 0.8082516 0.1341244 
0.005929721 0.1200374 0.7634605 0.1105724 
0.02627712 0.07207286 0.7692858 0.1323642 
0.01036707 0.1032093 0.7542371 0.1321865 
0.01092911 0.06672453 0.8106618 0.1116845 
0.0006312404 0.08125336 0.785654 0.1324614 
0.0191488 0.08217026 0.7810101 0.1176709 
0.02673244 0.0572554 0.8601238 0.05588838 
0.002230166 0.06083486 0.794356 0.142579 
0.03167076 0.0296279 0.8474181 0.09128323 
0.002713743 0.07526532 0.7761695 0.1458514 
0.02221031 0.02619657 0.8200187 0.1315744 
0.007753734 0.05230445 0.7630192 0.1769226 
0.0279422 0.06807476 0.7760192 0.1279638 
0.0439909 0.05418708 0.769513 0.132309 
0.006886422 0.056516 0.8603998 0.07619774 
0.01044479 0.09348221 0.7501276 0.1459454 
0.01522964 0.05264791 0.8180963 0.1140261 
0.01108393 0.0290904 0.8441736 0.115652 
0.006443728 0.09145036 0.7392026 0.1629033 
0.005833785 0.03988435 0.8425654 0.1117165 
0.01762009 0.05104263 0.8103444 0.1209929 
0.03573692 0.1252791 0.7067776 0.1322064 
0.01307291 0.0593139 0.7899158 0.1376974 
0.02701624 0.06596434 0.7931668 0.1138526 
0.004252933 0.07058116 0.8180633 0.1071026 
0.008044684 0.05189921 0.7526305 0.1874256 
0.1456177 0.1030986 0.7441896 0.00709405 
0.08684598 0.0993008 0.8061979 0.00765529 
0.04732772 0.1455655 0.8066872 0.0004196004 
0.1481444 0.05954508 0.7894647 0.002845828 
0.08813493 0.06460024 0.8210478 0.02621702 
0.1777987 0.08558573 0.7249037 0.01171188 
0.1293977 0.05052773 0.815168 0.004906623 
0.1292457 0.02820487 0.8400389 0.002510549 
0.1386359 0.03707625 0.8178529 0.006434925 
0.125836 0.02658974 0.816274 0.03130026 
0.09497936 0.1534367 0.7365607 0.0150232 
0.1619589 0.04182025 0.7751743 0.02104656 
0.1207413 0.08605858 0.7562663 0.03693383 
0.1269227 0.07880517 0.790008 0.004264092 
0.1757939 0.07104713 0.7412059 0.01195314 
0.1773777 0.06177852 0.7456719 0.01517191 
0.09362786 0.04916625 0.8394217 0.01778421 
0.1067426 0.06929923 0.8105324 0.01342579 
0.1068915 0.02529918 0.8570133 0.01079596 
0.1956958 0.06804845 0.7113317 0.02492406 
0.05929445 0.04900031 0.8666371 0.02506815 
0.1058557 0.112517 0.7695241 0.01210316 
0.1109555 0.05911016 0.8151475 0.01478686 
0.1974336 0.08276911 0.6922349 0.02756237 
0.1380813 0.08075389 0.7784999 0.002664925 
0.1284383 0.03575607 0.8054229 0.03038272 
0.1440498 0.06765144 0.7700465 0.01825222 
0.1462069 0.07517022 0.769557 0.009065882 
0.0685761 0.1222137 0.7655821 0.0436281 
0.1196906 0.05333416 0.8061743 0.02080089 
0.1640655 0.08065693 0.7198365 0.03544114 
0.08543734 0.06635934 0.8348994 0.01330388 
0.189417 0.005354606 0.7690233 0.0362051 
0.2008167 0.002095263 0.7891623 0.007925747 
0.0781057 0.1080817 0.7768533 0.03695928 
0.01413386 0.140322 0.7863343 0.05920979 
0.000583335 0.1697648 0.7467843 0.08286755 
0.01456046 0.1058519 0.802126 0.07746169 
0.007532015 0.1193328 0.8134267 0.05970848 
0.003030869 0.1280613 0.8285034 0.04040441 
0.05140022 0.1747633 0.7728993 0.0009372623 
0.005066921 0.1259593 0.8147328 0.05424095 
0.02445405 0.149197 0.819491 0.006857954 
0.03649118 0.1464747 0.8146832 0.00235096 
0.04268448 0.1634574 0.7805727 0.01328541 
0.0368065 0.1102805 0.8414922 0.01142085 
0.04950945 0.1109897 0.8202899 0.01921086 
0.07424796 0.1149333 0.8035931 0.007225572 
0.03349236 0.1373479 0.8234339 0.005725793 
0.06790201 0.1566554 0.7719141 0.003528496 
0.05288936 0.1338819 0.7971539 0.01607484 
0.09050437 0.1651782 0.7428737 0.001443739 
0.007649504 0.08605939 0.8529225 0.05336856 
0.005030247 0.1236709 0.8314398 0.03985899 
0.004676849 0.1307659 0.8149907 0.04956651 
0.006097347 0.2098932 0.72397 0.06003948 
0.003758743 0.1162975 0.8093871 0.07055673 
0.01941837 0.139127 0.7848474 0.05660723 
0.03171772 0.1789118 0.7448574 0.04451316 
0.04399145 0.06127794 0.8781371 0.01659353 
0.009928562 0.07423471 0.84847 0.06736677 
0.01368466 0.122043 0.7975078 0.06676452 
0.0214819 0.111785 0.8299909 0.0367422 
