p_1 p_2 p_3 p_4 
0.03310804 0.08322796 0.171651 0.712013 
0.04610936 0.0302531 0.105488 0.8181496 
0.1086055 0.002540853 0.09534311 0.7935106 
0.05644025 0.00599447 0.1761758 0.7613895 
0.04494649 0.03721825 0.1709001 0.7469351 
0.0630219 0.03888169 0.1660589 0.7320375 
0.0966273 0.0005095129 0.08833936 0.8145238 
0.05194731 0.006699826 0.1648739 0.776479 
0.05662583 0.001206805 0.2032331 0.7389343 
0.03325252 0.02264595 0.07582147 0.8682801 
0.039338 0.06967017 0.1355416 0.7554502 
0.0511688 0.00953469 0.1418402 0.7974563 
0.08808018 0.03617086 0.1041057 0.7716433 
0.07209385 0.0004099142 0.1393777 0.7881186 
0.03639972 0.04405651 0.151343 0.7682008 
0.03891087 0.09547487 0.1122081 0.7534061 
0.04890206 0.0008534546 0.1526461 0.7975984 
0.0750696 0.004277382 0.1917162 0.7289368 
0.0939203 0.0382907 0.1308544 0.7369346 
0.004820406 0.03843431 0.2412859 0.7154594 
0.0154595 0.0562036 0.1845598 0.7437771 
0.009204504 0.05846366 0.09516677 0.8371651 
0.02041076 0.04681734 0.08386879 0.8489031 
0.01040446 0.09074594 0.1154651 0.7833845 
0.00240725 0.05309157 0.2052652 0.739236 
0.01357824 0.04330328 0.1395642 0.8035543 
0.08456447 0.04981227 0.1460513 0.719572 
0.02076007 0.05182905 0.1576624 0.7697485 
0.03042614 0.06993445 0.112061 0.7875784 
0.01740104 0.02407327 0.1718991 0.7866266 
0.0085898 0.08292357 0.1226719 0.7858147 
0.01843983 0.02615585 0.09979516 0.8556092 
0.02421018 0.1194003 0.1111485 0.745241 
0.03891488 0.05650371 0.1602401 0.7443413 
0.006253446 0.01901647 0.1448613 0.8298688 
0.007028991 0.04410693 0.1363143 0.8125498 
0.03637105 0.04726744 0.1210304 0.7953311 
0.048849 0.05014577 0.04977603 0.8512292 
0.006893682 0.08255021 0.1697324 0.7408237 
0.007939912 0.08822507 0.1204458 0.7833892 
0.05467581 0.05794616 0.1807105 0.7066675 
0.04738308 0.002727732 0.1648269 0.7850623 
0.03871881 0.02001697 0.1765742 0.76469 
0.06514748 0.01456714 0.1435434 0.776742 
0.06634988 0.03634489 0.1735163 0.7237889 
0.0380082 0.01240748 0.1606902 0.7888941 
0.06152887 0.04272523 0.1597986 0.7359473 
0.04666544 0.02657254 0.1287712 0.7979908 
0.04700031 0.05071096 0.1828559 0.7194328 
0.07681362 0.03288495 0.09483265 0.7954688 
0.04778972 0.003416346 0.1290675 0.8197265 
0.07846187 0.05191227 0.1983255 0.6713004 
0.05171057 0.0003932999 0.2310888 0.7168073 
0.07207542 0.0421564 0.04996243 0.8358058 
0.02147384 0.06871061 0.147474 0.7623415 
0.02170168 0.06724601 0.1303384 0.780714 
0.04414483 0.004600699 0.123474 0.8277805 
0.03487006 0.03948187 0.1481764 0.7774717 
0.0004303073 0.03025499 0.1832911 0.7860236 
0.02305533 0.02635716 0.127706 0.8228815 
0.001315535 0.07491649 0.1966558 0.7271121 
0.01195146 0.06367394 0.1477328 0.7766418 
0.1406816 0.002259811 0.1176955 0.7393632 
0.08307705 0.002372021 0.139672 0.7748789 
0.05343367 0.02054398 0.1990153 0.727007 
0.06482436 0.003310562 0.1561543 0.7757108 
0.05247587 0.06387248 0.09870259 0.7849491 
0.07883827 0.03764259 0.09758227 0.7859369 
0.05222819 0.01645187 0.2064127 0.7249072 
0.003312447 0.1213446 0.08273844 0.7926045 
0.02987177 0.04877289 0.123976 0.7973794 
0.04577643 0.03205067 0.1290575 0.7931154 
0.04446986 0.04389975 0.1207159 0.7909145 
0.008674469 0.05099577 0.1409086 0.7994212 
0.007869742 0.1272861 0.1398749 0.7249693 
0.07421806 0.07026886 0.0855618 0.7699513 
0.1444791 0.09297962 0.04478628 0.717755 
0.2075243 0.02696713 0.01413429 0.7513743 
0.2139618 0.04773908 0.03644239 0.7018567 
0.1335322 0.0287535 0.01679682 0.8209175 
0.1398778 0.02841098 0.04041887 0.7912923 
0.151745 0.01096585 0.03329652 0.8039926 
0.1278135 0.06978387 0.06392527 0.7384773 
0.1678899 0.01272367 0.05905977 0.7603267 
0.128057 0.01464759 0.06822619 0.7890692 
0.147758 0.02358224 0.06285814 0.7658016 
0.09291622 0.005326251 0.0800945 0.821663 
0.1748779 0.04449213 0.04518158 0.7354484 
0.0225814 0.248983 0.06892559 0.6595101 
0.05824126 0.1237417 0.02936042 0.7886567 
0.04796895 0.1131879 0.00704026 0.8318029 
0.02710044 0.1117178 0.01692186 0.8442599 
0.05885012 0.1422722 0.03931048 0.7595672 
0.07427825 0.2573275 0.008654919 0.6597393 
0.05341406 0.1369041 0.03221582 0.777466 
0.0206323 0.1223503 0.001406944 0.8556104 
0.04227157 0.09208874 0.01179156 0.8538481 
0.0749172 0.130373 0.02458866 0.7701211 
0.05366405 0.1809845 0.007216472 0.758135 
0.03152434 0.1760203 0.01427037 0.778185 
0.08041753 0.08458683 0.07927576 0.7557199 
0.03372124 0.1190001 0.04170985 0.8055688 
0.04830509 0.1567586 0.01442102 0.7805153 
0.04236618 0.1409845 0.007031646 0.8096177 
0.05129062 0.1294087 0.01595794 0.8033428 
0.09880935 0.07966235 0.05096441 0.7705639 
0.02573863 0.1692511 0.02121943 0.7837908 
0.08646147 0.1237402 0.0285024 0.7612959 
0.09690251 0.1317031 0.04155731 0.7298371 
0.06675839 0.1026016 0.07630276 0.7543372 
0.05642199 0.1998329 0.008235625 0.7355095 
0.05364603 0.1220975 0.0176457 0.8066108 
0.03978631 0.1285707 0.03479749 0.7968455 
0.05842005 0.1056985 0.003405537 0.8324759 
0.03385286 0.1965602 0.0166208 0.7529662 
0.08924303 0.1408542 0.03366676 0.736236 
0.06216826 0.1297191 0.0240491 0.7840636 
0.08712965 0.1955479 0.02562076 0.6917017 
0.05599975 0.1189878 0.006106018 0.8189064 
0.05379514 0.1260367 0.007403874 0.8127643 
0.0458497 0.1662415 0.01986211 0.7680467 
0.06573155 0.1270473 0.02974908 0.7774721 
0.0577124 0.1825592 0.001272434 0.758456 
0.04098231 0.1018907 0.006953015 0.850174 
0.07833676 0.1730033 0.01102063 0.7376393 
0.1128811 0.09616022 0.01076714 0.7801915 
0.06231806 0.1332035 0.01035344 0.794125 
0.06871939 0.1765914 0.006112317 0.7485769 
0.03884081 0.09056601 0.03142649 0.8391667 
0.07134595 0.08808925 0.0003134453 0.8402514 
0.1126416 0.1451048 0.0119391 0.7303145 
0.03613956 0.1268866 0.01335691 0.8236169 
0.07950585 0.135106 0.005131326 0.7802568 
0.04703724 0.1024359 0.07670285 0.773824 
0.04324808 0.1200041 0.02457967 0.8121682 
0.04423744 0.145664 0.03843048 0.7716681 
0.02057125 0.1169603 0.08543822 0.7770303 
0.006932288 0.1051772 0.02214584 0.8657446 
0.006559893 0.1428907 0.05786535 0.7926841 
0.06975594 0.1187347 0.02617355 0.7853358 
0.03781296 0.1245022 0.01823972 0.8194451 
0.0009218969 0.1459072 0.07977273 0.7733982 
0.01143344 0.1140225 0.02851393 0.8460301 
0.0118169 0.07356454 0.08845666 0.8261619 
0.0645333 0.1313413 0.01832817 0.7857972 
0.006750857 0.1713299 0.03736772 0.7845515 
0.04223914 0.1192662 0.03519454 0.8033002 
0.06431122 0.08670253 0.0225976 0.8263886 
0.05080184 0.1178845 0.005632258 0.8256814 
0.03686529 0.1054587 0.01022669 0.8474493 
0.05992841 0.1862611 0.014559 0.7392515 
0.1006731 0.1064793 0.009472072 0.7833755 
0.08934586 0.07877712 0.04919577 0.7826813 
0.03722505 0.1470077 0.01579353 0.7999737 
0.0401388 0.1409174 0.01748898 0.8014548 
0.002059216 0.1024131 0.0615402 0.8339875 
6.655931e-05 0.2431288 0.01815083 0.7386538 
0.005692743 0.1171858 0.0839405 0.793181 
0.0421702 0.1199916 0.07550928 0.7623289 
0.004851165 0.118796 0.0390343 0.8373185 
0.1128272 0.107232 0.004673978 0.7752668 
0.06159896 0.07753905 0.04670144 0.8141606 
0.08053061 0.07863857 0.08996648 0.7508643 
0.0190792 0.1425094 0.0503431 0.7880683 
0.01001053 0.06968871 0.114389 0.8059117 
0.01053384 0.1247858 0.1105081 0.7541723 
0.04756174 0.1045528 0.0816097 0.7662758 
0.004046838 0.1185044 0.1067193 0.7707295 
0.02347412 0.1259442 0.07334237 0.7772393 
0.04080982 0.1870328 0.04613621 0.7260212 
0.05231686 0.1727382 0.02271895 0.7522259 
0.06131005 0.09397046 0.03978435 0.8049351 
0.04597387 0.1008369 0.01487772 0.8383115 
0.06737125 0.1288252 0.03837889 0.7654246 
0.06988941 0.1539616 0.05011827 0.7260307 
0.08763905 0.1048694 0.0293809 0.7781106 
0.04193039 0.1323927 0.02633952 0.7993374 
0.06242736 0.1016383 0.008128269 0.827806 
0.04876773 0.1222259 0.04184452 0.7871618 
0.06481104 0.0648973 0.02052467 0.849767 
0.1278697 0.1250718 0.01330009 0.7337584 
0.06542716 0.1310941 0.01565893 0.7878198 
0.03013617 0.1235978 0.03249939 0.8137666 
0.04789323 0.158102 0.003898379 0.7901064 
0.07521699 0.1482366 0.03415539 0.742391 
0.04622389 0.2007931 0.01063561 0.7423474 
0.09096098 0.217301 0.03133172 0.6604063 
0.06396766 0.09009514 0.01497179 0.8309654 
0.04930725 0.1106576 0.07280648 0.7672287 
0.06058141 0.1119608 0.01627808 0.8111797 
0.04244191 0.1357547 0.01890323 0.8029001 
0.05888717 0.1253203 0.01782916 0.7979634 
0.06042821 0.1513322 0.02065784 0.7675817 
0.09256815 0.1376976 0.006190182 0.7635441 
0.04411721 0.169279 0.01459666 0.7720071 
0.07600669 0.0795403 0.01159067 0.8328623 
0.1293446 0.1610625 0.03425026 0.6753427 
0.06897945 0.1291619 0.01635487 0.7855038 
0.07121997 0.1551334 0.02145479 0.7521919 
0.0539791 0.1096257 0.02073498 0.8156603 
0.06511929 0.1217621 0.02780839 0.7853102 
0.07352588 0.1213993 0.01026456 0.7948102 
0.03625767 0.1226611 0.03873454 0.8023467 
0.03398473 0.1527378 0.01385901 0.7994185 
0.0456515 0.08476098 0.02771813 0.8418694 
0.0741156 0.1398888 0.0551457 0.7308499 
0.05247041 0.1370382 0.01395311 0.7965383 
0.02378588 0.2089573 0.05086614 0.7163906 
0.165988 0.179457 0.01169975 0.6428552 
0.1804138 0.04161121 0.046956 0.731019 
0.178312 0.05566564 0.06147746 0.7045449 
0.1257278 0.002994525 0.05647798 0.8147997 
0.1125926 0.05971232 0.02852604 0.7991691 
0.110559 0.005090598 0.06619064 0.8181598 
0.1703861 0.01077968 0.08133755 0.7374966 
0.1807617 0.002949134 0.07090508 0.7453841 
0.1516752 0.0004737908 0.05725957 0.7905914 
0.1871698 0.009833325 0.07857818 0.7244187 
0.1663822 0.00156551 0.06966642 0.7623859 
0.1838378 0.01264579 0.120732 0.6827844 
0.1209834 0.01682573 0.04857366 0.8136172 
0.1444356 0.01920055 0.06106942 0.7752944 
0.1226273 0.01257065 0.08857717 0.7762249 
0.1032316 0.1775789 0.00667585 0.7125136 
0.1106403 0.0396039 0.05723181 0.792524 
0.1228865 0.01852796 0.07078172 0.7878039 
0.1807083 0.0143182 0.05326323 0.7517103 
0.1352044 0.03673433 0.06825401 0.7598073 
0.1224387 0.006652967 0.05081888 0.8200894 
0.1052411 0.01759225 0.07138571 0.8057809 
0.204692 0.05512511 0.04925562 0.6909272 
0.1264286 0.01208546 0.08901722 0.7724687 
0.143407 0.03421811 0.02473303 0.7976418 
0.1020578 0.008933803 0.09288311 0.7961253 
0.104903 0.03619664 0.09244325 0.7664571 
0.1077181 0.05150272 0.0712536 0.7695256 
0.1131702 0.04186335 0.04655636 0.79841 
0.09723984 0.02503755 0.09215958 0.785563 
0.1216715 0.00806377 0.05340523 0.8168595 
0.1670639 0.03447551 0.01762588 0.7808347 
0.1472699 0.07375321 0.00393131 0.7750455 
0.1369268 0.05913344 0.01180371 0.7921361 
0.1626553 0.1315128 0.01338764 0.6924442 
0.1188934 0.07702451 0.002779072 0.801303 
0.1453213 0.03523165 0.04980017 0.7696469 
0.1203154 0.03191111 0.02628733 0.8214861 
0.1191727 0.05976434 0.001326339 0.8197366 
0.1180021 0.05570173 0.001788784 0.8245074 
0.1315467 0.1121136 0.005116737 0.7512231 
0.167659 0.03236376 0.0211286 0.7788486 
0.1821248 0.03367024 0.02785436 0.7563506 
0.1110474 0.137738 0.001600131 0.7496145 
0.2068912 0.02220785 0.07786781 0.6930332 
0.1906238 0.01414243 0.03940971 0.755824 
0.1370185 0.04215136 0.05526468 0.7655655 
0.1453785 0.003371702 0.06142778 0.7898221 
0.1326634 0.03570924 0.002470586 0.8291568 
0.1678657 0.04064923 0.02858589 0.7628992 
0.2012921 0.08099692 0.02207506 0.6956359 
0.09055728 0.05061773 0.01450945 0.8443155 
0.1895161 0.05253469 0.00763993 0.7503093 
0.11823 0.05077195 0.02977746 0.8012206 
0.09538353 0.1064296 0.004430618 0.7937562 
0.1828301 0.06800528 0.01773522 0.7314294 
0.1412176 0.05893882 0.0233312 0.7765123 
0.1998823 0.1026948 0.004340872 0.693082 
0.1328866 0.03178785 0.02611719 0.8092083 
0.1066134 0.03583505 0.03367047 0.823881 
0.06210516 0.02523356 0.08608702 0.8265743 
0.1411764 0.02939564 0.03838029 0.7910477 
0.07222102 0.04878336 0.07410669 0.8048889 
0.1570451 0.1500134 0.01345095 0.6794905 
0.1948875 0.08980737 0.006780555 0.7085246 
0.1470462 0.06613192 0.009314991 0.7775069 
0.1731405 0.05861499 0.001342539 0.766902 
0.08882281 0.1607478 0.007442465 0.7429869 
0.1058215 0.04226795 0.0356009 0.8163096 
0.05804645 0.06965125 0.1082348 0.7640675 
0.03574381 0.08654158 0.1892378 0.6884769 
0.009054428 0.04824189 0.09099893 0.8517048 
0.04870691 0.06601932 0.1304514 0.7548224 
0.04402484 0.06140268 0.1821615 0.712411 
0.02156959 0.04573993 0.1513791 0.7813113 
0.008649181 0.09696338 0.1077497 0.7866378 
0.007305796 0.05353216 0.1359464 0.8032156 
0.01732596 0.02779211 0.1734958 0.7813862 
0.002994731 0.0595759 0.1041218 0.8333075 
0.01268895 0.06361707 0.1350128 0.7886812 
0.006266825 0.0747857 0.1644052 0.7545423 
0.02789339 0.0743375 0.1832831 0.714486 
0.03233957 0.06360807 0.1376023 0.7664501 
0.01747046 0.03914803 0.1287874 0.8145941 
0.03873553 0.0872946 0.09759154 0.7763783 
0.02145828 0.05942906 0.1824604 0.7366523 
0.02145124 0.04641137 0.191218 0.7409194 
0.009381924 0.097974 0.09564742 0.7969967 
0.01303094 0.04589874 0.2224801 0.7185902 
0.02043932 0.02802818 0.1923436 0.7591889 
0.03948258 0.068484 0.07942312 0.8126103 
0.05403685 0.1002437 0.19909 0.6466294 
0.04747093 0.03233489 0.1596917 0.7605025 
0.02227904 0.0490571 0.1140575 0.8146064 
0.03117243 0.06679337 0.1416012 0.760433 
0.02264216 0.04313863 0.2342241 0.6999951 
0.02352394 0.08716297 0.1203748 0.7689383 
0.002576339 0.07348632 0.1801364 0.7438009 
0.01574357 0.07184378 0.174465 0.7379477 
0.03105445 0.0506888 0.08779436 0.8304624 
0.02433095 0.021811 0.1441713 0.8096867 
0.03995282 0.02869996 0.1324623 0.798885 
0.08588804 0.07230111 0.112774 0.7290369 
0.04209764 0.0704156 0.1405885 0.7468982 
0.02011871 0.02370422 0.1227815 0.8333955 
0.02219273 0.1026718 0.1228252 0.7523103 
0.0248472 0.04889303 0.08263786 0.8436219 
0.01026257 0.06585624 0.09389878 0.8299824 
0.02093838 0.09153633 0.1004589 0.7870664 
0.01811249 0.0442265 0.2331836 0.7044774 
0.02403295 0.05231228 0.1202466 0.8034081 
0.01645578 0.1046275 0.1120673 0.7668494 
0.02960725 0.06489439 0.1127687 0.7927296 
0.05849709 0.03922 0.1765443 0.7257387 
0.008101134 0.04288876 0.1522822 0.7967279 
0.006499386 0.0434365 0.08678938 0.8632747 
0.007687636 0.09780283 0.1925267 0.7019829 
0.005269006 0.1610318 0.1429888 0.6907104 
0.02539508 0.04774789 0.1855732 0.7412838 
0.04921105 0.009632936 0.09601343 0.8451426 
0.06244291 0.02795503 0.1218818 0.7877202 
0.1095044 0.004895933 0.1151157 0.7704839 
0.02279097 0.08294895 0.1203552 0.7739048 
0.01199234 0.03915635 0.1432438 0.8056075 
0.1480672 0.06974456 0.004253386 0.7779349 
0.1403379 0.1065297 0.01112117 0.7420112 
0.1822258 0.1281751 0.0008230209 0.688776 
0.1155326 0.0666886 0.004063207 0.8137156 
0.127648 0.1117531 0.01751452 0.7430843 
0.1433793 0.0655454 0.0620439 0.7290314 
0.09710531 0.09619542 0.06411661 0.7425827 
0.1753887 0.04929026 0.02048999 0.754831 
0.1095185 0.0266472 0.02959627 0.834238 
0.1286355 0.1261032 0.009432549 0.7358288 
0.1233612 0.02564506 0.05903069 0.7919631 
0.1221383 0.01028582 0.03540598 0.8321699 
0.205908 0.01255144 0.03820858 0.743332 
0.1728186 0.03177751 0.06211502 0.7332889 
0.09965789 0.02879032 0.04148291 0.8300689 
0.1596208 0.03343932 0.03457731 0.7723626 
0.08762211 0.003804006 0.0314911 0.8770828 
0.1218821 0.01712642 0.1066691 0.7543223 
0.09919227 0.05444898 0.07762004 0.7687387 
0.1885266 0.0207853 0.03892349 0.7517646 
0.177617 0.02700061 0.08145169 0.7139307 
0.09475841 0.01036083 0.06065765 0.8342231 
0.1643837 0.07168866 0.01848904 0.7454386 
0.1485439 0.06042899 0.06905073 0.7219763 
0.07996205 0.019852 0.09876499 0.801421 
0.2033102 0.02220722 0.002286045 0.7721966 
0.1953828 0.03813028 0.02023986 0.7462471 
0.04548158 0.1280934 0.004568155 0.8218568 
0.04751455 0.1377674 0.04047014 0.7742479 
0.01494136 0.1126088 0.01703748 0.8554124 
0.04860615 0.1768775 0.007239781 0.7672765 
0.0412987 0.1461504 0.01612987 0.796421 
0.1275021 0.137494 0.001909231 0.7330947 
0.04932441 0.1466888 0.03744264 0.7665441 
0.04545155 0.1386436 0.02780015 0.7881047 
0.05723535 0.07174189 0.04854748 0.8224753 
0.0513231 0.0786007 0.003393812 0.8666824 
0.068316 0.09931849 0.002192935 0.8301726 
0.08808447 0.131161 0.01246607 0.7682884 
0.05642657 0.1300821 0.0367133 0.7767781 
0.04512134 0.1830657 0.0003755185 0.7714375 
0.09302257 0.2302135 0.001087537 0.6756764 
0.04471951 0.1448735 0.03018516 0.7802218 
0.08422275 0.2069229 0.01376814 0.6950862 
0.04825703 0.1126731 0.01061672 0.8284531 
0.07208321 0.0842603 0.0002281806 0.8434283 
0.027341 0.09283173 0.1108912 0.7689361 
0.03041567 0.1056458 0.072116 0.7918225 
0.003813501 0.1491592 0.0710215 0.7760058 
0.01912039 0.1511589 0.04349306 0.7862277 
0.04475174 0.06615555 0.08165947 0.8074333 
0.03570134 0.1463398 0.01414532 0.8038135 
0.06458727 0.1887473 0.00472802 0.7419374 
0.03472121 0.08039237 0.008734304 0.8761521 
0.06729614 0.09714047 0.01879869 0.8167647 
0.0009842014 0.1096074 0.09991441 0.789494 
0.02313077 0.1053072 0.03329374 0.8382683 
0.01384755 0.0924447 0.04854376 0.845164 
0.06945367 0.06063683 0.001053124 0.8688564 
0.1285613 0.1635133 0.002523786 0.7054015 
0.05871523 0.09747428 0.05673199 0.7870785 
0.04395449 0.1259362 0.03090561 0.7992036 
0.06317649 0.0926034 0.009247832 0.8349723 
0.0891487 0.08951469 0.009270007 0.8120666 
0.05619966 0.06885536 0.02824463 0.8467004 
0.0654926 0.1481147 0.02627418 0.7601185 
0.02113388 0.1368496 0.0209749 0.8210416 
0.07123077 0.09556861 0.01442268 0.8187779 
0.06102327 0.110133 0.03955948 0.7892842 
0.02270186 0.1392687 0.04649837 0.791531 
0.0585272 0.1390375 0.02566244 0.7767728 
0.06298169 0.1078652 0.0200278 0.8091254 
0.05952254 0.1013821 0.008569326 0.830526 
0.0584443 0.1346904 0.001099038 0.8057662 
0.08765186 0.1147746 0.01163543 0.7859381 
0.03787538 0.1245669 0.03136972 0.806188 
0.05166528 0.111414 0.002371141 0.8345496 
0.05843345 0.08361869 0.004247249 0.8537006 
0.06175526 0.1361759 0.0001950325 0.8018738 
0.07370579 0.1653424 0.01268281 0.748269 
0.0168076 0.1042378 0.04797383 0.8309808 
0.00236971 0.19316 0.03271352 0.7717568 
0.01136649 0.1878623 0.07257596 0.7281953 
6.154767e-05 0.1155817 0.09598769 0.7883691 
0.04713925 0.107135 0.03019027 0.8155355 
0.01775632 0.1118164 0.119992 0.7504352 
0.06097926 0.1110593 0.01792237 0.8100391 
0.02420423 0.0777127 0.03740463 0.8606784 
0.07755435 0.1194923 0.02134343 0.7816099 
0.02549489 0.07859076 0.04961502 0.8462993 
0.03558123 0.1320457 0.001898939 0.8304741 
0.03813058 0.07984739 0.01871945 0.8633026 
0.03970415 0.1078472 0.01823541 0.8342132 
0.07300129 0.1219001 0.03014049 0.7749581 
0.07979835 0.09067698 0.01978956 0.8097351 
0.08465595 0.1130449 0.02621152 0.7760877 
0.07725507 0.1153739 0.02505541 0.7823157 
0.06010235 0.151138 0.0005196293 0.78824 
0.1458954 0.07691655 0.0195172 0.7576709 
0.1028288 0.1268728 0.01414659 0.7561518 
0.0403278 0.1334232 0.03191901 0.79433 
0.09168307 0.09110979 0.0084433 0.8087638 
0.02232881 0.1298424 0.1447842 0.7030446 
0.02770841 0.1330729 0.03081967 0.808399 
0.007163143 0.1553479 0.1030795 0.7344095 
0.005245561 0.133596 0.03633179 0.8248266 
0.00505639 0.1510364 0.03915875 0.8047485 
0.0747381 0.09663138 0.054694 0.7739365 
0.02113552 0.116163 0.02006973 0.8426318 
0.002427586 0.1313592 0.05837761 0.8078356 
0.01303506 0.1688697 0.02256065 0.7955345 
0.02172043 0.1168923 0.06278338 0.7986039 
0.05785938 0.111793 0.07772124 0.7526264 
0.02743091 0.07846892 0.05534979 0.8387504 
0.01654245 0.2100407 0.07720992 0.6962069 
0.03043451 0.1297868 0.08452592 0.7552528 
0.004182242 0.1750789 0.0508338 0.769905 
0.1158569 0.1971679 0.05237518 0.6346 
0.02000028 0.14724 0.07284432 0.7599154 
0.002503648 0.0919058 0.08171535 0.8238752 
0.00258549 0.1456758 0.1353615 0.7163773 
0.004968673 0.0772586 0.08378924 0.8339835 
0.05053146 0.09400037 0.02553351 0.8299347 
0.02426383 0.1146548 0.03015367 0.8309277 
0.02554105 0.1272954 0.04950871 0.7976549 
0.04065619 0.1261984 0.01517862 0.8179668 
0.05226902 0.04387179 0.09714194 0.8067172 
0.0248987 0.1579415 0.02000346 0.7971563 
0.0475166 0.183056 0.008761465 0.7606659 
0.0619877 0.1102148 0.02147818 0.8063193 
0.0187135 0.1236993 0.07146771 0.7861195 
0.06929992 0.09634888 0.08085953 0.7534917 
0.001128031 0.109537 0.05381844 0.8355165 
0.07276694 0.1772629 0.006708762 0.7432614 
0.06736115 0.1331939 0.03340087 0.766044 
0.0625827 0.1256387 0.02756115 0.7842175 
0.07274127 0.129303 0.02356038 0.7743954 
0.04608751 0.2114262 0.01177567 0.7307107 
0.0757236 0.09472218 0.023296 0.8062582 
0.05304147 0.1096452 0.02003137 0.817282 
0.04274615 0.2320957 0.02119842 0.7039597 
0.06435441 0.08596501 0.03026769 0.8194129 
0.05289895 0.1121788 0.008664309 0.8262579 
0.06138308 0.1609827 0.03912422 0.73851 
0.07721367 0.001098724 0.1515462 0.7701414 
0.002097182 0.001791561 0.177682 0.8184293 
0.08209635 0.005383043 0.1237913 0.7887293 
0.03072287 0.03040449 0.2417452 0.6971275 
0.07101715 0.002973604 0.09038112 0.8356281 
0.05381937 0.01355467 0.1594858 0.7731402 
0.07882017 0.004876971 0.08247409 0.8338288 
0.01574099 0.004560249 0.1487956 0.8309031 
0.08821495 0.01232753 0.07544944 0.8240081 
0.0775642 0.02044425 0.08357124 0.8184203 
0.04664769 0.01040435 0.1251637 0.8177843 
0.03770269 0.04940555 0.1038947 0.808997 
0.05749397 0.08120628 0.103906 0.7573938 
0.07440443 0.04629867 0.1108338 0.7684631 
0.04282964 0.007406576 0.1025332 0.8472306 
0.07041142 0.002540836 0.1679697 0.7590781 
0.06381197 0.0368231 0.1506642 0.7487007 
0.03441021 0.05164131 0.1451217 0.7688267 
0.1338087 0.04478508 0.1487111 0.6726951 
0.01879991 0.0759145 0.09255347 0.8127321 
4.508306e-05 0.04667128 0.1122861 0.8409976 
0.1394719 0.06381972 0.16225 0.6344583 
0.257574 0.02566594 0.06720446 0.6495556 
0.3402135 0.07012758 0.114011 0.475648 
0.00694905 0.1240327 0.1525808 0.7164375 
0.01064527 0.06090677 0.1613263 0.7671216 
0.04245384 0.03328563 0.2050059 0.7192546 
0.03119082 0.05918287 0.228762 0.6808643 
0.0046948 0.0436978 0.1622943 0.7893131 
0.004112221 0.02254002 0.1765529 0.7967949 
0.01300363 0.06509603 0.1824425 0.7394578 
0.01286361 0.06302177 0.1097385 0.8143761 
0.02950693 0.05829739 0.1198719 0.7923238 
0.02182949 0.03337251 0.1121168 0.8326812 
0.003902278 0.09409319 0.1501574 0.7518471 
0.04142517 0.02655155 0.1117384 0.8202848 
0.02288343 0.07173223 0.1371291 0.7682552 
0.01503293 0.06255854 0.1423925 0.7800161 
0.01435235 0.04547674 0.2632714 0.6768995 
0.02583301 0.0479583 0.1579925 0.7682162 
0.07241631 0.03955662 0.08102563 0.8070014 
0.03523205 0.06591456 0.1213263 0.7775271 
0.02882537 0.08781985 0.1084255 0.7749293 
0.001814964 0.1032422 0.08684301 0.8080998 
0.008806664 0.02825766 0.1383266 0.824609 
0.01488099 0.0264906 0.1468903 0.8117381 
0.02964986 0.05418778 0.1637565 0.7524059 
0.07151434 0.04953331 0.06040876 0.8185436 
0.1220461 0.01472733 0.1490314 0.7141952 
0.08655616 0.02746183 0.1259055 0.7600765 
0.05011932 0.006413772 0.1741411 0.7693258 
0.03963295 0.02735557 0.1160877 0.8169238 
0.04050856 0.005431201 0.09175277 0.8623075 
0.05556455 0.01859128 0.1865111 0.7393331 
0.0478212 0.01672995 0.1080841 0.8273647 
0.05802533 0.0399344 0.1261475 0.7758927 
0.01549525 0.04725816 0.141829 0.7954176 
0.004641663 0.04519007 0.1937687 0.7563996 
0.05025118 0.04518573 0.08140233 0.8231608 
0.03713896 0.07045068 0.08750233 0.804908 
0.02537124 0.0805031 0.1822016 0.7119241 
0.001413449 0.0554302 0.1715502 0.7716061 
0.006398255 0.06454254 0.1873021 0.7417571 
0.008877977 0.0633274 0.1742513 0.7535434 
0.04622505 0.04727633 0.1333209 0.7731777 
0.03693833 0.07185822 0.08911034 0.8020931 
0.01269519 0.04733805 0.1793124 0.7606543 
0.04084953 0.05354586 0.1248027 0.7808019 
0.01211708 0.03786289 0.2211893 0.7288307 
0.0128975 0.0645237 0.1365894 0.7859894 
0.05800373 0.02616083 0.08693832 0.8288971 
0.1706163 0.04243028 0.009286348 0.7776671 
0.1191134 0.0488135 0.02425345 0.8078196 
0.1679576 0.03333303 0.01882449 0.7798849 
0.1000938 0.03239812 0.008279386 0.8592287 
0.1100528 0.03847724 0.02072825 0.8307417 
0.1337243 0.03644615 0.05475718 0.7750723 
0.1550643 0.02840711 0.04042139 0.7761072 
0.2059039 0.06059372 0.01750402 0.7159983 
0.1117212 0.09175963 0.004234014 0.7922851 
0.1196341 0.02458681 0.07938053 0.7763986 
0.1163477 0.002730004 0.0986225 0.7822998 
0.09606495 0.01935697 0.1050871 0.779491 
0.05163987 0.007295 0.08956277 0.8515024 
0.1195757 0.02650278 0.04389137 0.8100301 
0.1756676 0.02433424 0.04823333 0.7517648 
0.209216 0.002184523 0.09266759 0.6959319 
0.136899 0.02551933 0.05659398 0.7809876 
0.08069309 0.0617752 0.01389326 0.8436384 
0.08529235 0.101429 0.01607526 0.7972034 
0.1238381 0.04579078 0.03801604 0.792355 
0.139575 0.04125264 0.07419589 0.7449764 
0.07524878 0.0009093712 0.05232233 0.8715195 
0.1629408 0.02393873 0.05056305 0.7625574 
0.1859334 0.1161791 0.006101611 0.6917858 
0.1298334 0.06341796 0.06391942 0.7428292 
0.1218629 0.0288847 0.05899345 0.790259 
0.1153768 0.001558933 0.0839314 0.7991328 
0.1120737 0.04185571 0.05222802 0.7938425 
0.1317089 0.03386503 0.03480235 0.7996238 
0.1213164 0.002693268 0.05666719 0.8193232 
0.2032351 0.03200175 0.03318775 0.7315754 
0.08198837 0.01601738 0.06809694 0.8338973 
0.164939 0.01223763 0.09530807 0.7275153 
0.1481652 0.03331993 0.06184448 0.7566704 
0.05751132 0.0888668 0.01823858 0.8353833 
0.09860401 0.09819944 0.02063731 0.7825592 
0.1218585 0.008475271 0.04864411 0.8210221 
0.06273848 0.1209974 0.06719276 0.7490714 
0.1268146 0.08400845 0.07558535 0.7135916 
0.1040582 0.0862452 0.01653903 0.7931576 
0.1364109 0.05739585 0.008512905 0.7976804 
0.1528035 0.0447014 0.01203185 0.7904633 
0.1276126 0.03334398 0.003602719 0.8354407 
0.1288009 0.06246697 0.002196516 0.8065356 
0.1626814 0.02501721 0.09576526 0.7165361 
0.1149544 0.003622474 0.09874549 0.7826777 
0.1146762 0.01625509 0.0303785 0.8386902 
0.08878919 0.03247757 0.0409747 0.8377585 
0.09268444 0.01366458 0.06801751 0.8256335 
0.1108133 0.0523927 0.01230284 0.8244912 
0.1745554 0.06578237 0.01370467 0.7459576 
0.1798242 0.05159586 0.01421816 0.7543617 
0.11805 0.08750651 0.05863141 0.735812 
0.1542605 0.04252468 0.0106258 0.792589 
0.1161051 0.04065191 0.006763176 0.8364798 
0.08147447 0.1356827 0.0127226 0.7701202 
0.08866986 0.04201817 0.00562261 0.8636894 
0.1728517 0.01598061 0.0942317 0.716936 
0.101482 0.04016455 0.02059767 0.8377557 
0.1920191 0.04601314 0.02123339 0.7407343 
0.1990893 0.01035534 0.0116507 0.7789047 
0.151904 0.04368366 0.006565364 0.797847 
0.1726573 0.104715 0.006933152 0.7156945 
0.1587237 0.02296646 0.01394301 0.8043669 
0.09791004 0.04546838 0.002796644 0.8538249 
0.1341138 0.02718858 0.02169137 0.8170062 
0.09500629 0.08903828 0.002936856 0.8130186 
0.121303 0.01867743 0.06287211 0.7971474 
0.2104369 0.02079617 0.04878126 0.7199857 
0.09278517 0.02422412 0.1175273 0.7654634 
0.1505424 0.0248071 0.05901719 0.7656333 
0.0688258 0.009974975 0.06422811 0.8569711 
0.007207367 0.0643049 0.07884335 0.8496444 
0.01311917 0.05278695 0.1433775 0.7907164 
0.03650251 0.003419423 0.1145856 0.8454924 
0.01733726 0.09003371 0.1114072 0.7812218 
0.05908194 0.06267585 0.1223968 0.7558454 
0.04145838 0.0282798 0.1273655 0.8028963 
0.03079572 0.0656745 0.1251172 0.7784126 
0.05406851 0.03977028 0.1806655 0.7254957 
0.05360473 0.05114707 0.1901824 0.7050658 
0.08407523 0.01090788 0.1351729 0.769844 
0.05757175 0.02463233 0.1401912 0.7776048 
0.05364878 0.02950984 0.1251846 0.7916568 
0.09806934 0.01304947 0.2414704 0.6474107 
0.07988376 0.003331053 0.09124409 0.8255411 
0.05136284 0.00684516 0.119917 0.821875 
0.04525471 0.004669616 0.1963171 0.7537586 
0.03513805 0.03587405 0.1196873 0.8093006 
0.04283481 0.07468534 0.06882042 0.8136594 
0.001622907 0.1069168 0.09988813 0.7915722 
0.003272859 0.1413252 0.09644159 0.7589604 
4.53735e-06 0.04355793 0.1426076 0.8138299 
0.04562885 0.06195293 0.08626884 0.8061494 
0.0289069 0.02719807 0.1362235 0.8076715 
0.02034936 0.03074815 0.1594655 0.789437 
0.005110573 0.04936908 0.1407805 0.8047398 
0.03564467 0.0879858 0.1364826 0.7398869 
0.02576485 0.06748429 0.09319477 0.8135561 
0.00521519 0.06903618 0.1700249 0.7557238 
0.02424746 0.09615428 0.1636724 0.7159258 
0.0329499 0.07050859 0.1436449 0.7528966 
0.01232044 0.07425078 0.1193749 0.7940539 
0.02968183 0.09228598 0.1018541 0.7761781 
0.01139722 0.0675935 0.1122797 0.8087296 
0.06605246 0.0759116 0.1443685 0.7136674 
0.04326178 0.06766868 0.1833053 0.7057642 
0.006416783 0.04234264 0.1916879 0.7595526 
0.01369612 0.04529828 0.1587537 0.7822519 
0.01467084 0.1063047 0.2272107 0.6518137 
0.04876438 0.07042315 0.1354468 0.7453656 
0.002274473 0.04084978 0.1039548 0.852921 
0.004640006 0.05845962 0.1892344 0.747666 
0.01552827 0.07407519 0.153545 0.7568516 
0.03151057 0.05918259 0.1425687 0.7667382 
0.006724627 0.03300789 0.1168066 0.8434609 
0.009258506 0.04994517 0.1056366 0.8351597 
0.002888988 0.06096534 0.1821977 0.753948 
0.01655453 0.0563142 0.1234768 0.8036545 
0.03037322 0.07550356 0.1236696 0.7704536 
0.006405772 0.06860564 0.1074259 0.8175627 
0.05271139 0.04990217 0.1408277 0.7565588 
0.005726748 0.04460405 0.1961319 0.7535373 
0.03433377 0.02873532 0.1139472 0.8229837 
0.01846129 0.09088155 0.1354653 0.7551918 
0.04337208 0.03153629 0.1275725 0.7975191 
0.005614026 0.02420545 0.09578085 0.8743997 
0.03553173 0.07757818 0.1220189 0.7648712 
0.02682019 0.1023652 0.1349458 0.7358688 
0.0113059 0.05518162 0.1140475 0.819465 
0.01985598 0.05564524 0.1254164 0.7990824 
0.00804871 0.06826727 0.118442 0.805242 
0.01046613 0.05072074 0.1712054 0.7676077 
0.000883762 0.04726027 0.1907983 0.7610577 
0.006160275 0.006691862 0.1846412 0.8025067 
0.02957209 0.1120428 0.09244787 0.7659373 
0.002226022 0.06969025 0.1656328 0.7624509 
0.01474754 0.04762758 0.108253 0.8293719 
0.01601594 0.05026934 0.1428074 0.7909073 
0.03268769 0.01559394 0.1250063 0.8267121 
0.06538713 0.06181405 0.1257746 0.7470243 
0.02282397 0.03900928 0.1591368 0.77903 
0.02140821 0.08775961 0.170433 0.7203992 
0.01222081 0.03179245 0.1281169 0.8278698 
0.009994439 0.1136238 0.1286986 0.7476832 
0.00396848 0.03569357 0.217106 0.7432319 
0.03618721 0.0704867 0.1959519 0.6973742 
0.0198988 0.05250563 0.1368313 0.7907642 
0.02999439 0.04306106 0.1316328 0.7953117 
0.01515201 0.02934953 0.143455 0.8120434 
0.02153959 0.05768049 0.1167262 0.8040537 
0.02561525 0.02993026 0.1331022 0.8113523 
0.008249648 0.03981645 0.1441166 0.8078173 
0.0003071509 0.05772259 0.1221317 0.8198386 
0.006658062 0.03351219 0.1103747 0.8494551 
0.01664638 0.04150408 0.1177946 0.8240549 
0.0239636 0.03953847 0.1511952 0.7853027 
0.02110155 0.02023067 0.1011309 0.8575369 
0.05438168 0.005606364 0.1444952 0.7955167 
0.04357717 0.04911023 0.210782 0.6965306 
0.05216289 0.002702901 0.2284941 0.7166401 
0.00327234 0.09209208 0.1982737 0.7063619 
0.02204523 0.04481387 0.1480674 0.7850735 
0.06743938 0.02087071 0.1108832 0.8008067 
0.03770409 0.009868844 0.2247717 0.7276553 
0.03910069 0.01596929 0.1056147 0.8393153 
0.08451278 0.0009960297 0.1025689 0.8119223 
0.08285088 0.00844088 0.09720424 0.811504 
0.05481084 0.01446935 0.1008806 0.8298392 
0.03127209 0.00941752 0.128485 0.8308254 
0.05849438 0.004742365 0.2337464 0.7030169 
0.07469131 0.02887266 0.1872605 0.7091755 
0.06251937 0.02297724 0.1126909 0.8018125 
0.03636455 0.01386465 0.1704869 0.7792839 
0.07027695 0.0009111713 0.1626228 0.7661891 
0.1131751 0.008536084 0.09288287 0.785406 
0.05073743 0.007806243 0.1886532 0.7528031 
0.03312245 0.0361138 0.1492216 0.7815421 
0.02709421 0.04793661 0.08496641 0.8400028 
0.02416597 0.03298484 0.2156889 0.7271602 
0.01224422 0.02908377 0.1179687 0.8407033 
0.01007449 0.03901764 0.1134116 0.8374963 
0.001300328 0.1030363 0.05467666 0.8409867 
0.009436067 0.09370203 0.131084 0.7657779 
0.02090436 0.08269316 0.08346401 0.8129385 
0.00443596 0.0526644 0.1345031 0.8083965 
0.08009035 0.06067546 0.1207109 0.7385233 
0.004643219 0.1307326 0.1108005 0.7538236 
0.003087968 0.05812547 0.1541851 0.7846014 
0.003385306 0.03888817 0.1560265 0.8017 
0.008311403 0.06405494 0.2083389 0.7192947 
0.0318781 0.04804462 0.09681384 0.8232634 
0.04760921 0.06894839 0.1901694 0.693273 
0.04474363 0.0255533 0.1470987 0.7826044 
0.08792823 0.009316448 0.09837975 0.8043756 
0.1801311 0.01731752 0.007722947 0.7948284 
0.1625303 0.02461835 0.01403943 0.7988119 
0.0198441 0.06750728 0.09567448 0.8169741 
0.06937125 0.0845335 0.1271363 0.718959 
0.09526322 0.02256833 0.1291272 0.7530412 
0.05849843 0.06348276 0.1157105 0.7623084 
0.0814444 0.01553384 0.08077172 0.82225 
0.06815376 0.01507808 0.1313736 0.7853946 
0.04877963 0.04695975 0.1279892 0.7762714 
0.04229957 0.04829583 0.124671 0.7847336 
0.101433 0.008851725 0.08111664 0.8085986 
0.09988738 0.0003574981 0.09332134 0.8064338 
0.02858204 0.0282528 0.1875557 0.7556095 
0.05732276 0.0153839 0.1574118 0.7698816 
0.06722719 0.04953325 0.1168824 0.7663572 
0.02137268 0.0602937 0.1706079 0.7477257 
0.01215771 0.06761723 0.1690584 0.7511667 
0.01235048 0.08175176 0.1315904 0.7743074 
0.05353973 0.03746381 0.2092817 0.6997147 
0.02570449 0.1245809 0.1074139 0.7423007 
0.05586892 0.06759329 0.1638854 0.7126524 
0.000390508 0.171649 0.0464026 0.7815579 
0.003917273 0.1474407 0.01850574 0.8301362 
0.008833093 0.2013415 0.03365122 0.7561742 
0.04560584 0.178555 0.05489501 0.7209442 
0.020182 0.1593502 0.0632749 0.7571929 
0.001632553 0.2198359 0.03688534 0.7416462 
0.0254587 0.11452 0.07061005 0.7894113 
0.05686299 0.2058525 0.07106247 0.666222 
0.06854495 0.1306825 0.01140624 0.7893663 
0.1143547 0.1535035 0.009914006 0.7222278 
0.08163297 0.1163207 0.01870838 0.783338 
0.06528386 0.1698637 0.02268198 0.7421705 
0.07630112 0.0860161 0.04108263 0.7966002 
0.08192548 0.213177 0.02065642 0.6842411 
0.02754368 0.1423366 0.003818245 0.8263015 
0.06346096 0.1291881 0.06138047 0.7459704 
0.05254003 0.1955156 0.02304871 0.7288956 
0.098452 0.136485 0.01597335 0.7490896 
0.02952083 0.14112 0.02432534 0.8050339 
0.03824003 0.09837885 0.02504681 0.8383343 
0.05019711 0.143954 0.02334117 0.7825077 
0.05741308 0.1237026 0.03509621 0.7837881 
0.1214333 0.1435603 0.0171771 0.7178293 
0.1139692 0.116748 0.01734526 0.7519375 
0.03196159 0.1636025 0.07001135 0.7344246 
0.002604903 0.1728653 0.08890972 0.7356201 
0.01530646 0.1029827 0.04469654 0.8370143 
0.008981246 0.1197923 0.06854421 0.8026822 
0.005891862 0.1289392 0.05096621 0.8142027 
0.03628475 0.09494732 0.04072515 0.8280428 
0.005277098 0.2408527 0.03540991 0.7184603 
0.06708822 0.1199434 0.04989182 0.7630766 
0.03939944 0.1780882 0.0495579 0.7329545 
0.01751872 0.1457371 0.008650971 0.8280933 
0.06627548 0.1754622 0.04575855 0.7125037 
0.06773424 0.1191668 0.02909744 0.7840015 
0.03282363 0.1539851 0.003995367 0.8091959 
0.09339844 0.07693252 0.006772942 0.8228961 
0.01557092 0.1741982 0.04503265 0.7651982 
0.009422359 0.07656621 0.07640511 0.8376063 
0.03533313 0.1641557 0.0281792 0.772332 
0.0934168 0.09241393 0.0001751653 0.8139941 
0.05588513 0.1370525 0.002708854 0.8043535 
0.04234447 0.1680826 0.004285237 0.7852877 
0.03552882 0.2002489 0.001340032 0.7628822 
0.1010678 0.0807075 0.002643063 0.8155816 
0.03250465 0.09974141 0.02293845 0.8448155 
0.07934448 0.001823713 0.1517055 0.7671263 
0.06188349 0.001356249 0.1979103 0.73885 
0.004063348 0.06575796 0.1646323 0.7655464 
0.09196816 0.1110903 0.007034177 0.7899074 
0.1579017 0.05425426 0.01360756 0.7742365 
0.08660059 0.06602319 0.0912506 0.7561256 
0.007846805 0.0403158 0.09788794 0.8539495 
0.009075531 0.0943687 0.1158474 0.7807084 
0.007697774 0.08627385 0.1416022 0.7644262 
0.006402108 0.064774 0.1301862 0.7986377 
0.002628198 0.1161897 0.1311207 0.7500615 
0.002233697 0.0441584 0.1203389 0.833269 
0.03472143 0.05141207 0.1154748 0.7983917 
0.07286061 0.07629714 0.05285867 0.7979836 
0.1575339 0.07433175 0.0202055 0.7479289 
0.1062796 0.07938003 0.02097122 0.7933691 
0.1241207 0.1070949 0.003936377 0.7648481 
0.1174132 0.05106213 0.04897561 0.782549 
0.09699739 0.06232991 0.05305198 0.7876207 
0.2027412 0.08506877 0.0019951 0.7101949 
0.09671828 0.06344724 0.007946407 0.8318881 
0.1270654 0.04500779 0.007472584 0.8204543 
0.1057184 0.06967912 0.02884538 0.7957571 
0.1121213 0.06387756 0.005245544 0.8187556 
0.1905318 0.08729607 0.01175224 0.7104199 
0.1016459 0.0408992 0.04578191 0.811673 
0.1328242 0.08001154 0.005843243 0.781321 
0.1677603 0.04693931 0.01207232 0.773228 
0.1576802 0.06018687 0.001615145 0.7805178 
0.1565974 0.05514393 0.02652592 0.7617328 
0.1324246 0.1059609 0.01301576 0.7485987 
0.1538881 0.02852449 0.03386008 0.7837274 
0.1623505 0.01283908 0.03261531 0.7921951 
0.1292192 0.07116019 0.01796885 0.7816518 
0.1453356 0.05517749 0.02555057 0.7739363 
0.135827 0.07073344 0.006694178 0.7867453 
0.09062096 0.06963807 0.002401373 0.8373396 
0.1165167 0.0441683 0.04346754 0.7958475 
0.1060493 0.1161317 0.008742766 0.7690762 
0.1147323 0.02696557 0.007005367 0.8512967 
0.1268607 0.04282706 0.04220192 0.7881103 
0.1364313 0.07854391 0.02767299 0.7573518 
0.1247823 0.07194811 0.01761519 0.7856544 
0.1632375 0.04855113 0.007358556 0.7808528 
0.1620571 0.04118043 0.005366881 0.7913956 
0.1803233 0.09050911 0.005955307 0.7232123 
0.1310583 0.07999664 0.002185534 0.7867595 
0.03630641 0.05235255 0.1302558 0.7810852 
0.0008156463 0.1301741 0.09003868 0.7789716 
0.01757579 0.03191297 0.07190959 0.8786016 
0.007169136 0.05448928 0.1501736 0.788168 
0.04779569 0.04317792 0.1098653 0.7991611 
0.000445623 0.02971004 0.1002265 0.8696179 
0.01684758 0.07842028 0.1093867 0.7953454 
0.007860967 0.1308131 0.1218341 0.7394918 
0.04067919 0.05702723 0.1315348 0.7707588 
0.004165248 0.04513143 0.1781666 0.7725367 
0.0143396 0.06065708 0.104984 0.8200193 
0.03250189 0.06912472 0.09300211 0.8053713 
0.01678102 0.06139753 0.2160182 0.7058033 
0.01803672 0.04060405 0.121222 0.8201372 
0.009625696 0.04186553 0.09693205 0.8515767 
0.0006255215 0.04060132 0.1895449 0.7692282 
0.04829766 0.03981461 0.2252576 0.6866302 
0.1747251 0.04823207 0.04393676 0.7331061 
0.02593864 0.04319745 0.1397429 0.791121 
0.05121541 0.09541734 0.09894162 0.7544256 
0.05088719 0.09251211 0.1277425 0.7288582 
0.02689731 0.1085351 0.1881439 0.6764237 
0.04192617 0.02892252 0.09464558 0.8345057 
0.1579163 0.07820458 0.01215776 0.7517214 
0.1937758 0.0386039 0.02058127 0.7470391 
0.1504321 0.1120287 0.007998773 0.7295404 
0.1823399 0.06948258 0.02293057 0.7252469 
0.1192062 0.1501854 0.003440056 0.7271683 
0.05246881 0.02498015 0.07590381 0.8466472 
0.2174728 0.02327887 0.07562976 0.6836185 
0.2346409 0.0006468354 0.0311468 0.7335655 
0.1515414 0.02140663 0.07214813 0.7549038 
0.1141327 0.007093323 0.04949724 0.8292768 
0.182821 0.07420555 0.04715498 0.6958185 
0.1284472 0.07384558 0.01170311 0.7860041 
0.1134847 0.008141857 0.1084913 0.7698822 
0.2143228 0.01659381 0.008350009 0.7607334 
0.2225725 0.004613161 0.03417784 0.7386365 
0.1509495 0.03754143 0.01041945 0.8010896 
0.1481645 0.04923074 0.03004349 0.7725613 
0.115508 0.07395195 0.02402582 0.7865142 
0.1797856 0.09494799 0.0003385067 0.7249279 
0.108324 0.05735659 0.003517374 0.830802 
0.2075503 0.07197602 0.002652293 0.7178214 
0.2284135 0.07044533 0.01459175 0.6865494 
0.1154871 0.06842164 0.03407843 0.7820128 
0.1584873 0.03865669 0.007402174 0.7954538 
0.08355137 0.0319268 0.001655056 0.8828668 
0.166568 0.06696982 0.02133234 0.7451298 
0.1093591 0.111388 0.007140069 0.7721128 
0.2080196 0.05558405 0.005770985 0.7306254 
0.1609326 0.005055008 0.07666559 0.7573468 
0.1557602 0.02239817 0.04210953 0.7797321 
0.1217696 0.02943711 0.1217487 0.7270446 
0.1577052 0.03617475 0.06775067 0.7383694 
0.1179147 0.02763021 0.05660377 0.7978513 
0.1237425 0.02545278 0.05329171 0.797513 
0.1659601 0.0011736 0.04706228 0.785804 
0.1315603 0.04922932 0.03788045 0.7813299 
0.1740692 0.02882751 0.0159891 0.7811142 
0.1844066 0.02320312 0.04652027 0.74587 
0.1079478 0.04982425 0.06386627 0.7783617 
0.1171388 0.05322893 0.05846371 0.7711686 
0.1253612 0.01610089 0.05124112 0.8072968 
0.1789792 0.00338658 0.07962838 0.7380059 
0.1378571 0.04051507 0.0651033 0.7565245 
0.08936533 0.0100299 0.06414276 0.836462 
0.1876103 0.01616094 0.07312603 0.7231027 
0.1143773 0.04743125 0.04761715 0.7905743 
0.2782082 0.01266974 0.08177893 0.6273431 
0.08584417 0.1126433 0.04044482 0.7610677 
0.1270746 0.004862722 0.05893424 0.8091284 
0.1418917 0.02002216 0.07015097 0.7679351 
0.167511 0.01521839 0.07378424 0.7434864 
