p_1 p_2 p_3 
0.06188776 0.8218407 0.1162716 
0.03623871 0.8819445 0.08181679 
0.02518889 0.8047425 0.1700686 
0.05076553 0.7981568 0.1510777 
0.06184268 0.8201188 0.1180385 
0.0702447 0.7872787 0.1424766 
0.04325426 0.8060731 0.1506726 
0.06086499 0.799713 0.139422 
0.08437979 0.8196071 0.09601308 
0.06719809 0.7620506 0.1707513 
0.06878822 0.8256395 0.1055723 
0.09362239 0.7384144 0.1679632 
0.06784337 0.8095197 0.1226369 
0.0578401 0.7437297 0.1984302 
0.04814849 0.7841694 0.1676821 
0.09104114 0.679071 0.2298879 
0.06458845 0.7674043 0.1680072 
0.08749644 0.8000408 0.1124627 
0.06187655 0.8447719 0.09335156 
0.04406086 0.817544 0.1383951 
0.06282412 0.7905248 0.1466511 
0.1114841 0.7964814 0.09203447 
0.058503 0.8018756 0.1396214 
0.04480243 0.832944 0.1222536 
0.0625969 0.849028 0.08837513 
0.08160636 0.8053029 0.1130907 
0.07766878 0.8064368 0.1158944 
0.05990678 0.7704614 0.1696318 
0.03351848 0.8603589 0.1061226 
0.0439454 0.7626092 0.1934454 
0.09918181 0.8050267 0.09579148 
0.06059278 0.8366002 0.1028071 
0.06665371 0.7545123 0.178834 
0.04666096 0.8298289 0.1235101 
0.08467746 0.7931512 0.1221713 
0.04254954 0.8702505 0.08719991 
0.08562031 0.7128848 0.2014949 
0.03435669 0.8619539 0.1036894 
0.03205023 0.8033653 0.1645845 
0.04831487 0.8077118 0.1439733 
0.03818547 0.8194874 0.1423271 
0.0367478 0.8818478 0.08140435 
0.03541138 0.7952213 0.1693674 
0.0707411 0.7523506 0.1769083 
0.04407663 0.8416646 0.1142588 
0.04608783 0.7891953 0.1647169 
0.05046732 0.8051784 0.1443543 
0.0342226 0.8510741 0.1147033 
0.1128065 0.7362452 0.1509482 
0.05114481 0.8460447 0.1028105 
0.04116696 0.8435383 0.1152948 
0.05929322 0.7574854 0.1832213 
0.06808531 0.7892517 0.142663 
0.05209604 0.8327184 0.1151855 
0.04783213 0.7689074 0.1832605 
0.0756697 0.8025006 0.1218297 
0.05372591 0.8233204 0.1229537 
0.06503217 0.7803035 0.1546644 
0.09384181 0.770045 0.1361132 
0.06643233 0.7900356 0.143532 
0.02544855 0.7738166 0.2007348 
0.04640955 0.7832484 0.1703421 
0.07376681 0.72992 0.1963132 
0.05181294 0.803031 0.1451561 
0.0331349 0.8194239 0.1474412 
0.07466951 0.7476817 0.1776488 
0.06930065 0.7782643 0.1524351 
0.09239207 0.7896604 0.1179475 
0.03285251 0.8426945 0.124453 
0.03652364 0.8601892 0.1032872 
0.0544386 0.7901915 0.1553699 
0.07297741 0.8129307 0.1140918 
0.057161 0.7446475 0.1981915 
0.05451196 0.8319066 0.1135815 
0.04390978 0.8087569 0.1473334 
0.02378816 0.8814633 0.09474859 
0.02785561 0.8092448 0.1628996 
0.07459716 0.8410276 0.0843752 
0.06976002 0.7695249 0.1607151 
0.05294176 0.7861005 0.1609578 
0.05258541 0.7712461 0.1761685 
0.04398801 0.7884104 0.1676016 
0.0705525 0.8006076 0.1288399 
0.02864829 0.8588268 0.1125249 
0.08080238 0.8042274 0.1149702 
0.03703947 0.8540622 0.1088983 
0.04801933 0.8896858 0.06229492 
0.08247969 0.7617922 0.1557281 
0.06771308 0.8136837 0.1186032 
0.02322895 0.8421898 0.1345812 
0.05392566 0.7878075 0.1582669 
0.06864422 0.8502139 0.08114191 
0.103449 0.7449817 0.1515693 
0.04015236 0.8629018 0.09694581 
0.07170259 0.7871788 0.1411186 
0.06283388 0.8547705 0.08239558 
0.05152597 0.7793258 0.1691482 
0.07367274 0.7543385 0.1719888 
0.03203091 0.8175281 0.150441 
0.04941475 0.7992603 0.1513249 
0.03487973 0.7900742 0.1750461 
0.05119178 0.7762907 0.1725175 
0.05292021 0.7975225 0.1495573 
0.07595405 0.7669184 0.1571276 
0.05408695 0.8228847 0.1230284 
0.09348611 0.7434674 0.1630465 
0.06049337 0.8132631 0.1262435 
0.05192546 0.7525805 0.1954941 
0.07597611 0.8140892 0.1099347 
0.05812917 0.7751424 0.1667284 
0.08962607 0.8022385 0.1081354 
0.0543953 0.8228061 0.1227986 
0.05504818 0.8256203 0.1193315 
0.04467947 0.8146649 0.1406556 
0.06707952 0.7937388 0.1391816 
0.05681606 0.7926728 0.1505111 
0.05220482 0.7896652 0.15813 
0.06262927 0.8481862 0.08918455 
0.08308242 0.7889867 0.1279309 
0.09803326 0.7572902 0.1446766 
0.101382 0.7931829 0.1054352 
0.05241791 0.8086157 0.1389664 
0.0760221 0.7874567 0.1365212 
0.1879329 0.7111422 0.1009249 
0.05963293 0.826819 0.1135481 
0.07053917 0.7769923 0.1524685 
0.04458607 0.7900329 0.1653811 
0.1169592 0.7873713 0.09566954 
0.07483345 0.8034815 0.121685 
0.06327157 0.8319778 0.1047507 
0.08762212 0.7416702 0.1707077 
0.08076606 0.807259 0.1119749 
0.08140662 0.7641256 0.1544677 
0.06310283 0.8091013 0.1277959 
0.03350096 0.7650646 0.2014344 
0.09500296 0.8142875 0.09070953 
0.06413376 0.8536671 0.08219912 
0.02671462 0.8438058 0.1294796 
0.06746561 0.768342 0.1641924 
0.03387131 0.8218433 0.1442854 
0.09320376 0.7677325 0.1390638 
0.04418318 0.8358075 0.1200093 
0.054672 0.7914545 0.1538735 
0.06136948 0.8607694 0.07786109 
0.05592046 0.7661761 0.1779034 
0.03573505 0.8681153 0.09614966 
0.04190607 0.8242602 0.1338337 
0.04080465 0.8483666 0.1108288 
0.0438818 0.8994467 0.05667151 
0.04615658 0.8061563 0.1476872 
0.04857143 0.8379631 0.1134655 
0.05292091 0.792143 0.1549361 
0.04257116 0.8763071 0.08112176 
0.04516665 0.7645028 0.1903306 
0.1238211 0.7821713 0.09400762 
0.0481153 0.8109043 0.1409804 
0.0751282 0.693902 0.2309698 
0.03987218 0.8052178 0.15491 
0.06934044 0.8012523 0.1294072 
0.03791883 0.774546 0.1875351 
0.04704271 0.776298 0.1766593 
0.08327974 0.8158096 0.1009107 
0.04017247 0.7661898 0.1936377 
0.07290226 0.7711597 0.155938 
0.03701559 0.794302 0.1686824 
0.08497303 0.7870814 0.1279456 
0.08089843 0.7691864 0.1499152 
0.05223666 0.8153757 0.1323876 
0.05942202 0.7885988 0.1519792 
0.04421833 0.8205619 0.1352198 
0.07329375 0.8102989 0.1164074 
0.04311503 0.8254124 0.1314725 
0.0447052 0.8532927 0.1020021 
0.07135557 0.7229718 0.2056726 
0.06717779 0.8183362 0.114486 
0.04309217 0.8041325 0.1527753 
0.09782557 0.8191172 0.08305722 
0.02730479 0.8612271 0.1114681 
0.09834523 0.7700719 0.1315828 
0.04103597 0.8141178 0.1448462 
0.05235019 0.8077547 0.1398951 
0.08541752 0.7550925 0.15949 
0.04077608 0.8107942 0.1484297 
0.04705216 0.8321473 0.1208005 
0.08103451 0.8146772 0.1042883 
0.08032612 0.8061321 0.1135418 
0.05716796 0.8227724 0.1200596 
0.06808714 0.7741907 0.1577222 
0.05003305 0.8052808 0.1446861 
0.05417161 0.8170206 0.1288078 
0.06793973 0.7717037 0.1603566 
0.04018131 0.8240254 0.1357933 
0.0531156 0.8230431 0.1238413 
0.07090724 0.8117076 0.1173852 
0.0698752 0.7826432 0.1474816 
0.04947175 0.7463901 0.2041382 
0.08252113 0.7873519 0.130127 
0.06863393 0.7424371 0.188929 
0.05826016 0.8859223 0.05581754 
0.05801794 0.7737613 0.1682208 
0.06922876 0.819076 0.1116952 
0.07042047 0.7862507 0.1433288 
0.05323371 0.8203162 0.1264501 
0.05111986 0.8743758 0.07450433 
0.09486528 0.8076388 0.09749594 
0.0210856 0.8631026 0.1158118 
0.04460293 0.8415052 0.1138918 
0.09395772 0.7364724 0.1695698 
0.07545016 0.7763847 0.1481651 
0.03517878 0.8977526 0.06706858 
0.06466295 0.8518465 0.08349054 
0.08181652 0.8106917 0.1074917 
0.1010509 0.7859157 0.1130334 
0.09636177 0.8022714 0.1013669 
0.05551922 0.8241352 0.1203455 
0.07810503 0.7660819 0.1558131 
0.07753928 0.7464383 0.1760224 
0.03195818 0.8614136 0.1066283 
0.0734921 0.8153381 0.1111698 
0.0415335 0.8424836 0.1159829 
0.07254254 0.7583597 0.1690977 
0.05006833 0.7961585 0.1537732 
0.116866 0.7275168 0.1556171 
0.04986487 0.8024194 0.1477158 
0.035736 0.8142849 0.1499791 
0.04775653 0.7497116 0.2025318 
0.04501896 0.7621564 0.1928247 
0.0262177 0.8146867 0.1590956 
0.08540847 0.8092654 0.1053261 
0.04409513 0.7752267 0.1806782 
0.03130719 0.8513929 0.1172999 
0.02041695 0.8551541 0.1244289 
0.0355392 0.8336527 0.1308081 
0.04710862 0.838672 0.1142194 
0.1401911 0.6652845 0.1945245 
0.05542656 0.8164293 0.1281441 
0.1328952 0.7437948 0.12331 
0.02773057 0.8668387 0.1054307 
0.009323129 0.8529049 0.137772 
0.001216487 0.8276501 0.1711334 
0.05540078 0.8209743 0.1236249 
0.09382558 0.8315892 0.07458519 
0.100579 0.7217005 0.1777205 
0.1153273 0.7948279 0.08984488 
0.07743622 0.8070095 0.1155543 
0.1266152 0.801988 0.07139676 
0.1090149 0.7016298 0.1893553 
0.055203 0.836616 0.108181 
0.05725472 0.821207 0.1215383 
0.07015404 0.8006999 0.1291461 
0.02767166 0.8121845 0.1601438 
0.04268625 0.7779398 0.179374 
0.06939348 0.7982272 0.1323793 
0.0879076 0.8039562 0.1081362 
0.03124528 0.8175044 0.1512503 
0.02684415 0.8635468 0.1096091 
0.1174352 0.7879085 0.09465624 
0.02645984 0.8502277 0.1233124 
0.03132349 0.8099047 0.1587718 
0.0594507 0.8046583 0.135891 
0.1118438 0.7701261 0.1180302 
0.1052566 0.7607435 0.1339999 
0.02115633 0.8537954 0.1250483 
0.07475924 0.8260696 0.09917112 
0.04347248 0.8136138 0.1429137 
0.04927536 0.7812407 0.1694839 
0.09387659 0.7406058 0.1655176 
0.05920784 0.7540579 0.1867342 
0.1194967 0.7866708 0.09383244 
0.0976723 0.7620455 0.1402822 
0.128309 0.7772957 0.09439532 
0.07019046 0.7765983 0.1532113 
0.01996292 0.7802232 0.1998139 
0.09468591 0.7508046 0.1545095 
0.04597807 0.8093049 0.144717 
0.03097094 0.8702758 0.09875328 
0.04558453 0.8193017 0.1351137 
0.04722381 0.8241877 0.1285885 
0.06566648 0.8020515 0.132282 
0.08106481 0.7522887 0.1666464 
0.118926 0.7592357 0.1218383 
0.07083243 0.7648549 0.1643127 
0.05199887 0.8129521 0.135049 
0.06903505 0.7854193 0.1455457 
0.03618021 0.8421528 0.121667 
0.05918641 0.8050224 0.1357912 
0.03447477 0.836006 0.1295192 
0.05259008 0.7635976 0.1838123 
0.1465073 0.7245207 0.1289721 
0.06208812 0.8366859 0.101226 
0.05532733 0.8217162 0.1229565 
0.05651553 0.7049652 0.2385193 
0.06327273 0.7722999 0.1644273 
0.06450584 0.8329225 0.1025717 
0.03177985 0.8545349 0.1136852 
0.04056371 0.8601425 0.09929375 
0.03091572 0.8486039 0.1204804 
0.05721177 0.8051638 0.1376245 
0.03078684 0.873418 0.09579516 
0.04673978 0.834937 0.1183232 
0.03218208 0.8444737 0.1233442 
0.05628134 0.8496161 0.09410256 
0.03644148 0.771969 0.1915895 
0.01605678 0.8634011 0.1205421 
0.07078865 0.744974 0.1842373 
0.03932631 0.8697483 0.09092535 
0.04769669 0.8725369 0.07976637 
0.0735025 0.7274397 0.1990578 
0.07036779 0.8108147 0.1188175 
0.08890977 0.7980022 0.113088 
0.06880284 0.8568162 0.07438094 
0.05905065 0.8469658 0.09398354 
0.07172188 0.8000583 0.1282198 
0.03706765 0.841844 0.1210883 
0.02066871 0.785101 0.1942303 
0.07374341 0.7895924 0.1366642 
0.09333702 0.7803811 0.1262819 
0.05954118 0.7638573 0.1766015 
0.05650232 0.7845059 0.1589918 
0.06175727 0.821415 0.1168278 
0.106684 0.7470309 0.1462851 
0.08679917 0.7944145 0.1187863 
0.04696628 0.8703401 0.08269367 
0.08081779 0.8013757 0.1178065 
0.1376108 0.7377409 0.1246483 
0.1480691 0.8341278 0.01780307 
0.1900524 0.7554463 0.05450137 
0.2217694 0.768117 0.01011363 
0.1020596 0.7750088 0.1229316 
0.09380813 0.8220541 0.08413773 
0.1174762 0.8463001 0.03622373 
0.1331348 0.8329804 0.03388482 
0.1782107 0.7653474 0.05644186 
0.1264478 0.7942093 0.07934286 
0.1461705 0.8079793 0.04585013 
0.1508408 0.790188 0.05897123 
0.1023043 0.8584297 0.03926597 
0.1449521 0.746307 0.1087409 
0.1494934 0.8232566 0.02724999 
0.1277764 0.8517269 0.02049676 
0.2266595 0.7359326 0.03740789 
0.1997854 0.7989164 0.001298226 
0.2259185 0.769219 0.004862497 
0.10853 0.8237751 0.06769494 
0.2070329 0.789953 0.003014089 
0.1027344 0.8577901 0.03947555 
0.1276991 0.8598792 0.01242174 
0.221276 0.7743508 0.004373217 
0.1141564 0.8526854 0.03315821 
0.1155155 0.8737053 0.01077925 
0.1591227 0.8123775 0.02849983 
0.147867 0.8383466 0.01378643 
0.1643089 0.825534 0.01015704 
0.1208982 0.8455583 0.03354355 
0.1370805 0.8372415 0.02567805 
0.09944209 0.8287194 0.07183855 
0.2503336 0.6974643 0.05220206 
0.1434645 0.7965688 0.05996664 
0.2129425 0.7188291 0.06822842 
0.11897 0.8378651 0.04316494 
0.111444 0.80683 0.08172594 
0.1311699 0.8211705 0.04765959 
0.1383498 0.823874 0.03777625 
0.09669181 0.8048108 0.0984974 
0.1992184 0.7104999 0.09028171 
0.09648885 0.8450367 0.05847449 
0.1262982 0.8107375 0.0629643 
0.1567108 0.7834573 0.05983192 
0.08461045 0.8769862 0.03840337 
0.09031411 0.8308111 0.07887474 
0.2398086 0.7304024 0.02978904 
0.1580935 0.7773602 0.06454628 
0.05943886 0.8945327 0.04602843 
0.1463669 0.8001424 0.05349066 
0.1387925 0.8085345 0.052673 
0.1540573 0.7763713 0.06957142 
0.14068 0.8136237 0.04569631 
0.1245949 0.8153172 0.06008785 
0.1618141 0.7842877 0.05389827 
0.1455094 0.7980742 0.05641638 
0.1303663 0.8493949 0.02023874 
0.1291263 0.8125646 0.05830906 
0.1191136 0.8071336 0.07375278 
0.1654063 0.7952461 0.03934753 
0.2096908 0.7540698 0.0362394 
0.1932915 0.7248772 0.08183133 
0.1007956 0.8385558 0.06064867 
0.09182026 0.8670363 0.04114346 
0.1732324 0.7383703 0.0883974 
0.0742392 0.7933358 0.132425 
0.1347234 0.8186363 0.04664026 
0.1807468 0.774584 0.04466916 
0.1368898 0.8138657 0.04924451 
0.1473796 0.8178397 0.03478069 
0.1052779 0.8499263 0.04479583 
0.0992554 0.8453942 0.05535039 
0.105008 0.8346686 0.06032339 
0.130177 0.7879239 0.08189917 
0.1344695 0.8268231 0.03870737 
0.07409242 0.8951298 0.03077781 
0.0909152 0.8068734 0.1022114 
0.09042049 0.8605987 0.04898084 
0.1102965 0.7762178 0.1134857 
0.06912736 0.9042662 0.0266064 
0.1463658 0.8074001 0.04623406 
0.1351703 0.7821391 0.08269061 
0.1399124 0.8188445 0.04124317 
0.1486654 0.7160825 0.1352521 
0.1506456 0.7851164 0.06423803 
0.1535183 0.7155797 0.130902 
0.1834742 0.735472 0.08105384 
0.09147226 0.8507837 0.05774406 
0.1612147 0.7587587 0.08002664 
0.182218 0.7675191 0.05026299 
0.1090425 0.7960962 0.09486133 
0.1346854 0.8288166 0.03649803 
0.1165448 0.7617301 0.1217251 
0.1237247 0.819515 0.05676032 
0.1088769 0.7935681 0.09755498 
0.06727669 0.862424 0.07029926 
0.1607555 0.790174 0.04907042 
0.1062223 0.8685924 0.02518537 
0.1117045 0.8339752 0.05432033 
0.1023739 0.8433588 0.05426734 
0.1289799 0.7812458 0.08977428 
0.1877396 0.7582809 0.05397945 
0.1519206 0.7903674 0.05771207 
0.1684807 0.7797006 0.05181871 
0.1254804 0.7837311 0.09078856 
0.2025657 0.7198545 0.07757986 
0.1286336 0.8523431 0.0190233 
0.1049901 0.830029 0.06498086 
0.1672704 0.7622676 0.07046201 
0.1211994 0.8116261 0.06717449 
0.1187678 0.8149516 0.06628066 
0.1180162 0.8050423 0.07694148 
0.07145501 0.8866898 0.04185523 
0.1166693 0.8569387 0.02639201 
0.1036507 0.8491116 0.04723771 
0.08797984 0.8328902 0.07913 
0.2161529 0.7317199 0.05212717 
0.1410878 0.8144113 0.04450086 
0.1482842 0.7645845 0.08713134 
0.1287073 0.819984 0.05130871 
0.1353472 0.8208356 0.04381723 
0.2082078 0.6999688 0.09182333 
0.1762771 0.7564382 0.06728473 
0.09877713 0.8204452 0.08077769 
0.1119933 0.8101441 0.07786267 
0.1157028 0.8253128 0.05898442 
0.1256485 0.7589064 0.115445 
0.1726829 0.7698186 0.0574985 
0.1330659 0.8290806 0.03785354 
0.1254455 0.8271942 0.04736023 
0.1592171 0.8202233 0.02055956 
0.1554588 0.8067657 0.0377755 
0.1301255 0.8191161 0.05075839 
0.1463242 0.7896621 0.0640137 
0.1312395 0.8003908 0.0683697 
0.1892208 0.7546268 0.0561524 
0.11188 0.8033656 0.08475445 
0.1454998 0.8150412 0.03945894 
0.05437723 0.854504 0.09111873 
0.1168214 0.8343788 0.04879975 
0.1089254 0.8428144 0.04826018 
0.1574808 0.7846653 0.05785392 
0.1166263 0.8184869 0.06488683 
0.1292157 0.7629459 0.1078384 
0.1691022 0.7635828 0.06731506 
0.1392997 0.8328231 0.02787724 
0.3082705 0.6873389 0.004390557 
0.220484 0.7761321 0.003383907 
0.08917826 0.8500218 0.06079992 
0.09878925 0.8566877 0.04452307 
0.1127927 0.8112735 0.0759338 
0.119474 0.8371843 0.04334169 
0.1107263 0.8023505 0.08692319 
0.09052914 0.771533 0.1379379 
0.105689 0.8569278 0.03738313 
0.09800097 0.8191726 0.08282642 
0.1198876 0.83092 0.04919243 
0.1432413 0.8117413 0.04501734 
0.1641708 0.7364754 0.09935381 
0.1538394 0.7353231 0.1108375 
0.1591444 0.8054564 0.03539923 
0.1349705 0.8068492 0.05818033 
0.1378052 0.8181989 0.04399587 
0.1105759 0.7722438 0.1171803 
0.1414337 0.7705884 0.08797797 
0.0935033 0.8252334 0.08126334 
0.09622492 0.861688 0.04208704 
0.09795769 0.8554712 0.04657111 
0.1994383 0.750448 0.05011365 
0.1326289 0.7868642 0.0805069 
0.08869025 0.8612568 0.05005296 
0.09387781 0.8536495 0.05247264 
0.120747 0.8453259 0.03392713 
0.1266676 0.8292947 0.04403768 
0.1696813 0.7370406 0.09327809 
0.1235716 0.841906 0.03452241 
0.2468095 0.7218944 0.03129607 
0.1238647 0.799961 0.07617431 
0.1049133 0.8477292 0.04735746 
0.101903 0.8412921 0.05680496 
0.1104723 0.7822863 0.1072414 
0.1254761 0.8332665 0.04125741 
0.218478 0.7757542 0.005767776 
0.1230455 0.834253 0.04270143 
0.1522013 0.8305139 0.01728482 
0.1652997 0.7827073 0.05199299 
0.09079505 0.8525166 0.05668835 
0.1506295 0.8128422 0.03652834 
0.1437039 0.7942833 0.0620128 
0.1333646 0.7977835 0.06885188 
0.1621558 0.7771771 0.06066711 
0.208867 0.6900184 0.1011146 
0.1236036 0.8167592 0.05963717 
0.1117366 0.8412754 0.04698798 
0.066873 0.8678439 0.06528309 
0.1447288 0.7963798 0.05889134 
0.152178 0.7924213 0.0554007 
0.1284445 0.8318404 0.03971512 
0.1670739 0.7381761 0.09475002 
0.1071483 0.8766404 0.01621133 
0.1528191 0.7606776 0.08650327 
0.1460263 0.8054105 0.04856321 
0.07847938 0.8434488 0.07807178 
0.128169 0.8308962 0.04093479 
0.1364134 0.8169519 0.0466347 
0.1040103 0.8534542 0.04253554 
0.1428671 0.766564 0.09056887 
0.1091097 0.8405833 0.05030704 
0.1017248 0.8674566 0.03081865 
0.1235042 0.8230453 0.0534505 
0.1272349 0.8286107 0.04415446 
0.1092252 0.8578826 0.03289221 
0.06587726 0.8831593 0.05096342 
0.1327238 0.825793 0.04148327 
0.1396518 0.7942172 0.06613097 
0.2038963 0.6732867 0.122817 
0.1404077 0.8088918 0.05070045 
0.1920037 0.7814022 0.02659405 
0.1477789 0.8262259 0.02599522 
0.1072122 0.8154995 0.07728832 
0.1624393 0.7938958 0.04366487 
0.09528889 0.833408 0.07130309 
0.06113571 0.8451073 0.09375697 
0.131648 0.8359293 0.03242271 
0.1041049 0.8270536 0.06884147 
0.1635092 0.778638 0.05785275 
0.08962293 0.8635265 0.04685061 
0.1094279 0.8162192 0.07435293 
0.1119844 0.8442887 0.04372691 
0.1435482 0.7935497 0.06290213 
0.1149119 0.8366596 0.04842847 
0.1399978 0.8249244 0.03507788 
0.1294275 0.7823746 0.0881979 
0.09255779 0.8802669 0.0271753 
0.1319849 0.741015 0.127 
0.1503786 0.8051465 0.04447489 
0.08928642 0.8293711 0.08134249 
0.1881734 0.7502869 0.06153973 
0.0976065 0.8185266 0.08386687 
0.1202068 0.8421109 0.0376823 
0.1123183 0.8195925 0.06808928 
0.1793973 0.7603291 0.06027367 
0.08261067 0.8644416 0.05294771 
0.1162416 0.846449 0.03730941 
0.1009208 0.8648229 0.0342563 
0.1329463 0.7985983 0.06845536 
0.1164894 0.8431067 0.04040386 
0.1420827 0.8011244 0.05679293 
0.1271544 0.8206314 0.05221419 
0.1485097 0.7894547 0.06203556 
0.1363814 0.7774274 0.08619116 
0.07985567 0.8283979 0.09174642 
0.170973 0.7480019 0.08102511 
0.14299 0.8076345 0.04937547 
0.1578369 0.8042341 0.037929 
0.1317533 0.7979687 0.07027797 
0.1893181 0.7540753 0.05660663 
0.1720798 0.7485862 0.07933395 
0.1153529 0.7965989 0.08804819 
0.1071795 0.850791 0.04202945 
0.1545446 0.7580229 0.08743252 
0.1157508 0.8142288 0.0700204 
0.1508067 0.796481 0.05271234 
0.2233376 0.7522349 0.02442748 
0.1525534 0.7636873 0.08375931 
0.1120697 0.8470066 0.04092365 
0.09073781 0.8828222 0.02644001 
0.1400791 0.7717059 0.08821506 
0.1243756 0.8227875 0.05283688 
0.1209363 0.8138208 0.06524283 
0.1352853 0.8080161 0.05669862 
0.1452894 0.7803537 0.07435693 
0.08950301 0.8528493 0.05764771 
0.1570547 0.7993385 0.04360682 
0.1992225 0.7449465 0.05583101 
0.1152585 0.837853 0.04688856 
0.1384846 0.8129333 0.04858213 
0.1987646 0.7165004 0.08473497 
0.09170808 0.8396446 0.06864732 
0.1572813 0.7802307 0.06248797 
0.1323032 0.7908381 0.07685865 
0.1577668 0.7624704 0.07976283 
0.1062212 0.8329323 0.06084647 
0.1639662 0.7720218 0.06401206 
0.1451914 0.820351 0.03445755 
0.1033832 0.8310567 0.06556003 
0.1831668 0.7713776 0.04545565 
0.1359714 0.799491 0.06453763 
0.1279981 0.8057474 0.06625448 
0.1724097 0.7641935 0.06339678 
0.1978087 0.7116738 0.09051749 
0.123001 0.7842181 0.09278088 
0.09791614 0.8569213 0.04516256 
0.1794792 0.7312869 0.08923383 
0.0924152 0.8737229 0.03386189 
0.1094739 0.8433088 0.04721727 
0.1356551 0.8406235 0.02372139 
0.08301919 0.8465854 0.07039541 
0.07106767 0.86123 0.06770234 
0.2348297 0.7202998 0.04487047 
0.0780652 0.8066181 0.1153167 
0.1057805 0.8326262 0.0615933 
0.1632119 0.7940235 0.04276461 
0.1420634 0.7640931 0.0938435 
0.1215855 0.8225367 0.05587783 
0.1244213 0.8205169 0.05506182 
0.1587193 0.8225788 0.01870186 
0.1141075 0.8069944 0.07889812 
0.1024322 0.8328547 0.06471309 
0.1150394 0.7578791 0.1270815 
0.1499584 0.77965 0.07039155 
0.1348023 0.8314363 0.03376139 
0.1112599 0.8592105 0.02952953 
0.1161624 0.8353635 0.04847415 
0.1523588 0.786499 0.06114216 
0.1269138 0.8158017 0.05728452 
0.1055888 0.8001297 0.09428149 
0.09525988 0.7831245 0.1216156 
0.1181246 0.7982557 0.08361976 
0.2031506 0.7752225 0.02162682 
0.1244408 0.8372685 0.03829065 
0.1182552 0.8393043 0.04244053 
0.1678398 0.768152 0.06400819 
0.1330668 0.805965 0.06096813 
0.1442023 0.8367474 0.01905031 
0.1503919 0.7635773 0.08603081 
0.1340327 0.805651 0.06031628 
0.09485582 0.8506443 0.05449985 
0.104205 0.8086388 0.08715621 
0.1748572 0.7559441 0.06919871 
0.1459815 0.7822248 0.07179366 
0.1885068 0.7562501 0.05524307 
0.1751021 0.7770407 0.04785714 
0.1304235 0.8059938 0.06358268 
0.1604186 0.7719734 0.06760794 
0.1289968 0.8356369 0.03536632 
0.1176137 0.8271954 0.0551909 
0.1599169 0.8113113 0.02877185 
0.0781732 0.8686843 0.05314252 
0.1741933 0.7690566 0.05675005 
0.07506069 0.8485466 0.07639269 
0.1043219 0.755784 0.1398941 
0.1224789 0.8046334 0.07288768 
0.1801688 0.7394032 0.08042801 
0.114895 0.7781383 0.1069667 
0.1320406 0.8161157 0.05184373 
0.1180378 0.8204059 0.06155634 
0.1342553 0.8351125 0.03063217 
0.1346275 0.7725618 0.09281076 
0.127282 0.8313782 0.0413398 
0.1400885 0.7863056 0.07360588 
0.1023812 0.8238063 0.07381247 
0.1762933 0.7743835 0.04932319 
0.1104931 0.8431741 0.04633286 
0.1203862 0.8172648 0.06234897 
0.1108302 0.8481708 0.04099896 
0.08170035 0.8342637 0.08403591 
0.1518448 0.7970031 0.05115211 
0.1890761 0.7788294 0.03209449 
0.1358126 0.840131 0.02405646 
0.1217625 0.7950428 0.08319469 
0.1313667 0.7932208 0.07541254 
0.095495 0.847298 0.05720697 
0.1234403 0.7697297 0.10683 
0.1502782 0.7470969 0.1026249 
0.2210835 0.7465184 0.03239807 
0.05292351 0.9177643 0.02931215 
0.1225142 0.8116677 0.06581814 
0.0989382 0.8593597 0.04170213 
0.1081129 0.83776 0.05412704 
0.1202826 0.8484957 0.03122175 
0.1181063 0.8415873 0.04030644 
0.1011051 0.8566156 0.04227926 
0.1446109 0.8028182 0.05257095 
0.117888 0.8249877 0.05712429 
0.1604529 0.7846153 0.0549318 
0.1110647 0.8096586 0.07927674 
0.163229 0.8086623 0.02810869 
0.1838068 0.7490189 0.06717431 
0.1461818 0.8245987 0.02921944 
0.09458514 0.8443052 0.06110965 
0.165528 0.8023841 0.03208791 
0.1079098 0.8398715 0.05221867 
0.1315513 0.8302281 0.03822062 
0.1184904 0.8592008 0.02230871 
0.08518437 0.8410632 0.07375242 
0.1558435 0.7999693 0.04418717 
0.1113376 0.8512434 0.03741906 
0.1023325 0.7834375 0.11423 
0.1428946 0.8283081 0.02879723 
0.1625337 0.7576525 0.07981381 
0.1983024 0.7548516 0.04684595 
0.1180791 0.8053823 0.07653854 
0.1366518 0.8118916 0.05145667 
0.1682279 0.8012519 0.03052016 
0.1593467 0.813373 0.02728025 
0.1320736 0.7796827 0.08824373 
0.116698 0.8073716 0.07593046 
0.1759275 0.6953457 0.1287267 
0.1408438 0.8165804 0.04257583 
0.1313488 0.8099386 0.0587126 
0.1105654 0.7838936 0.105541 
0.2368885 0.7089462 0.0541653 
0.1697625 0.7955834 0.03465409 
0.1439451 0.7696989 0.08635596 
0.1868155 0.7249848 0.0881997 
0.09916541 0.8523464 0.04848821 
0.1251448 0.7694791 0.105376 
0.124586 0.8327572 0.0426568 
0.1183383 0.8502392 0.03142251 
0.15379 0.8056904 0.0405196 
0.1312344 0.8134239 0.05534165 
0.1874731 0.7906024 0.02192443 
0.1214894 0.8121505 0.06636014 
0.1859118 0.7806373 0.03345092 
0.1618984 0.7698057 0.06829583 
0.1308283 0.7589078 0.1102638 
0.1740379 0.7767974 0.04916471 
0.1144888 0.827942 0.0575692 
0.1487408 0.7608107 0.09044859 
0.1737931 0.7463812 0.07982572 
0.1348435 0.7929444 0.07221214 
0.08707254 0.8283617 0.08456572 
0.120028 0.8325375 0.0474345 
0.1382991 0.785015 0.07668588 
0.1620897 0.7882795 0.04963072 
0.1160368 0.8506451 0.03331812 
0.1095376 0.8264725 0.06398988 
0.09409812 0.7977465 0.1081553 
0.08881442 0.8218654 0.08932013 
0.1103079 0.8254208 0.06427125 
0.1155723 0.8069827 0.07744499 
0.07696179 0.8567742 0.066264 
0.0844651 0.8345071 0.08102784 
0.1283683 0.7952557 0.07637601 
0.2269277 0.7008896 0.07218275 
0.2214315 0.7215454 0.05702315 
0.1332367 0.8193778 0.04738546 
0.1814089 0.7726071 0.04598393 
0.1685983 0.7963387 0.03506297 
0.1698223 0.7558299 0.07434783 
0.1606326 0.7642503 0.07511707 
0.1442379 0.7897544 0.06600778 
0.09822218 0.8293089 0.0724689 
0.1982788 0.7517415 0.04997967 
0.08412948 0.8572929 0.05857763 
0.1485129 0.7896955 0.06179161 
0.1363863 0.7524292 0.1111845 
0.02475892 0.7887985 0.1864425 
0.08405356 0.8460563 0.06989013 
0.1345849 0.815527 0.04988808 
0.1028611 0.838987 0.0581519 
0.1498624 0.7961528 0.05398479 
0.09435352 0.849425 0.05622144 
0.1616522 0.7563621 0.08198569 
0.1137908 0.8074577 0.07875157 
0.1547956 0.7302551 0.1149493 
0.06942206 0.8659699 0.06460802 
0.1458813 0.8172425 0.03687621 
0.1039555 0.8294965 0.06654804 
0.1316092 0.8352564 0.03313438 
0.1386599 0.7986593 0.06268081 
0.1566603 0.7590466 0.08429305 
0.1171999 0.8156226 0.06717747 
0.08359872 0.8686543 0.04774694 
0.1074282 0.8299151 0.06265667 
0.1007069 0.7997069 0.09958621 
0.19134 0.7991882 0.009471843 
0.1276486 0.8086973 0.06365407 
0.1073669 0.8541858 0.03844734 
0.08627552 0.8544491 0.05927543 
0.2119238 0.7324931 0.05558304 
0.1699849 0.793097 0.03691811 
0.1044727 0.8121341 0.0833932 
0.1027852 0.8115194 0.08569539 
0.1915722 0.7982317 0.01019606 
0.1289554 0.8217114 0.04933324 
0.09141665 0.8551971 0.05338622 
0.1648897 0.7261045 0.1090058 
0.1481672 0.8126436 0.03918918 
0.1400412 0.7921152 0.06784366 
0.1614308 0.7333255 0.1052436 
0.1391056 0.8154191 0.04547536 
0.1301662 0.8273319 0.04250187 
0.1277038 0.8194219 0.0528743 
0.1674691 0.7755913 0.05693957 
0.1849579 0.7714604 0.04358169 
0.1578061 0.8147021 0.02749181 
0.07619046 0.8586067 0.06520281 
0.1120662 0.8248792 0.06305453 
0.06873229 0.8569262 0.07434154 
0.1197425 0.8269309 0.05332657 
0.1446515 0.8075226 0.04782586 
0.2119065 0.7128657 0.07522783 
0.1342816 0.8370924 0.02862607 
0.1334203 0.8265509 0.04002878 
0.09855024 0.8460305 0.05541924 
0.1859374 0.7838276 0.03023497 
0.1211736 0.8106349 0.06819155 
0.1256333 0.8181404 0.05622632 
0.07863942 0.8648403 0.05652026 
0.2075745 0.7417535 0.05067197 
0.1327541 0.8232871 0.04395884 
0.1815862 0.7522818 0.06613201 
0.09205082 0.8475762 0.06037299 
0.09966962 0.8398425 0.06048791 
0.1565096 0.7973295 0.04616086 
0.1495988 0.8272533 0.02314793 
0.09311021 0.8521728 0.05471701 
0.09476541 0.8610655 0.04416907 
0.1469138 0.8391762 0.01391 
0.08766618 0.8339307 0.0784031 
0.1326213 0.7391056 0.1282731 
0.1211164 0.84329 0.03559359 
0.1556473 0.7973998 0.04695281 
0.09543552 0.8096371 0.09492739 
0.1303361 0.7291157 0.1405482 
0.1695203 0.7644763 0.06600337 
0.1044995 0.8504499 0.04505062 
0.08001016 0.8016269 0.1183629 
0.1322042 0.7884725 0.07932325 
0.1306388 0.8298484 0.03951278 
0.1656218 0.79144 0.04293817 
0.1143152 0.8250529 0.0606319 
0.1065851 0.8101559 0.08325903 
0.1336383 0.7974441 0.06891758 
0.1245209 0.8102991 0.06518 
0.1848978 0.782828 0.03227413 
0.1380075 0.8224042 0.03958826 
0.1244009 0.82901 0.04658912 
0.05782453 0.9096382 0.03253729 
0.1435114 0.82669 0.02979859 
0.1489633 0.766145 0.08489164 
0.1212009 0.817533 0.0612661 
0.1199972 0.8080546 0.07194821 
0.1580728 0.8122748 0.02965238 
0.1250336 0.8240095 0.05095694 
0.07779099 0.8554845 0.06672452 
0.1488709 0.8027038 0.04842534 
0.1258784 0.8460849 0.02803669 
0.1566299 0.814486 0.02888404 
0.1608743 0.7985418 0.04058387 
0.1670779 0.7736216 0.05930042 
0.07463186 0.8407115 0.08465666 
0.1342518 0.8014691 0.06427915 
0.1313849 0.7857351 0.08288 
0.08067698 0.8992173 0.02010572 
0.1215937 0.8058259 0.07258032 
0.1462232 0.7584296 0.09534722 
0.1093556 0.8574859 0.0331585 
0.1257904 0.7861929 0.08801669 
0.1285345 0.8123315 0.05913399 
0.1843826 0.7367156 0.07890186 
0.1067992 0.8370343 0.05616647 
0.157263 0.8092668 0.03347018 
0.1175352 0.8383737 0.04409108 
0.08123913 0.8791169 0.03964394 
0.1350478 0.8029371 0.06201516 
0.1681061 0.7774348 0.05445905 
0.1035289 0.8433382 0.05313293 
0.126851 0.8243615 0.0487875 
0.1131142 0.8066466 0.08023918 
0.1477112 0.7739127 0.07837614 
0.1162102 0.8468605 0.0369293 
0.1150798 0.8240647 0.06085543 
0.1564744 0.7869832 0.05654246 
0.09759099 0.8797417 0.02266726 
0.07856511 0.8356594 0.08577545 
0.1409271 0.7661587 0.09291415 
0.1223433 0.8698063 0.007850393 
0.08374723 0.8521224 0.0641304 
0.1379009 0.7614845 0.1006146 
0.1218631 0.8307654 0.04737149 
0.1557579 0.7894638 0.05477826 
0.1437303 0.7679896 0.08828012 
0.07789343 0.8927716 0.02933496 
0.1530057 0.825563 0.02143126 
0.1242133 0.8519383 0.02384835 
0.1211298 0.8063612 0.07250899 
0.1561114 0.7556726 0.08821601 
0.1302242 0.8135683 0.05620755 
0.1042737 0.8520361 0.04369013 
0.1505788 0.8182003 0.0312209 
0.1453138 0.8148625 0.03982362 
0.1171057 0.7967809 0.08611345 
0.1725124 0.7806386 0.04684903 
0.1213997 0.8168218 0.06177846 
0.1273165 0.8302476 0.0424359 
0.100286 0.8694204 0.03029356 
0.1566508 0.7162094 0.1271398 
0.1457226 0.7774712 0.07680618 
0.0948071 0.8668325 0.03836037 
0.1733465 0.8004734 0.0261801 
0.08367881 0.8823174 0.03400378 
0.09650263 0.760923 0.1425744 
0.1940563 0.7518439 0.05409976 
0.1536935 0.8076282 0.03867833 
0.1758458 0.7716098 0.05254446 
0.153241 0.7824514 0.06430757 
0.1359294 0.7434014 0.1206692 
0.1070423 0.8048502 0.08810751 
0.1015483 0.8419355 0.05651622 
0.1138858 0.8383056 0.04780862 
0.1700718 0.7903697 0.03955848 
0.1419499 0.8040148 0.05403534 
0.1294415 0.821522 0.0490365 
0.1147019 0.8225723 0.06272572 
0.117913 0.8256273 0.05645967 
0.1560922 0.7857932 0.05811452 
0.1470454 0.8109835 0.04197101 
0.0880096 0.8797555 0.03223493 
0.1521319 0.8029699 0.04489819 
0.1423583 0.8147421 0.04289963 
0.1486588 0.7805177 0.07082354 
0.06219431 0.8383318 0.09947387 
0.1155287 0.7441934 0.1402779 
0.0585611 0.8604415 0.0809974 
0.1061066 0.837294 0.05659933 
0.06107714 0.8404322 0.0984907 
0.1731606 0.7823513 0.04448809 
0.08094315 0.8312594 0.08779741 
0.1132204 0.7715199 0.1152597 
0.1907848 0.771033 0.0381822 
0.1920962 0.7549693 0.05293446 
0.1509985 0.7490058 0.09999568 
0.1191574 0.843021 0.03782167 
0.1654776 0.7770514 0.05747106 
0.1751953 0.7809118 0.04389297 
0.1296251 0.780296 0.09007887 
0.1589221 0.7986964 0.04238147 
0.1400034 0.7589628 0.1010339 
0.171566 0.775069 0.05336498 
0.1225421 0.8302321 0.04722584 
0.08451997 0.8278857 0.08759432 
0.1798093 0.7448231 0.0753676 
0.1622042 0.7891444 0.04865134 
0.08960115 0.8441036 0.06629522 
0.1232724 0.8613904 0.01533719 
0.1347402 0.8445793 0.02068052 
0.1886984 0.7870525 0.02424917 
0.0580345 0.8921302 0.04983531 
0.1005452 0.8474825 0.05197232 
0.1692533 0.7804599 0.05028686 
0.07848412 0.8337065 0.0878094 
0.1191238 0.8628829 0.01799335 
0.08545928 0.8140954 0.1004453 
0.192356 0.7868126 0.02083137 
0.1063495 0.8288863 0.06476424 
0.1079258 0.8193309 0.07274323 
0.1501131 0.7602348 0.08965205 
0.1599982 0.8149777 0.02502408 
0.1519928 0.7615617 0.0864455 
0.1587514 0.8054421 0.03580657 
0.08687369 0.7834706 0.1296557 
0.1587272 0.7746354 0.06663745 
0.06152848 0.840382 0.0980895 
0.1051213 0.8413866 0.05349209 
0.1924398 0.7417289 0.06583137 
0.05812795 0.8843034 0.05756862 
0.1228213 0.8421473 0.03503134 
0.09360186 0.8511175 0.05528068 
0.1751539 0.7777693 0.04707682 
0.2086142 0.7208151 0.07057074 
0.1693942 0.7940061 0.03659969 
0.160138 0.7867459 0.05311615 
0.1370493 0.8286922 0.03425849 
0.1763819 0.7621771 0.06144099 
0.1356187 0.8135346 0.05084676 
0.08553709 0.803494 0.110969 
0.09754491 0.8519392 0.05051591 
0.166423 0.7693985 0.06417844 
0.08915564 0.8429408 0.06790354 
0.1220922 0.8041167 0.07379109 
0.09164804 0.8055354 0.1028166 
0.1257933 0.8202388 0.05396788 
0.1099693 0.8522736 0.03775706 
0.1191202 0.7623572 0.1185226 
0.1976011 0.784613 0.01778596 
0.1165185 0.8543621 0.02911936 
0.1082448 0.8154914 0.07626371 
0.1634612 0.7890511 0.04748768 
0.160758 0.7971681 0.04207386 
0.1361039 0.791496 0.07240011 
0.1152772 0.8400128 0.04471002 
0.1255513 0.7894079 0.08504083 
0.1131139 0.8336342 0.05325196 
0.1300088 0.8147808 0.05521043 
0.182016 0.7652249 0.05275918 
0.1864804 0.7906885 0.02283115 
0.1394912 0.8150901 0.04541867 
0.1454609 0.8371563 0.01738288 
0.09907972 0.8337719 0.06714839 
0.09900395 0.849237 0.05175908 
0.07504471 0.8228396 0.1021157 
0.1458732 0.820864 0.03326278 
0.09223395 0.8254815 0.08228458 
0.129975 0.7658618 0.1041632 
0.1216365 0.7947926 0.08357088 
0.1268947 0.8201026 0.05300271 
0.1512729 0.7815575 0.06716955 
0.1030807 0.796767 0.1001523 
0.123908 0.8360689 0.04002304 
0.08469353 0.8562398 0.05906669 
0.08931606 0.8602977 0.05038624 
0.1339044 0.8070533 0.0590423 
0.1469841 0.7748975 0.07811836 
0.1702724 0.7859775 0.04375006 
0.1323611 0.8103464 0.05729248 
0.1069099 0.8613366 0.03175354 
0.1142986 0.8255871 0.06011432 
0.1309107 0.8224806 0.04660876 
0.1612705 0.7783938 0.06033568 
0.05711117 0.8421095 0.1007794 
0.1158643 0.8535866 0.03054913 
0.1028098 0.83542 0.06177018 
0.140052 0.7943023 0.06564569 
0.1641498 0.7577116 0.07813855 
0.1589376 0.7812291 0.05983325 
0.1824647 0.729444 0.08809139 
0.1808916 0.7667011 0.05240731 
0.1462534 0.7495991 0.1041474 
0.1308375 0.8365759 0.03258656 
0.1538237 0.7851595 0.06101678 
0.08127039 0.8563309 0.06239869 
0.1540781 0.7807455 0.06517641 
0.1225166 0.8130739 0.06440953 
0.1089987 0.8297365 0.06126479 
0.1023467 0.8312748 0.06637844 
0.09431066 0.8485829 0.05710647 
0.1809018 0.7664553 0.05264296 
0.1511127 0.8180519 0.03083534 
0.1413281 0.7719306 0.08674125 
0.1744207 0.7830074 0.04257182 
0.1383956 0.7877227 0.07388169 
0.2050095 0.7326788 0.06231166 
0.1641133 0.8116586 0.02422811 
0.06926843 0.8792019 0.05152963 
0.156737 0.8012302 0.0420328 
0.1615344 0.7977128 0.04075273 
0.1051613 0.863226 0.0316127 
0.1290629 0.8112662 0.05967089 
0.148522 0.8240039 0.0274741 
0.09378966 0.8644677 0.0417426 
0.1522919 0.812371 0.03533708 
0.1358595 0.6985318 0.1656086 
0.1214986 0.8153956 0.06310583 
0.1587426 0.792295 0.04896246 
0.1076447 0.8175858 0.0747695 
0.1989486 0.7169622 0.08408917 
0.1382316 0.8054871 0.05628126 
0.0735992 0.8713825 0.05501828 
0.1462767 0.7466589 0.1070644 
0.1740213 0.7078772 0.1181016 
0.08542539 0.7886572 0.1259174 
0.1201989 0.8365402 0.04326091 
0.145912 0.7993712 0.05471681 
0.100419 0.8493389 0.05024212 
0.1489642 0.8056399 0.04539594 
0.2169539 0.7092147 0.07383148 
0.1217663 0.8478282 0.03040552 
0.1513848 0.8181123 0.03050284 
0.1555104 0.8041646 0.04032496 
0.1174707 0.8464866 0.03604271 
0.1198161 0.8398338 0.04035003 
0.1487314 0.803503 0.04776562 
0.1435324 0.8117091 0.04475848 
0.1356893 0.786481 0.07782973 
0.1676823 0.7734329 0.05888483 
0.1208549 0.8625366 0.01660842 
0.08639802 0.8713349 0.04226708 
0.1467161 0.7824915 0.07079241 
0.1900795 0.7526998 0.05722073 
0.1648314 0.7796326 0.05553601 
0.1497679 0.8151474 0.03508479 
0.1532939 0.7925596 0.05414643 
0.17299 0.7842368 0.04277314 
0.1714908 0.7949057 0.03360354 
0.1352313 0.8260403 0.03872841 
0.1617061 0.8104641 0.0278298 
0.09198881 0.779589 0.1284222 
0.166095 0.7663285 0.06757644 
0.09773486 0.8854049 0.01686029 
0.1899159 0.7369165 0.07316764 
0.135463 0.8124897 0.05204735 
0.1464876 0.7408727 0.1126397 
0.1819477 0.7882335 0.02981877 
0.1860533 0.7799398 0.03400694 
0.1621549 0.7508166 0.08702852 
0.07100445 0.8240865 0.104909 
0.1133159 0.8592201 0.02746392 
0.1034704 0.8215977 0.07493189 
0.1164955 0.8451913 0.03831325 
0.1633648 0.7997404 0.03689483 
0.1564312 0.7974095 0.04615932 
0.091596 0.8417024 0.06670163 
0.1729498 0.7948387 0.03221152 
0.1159556 0.8003122 0.08373218 
0.1213989 0.8152623 0.06333879 
0.1201509 0.8598514 0.01999774 
0.1165344 0.8088191 0.07464647 
0.1523664 0.7602196 0.08741395 
0.1179335 0.8300482 0.05201827 
0.1440197 0.7835448 0.0724355 
0.05418826 0.8386752 0.1071365 
0.1265433 0.8188118 0.0546449 
0.1595956 0.7755868 0.06481765 
0.1586009 0.7769889 0.06441028 
0.09370534 0.880187 0.02610761 
0.0965496 0.8561065 0.04734393 
0.2048052 0.734435 0.06075983 
0.1046649 0.868193 0.02714203 
0.1839053 0.7895954 0.02649924 
0.1829585 0.7414874 0.07555404 
0.1007048 0.8445677 0.05472752 
0.1048873 0.8298848 0.06522793 
0.1612954 0.7877295 0.05097511 
0.09636382 0.8354572 0.06817898 
0.1509014 0.8054572 0.04364145 
0.1312935 0.7893186 0.07938791 
0.1815991 0.7442286 0.07417221 
0.2024607 0.751636 0.04590328 
0.1183027 0.841658 0.04003934 
0.1788725 0.7883445 0.03278299 
0.1445073 0.8297768 0.02571587 
0.145068 0.7841374 0.0707946 
0.1125873 0.8052395 0.0821732 
0.1360054 0.8467478 0.01724685 
0.2149985 0.7288054 0.0561961 
0.08647649 0.8448131 0.06871041 
0.2110712 0.7213866 0.06754227 
0.1421518 0.8051741 0.0526741 
0.1341199 0.7828294 0.08305072 
0.1350827 0.8047044 0.06021284 
0.08784373 0.8626747 0.04948155 
0.1392852 0.7812589 0.07945591 
0.1066253 0.8799993 0.0133754 
0.1470292 0.8148671 0.03810365 
0.12294 0.8148762 0.06218376 
0.1328258 0.794628 0.07254622 
0.1096166 0.8152173 0.07516611 
0.08310858 0.8832909 0.0336005 
0.1723138 0.7833019 0.04438433 
0.1730166 0.8068062 0.02017721 
0.1605896 0.795935 0.04347533 
0.08219427 0.8656032 0.05220249 
0.1273382 0.8474816 0.02518019 
0.123105 0.811349 0.06554601 
0.1639016 0.7780604 0.05803798 
0.1188848 0.8418298 0.03928544 
0.1307948 0.819325 0.04988019 
0.1244424 0.8289044 0.04665313 
0.08968193 0.8778526 0.03246547 
0.1164377 0.8390888 0.04447349 
0.1594811 0.7911067 0.04941214 
0.1402739 0.8009179 0.05880817 
0.06923794 0.838687 0.09207506 
0.1599608 0.7787435 0.06129564 
0.1571506 0.7810642 0.06178516 
0.08516954 0.8974575 0.01737299 
0.1150618 0.8293486 0.05558962 
0.1264228 0.8027969 0.07078035 
0.1504433 0.7913433 0.05821339 
0.1168611 0.831756 0.05138297 
0.1061311 0.8291012 0.06476765 
0.08969504 0.8732356 0.03706941 
0.08305538 0.8456524 0.07129223 
0.1190028 0.8452847 0.03571251 
0.1635496 0.7478984 0.08855198 
0.08476556 0.8775339 0.03770051 
0.1200801 0.8286328 0.05128711 
0.1135206 0.8410721 0.04540732 
0.1258348 0.8078498 0.06631544 
0.08167864 0.8738156 0.04450579 
0.1626073 0.7765049 0.06088785 
0.1109324 0.8258999 0.06316771 
0.1381907 0.8184108 0.04339844 
0.1672542 0.7737753 0.05897046 
0.1042993 0.8319572 0.06374353 
0.1047058 0.8488379 0.04645626 
0.1105576 0.8141448 0.07529761 
0.1520276 0.784915 0.0630574 
0.1602255 0.7800732 0.05970128 
0.1685612 0.7458393 0.08559945 
0.1597312 0.8046525 0.03561635 
0.1229216 0.8358181 0.04126031 
0.1924187 0.7629325 0.04464874 
0.1130726 0.83439 0.05253735 
0.1405745 0.7945824 0.06484309 
0.08697309 0.8317652 0.08126171 
0.1935358 0.7573863 0.0490779 
0.1065046 0.8011433 0.09235215 
0.0778305 0.8746119 0.04755758 
0.1274655 0.8388731 0.0336614 
0.1374902 0.7935027 0.06900703 
0.1569575 0.7687741 0.07426843 
0.1168275 0.8361485 0.04702395 
0.1197081 0.8241508 0.05614106 
0.09658617 0.872278 0.03113583 
0.1110735 0.8485352 0.04039131 
0.1348816 0.8157044 0.049414 
0.1161736 0.8440806 0.03974578 
0.1472624 0.7843589 0.06837874 
0.1276797 0.8227844 0.04953593 
0.1715447 0.7915706 0.03688471 
0.1139023 0.8125028 0.07359487 
0.08417773 0.8643917 0.05143059 
0.104838 0.8156297 0.07953229 
0.1492589 0.7542748 0.09646636 
0.1475186 0.8246096 0.02787183 
0.1457224 0.7813751 0.07290257 
0.1442185 0.7886518 0.0671297 
0.1291847 0.8195813 0.05123403 
0.2218442 0.7079404 0.07021534 
0.09499897 0.8709397 0.03406134 
0.165713 0.7674493 0.06683768 
0.1029738 0.7792519 0.1177743 
0.1619136 0.7716658 0.06642055 
0.1690759 0.7849646 0.04595955 
0.1668741 0.7215407 0.1115852 
0.1401863 0.8109389 0.04887475 
0.1451631 0.7729254 0.08191158 
0.1186753 0.8456547 0.03566995 
0.1283097 0.799694 0.07199634 
0.1219687 0.8235717 0.05445962 
0.1159391 0.7867014 0.09735951 
0.1368071 0.8209973 0.04219558 
0.12573 0.8030202 0.07124982 
0.1025838 0.8533932 0.04402294 
0.1068454 0.8375916 0.055563 
0.1557258 0.7805699 0.06370428 
0.1411352 0.7469412 0.1119235 
0.134237 0.8175105 0.04825255 
0.1424969 0.7580088 0.09949434 
0.1511659 0.8160625 0.03277156 
0.1355297 0.7987091 0.06576122 
