p_1 p_2 p_3 p_4 
0.08406152 0.1209224 0.7713567 0.02365947 
0.0274527 0.1335029 0.8236639 0.01538044 
0.05859953 0.1615495 0.7711186 0.008732351 
0.07691433 0.09421208 0.822639 0.006234595 
0.07096749 0.0897347 0.8359181 0.003379682 
0.06171997 0.1161512 0.8156117 0.006517178 
0.02473339 0.155363 0.8091725 0.01073111 
0.03524383 0.1406263 0.7797449 0.04438504 
0.08558542 0.1958408 0.7153418 0.003232 
0.02303707 0.1239277 0.8457815 0.007253695 
0.06929203 0.135368 0.7877676 0.00757238 
0.04015202 0.1417252 0.8074996 0.01062324 
0.03608746 0.07402781 0.8739746 0.01591017 
0.05616358 0.1383978 0.7935009 0.01193771 
0.07533692 0.1493833 0.7604102 0.01486962 
0.03934879 0.1842881 0.7698529 0.006510249 
0.09563096 0.07440606 0.8116799 0.01828304 
0.05354386 0.07822153 0.8611255 0.007109131 
0.06849688 0.1219587 0.8000923 0.00945212 
0.04716195 0.1049046 0.7987829 0.04915061 
0.05997666 0.1341977 0.8036198 0.002205901 
0.07905191 0.1498945 0.7653109 0.005742722 
0.02081872 0.09103345 0.8800999 0.008047954 
0.05590933 0.1019121 0.8377668 0.004411775 
0.04350096 0.1549107 0.7968301 0.00475827 
0.06209384 0.1361905 0.7926321 0.009083616 
0.055135 0.1329074 0.7926698 0.01928784 
0.06452216 0.1222296 0.8065766 0.006671623 
0.03938863 0.1527113 0.8007616 0.007138512 
0.04472531 0.1821563 0.7533351 0.0197833 
0.03636436 0.1201398 0.8303853 0.01311054 
0.08045109 0.1011571 0.8127948 0.005597007 
0.08888444 0.1204764 0.7654523 0.02518687 
0.08863264 0.1186999 0.7863855 0.006281921 
0.05041253 0.1132009 0.8224142 0.01397242 
0.03331687 0.1197716 0.8376146 0.009296889 
0.06206201 0.1276862 0.7840107 0.02624106 
0.05234141 0.1502414 0.796735 0.0006821842 
0.02455407 0.1311221 0.806102 0.03822189 
0.1057744 0.08142736 0.8060656 0.006732547 
0.04677243 0.1228786 0.8292919 0.001056998 
0.05928606 0.1461709 0.7930149 0.001528126 
0.05135729 0.1406477 0.8046403 0.003354631 
0.05487053 0.1215016 0.8085559 0.01507191 
0.05070336 0.1173033 0.8303507 0.001642728 
0.05409222 0.0832985 0.8578174 0.004791842 
0.04596501 0.134464 0.8177824 0.001788623 
0.0276958 0.1203941 0.8514759 0.0004342305 
0.05137209 0.1596449 0.7821785 0.006804566 
0.03015215 0.1570353 0.8088408 0.003971738 
0.05256341 0.1288007 0.8136148 0.005021045 
0.07686235 0.09502306 0.8248005 0.003314144 
0.0256281 0.09247127 0.8567538 0.02514684 
0.07691978 0.1564049 0.759786 0.006889378 
0.05128357 0.1165272 0.8032823 0.02890694 
0.03729572 0.100019 0.8258897 0.03679556 
0.030565 0.1737593 0.7791634 0.01651228 
0.05626814 0.1389617 0.7848257 0.0199444 
0.04371616 0.1289411 0.8160161 0.01132659 
0.05620975 0.1303757 0.78332 0.03009453 
0.02675342 0.1339616 0.8244384 0.01484655 
0.06471037 0.09772164 0.8109834 0.02658459 
0.06144766 0.02477136 0.7611208 0.1526602 
0.0651174 0.002624649 0.8060485 0.1262094 
0.1091101 0.01917248 0.7557007 0.1160167 
0.04271833 0.01592487 0.7769648 0.164392 
0.05455018 0.003393081 0.8057984 0.1362584 
0.02188305 0.0263743 0.7874393 0.1643034 
0.01085064 0.05912275 0.7121585 0.2178681 
0.01897894 0.06799491 0.7845991 0.128427 
0.0001004996 0.05060335 0.7829983 0.1662979 
0.01856949 0.03360199 0.7849694 0.1628592 
0.007780954 0.04842887 0.7739534 0.1698368 
0.01468347 0.06433484 0.7850185 0.1359632 
0.03034321 0.04754554 0.8770443 0.04506697 
0.01692131 0.05408307 0.8205328 0.1084629 
0.007038298 0.06526164 0.788158 0.1395421 
0.00615827 0.04486297 0.8572113 0.09176749 
0.008227828 0.117955 0.8058959 0.06792132 
0.00850816 0.02274393 0.8259926 0.1427553 
0.006293344 0.08324577 0.7546833 0.1557776 
0.0126066 0.02502212 0.7953224 0.1670488 
0.02425725 0.03593635 0.8399561 0.09985029 
0.004160498 0.05296065 0.8020581 0.1408207 
0.09060703 0.008740875 0.786789 0.1138631 
0.07673949 0.00572225 0.7854288 0.1321095 
0.05690246 0.008031356 0.7439974 0.1910688 
0.08080984 0.001221803 0.7888947 0.1290737 
0.05518584 0.08696212 0.8223023 0.0355497 
0.08457118 0.1174273 0.7966731 0.001328423 
0.03495022 0.1263432 0.8319153 0.006791259 
0.01902105 0.1608552 0.7917174 0.02840632 
0.000120222 0.1242356 0.8308614 0.04478284 
0.02296697 0.1552967 0.7521206 0.06961573 
0.04008459 0.1260606 0.7798916 0.05396321 
0.00236656 0.103397 0.7758549 0.1183816 
0.01043043 0.2133898 0.7327949 0.0433848 
0.003386268 0.1207644 0.8194306 0.05641876 
0.02464424 0.1378181 0.7854734 0.05206426 
0.00214035 0.1777642 0.7761997 0.04389576 
0.03746236 0.1088001 0.7900093 0.0637282 
0.01450802 0.1635529 0.7796869 0.04225215 
0.018528 0.09443313 0.8450144 0.04202444 
0.01867167 0.1482689 0.7882153 0.04484409 
0.06838588 0.1201818 0.7534691 0.0579632 
0.007819983 0.1405021 0.8005026 0.05117535 
0.02714398 0.1217374 0.8208688 0.03024986 
0.002403439 0.1635129 0.797969 0.0361147 
0.01766302 0.1295236 0.8345816 0.01823181 
0.01517286 0.08934295 0.8319524 0.06353181 
0.001105812 0.0740589 0.8730228 0.05181252 
0.01536685 0.09690795 0.8034815 0.08424367 
0.006106937 0.1197796 0.7888967 0.08521671 
0.06322045 0.161832 0.7584907 0.01645692 
0.05393216 0.1581303 0.7845052 0.003432287 
0.0350466 0.1239042 0.8408161 0.0002330897 
0.03853042 0.1155969 0.8384515 0.007421268 
0.02166788 0.1176675 0.8351917 0.02547287 
0.06787219 0.1148919 0.7902609 0.02697502 
0.1106337 0.1293251 0.7315036 0.02853774 
0.05968384 0.1545239 0.7792492 0.006543036 
0.04949112 0.1581418 0.7745234 0.01784368 
0.06338939 0.1232586 0.8052963 0.008055737 
0.0662459 0.1230425 0.7999211 0.01079048 
0.0227015 0.1597835 0.7963854 0.02112962 
0.04937257 0.1734596 0.7734684 0.003699425 
0.05299406 0.009611392 0.7570326 0.1803619 
0.07249992 0.01219751 0.8012572 0.1140454 
0.05766068 0.01369097 0.8410368 0.08761153 
0.05775573 0.01785909 0.806397 0.1179882 
0.06012604 0.008871282 0.8145056 0.1164971 
0.09224594 0.02636537 0.790596 0.0907927 
0.04387451 0.002684985 0.8670167 0.08642378 
0.03614212 0.003874961 0.779176 0.180807 
0.0530786 0.00449305 0.8094733 0.132955 
0.1030643 0.00982219 0.7397867 0.1473268 
0.05150626 0.02979454 0.7609904 0.1577088 
0.09374488 0.02703775 0.7687146 0.1105027 
0.03502518 0.002282938 0.8533745 0.1093174 
0.0201482 0.004842237 0.8702978 0.1047118 
0.07079715 0.01665941 0.8122477 0.1002957 
0.03877549 0.004161093 0.7917053 0.1653581 
0.05946995 0.0146427 0.7722372 0.1536501 
0.02396763 0.04071878 0.8075588 0.1277548 
0.08984087 0.05651717 0.7307431 0.1228989 
0.07437913 0.009316706 0.8545096 0.06179459 
0.07064861 0.001082486 0.7774332 0.1508357 
0.05218224 0.01343185 0.8240119 0.110374 
0.03427632 0.01188419 0.8641836 0.08965593 
0.06338747 0.004615993 0.8644257 0.06757086 
0.09814077 0.00740163 0.7620604 0.1323972 
0.08354986 0.01203878 0.8123403 0.0920711 
0.05102604 0.01881481 0.8042295 0.1259296 
0.05981262 0.02053806 0.8083031 0.1113462 
0.03704345 0.00890525 0.7629774 0.1910739 
0.05321662 0.003096894 0.8336635 0.110023 
0.09775944 0.01132629 0.776171 0.1147433 
0.02867987 0.003596111 0.7987864 0.1689377 
0.0619973 0.04048278 0.7847629 0.112757 
0.04347808 0.04699061 0.8063602 0.1031711 
0.06843553 0.003027151 0.7587918 0.1697455 
0.05478663 0.02311372 0.7550359 0.1670638 
0.03373839 0.001035818 0.847865 0.1173608 
0.009894797 0.04539938 0.7698182 0.1748876 
0.007459886 0.02741999 0.8129562 0.152164 
0.0009074677 0.06816782 0.7843554 0.1465693 
0.04050611 0.08295139 0.8053682 0.07117429 
0.006974987 0.08099587 0.7971067 0.1149224 
0.0006093206 0.05902578 0.7566711 0.1836938 
0.002323062 0.02893226 0.8957179 0.07302675 
0.03731472 0.05883893 0.7424057 0.1614406 
0.0006307803 0.05272189 0.7590862 0.1875612 
0.007196189 0.05156283 0.7874839 0.1537571 
0.001200416 0.06618697 0.7672858 0.1653268 
0.003514388 0.04035745 0.8316433 0.1244849 
0.00515792 0.05130936 0.8208608 0.1226719 
0.02948091 0.06493611 0.8061521 0.0994309 
0.01338599 0.03598379 0.8343596 0.1162706 
0.008403747 0.03656679 0.8056444 0.149385 
0.1282534 0.0421748 0.8184356 0.01113613 
0.131242 0.05817895 0.8063554 0.00422365 
0.1593978 0.06086834 0.7403561 0.0393778 
0.08958428 0.03291173 0.8741584 0.003345623 
0.1549345 0.0533456 0.7619652 0.02975465 
0.0880651 0.07033223 0.8127832 0.02881947 
0.1575313 0.03694275 0.7590419 0.0464841 
0.1552976 0.07194807 0.7658873 0.006867072 
0.1567959 0.06091636 0.7746647 0.007623061 
0.09724401 0.1013712 0.797044 0.004340784 
0.163118 0.05607035 0.7746949 0.006116736 
0.1235402 0.03713761 0.8248398 0.01448241 
0.220395 0.0396185 0.7350716 0.004914876 
0.120656 0.05778241 0.8146009 0.006960672 
0.09583204 0.03586627 0.8635146 0.004787042 
0.06833207 0.01112264 0.898659 0.02188633 
0.1173729 0.1037057 0.7484234 0.03049802 
0.1830494 0.06928884 0.7361708 0.01149099 
0.1184388 0.03675849 0.8435622 0.001240545 
0.1404692 0.03433838 0.8014806 0.02371185 
0.1255672 0.05211428 0.8023844 0.01993409 
0.1355288 0.05147057 0.7933239 0.01967676 
0.2057382 0.03252654 0.7415729 0.02016237 
0.14217 0.05219639 0.8025395 0.003094201 
0.1017153 0.1054297 0.7798944 0.01296068 
0.1025745 0.06503767 0.8288497 0.003538167 
0.1154019 0.09507484 0.7625175 0.02700569 
0.1163119 0.08190906 0.7927684 0.009010629 
0.08558252 0.06848417 0.8401096 0.005823749 
0.2329888 0.03921102 0.7148898 0.01291046 
0.13014 0.06778294 0.7998959 0.002181113 
0.1555476 0.05755731 0.7763887 0.01050641 
0.1969535 0.05051708 0.7447924 0.007736979 
0.1103373 0.06733972 0.7636336 0.05868939 
0.09776615 0.08547715 0.8122966 0.004460079 
0.07717199 0.1029107 0.8030177 0.01689961 
0.1030936 0.06889968 0.8259538 0.002052993 
0.1463337 0.07590317 0.7720501 0.005712981 
0.07188222 0.003185403 0.7861814 0.1387509 
0.1520629 0.005304763 0.7664611 0.07617126 
0.1410201 0.01909837 0.8052077 0.03467382 
0.15689 0.01392829 0.7726511 0.05653064 
0.2562267 0.005283531 0.672886 0.0656038 
0.09786216 0.007904988 0.8128032 0.08142969 
0.1185191 0.003123254 0.8180384 0.06031928 
0.1028005 0.03270748 0.834789 0.02970308 
0.06119992 0.04923099 0.8345752 0.05499388 
0.07915683 0.06662184 0.8117184 0.04250289 
0.147171 0.007400935 0.7656612 0.07976692 
0.1250513 0.0153423 0.7917023 0.06790412 
0.1392582 0.02497864 0.7823278 0.05343539 
0.1197056 0.007059358 0.8277516 0.04548348 
0.1123058 0.001785037 0.8390493 0.04685986 
0.1519389 0.02414692 0.7476336 0.07628051 
0.1226225 0.01469939 0.7889575 0.07372068 
0.1560766 0.01106649 0.7372809 0.09557607 
0.1633863 0.0003598388 0.7627595 0.07349443 
0.09437314 0.02143646 0.8618702 0.02232016 
0.1360444 0.01533725 0.8247127 0.02390573 
0.08129258 0.002184795 0.876151 0.04037167 
0.1157177 0.01001627 0.8481331 0.02613286 
0.192161 0.004429469 0.7598815 0.043528 
0.1294102 0.01948876 0.8088519 0.04224921 
0.09929284 0.01990277 0.8265246 0.05427982 
0.1384216 0.01454783 0.8002305 0.04680003 
0.1898616 0.02024859 0.7279655 0.06192434 
0.1408279 0.01523904 0.7365153 0.1074177 
0.07074931 0.01696047 0.8353081 0.07698215 
0.1517171 0.01478447 0.7189814 0.1145171 
0.1621495 0.005378012 0.7478518 0.08462064 
0.06150178 0.0009808607 0.8291864 0.1083309 
0.1054909 0.00490411 0.8358665 0.0537385 
0.1659416 0.01859589 0.8112061 0.00425634 
0.08884034 0.02304481 0.8691581 0.01895676 
0.1119359 0.06759383 0.8142266 0.006243668 
0.1091277 0.02835713 0.8067382 0.05577693 
0.1035012 0.06860017 0.826782 0.001116621 
0.1205199 0.05709959 0.8131721 0.009208432 
0.1723248 0.06645523 0.7582117 0.003008212 
0.07808025 0.1078601 0.8053068 0.008752869 
0.1847966 0.03729399 0.7763257 0.001583732 
0.150188 0.04670768 0.7929466 0.01015771 
0.1360214 0.09294726 0.7551143 0.01591699 
0.09698566 0.07083885 0.8141567 0.01801875 
0.1257472 0.07781699 0.7771305 0.01930529 
0.1690734 0.07090509 0.7178593 0.04216221 
0.1065711 0.03182602 0.8543757 0.007227124 
0.1366067 0.0614099 0.7952059 0.006777476 
0.1160912 0.06019201 0.7952736 0.02844327 
0.1084321 0.05809965 0.8250329 0.008435412 
0.172748 0.06673982 0.7596195 0.0008926724 
0.1687548 0.08221787 0.7394229 0.009604385 
0.1188882 0.0794141 0.784452 0.01724566 
0.1593239 0.06170504 0.7747415 0.004229533 
0.1279471 0.03865206 0.8296354 0.003765372 
0.1244896 0.09537827 0.7776688 0.002463246 
0.1858572 0.04861368 0.7527266 0.01280258 
0.122056 0.04206274 0.7846278 0.05125347 
0.1504652 0.03756529 0.7962597 0.01570985 
0.1275204 0.0513474 0.8198435 0.001288713 
0.09946564 0.08221952 0.8146683 0.003646515 
0.1969194 0.03410955 0.7594671 0.009503955 
0.1367651 0.07205611 0.78794 0.003238761 
0.1062335 0.05449411 0.8372138 0.002058663 
0.1154355 0.04286652 0.8301017 0.01159628 
0.1170246 0.02614879 0.8360608 0.02076582 
0.1011685 0.01284479 0.8227412 0.06324551 
0.1774393 0.01732581 0.7922837 0.01295116 
0.1433589 0.005919307 0.8439016 0.00682016 
0.1859255 0.04725292 0.7432479 0.02357367 
0.1675607 0.09108436 0.7377894 0.003565489 
0.09108705 0.04434499 0.8513428 0.01322518 
0.1545979 0.03955572 0.7771782 0.02866822 
0.1129952 0.02640144 0.8463965 0.01420683 
0.1408503 0.05090307 0.7991977 0.009048938 
0.1475459 0.07192356 0.7782648 0.002265711 
0.12383 0.04274216 0.827961 0.0054668 
0.120275 0.04905374 0.8109044 0.01976682 
0.1426343 0.1145919 0.7229912 0.01978254 
0.2056999 0.07367061 0.7054864 0.01514311 
0.1283785 0.07232997 0.7928497 0.006441816 
0.1020053 0.08152436 0.7850802 0.03139012 
0.06411529 0.03702232 0.7882168 0.1106456 
0.08507995 0.02927454 0.8194451 0.06620038 
0.05580818 0.01709678 0.8638526 0.06324241 
0.003204463 0.06313711 0.8460242 0.0876342 
0.006037907 0.04108662 0.8119874 0.1408881 
0.000419303 0.02601816 0.7757506 0.1978119 
0.1407415 0.001238422 0.7782276 0.07979247 
0.06980186 0.009304039 0.8077323 0.1131618 
0.1053747 0.04037124 0.7531484 0.1011057 
0.06663158 0.002133423 0.8066822 0.1245528 
0.05208374 0.01463181 0.8113212 0.1219633 
0.06445799 0.003357912 0.7916245 0.1405596 
0.06443307 0.04729059 0.7524383 0.135838 
0.06821589 0.03623382 0.758166 0.1373843 
0.05637041 0.01467141 0.8136553 0.1153029 
0.03902053 0.006308461 0.7790171 0.1756539 
0.06306715 0.0007485333 0.7815634 0.1546209 
0.035659 0.008645444 0.8874674 0.06822819 
0.04649959 0.02975135 0.7739309 0.1498181 
0.06518524 0.04921677 0.7834481 0.1021499 
0.0015531 0.007017808 0.8326211 0.158808 
0.01124603 0.00777518 0.8216842 0.1592945 
0.0273475 0.06094883 0.7252143 0.1864894 
0.07907559 0.003511684 0.8467353 0.07067745 
0.0966014 0.009075555 0.8068628 0.0874602 
0.08620241 0.04725546 0.7103416 0.1562006 
0.02363784 0.003172687 0.8188933 0.1542961 
0.02607125 0.1156961 0.7385393 0.1196933 
0.01174138 0.06821917 0.7707817 0.1492578 
0.01219435 0.04418352 0.8129932 0.1306289 
0.02086563 0.09224069 0.7420054 0.1448883 
0.008188447 0.07527639 0.8167132 0.09982198 
0.007991432 0.05180994 0.8329404 0.1072582 
0.0006562063 0.07381891 0.8212137 0.1043112 
0.06879298 0.02765346 0.8120358 0.09151773 
0.00151224 0.05736169 0.8570918 0.08403424 
0.00989629 0.04966119 0.8263081 0.1141344 
0.003233357 0.0600315 0.8522346 0.08450053 
0.003801143 0.05806846 0.8162693 0.1218611 
0.001706624 0.03340048 0.8338793 0.1310136 
0.03181927 0.04480792 0.8706564 0.05271637 
0.01842689 0.05247291 0.8167381 0.1123621 
0.04476972 0.06952753 0.7846496 0.1010531 
0.005510512 0.04901868 0.8270332 0.1184376 
0.008312669 0.05628332 0.807242 0.128162 
0.009380805 0.03298112 0.826203 0.1314351 
0.01259784 0.06431455 0.8254201 0.09766749 
0.005101151 0.0497726 0.8120708 0.1330554 
0.0168369 0.04599636 0.81284 0.1243267 
0.02657339 0.05819525 0.7368264 0.1784049 
0.1046294 0.06937672 0.8204653 0.005528551 
0.1939777 0.04493343 0.7555562 0.005532723 
0.1566201 0.05463193 0.7843309 0.00441705 
0.1206512 0.07525421 0.8034321 0.0006625058 
0.1065233 0.05770157 0.8310235 0.004751599 
0.1451177 0.0703088 0.7506911 0.03388242 
0.163683 0.04355695 0.7816305 0.01112948 
0.08390054 0.05241435 0.8576399 0.0060452 
0.1750175 0.03772739 0.7825281 0.004727032 
0.1813817 0.02164704 0.7934057 0.003565576 
0.1119559 0.09756772 0.7808806 0.009595834 
0.1835856 0.07167113 0.7382073 0.006535997 
0.1233967 0.004897159 0.7750172 0.09668898 
0.1393098 0.002625869 0.8260043 0.03206003 
0.1600474 0.00742923 0.7877082 0.04481521 
0.1137239 0.03504687 0.7599452 0.09128399 
0.1710071 0.02135519 0.7827982 0.0248395 
0.1349292 0.01232854 0.811903 0.04083926 
0.1299889 0.0336692 0.7871536 0.04918834 
0.08852674 0.007384614 0.880128 0.02396063 
0.1169603 0.00113333 0.7684501 0.1134563 
0.07695438 0.0135257 0.8114981 0.09802184 
0.1433269 0.006931366 0.7715918 0.07814988 
0.1235199 0.0122061 0.8040306 0.06024341 
0.1925926 0.05925422 0.6927696 0.0553836 
0.1812874 0.002542212 0.7431626 0.07300784 
0.08369957 0.00442227 0.8365589 0.07531924 
0.1017526 0.01427771 0.7846304 0.0993393 
0.1523982 0.01360572 0.7332847 0.1007114 
0.1214302 0.01603259 0.7678967 0.09464052 
0.101216 0.0107729 0.8215217 0.06648932 
0.1395493 0.00375077 0.8053216 0.05137828 
0.140716 0.001521158 0.8309151 0.02684768 
0.08617006 0.0284863 0.7946863 0.09065733 
0.1362553 0.0244368 0.7938878 0.04542002 
0.1536938 0.02531272 0.7573159 0.06367761 
0.171218 0.03709715 0.7546696 0.03701527 
0.1445544 0.004503648 0.829787 0.02115494 
0.103024 0.004877999 0.8509563 0.0411417 
0.05457081 0.01186606 0.8570817 0.07648141 
0.0847952 0.004373407 0.8379646 0.07286683 
0.167495 0.006746887 0.7762463 0.04951178 
0.1294308 0.00878368 0.7920873 0.06969818 
0.2101848 0.01162933 0.7239827 0.05420317 
0.1443381 0.003480962 0.7978164 0.05436451 
0.1235848 0.01261912 0.7880611 0.075735 
0.2151838 0.01169934 0.7403446 0.03277221 
0.1715937 0.01411394 0.7854914 0.02880093 
0.1053488 0.02450207 0.8301836 0.03996549 
0.1633785 0.007456523 0.7858291 0.04333581 
0.1121807 0.01009049 0.7943629 0.0833659 
0.1076641 5.8591e-05 0.8441346 0.04814272 
0.09495139 0.00632668 0.8627443 0.03597766 
0.1195463 0.02292884 0.8279226 0.0296023 
0.2611757 0.009885789 0.6681949 0.06074361 
0.1523159 0.006283332 0.811217 0.03018378 
0.1444515 0.002876382 0.7684799 0.0841923 
0.090784 0.001886543 0.8529171 0.05441237 
0.1244795 0.03001731 0.7973149 0.04818833 
0.05601551 0.016244 0.8815693 0.04617114 
0.1921946 0.005833708 0.758004 0.04396769 
0.08235298 0.01386569 0.7311764 0.172605 
0.13862 0.04715793 0.8098163 0.004405826 
0.1243287 0.07492969 0.7905213 0.01022024 
0.1192502 0.03390655 0.8233312 0.02351205 
0.09343783 0.06069162 0.8242837 0.02158681 
0.1246707 0.06357197 0.8105083 0.001248977 
0.09875932 0.04014786 0.8380781 0.02301472 
0.1345988 0.07150171 0.7290211 0.06487841 
0.1777525 0.0369843 0.7697486 0.01551466 
0.1698601 0.05615967 0.7488008 0.0251794 
0.1510769 0.03543279 0.7893546 0.02413568 
0.08309301 0.08586884 0.8278886 0.003149586 
0.1171382 0.07051593 0.7623242 0.0500217 
0.1223715 0.09373833 0.7836788 0.0002113759 
0.1188719 0.05459929 0.7961069 0.03042191 
0.08299574 0.06127398 0.8222572 0.03347311 
0.160661 0.09119648 0.7121599 0.03598267 
0.1299653 0.1013724 0.7646892 0.003973047 
0.125544 0.04875651 0.8005537 0.0251457 
0.1196214 0.07677537 0.7918655 0.01173766 
0.08823128 0.01509318 0.8728196 0.0238559 
0.129849 0.07806907 0.7826493 0.00943255 
0.1593242 0.04804115 0.7912349 0.001399702 
0.1085719 0.06509872 0.8061611 0.02016832 
0.1551654 0.05163954 0.7643903 0.02880479 
0.1313155 0.05934623 0.8000953 0.009243018 
0.1618051 0.05202907 0.7828523 0.003313459 
0.1276266 0.06421862 0.807942 0.0002127421 
0.2249802 0.06278949 0.7114085 0.0008217896 
0.09661473 0.04119452 0.8573376 0.004853135 
0.07483637 0.1019725 0.8123283 0.01086277 
0.1248284 0.0727602 0.7904195 0.01199185 
0.1737423 0.05110749 0.7544148 0.02073543 
0.1099074 0.06346497 0.8191133 0.007514338 
0.1324872 0.06359161 0.8032578 0.0006633796 
0.1477307 0.04680956 0.7826218 0.02283799 
0.04511171 0.1620986 0.7868029 0.005986781 
0.1032575 0.09933734 0.7857872 0.01161795 
0.136146 0.0541275 0.7989822 0.01074431 
0.108332 0.0463381 0.8314726 0.01385736 
0.1128211 0.08016908 0.7816655 0.02534433 
0.1303228 0.05435405 0.8073571 0.007966045 
0.1341781 0.07155378 0.7611337 0.0331344 
0.1060554 0.08609762 0.7988432 0.00900375 
0.1109655 0.05149285 0.8364098 0.00113188 
0.1302194 0.06081901 0.7959232 0.01303842 
0.1557484 0.04782726 0.7815751 0.0148492 
0.155443 0.09381068 0.7507032 4.307636e-05 
0.16419 0.04594294 0.7769059 0.01296114 
0.1227612 0.107489 0.7674108 0.002338974 
0.1779333 0.04059902 0.7614048 0.02006285 
0.09629742 0.01202658 0.8790787 0.01259732 
0.1194615 0.03958771 0.8160126 0.0249382 
0.1420104 0.04995184 0.8026319 0.005405889 
0.1374622 0.07655258 0.7798748 0.006110399 
0.09423338 0.05358496 0.8483959 0.003785714 
0.1345841 0.07121484 0.7832378 0.01096325 
0.1141537 0.08234441 0.8031351 0.0003667894 
0.09340184 0.113824 0.7830439 0.009730307 
0.1217531 0.04797532 0.8163277 0.01394381 
0.1365276 0.03797396 0.8238714 0.001627012 
0.1069982 0.04028946 0.848343 0.004369322 
0.09055415 0.08903607 0.814018 0.006391766 
0.1200962 0.05192045 0.8076623 0.02032098 
0.1512576 0.03106556 0.8033683 0.01430855 
0.1504421 0.04559601 0.800169 0.003792923 
0.08055263 0.05440281 0.8540661 0.01097847 
0.1670848 0.04154938 0.7856543 0.005711596 
0.1335177 0.07349374 0.792863 0.0001255962 
0.1406782 0.02828272 0.8292572 0.001781938 
0.0973196 0.04664567 0.8463108 0.00972389 
0.1899888 0.03833725 0.7571963 0.01447769 
0.1310747 0.03067305 0.8367273 0.001524977 
0.1546681 0.06126364 0.7769294 0.007138827 
0.1035314 0.03211774 0.864246 0.0001048598 
0.1401395 0.05137066 0.7915535 0.01693631 
0.1611819 0.05501419 0.7737942 0.01000967 
0.1311585 0.08845808 0.753041 0.02734245 
0.1418261 0.0648249 0.7885645 0.004784492 
0.1289235 0.10506 0.7594342 0.006582294 
0.07650202 0.06089799 0.8519555 0.01064447 
0.1891932 0.08044891 0.6967263 0.03363157 
0.1216491 0.04938122 0.7946981 0.03427157 
0.1094494 0.08367966 0.8010022 0.00586866 
0.01220728 0.06835274 0.8074628 0.1119772 
0.009506726 0.09492911 0.8211865 0.07437768 
0.00997004 0.0414703 0.8311627 0.117397 
0.002749846 0.04841991 0.8539193 0.09491097 
0.008568103 0.06217586 0.8158253 0.1134308 
0.001041392 0.06854529 0.7667308 0.1636826 
0.005388681 0.0394617 0.7716416 0.183508 
0.02183407 0.03809938 0.8352128 0.1048538 
0.04218205 0.04075892 0.7724341 0.144625 
0.0006709121 0.04612545 0.7562981 0.1969056 
0.003290726 0.05026906 0.8229805 0.1234597 
0.001151583 0.03199636 0.8580936 0.1087585 
0.03168432 0.05934438 0.7919907 0.1169806 
0.01383479 0.06247527 0.7746402 0.1490497 
0.01964016 0.05460257 0.7946881 0.1310692 
0.02698565 0.04406916 0.794631 0.1343142 
0.01731346 0.05497043 0.8254928 0.1022233 
0.01412994 0.06106558 0.7746936 0.1501109 
0.01724255 0.06134397 0.8149223 0.1064911 
0.001606973 0.04979956 0.8352737 0.1133198 
0.005804966 0.05374389 0.7829256 0.1575256 
0.02887911 0.08982981 0.711698 0.1695931 
0.01696461 0.04673096 0.8509087 0.08539571 
0.002544619 0.09546534 0.7482299 0.1537601 
0.004181026 0.0485087 0.7936978 0.1536125 
0.01271267 0.06321927 0.8522143 0.07185379 
0.0007696175 0.07316494 0.8035176 0.1225479 
0.02509401 0.1371536 0.6791528 0.1585995 
0.01127416 0.1352444 0.7059804 0.1475011 
0.002557575 0.08766934 0.8456785 0.06409462 
0.008929109 0.07559472 0.7453562 0.17012 
0.09670621 0.05509538 0.7282731 0.1199253 
0.00820395 0.07278678 0.7341486 0.1848606 
0.01348768 0.007146946 0.8137811 0.1655843 
0.00654716 0.06981399 0.7844759 0.139163 
0.04970476 0.06074467 0.7208334 0.1687171 
0.001612837 0.04534659 0.7752897 0.1777509 
0.0113821 0.1103891 0.7465444 0.1316843 
0.04710382 0.001851403 0.7862202 0.1648245 
0.000648564 0.01656688 0.8235987 0.1591858 
0.006200511 0.05108778 0.8314339 0.1112778 
0.003469656 0.06169421 0.7841413 0.1506949 
0.01526806 0.04886457 0.7850475 0.1508198 
0.004393276 0.09223916 0.757725 0.1456425 
0.00834588 0.04924539 0.8419321 0.1004766 
0.002841466 0.04206305 0.8345982 0.1204973 
0.01000595 0.06472541 0.7783815 0.1468871 
0.005266007 0.1009597 0.7169906 0.1767837 
0.006378131 0.05250119 0.825774 0.1153467 
0.006290742 0.03697547 0.8556959 0.1010379 
0.001836224 0.03226049 0.7677088 0.1981945 
0.002718379 0.05613318 0.8151742 0.1259742 
0.03563912 0.0383151 0.7668159 0.1592299 
0.01376274 0.06261291 0.8159195 0.1077048 
0.02885094 0.02404531 0.8613278 0.08577596 
0.00639161 0.01716019 0.8190641 0.1573841 
0.04961386 0.06296418 0.7109132 0.1765087 
0.006125034 0.04217426 0.7993202 0.1523805 
0.004398474 0.03615812 0.8275153 0.1319281 
0.002323821 0.02713703 0.8556128 0.1149264 
0.006337982 0.04375143 0.8151045 0.1348061 
0.008264512 0.06311241 0.8436233 0.08499979 
0.004528815 0.04198623 0.8246851 0.1287999 
0.1422234 0.00202371 0.7628711 0.09288174 
0.1161679 0.04904293 0.7813964 0.05339279 
0.07858535 0.0407247 0.8326533 0.04803665 
0.1596338 0.002331002 0.77776 0.06027523 
0.1172113 0.0175879 0.8350515 0.0301493 
0.1867957 0.001832119 0.7692899 0.04208226 
0.1413376 0.02322016 0.8077142 0.02772805 
0.1018612 0.01883341 0.8127885 0.06651694 
0.1712578 0.005077224 0.7861221 0.03754294 
0.2200562 0.002053488 0.74237 0.03552037 
0.1118801 0.007559169 0.8428277 0.03773306 
0.1315356 0.002323996 0.7711901 0.09495028 
0.1183511 0.036774 0.746048 0.09882694 
0.1127264 0.009698612 0.7665886 0.1109864 
0.1324654 0.003808552 0.7983302 0.06539593 
0.1789131 0.002123513 0.7650466 0.05391674 
0.1308752 0.01672847 0.8102846 0.04211167 
0.175371 0.03216788 0.7658318 0.02662929 
0.1639252 0.0002333496 0.7971029 0.03873856 
0.1477455 0.003835054 0.7867674 0.06165197 
0.163982 0.01729823 0.7373319 0.08138791 
0.008719901 0.1422987 0.8390367 0.009944659 
0.004890047 0.1465837 0.8462227 0.002303596 
0.004644586 0.1602644 0.8160171 0.01907397 
0.09366983 0.08767422 0.7964272 0.0222287 
0.03627779 0.1397887 0.7866505 0.03728302 
0.0898216 0.1209431 0.779665 0.009570232 
0.03472104 0.1327101 0.8261088 0.006460069 
0.04455518 0.1937736 0.6990784 0.06259289 
0.06159374 0.007181502 0.7746412 0.1565835 
0.0622114 0.0003683027 0.8190042 0.1184161 
0.06093076 0.007187027 0.8069894 0.1248928 
0.03103465 0.01935867 0.8181392 0.1314675 
0.08847755 0.0463394 0.7868234 0.07835963 
0.07543704 0.02205131 0.7546756 0.1478361 
0.03002612 0.02840813 0.8161431 0.1254227 
0.03921636 0.01689261 0.8323145 0.1115765 
0.08997521 0.003403971 0.7331673 0.1734536 
0.03732156 0.03408217 0.7967271 0.1318692 
0.07234636 0.0106787 0.7932292 0.1237457 
0.07413264 0.0462486 0.7809207 0.09869803 
0.09204385 0.03217727 0.721433 0.1543459 
0.04143826 0.001903392 0.8069068 0.1497515 
0.03291071 0.0004621124 0.8402598 0.1263674 
0.0757407 0.02374418 0.7400569 0.1604582 
0.02874325 0.003471454 0.850491 0.1172943 
0.0349377 0.009508282 0.8483966 0.1071574 
0.05702554 0.008923342 0.8483256 0.08572548 
0.0467068 0.0007550807 0.8162373 0.1363008 
0.02299406 0.01146194 0.8558843 0.1096597 
0.03564811 0.008474339 0.8115911 0.1442865 
0.08032304 0.006871475 0.731342 0.1814635 
0.1015699 0.0003465163 0.780129 0.1179546 
0.08306047 0.004391428 0.8358379 0.07671023 
0.06134514 0.0008214239 0.8509184 0.08691508 
0.03971013 0.01819985 0.8036016 0.1384884 
0.07407812 0.0460102 0.7786815 0.1012302 
0.03578008 0.02115008 0.7101483 0.2329216 
0.1482734 0.02051956 0.7331019 0.09810519 
0.01862332 0.02102569 0.8236717 0.1366793 
0.06997828 0.01113798 0.7534117 0.165472 
0.03315459 0.01163974 0.7752816 0.1799241 
0.07688548 0.02179875 0.7672643 0.1340515 
0.06580752 0.005517595 0.7928327 0.1358422 
0.03308161 0.009514173 0.8370893 0.1203149 
0.03097718 0.01020246 0.7347274 0.2240929 
0.0729673 0.05141585 0.7680859 0.1075309 
0.04918985 0.00706274 0.844587 0.09916038 
0.0526716 0.002261309 0.768946 0.1761211 
0.0579572 0.01122415 0.8141972 0.1166214 
0.03170429 0.01764245 0.8022288 0.1484244 
0.06637352 0.003746765 0.7535762 0.1763035 
0.04000017 0.006095582 0.8390348 0.1148694 
0.07756764 0.006773813 0.8147274 0.1009311 
0.04825331 0.02650751 0.7853554 0.1398838 
0.09940477 0.02468438 0.7273951 0.1485157 
0.04405149 0.007957031 0.7930844 0.1549071 
0.0926443 0.007950063 0.8006695 0.09873615 
0.02612687 0.02852056 0.8170874 0.1282651 
0.04147581 0.0008850957 0.7762535 0.1813856 
0.07987456 0.002851547 0.7790492 0.1382247 
0.05714818 0.0006186251 0.7223913 0.2198419 
0.03628945 0.02245512 0.825593 0.1156624 
0.1204721 0.003324764 0.7771648 0.09903832 
0.04977288 0.02906963 0.7093062 0.2118513 
0.02515823 0.0008227499 0.8310387 0.1429803 
0.07818637 0.01219145 0.8075054 0.1021168 
0.03945907 0.007564403 0.8178486 0.135128 
0.005250376 0.04410627 0.8514929 0.09915045 
0.002566621 0.003764208 0.7869641 0.2067051 
0.002976737 0.06191823 0.7747336 0.1603715 
0.01056261 0.08288376 0.7994922 0.1070615 
0.01028866 0.08741568 0.8416688 0.0606269 
0.01619839 0.08406591 0.7663257 0.13341 
0.006159977 0.04578223 0.8622938 0.08576399 
0.000227514 0.03441781 0.8280794 0.1372753 
0.02379601 0.08388818 0.7922887 0.1000271 
0.006226082 0.05185371 0.7514327 0.1904875 
0.001825692 0.06557685 0.7945414 0.1380561 
0.002536064 0.04846906 0.7953156 0.1536792 
0.005572605 0.05039745 0.8117358 0.1322942 
0.003684377 0.1184237 0.7350133 0.1428786 
0.01608777 0.03743459 0.8772684 0.06920925 
0.01027305 0.01300527 0.8749406 0.101781 
0.004228708 0.1109666 0.7249052 0.1598995 
0.0212589 0.06079808 0.8006 0.117343 
0.02863302 0.04724776 0.8274665 0.09665274 
0.04920649 0.08435575 0.7751431 0.09129467 
0.01127321 0.06343877 0.8142298 0.1110583 
0.002499043 0.08631256 0.7467228 0.1644656 
0.02411674 0.0536737 0.8322211 0.08998849 
0.00467579 0.09445769 0.7796269 0.1212396 
0.04143413 0.02952158 0.849382 0.07966226 
0.02413805 0.004786088 0.8072134 0.1638625 
0.03566182 0.008921578 0.8300164 0.1254002 
0.04645328 0.002770267 0.7785612 0.1722153 
0.03931229 0.04576809 0.7786788 0.1362409 
0.01410451 0.003491394 0.8296477 0.1527564 
0.01607253 0.02978761 0.8122645 0.1418754 
0.01038673 0.03299298 0.7789886 0.1776317 
0.007484304 0.1147419 0.6941937 0.1835801 
0.002281311 0.06581089 0.8105212 0.1213866 
0.003146249 0.05584232 0.7326714 0.20834 
0.001031547 0.08743047 0.7651999 0.1463381 
0.04875239 0.1010443 0.7162997 0.1339036 
0.002191406 0.05010312 0.8423348 0.1053707 
0.03247993 0.04816167 0.8260246 0.09333383 
0.01083555 0.06287191 0.8442529 0.08203963 
0.0268254 0.04656854 0.7405411 0.1860649 
0.01354453 0.03719242 0.8183927 0.1308703 
0.01056344 0.08601363 0.7818267 0.1215962 
0.002972429 0.05725337 0.7834751 0.1562991 
0.008178244 0.0482575 0.8268902 0.116674 
0.00271393 0.03425104 0.8032311 0.1598039 
0.01256421 0.05909273 0.8325756 0.09576743 
0.02331221 0.07684984 0.8273355 0.07250244 
0.03691993 0.0772521 0.7638279 0.122 
0.03095266 0.08447326 0.7489483 0.1356258 
0.005118744 0.05489968 0.8154646 0.124517 
0.005082064 0.02667959 0.8684189 0.09981946 
0.0004156126 0.05585559 0.7979757 0.1457531 
0.001955682 0.05133 0.80767 0.1390443 
0.00595627 0.06630641 0.8039293 0.123808 
0.004101405 0.02542665 0.8144235 0.1560485 
0.1080774 0.02989219 0.7392843 0.1227461 
0.01014051 0.07905604 0.7340575 0.176746 
0.004736821 0.03312396 0.8047207 0.1574185 
0.007025018 0.02354884 0.8167612 0.152665 
0.0113428 0.0462532 0.767158 0.175246 
0.02577441 0.04788076 0.7941493 0.1321955 
0.006052322 0.03235935 0.8180937 0.1434947 
0.05218799 0.06524284 0.800444 0.08212512 
0.02269452 0.04164044 0.8006518 0.1350132 
0.02441246 0.05844847 0.8217477 0.09539142 
0.01678767 0.07352293 0.7569978 0.1526916 
2.932773e-05 0.06047723 0.8142049 0.1252886 
0.03289725 0.1085162 0.6973757 0.1612108 
0.06060029 0.05840708 0.7508487 0.1301439 
0.0200613 0.01901322 0.8283379 0.1325876 
0.03161577 0.04584728 0.7880916 0.1344454 
0.01296354 0.06741932 0.8127153 0.1069019 
0.004802093 0.02800902 0.764923 0.2022659 
0.006564823 0.06337705 0.7772135 0.1528446 
0.009837023 0.04671005 0.8140233 0.1294296 
0.03422849 0.06073481 0.756732 0.1483047 
0.03075782 0.05690358 0.7922389 0.1200997 
0.01808108 0.1058818 0.7800271 0.09601004 
0.006225188 0.2090207 0.7473114 0.03744273 
0.01979372 0.1279918 0.7295044 0.1227102 
0.002914201 0.09984022 0.7864708 0.1107747 
0.01841737 0.05423396 0.766603 0.1607457 
0.001775115 0.06161802 0.8415329 0.09507394 
0.00327781 0.09217961 0.786062 0.1184806 
0.01429847 0.1158296 0.7637123 0.1061597 
0.0006440719 0.07079205 0.8498968 0.07866708 
0.02458027 0.01682807 0.8632794 0.09531229 
0.07808096 0.0007269451 0.8044802 0.1167119 
0.07639108 0.01320742 0.7897612 0.1206403 
0.03827609 0.003279963 0.8260084 0.1324355 
0.008811371 0.04111213 0.8396348 0.1104417 
0.01253226 0.08474086 0.7608888 0.141838 
0.02169548 0.05793495 0.8070322 0.1133374 
0.05550418 0.04743671 0.7823186 0.1147405 
0.007155288 0.05075041 0.791722 0.1503723 
0.1473897 0.02072184 0.7126235 0.119265 
0.03811541 0.01609382 0.7828466 0.1629442 
0.03255765 0.003635263 0.7923748 0.1714322 
0.06743997 0.00250839 0.8030891 0.1269625 
0.0954031 0.01309739 0.7839749 0.1075246 
0.05722869 0.01497904 0.7953756 0.1324166 
0.03078659 0.03214691 0.8606994 0.07636711 
0.06400537 0.00345065 0.7857671 0.1467768 
0.03697756 0.01294371 0.8523272 0.09775149 
0.05372726 0.03036337 0.7688986 0.1470108 
0.1117399 0.002174655 0.6813865 0.204699 
0.08111128 0.003212902 0.8093188 0.106357 
0.1557341 0.009094807 0.7321879 0.1029832 
0.08420039 0.0007484026 0.7866845 0.1283667 
0.07938673 0.01830448 0.7649253 0.1373835 
0.0295163 0.01910174 0.8135083 0.1378737 
0.08475614 0.01414866 0.7996271 0.1014681 
0.05817649 0.004640775 0.816329 0.1208537 
0.04455369 0.0180597 0.8232688 0.1141178 
0.06292441 0.01691597 0.810478 0.1096817 
0.08828439 0.002549368 0.7733595 0.1358068 
0.04698936 0.009009735 0.7809634 0.1630375 
0.002830249 0.008438439 0.8223187 0.1664126 
0.008240498 0.007434539 0.7857341 0.1985909 
0.03934877 0.008763899 0.7237587 0.2281286 
0.002218418 0.01440821 0.8049585 0.1784148 
0.003875644 0.01223648 0.7455424 0.2383455 
0.09086864 0.02257466 0.7461888 0.1403679 
0.05950963 0.03869778 0.756528 0.1452646 
0.01768395 0.01956249 0.8347272 0.1280264 
0.006661731 0.03693397 0.7915151 0.1648892 
0.1614961 0.01231019 0.7690904 0.0571033 
0.1143036 0.02558596 0.7722064 0.08790397 
0.1119959 0.004840851 0.7881381 0.09502512 
0.1571519 0.003507348 0.7840713 0.05526947 
0.1095818 0.007855199 0.7578659 0.1246971 
0.1568875 0.03527007 0.7560314 0.05181101 
0.1063871 0.02999942 0.7613116 0.102302 
0.1308899 0.01902282 0.8070535 0.04303377 
0.1279576 0.0333624 0.7943041 0.0443759 
0.1228595 0.003033704 0.8253258 0.048781 
0.1494837 0.001431205 0.7822662 0.06681889 
0.1485162 0.02794178 0.7562294 0.06731263 
0.1001305 0.0008404709 0.8317057 0.0673233 
0.1161806 0.002847273 0.8148855 0.06608657 
0.1198112 0.01147445 0.8101762 0.05853807 
0.2071379 0.02389927 0.7296515 0.03931128 
0.1420139 0.0003172987 0.7922362 0.06543266 
0.2059325 0.02040199 0.689265 0.08440056 
0.1333365 0.03119706 0.782187 0.05327946 
0.08027303 0.01224336 0.8734349 0.03404875 
0.1522583 0.01903594 0.7996202 0.02908558 
0.13661 0.01218903 0.8193223 0.03187868 
0.1043934 0.01112306 0.8505867 0.03389691 
0.1157263 0.06289677 0.7506585 0.0707185 
0.1568371 0.02192556 0.7229326 0.09830476 
0.1869297 0.01704358 0.7666078 0.029419 
0.1859241 0.004010822 0.7407763 0.06928881 
0.1493593 0.007227877 0.7977759 0.04563688 
0.1156528 0.009065489 0.7928585 0.08242314 
0.1434743 0.006781527 0.7904741 0.05927012 
0.1193304 0.002746918 0.8482338 0.02968892 
0.1438765 0.01057179 0.7878208 0.05773092 
0.1936844 0.03843326 0.735296 0.03258635 
0.09065957 0.01426672 0.8270033 0.06807039 
0.1332297 0.01267147 0.773379 0.08071982 
0.1503764 0.01440311 0.8040168 0.03120372 
0.1234834 1.292771e-06 0.7604601 0.1160552 
0.164445 0.02651746 0.7763201 0.03271741 
0.1628625 0.00627621 0.7259703 0.1048909 
0.1114068 0.009652731 0.8036136 0.07532689 
0.2106499 0.01476688 0.7247815 0.04980165 
0.1651932 0.006445914 0.7590874 0.06927349 
0.1302033 0.009512682 0.8221886 0.03809538 
0.1500517 0.0190286 0.8009961 0.02992363 
0.1191334 0.01106074 0.8068694 0.06293645 
0.1563066 0.003308158 0.7475133 0.09287198 
0.1351493 0.001566188 0.8288576 0.03442688 
0.1470751 0.0145091 0.772961 0.06545484 
0.199454 0.001567134 0.7366399 0.06233901 
0.1379768 0.02221399 0.8012259 0.03858323 
0.1526015 0.006983907 0.7990871 0.04132742 
0.1560664 0.005806135 0.7951193 0.04300821 
0.1736331 0.001680928 0.7656617 0.05902421 
0.1235333 0.002833238 0.8180374 0.05559607 
0.09613388 0.003866558 0.8422246 0.05777501 
0.1481992 0.005191115 0.8177046 0.02890504 
0.1213004 0.006319503 0.8435081 0.02887198 
0.1630914 0.05007556 0.7148941 0.07193888 
0.1269782 0.01722803 0.7969225 0.05887127 
0.109299 0.01529741 0.8504555 0.0249481 
0.1358211 0.01200245 0.8173164 0.03486007 
0.1224587 0.01003682 0.8271384 0.04036609 
0.09227394 0.03348689 0.8642116 0.01002761 
0.119886 0.08552274 0.7872738 0.00731745 
0.1320354 0.05154867 0.8085931 0.007822829 
0.105038 0.0763245 0.8155988 0.003038721 
0.1211812 0.04333478 0.8283635 0.007120527 
0.1486186 0.07235107 0.7730291 0.006001246 
0.1638599 0.06849754 0.7387616 0.02888095 
0.08102746 0.0951407 0.813445 0.01038685 
0.09647107 0.08398962 0.7902534 0.02928593 
0.1322422 0.04549121 0.7985452 0.02372138 
0.2059342 0.0694944 0.7083476 0.01622382 
0.08843934 0.04374496 0.8649747 0.002841036 
0.2089652 0.0730419 0.7027462 0.0152467 
0.1297771 0.06498536 0.7747456 0.03049196 
0.107163 0.07526077 0.7980174 0.01955888 
0.03250234 0.1653928 0.7745341 0.02757076 
0.005201311 0.1386917 0.8533331 0.002773891 
0.06723296 0.04463374 0.7820387 0.1060946 
0.10669 0.06673328 0.8210312 0.005545489 
0.1672881 0.03448586 0.7913258 0.006900299 
0.2208465 0.0439073 0.6822267 0.05301954 
0.09751918 0.1183647 0.7614008 0.0227153 
0.1594933 0.07491087 0.7510835 0.01451226 
0.1283561 0.07932903 0.7479953 0.04431955 
0.1507118 0.02974575 0.8058995 0.01364298 
0.08992003 0.06233394 0.8041024 0.04364368 
0.1536247 0.02884315 0.8051448 0.01238732 
0.1344554 0.0562229 0.8011528 0.008168857 
0.1699033 0.03566752 0.777666 0.01676324 
0.1796642 0.04992021 0.7701871 0.000228512 
0.1404562 0.06701775 0.7673821 0.02514386 
0.09871521 0.05069451 0.817801 0.03278927 
0.09916898 0.114802 0.7858221 0.0002069135 
0.1680254 0.03735543 0.7908842 0.003734923 
0.0953756 0.04914356 0.8475334 0.007947426 
0.1698391 0.06066922 0.7669472 0.002544485 
0.1016138 0.1190341 0.7789671 0.0003850192 
0.08577968 0.03095226 0.881544 0.001724052 
0.08953993 0.05690718 0.8299571 0.02359582 
0.1595602 0.03625603 0.7989327 0.005251077 
0.09659803 0.0540057 0.8271507 0.02224554 
0.1019014 0.05967463 0.8306869 0.007737142 
0.1785875 0.08147309 0.7379672 0.001972171 
0.1071427 0.09972741 0.7891879 0.003941995 
0.1473121 0.09909059 0.7514936 0.002103713 
0.1311994 0.02814252 0.8343021 0.006355964 
0.1511266 0.05095746 0.7705071 0.02740881 
0.1631391 0.05822115 0.7774998 0.001139992 
0.1309003 0.07067087 0.7321768 0.06625197 
0.1034768 0.02902199 0.863752 0.003749242 
0.1096203 0.07047465 0.8176114 0.002293647 
0.1288295 0.05039945 0.7535187 0.06725238 
0.1025309 0.05813015 0.8148464 0.02449256 
0.1489768 0.04939189 0.8010392 0.0005921284 
0.1317916 0.06494473 0.7936018 0.009661876 
0.09676766 0.08387289 0.7941822 0.02517728 
0.1140321 0.03370099 0.8445089 0.007757988 
0.114527 0.04594528 0.819038 0.02048967 
0.1267767 0.03028348 0.8370214 0.005918405 
0.09648602 0.07869203 0.8242498 0.0005721621 
0.1041172 0.1005648 0.7162731 0.07904488 
0.1137242 0.03794559 0.8306889 0.01764129 
0.1165975 0.05798819 0.8058311 0.01958322 
0.1360535 0.05096465 0.7835107 0.02947115 
0.1760016 0.02867043 0.7869823 0.008345624 
0.1908125 0.05173809 0.7381137 0.01933574 
0.119899 0.07720358 0.7689613 0.0339361 
0.1563471 0.06224945 0.7784067 0.002996744 
0.1410531 0.01068372 0.7992971 0.04896605 
0.1143752 0.08054261 0.7330217 0.07206052 
0.1472111 0.07320918 0.745419 0.03416072 
0.07800502 0.0529266 0.8292766 0.03979183 
0.000323669 0.03769065 0.8157982 0.1461874 
0.008347527 0.07122518 0.7801526 0.1402746 
0.01337168 0.06259987 0.804915 0.1191135 
0.02989774 0.02119087 0.7932767 0.1556347 
0.009449746 0.03900729 0.8073153 0.1442276 
0.04339356 0.04942673 0.8061517 0.101028 
0.01080439 0.06688228 0.8018283 0.120485 
0.00934388 0.07688183 0.7647549 0.1490194 
0.002075688 0.06956296 0.7967103 0.131651 
0.009433904 0.05244357 0.8036964 0.1344261 
0.006445382 0.1086414 0.8093075 0.07560572 
0.00169175 0.03679872 0.8688195 0.09269 
0.03962353 0.0703228 0.7949591 0.09509456 
0.01394876 0.02755015 0.7668104 0.1916907 
0.01717204 0.05481135 0.7455685 0.1824481 
0.009785512 0.06020928 0.7728992 0.157106 
