p_1 p_2 p_3 
0.07193267 0.1176749 0.8103925 
0.05154663 0.2385952 0.7098582 
0.07695014 0.1066235 0.8164264 
0.03975466 0.1453839 0.8148614 
0.04564172 0.1083772 0.845981 
0.09509536 0.1111467 0.7937579 
0.05990522 0.142751 0.7973437 
0.06592451 0.1326568 0.8014187 
0.06783579 0.1376634 0.7945008 
0.03367268 0.1353077 0.8310197 
0.05353171 0.1393567 0.8071115 
0.05462348 0.1511827 0.7941938 
0.08860979 0.09273202 0.8186582 
0.06426576 0.1403838 0.7953504 
0.05596932 0.1619226 0.7821081 
0.120798 0.05120452 0.8279975 
0.02612935 0.1125722 0.8612984 
0.05561177 0.171061 0.7733273 
0.05623934 0.1157562 0.8280044 
0.04837268 0.2018245 0.7498028 
0.03822828 0.1184959 0.8432759 
0.07124858 0.1205925 0.808159 
0.07697338 0.1168247 0.806202 
0.05983593 0.09973528 0.8404288 
0.07547806 0.06169027 0.8628317 
0.05616799 0.1185079 0.8253241 
0.1089696 0.1660419 0.7249885 
0.05866149 0.110706 0.8306325 
0.05335914 0.1559583 0.7906825 
0.04121817 0.1017514 0.8570304 
0.06656227 0.1066898 0.8267479 
0.05012774 0.1161036 0.8337687 
0.05718801 0.1598654 0.7829466 
0.05322539 0.1304415 0.8163332 
0.0729799 0.1417545 0.7852656 
0.08507379 0.08708116 0.8278451 
0.09773757 0.1193536 0.7829088 
0.06265878 0.1241786 0.8131626 
0.02598323 0.1369992 0.8370176 
0.05512082 0.139423 0.8054561 
0.07707523 0.1138165 0.8091083 
0.04267444 0.1453722 0.8119534 
0.1370429 0.09305153 0.7699055 
0.05624167 0.1138489 0.8299094 
0.03935285 0.1483484 0.8122988 
0.06109784 0.1256702 0.813232 
0.1243208 0.1091496 0.7665296 
0.04720302 0.1513125 0.8014845 
0.03272372 0.106119 0.8611573 
0.005785806 0.1395758 0.8546384 
0.01686948 0.1152434 0.8678871 
0.00892308 0.1803909 0.810686 
0.04172795 0.1876865 0.7705856 
0.007775474 0.1535633 0.8386612 
0.0566094 0.2250629 0.7183277 
0.05113567 0.1068566 0.8420077 
0.000530784 0.1378844 0.8615848 
0.003652381 0.140403 0.8559447 
0.01147854 0.1556162 0.8329053 
0.009386199 0.1750244 0.8155894 
0.02553915 0.09681134 0.8776495 
0.003237383 0.2056423 0.7911203 
0.003564291 0.1670623 0.8293734 
0.06577764 0.08356713 0.8506552 
0.04485722 0.219349 0.7357938 
0.1333003 0.0577229 0.8089767 
0.08484435 0.05294388 0.8622118 
0.03757741 0.1595069 0.8029157 
0.09999169 0.1211724 0.7788359 
0.05454019 0.131375 0.8140848 
0.06171329 0.1175461 0.8207406 
0.03255739 0.09679611 0.8706465 
0.04482969 0.1361279 0.8190424 
0.05022629 0.2285661 0.7212076 
0.03489899 0.1475693 0.8175317 
0.02258299 0.1085069 0.8689101 
0.0250642 0.1032829 0.8716529 
0.08447373 0.06276798 0.8527583 
0.07241747 0.1229756 0.804607 
0.0722053 0.2476006 0.6801941 
0.0633636 0.1117807 0.8248557 
0.05392585 0.1796157 0.7664585 
0.03891522 0.1199303 0.8411545 
0.04846829 0.09921602 0.8523157 
0.06302634 0.1257593 0.8112143 
0.05382595 0.1392157 0.8069584 
0.04829295 0.2855086 0.6661985 
0.05942163 0.08471734 0.855861 
0.0346194 0.1096051 0.8557756 
0.09089795 0.1455526 0.7635495 
0.07884865 0.08873155 0.8324198 
0.04334686 0.1083358 0.8483173 
0.07436446 0.1462481 0.7793875 
0.05824495 0.1122055 0.8295496 
0.02941594 0.1269741 0.84361 
0.04217431 0.1826756 0.7751501 
0.04037327 0.1339912 0.8256356 
0.04653421 0.118551 0.8349147 
0.08606638 0.1339496 0.779984 
0.0555233 0.1747588 0.7697179 
0.08215137 0.1182139 0.7996347 
0.05885299 0.1184991 0.8226479 
0.1139924 0.1010729 0.7849347 
0.1096814 0.1231442 0.7671745 
0.02758561 0.1107857 0.8616287 
0.06269518 0.08855261 0.8487522 
0.0544617 0.1788508 0.7666875 
0.04562049 0.0911116 0.8632679 
0.06824623 0.1670976 0.7646562 
0.06804394 0.1353552 0.7966009 
0.04976295 0.1406791 0.8095579 
0.04172884 0.1350007 0.8232705 
0.0772681 0.1183034 0.8044285 
0.0473484 0.1155225 0.8371291 
0.085621 0.1904249 0.7239541 
0.1418115 0.07687918 0.7813093 
0.02351707 0.1206169 0.8558661 
0.05465675 0.232132 0.7132113 
0.04449756 0.1035221 0.8519804 
0.04186999 0.07797603 0.880154 
0.03843712 0.1352523 0.8263106 
0.1559274 0.07436606 0.7697065 
0.07793796 0.1322187 0.7898433 
0.1107613 0.1289748 0.760264 
0.06590288 0.1169924 0.8171048 
0.05822292 0.1162474 0.8255297 
0.07301324 0.1626137 0.764373 
0.09699145 0.1708618 0.7321467 
0.05893814 0.1359011 0.8051608 
0.1184447 0.08177165 0.7997836 
0.07912518 0.1044163 0.8164585 
0.07924311 0.07834505 0.8424118 
0.03957546 0.1050541 0.8553705 
0.06692891 0.1766653 0.7564058 
0.05536366 0.1170192 0.8276171 
0.1169396 0.1550028 0.7280576 
0.0586504 0.1443914 0.7969582 
0.0543333 0.1591481 0.7865186 
0.03778858 0.1458375 0.816374 
0.03541272 0.1267236 0.8378637 
0.05907431 0.1349955 0.8059302 
0.08091314 0.1253141 0.7937728 
0.06747224 0.1240964 0.8084314 
0.0229809 0.1149064 0.8621127 
0.07465515 0.1172607 0.8080842 
0.05423506 0.1087062 0.8370587 
0.05400421 0.1727373 0.7732585 
0.04613516 0.1305185 0.8233463 
0.06797256 0.1390534 0.7929741 
0.03661259 0.143296 0.8200915 
0.02418541 0.1528428 0.8229718 
0.03038255 0.1434212 0.8261962 
0.08101917 0.1016477 0.8173331 
0.07234004 0.0834304 0.8442296 
0.1091229 0.08717924 0.8036978 
0.05703848 0.1655158 0.7774457 
0.04611689 0.1248501 0.829033 
0.0671696 0.05976863 0.8730618 
0.07563172 0.1492078 0.7751604 
0.07764225 0.15478 0.7675778 
0.07121937 0.1803849 0.7483957 
0.1037053 0.1095616 0.7867331 
0.02743835 0.09881073 0.8737509 
0.04282314 0.1105029 0.8466739 
0.06343299 0.1705332 0.7660338 
0.04350295 0.1423193 0.8141778 
0.05318467 0.1496891 0.7971263 
0.04716549 0.1613843 0.7914502 
0.0447821 0.1555195 0.7996984 
0.03566009 0.1839408 0.7803991 
0.02608178 0.07925431 0.8946639 
0.03478379 0.1826005 0.7826157 
0.0475428 0.1326018 0.8198554 
0.05363449 0.1569977 0.7893678 
0.02134731 0.1267388 0.8519139 
0.05543663 0.1342932 0.8102702 
0.06816838 0.1965402 0.7352914 
0.04219786 0.1603366 0.7974656 
0.07181614 0.1294179 0.798766 
0.0922341 0.08157479 0.8261911 
0.05053815 0.1306995 0.8187623 
0.1151359 0.1244604 0.7604038 
0.07321011 0.166181 0.7606089 
0.0507651 0.1017792 0.8474557 
0.05546019 0.09144286 0.853097 
0.09477051 0.08804847 0.817181 
0.05249688 0.1058157 0.8416874 
0.09560692 0.1894822 0.7149109 
0.1014603 0.0862304 0.8123093 
0.01774859 0.1398836 0.8423678 
0.05090804 0.1047927 0.8442993 
0.03819443 0.1158984 0.8459071 
0.02639279 0.1245653 0.8490419 
0.03309234 0.1599627 0.8069449 
0.03424111 0.1066667 0.8590922 
0.04626165 0.1692964 0.7844419 
0.07687804 0.08639091 0.8367311 
0.03912428 0.1270417 0.833834 
0.05240757 0.1960487 0.7515437 
0.03362314 0.07632106 0.8900558 
0.05390898 0.1412879 0.8048031 
0.06795547 0.1518005 0.780244 
0.07521639 0.1687535 0.7560301 
0.04633486 0.1166579 0.8370072 
0.05948832 0.1876614 0.7528503 
0.06235619 0.1708643 0.7667796 
0.05068991 0.15484 0.7944701 
0.06264076 0.1457588 0.7916004 
0.02841549 0.109076 0.8625085 
0.04949133 0.161292 0.7892167 
0.09356174 0.1494564 0.7569819 
0.07985288 0.1775403 0.7426068 
0.05894258 0.1429172 0.7981402 
0.03912544 0.1589452 0.8019293 
0.05291516 0.1143494 0.8327354 
0.05324545 0.1519557 0.7947989 
0.0783179 0.1364722 0.7852099 
0.03503961 0.1054556 0.8595047 
0.04464206 0.1590036 0.7963543 
0.08480242 0.09838531 0.8168123 
0.0537466 0.2140584 0.732195 
0.0191237 0.09425265 0.8866236 
0.06125805 0.1113645 0.8273774 
0.02448272 0.1203065 0.8552108 
0.106225 0.165735 0.72804 
0.04862867 0.1259184 0.825453 
0.0596461 0.1172272 0.8231267 
0.1202782 0.1521873 0.7275345 
0.04134899 0.1429286 0.8157224 
0.09035413 0.1074507 0.8021952 
0.05270173 0.1682393 0.779059 
0.07958702 0.1147751 0.8056378 
0.09865415 0.1205975 0.7807483 
0.05216695 0.1330173 0.8148157 
0.02877305 0.09290961 0.8783173 
0.03928295 0.1259824 0.8347347 
0.05270264 0.1271813 0.820116 
0.1089498 0.1452602 0.74579 
0.08698221 0.121602 0.7914158 
0.05462137 0.1064262 0.8389525 
0.04243767 0.2226315 0.7349308 
0.05956977 0.1634404 0.7769899 
0.05367483 0.1106936 0.8356316 
0.04309537 0.1578581 0.7990465 
0.07581937 0.1526467 0.7715339 
0.03364192 0.1613515 0.8050066 
0.03337002 0.136987 0.829643 
0.07926617 0.1676177 0.7531161 
0.1066841 0.1137508 0.7795651 
0.06801213 0.1603076 0.7716803 
0.03074897 0.1413616 0.8278894 
0.0834026 0.1326359 0.7839615 
0.07079563 0.1172892 0.8119152 
0.04179805 0.1773543 0.7808477 
0.03970673 0.1394389 0.8208544 
0.05900478 0.1103312 0.830664 
0.08122613 0.1253388 0.7934351 
0.05811209 0.120503 0.8213849 
0.04666968 0.1251339 0.8281964 
0.1214901 0.1562114 0.7222985 
0.05001847 0.1091125 0.8408691 
0.06523429 0.1400751 0.7946906 
0.05166986 0.1326744 0.8156557 
0.03827536 0.06402367 0.897701 
0.05695944 0.1215454 0.8214951 
0.1407549 0.1411822 0.7180629 
0.04124893 0.1539105 0.8048406 
0.05942756 0.1615085 0.7790639 
0.0827325 0.100126 0.8171415 
0.04060121 0.09260171 0.8667971 
0.04559975 0.1454553 0.808945 
0.06169337 0.1307043 0.8076023 
0.05128658 0.09444507 0.8542684 
0.07172425 0.1966865 0.7315892 
0.05184161 0.1063665 0.8417919 
0.0731919 0.1518263 0.7749818 
0.08388251 0.1084014 0.807716 
0.09292517 0.1270253 0.7800495 
0.01966453 0.20825 0.7720855 
0.05236662 0.08465172 0.8629817 
0.04127088 0.1592481 0.799481 
0.02859227 0.1132841 0.8581236 
0.06015825 0.1575075 0.7823343 
0.1602984 0.0613401 0.7783615 
0.1284816 0.09163187 0.7798865 
0.02776955 0.1372049 0.8350256 
0.02948872 0.1446213 0.82589 
0.08443185 0.1489883 0.7665798 
0.07041974 0.1529001 0.7766801 
0.04687407 0.1243399 0.828786 
0.06820101 0.1021949 0.8296041 
0.05555236 0.1326476 0.8118 
0.05859618 0.1023418 0.839062 
0.0346511 0.09960072 0.8657482 
0.0483971 0.1068367 0.8447662 
0.04885948 0.09843702 0.8527035 
0.06603066 0.09214103 0.8418283 
0.07896145 0.09634924 0.8246893 
0.07324582 0.1011807 0.8255735 
0.04141029 0.1246292 0.8339605 
0.04803448 0.09672898 0.8552365 
0.02605042 0.2008325 0.7731171 
0.08197489 0.140732 0.7772931 
0.06374992 0.1140073 0.8222428 
0.03174496 0.1464345 0.8218205 
0.07077046 0.1468861 0.7823434 
0.04568043 0.1288009 0.8255187 
0.04552359 0.1009589 0.8535175 
0.04364188 0.1100305 0.8463276 
0.03496119 0.251064 0.7139748 
0.103447 0.155849 0.740704 
0.02048552 0.1305486 0.8489659 
0.0544493 0.1228172 0.8227335 
0.06741757 0.1369346 0.7956478 
0.1214533 0.1536613 0.7248853 
0.09046612 0.1204352 0.7890987 
0.07333204 0.1751634 0.7515046 
0.04580968 0.07832619 0.8758641 
0.08326926 0.1181575 0.7985732 
0.04413157 0.1604537 0.7954147 
0.05217632 0.1924182 0.7554055 
0.07449624 0.1746968 0.750807 
0.08879906 0.1421114 0.7690895 
0.03300645 0.1378634 0.8291301 
0.04659575 0.1088618 0.8445425 
0.05266596 0.08527959 0.8620545 
0.0693112 0.1418223 0.7888665 
0.0746009 0.1555007 0.7698984 
0.03573724 0.09404208 0.8702207 
0.04681931 0.1284715 0.8247092 
0.05841544 0.1725465 0.7690381 
0.05470765 0.1817496 0.7635427 
0.05550134 0.1023541 0.8421446 
0.0310391 0.2340483 0.7349126 
0.06057604 0.1522363 0.7871876 
0.1036282 0.08473106 0.8116407 
0.05036348 0.1648213 0.7848152 
0.03888426 0.1482183 0.8128974 
0.0836396 0.06204577 0.8543146 
0.04248301 0.1401507 0.8173663 
0.0724927 0.09419227 0.833315 
0.0413686 0.1365064 0.822125 
0.06380705 0.1829082 0.7532848 
0.03161253 0.09290868 0.8754788 
0.1356657 0.1048269 0.7595074 
0.06018469 0.05604276 0.8837726 
0.0805131 0.1060046 0.8134823 
0.04621972 0.07797242 0.8758079 
0.02497068 0.1237539 0.8512755 
0.0631173 0.1533515 0.7835312 
0.02888073 0.1025985 0.8685207 
0.08624535 0.1460001 0.7677546 
0.03819298 0.2007817 0.7610253 
0.02641435 0.08950017 0.8840855 
0.06369195 0.1470235 0.7892846 
0.04337677 0.156443 0.8001802 
0.0454845 0.1385249 0.8159906 
0.05137685 0.1479407 0.8006825 
0.08498396 0.1693849 0.7456311 
0.09412738 0.0703071 0.8355655 
0.06917426 0.1325929 0.7982328 
0.04910497 0.1382406 0.8126544 
0.06977631 0.1343525 0.7958712 
0.03904997 0.08336893 0.8775811 
0.0309097 0.1709358 0.7981545 
0.05434325 0.1787221 0.7669346 
0.1166303 0.09305434 0.7903153 
0.04976915 0.1839989 0.7662319 
0.05157905 0.1246471 0.8237739 
0.08927752 0.1063949 0.8043276 
0.04717073 0.1362866 0.8165427 
0.06632137 0.1438158 0.7898629 
0.04242138 0.1899529 0.7676257 
0.05935225 0.08343523 0.8572125 
0.02787492 0.08097941 0.8911457 
0.0633896 0.1188928 0.8177176 
0.07832797 0.1658721 0.7557999 
0.05729532 0.1230552 0.8196495 
0.03757929 0.1043121 0.8581086 
0.09232309 0.1078385 0.7998384 
0.06498934 0.1337038 0.8013068 
0.04644486 0.1997422 0.7538129 
0.1073722 0.05399899 0.8386288 
0.05778265 0.1328821 0.8093353 
0.03585324 0.1084282 0.8557186 
0.05608701 0.1997537 0.7441593 
0.05559435 0.09393298 0.8504727 
0.07091989 0.08862851 0.8404516 
0.04177573 0.1239774 0.8342469 
0.04416383 0.1279382 0.827898 
0.02243051 0.1564323 0.8211372 
0.04747873 0.1740353 0.7784859 
0.04688094 0.1169175 0.8362015 
0.001345093 0.1629216 0.8357333 
0.01595175 0.1650548 0.8189934 
0.02155092 0.2436488 0.7348003 
0.009412618 0.198623 0.7919643 
0.03142659 0.1812165 0.7873569 
0.0002200207 0.2068524 0.7929276 
0.09633021 0.0604968 0.843173 
0.1200797 0.1016115 0.7783088 
0.136949 0.143434 0.719617 
0.1091508 0.05326991 0.8375793 
0.206202 0.06995344 0.7238446 
0.1246151 0.08350202 0.7918829 
0.1560788 0.04545452 0.7984667 
0.1974431 0.01593637 0.7866205 
0.1465435 0.08118182 0.7722746 
0.08526909 0.04166705 0.8730639 
0.1746687 0.07134819 0.7539831 
0.1041474 0.06278991 0.8330627 
0.151114 0.02084937 0.8280366 
0.1596694 0.07881063 0.76152 
0.09138674 0.06036987 0.8482434 
0.1070514 0.06693911 0.8260095 
0.1016068 0.04505032 0.8533429 
0.1295116 0.1041454 0.7663429 
0.1870534 0.07356101 0.7393856 
0.1171577 0.07356179 0.8092805 
0.08976581 0.04697889 0.8632553 
0.07937059 0.03850841 0.882121 
0.1772094 0.05162264 0.7711679 
0.1474728 0.05401191 0.7985153 
0.1049975 0.0598231 0.8351794 
0.1527508 0.03177792 0.8154713 
0.1118622 0.04548661 0.8426512 
0.167738 0.04660663 0.7856554 
0.1062903 0.05365215 0.8400576 
0.1852509 0.08415098 0.7305981 
0.1414867 0.05536723 0.8031461 
0.1051708 0.04239319 0.852436 
0.1399667 0.08423248 0.7758008 
0.1456539 0.0725236 0.7818225 
0.1750689 0.06059869 0.7643324 
0.1331419 0.0778372 0.7890209 
0.1074789 0.03156639 0.8609547 
0.1527849 0.01290414 0.8343109 
0.1718742 0.01811596 0.8100099 
0.174718 0.0486309 0.7766511 
0.1911635 0.06253213 0.7463043 
0.1173485 0.07151529 0.8111362 
0.09065881 0.03494823 0.874393 
0.1219386 0.07466167 0.8033997 
0.1539983 0.06125771 0.7847439 
0.107729 0.08525471 0.8070163 
0.0834194 0.08169556 0.834885 
0.1193475 0.05137495 0.8292775 
0.0838266 0.06435414 0.8518193 
0.08809051 0.1043335 0.807576 
0.1029531 0.01861544 0.8784315 
0.1567345 0.05276124 0.7905042 
0.07732912 0.04583867 0.8768322 
0.1076278 0.06147171 0.8309005 
0.1198614 0.1517117 0.7284269 
0.1106805 0.03171686 0.8576026 
0.07898583 0.02180345 0.8992107 
0.1499204 0.05399952 0.7960801 
0.1135706 0.08223071 0.8041987 
0.149146 0.03142345 0.8194305 
0.1105016 0.05915409 0.8303443 
0.1360911 0.0688775 0.7950314 
0.1108499 0.07288367 0.8162664 
0.07957245 0.08967049 0.8307571 
0.1027645 0.05293963 0.8442958 
0.1397649 0.0465599 0.8136752 
0.1552431 0.1257304 0.7190265 
0.1170923 0.02237529 0.8605324 
0.1345375 0.03562372 0.8298388 
0.1169235 0.04255959 0.8405169 
0.1555349 0.04505591 0.7994092 
0.1745148 0.08573316 0.7397521 
0.1257048 0.06076798 0.8135272 
0.159036 0.02151318 0.8194509 
0.191554 0.07208545 0.7363605 
0.1119837 0.03934703 0.8486693 
0.1239931 0.06304395 0.8129629 
0.155108 0.03323054 0.8116614 
0.13771 0.05051556 0.8117745 
0.1314749 0.04399713 0.824528 
0.1009932 0.06042707 0.8385797 
0.1034949 0.06475303 0.8317521 
0.1452461 0.07911894 0.775635 
0.1476883 0.06603987 0.7862719 
0.1323493 0.05225491 0.8153957 
0.1152932 0.04627115 0.8384356 
0.2062951 0.05458724 0.7391176 
0.05203781 0.06280695 0.8851552 
0.1398815 0.05973954 0.8003789 
0.09460934 0.100467 0.8049236 
0.1415002 0.06659602 0.7919038 
0.1342292 0.04732471 0.8184461 
0.1369064 0.1145035 0.7485901 
0.0824663 0.06413322 0.8534005 
0.1443387 0.09923854 0.7564228 
0.06729919 0.04522492 0.8874759 
0.1206833 0.04533979 0.8339769 
0.1807136 0.05387525 0.7654111 
0.1538508 0.06713084 0.7790184 
0.1338793 0.06266059 0.8034601 
0.155962 0.06815784 0.7758801 
0.191756 0.04395556 0.7642885 
0.1047173 0.05952325 0.8357594 
0.09264994 0.09187451 0.8154756 
0.08121953 0.07230969 0.8464708 
0.1441031 0.06678399 0.7891129 
0.1352358 0.07571119 0.7890531 
0.1335792 0.1016429 0.7647779 
0.1323647 0.04109981 0.8265355 
0.1376572 0.1016453 0.7606975 
0.1827613 0.07059487 0.7466439 
0.147128 0.1042614 0.7486106 
0.1755522 0.05719079 0.7672571 
0.1266981 0.08472778 0.7885741 
0.1084226 0.0497474 0.84183 
0.1217552 0.04705557 0.8311892 
0.07168174 0.1311675 0.7971507 
0.087377 0.08633048 0.8262925 
0.1327025 0.04221076 0.8250867 
0.1421669 0.07899344 0.7788396 
0.198294 0.04168529 0.7600207 
0.2267873 0.0201078 0.7531049 
0.1465343 0.0185097 0.834956 
0.1291235 0.0978692 0.7730073 
0.1698983 0.08261477 0.7474869 
0.1478923 0.07057664 0.7815311 
0.162288 0.04265006 0.7950619 
0.1562586 0.05812346 0.7856179 
0.09971138 0.05673692 0.8435517 
0.1355345 0.05006417 0.8144014 
0.1502813 0.09596548 0.7537532 
0.07729878 0.06827224 0.854429 
0.1162431 0.07163474 0.8121222 
0.1031566 0.07163046 0.8252129 
0.09760903 0.02613059 0.8762604 
0.1723996 0.09221902 0.7353814 
0.1217709 0.0516476 0.8265815 
0.139432 0.07155741 0.7890106 
0.1060577 0.08276461 0.8111776 
0.1551778 0.1052085 0.7396137 
0.1289338 0.05220209 0.8188641 
0.149919 0.05653201 0.793549 
0.1127285 0.03919978 0.8480717 
0.07565823 0.07091924 0.8534225 
0.144388 0.04961069 0.8060013 
0.1665343 0.06396049 0.7695052 
0.1243452 0.05074292 0.8249119 
0.06920884 0.08478612 0.846005 
0.07848948 0.06381338 0.8576971 
0.1072018 0.0441036 0.8486946 
0.1509718 0.04001168 0.8090165 
0.1401996 0.03637185 0.8234285 
0.1700996 0.04687186 0.7830286 
0.1800275 0.05352808 0.7664444 
0.1086554 0.07491902 0.8164255 
0.1553492 0.02522956 0.8194212 
0.1034054 0.04657356 0.850021 
0.1089112 0.06984862 0.8212402 
0.1493016 0.07481778 0.7758806 
0.1042395 0.06574463 0.8300159 
0.1007237 0.0382911 0.8609852 
0.1003866 0.07020289 0.8294105 
0.1750052 0.03383738 0.7911575 
0.09509902 0.04007622 0.8648248 
0.08087967 0.0190933 0.900027 
0.1082966 0.06765219 0.8240512 
0.1138098 0.02533221 0.860858 
0.1524031 0.07334425 0.7742527 
0.167003 0.02990924 0.8030878 
0.1221113 0.06065241 0.8172363 
0.09507846 0.0744609 0.8304606 
0.1003206 0.051822 0.8478574 
0.131384 0.09796585 0.7706501 
0.1281328 0.056101 0.8157662 
0.1409577 0.06151007 0.7975322 
0.1412961 0.04694152 0.8117624 
0.1368691 0.05162316 0.8115077 
0.08153991 0.07157091 0.8468892 
0.08178233 0.08064395 0.8375737 
0.09122578 0.09999727 0.808777 
0.1115171 0.06503974 0.8234431 
0.125388 0.05638409 0.8182279 
0.08192756 0.0772918 0.8407806 
0.1620036 0.05553708 0.7824593 
0.1371194 0.1144595 0.7484211 
0.1377295 0.05794978 0.8043207 
0.142523 0.04343029 0.8140467 
0.1246098 0.0667336 0.8086566 
0.1695867 0.03984374 0.7905695 
0.2059234 0.1026523 0.6914243 
0.1018533 0.05575255 0.8423942 
0.1350046 0.09290546 0.77209 
0.132071 0.09709144 0.7708376 
0.1185387 0.09889204 0.7825693 
0.1349665 0.05193094 0.8131026 
0.1448602 0.1014627 0.753677 
0.1496363 0.01573945 0.8346243 
0.1244377 0.05070116 0.8248611 
0.1450868 0.08301322 0.7718999 
0.1588378 0.02563685 0.8155253 
0.1655411 0.07972893 0.7547299 
0.1484691 0.07459457 0.7769363 
0.11589 0.07616528 0.8079447 
0.2080307 0.08937716 0.7025921 
0.1209629 0.04735802 0.8316791 
0.2758577 0.02727456 0.6968677 
0.1488504 0.03405112 0.8170985 
0.1583682 0.07633153 0.7653003 
0.1496955 0.05101846 0.7992861 
0.11008 0.06174282 0.8281772 
0.1196727 0.04392348 0.8364038 
0.1229779 0.03366112 0.843361 
0.1109695 0.1284035 0.760627 
0.1284337 0.04992994 0.8216364 
0.2388708 0.05872122 0.702408 
0.1692392 0.070968 0.7597928 
0.1699003 0.03838695 0.7917127 
0.170579 0.03209115 0.7973299 
0.1304457 0.05133564 0.8182187 
0.1435333 0.05912967 0.797337 
0.09003062 0.09208782 0.8178816 
0.1043471 0.02914742 0.8665055 
0.09900722 0.09828327 0.8027095 
0.1006928 0.04460355 0.8547036 
0.1564905 0.02502942 0.81848 
0.1175557 0.09190025 0.7905441 
0.1963587 0.08253101 0.7211103 
0.09062273 0.04496173 0.8644155 
0.1597068 0.05635772 0.7839355 
0.1456961 0.02906777 0.8252362 
0.1282847 0.06155526 0.81016 
0.1109125 0.05579254 0.8332949 
0.1627631 0.0263679 0.810869 
0.1506612 0.05806866 0.7912702 
0.1480211 0.06950363 0.7824752 
0.1110644 0.04490099 0.8440346 
0.1656963 0.08465961 0.7496441 
0.1346084 0.04851496 0.8168766 
0.1570264 0.0361198 0.8068538 
0.1272469 0.03051601 0.8422371 
0.1678768 0.08644879 0.7456744 
0.1126481 0.03940856 0.8479433 
0.1219134 0.01909808 0.8589885 
0.1084324 0.08393724 0.8076304 
0.1588331 0.07013924 0.7710277 
0.1880714 0.05959276 0.7523358 
0.1404977 0.04794353 0.8115588 
0.09723277 0.07572796 0.8270393 
0.1298645 0.06948548 0.80065 
0.1259747 0.05725431 0.816771 
0.07764751 0.03536078 0.8869917 
0.125448 0.04413595 0.830416 
0.1788375 0.04588738 0.7752751 
0.130943 0.04252393 0.826533 
0.1661088 0.06851454 0.7653767 
0.1565723 0.04864108 0.7947867 
0.1156017 0.0559676 0.8284307 
0.1620846 0.05371877 0.7841967 
0.2143071 0.02568107 0.7600118 
0.1563057 0.1254735 0.7182208 
0.09519576 0.05378828 0.851016 
0.139418 0.1154142 0.7451678 
0.1321063 0.04754813 0.8203456 
0.2196385 0.03507996 0.7452815 
0.2199352 0.04182404 0.7382408 
0.1370755 0.04455145 0.8183731 
0.1753374 0.08340702 0.7412556 
0.1465096 0.06696012 0.7865303 
0.1569548 0.0429612 0.800084 
0.1350842 0.02736721 0.8375485 
0.1467931 0.04954513 0.8036617 
0.125001 0.06267298 0.812326 
0.1417983 0.03727074 0.820931 
0.1200761 0.08908362 0.7908403 
0.09472117 0.03425202 0.8710268 
0.177871 0.07111668 0.7510124 
0.1255602 0.0549089 0.8195309 
0.1980811 0.07078721 0.7311317 
0.127299 0.07076197 0.8019391 
0.1528557 0.08851893 0.7586254 
0.1010191 0.04931184 0.8496691 
0.1069255 0.06977398 0.8233005 
0.1432862 0.04356416 0.8131497 
0.1814246 0.02413079 0.7944446 
0.164801 0.08571237 0.7494867 
0.1300584 0.06778779 0.8021538 
0.1287161 0.05349291 0.8177909 
0.1296424 0.07605712 0.7943005 
0.1039272 0.070716 0.8253568 
0.1758204 0.07759185 0.7465877 
0.2082517 0.05704919 0.7346991 
0.09741178 0.06822179 0.8343664 
0.1247105 0.09068498 0.7846045 
0.0996362 0.07784927 0.8225145 
0.1578816 0.05236479 0.7897536 
0.1389992 0.06119431 0.7998064 
0.1252386 0.02603824 0.8487231 
0.1191917 0.05208694 0.8287213 
0.08702729 0.05499215 0.8579806 
0.1781354 0.01730776 0.8045568 
0.1514195 0.0443665 0.804214 
0.1540892 0.1232469 0.7226639 
0.1122462 0.06636364 0.8213902 
0.1742778 0.08640896 0.7393132 
0.128216 0.08568947 0.7860945 
0.1262379 0.06860948 0.8051526 
0.2278329 0.04475721 0.7274098 
0.1332416 0.07147161 0.7952867 
0.1068963 0.06221545 0.8308883 
0.1644193 0.08548415 0.7500966 
0.08076907 0.07430125 0.8449297 
0.1109422 0.05216491 0.8368928 
0.1494132 0.09986607 0.7507207 
0.1611666 0.071368 0.7674654 
0.1770284 0.0862716 0.7367 
0.09584836 0.05364211 0.8505095 
0.1341204 0.07028899 0.7955906 
0.1018788 0.03185973 0.8662615 
0.1261924 0.1052222 0.7685854 
0.1153301 0.08501361 0.7996563 
0.1275212 0.06598843 0.8064904 
0.1715164 0.09186555 0.736618 
0.1139918 0.04327013 0.8427381 
0.1438355 0.1034877 0.7526768 
0.08866792 0.04430599 0.8670261 
0.09934605 0.04892177 0.8517322 
0.09421073 0.02078662 0.8850026 
0.1328627 0.058416 0.8087213 
0.08969849 0.05973524 0.8505663 
0.1074752 0.06615087 0.8263739 
0.1566297 0.06743619 0.7759341 
0.1206792 0.06739796 0.8119229 
0.1006482 0.07359156 0.8257603 
0.1534243 0.05620592 0.7903698 
0.1734249 0.0762697 0.7503054 
0.1187766 0.04795733 0.833266 
0.09651343 0.02836315 0.8751234 
0.1511665 0.04794041 0.8008931 
0.1321251 0.03328216 0.8345928 
0.2094958 0.04264038 0.7478639 
0.1154202 0.0463787 0.8382011 
0.1376168 0.0817988 0.7805844 
0.08815226 0.06492451 0.8469232 
0.1851698 0.05190597 0.7629242 
0.09676626 0.05415472 0.849079 
0.1259074 0.0414841 0.8326085 
0.1306495 0.03830452 0.831046 
0.1631521 0.04128696 0.7955609 
0.1267517 0.05068454 0.8225638 
0.08384427 0.06707903 0.8490767 
0.1825272 0.06160491 0.7558679 
0.1191067 0.08412934 0.796764 
0.2093112 0.08771954 0.7029693 
0.1232052 0.09010691 0.7866879 
0.1227094 0.1098634 0.7674272 
0.1998645 0.08090992 0.7192255 
0.08863316 0.06109793 0.8502689 
0.2416668 0.05536509 0.7029682 
0.1224397 0.05225838 0.825302 
0.1036721 0.07186334 0.8244646 
0.218109 0.01103713 0.7708539 
0.2265545 0.02688633 0.7465591 
0.01690163 0.1073507 0.8757477 
0.001419822 0.1694694 0.8291108 
0.0130934 0.1635034 0.8234032 
0.02675087 0.2146701 0.758579 
0.005112407 0.1874598 0.8074278 
0.1807396 0.009748629 0.8095117 
0.1525822 0.08619054 0.7612273 
0.06376313 0.05904668 0.8771902 
0.1312345 0.06862838 0.8001372 
0.1298779 0.08548704 0.784635 
0.1348144 0.04115106 0.8240345 
0.2093955 0.06005912 0.7305454 
0.1612167 0.07317342 0.7656098 
0.1602975 0.04637085 0.7933316 
0.1366659 0.06665584 0.7966782 
0.1286438 0.048754 0.8226022 
0.1431251 0.07894146 0.7779334 
0.1500455 0.09874103 0.7512135 
0.1595926 0.03779532 0.8026121 
0.1137458 0.04731942 0.8389347 
0.1320327 0.0450873 0.82288 
0.1538416 0.06177301 0.7843853 
0.1293604 0.03112525 0.8395144 
0.09006318 0.06884137 0.8410955 
0.1242731 0.04692578 0.8288011 
0.1459769 0.03813322 0.8158899 
0.08393168 0.05882801 0.8572403 
0.1014511 0.03919466 0.8593542 
0.1296815 0.03833993 0.8319786 
0.1618145 0.0652712 0.7729143 
0.08259777 0.06223491 0.8551673 
0.1331519 0.03447427 0.8323739 
0.09440632 0.05492132 0.8506724 
0.1503555 0.04649301 0.8031515 
0.2013561 0.0403887 0.7582552 
0.1540161 0.0737145 0.7722694 
0.08447814 0.03840396 0.8771179 
0.09986106 0.08071086 0.8194281 
0.1399844 0.01778426 0.8422314 
0.1840703 0.02271367 0.793216 
0.1565738 0.006270319 0.8371559 
0.1512638 0.02243909 0.8262971 
0.1571486 0.05271306 0.7901383 
0.2319201 0.004891069 0.7631888 
0.1480146 0.0351461 0.8168393 
0.1432831 0.07067118 0.7860457 
0.08604808 0.02971803 0.8842339 
0.1801733 0.02434817 0.7954786 
0.1248135 0.07814666 0.7970398 
0.1466677 0.0454408 0.8078914 
0.1664354 0.08874535 0.7448192 
0.07998063 0.04013895 0.8798804 
0.09174283 0.08767979 0.8205774 
0.1037413 0.07975395 0.8165048 
0.1019967 0.05704714 0.8409561 
0.1909804 0.07009577 0.7389238 
0.1035392 0.06394612 0.8325147 
0.101902 0.06279463 0.8353034 
0.06587098 0.03967844 0.8944506 
0.1051883 0.07617922 0.8186325 
0.1060093 0.05489291 0.8390978 
0.1295151 0.04442249 0.8260624 
0.07696424 0.06217877 0.860857 
0.1564086 0.06360596 0.7799854 
0.09134999 0.07127062 0.8373794 
0.09918806 0.05693828 0.8438737 
0.09871816 0.03296924 0.8683126 
0.09487629 0.09932776 0.805796 
0.1316098 0.1023648 0.7660255 
0.1109792 0.06543981 0.823581 
0.1754305 0.03715147 0.787418 
0.1355731 0.05280805 0.8116189 
0.2355169 0.01137985 0.7531032 
0.1070626 0.01367545 0.879262 
0.1415626 0.06482299 0.7936144 
0.1923336 0.04547543 0.762191 
0.1047496 0.02544029 0.8698101 
0.1152833 0.05047679 0.8342399 
0.1601747 0.05277405 0.7870512 
0.1543621 0.06856016 0.7770778 
0.1712152 0.02838139 0.8004034 
0.08955556 0.06250482 0.8479396 
0.08750022 0.10284 0.8096598 
0.1696821 0.07644141 0.7538765 
0.06467043 0.07167929 0.8636503 
0.1399556 0.06854355 0.7915009 
0.1583416 0.09871791 0.7429405 
0.1437518 0.06973051 0.7865177 
0.1406689 0.0905314 0.7687997 
0.1543175 0.1030714 0.742611 
0.09963044 0.02506504 0.8753045 
0.1111598 0.02706255 0.8617776 
0.08889316 0.01618474 0.8949221 
0.1589467 0.05214848 0.7889048 
0.1165882 0.07827403 0.8051377 
0.1952688 0.05719351 0.7475377 
0.1351067 0.08248973 0.7824035 
0.1629808 0.06326725 0.7737519 
0.160717 0.08460467 0.7546783 
0.1311481 0.03817645 0.8306755 
0.1525853 0.02759711 0.8198176 
0.169617 0.03757672 0.7928063 
0.09278889 0.03292384 0.8742873 
0.1433714 0.04302445 0.8136042 
0.1473014 0.04983512 0.8028635 
0.2016832 0.07262822 0.7256886 
0.1430473 0.06422922 0.7927235 
0.1077803 0.07293343 0.8192863 
0.1451431 0.01484281 0.8400141 
0.1256198 0.05317975 0.8212005 
0.1465086 0.0391709 0.8143205 
0.2237295 0.03452612 0.7417444 
0.1057247 0.04920706 0.8450682 
0.1577288 0.05015811 0.7921131 
0.1283512 0.07299932 0.7986494 
0.1318152 0.1029183 0.7652665 
0.117692 0.08113337 0.8011746 
0.1847594 0.06128205 0.7539586 
0.1607151 0.07216149 0.7671234 
0.09521649 0.05605057 0.8487329 
0.1543372 0.08161097 0.7640518 
0.1303636 0.04319043 0.8264459 
0.189006 0.04748819 0.7635058 
0.1274948 0.04810427 0.824401 
0.1393651 0.04179202 0.8188429 
0.09193941 0.06172608 0.8463345 
0.1387323 0.07821661 0.7830511 
0.09375169 0.1049564 0.8012919 
0.1215895 0.09495176 0.7834587 
0.1172193 0.07769931 0.8050814 
0.174066 0.09108474 0.7348493 
0.1775633 0.05264979 0.7697869 
0.1505414 0.04954645 0.7999121 
0.1571581 0.05726869 0.7855733 
0.1701285 0.05879141 0.7710801 
0.08696676 0.06723433 0.8457989 
0.1842465 0.06327523 0.7524782 
0.1541628 0.0679555 0.7778817 
0.1530566 0.04100412 0.8059393 
0.135811 0.0748463 0.7893427 
0.1070255 0.05811089 0.8348636 
0.1367338 0.03500195 0.8282643 
0.1976635 0.03512246 0.767214 
0.1552472 0.02708245 0.8176703 
0.1086207 0.05277334 0.8386059 
0.08882834 0.08682272 0.8243489 
0.15332 0.09681606 0.749864 
0.152446 0.06065076 0.7869033 
0.09712345 0.056982 0.8458946 
0.1945376 0.1091836 0.6962787 
0.1597461 0.04166391 0.7985899 
0.1027576 0.06673894 0.8305034 
0.1092313 0.04616147 0.8446072 
0.1537806 0.0751067 0.7711127 
0.1193733 0.03351796 0.8471088 
0.1445487 0.0706004 0.7848509 
0.1224741 0.1042549 0.773271 
0.1845748 0.04161082 0.7738144 
0.1320236 0.06459052 0.8033859 
0.1370829 0.04371882 0.8191983 
0.1114732 0.04210571 0.8464211 
0.1169142 0.0901063 0.7929795 
0.1611674 0.09024474 0.7485878 
0.09582951 0.04422738 0.8599431 
0.1210074 0.04528259 0.8337101 
0.09914997 0.07991514 0.8209349 
0.1939668 0.0548487 0.7511845 
0.1689849 0.03319113 0.797824 
0.1122871 0.08163668 0.8060762 
0.1123763 0.1096899 0.7779338 
0.1507206 0.06298279 0.7862966 
0.1059129 0.07610579 0.8179813 
0.143024 0.02593351 0.8310425 
0.1255097 0.07311313 0.8013772 
0.1005686 0.1064244 0.793007 
0.1619559 0.0544794 0.7835647 
0.07744113 0.08693376 0.8356251 
0.1421096 0.04019014 0.8177003 
0.1406465 0.07446208 0.7848915 
0.107643 0.0261735 0.8661835 
0.1428044 0.05758914 0.7996065 
0.1221658 0.06275902 0.8150752 
0.1018982 0.06141364 0.8366882 
0.09887099 0.03328642 0.8678426 
0.07477771 0.07216517 0.8530571 
0.1066424 0.02339862 0.8699589 
0.1400455 0.0535336 0.8064209 
0.1126447 0.07733544 0.8100199 
0.1822954 0.05539366 0.762311 
0.1234768 0.04765185 0.8288714 
0.08519937 0.0532359 0.8615647 
0.1187636 0.1387606 0.7424758 
0.1523899 0.06186182 0.7857483 
0.1318945 0.09898579 0.7691197 
0.1208817 0.05467172 0.8244465 
0.08690039 0.1038088 0.8092908 
0.1495538 0.09301489 0.7574313 
0.138856 0.1283388 0.7328052 
0.1266532 0.04893759 0.8244092 
0.07445616 0.05594239 0.8696015 
0.1640282 0.05662996 0.7793418 
0.1372518 0.04907359 0.8136746 
0.1089056 0.02883635 0.8622581 
0.1267218 0.05515139 0.8181269 
0.1279797 0.08176838 0.790252 
0.1255982 0.09088593 0.7835159 
0.1114759 0.0522742 0.8362499 
0.1216325 0.02401667 0.8543508 
0.1150188 0.09167473 0.7933065 
0.1226568 0.04059897 0.8367443 
0.1221415 0.05269845 0.82516 
0.1044376 0.07015978 0.8254026 
0.1013396 0.05686324 0.8417972 
0.09006096 0.05334649 0.8565925 
0.08854664 0.07297146 0.8384819 
0.1017836 0.06192994 0.8362865 
0.133572 0.06625665 0.8001714 
0.1509467 0.03224845 0.8168048 
0.08847258 0.03612279 0.8754046 
0.1116115 0.05633456 0.8320539 
0.1211334 0.07646172 0.8024049 
0.1461321 0.04657404 0.8072939 
0.1501811 0.05703841 0.7927804 
0.1413706 0.05797474 0.8006547 
0.1906856 0.02976938 0.779545 
0.1456589 0.06317989 0.7911612 
0.1448878 0.05308012 0.8020321 
0.09252499 0.1144292 0.7930458 
0.09521586 0.07900918 0.825775 
0.1328926 0.04485337 0.822254 
0.1607673 0.04429307 0.7949397 
0.1232161 0.06621178 0.8105722 
0.1498697 0.07792777 0.7722025 
0.1131038 0.06686307 0.8200331 
0.1124577 0.1006825 0.7868598 
0.1021878 0.09607634 0.8017358 
0.1196804 0.07970146 0.8006182 
0.1024903 0.1377419 0.7597678 
0.09129403 0.0474453 0.8612607 
0.1981429 0.094555 0.7073021 
0.1095345 0.120055 0.7704106 
0.2091094 0.05945612 0.7314345 
0.08854507 0.02846436 0.8829906 
0.1425144 0.04171932 0.8157663 
0.1058675 0.03500324 0.8591293 
0.1873308 0.004301892 0.8083674 
0.1143206 0.03832955 0.8473499 
0.2031962 0.03889091 0.7579129 
0.1612953 0.08824347 0.7504612 
0.1332712 0.08197531 0.7847535 
0.2123308 0.05634449 0.7313247 
0.2057377 0.08342319 0.7108391 
0.08893562 0.1093462 0.8017182 
0.1446703 0.02639743 0.8289322 
0.1073826 0.04155339 0.851064 
0.1607718 0.03873743 0.8004907 
0.1503508 0.120933 0.7287163 
0.1285696 0.06653451 0.8048959 
0.1193808 0.03197857 0.8486406 
0.1336444 0.1174831 0.7488724 
0.1000115 0.08692123 0.8130673 
0.1469064 0.0410249 0.8120687 
0.08657062 0.09093419 0.8224952 
0.1880496 0.04211577 0.7698346 
0.1513284 0.04727467 0.801397 
0.125557 0.03371744 0.8407256 
0.1435856 0.03289698 0.8235175 
0.1352131 0.04901917 0.8157677 
0.1067515 0.06211743 0.8311311 
0.06584654 0.06344682 0.8707066 
0.137821 0.06585094 0.796328 
0.1438153 0.05033423 0.8058505 
0.1195842 0.07376899 0.8066468 
0.1488713 0.05662129 0.7945074 
0.152247 0.03361317 0.8141398 
0.1001982 0.06010954 0.8396922 
0.1515628 0.07183553 0.7766017 
0.1516657 0.04211176 0.8062225 
0.1485765 0.06340082 0.7880227 
0.1480973 0.04380569 0.808097 
0.1578866 0.03141824 0.8106951 
0.1429844 0.09140223 0.7656134 
0.1477403 0.07474331 0.7775164 
0.08510333 0.08478229 0.8301144 
0.208192 0.03570401 0.756104 
0.193693 0.05795262 0.7483544 
0.1729358 0.03800378 0.7890604 
0.1702013 0.08464626 0.7451524 
0.09100802 0.1173231 0.7916689 
0.1236954 0.03487018 0.8414344 
0.1972974 0.06860744 0.7340952 
0.1366322 0.04268559 0.8206822 
0.1322327 0.107726 0.7600413 
0.1000886 0.05664731 0.8432641 
0.1941337 0.09171407 0.7141522 
0.1870068 0.02623429 0.7867589 
0.0827562 0.09181846 0.8254253 
0.1855745 0.03075874 0.7836667 
0.2027849 0.05516605 0.7420491 
0.1593418 0.08026021 0.760398 
0.09124755 0.06008194 0.8486705 
0.08151244 0.1040657 0.8144219 
0.1979063 0.04371338 0.7583804 
0.1081645 0.03326032 0.8585752 
0.1385868 0.09213898 0.7692743 
0.142141 0.04176504 0.816094 
0.1411715 0.006876904 0.8519516 
0.208726 0.003051235 0.7882227 
0.1882308 0.02352606 0.7882431 
0.1096149 0.01222588 0.8781592 
0.132077 0.06905196 0.798871 
0.140794 0.05147519 0.8077308 
0.1346673 0.03652366 0.8288091 
0.13734 0.03635262 0.8263074 
0.1348741 0.06278492 0.802341 
0.152374 0.04810231 0.7995236 
0.0971063 0.05890154 0.8439922 
0.1310784 0.07263245 0.7962891 
0.1460324 0.04579162 0.808176 
0.09149571 0.04729897 0.8612053 
0.114207 0.03728191 0.8485111 
0.0901541 0.0332354 0.8766105 
0.1514988 0.0799007 0.7686005 
0.1825622 0.08104342 0.7363944 
0.1139404 0.05722892 0.8288307 
0.2003833 0.03993473 0.759682 
0.1687222 0.05400896 0.7772688 
0.1823306 0.04600791 0.7716615 
0.1475852 0.02774459 0.8246702 
0.1678728 0.04384811 0.7882791 
0.1132097 0.06986247 0.8169278 
0.09125721 0.07090972 0.8378331 
0.1364387 0.0498994 0.8136619 
0.1295473 0.06165435 0.8087983 
0.08902424 0.04915171 0.861824 
0.1325553 0.1231135 0.7443312 
0.1455079 0.07013056 0.7843616 
0.1472967 0.04277871 0.8099245 
0.1224602 0.03622047 0.8413194 
0.1603448 0.07824536 0.7614099 
0.09443359 0.07052294 0.8350435 
0.1008561 0.1329621 0.7661818 
0.06906229 0.09367171 0.837266 
0.1560041 0.06842327 0.7755726 
0.1124259 0.02889929 0.8586748 
0.09494433 0.1250913 0.7799643 
0.08548356 0.05897925 0.8555372 
0.1447365 0.02723462 0.8280289 
0.1347874 0.02551637 0.8396962 
0.1565546 0.03900036 0.804445 
0.101068 0.05731269 0.8416193 
0.1461023 0.07275563 0.781142 
0.09174218 0.08104705 0.8272108 
0.09324203 0.03083822 0.8759197 
0.182555 0.04483638 0.7726086 
0.1886909 0.05445871 0.7568504 
0.137962 0.04031224 0.8217258 
0.1163505 0.03927029 0.8443792 
0.1344904 0.05019956 0.81531 
0.1906878 0.07136446 0.7379477 
0.07608 0.05895325 0.8649668 
0.1315075 0.05617816 0.8123143 
0.123589 0.03444901 0.841962 
0.05905813 0.04582789 0.895114 
0.1209629 0.05031139 0.8287257 
0.128069 0.05123564 0.8206953 
0.1130773 0.04409437 0.8428283 
0.09534543 0.06765139 0.8370032 
0.1341935 0.03914396 0.8266626 
0.1474457 0.07561686 0.7769374 
0.1814035 0.04198035 0.7766161 
0.1374173 0.06686902 0.7957136 
0.11917 0.0758653 0.8049647 
0.1478306 0.08059641 0.771573 
0.1467411 0.07089408 0.7823648 
0.1281864 0.09825498 0.7735586 
0.2003265 0.05624706 0.7434264 
0.1186289 0.05113906 0.830232 
0.1814023 0.0380299 0.7805678 
0.1756921 0.03788244 0.7864255 
0.1103752 0.03419199 0.8554328 
0.1484574 0.09987148 0.7516711 
0.1884136 0.02401982 0.7875666 
0.1402342 0.133137 0.7266289 
0.1280131 0.02843119 0.8435557 
0.09515211 0.06990171 0.8349462 
0.1585481 0.03004195 0.8114099 
0.1704109 0.07721249 0.7523766 
0.1579504 0.0758229 0.7662267 
0.1307388 0.04132039 0.8279408 
0.1185691 0.02329316 0.8581378 
0.132381 0.07660492 0.7910141 
0.1355908 0.08639966 0.7780095 
0.1056695 0.05127008 0.8430604 
0.09585441 0.09174041 0.8124052 
0.1355331 0.04817617 0.8162907 
0.1382337 0.0477368 0.8140295 
0.1419444 0.04497849 0.8130771 
0.1273731 0.08759817 0.7850287 
0.1336879 0.0718819 0.7944302 
0.1091956 0.08322893 0.8075755 
0.1734197 0.05710791 0.7694723 
0.1458858 0.05334517 0.800769 
0.1481933 0.07625212 0.7755546 
0.1275568 0.0738641 0.7985791 
0.1568699 0.0454363 0.7976938 
0.1680677 0.04013624 0.791796 
0.1486791 0.05169197 0.799629 
0.166584 0.08118149 0.7522345 
0.1144477 0.05493619 0.8306161 
0.1414626 0.05322721 0.8053102 
0.116273 0.04820071 0.8355263 
0.128682 0.04819557 0.8231225 
0.1754334 0.008259222 0.8163074 
0.1354356 0.07221977 0.7923446 
0.1442826 0.03199461 0.8237228 
0.1316036 0.09015029 0.7782461 
0.1041693 0.1040643 0.7917663 
0.1539501 0.03675419 0.8092957 
0.1305737 0.09325002 0.7761763 
0.1374049 0.07589355 0.7867015 
0.198483 0.06818902 0.7333279 
0.1551975 0.06573703 0.7790655 
0.1751596 0.05650164 0.7683387 
0.08934037 0.1068129 0.8038467 
0.1269481 0.08947437 0.7835775 
0.09726198 0.04950051 0.8532375 
0.1317969 0.03239043 0.8358127 
0.1195487 0.05673947 0.8237118 
0.162178 0.02120269 0.8166193 
0.1278729 0.06691269 0.8052144 
0.1282764 0.05162609 0.8200975 
0.1263583 0.1040475 0.7695942 
0.1116707 0.04549049 0.8428388 
0.1133443 0.03406474 0.852591 
0.1560008 0.03455186 0.8094474 
0.1158535 0.05747183 0.8266747 
0.1130171 0.1081873 0.7787956 
0.1421014 0.05137878 0.8065199 
0.1726942 0.06382302 0.7634828 
0.1019447 0.09874965 0.7993056 
0.09650094 0.05627566 0.8472234 
0.1533495 0.04002965 0.8066209 
0.1227255 0.05944602 0.8178285 
0.1202552 0.07664412 0.8031007 
0.224173 0.06150476 0.7143223 
0.1263884 0.0855536 0.788058 
0.08817829 0.03572252 0.8760992 
0.121977 0.0468136 0.8312094 
0.1444547 0.06185616 0.7936891 
0.1594544 0.06239448 0.7781512 
0.1676743 0.05029474 0.782031 
0.1651067 0.07416163 0.7607317 
0.1479246 0.07251409 0.7795613 
0.1241745 0.06920972 0.8066158 
0.110399 0.04999469 0.8396063 
0.1411565 0.05007126 0.8087722 
0.1644787 0.1024146 0.7331067 
0.1195546 0.03262155 0.8478238 
0.1219203 0.06149199 0.8165877 
0.2012015 0.07553926 0.7232592 
0.1476743 0.0349425 0.8173832 
0.1399037 0.0664125 0.7936838 
0.0953613 0.07757763 0.8270611 
0.1147356 0.04171484 0.8435495 
0.1710277 0.06768003 0.7612922 
0.1464857 0.02953996 0.8239743 
0.1466101 0.05885352 0.7945364 
0.202026 0.06394547 0.7340286 
0.2059119 0.07057629 0.7235118 
0.1288191 0.01526867 0.8559123 
0.1827694 0.03780337 0.7794272 
0.1438703 0.1027094 0.7534203 
0.1593961 0.03512127 0.8054827 
0.1479905 0.04913597 0.8028735 
0.1602642 0.02293911 0.8167967 
0.1546595 0.05663753 0.7887029 
0.1844743 0.05111772 0.764408 
0.105108 0.04848096 0.8464111 
0.1612826 0.08355887 0.7551585 
0.181648 0.05726401 0.761088 
0.1623074 0.09339962 0.744293 
0.1839446 0.05968217 0.7563732 
0.1601692 0.07925078 0.7605801 
0.1769728 0.05914322 0.763884 
0.1266398 0.04799516 0.825365 
0.1604547 0.01690891 0.8226364 
0.142859 0.07048242 0.7866586 
0.1526646 0.04295903 0.8043763 
0.09163071 0.05575081 0.8526185 
0.1151403 0.1082852 0.7765746 
0.1413386 0.06425235 0.794409 
0.1301389 0.09377141 0.7760897 
0.1462072 0.08553278 0.76826 
0.1021701 0.1163997 0.7814302 
0.1532678 0.01386974 0.8328625 
0.1412683 0.1050251 0.7537066 
0.1240677 0.03429182 0.8416405 
