"p_1" "p_2" "p_3" "p_4"
0.3257984 0.4065085 0.004916118 0.262777
0.3272202 0.3773332 0.002741315 0.2927053
0.3082078 0.373135 0.0004233448 0.3182338
0.3163837 0.4072426 0.003233575 0.2731401
0.3175716 0.3985206 0.001270039 0.2826378
0.3143956 0.3795004 0.002461399 0.3036426
0.3192267 0.3726003 0.02294852 0.2852244
0.3218028 0.3832649 0.008903434 0.2860289
0.3358229 0.3681215 0.003303176 0.2927524
0.290928 0.4020832 2.811475e-05 0.3069607
0.2985976 0.371626 0.0007820851 0.3289944
0.314006 0.3702063 0.001119029 0.3146687
0.3176323 0.3912664 0.002127946 0.2889734
0.3318099 0.3902187 0.0006109959 0.2773604
0.3305326 0.3749553 0.0006813715 0.2938308
0.2945943 0.3872629 0.005348226 0.3127946
0.3048538 0.3962296 0.000783878 0.2981328
0.3093803 0.3802925 0.00174136 0.3085859
0.3152908 0.3755818 0.006466951 0.3026605
0.3187455 0.382921 0.003045749 0.2952877
0.3111128 0.3752688 0.007209121 0.3064093
0.296621 0.3903909 0.002155128 0.310833
0.3139161 0.3997386 0.001998766 0.2843466
0.3237194 0.3985193 0.002156959 0.2756044
0.3130834 0.3906088 0.006702143 0.2896057
0.3366644 0.3850769 0.00130098 0.2769577
0.3039908 0.3764775 0.01027924 0.3092525
0.3147603 0.4049773 0.003020744 0.2772417
0.2835335 0.3877373 0.006730041 0.3219992
0.2981255 0.3952373 0.003257975 0.3033793
0.2971298 0.4052794 0.003317872 0.2942729
0.326505 0.3725339 0.007512824 0.2934482
0.3583974 0.3414695 0.0002178917 0.2999152
0.3173539 0.3829285 0.002893214 0.2968244
0.3128922 0.3755742 0.009173281 0.3023603
0.3346382 0.3789267 0.001283585 0.2851515
0.3037429 0.3863483 0.007805761 0.3021031
0.3242555 0.3822397 0.002503507 0.2910013
0.3132002 0.3938387 0.000215198 0.2927459
0.3097621 0.3680659 0.001368439 0.3208035
0.3139759 0.3860466 0.0007303056 0.2992471
0.3229444 0.3943507 0.004119089 0.2785858
0.3352948 0.369776 7.786306e-05 0.2948513
0.3037148 0.3862474 0.0066425 0.3033953
0.314286 0.4030611 0.003706621 0.2789463
0.3116108 0.3939948 0.006160562 0.2882338
0.3046257 0.4115681 0.004365018 0.2794412
0.3004164 0.4174032 0.0002314182 0.2819489
0.3310146 0.3673323 0.005458404 0.2961947
0.327002 0.359703 0.002940598 0.3103544
0.2889583 0.3831113 0.003312119 0.3246182
0.3179463 0.3594053 0.003658449 0.3189899
0.3232887 0.377711 0.003770723 0.2952296
0.3227965 0.3740973 0.001495034 0.3016112
0.324519 0.3964314 0.004235559 0.274814
0.3157846 0.3999708 0.00616175 0.2780828
0.3153145 0.353654 0.01508849 0.315943
0.3301672 0.3805288 0.006350892 0.2829532
0.3001651 0.3874242 0.02164841 0.2907622
0.2913145 0.3970747 0.00946863 0.3021421
0.2944309 0.3932467 0.02303241 0.28929
0.3077532 0.3867977 0.0166617 0.2887874
0.3258885 0.4015176 0.0002499798 0.2723438
0.3313434 0.3689551 0.02434132 0.2753602
0.30388 0.4009785 0.008179271 0.2869622
0.2847215 0.3944631 0.001553447 0.3192619
0.3264626 0.38897 0.009192688 0.2753748
0.2965826 0.392899 0.005235847 0.3052825
0.2988279 0.4061971 0.001523281 0.2934518
0.330053 0.3775137 0.001146987 0.2912864
0.3001769 0.3956847 0.00178677 0.3023516
0.3011983 0.4111112 0.005011348 0.2826792
0.3049958 0.3804971 0.0008028243 0.3137043
0.3385939 0.3825018 0.001135897 0.2777684
0.2988106 0.3878274 0.006530744 0.3068313
0.3100921 0.3816343 0.009591618 0.298682
0.329221 0.3904521 0.003643762 0.2766831
0.2782117 0.4207326 0.002311695 0.298744
0.3121241 0.4031003 0.00237815 0.2823974
0.2877078 0.3942646 0.004990839 0.3130367
0.2949639 0.3979107 0.01053131 0.2965942
0.3053187 0.3985503 0.000795642 0.2953354
0.3006795 0.4051042 0.001117212 0.293099
0.3043464 0.3906446 0.005075553 0.2999334
0.2989384 0.3971286 0.00305717 0.3008758
0.3037893 0.4043728 0.01136895 0.280469
0.2953785 0.4026237 0.0009960357 0.3010017
0.3194074 0.3926566 0.004390822 0.2835451
0.3099877 0.3922102 0.00245632 0.2953458
0.3245301 0.3794885 0.004063133 0.2919183
0.3185904 0.3942504 0.009364357 0.2777949
0.3242845 0.3900217 0.001432416 0.2842614
0.3087822 0.393478 0.003607263 0.2941325
0.3172017 0.3803356 0.002227878 0.3002348
0.3312743 0.375183 0.002617415 0.2909253
0.326448 0.389637 0.008740034 0.2751749
0.3285509 0.3804058 0.001178953 0.2898643
0.3057818 0.391701 0.006817071 0.2957
0.306577 0.3884981 0.002868014 0.302057
0.3341612 0.3742953 0.008412128 0.2831314
0.3062508 0.3875082 0.006266204 0.2999748
0.2959926 0.3950506 0.005285957 0.3036708
0.3496734 0.3645958 0.005370177 0.2803605
0.3150062 0.396815 0.003585338 0.2845935
0.2846018 0.3950454 0.005831963 0.3145208
0.3138207 0.3737811 0.01743911 0.2949591
0.3008957 0.3823036 0.009981232 0.3068195
0.3189272 0.3911307 0.01102928 0.2789128
0.2950153 0.409896 0.0005207273 0.294568
0.3037049 0.3650249 0.01288693 0.3183833
0.2905966 0.4178205 0.002496042 0.2890868
0.3064248 0.39364 0.001755423 0.2981798
0.331519 0.3767639 0.002357696 0.2893594
0.3018907 0.3991117 0.002886515 0.2961111
0.2998795 0.3865898 0.001183774 0.312347
0.3017255 0.3906625 0.001233417 0.3063786
0.3135583 0.3716816 0.005361459 0.3093986
0.3106454 0.3772122 0.006744477 0.3053979
0.3062742 0.3974163 0.002065598 0.2942438
0.3060827 0.3727836 0.02229842 0.2988353
0.3295734 0.3669452 0.003844593 0.2996369
0.2872737 0.4039097 0.0015793 0.3072373
0.3115691 0.3864815 0.003039133 0.2989103
0.2941963 0.4193701 0.0001365307 0.286297
0.3151643 0.3710199 0.00234054 0.3114753
0.3072461 0.3834855 0.007798327 0.3014701
0.3061833 0.3829043 0.000926835 0.3099856
0.3092391 0.395647 0.002158825 0.292955
0.2969485 0.3967609 0.00226013 0.3040305
0.3079687 0.3833971 0.004366887 0.3042673
0.316947 0.3965796 0.0001067856 0.2863666
0.2887828 0.4236002 0.004236627 0.2833804
0.3197365 0.3587908 0.009886416 0.3115863
0.3104023 0.3892813 0.0037342 0.2965822
0.320534 0.3813823 0.001292719 0.296791
0.2892152 0.4083895 0.01729244 0.2851029
0.323086 0.3813035 0.01922599 0.2763845
0.3199492 0.3886434 5.791145e-05 0.2913495
0.296445 0.4072974 0.001879715 0.2943779
0.3414149 0.3806522 0.001470011 0.2764629
0.325208 0.3508742 0.005153905 0.3187639
0.3306712 0.3688017 0.0007975047 0.2997296
0.3062986 0.3923055 0.002107559 0.2992883
0.3093866 0.3925036 0.001661342 0.2964485
0.2991583 0.3810732 0.0009365932 0.3188318
0.3425353 0.3564599 0.003549393 0.2974554
0.30951 0.4031564 0.001662705 0.2856709
0.2872566 0.4170787 0.00185187 0.2938128
0.301131 0.3816239 0.0006909439 0.3165542
0.3139425 0.3914224 0.0005802478 0.2940548
0.3294224 0.3663793 0.004022986 0.3001752
0.3100194 0.400098 0.002475331 0.2874072
0.3205069 0.3894038 0.00120513 0.2888842
0.3223478 0.3731141 0.004740724 0.2997974
0.3241908 0.3850605 0.007168989 0.2835797
0.3020671 0.3871175 0.002214058 0.3086014
0.3128667 0.3913366 0.003019586 0.2927772
0.3082559 0.3592925 0.02200008 0.3104516
0.3120907 0.3759468 0.009969156 0.3019933
0.299785 0.3872219 0.007457218 0.3055359
0.3166928 0.3799753 0.01097043 0.2923615
0.3320258 0.3779514 0.003045244 0.2869776
0.3203001 0.3780641 0.0007146439 0.3009211
0.3293054 0.3675933 0.001015429 0.3020859
0.2981877 0.3680243 0.02388048 0.3099075
0.3113671 0.4007102 0.003168059 0.2847547
0.3160085 0.3872695 0.00159453 0.2951274
0.3081738 0.3813967 0.01201437 0.2984151
0.3224499 0.3953287 0.004464957 0.2777565
0.3037634 0.3906336 0.006916926 0.2986861
0.3225166 0.3958927 0.002973195 0.2786174
0.3013803 0.393053 0.01203594 0.2935308
0.3051276 0.3821345 0.002953843 0.3097841
0.2898809 0.4315847 0.001368604 0.2771658
0.3161746 0.3522467 0.0002656335 0.3313131
0.344054 0.3681874 0.006711544 0.281047
0.3340914 0.3729113 0.006760113 0.2862372
0.3161139 0.3790059 0.003953004 0.3009272
0.3207454 0.3820077 0.007027121 0.2902198
0.3057668 0.4069192 0.0004100139 0.286904
0.3013534 0.4130326 0.006164585 0.2794495
0.2946229 0.3875611 0.01377453 0.3040414
0.3332897 0.3493461 0.002914159 0.31445
0.3298543 0.3828881 0.005286646 0.281971
0.3078799 0.407682 0.006837376 0.2776008
0.3038873 0.400193 0.001517158 0.2944026
0.3176764 0.405693 0.008351972 0.2682787
0.2972014 0.401396 0.0005428179 0.3008597
0.3258384 0.3772793 0.01891445 0.2779679
0.3249455 0.3805382 0.00970558 0.2848106
0.2923282 0.43355 0.003540289 0.2705815
0.3061922 0.4040344 0.004011349 0.285762
0.3066836 0.3823216 0.0007568359 0.310238
0.2927398 0.4032363 0.0007952346 0.3032286
0.3258366 0.3810268 0.001263172 0.2918734
0.3211413 0.3801657 0.001467729 0.2972253
0.3032964 0.4132278 0.001541141 0.2819347
0.3043723 0.4178459 0.0007707374 0.2770111
0.3188238 0.3603512 0.003795271 0.3170297
0.3013786 0.4195385 0.001806857 0.2772761
0.3150042 0.3894196 0.01521256 0.2803637
0.30018 0.3951069 0.003841567 0.3008716
0.2874621 0.4067612 0.006043443 0.2997332
0.3018451 0.3833876 0.004022594 0.3107447
0.3131836 0.3874684 0.002876952 0.2964711
0.3142815 0.3705829 0.00235595 0.3127797
0.3322554 0.4040598 4.033422e-05 0.2636445
0.3080424 0.4030293 0.0009400502 0.2879882
0.2970128 0.3939058 0.01490097 0.2941804
0.3193287 0.366021 0.005920075 0.3087303
0.2938616 0.4172404 0.003524933 0.285373
0.3158129 0.3941195 0.0005424102 0.2895253
0.2916998 0.411041 0.005868886 0.2913903
0.3268354 0.3806227 0.007027612 0.2855143
0.2950339 0.3909328 0.003522705 0.3105106
0.3240761 0.3610625 0.003638086 0.3112234
0.3242588 0.3871495 0.002763251 0.2858285
0.3117746 0.386936 0.004517509 0.2967719
0.2959628 0.4040254 0.007380233 0.2926316
0.3306462 0.3904561 0.004506431 0.2743912
0.2951192 0.405922 0.001352808 0.297606
0.3106438 0.3838706 6.677291e-05 0.3054189
0.3068074 0.3825716 0.0005748195 0.3100462
0.2966342 0.4088325 0.001998892 0.2925344
0.3191128 0.4043582 0.0004531292 0.2760759
0.3186484 0.3677882 0.003977128 0.3095863
0.3180048 0.3987677 0.002381749 0.2808457
0.3001682 0.3868894 0.004626891 0.3083156
0.3472118 0.3771493 0.006746666 0.2688922
0.3047533 0.3792262 0.004650584 0.31137
0.309476 0.363696 0.0008916439 0.3259364
0.3042517 0.3723434 0.00237531 0.3210295
0.2980433 0.3897039 0.004113799 0.308139
0.2875993 0.3924006 0.007896909 0.3121032
0.2873387 0.3955819 0.006721687 0.3103577
0.336564 0.3867651 0.0002723876 0.2763984
0.2992789 0.4069924 0.001774347 0.2919543
0.3103972 0.4085407 0.00512544 0.2759366
0.3084954 0.4078644 0.01098166 0.2726585
0.2806806 0.3790315 0.00485083 0.335437
0.3266763 0.3660459 0.0004805066 0.3067972
0.2981134 0.4020164 0.005621497 0.2942488
0.3024271 0.3750423 0.005065992 0.3174646
0.2951337 0.4012284 0.002995681 0.3006422
0.313246 0.3587231 0.003306458 0.3247244
0.304142 0.3981267 0.003695591 0.2940357
0.3046009 0.3591419 0.001222597 0.3350346
0.3293003 0.3804198 0.001758642 0.2885213
0.3192531 0.381751 0.003067161 0.2959288
0.2969299 0.405515 0.005524621 0.2920304
0.3133274 0.383822 0.006923148 0.2959275
0.3129479 0.384712 0.00454523 0.2977949
0.3143916 0.3725955 0.001505966 0.3115069
0.3416335 0.3872482 0.001103803 0.2700145
0.3179914 0.4160301 0.001638173 0.2643404
0.3163708 0.3705559 0.0005820341 0.3124913
0.3052643 0.3661281 0.004579648 0.324028
0.3248905 0.3823212 0.001700619 0.2910877
0.3284691 0.3643058 0.001445894 0.3057792
0.2877607 0.4038151 0.001841741 0.3065825
0.3089204 0.3941426 0.002794637 0.2941424
0.3347658 0.3886305 0.003803136 0.2728006
0.3007351 0.4132531 0.002443264 0.2835686
0.3032666 0.407693 0.006419036 0.2826213
0.286711 0.4078786 0.001331658 0.3040787
0.3197157 0.3854627 0.006901308 0.2879204
0.3170046 0.387077 0.000197737 0.2957206
0.3230333 0.3805983 0.006464969 0.2899034
0.2919236 0.3885514 0.009012758 0.3105122
0.3093995 0.396144 0.00764592 0.2868106
0.3164327 0.3999812 0.0006503245 0.2829358
0.3056183 0.3742337 0.006273607 0.3138744
0.3115682 0.3984323 0.01345405 0.2765454
0.3214133 0.375676 0.01172813 0.2911826
0.3277389 0.3730941 0.009300626 0.2898663
0.3240513 0.363466 0.008641607 0.3038411
0.3179081 0.4140209 0.0002540894 0.267817
0.3068016 0.4108607 0.000968384 0.2813694
0.3229217 0.3988142 0.0002436704 0.2780205
0.3211867 0.3738678 0.0003248532 0.3046206
0.3148506 0.3862551 0.001266045 0.2976283
0.3048929 0.4243612 0.001566827 0.2691791
0.3031736 0.4051759 0.0001470385 0.2915035
0.3158404 0.3931978 3.261246e-05 0.2909292
0.3112991 0.3787735 0.004689365 0.305238
0.3361743 0.3747604 0.004181421 0.2848838
0.3160392 0.3961445 0.002148181 0.2856681
0.2981086 0.4082878 0.002100313 0.2915033
0.3310458 0.3859679 0.007928498 0.2750578
0.308281 0.4080482 0.001662068 0.2820087
0.3015969 0.3835226 0.001696155 0.3131843
0.315212 0.3993223 0.001382909 0.2840829
0.3189692 0.3902241 0.0009785775 0.289828
0.3309878 0.3683204 0.001290692 0.2994011
0.3124045 0.3745249 0.01157799 0.3014927
0.3087815 0.3915049 0.007069112 0.2926445
0.2868771 0.3993522 0.0004503704 0.3133203
0.3194565 0.3972504 0.0006077925 0.2826853
0.3199944 0.400026 0.0007768469 0.2792027
0.3146347 0.3874188 0.00511057 0.292836
0.3075804 0.3908667 0.0103456 0.2912073
0.3372274 0.3708064 0.001823469 0.2901428
0.3223237 0.3741763 0.002414567 0.3010854
0.2842121 0.3880533 0.0003438075 0.3273908
0.3190118 0.4143609 0.001110134 0.2655172
0.3123779 0.3851005 0.008256476 0.2942651
0.3019228 0.3925194 0.001855755 0.303702
0.3117758 0.3907587 0.001990666 0.2954748
0.3031034 0.3987606 0.01351095 0.2846251
0.2990055 0.4202393 0.000298421 0.2804568
0.3051447 0.3877747 0.01378947 0.2932912
0.3077455 0.3808786 0.002921238 0.3084547
0.3011278 0.3924809 0.0004759347 0.3059153
0.3443549 0.3814955 0.0006684988 0.2734811
0.3116355 0.378002 0.00291108 0.3074513
0.3112153 0.3986328 0.0003552195 0.2897966
0.3347684 0.3993246 0.0008722219 0.2650348
0.3189361 0.4041055 0.0006301517 0.2763283
0.3247863 0.3783326 0.0006480357 0.296233
0.2977671 0.3979091 4.747883e-05 0.3042763
0.3199358 0.3763293 0.00403565 0.2996992
0.3032225 0.3943811 0.002526028 0.2998704
0.317502 0.409779 0.003859224 0.2688598
0.3094034 0.394918 0.00811398 0.2875647
0.2900472 0.3650183 0.01925612 0.3256784
0.2827658 0.4062381 0.005097831 0.3058983
0.2986995 0.3641977 0.001249415 0.3358534
0.3155237 0.4095125 0.0017199 0.2732438
0.3215281 0.3753933 0.0008294229 0.3022491
0.3400948 0.3609935 0.000566801 0.2983449
0.3035777 0.405953 0.0008142866 0.2896551
0.3163684 0.3792387 0.002709537 0.3016834
0.3163244 0.4123139 0.002557868 0.2688038
0.3141501 0.3781073 0.001766442 0.3059762
0.3124205 0.3990139 0.0001272486 0.2884384
0.3037218 0.3789582 0.01327788 0.3040421
0.30697 0.3872638 0.001945275 0.303821
0.3059814 0.3604732 0.0003164742 0.3332289
0.3244697 0.3752296 0.0004636732 0.299837
0.3025428 0.4143223 0.002165659 0.2809692
0.287164 0.3827547 0.003812707 0.3262687
0.3205461 0.3874896 0.001399435 0.2905649
0.2881894 0.3959945 0.01226061 0.3035554
0.3126399 0.3731564 0.005378802 0.3088249
0.2938078 0.370221 0.02187317 0.314098
0.3319166 0.3740782 0.006139457 0.2878657
0.2900201 0.3950217 0.006755363 0.3082028
0.310451 0.3828337 0.00150818 0.3052071
0.3017838 0.4068524 0.002375156 0.2889887
0.2991717 0.4141135 0.003686202 0.2830286
0.3198003 0.3797343 0.001856985 0.2986085
0.2954162 0.4112324 0.003711216 0.2896402
0.3178448 0.3938569 0.0005526438 0.2877456
0.3203406 0.4048208 0.003285431 0.2715531
0.319774 0.3820505 0.000656964 0.2975186
0.3127638 0.3973053 0.003074271 0.2868567
0.3014887 0.3902549 0.002750041 0.3055064
0.3087016 0.389031 0.001524993 0.3007424
0.3090263 0.3944031 0.0009864741 0.2955841
0.3361393 0.3654317 0.001973522 0.2964554
0.3328646 0.3650996 0.0001587512 0.3018771
0.3005666 0.4012375 0.0008301046 0.2973658
0.283983 0.4135994 0.002634524 0.2997832
0.3169146 0.3837549 0.001014782 0.2983157
0.3074283 0.3994328 0.005336883 0.287802
0.3148937 0.4114318 0.002259323 0.2714152
0.3171249 0.3974976 0.003110023 0.2822674
0.3100872 0.3948688 0.0003724828 0.2946715
0.2954035 0.4110127 0.01185621 0.2817275
0.2963517 0.40058 0.0009714742 0.3020968
0.3142077 0.3803297 0.002158269 0.3033044
0.2955315 0.387404 0.005514141 0.3115503
0.3227549 0.3882293 0.002741712 0.2862741
0.3322989 0.396833 0.006676972 0.2641911
0.3016553 0.3886086 0.002239136 0.307497
0.312272 0.3671841 0.008005011 0.3125389
0.3364332 0.3954876 0.0003124401 0.2677668
0.293452 0.3858164 0.002717714 0.3180138
0.320328 0.3804936 0.003881976 0.2952964
0.3048099 0.4217021 0.0005201567 0.2729678
0.3219162 0.3795348 0.00525481 0.2932942
0.3271781 0.3809996 0.0004240118 0.2913983
0.3238013 0.3600652 0.001434435 0.3146991
0.306246 0.4027934 0.002997481 0.2879631
0.2908536 0.4002093 0.001607943 0.3073292
0.3391296 0.3688129 0.013525 0.2785325
0.3285299 0.3767119 0.0009804763 0.2937777
0.2917748 0.4202272 0.002659779 0.2853381
0.3283022 0.374255 0.002147859 0.295295
0.3000914 0.4006224 0.00352312 0.295763
0.3098159 0.3777611 0.0009923523 0.3114307
0.3056626 0.3892289 0.0003496972 0.3047588
0.308918 0.3932989 0.001600894 0.2961822
0.3246543 0.3565679 0.006088838 0.3126889
0.3062144 0.3929277 0.000819902 0.300038
0.3149931 0.3844959 0.0006146043 0.2998964
0.2963496 0.3878744 0.002099446 0.3136765
0.3132467 0.376694 0.01410993 0.2959494
0.3323003 0.3795642 0.002465128 0.2856703
0.3316067 0.3887682 0.001762345 0.2778628
0.3192438 0.3673556 0.003634742 0.3097658
0.2996776 0.3815652 0.001142043 0.3176152
0.3235567 0.3538917 0.0009025552 0.321649
0.318284 0.3814699 0.0009028466 0.2993433
0.3353133 0.3743559 0.000279566 0.2900513
0.3115162 0.3942522 0.0005854474 0.2936462
0.3203039 0.3901105 0.004252382 0.2853332
0.3301853 0.3759694 0.001039324 0.292806
0.3045821 0.3739798 0.0004169012 0.3210212
0.2917655 0.3790526 0.004435609 0.3247463
0.3481347 0.363597 0.005641274 0.282627
0.3182092 0.3907226 1.326182e-05 0.291055
0.2962344 0.4036147 0.002888158 0.2972627
0.2963599 0.4078105 0.004555976 0.2912736
0.2969503 0.4082325 0.0008598812 0.2939574
0.3155053 0.3646378 0.001259695 0.3185971
0.3293491 0.3798818 0.0009518787 0.2898172
0.28014 0.4083701 0.004146588 0.3073433
0.3204984 0.3742019 0.005215405 0.3000843
0.3313817 0.3708238 0.001166257 0.2966283
0.2970506 0.3994301 0.004919546 0.2985998
0.3008479 0.4155306 0.001690864 0.2819306
0.29348 0.4005484 0.0009297762 0.3050418
0.2970608 0.4135946 0.001498516 0.2878461
0.3219451 0.3989032 0.0006128963 0.2785388
0.3170822 0.4048335 0.002121687 0.2759627
0.2934533 0.3754393 0.01177378 0.3193337
0.3218166 0.3861155 0.0001448878 0.291923
0.3074018 0.398836 0.0009742257 0.2927879
0.3370475 0.3562654 0.003490919 0.3031961
0.3073454 0.4164094 0.0004045362 0.2758407
0.304225 0.4017758 0.003041954 0.2909572
0.3080108 0.3625618 0.008786448 0.3206409
0.3469915 0.3708353 0.005902948 0.2762703
0.3140696 0.3937003 0.0008722294 0.2913579
0.3064585 0.3793073 0.001363411 0.3128709
0.3140277 0.396611 0.002623183 0.2867381
0.3046124 0.3784184 0.0265416 0.2904276
0.2926843 0.4021415 0.007518646 0.2976555
0.311611 0.3732627 0.01133555 0.3037908
0.2846777 0.4022093 0.02206513 0.2910479
0.334522 0.3421306 0.02652765 0.2968197
0.3019517 0.4155016 0.002710257 0.2798364
0.3009899 0.3451272 0.01130426 0.3425786
0.3110123 0.411829 0.001629443 0.2755292
0.2889588 0.3968932 0.00780144 0.3063465
0.3107101 0.3888422 0.005826301 0.2946214
0.3397899 0.3823645 0.005237801 0.2726078
0.3186139 0.3904692 0.001724032 0.2891928
0.3150379 0.3877812 0.002441654 0.2947392
0.3280517 0.394288 0.001658946 0.2760014
0.3077282 0.3948205 0.0008731012 0.2965782
0.3228674 0.3927256 0.003271085 0.2811359
0.2989799 0.4071593 0.0012164 0.2926444
0.2963857 0.3890081 0.01499176 0.2996145
0.3131047 0.3960148 0.0003424282 0.2905381
0.313753 0.3851161 0.002451856 0.2986791
0.285586 0.402512 0.006613322 0.3052887
0.3269147 0.4036098 0.0002619676 0.2692135
0.3079493 0.4162242 0.0002750508 0.2755514
0.3267528 0.3831582 0.01048297 0.279606
0.3016766 0.3958 0.01014694 0.2923765
0.3255566 0.3936929 0.003948726 0.2768018
0.3078861 0.4098958 0.005746207 0.2764719
0.3013809 0.3843644 0.003854368 0.3104003
0.3121054 0.3783786 0.007963665 0.3015524
0.3108596 0.3694298 0.00213858 0.317572
0.3128971 0.3900472 0.00382556 0.2932301
0.291538 0.3811513 0.003018323 0.3242924
0.3040463 0.388022 0.002881482 0.3050502
0.2879234 0.3967404 0.003713819 0.3116224
0.2970506 0.3882442 0.007169159 0.3075361
0.2862185 0.4013265 0.00255653 0.3098984
0.2849068 0.4066248 0.00714503 0.3013233
0.3003637 0.386484 0.004867569 0.3082847
0.288412 0.414299 0.0005609824 0.296728
0.3040304 0.3802555 0.000699484 0.3150146
0.3312992 0.3656756 0.003297292 0.2997279
0.3037993 0.3806814 0.002609952 0.3129094
0.2984854 0.3900395 0.009831733 0.3016434
0.3093033 0.3795961 0.0130365 0.2980641
0.3302035 0.3745015 0.01848769 0.2768074
0.271858 0.395747 0.004010705 0.3283843
0.3191154 0.3990411 0.0008036988 0.2810398
0.3053756 0.3974399 0.0006920461 0.2964924
0.3065449 0.3846903 0.006554152 0.3022106
0.3052182 0.3793072 0.006624057 0.3088505
0.2917137 0.3839406 0.0007955013 0.3235502
0.3003018 0.3983445 0.006272687 0.295081
0.302362 0.3925918 0.01021288 0.2948333
0.3288363 0.3875141 0.002833274 0.2808164
0.2848758 0.3999309 0.001893949 0.3132994
0.3077363 0.3811579 0.000175709 0.3109301
0.3078244 0.385831 0.009884543 0.29646
0.3043205 0.3911712 0.0007090221 0.3037993
0.3437031 0.3724573 0.0007188364 0.2831208
0.3019045 0.4024788 0.005855879 0.2897608
0.2993902 0.3917805 0.0007529844 0.3080763
0.2911764 0.4010052 0.0003576224 0.3074608
0.2862942 0.3803453 0.02158467 0.3117759
0.3218422 0.3981734 0.01499664 0.2649877
0.3111491 0.3760141 0.003530962 0.3093059
0.2913252 0.3998958 0.008958821 0.2998202
0.3192053 0.3870598 0.004636198 0.2890987
0.2822107 0.4036626 0.0005506667 0.313576
0.3071101 0.4037624 0.007681132 0.2814464
0.3351038 0.3536173 0.009927761 0.3013511
0.3006396 0.4031757 0.006318805 0.2898659
0.3471502 0.3891466 0.0008345581 0.2628686
0.3322202 0.3892452 0.0003543245 0.2781803
0.3142416 0.3590379 0.002681587 0.3240389
0.3239707 0.374573 0.01949808 0.2819582
0.3189901 0.3874174 0.000302617 0.2932899
0.3273163 0.3776406 0.001145312 0.2938977
0.2887157 0.418079 0.001838368 0.291367
0.3161494 0.3969309 3.333785e-05 0.2868864
0.306255 0.3912371 8.145348e-05 0.3024264
0.3145826 0.3798598 0.00325318 0.3023045
0.3069994 0.4013633 8.9745e-05 0.2915476
0.3435679 0.3700962 0.001346808 0.2849891
0.3062544 0.3952093 0.002222183 0.2963141
0.3162872 0.3564181 0.002785994 0.3245087
0.3147641 0.3779418 0.004918368 0.3023758
0.3183484 0.3770412 0.004879787 0.2997307
0.2988238 0.3860659 0.003478457 0.3116318
0.3028507 0.4055901 0.000535361 0.2910238
0.3280112 0.3950191 0.0003739017 0.2765958
0.2927895 0.3876426 0.005597135 0.3139708
0.3022018 0.3992008 0.002170842 0.2964266
0.2820416 0.4133485 0.00084135 0.3037686
0.308812 0.3755844 0.002786957 0.3128167
0.299145 0.3951158 0.0007171746 0.305022
0.3057007 0.3946285 0.0001237643 0.2995471
0.3197005 0.3917851 0.001229347 0.287285
0.3118468 0.3992595 0.003094348 0.2857994
0.3049291 0.3948951 0.001117049 0.2990588
0.3134075 0.3876104 0.003530052 0.2954521
0.3124939 0.3828025 0.01810843 0.2865952
0.2921658 0.3920907 0.001446537 0.3142969
0.3070806 0.4260306 0.000741173 0.2661476
0.330531 0.3614068 0.006218162 0.301844
0.3108182 0.3786354 0.003118036 0.3074284
0.2959698 0.3859556 0.002315196 0.3157593
0.3253865 0.400809 7.118529e-05 0.2737333
0.3036935 0.3735356 0.001945228 0.3208257
0.2972733 0.4011132 0.001977352 0.2996362
0.3120399 0.377428 0.01276604 0.2977661
0.3088793 0.3674199 0.02523182 0.298469
0.3164697 0.3792228 0.00731538 0.2969921
0.3096376 0.367822 0.007975134 0.3145653
0.3219144 0.3698191 0.003330909 0.3049355
0.3306194 0.3707749 0.00879069 0.2898151
0.2977427 0.4100616 0.00681951 0.2853762
0.3054682 0.3914936 0.01997612 0.2830621
0.3075731 0.3993397 0.01282496 0.2802623
0.3210736 0.3871632 0.002900411 0.2888628
0.3167324 0.4078127 8.532338e-05 0.2753696
0.3117141 0.3901427 0.004853183 0.2932901
0.300589 0.3743759 0.02214698 0.3028881
0.3226387 0.3282978 0.05666998 0.2923935
0.3401131 0.3762014 0.001397132 0.2822884
0.3119992 0.3686276 0.006943191 0.31243
0.313802 0.373788 0.007749499 0.3046605
0.3147673 0.3772781 0.007560729 0.3003939
0.3177227 0.3877862 0.0009181639 0.2935729
0.3107031 0.3967883 0.003526401 0.2889821
0.314629 0.3631463 0.005365183 0.3168595
0.3199481 0.3930804 0.00644351 0.280528
0.3422281 0.3629751 0.001955013 0.2928417
0.2943439 0.4206719 0.002941626 0.2820427
0.3125972 0.4080063 0.0005533581 0.2788431
0.3012889 0.3700247 0.006565135 0.3221213
0.3259251 0.3821713 0.00316745 0.2887361
0.310781 0.3848601 0.0002064496 0.3041524
0.3182281 0.3613693 0.01240184 0.3080007
0.3183 0.386506 0.007785106 0.2874088
0.2935247 0.4045129 0.001481672 0.3004807
0.3036486 0.3676217 0.008586729 0.320143
0.3078576 0.3984038 0.009738739 0.2839999
0.3078714 0.3992264 0.0001141661 0.2927881
0.3051069 0.3917401 0.007511269 0.2956417
0.3073085 0.3851394 0.003779482 0.3037726
0.3117754 0.3901798 0.0004004005 0.2976444
0.3187384 0.3977009 0.001102036 0.2824586
0.316519 0.3508676 0.006811313 0.3258022
0.3289413 0.3822091 0.002910072 0.2859395
0.3136842 0.3796071 0.0001469942 0.3065617
0.3118749 0.3835435 0.003605139 0.3009765
0.3062971 0.3883328 0.001801977 0.303568
0.300635 0.3882891 0.003148527 0.3079275
0.3068099 0.360505 0.006221848 0.3264632
0.2836254 0.3998396 0.00445877 0.3120762
0.3145729 0.4131471 0.001497582 0.2707825
0.3172026 0.3843442 0.004669045 0.2937842
0.3028274 0.3925526 2.084537e-05 0.3045992
0.3080782 0.4081274 0.002314867 0.2814796
0.2998609 0.396558 0.006322818 0.2972583
0.295737 0.3952457 0.01546216 0.2935551
0.3024956 0.3942413 0.0007811329 0.3024819
0.2899614 0.403696 4.809028e-05 0.3062946
0.3058619 0.398021 0.009427788 0.2866893
0.2934931 0.3982771 0.005917666 0.3023122
0.2968896 0.3998658 0.001595359 0.3016493
0.3022408 0.3911463 0.01666688 0.2899461
0.3172292 0.3821587 0.005445239 0.2951669
0.3344519 0.3828288 0.01266083 0.2700585
0.312935 0.396829 0.001180094 0.2890559
0.3148737 0.3946075 0.001447392 0.2890715
0.3217052 0.3914077 0.006174487 0.2807126
0.2824254 0.412982 0.001958118 0.3026345
0.3083824 0.371152 0.01125323 0.3092124
0.3211028 0.3765583 0.001606012 0.3007328
0.2910895 0.399493 0.007036402 0.3023811
0.2935899 0.4168946 0.001041675 0.2884738
0.3111295 0.3815164 0.002605446 0.3047487
0.336378 0.3811077 0.0001190264 0.2823953
0.3104538 0.389035 0.0009250028 0.2995861
0.3239895 0.4065238 0.001347309 0.2681395
0.3335425 0.3813089 0.007486454 0.2776621
0.3219477 0.3849691 0.008011055 0.2850722
0.2876839 0.4049307 0.002232559 0.3051528
0.3001014 0.4113987 2.514878e-05 0.2884748
0.3222429 0.3937204 0.001804762 0.2822319
0.3019044 0.389763 0.009535221 0.2987974
0.3150719 0.3968862 0.002167923 0.285874
0.3277612 0.3579392 0.01028478 0.3040148
0.287221 0.3984597 0.001426888 0.3128924
0.305296 0.3998094 0.002822416 0.2920721
0.3234671 0.3946886 0.004900943 0.2769433
0.3108766 0.3785427 0.00140321 0.3091775
0.3194287 0.3786914 0.004384548 0.2974953
0.3095578 0.3757182 0.008664934 0.3060591
0.3187402 0.3748531 0.000316707 0.30609
0.3007338 0.3808848 0.005807377 0.312574
0.2989377 0.404242 0.01331913 0.2835012
0.2964481 0.4008097 0.006001609 0.2967405
0.2912934 0.3805594 0.0044763 0.3236709
0.3100558 0.3652617 0.005314203 0.3193683
0.3041806 0.3867354 0.0008138872 0.30827
0.308101 0.3868006 0.001976132 0.3031223
0.2803999 0.3924993 0.02500509 0.3020958
0.3101289 0.3791767 0.01513018 0.2955642
0.333779 0.3694275 0.004935533 0.291858
0.3216173 0.3856845 0.001855523 0.2908427
0.3038548 0.3770702 0.001391035 0.3176839
0.3208368 0.3718691 0.001156597 0.3061375
0.2989955 0.3881594 0.0002417354 0.3126033
0.3023763 0.383565 0.007615246 0.3064435
0.2839657 0.3808698 0.002443812 0.3327207
0.3066285 0.3948797 0.0003502419 0.2981416
0.3142993 0.3691248 0.0007419863 0.3158339
0.297415 0.3971055 0.0009004211 0.3045791
0.3200262 0.3834117 0.001884644 0.2946774
0.3166296 0.3865043 0.0001582141 0.2967079
0.3026217 0.4192175 0.003633664 0.2745272
0.3260722 0.3896531 0.0005493624 0.2837254
0.3115516 0.3864113 0.007127532 0.2949095
0.3246659 0.3903755 0.002094936 0.2828637
0.3219019 0.3762512 0.008637307 0.2932096
0.3194149 0.3810154 0.001439976 0.2981297
0.3189584 0.4013189 0.001708568 0.2780141
0.3150755 0.3952774 0.0001400017 0.2895071
0.2993075 0.4195373 0.004260959 0.2768942
0.3003353 0.3962213 0.01151724 0.2919262
0.2790679 0.4121052 0.001599721 0.3072272
0.2850367 0.3852249 0.0003786079 0.3293598
0.3242834 0.3994927 0.004629154 0.2715947
0.3448245 0.362064 0.005006484 0.2881051
0.30554 0.3963167 5.411299e-05 0.2980892
0.3311566 0.3653814 0.003456905 0.3000052
0.297676 0.3880307 0.02500587 0.2892874
0.3130673 0.383916 0.001117752 0.301899
0.3303877 0.3661495 0.009198461 0.2942644
0.2981063 0.4138142 0.0008992863 0.2871802
0.2980144 0.3828261 0.0110293 0.3081302
0.2967783 0.3860064 0.001432904 0.3157824
0.3352316 0.3845102 0.01271361 0.2675445
0.292403 0.4076024 0.004320697 0.2956738
0.282476 0.4061743 0.003503087 0.3078467
0.3269116 0.3877044 0.005726374 0.2796576
0.3243382 0.3796954 0.0001881606 0.2957782
0.334388 0.3904526 0.001297544 0.2738618
0.31527 0.4035828 6.286159e-05 0.2810844
0.277768 0.3857505 0.01063037 0.3258512
0.3115828 0.4001775 0.000361246 0.2878784
0.3232509 0.395649 0.003592969 0.2775071
0.3012866 0.3842293 0.004600874 0.3098833
0.2931957 0.3754221 0.01055453 0.3208277
0.3234036 0.3670084 0.01011725 0.2994708
0.3162192 0.3598981 0.0131716 0.3107111
0.2997714 0.388189 0.003960423 0.3080791
0.3080888 0.3871395 0.0015845 0.3031872
0.3307881 0.375896 0.001041076 0.2922748
0.3105074 0.3876569 0.0008867992 0.3009489
0.2823106 0.4116693 0.003095245 0.3029249
0.3189187 0.3875427 0.006507857 0.2870308
0.3308621 0.3833065 0.003296323 0.2825351
0.3100149 0.3887553 0.01057663 0.2906532
0.3191766 0.3960033 5.981601e-07 0.2848195
0.3255509 0.3931112 0.004257097 0.2770808
0.3179983 0.3858301 0.008059315 0.2881123
0.292782 0.3951519 0.0001602654 0.3119058
0.3119422 0.3908575 0.001644084 0.2955562
0.3055911 0.3821459 1.279863e-05 0.3122502
0.3262369 0.3746692 0.006483334 0.2926106
0.3201541 0.3774952 0.007405286 0.2949455
0.3292763 0.3557124 0.0004335732 0.3145777
0.3042223 0.3808541 0.01295894 0.3019646
0.3106297 0.3944002 0.005079831 0.2898902
0.3038623 0.3962494 0.003836519 0.2960518
0.3207309 0.3794769 0.00102389 0.2987683
0.310416 0.3857219 0.01341752 0.2904446
0.3169919 0.3720441 0.003001092 0.3079629
0.312761 0.4039393 0.002625318 0.2806744
0.3174248 0.4085643 0.002456082 0.2715548
0.2804476 0.4173165 0.01238367 0.2898522
0.3024599 0.3874762 0.0001835515 0.3098804
0.3137686 0.4031955 0.0004723807 0.2825636
0.3144918 0.3835053 0.0003711235 0.3016319
0.286572 0.3923255 0.0009570961 0.3201454
0.3152077 0.3883457 0.007271654 0.2891749
0.3185126 0.4139897 0.01010242 0.2573953
0.3175548 0.3764633 0.0007702005 0.3052117
0.3456815 0.3572971 0.005073748 0.2919476
0.2898938 0.4031927 0.01165914 0.2952544
0.2786447 0.3923582 0.0009941892 0.3280029
0.3066051 0.4003775 0.00519601 0.2878213
0.2924527 0.4031794 0.00104917 0.3033188
0.3282632 0.3502874 0.007204137 0.3142453
0.306754 0.3950533 0.009623487 0.2885692
0.3329918 0.3657405 0.006938631 0.2943291
0.3071039 0.4031092 0.006284119 0.2835028
0.3456981 0.3790461 0.003692044 0.2715638
0.2940997 0.4105356 0.007129106 0.2882356
0.3224381 0.3601263 0.00958658 0.307849
0.3154424 0.4096817 0.001045646 0.2738303
0.3161992 0.4131428 0.0002299869 0.270428
0.3522953 0.3728085 0.006679267 0.268217
0.3070513 0.3901083 0.007245999 0.2955944
0.3052172 0.4038799 0.005402922 0.2855
0.304932 0.3875195 0.003323397 0.3042251
0.3157157 0.3782662 0.003811436 0.3022067
0.3258565 0.3923343 0.0008216397 0.2809876
0.3410514 0.3573146 0.0002567206 0.3013773
0.326557 0.391058 0.002058918 0.2803262
0.3279384 0.3792445 0.00320533 0.2896118
0.3158809 0.3877074 0.0005134302 0.2958983
0.3223077 0.4112981 0.00633078 0.2600634
0.2956774 0.3921667 0.004317684 0.3078382
0.3266988 0.3689781 0.0001655734 0.3041575
0.324995 0.3961916 0.000139488 0.2786739
0.2984747 0.4156807 0.005187895 0.2806567
0.271741 0.4027597 0.001107555 0.3243917
0.3065794 0.4050657 0.0006749288 0.2876799
0.3286087 0.3799047 0.008338714 0.2831479
0.2963959 0.4182441 0.001053367 0.2843066
0.3014201 0.4030085 0.004402924 0.2911685
0.3299659 0.3911763 0.009407401 0.2694504
0.3115044 0.3931238 0.003308832 0.292063
0.3098162 0.393524 0.00225596 0.2944038
0.3007368 0.4134974 0.003243845 0.2825219
0.3304089 0.3784216 0.01072529 0.2804442
0.3209247 0.3744589 0.001105642 0.3035108
0.3007875 0.4039007 0.00421527 0.2910966
0.3072426 0.4055601 0.00885981 0.2783375
0.2942333 0.4196797 0.003636612 0.2824504
0.3251146 0.3779881 0.002251795 0.2946455
0.3309808 0.4006361 0.002641915 0.2657411
0.3142285 0.3734874 0.01233245 0.2999517
0.3246221 0.3864592 0.005321343 0.2835974
0.3270073 0.3892203 0.004908118 0.2788643
0.3429348 0.3563359 0.00286554 0.2978637
0.3153256 0.3647318 0.007895733 0.3120469
0.3066724 0.387732 0.001715168 0.3038804
0.2962054 0.4017133 0.003012469 0.2990688
0.296307 0.4008765 0.004064987 0.2987515
0.2959545 0.3719906 0.001856342 0.3301985
0.2996765 0.399453 0.003976795 0.2968937
0.329655 0.3642491 0.001502581 0.3045934
0.3141924 0.396734 0.0009389634 0.2881346
0.3428093 0.3729477 0.005758616 0.2784844
0.3005564 0.3933715 0.001117358 0.3049548
0.3206941 0.3768136 0.002304573 0.3001877
0.3282586 0.3718746 0.009041348 0.2908255
0.3021249 0.3920974 0.0006550768 0.3051227
0.2883388 0.4037899 0.001881636 0.3059896
0.3155009 0.4081764 0.008786904 0.2675358
0.3164276 0.3576233 0.002470296 0.3234789
0.3286731 0.3917457 0.001025804 0.2785555
0.292131 0.3991344 0.001368968 0.3073656
0.3185414 0.4009054 0.003957961 0.2765952
0.3097444 0.3870925 0.007683358 0.2954798
0.3107402 0.3838842 0.00369705 0.3016785
0.2722671 0.400699 0.02141155 0.3056224
0.3076977 0.3983317 0.009086827 0.2848838
0.3004914 0.4438349 0.02797266 0.227701
0.2889006 0.4041547 0.008576464 0.2983683
0.3232805 0.3707333 0.008075337 0.2979109
0.2935153 0.394262 0.003012753 0.3092099
0.3215878 0.3800915 0.001363915 0.2969568
0.3238062 0.3721112 0.003630115 0.3004525
0.3310633 0.3947211 0.004184005 0.2700316
0.3031108 0.3816143 0.004775228 0.3104996
0.2713788 0.4144728 0.006056917 0.3080914
0.3047876 0.4104119 0.001587578 0.2832129
0.328429 0.3697242 0.003872647 0.2979742
0.317779 0.3764835 0.004513343 0.3012242
0.3124664 0.3727184 0.0008757459 0.3139394
0.2951494 0.3926633 0.0009517761 0.3112355
0.32069 0.3982753 0.004610915 0.2764238
0.3181282 0.3845177 0.005790361 0.2915637
0.3193712 0.3888302 0.005508827 0.2862898
0.3070907 0.3741759 0.002743399 0.31599
0.3050138 0.3932174 0.003921776 0.2978471
0.3071103 0.3792602 0.002196172 0.3114334
0.3168881 0.3728069 0.004584236 0.3057208
0.3331169 0.3500831 0.008359914 0.3084401
0.2984458 0.4044301 0.006917378 0.2902067
0.3196493 0.3773367 0.007998761 0.2950152
0.3052923 0.3871436 0.00152553 0.3060385
0.2934968 0.4195053 0.004684386 0.2823135
0.323437 0.3708501 0.01288918 0.2928237
0.3066431 0.3621822 0.005877829 0.3252968
0.3151985 0.3835123 0.003876924 0.2974123
0.3129717 0.3820997 0.001266933 0.3036616
0.3411035 0.3856154 0.0009825872 0.2722985
0.2910679 0.3877522 0.002363065 0.3188168
0.3072813 0.4086705 0.0005189198 0.2835293
0.2930119 0.4157695 0.006766537 0.2844521
0.3067912 0.4159916 0.005311267 0.2719059
0.3303026 0.365888 0.0178313 0.2859781
0.2970344 0.4001002 0.004836062 0.2980294
0.3178354 0.3738656 0.001230188 0.3070689
0.301034 0.4007079 0.002503828 0.2957543
0.2858811 0.4218955 0.007288195 0.2849353
0.330492 0.3733605 0.004007373 0.2921402
0.2817729 0.4223571 0.001419159 0.2944509
0.3192472 0.3896851 0.0007634719 0.2903043
0.3057889 0.379062 0.0006940609 0.3144551
0.3034977 0.3805714 0.003480028 0.3124508
0.3325969 0.3628758 0.006502016 0.2980253
0.3151363 0.3792977 0.003162258 0.3024037
0.2901463 0.4105888 0.002959693 0.2963052
0.3112565 0.3918308 0.002749613 0.2941631
0.3032798 0.4189853 0.001577618 0.2761572
0.2754044 0.4293978 0.0001533127 0.2950445
0.3152923 0.3730368 0.01478549 0.2968854
0.327531 0.3779874 0.006549293 0.2879323
0.293534 0.4176121 0.002593261 0.2862606
0.2927552 0.4008554 0.00761585 0.2987736
0.3036317 0.3763047 0.0001869524 0.3198766
0.2977625 0.389419 0.002678667 0.3101398
0.3132971 0.3847262 0.001535108 0.3004415
0.3180217 0.3969217 0.007838861 0.2772177
0.2897782 0.4034994 0.000699007 0.3060234
0.3044909 0.3914053 0.003390462 0.3007133
0.3097821 0.3852727 0.00674409 0.298201
0.3331429 0.3638013 0.003933578 0.2991222
0.3141382 0.3830984 0.00897972 0.2937836
0.3135534 0.3942907 0.0002324042 0.2919235
0.3014771 0.3932071 0.002524081 0.3027918
0.3163353 0.3930717 0.0009273472 0.2896657
0.306206 0.3925895 0.008942759 0.2922618
0.3005632 0.4181829 0.003899483 0.2773544
0.3140505 0.4028943 0.003052095 0.2800031
0.3218098 0.3885487 0.001037306 0.2886041
0.3001473 0.4389769 0.01129997 0.2495759
0.2971535 0.3897302 0.003322542 0.3097938
0.3210966 0.3616208 0.002753826 0.3145288
0.308143 0.3849031 0.006699378 0.3002545
0.3135245 0.3705263 0.002834863 0.3131143
0.3170335 0.3964607 0.005305176 0.2812006
0.31334 0.383047 0.002303086 0.3013099
0.3235506 0.3582002 0.003673426 0.3145758
0.3065948 0.38317 0.0009150868 0.30932
0.3146583 0.3763596 0.006031641 0.3029505
0.3344607 0.3725343 0.003592183 0.2894128
0.3191317 0.3775862 0.002577237 0.3007049
0.3153358 0.3867825 0.001227278 0.2966544
0.3200424 0.3712716 0.01026023 0.2984258
0.2955706 0.4380704 0.007901737 0.2584573
0.3040651 0.3783806 0.004229683 0.3133246
0.3350834 0.3571033 0.009893093 0.2979202
0.301399 0.3803574 0.004439926 0.3138037
0.3155804 0.3836634 0.006687057 0.2940692
0.2977669 0.4054571 0.000731763 0.2960443
0.3358196 0.3796002 0.0004610338 0.2841192
0.3231074 0.3788738 0.0009266023 0.2970922
0.3222196 0.3801049 0.001827049 0.2958485
0.3184156 0.3764427 0.00106296 0.3040788
0.2943541 0.3840897 0.0002906659 0.3212655
0.3090205 0.3725631 0.004297435 0.314119
0.3099675 0.3641139 0.005545894 0.3203728
0.3084013 0.3920233 0.001931548 0.2976438
0.3074459 0.3716659 0.006962848 0.3139254
0.2985547 0.389681 0.001622026 0.3101423
0.3077648 0.4166293 0.0004734355 0.2751325
0.3278372 0.3834004 0.00516177 0.2836006
0.3299078 0.3829155 0.01249018 0.2746865
0.2694197 0.4028333 0.01035232 0.3173946
0.3294413 0.4033108 0.0006676395 0.2665803
0.3158851 0.3975077 0.002254002 0.2843532
0.3019554 0.4053042 0.00617336 0.286567
0.2984587 0.3925062 0.006074064 0.3029611
0.3265068 0.3815787 0.004657759 0.2872567
0.3360029 0.3843017 0.0002263099 0.279469
0.3224998 0.3884441 0.002655483 0.2864006
0.3003236 0.4012267 0.004071373 0.2943784
0.3190013 0.4035646 0.001472589 0.2759616
0.2968503 0.3804143 0.007683947 0.3150514
0.3271845 0.3641233 0.006222503 0.3024697
0.3218371 0.3889846 0.004138155 0.2850402
0.3001421 0.3867886 0.0006148934 0.3124544
0.322597 0.3870454 0.00858693 0.2817707
0.289208 0.3909717 0.0001039357 0.3197163
0.3133322 0.369871 0.005711986 0.3110848
0.300556 0.4104184 0.001133365 0.2878922
0.3162623 0.4004402 0.001960641 0.2813369
0.3102477 0.3664118 0.0007447871 0.3225957
0.3130644 0.3751039 0.002520364 0.3093114
0.3089243 0.3670467 0.006151753 0.3178773
0.3309335 0.3719914 0.01473069 0.2823444
0.3222296 0.3895562 0.004009173 0.284205
0.3140687 0.3882116 0.007321608 0.290398
0.3228035 0.3760999 0.00657175 0.2945248
0.3231614 0.3695006 0.00363435 0.3037036
0.3044797 0.3922005 0.004967174 0.2983527
0.3324225 0.3867267 0.003294378 0.2775565
0.2943161 0.4135172 0.001928636 0.290238
0.3315477 0.3758375 0.01590034 0.2767145
0.3365612 0.3644172 0.00352843 0.2954931
0.3187364 0.3730041 0.02057807 0.2876815
0.3168981 0.3873734 0.002011383 0.2937172
0.3136967 0.3967709 0.004469958 0.2850625
0.3253246 0.379489 0.003744605 0.2914417
0.3045168 0.3976004 0.008632194 0.2892506
0.2988769 0.3872842 0.01458639 0.2992525
0.2973926 0.4184429 0.007087462 0.277077
0.3297531 0.3630728 0.0002615802 0.3069124
0.3092014 0.3575718 0.005266696 0.3279601
0.3029544 0.3878925 0.003557992 0.3055951
0.2802534 0.4165833 0.0006703697 0.3024929
0.3164028 0.3812523 0.005684943 0.29666
0.3266369 0.3754842 0.01616745 0.2817115
0.3238196 0.351473 0.02378158 0.3009258
0.3083505 0.3791946 0.01703279 0.2954221
0.2851241 0.3857984 0.02275126 0.3063262
0.3289896 0.3451583 0.02141733 0.3044348
0.2938444 0.3646074 0.02430933 0.3172388
0.3191782 0.3694662 0.009858282 0.3014973
0.3227315 0.3517364 0.01035327 0.3151788
0.3169342 0.3881172 0.002150094 0.2927986
0.3249304 0.3852782 0.001235587 0.2885558
0.2938558 0.3986204 0.02061156 0.2869122
0.3171265 0.3789026 0.00348905 0.3004819
0.3225588 0.383663 0.0007662561 0.2930119
0.3304768 0.4017416 7.410938e-05 0.2677074
0.3039227 0.3830429 0.0001046492 0.3129297
0.3321632 0.3728613 0.00323078 0.2917447
0.329133 0.3761383 0.002320243 0.2924084
