"p_1" "p_2" "p_3"
0.3087716 0.3014533 0.389775
0.3025982 0.3149911 0.3824107
0.2959351 0.3091059 0.394959
0.3150607 0.3006224 0.3843169
0.3119537 0.2998511 0.3881953
0.3041394 0.3239202 0.3719404
0.2897988 0.3225612 0.3876401
0.3023118 0.298751 0.3989372
0.3038136 0.314319 0.3818674
0.2945397 0.3168687 0.3885916
0.2893351 0.310836 0.3998289
0.3024795 0.3384047 0.3591158
0.3013585 0.3266323 0.3720092
0.312807 0.3169472 0.3702458
0.3016684 0.2985638 0.3997678
0.3092161 0.2869734 0.4038105
0.2783267 0.3095886 0.4120848
0.3067366 0.3085475 0.3847159
0.3041951 0.2887006 0.4071043
0.2978768 0.314419 0.3877042
0.3189923 0.2904601 0.3905476
0.2814865 0.3122163 0.4062972
0.2828586 0.2988836 0.4182578
0.3163796 0.3060035 0.3776169
0.3111631 0.2968793 0.3919577
0.3139777 0.2868076 0.3992148
0.311974 0.3006362 0.3873898
0.3010469 0.3044722 0.3944809
0.2723532 0.3156166 0.4120302
0.2845996 0.306347 0.4090534
0.282338 0.3119556 0.4057064
0.2924371 0.2893378 0.4182251
0.3057298 0.2951647 0.3991055
0.3203525 0.3195062 0.3601413
0.3017442 0.313695 0.3845608
0.2861656 0.2956603 0.4181741
0.2925987 0.3180357 0.3893656
0.3185294 0.3149247 0.3665459
0.3000649 0.3240011 0.375934
0.2917869 0.2901201 0.418093
0.2786273 0.2968733 0.4244994
0.2857909 0.2995178 0.4146913
0.3000336 0.3136302 0.3863362
0.2898714 0.3154425 0.3946861
0.3273094 0.2963002 0.3763904
0.272304 0.3270391 0.4006569
0.2982072 0.3198464 0.3819464
0.2981584 0.305556 0.3962856
0.2829811 0.3216063 0.3954126
0.287087 0.311583 0.4013299
0.292012 0.3126814 0.3953066
0.2900097 0.3163501 0.3936402
0.3024855 0.3041542 0.3933603
0.2962114 0.3166385 0.3871501
0.2790022 0.3287285 0.3922692
0.286345 0.2866581 0.4269969
0.3164649 0.2836622 0.3998729
0.2913277 0.3412006 0.3674717
0.317989 0.2845678 0.3974432
0.3065014 0.3047273 0.3887713
0.3045817 0.2883048 0.4071135
0.2992148 0.3194602 0.381325
0.2964231 0.3162165 0.3873604
0.2803596 0.3161812 0.4034592
0.2911274 0.3206478 0.3882248
0.2854433 0.3023984 0.4121584
0.3062623 0.3085296 0.3852082
0.2735575 0.3218674 0.4045752
0.2837575 0.3224841 0.3937583
0.3147022 0.2996919 0.385606
0.3053129 0.3207935 0.3738937
0.3015347 0.3282251 0.3702402
0.2844066 0.2921069 0.4234865
0.2786359 0.322041 0.3993231
0.300894 0.3086955 0.3904105
0.3164884 0.2804062 0.4031053
0.3174827 0.3016685 0.3808487
0.3214035 0.3019159 0.3766806
0.2923362 0.3179757 0.3896881
0.3042419 0.3008122 0.3949459
0.2816808 0.3359705 0.3823487
0.3052455 0.325103 0.3696515
0.2960451 0.330678 0.3732769
0.2984196 0.2913558 0.4102247
0.3167518 0.3057625 0.3774858
0.3049255 0.2893231 0.4057514
0.2954381 0.3267925 0.3777694
0.2977006 0.3027726 0.3995268
0.295361 0.3210437 0.3835953
0.2818827 0.3030588 0.4150586
0.291418 0.2890582 0.4195238
0.312997 0.2992398 0.3877632
0.3012473 0.302295 0.3964577
0.3126004 0.2980301 0.3893695
0.2969701 0.313698 0.3893319
0.2944129 0.3088064 0.3967807
0.2991873 0.3232754 0.3775373
0.300964 0.3071899 0.3918461
0.2881695 0.2847595 0.4270711
0.293991 0.3096621 0.3963469
0.2938344 0.294085 0.4120806
0.2631755 0.3081225 0.428702
0.2931092 0.3105098 0.396381
0.2945376 0.293858 0.4116044
0.2945433 0.3056736 0.3997831
0.2963012 0.2913117 0.4123871
0.3065158 0.3142219 0.3792623
0.3057285 0.2993895 0.3948819
0.3220111 0.315861 0.3621278
0.2900165 0.3170134 0.3929702
0.308325 0.3165142 0.3751608
0.2943364 0.3128614 0.3928023
0.2956404 0.3253367 0.3790229
0.2892415 0.2863161 0.4244425
0.2988898 0.3286936 0.3724166
0.2916161 0.3152656 0.3931183
0.312261 0.3133014 0.3744376
0.2938559 0.2937138 0.4124303
0.2867547 0.3105921 0.4026532
0.2856033 0.3250553 0.3893414
0.3170571 0.2905601 0.3923828
0.3058046 0.3123489 0.3818465
0.31306 0.2947243 0.3922157
0.2681546 0.3333206 0.3985248
0.2813954 0.3340948 0.3845098
0.2642418 0.3161595 0.4195987
0.315096 0.3058825 0.3790215
0.2858979 0.3302951 0.383807
0.2863688 0.3214912 0.39214
0.3343753 0.3100472 0.3555775
0.30212 0.3177087 0.3801713
0.3064703 0.3108982 0.3826314
0.3065361 0.3244704 0.3689935
0.3037214 0.2854551 0.4108235
0.3027783 0.3077122 0.3895095
0.3110758 0.3025311 0.3863931
0.2902171 0.3264946 0.3832884
0.3170928 0.3133845 0.3695227
0.2663729 0.3407757 0.3928514
0.2604997 0.3288851 0.4106152
0.2944666 0.3170238 0.3885096
0.2829514 0.2956687 0.42138
0.2989709 0.314973 0.3860561
0.3201879 0.3133838 0.3664282
0.305653 0.3034488 0.3908983
0.3060919 0.3133213 0.3805868
0.3057987 0.3077047 0.3864965
0.2690283 0.296908 0.4340638
0.3138136 0.3120238 0.3741627
0.2993324 0.3079548 0.3927129
0.2775705 0.3212937 0.4011357
0.300327 0.3193569 0.3803161
0.3018787 0.3263879 0.3717334
0.2945098 0.3233202 0.38217
0.2892342 0.316049 0.3947168
0.2891231 0.2931615 0.4177154
0.2928773 0.2900091 0.4171137
0.288661 0.3235402 0.3877988
0.297508 0.322836 0.379656
0.2932616 0.3304831 0.3762552
0.2965555 0.3136196 0.3898249
0.291943 0.2887089 0.4193481
0.2928434 0.3105854 0.3965713
0.294224 0.3159338 0.3898423
0.2930611 0.3082439 0.3986951
0.3120726 0.2899749 0.3979525
0.2937149 0.3102272 0.3960579
0.314374 0.2967186 0.3889075
0.2705883 0.3429896 0.3864221
0.3038015 0.3055324 0.3906661
0.3045993 0.304761 0.3906397
0.3050189 0.3226101 0.372371
0.3160745 0.3025578 0.3813677
0.2874643 0.2944429 0.4180928
0.3033577 0.2983987 0.3982436
0.2839043 0.2962702 0.4198255
0.3007385 0.3054909 0.3937706
0.3181864 0.3038629 0.3779507
0.2993504 0.2978412 0.4028084
0.2958578 0.3283204 0.3758219
0.3104198 0.3036683 0.3859119
0.3021286 0.2861371 0.4117343
0.2793821 0.3276485 0.3929694
0.3110515 0.2992664 0.3896821
0.2782136 0.3370589 0.3847275
0.2767218 0.3213524 0.4019258
0.2733307 0.3307232 0.3959461
0.2925091 0.3107981 0.3966928
0.3055478 0.3169898 0.3774624
0.3191997 0.300523 0.3802773
0.3130625 0.2957071 0.3912304
0.2992819 0.3012271 0.399491
0.3145156 0.3170783 0.3684061
0.2883105 0.305512 0.4061776
0.2989287 0.3046781 0.3963931
0.2996016 0.3130547 0.3873437
0.2954472 0.2881964 0.4163564
0.300888 0.3066501 0.3924619
0.3084767 0.3116267 0.3798966
0.3007437 0.3030452 0.3962111
0.2986806 0.2832051 0.4181143
0.2905615 0.3038273 0.4056112
0.2866836 0.2967252 0.4165912
0.2997114 0.3227705 0.3775181
0.3045341 0.2930862 0.4023797
0.3092328 0.3148871 0.3758801
0.2846153 0.3178518 0.3975329
0.2906692 0.3089899 0.4003409
0.316447 0.2824951 0.4010579
0.2970588 0.3310778 0.3718634
0.3269757 0.2967968 0.3762275
0.2987224 0.3219952 0.3792824
0.3084486 0.3211601 0.3703913
0.3014412 0.3167491 0.3818096
0.3249481 0.2919702 0.3830817
0.2754907 0.3260502 0.3984591
0.2791448 0.325523 0.3953323
0.270748 0.3046859 0.4245661
0.2756523 0.3417879 0.3825598
0.2977767 0.3183215 0.3839018
0.3131012 0.3212022 0.3656965
0.3162127 0.3207205 0.3630668
0.3040537 0.3042097 0.3917366
0.2825763 0.3196548 0.397769
0.2856473 0.3337279 0.3806248
0.2700546 0.3226492 0.4072962
0.2925005 0.3105393 0.3969601
0.2823592 0.3097687 0.4078721
0.3086045 0.2989446 0.3924508
0.3129538 0.2760223 0.4110239
0.2830847 0.3124431 0.4044722
0.2865403 0.3121067 0.401353
0.297988 0.3072475 0.3947645
0.2929683 0.2925837 0.414448
0.2835067 0.3381721 0.3783211
0.3029214 0.3019733 0.3951053
0.3097275 0.2976214 0.3926511
0.3175177 0.2690455 0.4134367
0.3016628 0.2928147 0.4055225
0.3105978 0.2868885 0.4025137
0.3263477 0.295057 0.3785953
0.2811209 0.3186138 0.4002653
0.3109672 0.3159793 0.3730535
0.2686454 0.3200339 0.4113207
0.2578371 0.3224496 0.4197133
0.2956902 0.3094015 0.3949082
0.2838676 0.3242761 0.3918563
0.2669645 0.3299869 0.4030486
0.2937231 0.3087982 0.3974786
0.2889102 0.3306839 0.3804059
0.2969954 0.3221126 0.380892
0.2800121 0.321332 0.3986559
0.2889683 0.3239042 0.3871275
0.3046021 0.2950908 0.4003071
0.2825564 0.3048744 0.4125692
0.2965673 0.3265761 0.3768567
0.3189399 0.3008316 0.3802284
0.3230516 0.3189831 0.3579653
0.2724093 0.3261334 0.4014573
0.3144099 0.3276307 0.3579594
0.3083129 0.3020523 0.3896348
0.3204151 0.3027676 0.3768172
0.2816862 0.3203593 0.3979545
0.2826495 0.3056333 0.4117172
0.2912282 0.3253529 0.3834189
0.2961624 0.3131377 0.3906999
0.3087195 0.3204918 0.3707887
0.3026794 0.3023909 0.3949297
0.3197485 0.3074648 0.3727867
0.2995832 0.2977372 0.4026796
0.3155294 0.3020145 0.3824562
0.2951664 0.3180275 0.3868061
0.3059507 0.3234685 0.3705808
0.2968194 0.3251392 0.3780415
0.2845376 0.308331 0.4071314
0.2816374 0.3210731 0.3972895
0.2971497 0.3205242 0.3823261
0.2888451 0.3320635 0.3790914
0.3022502 0.3028966 0.3948532
0.2937421 0.3051346 0.4011233
0.3010367 0.2984914 0.4004719
0.3075435 0.2952459 0.3972106
0.2908966 0.2748423 0.4342611
0.2814037 0.3200275 0.3985688
0.299299 0.2976291 0.4030719
0.2867941 0.3204557 0.3927502
0.2613692 0.328785 0.4098457
0.2669572 0.333109 0.3999338
0.2825929 0.3331449 0.3842622
0.3011477 0.3083555 0.3904969
0.2847821 0.3283491 0.3868688
0.2993666 0.3127381 0.3878953
0.2737954 0.30154 0.4246646
0.296159 0.3202188 0.3836222
0.3136009 0.3110759 0.3753231
0.3077569 0.3250884 0.3671547
0.3070002 0.3397005 0.3532992
0.3144465 0.3055096 0.3800439
0.305789 0.2958637 0.3983473
0.2929456 0.3140175 0.3930369
0.3049144 0.3300377 0.3650479
0.2749757 0.3295641 0.3954602
0.3035106 0.2868957 0.4095937
0.3071202 0.2950861 0.3977937
0.3126602 0.32461 0.3627298
0.3185897 0.2799188 0.4014915
0.3023244 0.3013826 0.396293
0.3031708 0.3111713 0.3856579
0.2775211 0.3197402 0.4027387
0.3307113 0.297956 0.3713326
0.304201 0.3080209 0.3877781
0.3027767 0.2938207 0.4034026
0.2980084 0.3032126 0.398779
0.3016791 0.2951379 0.403183
0.2949868 0.2990246 0.4059886
0.2768971 0.3388155 0.3842873
0.3044023 0.2790017 0.416596
0.2839011 0.3043867 0.4117122
0.2880244 0.3048254 0.4071502
0.2816103 0.33082 0.3875697
0.2954801 0.2943103 0.4102096
0.2893245 0.2993353 0.4113401
0.2771926 0.3117138 0.4110937
0.3109556 0.3070548 0.3819896
0.3101823 0.3002607 0.389557
0.2963685 0.2929673 0.4106642
0.2909273 0.3168087 0.392264
0.3082534 0.3132245 0.3785221
0.2877985 0.3381258 0.3740756
0.2994827 0.3162184 0.3842989
0.2980634 0.3301769 0.3717596
0.2933154 0.2947821 0.4119026
0.2821589 0.3182759 0.3995652
0.3127346 0.3105062 0.3767593
0.2757869 0.2962228 0.4279903
0.2806677 0.3164777 0.4028547
0.2944708 0.3110451 0.3944841
0.3012336 0.3339193 0.3648472
0.2995979 0.2991519 0.4012502
0.2873229 0.3106798 0.4019972
0.3110378 0.3059651 0.3829971
0.2827444 0.3030576 0.414198
0.2885194 0.3345842 0.3768963
0.2828892 0.3181633 0.3989475
0.2873571 0.3218982 0.3907447
0.3010152 0.2821501 0.4168347
0.2928736 0.3164248 0.3907015
0.2955654 0.3121951 0.3922395
0.3043568 0.3193779 0.3762654
0.3028199 0.2956165 0.4015636
0.2958585 0.3098112 0.3943302
0.2841732 0.3006787 0.4151481
0.2971368 0.3208952 0.381968
0.2981582 0.2916474 0.4101944
0.2934431 0.3012484 0.4053085
0.3066687 0.3183335 0.3749978
0.2997873 0.3120267 0.388186
0.2974628 0.3341063 0.3684309
0.3246323 0.2905646 0.384803
0.2951535 0.3049959 0.3998506
0.2838801 0.3302006 0.3859193
0.3275473 0.2886713 0.3837814
0.2888831 0.2991942 0.4119227
0.2881511 0.315806 0.396043
0.2991652 0.2942013 0.4066335
0.3116444 0.3141738 0.3741818
0.2723071 0.3628315 0.3648614
0.271979 0.3132855 0.4147355
0.3060325 0.2878428 0.4061247
0.3073534 0.2974958 0.3951508
0.2739708 0.337153 0.3888763
0.3010202 0.3103842 0.3885956
0.2871382 0.3032542 0.4096076
0.3161528 0.2914653 0.3923819
0.2914249 0.3160762 0.3924989
0.3015768 0.3233805 0.3750427
0.2975933 0.3031403 0.3992665
0.2991671 0.2953132 0.4055197
0.2762205 0.3150476 0.4087319
0.27781 0.3209071 0.4012829
0.3087413 0.2886414 0.4026173
0.2947333 0.2951649 0.4101019
0.2911172 0.3094329 0.3994499
0.295487 0.3080054 0.3965076
0.3028542 0.3427844 0.3543615
0.3012852 0.3029708 0.395744
0.301753 0.2978402 0.4004068
0.2968698 0.2857908 0.4173394
0.3189774 0.3158147 0.3652079
0.3091683 0.3206717 0.37016
0.302215 0.3137291 0.3840559
0.2761253 0.2888853 0.4349894
0.3078701 0.3005696 0.3915604
0.2702254 0.3337306 0.3960441
0.3166226 0.3381258 0.3452516
0.2982388 0.3353882 0.366373
0.2795443 0.3304853 0.3899704
0.3161635 0.3135605 0.3702759
0.2914518 0.3169884 0.3915598
0.2965691 0.2977513 0.4056796
0.291459 0.3143803 0.3941607
0.2884893 0.297585 0.4139258
0.2812047 0.3150814 0.403714
0.2981237 0.3123784 0.3894979
0.3017985 0.3091122 0.3890894
0.2957278 0.3082187 0.3960535
0.2820565 0.2926409 0.4253025
0.2939499 0.3155304 0.3905197
0.2891864 0.3333688 0.3774447
0.3015327 0.299661 0.3988062
0.2997042 0.3311256 0.3691702
0.2945802 0.3127851 0.3926347
0.2782614 0.3248283 0.3969103
0.2770514 0.3111632 0.4117854
0.2828464 0.3111454 0.4060082
0.3092788 0.295407 0.3953142
0.3140336 0.298939 0.3870274
0.3073389 0.2942613 0.3983999
0.3051758 0.285493 0.4093312
0.303058 0.32263 0.374312
0.2958107 0.3007537 0.4034356
0.3244402 0.3095152 0.3660446
0.2863822 0.3143142 0.3993035
0.3272216 0.3079193 0.3648591
0.2824656 0.3277327 0.3898017
0.2903147 0.3047255 0.4049598
0.3053603 0.3149222 0.3797175
0.3342065 0.2858957 0.3798978
0.3030609 0.3147201 0.382219
0.3066869 0.3170382 0.376275
0.31098 0.3008501 0.3881699
0.2906854 0.3223743 0.3869403
0.3203118 0.3006133 0.379075
0.277538 0.3378753 0.3845866
0.2971741 0.3192085 0.3836174
0.3079855 0.3116306 0.380384
0.3009661 0.3263164 0.3727175
0.2923253 0.300737 0.4069377
0.2875859 0.3189543 0.3934599
0.3003588 0.3085516 0.3910896
0.3049087 0.2879178 0.4071735
0.2835404 0.3080877 0.4083719
0.3021959 0.3088919 0.3889122
0.2886063 0.3089469 0.4024468
0.3168878 0.291972 0.3911403
0.3103199 0.3272729 0.3624072
0.2877073 0.3098075 0.4024851
0.2880753 0.3063733 0.4055513
0.2908876 0.3133915 0.3957208
0.2972745 0.3286196 0.3741059
0.2945071 0.3021045 0.4033885
0.293699 0.3018097 0.4044913
0.3110039 0.3062328 0.3827634
0.2832403 0.342502 0.3742577
0.2757182 0.3059382 0.4183435
0.2876901 0.3310028 0.3813071
0.2936207 0.3074211 0.3989582
0.3006381 0.3248895 0.3744724
0.2927124 0.2943365 0.4129511
0.3004635 0.3309122 0.3686243
0.2800028 0.3191763 0.4008209
0.3194984 0.3082024 0.3722992
0.2911793 0.3023313 0.4064893
0.3197684 0.2971366 0.3830951
0.3028226 0.3141998 0.3829776
0.2935769 0.3276805 0.3787425
0.2938612 0.2995248 0.406614
0.2843292 0.3138103 0.4018605
0.2819066 0.3004545 0.417639
0.2904816 0.3071971 0.4023213
0.2795369 0.3095261 0.410937
0.2748346 0.3245643 0.4006011
0.2939339 0.3230507 0.3830154
0.275676 0.3351076 0.3892164
0.3029359 0.3192949 0.3777691
0.2908498 0.3063883 0.4027619
0.3214027 0.3069583 0.371639
0.3002598 0.3108723 0.3888679
0.2926902 0.3026923 0.4046175
0.2669838 0.3236101 0.4094061
0.2758914 0.3255996 0.3985091
0.3181527 0.3068731 0.3749742
0.3086249 0.319034 0.3723411
0.3011871 0.3202468 0.3785662
0.3224172 0.3054262 0.3721566
0.2918997 0.3253924 0.3827079
0.3128864 0.3178602 0.3692534
0.2720437 0.3479774 0.3799789
0.314134 0.3324862 0.3533797
0.2928495 0.3056036 0.4015468
0.3191422 0.2969396 0.3839182
0.3063519 0.2997923 0.3938558
0.2883959 0.324558 0.387046
0.324705 0.2916632 0.3836318
0.2926204 0.3051205 0.4022591
0.2727291 0.334477 0.392794
0.3001113 0.3163471 0.3835416
0.3058782 0.3211169 0.3730049
0.2979821 0.3355291 0.3664888
0.2867417 0.3131569 0.4001014
0.2995084 0.3168187 0.3836729
0.3051085 0.3150852 0.3798063
0.2906425 0.3209904 0.3883672
0.295083 0.3061066 0.3988104
0.3123644 0.2964593 0.3911762
0.2609676 0.3203051 0.4187274
0.310281 0.3153302 0.3743888
0.3126423 0.2888416 0.3985161
0.2845032 0.3050895 0.4104072
0.2918594 0.3118924 0.3962481
0.3312253 0.3035881 0.3651866
0.2705518 0.3084632 0.4209849
0.3041855 0.3009289 0.3948856
0.2751429 0.3140067 0.4108504
0.2889008 0.3143905 0.3967087
0.3060382 0.3066634 0.3872984
0.2580507 0.3208504 0.4210988
0.3065774 0.3066226 0.3868
0.2942906 0.3079629 0.3977465
0.2972726 0.3003318 0.4023956
0.3188398 0.3164447 0.3647155
0.288237 0.3096496 0.4021134
0.2895464 0.3363854 0.3740682
0.3015171 0.3014952 0.3969877
0.3007302 0.307428 0.3918418
0.3074801 0.3042998 0.3882201
0.2908178 0.3082979 0.4008843
0.3100306 0.3188114 0.3711581
0.285536 0.2923608 0.4221032
0.2999904 0.322427 0.3775827
0.3038911 0.301101 0.3950079
0.2812377 0.3570073 0.3617549
0.287399 0.3007895 0.4118115
0.2995906 0.3394942 0.3609152
0.3153124 0.310892 0.3737956
0.3103945 0.3080367 0.3815688
0.3013978 0.2978192 0.400783
0.300673 0.3310839 0.3682431
0.3064327 0.312672 0.3808954
0.3110566 0.3040528 0.3848906
0.311702 0.2955846 0.3927134
0.2896805 0.3193539 0.3909656
0.3153631 0.312516 0.3721209
0.29472 0.3076158 0.3976642
0.274404 0.3236814 0.4019146
0.3073519 0.3177292 0.3749189
0.2889974 0.3209001 0.3901025
0.2989062 0.3047852 0.3963087
0.303366 0.3169048 0.3797292
0.3149553 0.3219235 0.3631212
0.3187825 0.3279727 0.3532447
0.2783137 0.3290505 0.3926358
0.3005434 0.3113719 0.3880847
0.2620931 0.3021037 0.4358032
0.2918808 0.2982205 0.4098988
0.2848113 0.3352076 0.3799811
0.3105215 0.32755 0.3619285
0.2885764 0.3310118 0.3804118
0.294396 0.3112525 0.3943516
0.2846463 0.311313 0.4040408
0.2921259 0.3043032 0.4035709
0.331207 0.3265586 0.3422344
0.29929 0.3115647 0.3891453
0.2912292 0.300029 0.4087418
0.2774288 0.3278691 0.3947021
0.2805979 0.3051518 0.4142503
0.2970809 0.3185642 0.3843549
0.2987369 0.2941743 0.4070888
0.2983026 0.3015583 0.4001391
0.2856696 0.3299063 0.3844241
0.2709438 0.2955778 0.4334784
0.3087542 0.306668 0.3845778
0.3191329 0.3166587 0.3642083
0.2854735 0.3133702 0.4011563
0.3100515 0.2909071 0.3990413
0.299088 0.3243529 0.3765591
0.30409 0.3264262 0.3694838
0.2930904 0.3049713 0.4019383
0.2936921 0.3197572 0.3865507
0.3140176 0.3114353 0.3745471
0.308912 0.3151414 0.3759466
0.2612277 0.3130707 0.4257016
0.2895664 0.3332119 0.3772217
0.2826619 0.3132136 0.4041245
0.282823 0.309394 0.4077829
0.2766044 0.3484329 0.3749627
0.2819112 0.3168772 0.4012117
0.3301365 0.2950594 0.3748041
0.2811855 0.3235982 0.3952163
0.2833525 0.3061427 0.4105048
0.3154119 0.301069 0.383519
0.2960798 0.3178626 0.3860576
0.2835862 0.3372134 0.3792005
0.298965 0.3030614 0.3979735
0.2859092 0.3180169 0.3960739
0.304747 0.3286914 0.3665616
0.2777216 0.3348892 0.3873892
0.3150081 0.3074884 0.3775035
0.2917229 0.2896173 0.4186598
0.2916256 0.3115392 0.3968352
0.3050547 0.2925729 0.4023724
0.2811768 0.3021103 0.416713
0.3030059 0.2922127 0.4047814
0.283054 0.3267201 0.3902259
0.3014786 0.300968 0.3975534
0.2964612 0.3015602 0.4019786
0.2997518 0.3098913 0.3903569
0.2930612 0.3146451 0.3922937
0.2916415 0.3101461 0.3982124
0.2909798 0.3222161 0.3868041
0.3038607 0.2899504 0.4061889
0.2674889 0.3078749 0.4246362
0.2863608 0.2993111 0.4143281
0.266644 0.3201484 0.4132075
0.321973 0.315556 0.3624709
0.3059661 0.284286 0.4097479
0.2844119 0.3242235 0.3913645
0.3119004 0.3071926 0.3809069
0.3392512 0.2889116 0.3718372
0.2964675 0.3166033 0.3869292
0.303693 0.3064906 0.3898163
0.2885788 0.3031464 0.4082748
0.3017876 0.315939 0.3822734
0.2774831 0.3453411 0.3771759
0.2864877 0.3605202 0.3529921
0.2718049 0.3245709 0.4036241
0.2705559 0.3180652 0.4113788
0.2834637 0.3330913 0.3834449
0.2900443 0.3058582 0.4040976
0.2934063 0.2846101 0.4219836
0.2859567 0.3304588 0.3835844
0.2926492 0.3120007 0.3953502
0.3029825 0.3046643 0.3923532
0.3045316 0.3155258 0.3799426
0.3320144 0.2881654 0.3798202
0.3040512 0.3047417 0.3912072
0.312431 0.2938788 0.3936902
0.3013258 0.3073888 0.3912854
0.2929756 0.3116769 0.3953475
0.3097527 0.2921687 0.3980787
0.2835415 0.3364448 0.3800138
0.2900259 0.3083395 0.4016346
0.2946554 0.3003019 0.4050427
0.3176542 0.3129842 0.3693616
0.3133899 0.2909722 0.3956379
0.3136999 0.3245691 0.361731
0.3031579 0.287027 0.4098151
0.2976355 0.3105993 0.3917652
0.3184184 0.3049122 0.3766695
0.3098721 0.3097832 0.3803447
0.3099637 0.3233599 0.3666763
0.3124928 0.2801894 0.4073179
0.3009988 0.2977253 0.4012759
0.2724664 0.3292289 0.3983047
0.3238915 0.2975097 0.3785987
0.283706 0.3263226 0.3899714
0.3101889 0.3137693 0.3760418
0.2547667 0.3234391 0.4217942
0.2644717 0.2950374 0.4404908
0.302089 0.2928075 0.4051035
0.2735461 0.3223053 0.4041487
0.2671003 0.3210846 0.4118151
0.2761161 0.3057795 0.4181044
0.2757481 0.3164923 0.4077596
0.3263323 0.2880918 0.3855759
0.2822725 0.3265218 0.3912057
0.301827 0.3057293 0.3924437
0.2837973 0.3187695 0.3974332
0.2813715 0.3181194 0.4005091
0.268087 0.3153322 0.4165809
0.272351 0.3177352 0.4099138
0.2715483 0.3195748 0.4088769
0.3062913 0.288544 0.4051648
0.3011391 0.3089626 0.3898983
0.3086611 0.3025246 0.3888143
0.283114 0.317678 0.3992079
0.2798608 0.3007588 0.4193804
0.2944848 0.3304737 0.3750415
0.3051509 0.3157888 0.3790603
0.2998105 0.3167169 0.3834726
0.3087043 0.3050753 0.3862204
0.3066409 0.3037421 0.389617
0.3023657 0.2921934 0.4054409
0.3063089 0.3434049 0.3502862
0.280683 0.322978 0.396339
0.3195627 0.2836643 0.396773
0.2970428 0.3205884 0.3823687
0.3120018 0.2940147 0.3939835
0.3287805 0.3151479 0.3560716
0.2787442 0.329436 0.3918198
0.2828802 0.3190921 0.3980277
0.3319724 0.2944275 0.3736001
0.2981133 0.3399342 0.3619525
0.2923796 0.3289734 0.378647
0.2781835 0.3161592 0.4056574
0.3039502 0.3105537 0.3854961
0.2866358 0.2960671 0.4172971
0.3117914 0.296595 0.3916136
0.3152674 0.3195179 0.3652148
0.2837251 0.3025375 0.4137375
0.2947417 0.298028 0.4072303
0.3197171 0.2875027 0.3927802
0.2989362 0.3151905 0.3858732
0.2980269 0.3078396 0.3941335
0.3136167 0.3031985 0.3831848
0.2823897 0.3131021 0.4045082
0.2882371 0.3158578 0.3959051
0.3099321 0.2931101 0.3969578
0.2931783 0.3238 0.3830217
0.2948351 0.3305718 0.3745931
0.2884501 0.3126836 0.3988663
0.2758801 0.3039418 0.4201782
0.3004827 0.3331868 0.3663306
0.288239 0.3099188 0.4018422
0.3010546 0.3189411 0.3800043
0.2979225 0.3303636 0.3717138
0.3097283 0.2962088 0.3940629
0.2965825 0.2956492 0.4077683
0.2932323 0.3178478 0.3889198
0.2818257 0.3084953 0.409679
0.3038687 0.3013237 0.3948077
0.3122266 0.2953148 0.3924586
0.2994735 0.330663 0.3698635
0.2851391 0.3105378 0.4043231
0.2912528 0.3284241 0.3803231
0.2999905 0.3087022 0.3913073
0.2895796 0.2964181 0.4140023
0.3081277 0.3131354 0.3787369
0.3001248 0.3044132 0.3954621
0.3053471 0.2998065 0.3948463
0.30935 0.3271759 0.3634741
0.3007518 0.3074507 0.3917975
0.2743886 0.3234445 0.4021668
0.304431 0.292118 0.403451
0.3200044 0.2996201 0.3803755
0.2879338 0.3062414 0.4058248
0.2605302 0.3242536 0.4152162
0.3063196 0.3306644 0.363016
0.285138 0.3179271 0.396935
0.3170507 0.3270333 0.355916
0.2913696 0.3118161 0.3968143
0.2848737 0.3201214 0.3950049
0.294786 0.3140314 0.3911826
0.2810565 0.2987885 0.420155
0.2994288 0.309823 0.3907482
0.3057978 0.3288145 0.3653877
0.3141605 0.3057654 0.3800741
0.2763977 0.3090797 0.4145226
0.2683113 0.3162152 0.4154735
0.2806398 0.3397175 0.3796427
0.2855773 0.3065244 0.4078983
0.2855181 0.3003078 0.4141741
0.2643986 0.300397 0.4352044
0.2890116 0.3048478 0.4061406
0.2953322 0.3159267 0.3887411
0.288443 0.301186 0.410371
0.3351401 0.2996336 0.3652263
0.2940154 0.3338517 0.3721329
0.2891475 0.2978534 0.4129991
0.3042137 0.321819 0.3739674
0.2947407 0.2906877 0.4145716
0.3208028 0.2924482 0.386749
0.3056172 0.3261928 0.3681899
0.2830168 0.323208 0.3937751
0.2718706 0.3349104 0.393219
0.2727545 0.3271541 0.4000914
0.3135101 0.2910987 0.3953912
0.2871954 0.310252 0.4025527
0.2906811 0.3140062 0.3953127
0.2858759 0.3211979 0.3929262
0.2864199 0.315139 0.3984411
0.3110737 0.3188579 0.3700684
0.3086969 0.2806218 0.4106813
0.2869258 0.33248 0.3805943
0.2736044 0.2994115 0.4269841
0.3080325 0.294745 0.3972225
0.2762676 0.3319377 0.3917948
0.3176286 0.2860654 0.3963059
0.2946114 0.2859231 0.4194655
0.3259362 0.2914993 0.3825645
0.3001373 0.3043007 0.395562
0.2748439 0.3271428 0.3980133
0.3014376 0.3111502 0.3874122
0.2741293 0.3139711 0.4118996
0.3058972 0.2938202 0.4002825
0.2815258 0.3198981 0.398576
0.3071926 0.309069 0.3837384
0.3484249 0.2889951 0.36258
0.2796108 0.3390342 0.381355
0.2687884 0.3133834 0.4178282
0.3110069 0.3045623 0.3844308
0.2854937 0.3187365 0.3957698
0.3010338 0.2937097 0.4052565
0.2744906 0.2854262 0.4400832
0.3065368 0.2993788 0.3940844
0.2915659 0.3249627 0.3834713
0.317572 0.2893852 0.3930427
0.2897603 0.3026943 0.4075454
0.296366 0.3394628 0.3641713
0.2695688 0.3151708 0.4152604
0.2957608 0.3298384 0.3744009
0.3048062 0.2987731 0.3964206
0.3119884 0.2980913 0.3899203
0.3007289 0.3230065 0.3762646
0.2802356 0.3243436 0.3954208
0.2772955 0.3244823 0.3982222
0.3138409 0.3073172 0.3788419
0.2856891 0.3105511 0.4037597
0.3290004 0.2864474 0.3845521
0.2856673 0.3436129 0.3707198
0.3027068 0.3147532 0.38254
0.3154215 0.309049 0.3755294
0.2943436 0.3232233 0.3824331
0.3084189 0.2887646 0.4028165
0.3117447 0.3098155 0.3784398
0.2949805 0.3247652 0.3802543
0.3165745 0.316457 0.3669685
0.3045891 0.3164008 0.3790101
0.308126 0.3089389 0.3829351
0.2985636 0.304389 0.3970474
0.2864177 0.315487 0.3980953
0.2884156 0.3082721 0.4033123
0.2826365 0.3115827 0.4057808
0.2930986 0.319195 0.3877065
0.3140939 0.3097339 0.3761723
0.3166164 0.3050225 0.3783612
0.2917136 0.3081961 0.4000903
0.2970945 0.3046828 0.3982227
0.2849564 0.2993173 0.4157263
0.3079861 0.3270652 0.3649487
0.2980023 0.3319212 0.3700765
0.2863996 0.3253631 0.3882373
0.3136202 0.3008486 0.3855312
0.3079365 0.2983072 0.3937563
0.285371 0.3003737 0.4142553
0.3080588 0.3233909 0.3685503
0.2638626 0.3197353 0.4164021
0.3181383 0.2846679 0.3971938
0.2959157 0.306508 0.3975763
0.3059401 0.314078 0.379982
0.3064572 0.3098622 0.3836806
0.294374 0.3131535 0.3924726
0.3035873 0.2989806 0.3974321
0.2984094 0.3057704 0.3958202
0.3137556 0.2954044 0.39084
0.2923559 0.3189666 0.3886774
0.305713 0.3318397 0.3624473
0.3098111 0.3110777 0.3791112
0.2987914 0.3189989 0.3822097
0.2605199 0.3248375 0.4146426
0.2872915 0.3197201 0.3929884
0.2975368 0.3054114 0.3970518
0.3225211 0.2949723 0.3825066
0.3062312 0.3110691 0.3826997
0.3072223 0.2999709 0.3928067
0.2682387 0.3228225 0.4089388
0.3156493 0.278809 0.4055417
0.2991573 0.3239269 0.3769159
0.3170167 0.300025 0.3829583
0.29522 0.3160648 0.3887152
0.3116457 0.3086573 0.379697
0.2979902 0.3218102 0.3801996
0.2886511 0.3364247 0.3749243
0.2801977 0.310603 0.4091993
0.2703656 0.337071 0.3925634
0.3028214 0.3313774 0.3658012
0.3137594 0.3263706 0.35987
0.286262 0.3119373 0.4018007
0.3180038 0.2969429 0.3850533
0.3051933 0.3109323 0.3838743
0.3035684 0.3295739 0.3668577
0.2996448 0.3117379 0.3886174
0.2891348 0.3266806 0.3841846
0.3070674 0.2922265 0.4007061
0.2977664 0.3143454 0.3878882
0.3069388 0.330055 0.3630061
0.3001492 0.3266895 0.3731613
0.3092659 0.3072359 0.3834981
0.3146119 0.3010381 0.38435
0.3101256 0.3246954 0.3651789
0.3023515 0.3025242 0.3951242
0.3010377 0.296118 0.4028443
0.2981134 0.3095469 0.3923397
0.2941453 0.2811207 0.424734
0.3191889 0.3149647 0.3658463
0.2804758 0.3206584 0.3988657
0.2797996 0.3038109 0.4163894
0.2986437 0.3142819 0.3870743
0.2845776 0.3045846 0.4108379
0.2838048 0.3436701 0.3725252
0.3056645 0.307459 0.3868765
0.2975101 0.3209353 0.3815546
0.272635 0.3145369 0.4128281
0.2873094 0.2884634 0.4242272
0.2827668 0.2981785 0.4190547
0.2970251 0.3260632 0.3769118
0.2873678 0.3266877 0.3859445
0.3312763 0.3145493 0.3541744
0.2593588 0.3405517 0.4000895
0.3025324 0.3065663 0.3909013
0.2957761 0.3154658 0.3887581
0.3122897 0.3059643 0.381746
0.2660445 0.3002997 0.4336558
0.3119015 0.3073297 0.3807688
0.2839031 0.3198998 0.3961971
0.3082344 0.3143325 0.3774331
0.2995938 0.3016878 0.3987184
0.2979903 0.3087568 0.3932529
0.2974979 0.3347271 0.367775
0.2943791 0.2946753 0.4109455
0.2673207 0.3441357 0.3885436
0.2972832 0.3043367 0.39838
0.3041006 0.3213911 0.3745083
0.2754348 0.3490586 0.3755066
0.2843378 0.342305 0.3733572
0.3135204 0.3246143 0.3618654
0.3058374 0.2818398 0.4123228
0.2981869 0.2935026 0.4083105
0.3021471 0.3223909 0.3754619
0.2844168 0.3271283 0.3884549
0.2927331 0.3041464 0.4031205
0.3051038 0.3169605 0.3779357
0.2766102 0.3061734 0.4172163
0.31786 0.2909299 0.3912101
0.2923715 0.3179963 0.3896322
0.2980966 0.3328127 0.3690906
0.2916989 0.3093687 0.3989324
0.2795174 0.320688 0.3997946
0.2629696 0.3296936 0.4073368
0.2941424 0.2991535 0.4067041
0.2743695 0.3186619 0.4069686
0.2757601 0.3251272 0.3991128
0.2979361 0.3110374 0.3910265
0.3084946 0.2983368 0.3931685
0.2846538 0.3004524 0.4148938
0.2920109 0.3064646 0.4015245
0.2737109 0.3258934 0.4003957
0.2832229 0.3188935 0.3978836
0.3008991 0.3024635 0.3966374
0.3005384 0.323274 0.3761877
0.313541 0.3121794 0.3742795
0.2934305 0.3158736 0.3906959
0.27596 0.320577 0.4034631
0.3164285 0.2940396 0.3895319
0.3277507 0.2939476 0.3783017
0.2912942 0.3275344 0.3811714
0.2863478 0.3247241 0.3889281
0.2953346 0.3026141 0.4020514
0.2969733 0.3133474 0.3896793
0.2812604 0.3214027 0.3973369
0.2932522 0.3179907 0.388757
0.3013155 0.3319919 0.3666926
0.2861311 0.3130978 0.400771
0.3042743 0.3113191 0.3844065
0.2848516 0.3109116 0.4042367
0.2812344 0.3144142 0.4043515
0.3205608 0.3093617 0.3700776
0.2991053 0.286108 0.4147867
0.2794666 0.3265524 0.393981
0.303334 0.3159077 0.3807582
0.2827514 0.2955104 0.4217382
0.2957416 0.323404 0.3808545
0.3145634 0.315277 0.3701596
0.2909071 0.3100655 0.3990273
0.2852834 0.3250513 0.3896653
0.286019 0.2998448 0.4141362
0.3117965 0.299382 0.3888215
0.2945633 0.3086405 0.3967962
0.3292779 0.2812424 0.3894797
0.2868975 0.2900073 0.4230951
0.2756051 0.3318755 0.3925194
0.2890108 0.3105417 0.4004475
0.2902294 0.3113729 0.3983977
0.3019969 0.3256038 0.3723994
0.2890712 0.3016616 0.4092671
0.2869778 0.3384403 0.3745818
0.2873575 0.3134449 0.3991976
0.2690644 0.3300873 0.4008483
0.3186079 0.303689 0.3777031
0.3254621 0.3052127 0.3693253
0.2838146 0.310506 0.4056794
0.3172304 0.3187627 0.3640069
0.3013147 0.2967843 0.401901
0.2783624 0.305868 0.4157696
0.3051286 0.3203738 0.3744976
0.2936542 0.2728438 0.433502
0.3175848 0.2952476 0.3871677
0.2827773 0.3323197 0.3849029
0.2924688 0.2691654 0.4383659
0.3115345 0.3170875 0.3713779
0.300918 0.3005193 0.3985627
0.2961695 0.3289547 0.3748758
0.3043044 0.2867788 0.4089168
0.3154437 0.3173458 0.3672105
0.272934 0.3191393 0.4079267
0.3034728 0.3077034 0.3888238
0.2992229 0.3338671 0.36691
0.3050553 0.3093389 0.3856058
0.2864001 0.3013966 0.4122032
0.3038841 0.3108037 0.3853123
0.2939639 0.3136722 0.3923639
0.2910438 0.3226076 0.3863485
0.2993504 0.2970899 0.4035597
0.3027731 0.3123385 0.3848884
0.3076963 0.3047776 0.3875261
0.3019096 0.3002459 0.3978446
0.2770437 0.3233679 0.3995884
0.2904376 0.3069614 0.402601
0.2764415 0.3161317 0.4074268
0.2915145 0.3072913 0.4011942
0.3061622 0.3195647 0.3742731
0.2968217 0.3128668 0.3903115
0.3113094 0.3113168 0.3773738
0.2872933 0.3125514 0.4001553
0.3187955 0.3280945 0.35311
0.2841057 0.3111303 0.404764
0.2994081 0.3197081 0.3808838
0.3035042 0.3313969 0.3650989
0.3096493 0.3155485 0.3748022
0.2862083 0.3058818 0.4079099
0.2888026 0.3285775 0.3826199
0.286767 0.3142623 0.3989707
0.3213049 0.3308982 0.3477969
0.3041884 0.3270976 0.368714
0.3192214 0.2981639 0.3826147
0.3060518 0.3180383 0.3759099
0.2840226 0.3190993 0.3968781
0.3022488 0.3293348 0.3684164
0.3230813 0.3298651 0.3470536
0.3163212 0.3057809 0.377898
0.2805785 0.3197525 0.399669
0.2970509 0.3258622 0.3770869
0.3122848 0.3006605 0.3870547
0.2908313 0.3136919 0.3954768
0.3010034 0.3122984 0.3866982
0.3193037 0.3058552 0.374841
0.2843412 0.3080891 0.4075697
0.2835298 0.3362073 0.3802629
0.3154359 0.3066696 0.3778945
0.2857313 0.3138647 0.400404
0.317961 0.31309 0.3689489
0.3070473 0.2962549 0.3966978
0.3074552 0.3239168 0.3686281
0.3246314 0.2802682 0.3951004
0.3257759 0.2853414 0.3888827
0.2904342 0.321493 0.3880728
0.3029938 0.3311859 0.3658203
0.2800225 0.3169331 0.4030444
0.3010244 0.2998401 0.3991355
0.2864497 0.3417535 0.3717969
0.2951265 0.3183688 0.3865047
0.2932808 0.3144131 0.3923061
0.3146566 0.3196835 0.3656599
0.317812 0.3040544 0.3781336
0.3014526 0.3066126 0.3919348
0.2707841 0.3067389 0.4224771
0.2850451 0.3126785 0.4022763
0.2987094 0.2949594 0.4063312
0.2915097 0.3055451 0.4029452
0.3004526 0.2886872 0.4108602
0.2891495 0.3236965 0.3871541
0.2914827 0.3283341 0.3801832
0.3123685 0.2925093 0.3951222
0.2913153 0.3125879 0.3960968
0.2959636 0.3047987 0.3992377
0.3043135 0.3264971 0.3691894
0.286362 0.3287822 0.3848557
0.3161674 0.2888939 0.3949386
0.277605 0.3200166 0.4023784
0.2885098 0.3453926 0.3660975
0.2815329 0.3299259 0.3885413
0.2961933 0.3213177 0.382489
0.2936952 0.3029967 0.4033081
0.2883821 0.3167448 0.3948731
0.3078805 0.3090296 0.3830899
0.2956434 0.3055191 0.3988375
0.3167181 0.2963767 0.3869052
0.2778348 0.3007482 0.421417
0.281539 0.3261947 0.3922663
0.290301 0.3259127 0.3837863
0.2961151 0.2966016 0.4072834
0.2685753 0.3214767 0.409948
0.3073322 0.2988444 0.3938234
0.2926698 0.3135529 0.3937773
0.2955092 0.312897 0.3915938
0.2926186 0.2958691 0.4115123
0.3024468 0.2976197 0.3999335
0.2780653 0.3293202 0.3926145
0.2945785 0.3248587 0.3805628
0.291175 0.3139712 0.3948538
0.3057577 0.2980283 0.396214
0.2970472 0.2974084 0.4055444
0.2950298 0.3302081 0.3747622
0.2805865 0.3134571 0.4059564
0.2920817 0.298257 0.4096612
0.3033542 0.3298715 0.3667743
0.3040401 0.3111277 0.3848322
0.2676729 0.3325779 0.3997493
0.3139107 0.3078298 0.3782595
0.3158533 0.3122597 0.371887
0.3142219 0.2958372 0.389941
0.3213778 0.2883327 0.3902895
0.3046749 0.3103848 0.3849403
0.2982915 0.2887471 0.4129613
0.293894 0.3265147 0.3795913
0.3161728 0.297495 0.3863321
0.2742206 0.3175936 0.4081858
0.2800871 0.3154583 0.4044547
0.2620435 0.3220045 0.415952
0.283349 0.3229558 0.3936952
0.2713855 0.3216807 0.4069339
0.2930319 0.2930109 0.4139572
0.2916007 0.3075186 0.4008807
0.2746304 0.3178481 0.4075216
0.3096375 0.3163477 0.3740148
0.2892811 0.3366348 0.3740842
0.3063371 0.3104166 0.3832464
0.2926378 0.320227 0.3871353
0.320148 0.3133215 0.3665305
0.2911538 0.3073824 0.4014638
0.3275083 0.3115862 0.3609055
0.2993017 0.3187051 0.3819931
0.3049271 0.2934501 0.4016228
0.3268171 0.2920422 0.3811407
0.2971242 0.3103079 0.3925679
0.3219562 0.2973173 0.3807265
0.3348295 0.2886149 0.3765556
0.2859118 0.2932252 0.4208629
0.3169234 0.3158967 0.36718
0.3012318 0.312594 0.3861742
0.3023964 0.3165037 0.3810999
0.2795504 0.3113169 0.4091326
0.2893151 0.3206171 0.3900679
0.3015556 0.2757118 0.4227326
0.2875577 0.320796 0.3916463
0.3090093 0.3170678 0.3739229
0.2574426 0.3381425 0.4044149
0.2937698 0.3260561 0.3801741
0.3017246 0.3067933 0.3914821
0.2888843 0.3130512 0.3980644
0.2968119 0.3101806 0.3930075
0.2839318 0.3149177 0.4011505
0.2846347 0.3245607 0.3908046
0.2868136 0.3050322 0.4081543
0.2940546 0.3437988 0.3621465
0.2987338 0.3267307 0.3745355
0.3070099 0.3184087 0.3745814
0.2958594 0.287985 0.4161556
0.306958 0.3138235 0.3792185
0.3076261 0.3061499 0.386224
0.2830763 0.3174631 0.3994606
0.2856868 0.3220958 0.3922174
0.2713417 0.3008898 0.4277684
0.2859525 0.3390537 0.3749938
0.2801537 0.2976259 0.4222204
0.3009413 0.3120016 0.3870571
0.2867676 0.3293184 0.383914
0.2926303 0.3221448 0.3852249
0.3135428 0.3037714 0.3826857
0.273956 0.3366084 0.3894357
0.3083752 0.3144266 0.3771982
0.3116816 0.3035191 0.3847992
0.3013668 0.3090025 0.3896308
0.3124812 0.2942547 0.3932641
0.3196335 0.3036322 0.3767343
0.3178425 0.2993722 0.3827852
0.3117097 0.291194 0.3970963
0.2834699 0.3165247 0.4000054
0.2853931 0.3204024 0.3942045
0.3135405 0.297101 0.3893584
0.3048648 0.3008061 0.3943291
0.3200772 0.3280391 0.3518837
0.2883802 0.321228 0.3903919
0.2942265 0.3062227 0.3995508
0.2994377 0.3077192 0.3928431
0.2656463 0.3466147 0.387739
0.3161098 0.2692208 0.4146694
0.2881818 0.32221 0.3896082
0.2846933 0.3044099 0.4108968
0.2996318 0.3124423 0.387926
0.3206955 0.3033933 0.3759111
0.2866934 0.2899694 0.4233373
0.310202 0.3149975 0.3748006
0.2979159 0.3000848 0.4019993
0.292318 0.2948899 0.4127921
0.312192 0.3197121 0.3680959
0.3192662 0.2932971 0.3874367
0.3143488 0.2933106 0.3923406
0.2942403 0.336028 0.3697317
0.3124575 0.3247026 0.36284
0.3026249 0.3460625 0.3513125
0.3007833 0.3246798 0.3745369
0.2998955 0.2961927 0.4039118
0.2845626 0.3275005 0.3879369
0.2881045 0.2930354 0.4188602
0.284701 0.3195547 0.3957443
0.2981058 0.2869681 0.4149261
0.2903497 0.2912893 0.418361
0.2826256 0.3102886 0.4070858
0.2949925 0.3116451 0.3933625
0.3157122 0.2786774 0.4056103
0.2874232 0.3404525 0.3721244
0.2709704 0.3192797 0.4097499
0.2732147 0.3128986 0.4138867
0.2792813 0.3325303 0.3881884
0.278391 0.323557 0.398052
0.3080541 0.3057328 0.3862131
0.2948122 0.2959142 0.4092736
0.3106358 0.3089695 0.3803947
0.2937117 0.2991999 0.4070884
0.2768438 0.320879 0.4022772
0.3175765 0.314585 0.3678385
0.2927034 0.3164361 0.3908605
0.2926596 0.3002877 0.4070527
0.3102106 0.3006184 0.389171
0.3275122 0.3163248 0.3561629
0.2986609 0.2871057 0.4142334
0.2601879 0.3178009 0.4220112
0.3037908 0.3103372 0.385872
0.279227 0.3407513 0.3800216
0.2946902 0.3161162 0.3891936
0.3095953 0.3175356 0.372869
0.2895852 0.3105784 0.3998364
0.2894837 0.3138677 0.3966486
0.3105056 0.3006089 0.3888855
0.2931128 0.316257 0.3906303
0.2779988 0.3248778 0.3971234
0.3105334 0.2994439 0.3900227
0.2957464 0.3065637 0.3976899
0.3034162 0.2998817 0.3967021
0.3089313 0.3098335 0.3812352
0.2772461 0.3211787 0.4015752
0.3219712 0.3122312 0.3657976
0.285319 0.3128243 0.4018568
0.3136489 0.3033038 0.3830473
0.2878574 0.3036927 0.4084499
0.3015367 0.3084333 0.39003
0.2948953 0.3044243 0.4006804
0.3187218 0.3051893 0.3760889
0.2998989 0.317103 0.382998
0.3081219 0.3139154 0.3779627
0.2891632 0.3160955 0.3947413
0.2921731 0.3291603 0.3786666
0.2959805 0.3162095 0.38781
0.2980052 0.2931365 0.4088583
0.2906421 0.3176167 0.3917412
0.3232468 0.29239 0.3843632
0.2993364 0.3228438 0.3778199
0.2972515 0.3241386 0.3786099
0.3030797 0.3204566 0.3764636
0.3118502 0.3082277 0.3799221
0.2855967 0.3152049 0.3991984
0.2850141 0.2710446 0.4439413
0.314214 0.3202598 0.3655261
0.284062 0.3300594 0.3858785
0.3134041 0.3076029 0.3789929
0.2886499 0.3097773 0.4015728
0.3256581 0.312054 0.362288
0.2911236 0.3012414 0.4076349
0.3001718 0.318666 0.3811622
0.2740005 0.3215155 0.4044841
0.2922941 0.3142198 0.393486
0.3006586 0.3181281 0.3812133
0.2956887 0.2934998 0.4108115
0.2897554 0.340975 0.3692696
0.3115059 0.3061693 0.3823248
0.284195 0.3083925 0.4074125
0.2742084 0.3148472 0.4109444
0.2977931 0.3233237 0.3788833
0.2482947 0.3248251 0.4268802
0.3047706 0.3257683 0.3694611
0.2864928 0.3341377 0.3793695
0.298377 0.2960409 0.4055822
0.308562 0.2868254 0.4046127
0.2807353 0.3400266 0.3792381
0.3139755 0.3030028 0.3830217
0.3017065 0.2936425 0.404651
0.305337 0.30486 0.389803
0.2895806 0.3011267 0.4092928
0.3119268 0.2958986 0.3921746
0.2998934 0.3128632 0.3872435
0.3093571 0.300611 0.3900318
0.2917515 0.3283867 0.3798618
0.2932521 0.3004632 0.4062847
0.3053468 0.2999979 0.3946553
0.2975928 0.3196162 0.3827909
0.2901154 0.3113014 0.3985833
0.2977907 0.2996579 0.4025514
0.2848334 0.2957545 0.4194121
0.3535084 0.2837373 0.3627543
0.2897102 0.3187508 0.391539
0.2814447 0.3306905 0.3878648
0.2871263 0.3151538 0.3977199
0.3056421 0.2984741 0.3958839
0.2948071 0.3258907 0.3793022
0.3133544 0.3069371 0.3797085
0.2755532 0.3127079 0.4117389
0.2814644 0.3168054 0.4017301
0.2993717 0.3091634 0.3914649
0.3043952 0.2799293 0.4156755
0.2623295 0.3354221 0.4022484
0.2874489 0.3023909 0.4101603
0.318837 0.3059603 0.3752026
0.2972016 0.2857859 0.4170125
0.2992696 0.3163441 0.3843863
0.3088438 0.2876396 0.4035166
0.2922504 0.3104002 0.3973494
0.3097455 0.3206275 0.369627
0.2831784 0.3174427 0.3993789
0.2805868 0.3324456 0.3869675
0.3102566 0.3282678 0.3614756
0.2932211 0.3095476 0.3972314
0.2904375 0.3037316 0.4058309
0.2790592 0.3099949 0.4109459
0.3346662 0.3021575 0.3631763
0.3153526 0.3017732 0.3828742
0.2893244 0.3161071 0.3945684
0.2796037 0.31775 0.4026462
0.3179228 0.3276354 0.3544418
0.3079094 0.3441914 0.3478992
0.3024967 0.3108091 0.3866941
0.2829541 0.3181764 0.3988695
0.2684455 0.3303076 0.4012469
0.2954324 0.2971011 0.4074665
0.3061984 0.3017762 0.3920254
0.3088758 0.2982732 0.392851
0.2986427 0.2971961 0.4041612
0.28834 0.3184319 0.3932281
0.3132919 0.3146301 0.372078
0.2734025 0.3138243 0.4127732
0.3059412 0.3096091 0.3844497
0.3232151 0.291889 0.3848959
0.313696 0.2983092 0.3879948
0.2785883 0.3188631 0.4025486
0.2816178 0.3204592 0.397923
0.3013262 0.3050986 0.3935751
0.2896642 0.3110168 0.3993191
0.2877242 0.3188162 0.3934596
0.3138009 0.3154197 0.3707794
0.2972916 0.322566 0.3801423
0.3247176 0.2952302 0.3800522
0.3114892 0.2840431 0.4044678
0.3039045 0.2940245 0.4020711
0.2674097 0.2905188 0.4420715
0.2874784 0.3216486 0.390873
0.2911869 0.3057286 0.4030845
0.2850185 0.3088592 0.4061223
