"p_1" "p_2" "p_3"
0.7717633 0.171804 0.05643265
0.7960532 0.1541236 0.04982321
0.78211 0.1645354 0.05335458
0.7920919 0.1506296 0.05727849
0.7820954 0.1670448 0.05085979
0.8016231 0.1454778 0.05289915
0.8103169 0.1475521 0.04213099
0.7645927 0.160947 0.07446036
0.7891526 0.1487817 0.06206561
0.777887 0.162651 0.05946191
0.7818683 0.1597727 0.05835896
0.7746669 0.1681643 0.05716879
0.7546593 0.1969209 0.04841987
0.773859 0.1651097 0.06103124
0.7924122 0.1618926 0.04569519
0.8047316 0.1410642 0.05420418
0.7636248 0.1742012 0.06217398
0.7511733 0.1944207 0.05440604
0.7785724 0.1767824 0.04464521
0.7573759 0.1806172 0.06200694
0.7883139 0.1550768 0.05660931
0.7936356 0.1582114 0.04815301
0.7946906 0.1559918 0.04931755
0.7893542 0.1569323 0.05371352
0.7803837 0.1643469 0.05526937
0.7872234 0.1611845 0.05159209
0.8038691 0.1574358 0.03869511
0.7876854 0.1620722 0.05024241
0.7802442 0.156855 0.06290079
0.763822 0.180776 0.05540204
0.7775094 0.1537482 0.06874238
0.7788148 0.1743911 0.04679416
0.7862767 0.1582222 0.05550114
0.7895827 0.1554511 0.05496614
0.790062 0.1543881 0.05554988
0.7834263 0.1583598 0.05821399
0.7882681 0.1463974 0.06533455
0.784718 0.1510227 0.06425933
0.7739355 0.1585999 0.06746463
0.7761504 0.1736184 0.05023125
0.8230276 0.1323533 0.04461909
0.8031121 0.1488412 0.04804671
0.7789056 0.1645601 0.05653436
0.7689517 0.1435117 0.08753658
0.7839664 0.15856 0.0574736
0.792157 0.158688 0.049155
0.7755023 0.1528349 0.07166286
0.7858575 0.1596911 0.05445139
0.7775636 0.165379 0.05705738
0.7547536 0.1928363 0.05241016
0.7764123 0.1751174 0.04847026
0.7695159 0.1511116 0.07937253
0.7805163 0.1706069 0.04887686
0.7868369 0.1670936 0.04606952
0.7587397 0.1703924 0.07086789
0.7839105 0.1610516 0.0550379
0.7797181 0.1566588 0.06362317
0.7856827 0.1648164 0.04950094
0.7814897 0.16818 0.05033034
0.7911052 0.1616736 0.04722125
0.7838729 0.1516807 0.06444642
0.7724084 0.1711814 0.05641022
0.7910002 0.1593174 0.04968235
0.7557352 0.1783036 0.06596124
0.7981933 0.1502212 0.05158548
0.7841925 0.1655589 0.05024859
0.7529277 0.1841534 0.06291883
0.7825356 0.1636615 0.05380288
0.7935639 0.160629 0.04580709
0.7948275 0.1560008 0.04917171
0.7895316 0.1669267 0.04354168
0.7824454 0.1698555 0.04769904
0.7798937 0.1550029 0.06510339
0.7445427 0.1992075 0.0562498
0.7829124 0.160873 0.05621462
0.7562703 0.1691866 0.07454306
0.7821286 0.158543 0.0593284
0.790954 0.1471125 0.0619335
0.7694585 0.1745917 0.05594979
0.7733674 0.1634813 0.06315133
0.7938797 0.1504505 0.05566982
0.7639358 0.1638204 0.07224385
0.7458983 0.200779 0.05332269
0.7779695 0.1697147 0.05231578
0.7687503 0.1662087 0.06504094
0.8010199 0.1478851 0.05109503
0.7773053 0.1369971 0.08569766
0.7890239 0.1557279 0.05524821
0.7885589 0.1703213 0.04111975
0.8073467 0.1344426 0.05821072
0.7796528 0.1740255 0.04632164
0.7951729 0.1552141 0.04961302
0.7713151 0.1607012 0.06798369
0.7981338 0.1544705 0.04739576
0.7704353 0.1678946 0.0616701
0.7981463 0.1454362 0.05641745
0.7754787 0.1694688 0.05505254
0.7707031 0.1876723 0.04162453
0.7953529 0.1608381 0.04380909
0.7813505 0.1626688 0.05598069
0.7751833 0.1693007 0.05551605
0.7935143 0.1642247 0.04226099
0.8131562 0.1407671 0.0460767
0.8002556 0.1535146 0.04622984
0.7979748 0.148486 0.05353918
0.782286 0.1648976 0.05281642
0.7869325 0.1616318 0.05143567
0.764088 0.1733904 0.06252162
0.7469003 0.1758287 0.077271
0.7566674 0.1803729 0.06295972
0.7833578 0.1638266 0.05281559
0.7925826 0.1521985 0.05521891
0.7807761 0.1711804 0.04804354
0.7928158 0.1531386 0.05404567
0.7754739 0.163618 0.06090819
0.7863728 0.1732877 0.04033949
0.7920192 0.1485673 0.05941356
0.7826246 0.1505084 0.06686696
0.7745339 0.1658047 0.05966145
0.7806626 0.1771655 0.04217188
0.793208 0.1534285 0.05336349
0.789397 0.1642388 0.04636416
0.7907008 0.1582873 0.05101191
0.7562256 0.1824203 0.06135406
0.7805593 0.1662542 0.05318644
0.7693472 0.1732458 0.05740704
0.7796784 0.1624797 0.0578419
0.7699936 0.1750543 0.05495213
0.7713422 0.1756277 0.05303004
0.7757994 0.1635938 0.06060679
0.7638934 0.1618538 0.07425277
0.7689911 0.1815879 0.049421
0.7934749 0.1611237 0.04540132
0.7559811 0.176812 0.06720684
0.7728513 0.1720847 0.05506406
0.76441 0.1802795 0.05531054
0.7637715 0.1865423 0.04968618
0.7698668 0.1697712 0.06036203
0.7495771 0.1778069 0.07261599
0.7560644 0.1953672 0.04856837
0.754779 0.1889225 0.05629844
0.7961045 0.1548619 0.04903358
0.8060888 0.1582387 0.03567249
0.7836763 0.1552025 0.06112115
0.8017854 0.1419743 0.05624032
0.7912014 0.1605943 0.04820431
0.8021732 0.1479203 0.04990652
0.7941204 0.154672 0.05120756
0.790957 0.1571849 0.05185816
0.7837536 0.1677234 0.04852305
0.7860509 0.1686278 0.04532129
0.7828156 0.1540203 0.06316406
0.7736804 0.1580738 0.06824583
0.7700663 0.1728901 0.0570436
0.791401 0.1601651 0.04843391
0.7985936 0.1521289 0.04927753
0.7762599 0.1695953 0.05414478
0.7692051 0.1766757 0.05411927
0.7955861 0.1476769 0.05673702
0.78843 0.1575211 0.05404897
0.7732912 0.1770169 0.04969186
0.8023859 0.1495314 0.04808272
0.7936174 0.1590552 0.04732732
0.7763911 0.1699331 0.05367575
0.7655666 0.1767407 0.05769268
0.766833 0.1814115 0.05175548
0.7828647 0.1650052 0.05213012
0.7683502 0.176415 0.05523481
0.7857471 0.1614681 0.05278474
0.7633706 0.1854468 0.05118262
0.7942843 0.1538574 0.05185833
0.7698083 0.1831029 0.04708878
0.7787371 0.161313 0.05994993
0.7705009 0.1627266 0.06677252
0.7971103 0.1413985 0.0614912
0.77506 0.1665174 0.05842268
0.7703112 0.1660758 0.06361301
0.7853088 0.1712555 0.04343573
0.792012 0.1488071 0.05918096
0.7943352 0.1537105 0.0519543
0.8021371 0.1526592 0.04520367
0.7650867 0.1884087 0.0465046
0.7857656 0.1599608 0.0542736
0.7640762 0.1711737 0.06475005
0.7883561 0.1605369 0.05110708
0.7770592 0.1600983 0.06284254
0.7879071 0.1525657 0.05952724
0.764838 0.1616847 0.07347726
0.7958247 0.1594669 0.04470837
0.7930627 0.1574311 0.04950615
0.7742744 0.1639981 0.06172752
0.7792645 0.1548588 0.06587665
0.7761016 0.1760287 0.04786974
0.787735 0.1495897 0.06267532
0.7681881 0.1712099 0.06060206
0.7824867 0.1671312 0.05038207
0.7689425 0.1703923 0.06066522
0.7931612 0.1642971 0.04254167
0.758396 0.182541 0.05906302
0.7754582 0.1630999 0.06144195
0.7836202 0.1553766 0.06100316
0.8009314 0.1568989 0.04216965
0.784527 0.1595535 0.05591958
0.7863585 0.156475 0.05716658
0.7766135 0.1575134 0.0658732
0.754422 0.1774715 0.06810653
0.7936175 0.1574322 0.04895036
0.7682087 0.181036 0.05075532
0.7600473 0.1885312 0.05142144
0.7925408 0.1542063 0.05325284
0.7982732 0.1485359 0.05319088
0.7780839 0.1739753 0.04794084
0.8009508 0.1497287 0.04932044
0.7875909 0.1493113 0.06309784
0.776057 0.181443 0.04249998
0.7888221 0.1673376 0.04384026
0.7689138 0.1854748 0.04561137
0.7672181 0.1902465 0.04253543
0.7762898 0.1649722 0.05873801
0.7820219 0.1689906 0.04898755
0.8074116 0.1321383 0.06045006
0.7720447 0.1916073 0.03634807
0.7850434 0.1688881 0.04606846
0.7792052 0.1620057 0.05878909
0.7897646 0.1649773 0.04525807
0.7786009 0.1553089 0.06609021
0.7729211 0.1629183 0.06416062
0.7733833 0.1777346 0.04888211
0.7772834 0.162808 0.05990859
0.7894109 0.1716483 0.03894075
0.7893425 0.1591468 0.05151073
0.7656816 0.1702487 0.06406966
0.7752589 0.1714966 0.05324451
0.780306 0.1613915 0.05830254
0.8031081 0.1489151 0.04797675
0.7787859 0.1661729 0.05504124
0.7968304 0.152742 0.0504276
0.7856927 0.1675179 0.04678936
0.7750741 0.1553073 0.06961851
0.7461369 0.1951386 0.05872448
0.7909475 0.1578307 0.05122184
0.7752127 0.1710145 0.05377288
0.7660273 0.1615708 0.07240193
0.7758062 0.1730151 0.05117866
0.7912641 0.1609629 0.04777301
0.7855697 0.1546133 0.05981706
0.7988055 0.1460891 0.05510539
0.8125717 0.1426905 0.0447378
0.7763633 0.171958 0.05167872
0.7799669 0.1611523 0.05888076
0.8245053 0.1392826 0.03621208
0.7897489 0.1536296 0.05662146
0.7529591 0.1742543 0.07278656
0.7568243 0.1892983 0.05387733
0.7687397 0.1877178 0.04354249
0.7966087 0.1532275 0.05016381
0.7828099 0.1682242 0.04896591
0.7731513 0.1673372 0.05951145
0.7857816 0.1640162 0.05020227
0.7894159 0.1566906 0.05389346
0.7535264 0.1857531 0.06072055
0.7883233 0.1629134 0.04876325
0.7760697 0.1745205 0.04940982
0.7714485 0.1829231 0.04562842
0.7705549 0.1833224 0.0461227
0.7853812 0.1595378 0.05508103
0.7481928 0.169752 0.08205516
0.7791978 0.1578791 0.06292307
0.7915526 0.1550627 0.05338468
0.7690477 0.1772484 0.05370396
0.7771119 0.1683967 0.05449139
0.7935606 0.1581303 0.04830913
0.7996418 0.1376346 0.06272366
0.792027 0.1550333 0.0529397
0.7682375 0.1771886 0.05457395
0.7606543 0.1825393 0.05680646
0.8010082 0.1389636 0.06002819
0.7763755 0.1460862 0.0775383
0.7613389 0.179596 0.05906507
0.7708129 0.1486666 0.08052055
0.7962425 0.148256 0.05550147
0.8027163 0.1392126 0.05807107
0.7875048 0.1664219 0.04607327
0.7892655 0.1668447 0.04388975
0.7843044 0.1655517 0.05014395
0.7837077 0.1582328 0.05805952
0.7731466 0.1631505 0.06370296
0.7689357 0.1705985 0.06046577
0.7709104 0.1752333 0.05385631
0.7934176 0.1547355 0.05184693
0.7879398 0.152533 0.0595272
0.7856402 0.1523685 0.0619913
0.778933 0.152222 0.06884501
0.7713815 0.1726515 0.055967
0.7460087 0.1938094 0.06018199
0.7842454 0.1663053 0.04944934
0.7955777 0.1514256 0.05299675
0.7881237 0.1564539 0.05542237
0.76273 0.1838583 0.05341171
0.7695039 0.1840138 0.04648235
0.7792174 0.1764523 0.04433026
0.7782904 0.1836728 0.03803684
0.776832 0.1580713 0.06509662
0.7691028 0.1776227 0.05327453
0.7669976 0.1561528 0.0768496
0.7957642 0.1529639 0.05127187
0.7668392 0.1807668 0.05239391
0.7775555 0.1759443 0.04650017
0.7928992 0.1534857 0.0536151
0.7492038 0.1938239 0.05697237
0.7899175 0.1482938 0.06178875
0.7984432 0.148542 0.05301475
0.7780643 0.1663151 0.05562059
0.7947712 0.1592894 0.04593937
0.776579 0.165562 0.05785891
0.781125 0.1519772 0.06689782
0.8097601 0.1355835 0.05465641
0.7817908 0.159507 0.05870225
0.7847825 0.1489176 0.06629994
0.7882888 0.1503514 0.06135981
0.7703874 0.1810669 0.04854576
0.7951831 0.1626957 0.04212117
0.7798862 0.174242 0.04587182
0.8014343 0.1383555 0.06021014
0.7941493 0.1530043 0.05284637
0.7691585 0.1758674 0.05497416
0.8001703 0.1495148 0.05031492
0.7810007 0.1736093 0.04538997
0.7863301 0.1684465 0.04522343
0.764837 0.1731355 0.06202747
0.7546515 0.1826094 0.06273909
0.7746762 0.1802236 0.04510026
0.7919782 0.1629301 0.04509175
0.7967006 0.1391101 0.06418923
0.7845742 0.158151 0.05727482
0.7959485 0.1541384 0.0499132
0.7898915 0.1597655 0.05034301
0.7818855 0.1576156 0.06049889
0.7873434 0.1648352 0.04782139
0.7949978 0.1571137 0.04788858
0.7878151 0.1597571 0.05242781
0.8018316 0.143391 0.05477743
0.7766503 0.1725016 0.05084807
0.7661401 0.1931147 0.0407452
0.789358 0.1610856 0.04955633
0.7979493 0.164547 0.03750366
0.7822615 0.1638455 0.05389297
0.7845178 0.1542856 0.06119662
0.7749342 0.1665709 0.05849486
0.7633137 0.1748106 0.06187572
0.7800621 0.1676534 0.05228447
0.7498052 0.1974094 0.05278544
0.7662189 0.1666296 0.06715148
0.7860669 0.1717445 0.04218852
0.7670815 0.169724 0.06319452
0.7830646 0.1640417 0.05289366
0.7770662 0.1740615 0.04887234
0.7982019 0.1538657 0.04793238
0.7818278 0.1617205 0.0564517
0.7800118 0.1597546 0.06023355
0.7775836 0.1725266 0.04988983
0.7818489 0.1643023 0.05384877
0.7879954 0.153162 0.05884258
0.7892672 0.1635402 0.0471926
0.7812658 0.1702333 0.04850083
0.7645984 0.1886898 0.04671175
0.7832698 0.1546425 0.06208761
0.7682045 0.1743713 0.0574242
0.7971182 0.153721 0.04916075
0.8078682 0.1410959 0.05103587
0.7688876 0.1723505 0.05876184
0.7737458 0.1631869 0.06306732
0.7908497 0.1590857 0.05006462
0.7789969 0.1628303 0.05817286
0.7760697 0.163342 0.06058826
0.7802102 0.1556205 0.0641693
0.793783 0.1571841 0.04903284
0.7965715 0.1440613 0.05936717
0.7811212 0.1670356 0.05184321
0.7851412 0.1543804 0.06047839
0.8005525 0.156783 0.04266451
0.7876962 0.1517394 0.06056441
0.7804216 0.1695541 0.05002435
0.8043614 0.1513224 0.04431618
0.7784757 0.1546712 0.06685309
0.7856818 0.1551113 0.05920689
0.7609154 0.1762879 0.06279665
0.8031895 0.1518463 0.04496422
0.7580524 0.1705841 0.07136345
0.7969263 0.1411236 0.06195008
0.7607357 0.1695252 0.06973905
0.7685267 0.1721004 0.05937289
0.7701197 0.1701289 0.05975144
0.7842871 0.1586405 0.05707242
0.7574632 0.1901036 0.05243327
0.7960167 0.1525937 0.05138958
0.7984095 0.154935 0.04665551
0.7745454 0.1779161 0.04753855
0.7790139 0.1606187 0.06036746
0.746913 0.1830244 0.07006259
0.7775149 0.1674994 0.05498571
0.7745757 0.1721763 0.05324803
0.7820307 0.1565124 0.06145693
0.785539 0.1652299 0.04923107
0.7777899 0.1666737 0.05553637
0.7475616 0.1916579 0.06078053
0.7846554 0.1651429 0.05020166
0.7791157 0.1540079 0.06687639
0.7479938 0.1814507 0.07055543
0.7794889 0.1630331 0.05747792
0.7778936 0.165105 0.05700147
0.7854785 0.1705603 0.04396122
0.7885724 0.1565831 0.05484451
0.7646882 0.172408 0.06290372
0.7882065 0.1638975 0.04789599
0.7891909 0.1526738 0.05813534
0.7776556 0.1650781 0.05726632
0.7507804 0.1887664 0.06045328
0.7552157 0.1974393 0.04734503
0.7764505 0.1611758 0.06237372
0.7905571 0.1494222 0.06002063
0.7960888 0.145369 0.05854223
0.7716844 0.1840266 0.04428901
0.7787545 0.1757452 0.04550032
0.7840704 0.1657337 0.05019586
0.783644 0.1591901 0.05716591
0.7828396 0.1648372 0.05232312
0.7651865 0.1702251 0.06458845
0.7735897 0.1592489 0.06716143
0.7845095 0.1540626 0.06142791
0.7903344 0.1512805 0.05838505
0.8000818 0.1397425 0.06017572
0.7819443 0.1609055 0.05715015
0.7935889 0.1588951 0.04751597
0.780757 0.1628346 0.05640834
0.8033463 0.1373413 0.05931239
0.7848466 0.1667779 0.04837549
0.7939011 0.1556662 0.05043267
0.7617306 0.1711069 0.06716247
0.7905028 0.1592169 0.05028032
0.7777054 0.1754863 0.04680825
0.78797 0.1668543 0.04517572
0.7762943 0.1659609 0.05774485
0.7774271 0.1704563 0.05211664
0.792197 0.160323 0.04748002
0.7645814 0.163062 0.07235654
0.7772614 0.1712423 0.05149628
0.7560037 0.1689658 0.07503053
0.7751649 0.1610141 0.06382108
0.8087483 0.1340264 0.05722527
0.7793705 0.1584968 0.06213265
0.7959379 0.1545706 0.04949151
0.739277 0.1762672 0.08445574
0.7786029 0.1627309 0.05866623
0.7948833 0.1604775 0.04463923
0.7749591 0.1780259 0.04701504
0.7925083 0.1621158 0.04537592
0.7996431 0.1530208 0.04733612
0.7969824 0.1479947 0.05502289
0.7665114 0.1881634 0.04532518
0.7830091 0.1647503 0.05224063
0.7813027 0.1562614 0.06243592
0.7953277 0.1520432 0.05262905
0.7769687 0.1596478 0.06338347
0.7867752 0.1618029 0.05142187
0.7857072 0.1717532 0.04253961
0.7735903 0.1550702 0.07133943
0.7643812 0.1621983 0.07342053
0.7742129 0.1569733 0.06881379
0.7804632 0.1614259 0.05811086
0.8068605 0.1361027 0.05703683
0.7889886 0.1587346 0.05227682
0.7887269 0.1558126 0.05546048
0.8070286 0.1535055 0.03946589
0.7933238 0.157593 0.04908314
0.7950852 0.1493886 0.05552618
0.7731758 0.1769365 0.04988763
0.7826548 0.1660273 0.05131788
0.8090045 0.1377124 0.05328308
0.8117556 0.1439371 0.04430727
0.7897074 0.1438701 0.06642248
0.7882666 0.1524652 0.0592682
0.793296 0.1503389 0.05636508
0.7963985 0.1480397 0.05556175
0.7849072 0.1609715 0.05412126
0.7751165 0.1585139 0.06636956
0.7867113 0.1563667 0.05692199
0.7683041 0.1903571 0.04133889
0.8010231 0.1475333 0.05144356
0.7599749 0.1931714 0.04685372
0.7736834 0.1575834 0.06873317
0.7764346 0.163635 0.05993042
0.7981882 0.1448307 0.05698115
0.7753058 0.1735111 0.05118319
0.772044 0.1696865 0.05826954
0.7775247 0.1616452 0.06083013
0.7745771 0.1731148 0.05230805
0.7865934 0.1639293 0.04947731
0.7763504 0.1743178 0.04933175
0.7669594 0.1767985 0.0562421
0.7591764 0.1839048 0.05691883
0.772599 0.1754301 0.05197088
0.7689711 0.1710359 0.05999303
0.8015546 0.1434143 0.05503102
0.7793534 0.1710917 0.04955491
0.766625 0.1886758 0.04469915
0.7778637 0.1651099 0.05702642
0.7562555 0.1979701 0.04577439
0.7645209 0.1800806 0.05539843
0.8023951 0.1410573 0.05654759
0.7790033 0.1707707 0.05022597
0.762604 0.1823156 0.05508039
0.7746723 0.158516 0.06681174
0.7849646 0.1598582 0.05517714
0.7731328 0.1714689 0.05539828
0.7811095 0.1764525 0.04243799
0.7877946 0.1637806 0.04842483
0.7819099 0.1581156 0.05997453
0.7832664 0.1562599 0.06047367
0.7550453 0.1838702 0.06108449
0.7879993 0.1686004 0.04340026
0.7804893 0.1684541 0.05105662
0.774478 0.1717842 0.05373786
0.7922947 0.161603 0.04610233
0.7690304 0.1825446 0.04842504
0.7951038 0.1597106 0.0451856
0.7813904 0.1501695 0.06844009
0.7954036 0.1510888 0.05350767
0.7773649 0.1608712 0.06176385
0.7708267 0.1823238 0.04684953
0.7713274 0.1688988 0.05977382
0.7784491 0.1625162 0.05903476
0.7977655 0.1529536 0.04928088
0.7682148 0.1672928 0.06449244
0.7897171 0.1582894 0.05199348
0.7953204 0.1586824 0.04599726
0.7736789 0.1736085 0.05271262
0.7843724 0.1586853 0.05694228
0.7826434 0.1650938 0.05226284
0.7750844 0.165891 0.05902456
0.7901567 0.152995 0.05684833
0.7640258 0.1836067 0.05236749
0.7693537 0.1759536 0.05469275
0.7808749 0.1590368 0.06008823
0.7980529 0.1442792 0.05766795
0.8087002 0.1349827 0.05631706
0.754593 0.1814443 0.06396273
0.7839918 0.1535418 0.06246633
0.7844475 0.1605675 0.05498506
0.7724644 0.1597966 0.06773898
0.7974041 0.1507584 0.05183753
0.785554 0.1557894 0.05865655
0.7708251 0.1703142 0.05886061
0.7883467 0.1529161 0.05873719
0.767531 0.1725773 0.0598917
0.766149 0.1633361 0.07051487
0.7662586 0.1792654 0.05447601
0.7938193 0.1546852 0.05149548
0.7661299 0.1740441 0.05982596
0.766617 0.1727921 0.06059089
0.7824622 0.1711652 0.04637253
0.7770659 0.1657085 0.05722558
0.7976707 0.152228 0.05010133
0.7567494 0.1802806 0.06297001
0.7807477 0.1641475 0.05510475
0.7787452 0.1566038 0.06465104
0.7840122 0.155596 0.06039175
0.7940581 0.1605537 0.0453882
0.7831904 0.1651428 0.05166676
0.7897924 0.1634893 0.04671826
0.7862612 0.1625487 0.0511901
0.7605553 0.1813035 0.05814123
0.7705099 0.1726666 0.05682346
0.7661717 0.1767214 0.05710686
0.8046293 0.1499089 0.04546179
0.8002545 0.1579215 0.041824
0.7603775 0.1722127 0.06740982
0.7782204 0.168211 0.05356864
0.7827225 0.1604758 0.05680167
0.7830305 0.1700701 0.04689945
0.7842556 0.1654089 0.05033547
0.7677251 0.1788368 0.05343805
0.769516 0.1657341 0.06474993
0.7779779 0.1571278 0.0648943
0.770626 0.1656421 0.06373184
0.7498966 0.1954607 0.0546428
0.7936959 0.1528396 0.05346455
0.7717008 0.1593774 0.06892172
0.7787287 0.1750166 0.04625478
0.7728965 0.1839298 0.04317375
0.8046546 0.1533348 0.04201065
0.759798 0.1761174 0.06408463
0.7737241 0.1765628 0.04971306
0.7825292 0.1654694 0.05200137
0.8031388 0.1440096 0.05285159
0.7895712 0.156688 0.05374085
0.7920507 0.1531642 0.0547851
0.7865372 0.1603556 0.05310718
0.7858218 0.1622602 0.05191804
0.766097 0.1698978 0.06400522
0.7714328 0.17212 0.05644725
0.799175 0.14447 0.05635498
0.7898648 0.1585564 0.05157879
0.7775396 0.1683603 0.05410017
0.7745003 0.1593181 0.06618161
0.7675324 0.1727675 0.05970011
0.790407 0.1481431 0.06144992
0.7812248 0.1622707 0.05650449
0.7651034 0.170271 0.06462557
0.7934907 0.1408755 0.06563374
0.76798 0.1670989 0.06492103
0.7949846 0.1493473 0.05566817
0.7764809 0.1642795 0.05923952
0.7779923 0.1571641 0.06484362
0.7710395 0.1673148 0.06164564
0.7640352 0.1813947 0.05457013
0.7779014 0.1617601 0.06033853
0.7997592 0.1494079 0.05083291
0.7932866 0.1586111 0.04810222
0.7997114 0.1656239 0.03466476
0.7868366 0.1552848 0.05787865
0.8024889 0.1578151 0.03969605
0.7832211 0.1713644 0.0454145
0.7736484 0.1535473 0.0728043
0.7859005 0.16933 0.04476957
0.7494368 0.1962909 0.05427229
0.7869209 0.1492819 0.0637972
0.761595 0.1813599 0.05704507
0.8006569 0.1524607 0.04688237
0.7901785 0.1646477 0.04517381
0.7751299 0.163459 0.06141103
0.7867775 0.1658377 0.04738479
0.7852378 0.1591062 0.05565597
0.7953349 0.1517262 0.05293895
0.77147 0.1682532 0.06027676
0.7901153 0.1599782 0.04990654
0.7782477 0.1571619 0.06459038
0.787477 0.1498239 0.06269906
0.7792247 0.1646847 0.05609056
0.7575514 0.1823062 0.06014241
0.7477106 0.1819067 0.07038272
0.7904586 0.1553724 0.05416896
0.7680067 0.1704602 0.06153305
0.7813976 0.1693737 0.04922863
0.8012579 0.146277 0.05246511
0.751589 0.1985265 0.04988457
0.7955318 0.1586954 0.04577274
0.7756152 0.160791 0.06359378
0.7420302 0.193923 0.06404679
0.7965064 0.1586046 0.04488899
0.7836678 0.1707968 0.0455354
0.7905076 0.156248 0.05324435
0.7798239 0.1663055 0.05387062
0.7849296 0.17219 0.04288047
0.7726587 0.1694296 0.05791164
0.7684891 0.173648 0.05786285
0.8034257 0.1389024 0.05767189
0.7740849 0.144218 0.08169709
0.7860132 0.1492783 0.06470845
0.7891105 0.1562405 0.05464905
0.7645717 0.1729568 0.06247144
0.78242 0.1600311 0.05754889
0.7792782 0.1715355 0.04918626
0.7570845 0.1747549 0.06816056
0.787499 0.1640517 0.04844936
0.7751927 0.1756204 0.04918683
0.7779482 0.1584717 0.06358011
0.7869665 0.1541109 0.05892255
0.7732413 0.1682301 0.05852863
0.7767502 0.1669403 0.05630951
0.7697006 0.1709251 0.05937433
0.783502 0.165871 0.05062705
0.7780172 0.1761512 0.0458316
0.785492 0.1618428 0.05266524
0.8067217 0.1339022 0.05937612
0.7830982 0.1472597 0.06964204
0.7727854 0.1710588 0.05615575
0.7635 0.1695808 0.06691923
0.7840415 0.1588761 0.05708246
0.7976687 0.1462341 0.0560972
0.7948685 0.1546269 0.05050459
0.7887841 0.1644691 0.04674675
0.7823528 0.1614218 0.05622536
0.7707538 0.1747773 0.05446887
0.7867663 0.156568 0.05666577
0.7771475 0.160348 0.06250455
0.8029479 0.1491458 0.04790623
0.7647656 0.1501824 0.08505203
0.7621186 0.1721369 0.06574451
0.7827212 0.1636519 0.05362693
0.7866936 0.1565339 0.05677248
0.804039 0.1415829 0.05437807
0.7730894 0.1668781 0.06003248
0.7890297 0.1538171 0.05715322
0.7981565 0.1568447 0.04499887
0.7889174 0.1567819 0.05430062
0.7952665 0.1514075 0.05332598
0.7784273 0.1648845 0.05668818
0.8004281 0.1511138 0.04845819
0.7963814 0.1361852 0.06743342
0.7882545 0.1717648 0.03998065
0.7860621 0.1591632 0.0547746
0.777205 0.161634 0.06116093
0.7778577 0.173948 0.04819423
0.7946721 0.1552678 0.05006003
0.7802215 0.1618425 0.05793606
0.7949312 0.1541215 0.05094731
0.7790636 0.166951 0.05398539
0.7909027 0.1622795 0.04681772
0.78675 0.158678 0.05457191
0.796539 0.1390628 0.06439819
0.7729595 0.1739797 0.05306076
0.7801906 0.1632102 0.05659923
0.7915299 0.1487176 0.0597525
0.7754244 0.1733909 0.05118464
0.7705 0.1631597 0.0663403
0.7646802 0.1706196 0.06470019
0.7601189 0.1778875 0.06199366
0.7772677 0.175712 0.04702036
0.7894664 0.1573225 0.05321113
0.7867111 0.1632545 0.05003437
0.7778937 0.1724253 0.04968101
0.7685384 0.1784418 0.05301974
0.792088 0.1554033 0.05250873
0.7694197 0.162465 0.06811529
0.740118 0.1877589 0.07212316
0.7779185 0.1691651 0.05291641
0.7941572 0.1544277 0.05141506
0.7584667 0.1910794 0.05045388
0.8028042 0.141742 0.05545373
0.7686042 0.1793893 0.05200646
0.7754344 0.1647532 0.05981233
0.768551 0.1897026 0.04174636
0.7649092 0.1791151 0.0559757
0.7914054 0.1573756 0.05121898
0.7816572 0.160826 0.05751675
0.7993176 0.1495961 0.05108629
0.7574311 0.1888101 0.05375887
0.7576814 0.1851332 0.05718541
0.7618999 0.1837107 0.0543894
0.7799492 0.1600629 0.05998789
0.7894019 0.1541808 0.05641728
0.7869892 0.1608784 0.05213239
0.8096396 0.1277239 0.06263654
0.7689692 0.1708719 0.06015892
0.7850741 0.1566778 0.05824804
0.7636136 0.1742947 0.06209176
0.7870547 0.1628371 0.05010825
0.8041339 0.1329787 0.0628874
0.7639683 0.1779389 0.05809278
0.7572592 0.1888037 0.05393719
0.8010322 0.1428676 0.05610022
0.7752464 0.1572996 0.06745405
0.7933939 0.157749 0.04885715
0.7880602 0.1632044 0.04873535
0.7679538 0.1817696 0.05027657
0.7545764 0.199656 0.04576762
0.7854057 0.1549507 0.05964363
0.7981873 0.142752 0.05906068
0.7761255 0.1751929 0.04868156
0.7738384 0.1719437 0.05421781
0.7941036 0.1547304 0.05116601
0.7889951 0.1573401 0.05366482
0.7950499 0.1451279 0.05982216
0.7553983 0.1605456 0.0840561
0.7867616 0.1501521 0.06308634
0.7894698 0.1525613 0.0579689
0.7683508 0.169723 0.06192618
0.7799075 0.1691679 0.05092461
0.7851316 0.1692419 0.04562654
0.7987099 0.1534778 0.04781232
0.7790317 0.1565802 0.0643881
0.7787174 0.1631942 0.05808835
0.7775631 0.172837 0.04959997
0.7891202 0.1522105 0.05866928
0.7615054 0.1787704 0.05972421
0.8074619 0.1533371 0.03920105
0.7635356 0.1734673 0.06299717
0.7726325 0.1689685 0.05839904
0.7697002 0.1754996 0.05480023
0.765538 0.1777517 0.05671033
0.7626698 0.1797274 0.05760287
0.8001129 0.1462115 0.05367554
0.7772472 0.1678017 0.05495104
0.7888514 0.1520705 0.05907806
0.8021042 0.1513404 0.04655547
0.7916947 0.1578314 0.05047396
0.794179 0.1622389 0.0435821
0.7550828 0.1920217 0.05289545
0.7998188 0.1461792 0.05400197
0.8028114 0.1439343 0.05325434
0.785611 0.1581608 0.05622819
0.787768 0.1628191 0.04941281
0.7836321 0.160324 0.05604385
0.7616592 0.18102 0.05732079
0.7924945 0.1628892 0.04461631
0.7843093 0.1696953 0.04599537
0.7918612 0.1528872 0.0552516
0.7693438 0.1814317 0.04922451
0.7572333 0.1703781 0.07238862
0.7728853 0.1641401 0.06297455
0.7826792 0.164027 0.05329379
0.7787943 0.1633331 0.05787255
0.7651937 0.1648552 0.06995102
0.7920002 0.1575197 0.0504801
0.7929448 0.1593747 0.04768053
0.7939272 0.1563854 0.04968747
0.7910693 0.1582404 0.05069025
0.7947948 0.1533784 0.05182671
0.7916729 0.1545714 0.05375573
0.8067474 0.1456512 0.04760139
0.7887485 0.1596865 0.05156504
0.759382 0.187879 0.052739
0.7699597 0.1718746 0.05816575
0.7637605 0.1756811 0.06055834
0.7757734 0.1669004 0.05732618
0.7564849 0.1715907 0.07192445
0.7853739 0.1576768 0.05694929
0.7596689 0.1780137 0.06231742
0.7774695 0.1674071 0.05512343
0.7974616 0.1516731 0.0508653
0.8003754 0.1481893 0.05143532
0.7730361 0.1548637 0.07210022
0.763807 0.1726183 0.06357463
0.7975014 0.1526975 0.04980106
0.7599885 0.1830308 0.05698065
0.784611 0.1518741 0.06351494
0.7863807 0.1620415 0.05157775
0.8090043 0.1502747 0.04072106
0.7694395 0.1716717 0.05888885
0.7835986 0.1612641 0.05513726
0.7654749 0.182409 0.0521161
0.7665787 0.1678949 0.0655264
0.7862248 0.1566752 0.05710001
0.8033407 0.1471637 0.04949564
0.8132022 0.1323256 0.05447221
0.7683925 0.1634624 0.0681451
0.7775053 0.1722752 0.05021948
0.7833652 0.1657893 0.05084557
0.7789672 0.1684901 0.05254271
0.7946565 0.1515953 0.05374822
0.7961661 0.161057 0.04277692
0.7881557 0.1556698 0.0561745
0.8082952 0.1494925 0.04221234
0.7616493 0.1801866 0.05816405
0.7687798 0.1728385 0.05838164
0.7906266 0.1574019 0.0519715
0.7946304 0.161446 0.04392364
0.7681134 0.1738096 0.05807707
0.7575079 0.1738115 0.06868063
0.7804233 0.1653517 0.05422495
0.7691365 0.1773452 0.05351832
0.7764408 0.1647092 0.05884991
0.7854907 0.1619608 0.05254858
0.7712964 0.1855447 0.04315889
0.7789357 0.1555026 0.06556171
0.76836 0.1658031 0.06583691
0.7925257 0.1630766 0.04439761
0.7948753 0.1576949 0.04742986
0.7901067 0.1605565 0.04933685
0.7928004 0.152832 0.05436764
0.8014177 0.1449189 0.05366337
0.7634306 0.1814027 0.05516669
0.7792561 0.1696804 0.05106345
0.7600396 0.1879603 0.05200005
0.7748929 0.1582547 0.0668524
0.7843957 0.1635011 0.05210319
0.7881611 0.1504015 0.06143741
0.7924745 0.1473735 0.06015191
0.7930767 0.1596368 0.04728648
0.7632338 0.1811559 0.0556103
0.7832725 0.1532223 0.06350523
0.7636581 0.1942256 0.04211639
0.7889416 0.1672845 0.04377394
0.7720272 0.1649201 0.0630527
0.7946452 0.1551909 0.0501639
0.7945023 0.1546907 0.05080696
0.8026743 0.146552 0.05077369
0.7741266 0.1587949 0.06707851
0.7820355 0.1535423 0.06442225
0.7821997 0.1575935 0.06020679
0.7866579 0.1454243 0.06791781
0.795955 0.1513967 0.05264827
0.7753446 0.1784171 0.04623835
0.7445781 0.1901417 0.06528023
0.7693669 0.1680759 0.0625572
0.7658165 0.1659784 0.06820502
0.8031296 0.1470341 0.04983633
0.7940326 0.1576116 0.04835579
0.7629762 0.1873679 0.04965593
0.783469 0.1661219 0.05040915
0.787676 0.1583738 0.05395017
0.7766279 0.1636033 0.05976886
0.7880114 0.1599621 0.05202657
0.7752247 0.1637184 0.06105688
0.7690985 0.183761 0.04714047
0.7752404 0.143889 0.08087059
0.7695075 0.1682643 0.06222825
0.7861618 0.159183 0.05465524
0.7744832 0.1621004 0.06341638
0.7671068 0.1704285 0.06246466
0.7775712 0.1490361 0.07339271
0.7689493 0.1727516 0.05829909
0.7851967 0.1508583 0.06394499
0.7885184 0.1573684 0.0541132
0.7724086 0.1682271 0.05936424
0.7916588 0.1497522 0.05858903
0.777458 0.1609716 0.06157038
0.7620189 0.1748236 0.0631575
0.7886687 0.1460243 0.06530702
0.7839205 0.1746416 0.04143785
0.7734546 0.1737995 0.05274594
0.7952801 0.1566071 0.0481128
0.7754865 0.1710272 0.05348625
0.7772246 0.1611827 0.06159275
0.7851186 0.1650688 0.04981261
0.7736851 0.1654208 0.06089418
0.7730885 0.1694253 0.05748619
0.7993923 0.1543626 0.04624509
0.8016612 0.143577 0.05476174
0.779982 0.1656 0.05441797
0.7712167 0.1650655 0.06371776
0.7854159 0.1546722 0.05991187
0.7581398 0.1799142 0.06194605
0.765027 0.1713241 0.0636489
0.7579278 0.1848097 0.0572625
0.7704147 0.1522246 0.07736066
0.7678237 0.1731469 0.05902937
0.7861266 0.1668202 0.04705324
0.7941317 0.1572888 0.0485795
0.7841343 0.1599157 0.05595005
0.7884936 0.1505738 0.06093262
0.7868835 0.1583154 0.05480117
0.7724224 0.1700185 0.05755907
0.7677242 0.1724954 0.05978032
0.7582428 0.1695284 0.07222886
0.7567955 0.1739849 0.06921967
0.7858236 0.1486561 0.06552035
0.7793987 0.1723135 0.04828785
0.7834097 0.1613589 0.05523141
0.7701925 0.1681321 0.06167543
0.7738182 0.1466998 0.07948205
0.8038894 0.1453667 0.0507439
0.7872828 0.1590119 0.05370529
0.7875515 0.153277 0.05917152
0.7444339 0.1866066 0.06895953
0.7819494 0.159211 0.05883958
0.783082 0.1665049 0.05041309
0.784843 0.1512617 0.06389531
0.7688575 0.1587376 0.07240489
0.7708066 0.1658333 0.06336012
0.7667636 0.1577561 0.07548027
0.7824603 0.1650557 0.05248396
0.7988145 0.1487096 0.05247587
0.8126755 0.1381044 0.0492201
0.7891678 0.1454356 0.06539662
0.7782998 0.1658557 0.05584451
0.7557883 0.1835149 0.06069685
0.7686297 0.1771154 0.05425488
0.7625121 0.1729085 0.06457939
0.7599532 0.1815226 0.05852419
0.7929742 0.1532739 0.05375198
0.7987534 0.143202 0.05804458
0.7823101 0.1572476 0.06044233
0.7970893 0.1535625 0.04934821
0.8002193 0.1529442 0.04683647
0.7710469 0.1786655 0.05028759
0.7715394 0.1663416 0.06211902
0.798402 0.1512678 0.05033026
0.7871753 0.1710336 0.04179105
0.7805553 0.1713861 0.04805867
0.7685026 0.1849746 0.0465228
0.7661381 0.1693141 0.06454774
0.780053 0.1735579 0.04638915
0.7958138 0.1394073 0.06477891
0.7634829 0.1749387 0.06157834
0.7840247 0.1719638 0.04401158
0.7741023 0.1623132 0.06358453
0.7603313 0.1708971 0.06877159
0.7744691 0.1621538 0.06337707
0.7579096 0.1719549 0.07013547
0.7927473 0.1461353 0.06111745
0.7802045 0.1656368 0.05415865
0.7706944 0.1707698 0.0585358
0.7954391 0.1490947 0.05546619
0.7768987 0.1707646 0.05233667
0.7681791 0.1560513 0.07576961
0.7811142 0.1571869 0.0616989
0.7895497 0.138031 0.07241932
0.8059994 0.1397477 0.05425297
0.7666751 0.1742804 0.05904453
0.7692813 0.1690942 0.06162456
0.7861099 0.1560771 0.05781299
0.7884003 0.161309 0.0502907
0.7826953 0.168501 0.04880371
0.7479788 0.196159 0.05586217
0.7474257 0.1815412 0.07103313
0.7824627 0.1591281 0.05840925
0.7746658 0.1625935 0.06274076
0.8140504 0.1385769 0.04737274
0.7888486 0.1554891 0.05566224
0.7843435 0.175039 0.04061754
0.7722599 0.1689893 0.05875078
0.7636271 0.1910762 0.04529677
0.7943466 0.1526212 0.05303219
0.7826388 0.1678165 0.04954474
0.786406 0.1667334 0.04686064
0.7929735 0.1613234 0.04570311
0.7734413 0.1737171 0.05284163
0.7807201 0.1557891 0.0634908
0.7612057 0.1802867 0.05850768
0.7996647 0.1424038 0.05793156
0.7626368 0.1877411 0.04962217
0.7882092 0.1549821 0.05680874
0.7606402 0.1909594 0.04840031
0.7625422 0.1673263 0.07013149
0.7691503 0.1663675 0.06448224
0.7794465 0.163431 0.05712246
0.8045176 0.1466933 0.04878911
0.7770068 0.156034 0.06695919
0.7903097 0.1577264 0.05196389
0.761314 0.1797382 0.05894784
0.8045676 0.145552 0.04988043
0.7984468 0.1462619 0.05529134
0.7820362 0.1588828 0.05908095
0.7980282 0.1459645 0.05600728
0.7683014 0.1698987 0.06179982
0.7785595 0.1736286 0.0478119
0.7806884 0.1513105 0.0680011
0.743806 0.1983983 0.0577957
0.7657295 0.1701791 0.06409137
0.7881877 0.1537287 0.05808362
0.7729131 0.1755235 0.05156336
0.7859441 0.1565715 0.05748443
0.7654369 0.1746055 0.05995755
0.7854333 0.1618931 0.05267363
0.7792717 0.1654246 0.05530368
0.7693392 0.1730704 0.05759038
0.7685906 0.169938 0.06147132
0.7787902 0.1698377 0.05137206
0.7766113 0.1655918 0.05779691
0.7962911 0.1574837 0.0462252
0.7826267 0.1629518 0.05442143
0.7593354 0.184598 0.05606658
0.7490344 0.1822282 0.06873737
0.7991135 0.139682 0.0612045
0.7955037 0.1503039 0.05419237
0.7817324 0.1534149 0.06485271
0.7924643 0.1626359 0.04489978
0.7792134 0.1559426 0.064844
0.7507707 0.1758567 0.07337256
0.7736835 0.1741465 0.05216998
0.7677489 0.1702088 0.06204232
0.7930505 0.1465131 0.06043639
0.7836015 0.1680969 0.0483016
0.7630072 0.1898764 0.04711632
0.7678331 0.1715228 0.06064407
0.7694188 0.1780363 0.05254495
0.7908907 0.1597368 0.0493725
0.7715919 0.170798 0.05761008
0.7848027 0.159261 0.05593624
0.7801499 0.1649653 0.0548848
0.7601287 0.1806808 0.05919044
0.7997272 0.1473607 0.05291215
0.7847875 0.1650304 0.05018215
0.7827358 0.1601486 0.05711562
0.7761712 0.1783076 0.0455212
0.7795434 0.1484668 0.07198983
0.7800631 0.1558925 0.06404438
0.8117105 0.1415324 0.04675705
0.7770631 0.1682588 0.05467804
0.7826947 0.1582308 0.05907451
0.7908809 0.1478793 0.06123979
0.7961941 0.1505166 0.05328932
0.7942123 0.1641211 0.0416666
0.8000225 0.1509824 0.04899518
0.7604875 0.1853883 0.05412421
0.7703894 0.1824354 0.04717513
0.7918236 0.1557276 0.05244887
0.776181 0.1662658 0.05755321
0.786913 0.1581316 0.05495543
0.7783095 0.1658348 0.05585565
0.7899664 0.1534953 0.05653838
0.7524118 0.2066356 0.04095255
0.7584095 0.1859324 0.05565817
0.7979562 0.1562684 0.04577537
0.7514131 0.190271 0.058316
0.7706049 0.1742416 0.05515351
0.8210245 0.1236871 0.05528846
0.7925156 0.1495981 0.05788628
0.760638 0.1682916 0.07107044
0.7693358 0.1632321 0.06743213
0.7998721 0.1612985 0.0388294
0.8117662 0.1317983 0.05643557
0.7900092 0.154602 0.05538883
0.7807186 0.1590539 0.06022754
0.7539904 0.1875148 0.05849478
0.7678645 0.1750118 0.05712372
0.7678388 0.1773312 0.05482998
0.7659195 0.1893335 0.04474706
0.7857495 0.166074 0.04817645
0.7941571 0.1518065 0.05403644
0.7682891 0.1665316 0.06517931
0.7470183 0.1834321 0.06954968
0.7896556 0.1573469 0.05299751
0.7917843 0.1489389 0.05927672
0.7744671 0.1614372 0.0640957
0.7544547 0.1909729 0.05457242
0.760249 0.1880611 0.05168997
0.7806552 0.1786691 0.04067576
0.7819491 0.1543793 0.06367165
0.7838001 0.1483753 0.06782461
0.8034143 0.1462434 0.05034236
0.7921426 0.1447631 0.06309426
0.7771277 0.1646493 0.05822304
0.7919087 0.1505533 0.05753799
0.7803528 0.1637125 0.05593471
0.7898314 0.1562292 0.0539394
0.772391 0.1816509 0.04595808
0.7774839 0.1651554 0.05736064
0.7876298 0.1578209 0.05454933
0.7981625 0.1620607 0.03977676
0.788774 0.1549434 0.05628264
0.7773408 0.1660781 0.05658115
0.7801845 0.1677607 0.05205482
0.7533971 0.1789503 0.0676526
0.7952365 0.1647332 0.04003024
0.7811335 0.1614867 0.05737981
0.7536732 0.1739001 0.0724267
0.7803616 0.1588604 0.06077806
0.7910316 0.1525069 0.05646147
0.7918809 0.1627812 0.0453379
0.7838552 0.1634564 0.05268837
0.7456517 0.1912011 0.06314722
0.7838761 0.1606067 0.05551719
0.778949 0.1638875 0.05716351
0.7723679 0.1641923 0.06343987
0.7865456 0.1589481 0.05450622
0.7708892 0.1760227 0.05308809
0.799652 0.1447704 0.05557759
0.8059652 0.1452061 0.04882878
0.7660379 0.185403 0.04855912
0.7885962 0.1518032 0.05960056
0.7665748 0.1781127 0.05531249
0.7881262 0.1609204 0.05095343
0.7896548 0.1569508 0.05339441
0.7711993 0.1710006 0.05780002
0.7804309 0.158796 0.06077311
0.7793396 0.1545955 0.0660649
0.7709788 0.1618073 0.06721391
0.7966233 0.1537728 0.04960395
0.7968349 0.1501852 0.0529799
0.7716173 0.1678556 0.06052711
0.7709231 0.1695434 0.05953354
0.7828046 0.1689824 0.04821302
0.7734624 0.1686308 0.05790682
0.7714087 0.1735356 0.05505565
0.784658 0.1643514 0.05099059
0.7853 0.1673456 0.04735438
0.7978689 0.1524734 0.04965767
0.7824213 0.1537711 0.06380765
0.7812369 0.1592851 0.05947799
0.7795128 0.1756477 0.04483955
0.8030098 0.1479195 0.04907074
0.7760182 0.1556642 0.06831764
0.7960885 0.1513074 0.05260412
0.7901038 0.1581881 0.05170808
0.7827682 0.1534592 0.06377259
0.789655 0.1504863 0.0598587
0.7763684 0.1592246 0.06440706
0.7856303 0.1649212 0.04944852
0.7875565 0.162787 0.04965656
0.7585273 0.1801063 0.06136634
0.7547693 0.1864391 0.05879161
0.8068777 0.1352989 0.05782341
0.7923765 0.1562126 0.05141088
0.7715055 0.1636709 0.06482368
0.7742889 0.172619 0.05309205
0.7906359 0.1563453 0.05301882
0.79235 0.1556018 0.0520482
0.7533286 0.1842565 0.06241486
0.7805017 0.1686823 0.050816
0.7846717 0.1522344 0.0630939
0.7852883 0.1561042 0.05860746
0.7780829 0.1635369 0.05838013
0.7632642 0.1808543 0.05588154
0.7492684 0.1887312 0.06200045
0.7622716 0.1701426 0.0675858
0.7849776 0.1514703 0.06355215
0.7891206 0.1530857 0.05779365
0.8010877 0.157406 0.04150631
0.7607195 0.177608 0.06167244
0.7972812 0.15374 0.04897877
0.7763104 0.1606569 0.06303273
0.7916685 0.162911 0.04542054
0.7771722 0.1641062 0.05872157
0.7704139 0.1750544 0.05453168
0.7950084 0.1584237 0.04656791
0.7589124 0.1956252 0.04546244
0.7771912 0.1705988 0.05220996
0.7720395 0.1630909 0.06486961
0.7759888 0.1635544 0.0604568
0.7646288 0.1744365 0.06093476
0.8068112 0.1458564 0.04733244
0.7747849 0.1705795 0.05463559
0.786437 0.1519707 0.06159233
0.7529496 0.1787836 0.06826689
0.7932175 0.1444175 0.06236502
0.7681443 0.1814983 0.05035733
0.782859 0.151588 0.065553
0.7780552 0.1588103 0.06313442
0.7748974 0.1719966 0.05310599
0.804896 0.1504524 0.0446516
0.7950778 0.152365 0.05255722
0.7889708 0.1586606 0.05236867
0.7497774 0.1886055 0.06161714
0.7616246 0.1848314 0.05354397
0.7973678 0.1523409 0.05029134
0.7736458 0.178839 0.04751518
0.7745832 0.1746297 0.05078714
0.7582373 0.168655 0.07310769
0.7811445 0.1740786 0.04477682
0.7665227 0.1773485 0.05612874
0.7684409 0.1614548 0.07010431
0.7983069 0.1489793 0.05271384
0.787869 0.1592905 0.05284046
0.7791296 0.1606598 0.06021061
0.7791484 0.1645603 0.05629132
0.7786671 0.1594154 0.06191744
0.7964438 0.1643512 0.03920503
0.7918922 0.1613236 0.04678423
0.8008958 0.1391484 0.05995576
0.7729239 0.1755273 0.05154873
0.791909 0.1556379 0.05245312
0.7779929 0.1504142 0.07159286
0.7733656 0.1712565 0.05537788
0.7524849 0.1748675 0.07264759
0.7944558 0.1546457 0.05089852
0.7585296 0.1815242 0.05994621
0.7883188 0.1659663 0.04571486
0.7759133 0.1625471 0.06153961
0.7843311 0.1649374 0.05073159
0.7892446 0.1579863 0.05276911
0.7468938 0.1802697 0.07283648
0.7793942 0.1578787 0.0627271
0.7762393 0.165322 0.05843872
0.7908223 0.1504324 0.05874534
0.7914208 0.1601707 0.04840846
0.7757342 0.1716464 0.05261938
0.7836086 0.1574305 0.05896092
0.777476 0.1552138 0.06731016
0.7570809 0.1740979 0.06882121
0.782348 0.1641775 0.05347443
0.7752851 0.1745891 0.05012574
0.7935971 0.1508833 0.05551956
0.7987286 0.1468229 0.05444852
0.7800497 0.1627202 0.05723006
0.7945394 0.1517374 0.05372321
0.7887266 0.148358 0.06291542
0.7746982 0.166631 0.05867079
0.7698846 0.1780473 0.05206806
0.7690853 0.1778758 0.05303892
0.7938345 0.1430336 0.06313191
0.7523268 0.1831526 0.06452063
0.7970788 0.1596897 0.04323158
0.8041135 0.1552396 0.04064691
0.778276 0.1692207 0.05250326
0.796678 0.1563784 0.04694361
0.7743958 0.1787742 0.04682998
0.7797637 0.1684883 0.05174793
0.7830229 0.1582144 0.05876274
0.7775741 0.1569371 0.06548884
0.7918978 0.1663252 0.04177705
0.804538 0.1440026 0.05145939
0.7928438 0.1457461 0.06141009
0.7896823 0.1534259 0.05689183
0.7782489 0.1613256 0.06042551
0.7666182 0.1701983 0.06318349
0.8010776 0.1357033 0.06321906
0.7663095 0.1709673 0.06272316
0.7751242 0.1571304 0.06774545
0.7793841 0.1762317 0.04438425
0.7823005 0.1609808 0.0567187
0.7846105 0.1500976 0.06529193
0.7972657 0.1532415 0.04949272
0.7815654 0.1633771 0.05505753
0.7725674 0.1696969 0.05773567
0.795372 0.1603729 0.04425515
0.7625068 0.1762442 0.06124902
0.8068856 0.1562884 0.03682605
0.7968691 0.1442936 0.0588373
0.7847759 0.16392 0.05130414
0.7918727 0.1595216 0.04860577
0.7842064 0.1613511 0.05444249
0.7548503 0.1888509 0.05629876
0.7787082 0.1716342 0.04965767
0.7719767 0.1644475 0.06357579
0.774487 0.164766 0.06074698
0.7807694 0.1584291 0.06080147
0.7764225 0.1748575 0.04872001
0.7975695 0.1580362 0.04439421
0.7885433 0.1646192 0.04683752
0.7940599 0.1547828 0.05115732
