"p_1" "p_2" "p_3"
0.05955957 0.1472976 0.7931428
0.05044532 0.1562223 0.7933324
0.06288012 0.165209 0.7719109
0.06133856 0.1843023 0.7543591
0.06676522 0.14605 0.7871848
0.04033553 0.169777 0.7898874
0.05993666 0.160827 0.7792363
0.06084633 0.1571296 0.7820241
0.05831569 0.184516 0.7571683
0.05382576 0.1597166 0.7864576
0.05527465 0.1510045 0.7937209
0.05703939 0.1668598 0.7761008
0.04901816 0.15245 0.7985319
0.06250939 0.1563177 0.7811729
0.04856082 0.1686253 0.7828139
0.06355881 0.1387871 0.7976541
0.05113275 0.1757256 0.7731417
0.06191707 0.150977 0.7871059
0.05999274 0.166299 0.7737083
0.05705148 0.1757335 0.767215
0.05640934 0.1689121 0.7746786
0.06813495 0.1589524 0.7729126
0.07107209 0.1670536 0.7618743
0.06355261 0.1472098 0.7892376
0.05535782 0.1705162 0.774126
0.05704249 0.1543721 0.7885854
0.05242941 0.1481682 0.7994024
0.06881586 0.1717711 0.759413
0.0533926 0.1642456 0.7823618
0.05081763 0.1637661 0.7854163
0.05694598 0.1568361 0.7862179
0.04455518 0.1750862 0.7803586
0.05804732 0.1797085 0.7622442
0.05591421 0.1593794 0.7847064
0.05832876 0.1688292 0.772842
0.05121244 0.1652683 0.7835192
0.06057232 0.1864015 0.7530261
0.05413245 0.1500032 0.7958644
0.053922 0.1497926 0.7962854
0.05725297 0.1664601 0.776287
0.05045213 0.1581493 0.7913985
0.04787666 0.1932529 0.7588704
0.05764803 0.1678489 0.7745031
0.05530621 0.1582246 0.7864692
0.05524869 0.1673985 0.7773528
0.0572382 0.1740063 0.7687555
0.04113347 0.1739205 0.784946
0.05901027 0.1806793 0.7603105
0.04505901 0.1912858 0.7636552
0.07144795 0.1559496 0.7726025
0.06729743 0.1869406 0.745762
0.04593616 0.1450091 0.8090547
0.05699486 0.1587477 0.7842574
0.05912629 0.1420953 0.7987785
0.04581843 0.1637825 0.790399
0.05158118 0.143239 0.8051798
0.05118611 0.1849916 0.7638222
0.04590088 0.1600025 0.7940967
0.0558047 0.1500935 0.7941018
0.05515422 0.1468967 0.7979491
0.04774028 0.177696 0.7745637
0.04928422 0.1701575 0.7805583
0.05856639 0.1510234 0.7904102
0.05457947 0.1617519 0.7836687
0.053782 0.1598569 0.7863611
0.05555154 0.1648114 0.779637
0.06037795 0.145408 0.794214
0.06390783 0.1486054 0.7874868
0.05384786 0.1532673 0.7928848
0.06369947 0.1484115 0.787889
0.04285649 0.1555798 0.8015637
0.05549526 0.1595196 0.7849851
0.06373704 0.1634124 0.7728505
0.0633858 0.1600455 0.7765687
0.052685 0.1724921 0.7748229
0.05891541 0.1633925 0.7776921
0.05431398 0.1620098 0.7836762
0.05431968 0.1666093 0.779071
0.05697429 0.1590219 0.7840038
0.05469227 0.1570896 0.7882181
0.0457479 0.1564517 0.7978004
0.05596338 0.1605875 0.7834492
0.05676721 0.135631 0.8076017
0.05272444 0.1820928 0.7651828
0.06594513 0.1544486 0.7796063
0.04769558 0.1677168 0.7845876
0.07326139 0.1606137 0.7661249
0.07190011 0.171159 0.7569408
0.0524051 0.1833308 0.7642641
0.06604893 0.1517387 0.7822124
0.04977032 0.1648936 0.785336
0.06163251 0.1693156 0.7690518
0.04357734 0.1655032 0.7909194
0.05706263 0.1487278 0.7942095
0.05582279 0.1502502 0.793927
0.05978472 0.1772951 0.7629201
0.05411337 0.1944301 0.7514565
0.04602647 0.1556163 0.7983572
0.0648321 0.1601059 0.775062
0.06713693 0.1613335 0.7715296
0.04994552 0.1681563 0.7818981
0.0481246 0.1719209 0.7799545
0.05344944 0.1525529 0.7939977
0.06683443 0.1762162 0.7569494
0.06479617 0.1433825 0.7918213
0.05072529 0.1523345 0.7969402
0.04808085 0.1573252 0.7945939
0.0659155 0.171874 0.7622105
0.0441794 0.1652543 0.7905663
0.07274511 0.1651679 0.762087
0.04771215 0.1963137 0.7559742
0.06868841 0.1778264 0.7534852
0.05126181 0.1724305 0.7763077
0.04731103 0.1465044 0.8061845
0.06507089 0.1911626 0.7437666
0.05150853 0.1443354 0.804156
0.05806188 0.1494763 0.7924618
0.05394499 0.162786 0.783269
0.05038955 0.1737947 0.7758157
0.05170382 0.1536477 0.7946485
0.06095281 0.1576595 0.7813877
0.05226071 0.1762376 0.7715017
0.0553738 0.1770866 0.7675396
0.06250676 0.1538995 0.7835938
0.05518706 0.1580005 0.7868125
0.05516438 0.1637544 0.7810813
0.06142238 0.1544444 0.7841332
0.062558 0.1601062 0.7773358
0.06013121 0.1634627 0.7764061
0.05413411 0.1640734 0.7817925
0.05077004 0.1652514 0.7839785
0.06268034 0.1442396 0.79308
0.0551347 0.1591964 0.7856689
0.05559919 0.1573212 0.7870796
0.04552463 0.1595415 0.7949339
0.04770213 0.1557613 0.7965366
0.05553221 0.1591676 0.7853002
0.04507436 0.151836 0.8030896
0.05419092 0.1521707 0.7936384
0.05405519 0.1533966 0.7925482
0.05548662 0.155123 0.7893904
0.05308005 0.1493826 0.7975374
0.04985553 0.1657807 0.7843638
0.06100794 0.1656495 0.7733426
0.05863065 0.1400714 0.8012979
0.05063434 0.1732912 0.7760744
0.05693809 0.1786015 0.7644605
0.0503688 0.1781437 0.7714875
0.04408083 0.1617526 0.7941666
0.04800262 0.1800124 0.771985
0.06008626 0.154976 0.7849377
0.0654818 0.146622 0.7878962
0.04583264 0.1936705 0.7604969
0.05213941 0.179186 0.7686746
0.04949322 0.1946872 0.7558196
0.05269201 0.1923402 0.7549678
0.05781801 0.1753906 0.7667914
0.05755034 0.1613979 0.7810517
0.05324116 0.1505106 0.7962483
0.05721847 0.1378956 0.8048859
0.05568386 0.1551935 0.7891226
0.06053288 0.149661 0.7898061
0.05427687 0.1574031 0.78832
0.05918955 0.1605568 0.7802537
0.04837733 0.1755104 0.7761123
0.05213733 0.1675538 0.7803089
0.04667784 0.1573895 0.7959327
0.05294222 0.1564803 0.7905774
0.05215365 0.1742334 0.7736129
0.05716002 0.1603388 0.7825012
0.05469549 0.1736381 0.7716664
0.05900614 0.179242 0.7617519
0.04624391 0.1689742 0.7847819
0.05387137 0.1769958 0.7691329
0.06040975 0.1571655 0.7824248
0.06014401 0.1677874 0.7720686
0.05126873 0.1801391 0.7685922
0.04665992 0.1656858 0.7876542
0.05574067 0.1634496 0.7808097
0.0523159 0.1571046 0.7905795
0.05063514 0.178636 0.7707289
0.05536677 0.1602249 0.7844083
0.05249754 0.1503993 0.7971031
0.07682042 0.1517552 0.7714244
0.04605873 0.1693614 0.7845799
0.05308118 0.1489821 0.7979367
0.05667921 0.1710363 0.7722845
0.05528693 0.1669925 0.7777206
0.05635288 0.1584642 0.785183
0.0480424 0.1765672 0.7753904
0.07067066 0.1633384 0.765991
0.04275409 0.1714402 0.7858057
0.05368003 0.1851893 0.7611307
0.04365835 0.1428226 0.8135191
0.05159951 0.1513478 0.7970527
0.04557573 0.1588522 0.7955721
0.05258884 0.1805824 0.7668287
0.04602552 0.1673176 0.7866569
0.06353092 0.146539 0.7899301
0.06100344 0.1741206 0.764876
0.06702077 0.148636 0.7843432
0.04446214 0.1750985 0.7804394
0.03862034 0.1555414 0.8058383
0.0519363 0.1250691 0.8229946
0.05036502 0.1695727 0.7800623
0.06794045 0.1341371 0.7979224
0.06000038 0.1723537 0.7676459
0.0509583 0.1731316 0.7759101
0.07134588 0.1715561 0.757098
0.05251344 0.1945705 0.752916
0.05819925 0.1510777 0.790723
0.05708125 0.1573915 0.7855273
0.04907565 0.1507424 0.8001819
0.0700587 0.1358731 0.7940682
0.06582126 0.190387 0.7437918
0.05067617 0.1743543 0.7749695
0.05332805 0.1560515 0.7906204
0.05304599 0.1672509 0.7797031
0.05240682 0.1713019 0.7762912
0.05108241 0.1574515 0.7914661
0.05630778 0.1697449 0.7739473
0.06280118 0.1493981 0.7878007
0.06302526 0.1764546 0.7605202
0.05305614 0.1548957 0.7920481
0.05970955 0.1503322 0.7899582
0.05107778 0.1499584 0.7989638
0.06172982 0.1582945 0.7799756
0.06686364 0.1519236 0.7812128
0.05370714 0.1770674 0.7692255
0.06224927 0.1657501 0.7720006
0.05249773 0.1599739 0.7875284
0.05562261 0.1574297 0.7869477
0.05103456 0.1670899 0.7818756
0.0548055 0.1774456 0.7677489
0.06160959 0.167655 0.7707354
0.06371615 0.1525794 0.7837045
0.04623107 0.1572646 0.7965044
0.04116999 0.1745087 0.7843213
0.05320856 0.1415725 0.805219
0.0455322 0.1602949 0.7941729
0.04786548 0.1684239 0.7837107
0.06000186 0.1469211 0.7930771
0.06173135 0.1574008 0.7808679
0.0516489 0.165256 0.7830951
0.05420477 0.1359921 0.8098031
0.05414328 0.1554429 0.7904138
0.05053932 0.1781302 0.7713305
0.05933375 0.1986308 0.7420355
0.06725369 0.1563124 0.7764339
0.0503432 0.1687648 0.780892
0.05049644 0.1470069 0.8024966
0.05332476 0.1567816 0.7898936
0.0654428 0.153678 0.7808792
0.05245555 0.1318321 0.8157123
0.06596703 0.1532343 0.7807987
0.05047776 0.1877128 0.7618094
0.04959797 0.1747677 0.7756343
0.06440239 0.1541055 0.7814921
0.05148398 0.1555466 0.7929694
0.05071421 0.1744892 0.7747966
0.05645378 0.1761593 0.7673869
0.04988277 0.1545665 0.7955507
0.05786133 0.1570215 0.7851171
0.04894371 0.1589307 0.7921255
0.06238148 0.1748702 0.7627484
0.04744051 0.1973434 0.7552161
0.06274111 0.1624575 0.7748014
0.06173154 0.1405713 0.7976972
0.04765481 0.1877183 0.7646269
0.05604464 0.156854 0.7871013
0.05336501 0.1659421 0.7806929
0.04997429 0.1528789 0.7971468
0.05646476 0.1598975 0.7836378
0.04500535 0.1842472 0.7707475
0.05789405 0.1906736 0.7514323
0.06408524 0.1445585 0.7913563
0.04439287 0.1463478 0.8092594
0.04676695 0.1621837 0.7910494
0.05341999 0.1582309 0.7883491
0.05339966 0.1627231 0.7838773
0.05603178 0.1516386 0.7923296
0.04638579 0.1615982 0.792016
0.06755513 0.1617786 0.7706663
0.0616044 0.1645851 0.7738105
0.06373342 0.1692056 0.767061
0.06043862 0.1447874 0.794774
0.04837245 0.1585479 0.7930796
0.05836252 0.1710089 0.7706286
0.04765314 0.1521623 0.8001846
0.05067155 0.1648893 0.7844391
0.05553226 0.177462 0.7670058
0.05319287 0.1556626 0.7911445
0.04841419 0.1574925 0.7940933
0.0608406 0.1652013 0.7739581
0.04578385 0.1717759 0.7824403
0.06328654 0.1732283 0.7634851
0.04958729 0.1682868 0.782126
0.06826179 0.1741858 0.7575524
0.05017549 0.1783377 0.7714868
0.06896459 0.1668117 0.7642237
0.04374442 0.1590737 0.7971819
0.05804929 0.1821538 0.7597969
0.04810808 0.1690598 0.7828321
0.04993331 0.1537992 0.7962675
0.05335774 0.1494262 0.7972161
0.05417589 0.1617769 0.7840472
0.05654819 0.1720752 0.7713766
0.05878226 0.1583636 0.7828541
0.06582239 0.163857 0.7703206
0.05758708 0.1638314 0.7785815
0.05422589 0.165663 0.7801111
0.05894882 0.1673754 0.7736758
0.05218212 0.1626563 0.7851616
0.05577254 0.1569293 0.7872982
0.06373446 0.1737178 0.7625477
0.05628771 0.1522101 0.7915022
0.05512127 0.1725736 0.7723051
0.06153177 0.1520147 0.7864535
0.04333534 0.1820392 0.7746255
0.04865752 0.1493687 0.8019738
0.05489093 0.1679295 0.7771796
0.04780534 0.1578337 0.794361
0.05421669 0.1570747 0.7887086
0.03951945 0.1621118 0.7983687
0.05941854 0.1643093 0.7762722
0.05928927 0.1759399 0.7647708
0.05636521 0.1508245 0.7928103
0.05109178 0.1492015 0.7997067
0.05091094 0.1752752 0.7738138
0.05201263 0.1782706 0.7697168
0.06491135 0.1570872 0.7780014
0.05840052 0.1692021 0.7723974
0.06496847 0.170394 0.7646376
0.04779751 0.1749788 0.7772237
0.0481785 0.1828662 0.7689553
0.05164202 0.1725756 0.7757824
0.05571968 0.1699764 0.7743039
0.06257319 0.1813081 0.7561187
0.04605036 0.1600459 0.7939037
0.06230891 0.1596027 0.7780884
0.06441245 0.1455195 0.790068
0.04646292 0.1716865 0.7818506
0.04957577 0.1528349 0.7975894
0.05992488 0.1646693 0.7754059
0.06393854 0.1561183 0.7799431
0.0530128 0.1747945 0.7721927
0.05065486 0.1654415 0.7839036
0.05367252 0.1344577 0.8118698
0.05596685 0.1834187 0.7606144
0.06270178 0.1508554 0.7864428
0.05218225 0.1520655 0.7957522
0.04697267 0.1345025 0.8185249
0.04483564 0.167341 0.7878234
0.06363282 0.1737793 0.7625878
0.0529835 0.1711098 0.7759067
0.05888413 0.1647892 0.7763267
0.0625789 0.1696423 0.7677788
0.05064192 0.147385 0.8019731
0.066307 0.1665495 0.7671435
0.06050384 0.1666463 0.7728499
0.05336259 0.1652554 0.781382
0.06689067 0.1701595 0.7629498
0.05240776 0.1473724 0.8002199
0.05586915 0.1718364 0.7722945
0.05816199 0.1596486 0.7821894
0.04888843 0.1711378 0.7799738
0.03885205 0.1719523 0.7891956
0.05801707 0.1500997 0.7918832
0.05980749 0.1524069 0.7877856
0.05647707 0.1683655 0.7751574
0.0526729 0.172408 0.7749191
0.0575148 0.1559375 0.7865476
0.06100419 0.1653579 0.773638
0.05850967 0.146025 0.7954653
0.04852884 0.1726062 0.7788649
0.04521164 0.1843392 0.7704492
0.04880951 0.1598287 0.7913618
0.06029148 0.1544322 0.7852763
0.0596461 0.1749666 0.7653873
0.05313907 0.1616978 0.7851632
0.04290421 0.1670555 0.7900403
0.04669162 0.1659385 0.7873699
0.05065984 0.1558305 0.7935096
0.05297241 0.1504146 0.7966129
0.04659978 0.151832 0.8015682
0.05677004 0.1501845 0.7930455
0.05037327 0.1509412 0.7986855
0.0584018 0.1617441 0.7798541
0.05339978 0.1678086 0.7787917
0.06866232 0.1494683 0.7818694
0.06036489 0.1641642 0.775471
0.06667319 0.1753879 0.757939
0.05497566 0.1523874 0.7926369
0.05662043 0.1658639 0.7775156
0.04148596 0.153177 0.805337
0.06344496 0.1612489 0.7753061
0.05766119 0.1561797 0.7861591
0.06060678 0.1578442 0.781549
0.05969114 0.1402824 0.8000264
0.05462735 0.1844779 0.7608947
0.04850853 0.1497763 0.8017152
0.06186723 0.1793477 0.7587851
0.05379672 0.1550101 0.7911932
0.06040396 0.1491891 0.790407
0.06568321 0.1548059 0.7795109
0.03537084 0.1576499 0.8069793
0.05698043 0.1838226 0.759197
0.05624511 0.1800839 0.763671
0.0555572 0.1659634 0.7784794
0.0561359 0.1496423 0.7942218
0.04355449 0.1518195 0.804626
0.05403898 0.1599125 0.7860485
0.05490356 0.1825738 0.7625226
0.05846374 0.1495022 0.792034
0.05930169 0.1637427 0.7769556
0.06186622 0.1627063 0.7754275
0.0576103 0.1587428 0.7836469
0.05253482 0.1617655 0.7856997
0.05918023 0.1709446 0.7698752
0.05337819 0.1632299 0.7833919
0.05554844 0.1655329 0.7789187
0.05225441 0.1964653 0.7512803
0.06621474 0.1618533 0.771932
0.06927415 0.1433975 0.7873283
0.04631199 0.1586226 0.7950654
0.06560319 0.1771237 0.7572731
0.04938677 0.159855 0.7907582
0.05007813 0.1708019 0.7791199
0.06910081 0.1712698 0.7596294
0.05011498 0.1420552 0.8078299
0.06570113 0.1475873 0.7867116
0.04919196 0.1542905 0.7965176
0.06125179 0.1737711 0.7649771
0.05555883 0.162893 0.7815482
0.04825641 0.143636 0.8081075
0.0419167 0.1577565 0.8003268
0.04584217 0.1727458 0.781412
0.05066164 0.1602368 0.7891016
0.05755346 0.1464549 0.7959916
0.0728268 0.1576454 0.7695278
0.05202483 0.1709421 0.777033
0.0630762 0.1661122 0.7708116
0.06878235 0.1802911 0.7509265
0.05126442 0.1733137 0.7754219
0.05613746 0.1834211 0.7604415
0.06496624 0.1412206 0.7938131
0.06614489 0.1802186 0.7536365
0.05328255 0.1658294 0.7808881
0.04718476 0.1580182 0.794797
0.0561341 0.1533405 0.7905254
0.05449753 0.1699208 0.7755817
0.06285007 0.1674258 0.7697241
0.06167907 0.1451392 0.7931818
0.06336711 0.1665488 0.7700841
0.05792204 0.1743351 0.7677429
0.05979181 0.1701086 0.7700996
0.04529224 0.1801983 0.7745095
0.06035975 0.1295752 0.810065
0.05128824 0.1910357 0.7576761
0.04908601 0.1651427 0.7857713
0.06575296 0.1600574 0.7741896
0.05904458 0.1786061 0.7623493
0.05249774 0.190868 0.7566342
0.05419335 0.1647406 0.7810661
0.06218918 0.1664753 0.7713355
0.04820207 0.1462634 0.8055346
0.05287174 0.1767932 0.7703351
0.04048633 0.1868182 0.7726954
0.05127795 0.1483062 0.8004159
0.06067384 0.1582133 0.7811128
0.05603282 0.1620731 0.7818941
0.06562459 0.1646309 0.7697445
0.06196882 0.1571258 0.7809054
0.05835361 0.1441647 0.7974817
0.04961591 0.1626867 0.7876974
0.05664559 0.1700204 0.7733341
0.03918957 0.1602984 0.800512
0.04649176 0.1479021 0.8056061
0.06114731 0.1684253 0.7704274
0.04964797 0.1692608 0.7810912
0.05626035 0.160869 0.7828706
0.0556734 0.1668581 0.7774685
0.05352204 0.187262 0.7592159
0.05853388 0.1581616 0.7833045
0.05166584 0.181455 0.7668791
0.04713246 0.1656161 0.7872514
0.05182327 0.1475675 0.8006092
0.06416117 0.150819 0.7850198
0.05116885 0.1639216 0.7849096
0.05693835 0.1577333 0.7853283
0.04613869 0.1658583 0.788003
0.06517436 0.1666358 0.7681898
0.07138398 0.1392454 0.7893707
0.07035777 0.1663012 0.763341
0.04853534 0.1635547 0.78791
0.05261794 0.1571044 0.7902777
0.06247929 0.1548277 0.782693
0.05942618 0.1666112 0.7739626
0.05558697 0.1630255 0.7813875
0.06050543 0.1731557 0.7663389
0.06281261 0.160238 0.7769494
0.06118125 0.1623357 0.776483
0.05730678 0.1636788 0.7790144
0.06119706 0.1578789 0.780924
0.05825626 0.1707521 0.7709917
0.05736974 0.1619247 0.7807056
0.06398739 0.1806867 0.7553259
0.06173726 0.1628029 0.7754599
0.04372871 0.1982177 0.7580535
0.05525927 0.1636198 0.7811209
0.04983676 0.1725937 0.7775696
0.05571078 0.1975107 0.7467785
0.07018955 0.1761073 0.7537032
0.04218197 0.1778965 0.7799216
0.05775156 0.1615563 0.7806922
0.05416479 0.1694041 0.7764311
0.04934473 0.1606478 0.7900074
0.03895661 0.1585389 0.8025045
0.0549437 0.164711 0.7803453
0.05573818 0.1584179 0.7858439
0.04863627 0.1413127 0.810051
0.06644226 0.1611326 0.7724252
0.05432447 0.1441011 0.8015744
0.05065009 0.1594339 0.789916
0.0432626 0.1892746 0.7674628
0.06032228 0.1620895 0.7775883
0.06026113 0.1752225 0.7645164
0.06645087 0.1476547 0.7858944
0.04663912 0.1525917 0.8007692
0.04667275 0.1666495 0.7866778
0.06357566 0.1377736 0.7986507
0.05319005 0.167139 0.7796709
0.04683911 0.1664697 0.7866911
0.05155751 0.1621156 0.7863269
0.05766695 0.1460231 0.7963099
0.05810775 0.157332 0.7845602
0.0481032 0.1487853 0.8031115
0.05900826 0.1521016 0.7888902
0.05822714 0.1429115 0.7988614
0.05229024 0.1659938 0.781716
0.05672315 0.1688936 0.7743832
0.05312886 0.1683631 0.778508
0.04887889 0.1710406 0.7800805
0.0591165 0.185508 0.7553755
0.04899615 0.1589309 0.792073
0.0579817 0.1889927 0.7530256
0.05442462 0.1453076 0.8002678
0.05617659 0.1658178 0.7780056
0.04621777 0.1648821 0.7889001
0.06825958 0.1565876 0.7751528
0.05055293 0.1544981 0.794949
0.05567421 0.1883684 0.7559574
0.05329133 0.1572638 0.7894449
0.06150767 0.1560659 0.7824265
0.04796738 0.1396437 0.8123889
0.05584553 0.1546916 0.7894628
0.06873545 0.1584988 0.7727657
0.07092786 0.1730594 0.7560127
0.06072121 0.158038 0.7812408
0.04645149 0.1420751 0.8114734
0.05799317 0.1486317 0.7933751
0.04342843 0.1644569 0.7921147
0.06078664 0.1659445 0.7732688
0.05803103 0.1880124 0.7539566
0.05120712 0.1521378 0.7966551
0.04649649 0.175962 0.7775415
0.06523436 0.1563364 0.7784292
0.05519146 0.1635821 0.7812264
0.06025345 0.1856866 0.75406
0.04491575 0.1411492 0.813935
0.05796335 0.1521799 0.7898568
0.04656493 0.133111 0.8203241
0.06959328 0.1507548 0.779652
0.04839827 0.1802414 0.7713603
0.05149544 0.1634878 0.7850167
0.05688784 0.1689044 0.7742078
0.05365413 0.1791806 0.7671652
0.05452457 0.1622664 0.783209
0.05993922 0.1566568 0.783404
0.06055916 0.1777832 0.7616577
0.0571457 0.1507724 0.7920819
0.06504522 0.160613 0.7743418
0.05407531 0.1764257 0.769499
0.05600353 0.1847831 0.7592134
0.06231298 0.1657836 0.7719034
0.05273356 0.1418517 0.8054148
0.05571666 0.1531046 0.7911787
0.0628026 0.1686018 0.7685956
0.05710826 0.1485791 0.7943126
0.06145165 0.1487115 0.7898368
0.05403676 0.1581724 0.7877909
0.05911253 0.1621291 0.7787584
0.07255758 0.1457914 0.781651
0.04534457 0.1880612 0.7665943
0.05712184 0.1768888 0.7659894
0.0614629 0.1784707 0.7600664
0.06257331 0.1428712 0.7945555
0.04973142 0.1504894 0.7997792
0.06538947 0.136737 0.7978736
0.05780672 0.1617611 0.7804321
0.04741951 0.1660788 0.7865017
0.05366907 0.1386767 0.8076542
0.05503589 0.1822505 0.7627136
0.04677845 0.1695542 0.7836673
0.03915002 0.1615632 0.7992868
0.04624843 0.1614342 0.7923174
0.05336782 0.1726077 0.7740245
0.05523203 0.1324587 0.8123093
0.05458963 0.1356356 0.8097748
0.05231644 0.167551 0.7801326
0.05997631 0.1616471 0.7783766
0.04381343 0.1575529 0.7986337
0.05431238 0.1643384 0.7813492
0.05964518 0.1645483 0.7758065
0.06529272 0.1516085 0.7830988
0.05470798 0.1748529 0.7704391
0.05231311 0.1618659 0.785821
0.05179234 0.1758441 0.7723635
0.04743342 0.1483432 0.8042234
0.05489783 0.1502962 0.794806
0.06195461 0.1740904 0.763955
0.07247938 0.1592734 0.7682472
0.05437096 0.1711827 0.7744464
0.05625774 0.1569376 0.7868047
0.05058801 0.1801129 0.7692991
0.05160469 0.1667587 0.7816366
0.07270892 0.1746015 0.7526896
0.05750295 0.1618071 0.78069
0.0521218 0.1452895 0.8025887
0.04212264 0.1674632 0.7904142
0.05290773 0.1581598 0.7889325
0.06287945 0.1617336 0.775387
0.04311107 0.1766313 0.7802577
0.0494479 0.1722708 0.7782813
0.06609062 0.144979 0.7889303
0.05080543 0.1658305 0.7833641
0.06883166 0.1553375 0.7758308
0.04692746 0.1604539 0.7926186
0.06305221 0.152884 0.7840637
0.0470642 0.1528045 0.8001313
0.0527405 0.1562562 0.7910033
0.06176305 0.1533013 0.7849357
0.06043255 0.1848418 0.7547257
0.06744132 0.1675129 0.7650458
0.06654187 0.148734 0.7847241
0.05780976 0.1894995 0.7526907
0.06738655 0.1702846 0.7623289
0.04391741 0.1848133 0.7712693
0.05416104 0.1895185 0.7563204
0.06608544 0.1724562 0.7614584
0.0616678 0.167687 0.7706452
0.05737717 0.1505356 0.7920873
0.04740453 0.1526389 0.7999566
0.05127942 0.1564118 0.7923088
0.04664578 0.1577328 0.7956214
0.05029919 0.1727533 0.7769475
0.04712391 0.150764 0.802112
0.06691352 0.1615312 0.7715552
0.05045592 0.1783782 0.7711659
0.0537887 0.1846469 0.7615644
0.06085965 0.1614225 0.7777179
0.05109874 0.1605644 0.7883369
0.04536665 0.1474418 0.8071915
0.06811209 0.1578562 0.7740317
0.05334335 0.1477018 0.7989549
0.06441683 0.1680241 0.767559
0.04809836 0.1584401 0.7934615
0.05661535 0.1616586 0.781726
0.05299221 0.164742 0.7822658
0.05537856 0.1433679 0.8012536
0.06035504 0.1771225 0.7625225
0.0617823 0.1818991 0.7563186
0.05268442 0.153213 0.7941026
0.05048886 0.1775553 0.7719558
0.04408152 0.1755468 0.7803716
0.05532683 0.1726402 0.7720329
0.05440776 0.169547 0.7760452
0.05895383 0.1834565 0.7575897
0.05157682 0.1587175 0.7897057
0.05873002 0.1529703 0.7882996
0.0592478 0.1653048 0.7754474
0.06246817 0.171318 0.7662138
0.06643982 0.1643526 0.7692075
0.05744015 0.1503842 0.7921756
0.05281743 0.184478 0.7627045
0.05669448 0.1617903 0.7815152
0.06747253 0.1361799 0.7963476
0.05935474 0.1420495 0.7985958
0.06048927 0.1479512 0.7915596
0.04784374 0.1761214 0.7760348
0.04942119 0.1552293 0.7953495
0.04209735 0.1528957 0.805007
0.06487963 0.1551627 0.7799577
0.06380389 0.1518156 0.7843805
0.05803437 0.1696247 0.772341
0.05516146 0.1633233 0.7815152
0.06309067 0.1527744 0.7841349
0.0541797 0.1800877 0.7657326
0.05049306 0.1561744 0.7933326
0.04759037 0.1589456 0.793464
0.055626 0.1636624 0.7807116
0.06019213 0.156458 0.7833499
0.05721091 0.1615646 0.7812245
0.0427846 0.150108 0.8071074
0.0569654 0.164641 0.7783937
0.04986767 0.1416876 0.8084448
0.06005132 0.1594886 0.7804601
0.06295285 0.160586 0.7764612
0.05672699 0.1773464 0.7659266
0.06890728 0.1384166 0.7926761
0.05019964 0.1568149 0.7929855
0.05058941 0.1798787 0.7695319
0.05499234 0.1914045 0.7536032
0.05281781 0.1578775 0.7893047
0.05361085 0.1721141 0.7742751
0.07234311 0.1681087 0.7595482
0.05806849 0.1515734 0.7903581
0.05373507 0.1590996 0.7871653
0.06136949 0.1649908 0.7736397
0.05842842 0.1739802 0.7675914
0.06247644 0.1562087 0.7813149
0.06685151 0.1370749 0.7960736
0.05099722 0.1824385 0.7665643
0.05854618 0.1702589 0.7711949
0.07106531 0.1519378 0.7769969
0.04801012 0.1723451 0.7796448
0.05174278 0.1659425 0.7823147
0.07024081 0.1700449 0.7597143
0.05403978 0.1516617 0.7942985
0.05453342 0.1919306 0.753536
0.05775989 0.1494743 0.7927658
0.04554711 0.1533383 0.8011146
0.04600504 0.1578365 0.7961584
0.05527267 0.1838498 0.7608775
0.05838089 0.1694466 0.7721725
0.05642586 0.1755594 0.7680148
0.0546492 0.1773989 0.7679519
0.05149453 0.1515798 0.7969256
0.05197033 0.156363 0.7916666
0.0523592 0.1689587 0.7786821
0.04877404 0.1626505 0.7885755
0.06312568 0.1791286 0.7577457
0.04907037 0.1738949 0.7770348
0.05220431 0.1473382 0.8004575
0.054149 0.1551789 0.7906721
0.0531637 0.1539557 0.7928806
0.06910565 0.1748604 0.756034
0.05958175 0.1642264 0.7761919
0.0549519 0.1724785 0.7725696
0.05634094 0.1584385 0.7852206
0.07057365 0.1612939 0.7681325
0.05289845 0.1530015 0.7941
0.05208451 0.1630405 0.784875
0.05948176 0.1750188 0.7654995
0.06347148 0.1586134 0.7779151
0.05542686 0.1602553 0.7843178
0.04617019 0.1652892 0.7885406
0.05606028 0.169513 0.7744267
0.05127505 0.1474119 0.8013131
0.06297528 0.1541395 0.7828852
0.06175996 0.1528705 0.7853696
0.05482073 0.1507236 0.7944557
0.05538485 0.1603145 0.7843006
0.05369081 0.1432645 0.8030447
0.04770549 0.1617998 0.7904947
0.06946434 0.1624658 0.7680698
0.06099497 0.1789639 0.7600411
0.04946608 0.1599069 0.790627
0.04679747 0.1553931 0.7978094
0.05570401 0.1622204 0.7820756
0.05079528 0.1642637 0.7849411
0.04262004 0.1700698 0.7873101
0.04770446 0.1560048 0.7962907
0.04538561 0.1616241 0.7929903
0.05505152 0.1561265 0.788822
0.0683011 0.1609254 0.7707735
0.06127708 0.1564623 0.7822606
0.04288204 0.1574948 0.7996232
0.04208731 0.1683896 0.7895231
0.06708783 0.1498236 0.7830886
0.05392425 0.1684205 0.7776552
0.05783706 0.1310113 0.8111516
0.04008215 0.1543416 0.8055763
0.05919918 0.1723206 0.7684803
0.05092475 0.1599006 0.7891746
0.05799785 0.1739211 0.768081
0.05526313 0.1559523 0.7887846
0.06021018 0.179672 0.7601178
0.06779576 0.156494 0.7757102
0.04389075 0.1650745 0.7910348
0.05944914 0.1787561 0.7617948
0.05763213 0.1641311 0.7782367
0.05044236 0.1624243 0.7871333
0.05305569 0.1783207 0.7686236
0.05296545 0.1497727 0.7972618
0.04930228 0.1583657 0.7923321
0.05485505 0.1600074 0.7851376
0.05618986 0.1678803 0.7759298
0.06645599 0.1692364 0.7643076
0.05698185 0.1503933 0.7926248
0.06294202 0.1550347 0.7820232
0.04408139 0.1950646 0.760854
0.05143746 0.1690854 0.7794771
0.05538784 0.1669043 0.7777079
0.06207216 0.1733052 0.7646226
0.05985941 0.1529837 0.7871569
0.05617144 0.1752115 0.7686171
0.05218829 0.1643769 0.7834348
0.05163836 0.1478435 0.8005181
0.06384906 0.1768143 0.7593366
0.04130159 0.153697 0.8050014
0.05537734 0.1426728 0.8019499
0.04474411 0.1644692 0.7907867
0.0573034 0.1519869 0.7907097
0.05232274 0.1713935 0.7762838
0.05336874 0.1732418 0.7733895
0.06601987 0.1524906 0.7814895
0.05124837 0.1553022 0.7934494
0.05297717 0.156462 0.7905608
0.06787084 0.1520651 0.7800641
0.05193826 0.1755876 0.7724741
0.05654311 0.1627293 0.7807276
0.06992726 0.1576654 0.7724074
0.05153735 0.1542348 0.7942279
0.058687 0.1643522 0.7769608
0.05450385 0.1494624 0.7960338
0.05560861 0.1520836 0.7923078
0.05577856 0.1841472 0.7600742
0.0568399 0.1762293 0.7669308
0.04666289 0.1568087 0.7965284
0.04874701 0.1723393 0.7789137
0.06401018 0.1707755 0.7652143
0.04604466 0.1670361 0.7869193
0.0475903 0.1643097 0.7881
0.06544664 0.1516188 0.7829345
0.06451159 0.1879077 0.7475807
0.06338943 0.1364742 0.8001364
0.05334956 0.1529417 0.7937088
0.05362131 0.1645684 0.7818103
0.05532923 0.1511825 0.7934882
0.05209134 0.139426 0.8084827
0.05238234 0.1644329 0.7831848
0.0522979 0.1588101 0.788892
0.06278131 0.1675873 0.7696314
0.05742589 0.1782926 0.7642815
0.05634132 0.1706512 0.7730075
0.0497312 0.1686132 0.7816556
0.05497779 0.184683 0.7603392
0.05266593 0.1736866 0.7736475
0.05157971 0.1452147 0.8032056
0.06200493 0.1511791 0.786816
0.05469812 0.1531622 0.7921396
0.05485536 0.1581973 0.7869474
0.04958257 0.1680793 0.7823382
0.06648883 0.1852279 0.7482833
0.04898041 0.1565962 0.7944233
0.05074257 0.1813723 0.7678851
0.05156509 0.1673581 0.7810768
0.05292687 0.1865248 0.7605483
0.06874182 0.1506017 0.7806564
0.04884845 0.1770647 0.7740869
0.05753661 0.1732861 0.7691773
0.05149219 0.1784132 0.7700946
0.05329598 0.1582179 0.7884861
0.05070591 0.1694596 0.7798345
0.0633641 0.1578548 0.7787811
0.04890551 0.1678778 0.7832167
0.05309619 0.181942 0.7649619
0.05944102 0.1524181 0.7881409
0.05067578 0.1534941 0.7958301
0.04959328 0.145004 0.8054027
0.05969318 0.1825011 0.7578057
0.06241456 0.1583743 0.7792111
0.04450702 0.1834942 0.7719987
0.05785894 0.1580823 0.7840588
0.05411112 0.1862144 0.7596745
0.0588818 0.148488 0.7926302
0.04890955 0.1630939 0.7879966
0.06011043 0.1576184 0.7822712
0.05256393 0.1796026 0.7678334
0.06324321 0.1717046 0.7650522
0.04628045 0.193864 0.7598555
0.06837877 0.1519484 0.7796728
0.05623478 0.1661115 0.7776537
0.04793242 0.1700642 0.7820034
0.05139796 0.1794497 0.7691524
0.05084761 0.1553482 0.7938041
0.04673384 0.1463332 0.806933
0.04273929 0.1677773 0.7894834
0.04889722 0.1648307 0.7862721
0.0625558 0.1584327 0.7790115
0.06424126 0.1724464 0.7633124
0.06219543 0.1607875 0.777017
0.04465512 0.1687877 0.7865571
0.05465714 0.1293593 0.8159836
0.05865708 0.1799731 0.7613698
0.07271306 0.1514496 0.7758373
0.05911344 0.1589176 0.781969
0.05184493 0.1651017 0.7830534
0.05817315 0.164712 0.7771149
0.05177637 0.1715933 0.7766303
0.06106775 0.1712876 0.7676446
0.05255705 0.186437 0.761006
0.05438374 0.1660121 0.7796041
0.05703055 0.1613977 0.7815717
0.06313759 0.1523917 0.7844707
0.05217499 0.1749863 0.7728387
0.06124781 0.1660486 0.7727036
0.0510764 0.1637713 0.7851523
0.0516905 0.1513064 0.7970031
0.054866 0.1406274 0.8045066
0.05172976 0.1822297 0.7660405
0.05405952 0.1658395 0.780101
0.0627454 0.1586807 0.7785739
0.05343651 0.1663622 0.7802013
0.04222566 0.1821531 0.7756213
0.0669006 0.1772128 0.7558866
0.04754051 0.159776 0.7926835
0.05108599 0.1867283 0.7621857
0.04778663 0.1707334 0.78148
0.04363932 0.1613085 0.7950522
0.05530079 0.1624783 0.7822209
0.06240175 0.1772918 0.7603064
0.06996659 0.1568997 0.7731337
0.05788469 0.1760737 0.7660416
0.05292086 0.1697975 0.7772817
0.06610601 0.166264 0.76763
0.06427451 0.1502502 0.7854753
0.06186393 0.1820739 0.7560622
0.05847813 0.1695334 0.7719885
0.04166919 0.1575265 0.8008043
0.04740221 0.1886514 0.7639464
0.04633447 0.1688155 0.7848501
0.03632885 0.1679179 0.7957532
0.0390413 0.153085 0.8078737
0.06394834 0.1544657 0.7815859
0.05595512 0.1687591 0.7752858
0.06371918 0.1528288 0.783452
0.04657097 0.145603 0.807826
0.05607262 0.163075 0.7808524
0.0580158 0.1598439 0.7821403
0.04402845 0.1567866 0.7991849
0.04570792 0.1706646 0.7836275
0.05274427 0.1710452 0.7762105
0.0629641 0.1737239 0.763312
0.06043568 0.1642172 0.7753471
0.05450567 0.1668867 0.7786076
0.05596 0.1550915 0.7889485
0.05215875 0.1567993 0.791042
0.04104524 0.1932199 0.7657349
0.05191002 0.1638904 0.7841996
0.04828557 0.1846613 0.7670532
0.05502147 0.171489 0.7734895
0.06165567 0.1722468 0.7660975
0.05196326 0.1713003 0.7767365
0.06145965 0.1557932 0.7827472
0.05533465 0.161497 0.7831684
0.05138172 0.1629591 0.7856592
0.05292929 0.1425465 0.8045242
0.05518687 0.1610036 0.7838095
0.05525168 0.1460639 0.7986844
0.0525262 0.2017405 0.7457333
0.06218761 0.1643651 0.7734473
0.05764619 0.142055 0.8002988
0.0597543 0.1894575 0.7507882
0.05498194 0.1584109 0.7866071
0.06981938 0.1439463 0.7862343
0.06486831 0.1686274 0.7665043
0.05760551 0.1768388 0.7655557
0.06297223 0.17692 0.7601078
0.07161687 0.1425043 0.7858788
0.05518163 0.1448698 0.7999485
0.07493205 0.1381857 0.7868823
0.05594323 0.1572023 0.7868545
0.06340387 0.1446277 0.7919684
0.05816925 0.1684589 0.7733718
0.0625517 0.1751388 0.7623095
0.05704165 0.1691038 0.7738545
0.05527633 0.1482655 0.7964582
0.04451542 0.1670168 0.7884678
0.06361907 0.1745251 0.7618559
0.05319938 0.177349 0.7694516
0.05091255 0.1584197 0.7906677
0.05336247 0.1653982 0.7812394
0.06776313 0.1798236 0.7524132
0.05607261 0.155389 0.7885384
0.05530044 0.1516021 0.7930974
0.05643264 0.1481346 0.7954328
0.07665416 0.1516235 0.7717224
0.05887973 0.1456658 0.7954544
0.05221663 0.1636108 0.7841726
0.04829716 0.1690682 0.7826346
0.06016097 0.1679178 0.7719212
0.04911818 0.1567446 0.7941373
0.04651936 0.1715464 0.7819343
0.04363374 0.1522114 0.8041549
0.05841708 0.1477479 0.793835
0.06250955 0.1568149 0.7806755
0.04792596 0.1747886 0.7772854
0.05772679 0.1769836 0.7652896
0.06089355 0.1928597 0.7462467
0.06609874 0.1672436 0.7666576
0.06024393 0.1565064 0.7832497
0.04946392 0.1741819 0.7763542
0.06861709 0.1513203 0.7800626
0.05348865 0.1572178 0.7892936
0.06654016 0.1630438 0.770416
0.06239799 0.1680709 0.7695311
0.0504172 0.1659095 0.7836733
0.05965702 0.1732639 0.7670791
0.05703109 0.1646017 0.7783672
0.04087266 0.1742005 0.7849268
0.05709571 0.1629459 0.7799584
0.06284142 0.1753525 0.7618061
0.05421452 0.160106 0.7856795
0.06186543 0.1587172 0.7794174
0.06053052 0.1516366 0.7878329
0.06397491 0.1475459 0.7884792
0.0532864 0.1668965 0.7798171
0.05710208 0.1651805 0.7777174
0.06584852 0.1600561 0.7740953
0.0531922 0.1626601 0.7841477
0.05513862 0.1809244 0.763937
0.05443748 0.1740504 0.7715121
0.04499343 0.1811044 0.7739022
0.04906459 0.1521417 0.7987937
0.05358764 0.1626002 0.7838122
0.04907788 0.1679437 0.7829784
0.06671932 0.1500146 0.783266
0.04919792 0.1723703 0.7784318
0.06571363 0.1582683 0.7760181
0.06218215 0.1530489 0.784769
0.05855243 0.1820376 0.7594099
0.05278382 0.1583916 0.7888246
0.04998827 0.1706045 0.7794072
0.06099445 0.1514467 0.7875589
0.05737597 0.1746312 0.7679928
0.04567201 0.1713883 0.7829396
0.04845141 0.1687097 0.7828389
0.06118659 0.1565165 0.7822969
0.05627961 0.1641357 0.7795847
0.06068005 0.1725075 0.7668125
0.0520422 0.1628972 0.7850606
0.04976553 0.1755838 0.7746507
0.06207728 0.1547621 0.7831607
0.05247459 0.1644391 0.7830863
0.06855689 0.1450128 0.7864304
0.06065361 0.1579348 0.7814116
0.06191226 0.1714043 0.7666835
0.05095249 0.150732 0.7983155
0.0614354 0.1580369 0.7805277
0.04955549 0.1692887 0.7811558
0.06113945 0.1511775 0.787683
0.04765984 0.1658569 0.7864833
0.06155529 0.1423716 0.7960731
0.06396656 0.1435289 0.7925045
0.048655 0.1838961 0.7674489
0.05406534 0.1670961 0.7788386
0.05579425 0.1428757 0.8013301
0.06590685 0.1606923 0.7734009
0.04881232 0.1512152 0.7999725
0.05204863 0.18951 0.7584413
0.06275557 0.1499112 0.7873332
0.04970041 0.1693683 0.7809313
0.05676624 0.1538347 0.7893991
0.05649673 0.1897942 0.7537091
0.04948264 0.1443972 0.8061202
0.06377297 0.1357353 0.8004917
0.05752813 0.1671168 0.7753551
0.04767832 0.2018909 0.7504308
0.06091536 0.1728199 0.7662647
0.05897611 0.1509806 0.7900433
0.05522216 0.1778849 0.766893
0.06317869 0.1459953 0.790826
0.05341818 0.1418316 0.8047502
0.04844165 0.1579568 0.7936015
0.05153979 0.1509462 0.797514
0.05058905 0.1562871 0.7931239
0.05638003 0.1594555 0.7841645
0.05118483 0.1498364 0.7989787
0.05732396 0.1520757 0.7906003
0.0782731 0.1441117 0.7776152
0.05838709 0.1549165 0.7866964
0.05760368 0.1434517 0.7989446
0.05518683 0.1685409 0.7762723
0.05723232 0.1691766 0.7735911
0.05441723 0.167063 0.7785198
0.04759233 0.1584325 0.7939752
0.06267149 0.1629443 0.7743843
0.07159241 0.1428539 0.7855537
0.05260081 0.155317 0.7920822
0.06051521 0.149107 0.7903777
0.05400199 0.1598539 0.7861441
0.05778347 0.1680229 0.7741937
0.07121426 0.1580186 0.7707671
0.05219485 0.1484161 0.799389
0.05526246 0.1489699 0.7957677
0.04162792 0.1735731 0.784799
0.05210717 0.1826843 0.7652085
0.06004955 0.1565841 0.7833663
0.05814823 0.1437688 0.798083
0.05381869 0.1646211 0.7815602
0.05294741 0.1653621 0.7816905
0.05274563 0.1599511 0.7873033
0.07089112 0.1569331 0.7721758
0.06002252 0.1694435 0.770534
0.06461202 0.1509534 0.7844346
0.05505072 0.1552952 0.7896541
0.0541951 0.147635 0.7981699
0.04149064 0.1527762 0.8057331
0.05681479 0.1710356 0.7721496
0.06058289 0.1500134 0.7894037
0.05948289 0.1592305 0.7812866
0.05402432 0.1609602 0.7850155
0.05387553 0.1457757 0.8003488
0.04875928 0.1604579 0.7907828
0.05055049 0.1600613 0.7893882
0.04630952 0.1723402 0.7813503
0.04845099 0.1563754 0.7951736
0.05827749 0.1653948 0.7763277
0.05670155 0.1790824 0.7642161
0.05069575 0.1467468 0.8025575
0.04303543 0.1651002 0.7918644
0.04656629 0.1801276 0.7733062
0.05097246 0.1645954 0.7844321
0.04153034 0.1863285 0.7721412
0.05327716 0.1858244 0.7608984
0.06865529 0.1558926 0.7754521
0.04318357 0.1612097 0.7956068
0.03930927 0.1504523 0.8102385
0.05488932 0.1551636 0.7899471
0.07293546 0.1659087 0.7611558
0.0542424 0.1569295 0.7888281
0.06575815 0.1665468 0.7676951
0.06155306 0.1599278 0.7785191
0.05659025 0.1701372 0.7732726
0.06529909 0.1479592 0.7867417
0.05493824 0.1634906 0.7815711
0.04679214 0.169512 0.7836959
0.03890401 0.180099 0.7809969
0.05558004 0.1546777 0.7897422
0.05907155 0.1718307 0.7690977
0.04265055 0.1660571 0.7912923
0.06180582 0.1806971 0.7574971
0.0476619 0.1596215 0.7927166
0.04486762 0.1592453 0.7958871
0.04692597 0.1728089 0.7802652
0.0509728 0.1726915 0.7763357
0.04949665 0.1692321 0.7812712
0.05218996 0.156308 0.791502
0.05251442 0.1502389 0.7972467
0.05356157 0.1605696 0.7858688
0.05728419 0.1511871 0.7915288
0.0593398 0.1664289 0.7742313
0.0548399 0.1879113 0.7572488
0.03299877 0.1778399 0.7891613
0.06201047 0.1715168 0.7664727
0.04029571 0.1550453 0.804659
0.05505637 0.1589836 0.78596
0.03685021 0.1622586 0.8008912
0.05196437 0.1683466 0.779689
0.0498328 0.1692752 0.780892
0.06236822 0.1615923 0.7760395
0.06480085 0.1784747 0.7567244
0.05834732 0.1575295 0.7841232
0.04108225 0.1735926 0.7853251
0.05305944 0.1723492 0.7745913
0.0571784 0.1710037 0.7718179
0.05455582 0.1543058 0.7911384
0.05261931 0.1661005 0.7812802
0.06245118 0.1815401 0.7560088
0.06103081 0.1557024 0.7832668
0.06350286 0.1622849 0.7742123
0.05096056 0.1880362 0.7610033
0.04130047 0.1713615 0.787338
0.06277834 0.1623079 0.7749138
0.0443622 0.1552512 0.8003866
0.04981405 0.1747479 0.775438
0.0617868 0.1744855 0.7637277
0.04811226 0.1587577 0.79313
0.0589452 0.1585957 0.7824591
0.05954534 0.1765111 0.7639436
0.04571499 0.1718991 0.7823859
0.05626064 0.1524059 0.7913335
0.07144752 0.1560716 0.7724809
0.05345646 0.1598215 0.786722
0.05881363 0.1736029 0.7675834
0.059037 0.1590372 0.7819258
0.04781668 0.1712698 0.7809135
0.06172673 0.174228 0.7640453
0.06661612 0.1678311 0.7655528
0.04390503 0.1577378 0.7983572
0.06426477 0.1875742 0.748161
0.05993752 0.1533571 0.7867054
0.0552618 0.1681889 0.7765493
0.04396566 0.1811623 0.7748721
0.06314683 0.1695679 0.7672853
0.05682158 0.1423219 0.8008565
0.06491262 0.1667726 0.7683148
0.05036356 0.1737722 0.7758643
0.05986539 0.1666382 0.7734964
0.04990082 0.1803207 0.7697785
0.05506026 0.1555003 0.7894394
0.05728625 0.1700999 0.7726138
0.05917319 0.1749824 0.7658444
0.05689474 0.1784631 0.7646421
0.05659569 0.175014 0.7683903
0.05424927 0.1680153 0.7777355
0.04745242 0.1749102 0.7776374
0.05864439 0.1604229 0.7809327
0.06206703 0.1517943 0.7861387
0.06264432 0.1536387 0.783717
0.05100772 0.1749653 0.774027
0.06591446 0.1372604 0.7968252
0.04776714 0.1593349 0.792898
0.04880093 0.1832536 0.7679455
0.0516523 0.1420479 0.8062998
0.04640629 0.1584403 0.7951534
0.05938482 0.1682421 0.7723731
0.04616964 0.1740298 0.7798005
0.06992942 0.1511452 0.7789254
0.05990887 0.1620909 0.7780002
0.05570841 0.1365362 0.8077554
0.050932 0.184345 0.764723
0.05154879 0.1660768 0.7823744
0.06343785 0.1486371 0.787925
0.05139656 0.1892663 0.7593371
0.05929149 0.1609312 0.7797773
0.05668494 0.1646223 0.7786927
0.04802989 0.1735786 0.7783915
0.06179918 0.1620701 0.7761307
0.05746301 0.1587747 0.7837623
0.05582612 0.1481186 0.7960553
0.05572367 0.1643821 0.7798943
0.0517421 0.1552175 0.7930404
0.05955955 0.1409751 0.7994653
0.04613378 0.1751353 0.778731
0.0641572 0.1489549 0.7868879
0.05880411 0.1464717 0.7947242
0.05134459 0.1563656 0.7922898
0.06742089 0.1591117 0.7734675
0.06179033 0.1511657 0.7870439
0.04641254 0.1643584 0.7892291
0.07122058 0.1589153 0.7698641
0.07260473 0.1626251 0.7647702
0.06282774 0.1529732 0.7841991
0.05569392 0.140676 0.8036301
0.05886849 0.1570394 0.7840921
0.05450743 0.1532528 0.7922398
0.05393379 0.1548725 0.7911937
0.05677422 0.1552081 0.7880177
0.04709734 0.1593863 0.7935163
0.05659741 0.1751301 0.7682724
0.05155915 0.1512161 0.7972248
0.05634522 0.1504184 0.7932364
0.06088299 0.1494831 0.7896339
0.05869729 0.1553914 0.7859113
0.04806184 0.1549385 0.7969996
0.05014065 0.1637209 0.7861385
0.05925935 0.1933825 0.7473581
0.05308064 0.1742512 0.7726681
0.05569731 0.160275 0.7840277
0.05157852 0.153946 0.7944755
0.06128645 0.1592681 0.7794454
0.05012345 0.1780317 0.7718449
0.0493466 0.1768315 0.7738219
0.03886085 0.1560105 0.8051287
0.05366945 0.1626362 0.7836943
0.0616236 0.1680121 0.7703643
0.05976097 0.1570916 0.7831474
0.0710431 0.1611817 0.7677752
0.05183751 0.1608446 0.7873179
0.06971722 0.1493306 0.7809522
0.05649525 0.1661605 0.7773442
0.05243385 0.1488019 0.7987643
0.05548726 0.160473 0.7840397
0.05397363 0.1692545 0.7767718
0.07389328 0.1603023 0.7658044
0.05394996 0.1743086 0.7717415
0.056504 0.1877212 0.7557748
0.05553525 0.1844503 0.7600145
0.06003626 0.1570171 0.7829467
0.07718975 0.1534131 0.7693972
0.07109255 0.1820081 0.7468994
0.0501464 0.1832022 0.7666514
0.04979999 0.1841307 0.7660693
0.05477512 0.1465909 0.798634
0.06428901 0.1588156 0.7768954
0.05616955 0.1830878 0.7607427
0.05799765 0.1488114 0.7931909
0.06333952 0.1683392 0.7683213
0.04947613 0.1645312 0.7859926
0.05522788 0.1694704 0.7753017
0.05474986 0.1621401 0.78311
0.05877555 0.1665948 0.7746296
0.04959669 0.1738191 0.7765842
0.05872897 0.1624152 0.7788558
0.0566105 0.150656 0.7927335
0.05745688 0.1848456 0.7576975
0.05740773 0.1563791 0.7862132
0.05349705 0.1622721 0.7842308
0.07066665 0.1721596 0.7571737
