p_1 p_2 p_3 p_4 
0.2337665 0.7504417 0.009704513 0.006087292 
0.2660205 0.727198 0.005127586 0.001653923 
0.3763283 0.612975 0.001276283 0.00942049 
0.2754454 0.7175248 0.0006407731 0.006389047 
0.3780218 0.6018613 0.009515984 0.01060099 
0.3189144 0.6716349 0.003273577 0.006177112 
0.279579 0.7037752 0.0161689 0.0004769409 
0.206631 0.7857903 0.006723131 0.0008555357 
0.2536609 0.7327949 0.01140731 0.002136902 
0.3218534 0.6552129 0.007408656 0.01552508 
0.2449783 0.7458163 0.007389451 0.001815928 
0.3516629 0.6267106 0.01652009 0.005106352 
0.3017562 0.6815589 0.008790602 0.007894326 
0.2390916 0.753466 0.003086005 0.004356316 
0.2838519 0.7097803 0.003677537 0.002690224 
0.4677389 0.5151715 0.004532967 0.01255667 
0.2693859 0.6988715 0.006228983 0.02551354 
0.3059809 0.684014 0.0003292148 0.009675902 
0.3440862 0.6553556 5.423944e-05 0.0005040052 
0.4441516 0.539738 0.009474869 0.006635537 
0.2918516 0.7037813 0.003039815 0.001327344 
0.2705873 0.7161301 0.004387422 0.008895111 
0.268296 0.709422 0.006182288 0.01609966 
0.4112205 0.5860889 0.002406587 0.0002839949 
0.3766325 0.6221665 0.0004862173 0.000714778 
0.3372283 0.6587863 0.003701663 0.0002837113 
0.3117632 0.682859 0.001251007 0.004126744 
0.2507839 0.7263577 0.0206886 0.002169812 
0.3107495 0.6718069 0.01529442 0.002149175 
0.3458831 0.6406731 0.005755101 0.007688632 
0.273608 0.6967991 0.003557489 0.02603539 
0.3043612 0.6762012 0.01528955 0.004147973 
0.3368781 0.6402779 0.01298687 0.009857174 
0.3055642 0.681544 0.004592185 0.008299675 
0.2480216 0.7399356 0.003453081 0.00858976 
0.3076695 0.6876932 0.0008892017 0.003748082 
0.2855734 0.7083091 0.0007652677 0.005352234 
0.2823508 0.7068212 0.002726929 0.008101037 
0.2411266 0.7401167 0.0169517 0.001805023 
0.2017572 0.7800993 0.0001588107 0.0179847 
0.2788875 0.7157169 0.002905774 0.002489828 
0.267369 0.7213616 0.00535169 0.005917676 
0.2211167 0.7719355 0.0005162171 0.00643157 
0.2995364 0.6926093 0.005365078 0.00248922 
0.3879265 0.6037725 0.005581831 0.002719179 
0.2763639 0.7180361 0.0001140655 0.00548596 
0.2817652 0.7082825 0.001272105 0.008680209 
0.2738859 0.7199096 0.00215598 0.004048539 
0.2596912 0.7135672 0.02144605 0.005295544 
0.2650347 0.7238623 0.0005875359 0.01051547 
0.3408579 0.6353047 0.01976869 0.004068765 
0.2979763 0.6770255 0.01961181 0.005386407 
0.3021004 0.6909059 0.002457332 0.004536318 
0.3025692 0.6906539 0.00563789 0.001139089 
0.2772353 0.7188489 0.002267448 0.001648279 
0.3062259 0.6884978 0.0004904719 0.004785872 
0.319545 0.6546959 0.01464608 0.01111305 
0.3502706 0.6395463 0.004542922 0.005640089 
0.2105839 0.7793434 0.001418824 0.008653956 
0.2888988 0.6762296 0.004071129 0.03080048 
0.2746778 0.7237883 0.0003841064 0.001149786 
0.3137952 0.6812131 0.004055336 0.0009363682 
0.3353011 0.6451903 0.005896122 0.01361241 
0.417127 0.5743451 0.00751865 0.001009186 
0.2194531 0.776838 0.0006208327 0.003088047 
0.2301931 0.7505075 0.01060053 0.008698923 
0.3757535 0.6198274 0.001334357 0.003084801 
0.270752 0.7147805 0.006076109 0.008391394 
0.3247577 0.6633488 0.008716229 0.003177308 
0.25641 0.7205054 0.005643237 0.01744135 
0.3154865 0.6679342 0.01611278 0.0004664913 
0.2449455 0.7290969 0.009107016 0.01685051 
0.3291383 0.6673369 0.00148424 0.002040643 
0.2615454 0.7155105 0.01010368 0.01284042 
0.2869137 0.6863929 0.003362172 0.02333117 
0.2767384 0.7205713 0.0005851601 0.002105118 
0.3437102 0.645602 0.004919306 0.005768507 
0.30593 0.6679092 0.02209018 0.004070632 
0.2544312 0.7241443 0.007948807 0.01347575 
0.3661715 0.6104528 0.003173126 0.02020254 
0.2775039 0.7125188 0.00654628 0.003431067 
0.2709738 0.7181919 0.008717408 0.00211689 
0.3436318 0.6537245 0.001233227 0.001410461 
0.1883563 0.8027279 0.007413745 0.001502078 
0.2208931 0.7763926 0.001460499 0.001253783 
0.2516947 0.7344884 0.003030812 0.01078607 
0.2679157 0.7134042 0.004469971 0.01421016 
0.23464 0.7549404 0.008354527 0.002065003 
0.3115015 0.6466657 0.01705821 0.02477452 
0.2645319 0.7166206 0.006026183 0.01282136 
0.336676 0.6606667 0.0004751242 0.002182163 
0.3224021 0.6606782 0.009307496 0.007612159 
0.2770921 0.7036829 0.004058866 0.0151661 
0.354069 0.6330563 0.003581128 0.009293615 
0.2738228 0.6921432 0.01893105 0.01510287 
0.197748 0.7809329 0.01466603 0.006652975 
0.3331823 0.658104 0.0002116218 0.008502023 
0.3419179 0.6524182 0.0001510245 0.005512945 
0.2870307 0.7094444 0.002867301 0.0006576332 
0.2991866 0.6952663 0.001095311 0.004451737 
0.3217119 0.6623045 0.01384892 0.002134645 
0.3137907 0.6724061 0.008787883 0.005015382 
0.3467477 0.6281377 0.01954976 0.00556488 
0.2454584 0.741373 0.009603871 0.003564677 
0.2884857 0.7086651 0.00203848 0.000810752 
0.3223681 0.6675202 0.005709628 0.004402021 
0.299104 0.6949735 0.0002879612 0.005634499 
0.1654044 0.8260526 0.0009970303 0.007546021 
0.2856203 0.6899476 0.006045134 0.018387 
0.3088305 0.6678874 0.01937948 0.003902551 
0.287851 0.6788333 0.02034588 0.01296987 
0.317308 0.6562039 0.01282099 0.01366711 
0.2664942 0.7276243 0.004303139 0.001578333 
0.2348328 0.7568715 0.003513711 0.004781984 
0.3196153 0.6577985 0.02243995 0.0001462179 
0.2713337 0.7183973 0.008728466 0.001540462 
0.3470489 0.6432238 0.00521069 0.004516562 
0.3411788 0.6503034 0.002430518 0.006087219 
0.2419894 0.7289603 0.01624461 0.01280572 
0.2934612 0.6975338 0.005694816 0.003310104 
0.2920912 0.7029724 0.004428971 0.0005074545 
0.3489558 0.6408591 0.004185073 0.006000032 
0.3022395 0.6871214 1.30749e-05 0.01062594 
0.4190114 0.5488199 0.0297615 0.002407176 
0.2653795 0.7301711 0.0008478518 0.003601502 
0.3400147 0.6522112 0.004063231 0.003710888 
0.3435582 0.6522659 0.002431478 0.001744349 
0.3488543 0.6434972 0.007614124 3.439153e-05 
0.2363616 0.7486901 0.009685126 0.005263134 
0.2626015 0.7124324 0.02217512 0.002790983 
0.2836873 0.7056276 0.001548077 0.009137039 
0.3662391 0.6121808 0.005045152 0.01653495 
0.2693226 0.7256041 0.003307898 0.001765337 
0.2334499 0.7506323 0.01444652 0.001471269 
0.3569505 0.612676 0.009839673 0.0205338 
0.2898266 0.6882722 0.01587511 0.006026082 
0.3541143 0.6348099 0.004865721 0.006210049 
0.3678603 0.6171489 0.009949911 0.005040971 
0.2686683 0.7275969 0.0009403367 0.002794415 
0.2665888 0.7084868 0.005001214 0.01992317 
0.4051178 0.5825107 0.003719875 0.008651551 
0.2903812 0.6901517 0.01518235 0.004284763 
0.2816792 0.717859 0.0003601676 0.0001015559 
0.3975171 0.6010215 0.0008835912 0.0005778233 
0.2338228 0.7523438 0.001484541 0.01234883 
0.2683553 0.7233247 0.001611867 0.006708136 
0.3329263 0.6441639 0.01041996 0.01248986 
0.3103071 0.6861059 0.001630943 0.001956007 
0.2915061 0.6932966 0.00538008 0.009817239 
0.2601562 0.715048 0.02380227 0.0009935563 
0.3103053 0.6837939 0.002469183 0.00343166 
0.2435067 0.7179509 0.01725161 0.02129076 
0.2731659 0.7079133 0.0001179636 0.01880278 
0.346678 0.6465959 0.002970516 0.00375557 
0.3293404 0.6625314 0.008012802 0.0001154254 
0.3593141 0.6323069 0.004316902 0.004062062 
0.3431244 0.6337889 0.0002278856 0.02285875 
0.3052288 0.6888046 0.002520214 0.003446451 
0.2507046 0.7218758 0.02662259 0.0007970317 
0.3255448 0.6551557 0.01288951 0.006409956 
0.3590483 0.6243143 0.01639067 0.0002466828 
0.3479711 0.6434298 0.002456085 0.006143017 
0.3219281 0.6697573 0.004399139 0.003915401 
0.3259632 0.6609894 0.001351728 0.01169565 
0.2842432 0.7130605 0.001757075 0.0009392712 
0.2999616 0.6916213 0.001241622 0.007175451 
0.2715504 0.7000987 0.01613709 0.01221378 
0.3576865 0.6284961 0.01145419 0.002363274 
0.3456825 0.6140564 0.03009311 0.01016801 
0.3835551 0.5831774 0.01524785 0.0180196 
0.3859557 0.6071943 0.002838078 0.004011874 
0.2503015 0.746854 0.0007608588 0.002083645 
0.3317753 0.660719 0.005928141 0.001577647 
0.2391104 0.7456953 0.001333833 0.01386045 
0.2966854 0.6928639 0.005374838 0.005075863 
0.3401232 0.6506958 0.004928927 0.004252146 
0.1904361 0.8072369 0.0008570508 0.001469927 
0.3002696 0.6920765 0.004692571 0.002961374 
0.2657993 0.7213943 0.001441786 0.01136462 
0.3119014 0.6778489 0.005499628 0.004750007 
0.2977177 0.6936313 0.004885041 0.003766051 
0.2805794 0.7018954 0.008723299 0.008801909 
0.1643885 0.8305675 0.001282956 0.00376098 
0.2746679 0.6944689 0.02218006 0.008683083 
0.2943697 0.7003448 0.005070744 0.0002148048 
0.3171024 0.6597738 0.01361301 0.009510811 
0.2610939 0.7206345 0.001826509 0.0164451 
0.2947766 0.6952758 8.241346e-05 0.009865256 
0.3023376 0.692287 0.001901404 0.003474057 
0.3163797 0.6348125 0.01933991 0.02946796 
0.2873023 0.7062196 0.004504127 0.001973936 
0.3036304 0.6911512 0.004779856 0.0004385729 
0.2401576 0.7350199 0.009396379 0.01542613 
0.2858971 0.6944567 0.01526934 0.004376805 
0.3327183 0.6397279 0.01820973 0.009344051 
0.2566842 0.7379641 0.004929685 0.0004220063 
0.3191672 0.6668379 0.01362878 0.0003661556 
0.290936 0.6820569 0.0093028 0.01770428 
0.2923378 0.700552 0.001615473 0.005494725 
0.3357086 0.6419647 0.002587233 0.01973954 
0.2483597 0.7437444 0.005150575 0.002745371 
0.2998384 0.6938713 0.003832752 0.002457547 
0.3629174 0.6240655 0.008793997 0.004223108 
0.24343 0.7381651 0.01341604 0.004988858 
0.3636361 0.5709822 0.001439331 0.0639424 
0.2462895 0.7264813 0.008315577 0.01891364 
0.2899629 0.6824985 0.01036207 0.01717656 
0.4128025 0.569261 0.01110102 0.006835513 
0.3331391 0.6081066 0.01779926 0.04095504 
0.2225055 0.7654589 0.0002819942 0.01175368 
0.4347611 0.5330949 0.01072341 0.02142064 
0.3046991 0.6769998 0.004097215 0.01420389 
0.3466474 0.6439811 0.002559769 0.006811718 
0.3109734 0.6818612 0.004079215 0.003086146 
0.2806178 0.705095 0.009629105 0.00465809 
0.217901 0.7680121 0.01031005 0.003776879 
0.1988771 0.7881533 0.005932525 0.007037126 
0.2677422 0.7174713 0.01067616 0.004110424 
0.3148455 0.6720143 0.009734897 0.003405236 
0.2380255 0.7491508 0.006133844 0.006689925 
0.3006914 0.6887801 0.01018168 0.0003467532 
0.3283675 0.6647979 0.002498382 0.004336244 
0.2923498 0.6668924 0.0004503157 0.0403075 
0.2506333 0.7426785 0.006473528 0.0002147106 
0.2831713 0.7066093 0.002297457 0.007921938 
0.2367487 0.7551577 0.006207873 0.001885721 
0.2850588 0.7006001 0.003098266 0.01124277 
0.3389093 0.652136 0.004459207 0.004495491 
0.2543224 0.7315386 0.01250975 0.001629236 
0.247506 0.7431029 0.0003942572 0.008996825 
0.2761568 0.7183737 0.002288768 0.003180707 
0.2873548 0.705464 0.004549933 0.002631256 
0.3213121 0.6561428 0.01935547 0.00318962 
0.3048898 0.6599181 0.03036091 0.004831235 
0.256692 0.7310496 0.006710623 0.005547739 
0.3222302 0.6534871 0.002146881 0.02213582 
0.3412493 0.6566588 0.001685037 0.0004068736 
0.2981329 0.6982995 0.002795321 0.0007722379 
0.3118864 0.6824405 0.002586867 0.003086308 
0.3328944 0.6480143 0.00843563 0.01065567 
0.3447836 0.6489877 0.001488055 0.004740587 
0.3069135 0.6828996 0.0001356809 0.01005124 
0.2583845 0.7327555 0.0062482 0.002611738 
0.3057958 0.6898907 0.001274981 0.003038467 
0.3213522 0.6763455 0.000187615 0.002114672 
0.3117974 0.6727002 0.01029885 0.005203497 
0.2883563 0.7066541 0.001409907 0.003579691 
0.2746372 0.7212084 0.0001495755 0.004004844 
0.2342969 0.7572212 0.00716276 0.001319143 
0.2410427 0.749577 0.006671591 0.002708646 
0.2918919 0.7014223 0.002715098 0.003970679 
0.2743685 0.7108216 0.006233979 0.008575921 
0.2865976 0.6984026 0.005260378 0.009739389 
0.2690304 0.7233334 0.001893751 0.005742456 
0.3179338 0.6684025 0.002437497 0.0112262 
0.4344162 0.5627217 0.0002318003 0.002630342 
0.2514951 0.7370591 0.01101517 0.0004307107 
0.3461784 0.6510505 0.001617954 0.001153161 
0.413523 0.5800456 0.0008138442 0.005617577 
0.3009992 0.6934877 0.002602927 0.002910191 
0.2779423 0.6963965 0.01845797 0.007203314 
0.2521201 0.7446959 0.0008994049 0.002284555 
0.2683186 0.7292716 0.00142402 0.0009858082 
0.3601998 0.6242185 0.01106762 0.004514073 
0.3346305 0.6329397 0.02703115 0.005398616 
0.3265747 0.6720887 0.0008399259 0.0004966834 
0.2882073 0.7024999 0.003140152 0.006152579 
0.2460325 0.7336596 0.006805066 0.01350286 
0.3603621 0.6304733 0.007373314 0.001791252 
0.2364851 0.745367 0.008535582 0.009612361 
0.3769621 0.583851 0.0004011412 0.03878581 
0.3133161 0.6444827 0.00746129 0.03473984 
0.3325388 0.66576 0.001201392 0.0004997978 
0.3223849 0.6589109 0.001461418 0.01724279 
0.3340527 0.6496863 0.007322566 0.008938416 
0.2210064 0.7738998 0.003329506 0.001764306 
0.1928952 0.7898196 0.009931974 0.007353145 
0.2680404 0.7147083 0.01122029 0.006031044 
0.2673226 0.7271513 0.00067714 0.004848974 
0.2644187 0.7271203 0.001497139 0.006963818 
0.26992 0.7085272 0.01829527 0.003257564 
0.3222829 0.6677515 0.006839759 0.003125918 
0.37904 0.6130641 0.00248269 0.005413264 
0.2301427 0.7605727 0.003687997 0.005596623 
0.2985462 0.6590757 0.01431374 0.02806437 
0.2764803 0.7115667 0.01090094 0.001052139 
0.2942739 0.692148 0.006713144 0.00686498 
0.2768369 0.6979921 0.021585 0.003586009 
0.2898139 0.6967059 0.004906958 0.008573289 
0.2652791 0.7228144 0.009955831 0.001950653 
0.2839678 0.6980209 0.01445647 0.003554807 
0.317872 0.6725919 0.005332935 0.004203193 
0.3431665 0.6442277 0.003401808 0.009203989 
0.3351127 0.6496446 0.001638609 0.01360404 
0.1945386 0.8036594 0.0004046938 0.001397287 
0.2996235 0.6951521 0.004354041 0.0008703958 
0.2157719 0.7743864 0.007694854 0.002146795 
0.3220357 0.6707277 0.005959957 0.00127662 
0.2748921 0.7206433 0.001365909 0.003098667 
0.2819702 0.7147301 0.0014425 0.001857193 
0.1817073 0.810321 0.00445689 0.003514837 
0.2816032 0.7115072 0.004406388 0.002483152 
0.2473725 0.7427502 0.003860329 0.006017018 
0.278594 0.7151571 0.000163675 0.006085291 
0.307024 0.6864071 0.0003515725 0.006217368 
0.2711475 0.7022103 0.01151301 0.01512914 
0.297985 0.6974772 0.003461367 0.001076433 
0.280494 0.6968779 0.00781388 0.0148142 
0.3270684 0.6701176 0.001296889 0.00151708 
0.2552327 0.7200979 0.0196601 0.005009281 
0.3210975 0.6714075 0.00691631 0.0005786988 
0.4278631 0.5599864 0.004557263 0.007593211 
0.3597895 0.6331748 0.001450076 0.005585631 
0.3673385 0.6082636 0.009378325 0.01501952 
0.3133237 0.6597152 0.01115083 0.01581026 
0.3088181 0.6790638 0.009966794 0.002151273 
0.2760736 0.7202665 0.0007212165 0.002938699 
0.2930587 0.6890697 0.001622851 0.0162488 
0.2729341 0.7145522 0.01007525 0.002438445 
0.2656161 0.7126649 0.001798899 0.01992011 
0.3065669 0.6441768 0.04825735 0.0009989085 
0.3296807 0.6627961 0.0001901615 0.007333084 
0.2102981 0.7657274 0.006833213 0.01714131 
0.2308695 0.7502339 0.01329762 0.005598963 
0.3275766 0.6513501 7.157558e-05 0.0210017 
0.2881648 0.7077485 0.002437547 0.001649173 
0.2991127 0.6901998 0.006056764 0.004630775 
0.2950765 0.6993234 0.000295381 0.005304722 
0.300069 0.6891134 0.001765821 0.009051802 
0.3167266 0.6794559 0.0009019352 0.002915513 
0.3249424 0.6594682 0.01367417 0.001915257 
0.2755892 0.7212539 0.001302287 0.001854627 
0.2194083 0.7499413 0.01899443 0.01165593 
0.3070629 0.6833682 0.005503447 0.004065458 
0.2561319 0.731042 0.01244396 0.000382144 
0.31212 0.6718231 0.01054255 0.00551432 
0.2727293 0.7008447 0.0012942 0.02513184 
0.3508848 0.6390569 0.00197907 0.008079291 
0.293238 0.6974812 0.001036242 0.008244509 
0.3203751 0.66989 0.0002733343 0.009461564 
0.3480257 0.6337317 0.00330873 0.01493391 
0.2399996 0.7483125 0.004531758 0.007156068 
0.3044955 0.661419 0.01817505 0.01591049 
0.3450684 0.6475356 0.001424135 0.005971887 
0.301971 0.6654563 0.02749617 0.005076529 
0.3444881 0.6494095 0.001671542 0.004430855 
0.343878 0.6482665 0.005996577 0.001858839 
0.3424578 0.634576 0.02281904 0.0001472308 
0.3371754 0.6485549 0.00566279 0.008606953 
0.3412497 0.6419449 0.01138944 0.005415972 
0.2838386 0.6802332 0.007815225 0.02811296 
0.2299948 0.7567656 0.008531912 0.004707689 
0.3323885 0.6471457 0.0008722216 0.01959363 
0.2764195 0.7094981 0.01200212 0.002080351 
0.3107983 0.6785955 0.002433149 0.008173073 
0.2384251 0.7558629 0.004231616 0.001480374 
0.3492509 0.6361812 0.00421978 0.01034815 
0.185639 0.7980298 0.004720751 0.01161048 
0.3617836 0.6290528 0.008634572 0.0005291119 
0.2860007 0.7001891 0.01176362 0.002046535 
0.3940391 0.5999517 0.003947376 0.002061859 
0.354578 0.6332665 0.0110768 0.00107871 
0.277709 0.7125621 0.003778989 0.005949872 
0.3334375 0.6553487 0.003404242 0.007809537 
0.2972519 0.6947995 0.003436694 0.00451184 
0.3820505 0.6164142 0.0002003682 0.001334927 
0.3268932 0.6646 0.006006314 0.002500532 
0.2674063 0.6988495 0.02689645 0.006847742 
0.3578119 0.6381107 0.002050294 0.002027042 
0.3060245 0.6836705 7.153264e-05 0.01023346 
0.3024712 0.6939452 0.002773392 0.00081018 
0.2796507 0.6883375 0.01969605 0.01231575 
0.2553774 0.7098401 0.004951116 0.0298314 
0.2895749 0.6963738 0.003809754 0.0102415 
0.2519287 0.7402815 0.00578748 0.002002304 
0.3844087 0.6058157 0.004412929 0.005362694 
0.2503288 0.731747 0.003426221 0.01449807 
0.2834669 0.7079906 7.063546e-05 0.008471859 
0.2634278 0.7264859 0.004644816 0.005441453 
0.2010975 0.7857778 0.009090809 0.004033915 
0.3101374 0.6644653 0.008783937 0.01661334 
0.3423605 0.6446178 0.00146867 0.01155299 
0.2914616 0.7051286 0.001226123 0.002183624 
0.3158109 0.677384 5.062049e-05 0.006754481 
0.2835024 0.7086196 0.004796114 0.003081887 
0.2971415 0.6947678 0.0007826475 0.007308055 
0.3024734 0.6912945 0.003186779 0.003045311 
0.4466427 0.5514306 0.0007209386 0.001205812 
0.3636905 0.6256658 0.008848428 0.001795259 
0.3346259 0.6454204 0.005719333 0.01423429 
0.2483185 0.7430353 0.00480809 0.003838152 
0.2892594 0.6941354 0.01170294 0.004902235 
0.3888445 0.6038574 0.005103803 0.002194325 
0.2488072 0.7422755 0.006973823 0.001943458 
0.2978094 0.6858502 0.01199534 0.004345004 
0.2799721 0.7025643 0.008524424 0.008939149 
0.3437611 0.629436 0.02169004 0.005112884 
0.2895388 0.7033971 0.004811569 0.002252529 
0.3347147 0.6601441 0.003204335 0.001936892 
0.3610779 0.6195089 0.01002028 0.009392874 
0.2959842 0.6758842 0.02404314 0.004088444 
0.2277599 0.7412681 0.02358004 0.007391986 
0.2318848 0.7447258 0.02278759 0.0006018385 
0.3159329 0.6751036 0.004659441 0.004304045 
0.2766265 0.7148014 0.004529597 0.004042505 
0.462977 0.5209913 0.004765952 0.01126574 
0.3591433 0.6160617 0.01548109 0.009313932 
0.3417085 0.6504116 0.002530046 0.005349831 
0.3483876 0.641898 0.006237789 0.003476653 
0.2611771 0.7341049 0.0009581234 0.003759876 
0.4468292 0.5451847 0.00747281 0.000513305 
0.2798168 0.7177972 0.0008296391 0.001556425 
0.2988781 0.6971616 0.000804412 0.003155906 
0.3443175 0.6359638 0.005915367 0.01380339 
0.3593538 0.5908056 0.03877132 0.01106929 
0.3541846 0.6337054 6.033634e-05 0.01204974 
0.2733646 0.7047402 0.003551044 0.01834419 
0.2879718 0.7067654 0.002209518 0.003053269 
0.1823493 0.8056441 0.01016184 0.001844823 
0.4039596 0.5807943 0.0115099 0.003736263 
0.2723734 0.7141902 0.003814175 0.009622275 
0.3266908 0.6574511 0.002370304 0.01348787 
0.3207394 0.6578381 5.935234e-05 0.02136316 
0.3743144 0.6082958 0.009992905 0.007396895 
0.3722026 0.6128828 0.01180441 0.003110196 
0.3377194 0.6499695 0.003297675 0.00901344 
0.3742449 0.618888 0.001365176 0.005501908 
0.3073221 0.6681526 0.0208343 0.00369092 
0.3083817 0.6716941 0.01345859 0.0064656 
0.2463213 0.7372875 0.003668711 0.01272249 
0.2558242 0.7208468 0.02109838 0.00223065 
0.2723408 0.7169224 0.00830466 0.002432159 
0.2909452 0.7068372 0.002004203 0.0002133724 
0.4042049 0.5869772 0.003355206 0.005462719 
0.3235077 0.663714 0.002828162 0.009950146 
0.4183313 0.5770714 0.0003587097 0.004238635 
0.2307183 0.7564039 0.008834728 0.004043146 
0.2889341 0.6968099 0.007543944 0.006712096 
0.4128131 0.5815861 0.005592002 8.763162e-06 
0.3125628 0.6857493 0.001396654 0.0002912405 
0.2358059 0.7487271 0.00239478 0.01307221 
0.344469 0.6521542 0.00119435 0.00218243 
0.3029043 0.690959 0.001699992 0.004436707 
0.3389312 0.6391737 0.01186632 0.01002881 
0.2659385 0.7095285 0.01698705 0.007545928 
0.2439868 0.7479028 0.001753416 0.006356917 
0.2594964 0.7323317 0.005768669 0.002403234 
0.2496573 0.7434404 0.006425084 0.00047723 
0.2842201 0.6856959 0.004633339 0.0254507 
0.3032122 0.6888201 0.001586068 0.006381648 
0.2383807 0.7382175 0.009126045 0.01427583 
0.2659689 0.7150046 0.009704453 0.009322104 
0.3171796 0.6772182 0.00433931 0.001262879 
0.2676647 0.7274042 0.00216361 0.002767474 
0.2596804 0.7328782 0.002702538 0.004738852 
0.3270479 0.6710305 0.0006881066 0.001233501 
0.3040648 0.6794647 0.01256404 0.003906537 
0.2870058 0.7051293 0.0007899534 0.007074927 
0.3271438 0.6645805 0.006863117 0.001412639 
0.4050586 0.5733534 0.002603142 0.01898492 
0.299704 0.6735622 0.01892761 0.007806172 
0.3192619 0.6600306 0.0117647 0.008942758 
0.3256007 0.6298862 0.03999902 0.004514048 
0.3963988 0.5850012 0.009061902 0.009538005 
0.2930197 0.6883467 0.004965759 0.01366784 
0.3141884 0.6738159 0.0001435461 0.01185215 
0.2830667 0.697919 0.004919869 0.0140944 
0.2919215 0.7070789 0.0003856123 0.0006139785 
0.2603552 0.7302039 0.002393103 0.007047811 
0.2543282 0.7344928 0.009680052 0.001498914 
0.2947079 0.7022423 0.0002010648 0.002848667 
0.3133144 0.6644731 0.01968977 0.002522756 
0.1755989 0.8232718 0.0006256369 0.0005036736 
0.2389881 0.7452987 0.01410095 0.001612255 
0.3098118 0.6696619 0.01887908 0.001647197 
0.3385932 0.643392 0.005751528 0.01226326 
0.2401961 0.7494617 0.002418211 0.007924011 
0.4015458 0.5918175 0.002104147 0.004532537 
0.2644685 0.7211416 0.01131147 0.003078426 
0.2869618 0.6974454 0.009982529 0.005610336 
0.2619999 0.7289547 0.003746498 0.005298878 
0.221981 0.7352469 0.04262299 0.0001491389 
0.2620384 0.7239992 0.003875224 0.01008725 
0.3689938 0.6300734 0.0008606329 7.21606e-05 
0.2450801 0.7465924 0.0007742845 0.007553212 
0.2354707 0.7416684 0.01550107 0.007359787 
0.2747562 0.7074529 0.01209415 0.005696764 
0.3256856 0.6697315 0.002966085 0.001616825 
0.3371521 0.6481193 0.0009222658 0.0138063 
0.2710126 0.7087156 0.001500828 0.01877097 
0.3157784 0.6695191 0.004227181 0.0104753 
0.2693396 0.7074199 0.01591995 0.007320556 
0.3142954 0.6769442 0.001463583 0.007296754 
0.2850187 0.7079448 0.0004023644 0.006634196 
0.27997 0.7113005 0.008015315 0.000714251 
0.3409216 0.6480335 0.003611237 0.007433664 
0.2905061 0.6777775 0.0235081 0.008208304 
0.2545106 0.7359552 0.007068419 0.002465769 
0.2936221 0.6834344 0.009443231 0.01350022 
0.3088871 0.6889876 0.001206723 0.0009184837 
0.4183998 0.5754626 0.005428556 0.000709046 
0.3548933 0.6318528 0.003173463 0.01008043 
0.3035357 0.6938366 0.000207287 0.002420365 
0.3551669 0.6398256 0.004841201 0.0001663048 
0.3810926 0.6081303 0.007845512 0.002931565 
0.3800261 0.6107834 0.001244941 0.007945563 
0.2146759 0.7798061 0.002264598 0.003253362 
0.2367825 0.7452259 0.004460899 0.01353069 
0.3804199 0.5746448 0.02664433 0.01829097 
0.3574656 0.6375779 0.001325066 0.003631368 
0.3164044 0.6595983 0.009904101 0.01409323 
0.3031404 0.6919623 0.001642278 0.003254966 
0.2693844 0.723864 0.006506729 0.000244846 
0.2397006 0.7516921 0.003161518 0.005445785 
0.2667149 0.687459 0.01589294 0.02993319 
0.3342253 0.6433944 0.02002038 0.002359926 
0.2503424 0.7221665 6.850519e-05 0.02742257 
0.2739582 0.7216537 0.004037831 0.0003502691 
0.2715602 0.7162724 0.01097139 0.001195959 
0.3359822 0.6515207 0.005209257 0.007287843 
0.2872486 0.7118823 0.0008246732 4.446227e-05 
0.3882086 0.607593 0.001565751 0.002632618 
0.3382106 0.6559554 0.00408857 0.001745392 
0.3620319 0.6116284 0.02546306 0.0008766332 
0.3454298 0.6359746 0.00567779 0.01291783 
0.2332084 0.7499151 0.00768405 0.009192465 
0.337716 0.6532191 0.007876248 0.001188656 
0.2814685 0.7028761 0.005329604 0.01032576 
0.374645 0.6060127 0.003862224 0.01548004 
0.2537116 0.7361334 0.006183112 0.003971873 
0.2217932 0.7719276 0.0004586072 0.005820582 
0.2242664 0.752797 0.00895575 0.01398079 
0.2641596 0.6877249 0.01291554 0.03519991 
0.2481571 0.7453448 0.001591006 0.004907102 
0.2623641 0.7250558 0.01028775 0.002292306 
0.3287677 0.6576156 0.002922409 0.01069435 
0.2856357 0.7066147 0.004594422 0.00315513 
0.4270026 0.5651695 0.0002751534 0.007552834 
0.3208109 0.6662023 0.005028604 0.0079582 
0.2652505 0.7179361 0.01622073 0.0005926751 
0.2621809 0.7210398 0.005842209 0.01093711 
0.3136303 0.6542656 0.02354751 0.008556626 
0.2212364 0.7449838 0.00953047 0.02424928 
0.2154968 0.7739016 0.001645906 0.008955699 
0.2886772 0.6925215 0.007896285 0.01090502 
0.2360029 0.763776 8.427249e-05 0.0001369112 
0.3389154 0.6410332 0.002815985 0.01723544 
0.287299 0.7016756 0.009580023 0.001445362 
0.29057 0.6750023 0.01022127 0.02420636 
0.3108636 0.6734225 0.003554149 0.0121597 
0.2216664 0.7697814 0.003819666 0.004732527 
0.3410928 0.630246 0.01637972 0.01228148 
0.2405495 0.7488345 0.0012535 0.009362435 
0.337516 0.646573 0.00552991 0.01038109 
0.3570867 0.6290302 0.01043477 0.003448351 
0.3459939 0.6443613 0.002760558 0.006884273 
0.29263 0.6962512 0.004896961 0.006221853 
0.3418466 0.6415436 0.01122143 0.005388289 
0.3314806 0.6625939 0.001699114 0.004226363 
0.4430366 0.5401308 0.00569779 0.01113485 
0.2649583 0.7249123 0.0008667705 0.00926259 
0.261042 0.7161436 0.02176828 0.001046215 
0.3406209 0.6272584 0.01478348 0.0173372 
0.2576448 0.7243958 0.001682917 0.01627652 
0.313191 0.6809011 0.004346583 0.001561364 
0.3214675 0.6620846 0.01345877 0.002989112 
0.2115105 0.7849532 7.480849e-06 0.003528866 
0.2346878 0.7602297 0.002084121 0.002998414 
0.3266584 0.6508996 0.005711832 0.01673025 
0.3203761 0.672582 0.00256806 0.00447388 
0.3009594 0.682827 0.002220507 0.01399307 
0.2703067 0.7276874 0.0003037658 0.001702171 
0.2369369 0.7531225 0.005078345 0.004862276 
0.3157526 0.6708289 0.004884193 0.0085343 
0.2619772 0.7258005 0.001631034 0.01059124 
0.2629828 0.7249692 0.000723916 0.01132414 
0.2454025 0.7485046 0.005949323 0.000143484 
0.3506658 0.6401646 0.000307393 0.008862178 
0.272205 0.7268096 0.0005365809 0.0004488597 
0.3483907 0.6366505 0.01114903 0.003809709 
0.223493 0.7695594 0.004607458 0.002340101 
0.3325245 0.6633014 0.001293155 0.002880891 
0.2944642 0.6993589 0.0046771 0.001499781 
0.2579102 0.7346979 0.000718711 0.0066732 
0.2240365 0.7700587 0.0008011239 0.005103689 
0.2688637 0.7299713 5.445956e-05 0.001110532 
0.2145592 0.7668467 0.008620594 0.00997346 
0.2337474 0.7627734 0.001217316 0.002261922 
0.2937612 0.6937582 0.002183814 0.01029676 
0.250146 0.744797 0.002001401 0.003055592 
0.3321571 0.6629145 0.001467624 0.00346078 
0.2714283 0.7162916 0.001080431 0.01119963 
0.3873971 0.5702152 0.01506068 0.02732701 
0.2805814 0.7004311 0.0174275 0.001559916 
0.3018732 0.6880087 0.00559748 0.004520664 
0.2069686 0.7503321 0.006671268 0.03602808 
0.3624907 0.6295339 0.004904206 0.003071181 
0.3589869 0.631253 0.005329238 0.004430858 
0.3434643 0.6367071 0.008929299 0.01089924 
0.2578291 0.7352072 0.006842526 0.0001211514 
0.365607 0.6070441 0.02344313 0.003905734 
0.3072883 0.6832079 0.002375816 0.007127957 
0.3099952 0.6794297 1.866597e-05 0.0105565 
0.304265 0.6906278 0.002455313 0.002651837 
0.2688139 0.6917115 0.01794912 0.02152557 
0.2440233 0.7423221 0.01304218 0.000612407 
0.311564 0.6830071 0.001160196 0.004268632 
0.2627859 0.7333162 0.0001516227 0.003746304 
0.2675149 0.7242358 0.0009666391 0.007282655 
0.3706599 0.6207967 0.004684267 0.003859121 
0.3572667 0.6115132 0.02133857 0.00988154 
0.2988939 0.6886065 0.01152538 0.0009742344 
0.3382422 0.6484712 0.007172874 0.006113711 
0.2775633 0.7080075 0.01413503 0.000294114 
0.2973663 0.6898144 0.006991019 0.005828269 
0.3273723 0.6528755 0.01740866 0.002343496 
0.2191486 0.7387934 0.03413541 0.007922605 
0.3498368 0.636626 0.01084632 0.002690902 
0.3008673 0.6803657 0.0001311455 0.01863587 
0.3738885 0.620316 0.0006579061 0.005137577 
0.3360726 0.6541052 0.009164653 0.0006575727 
0.3437738 0.6231084 0.001736497 0.03138134 
0.302162 0.6882947 0.008724768 0.000818516 
0.2395543 0.7539166 0.004135271 0.002393852 
0.2597252 0.6910181 0.01895979 0.03029688 
0.3496468 0.6261969 0.01461153 0.009544795 
0.2866242 0.6825122 0.01876864 0.01209491 
0.2427169 0.7531889 0.001561134 0.002532987 
0.2781225 0.7022858 0.01435947 0.005232185 
0.3709839 0.6160064 0.01064054 0.002369229 
0.3309419 0.6491475 0.004800722 0.01510987 
0.3818164 0.6133378 0.001154669 0.003691201 
0.3188778 0.649623 0.02711189 0.004387323 
0.3876754 0.5947503 0.003292948 0.01428134 
0.2744659 0.7107498 0.003744807 0.01103946 
0.3362545 0.6579842 0.005103894 0.0006574442 
0.3422579 0.6425437 0.01428815 0.0009102302 
0.3949071 0.5994069 0.0006290929 0.005056909 
0.3151687 0.6786285 0.0001322221 0.00607058 
0.2243689 0.7623241 0.01016642 0.003140519 
0.2731251 0.7231017 0.001682416 0.002090749 
0.2325915 0.745994 0.001293959 0.02012057 
0.3392473 0.6464033 0.01280888 0.001540476 
0.3882404 0.6001285 0.006282028 0.00534913 
0.2871842 0.7044023 0.002612314 0.005801149 
0.3167787 0.6750475 0.002244698 0.005929173 
0.256518 0.7354654 0.004060698 0.003955935 
0.3237782 0.6222696 0.05306274 0.000889504 
0.2905121 0.690395 0.01793088 0.001161994 
0.2986137 0.6972313 0.003444779 0.0007101503 
0.2730769 0.7137596 0.007215818 0.005947671 
0.208653 0.780536 0.009341331 0.001469583 
0.2450615 0.7406721 0.003513575 0.01075279 
0.3229192 0.670887 0.004161284 0.002032553 
0.3406275 0.6469325 0.002687352 0.009752746 
0.2842373 0.6819588 0.01640783 0.01739606 
0.287425 0.6979458 0.009721162 0.004907982 
0.2997989 0.6955209 0.001632376 0.003047784 
0.2391729 0.7583477 0.001758317 0.0007210916 
0.3807064 0.6061989 0.001488759 0.01160594 
0.2850752 0.693893 0.009434687 0.01159719 
0.34001 0.6371164 0.02109122 0.001782388 
0.3268304 0.6641875 0.006817471 0.002164614 
0.2751754 0.7220434 0.0002693105 0.002511818 
0.2896916 0.7008537 0.005152554 0.004302163 
0.2568563 0.735913 0.003950975 0.003279759 
0.3018961 0.685558 0.002090669 0.01045523 
0.2739186 0.7241381 0.000522744 0.001420598 
0.3251644 0.6428063 0.0225211 0.009508208 
0.3239739 0.6482448 0.01624021 0.01154108 
0.1737633 0.8170678 0.008188503 0.0009803586 
0.2654308 0.7180668 0.01257742 0.003924978 
0.2912762 0.6927477 0.01216555 0.003810508 
0.2109512 0.7725304 0.002058255 0.01446018 
0.3730672 0.6205876 0.002088261 0.004256901 
0.2394937 0.7545847 0.001792231 0.004129415 
0.318848 0.6719072 0.006475836 0.002769025 
0.2857707 0.6904369 0.003223244 0.02056913 
0.3671678 0.6142454 0.01729355 0.001293203 
0.2769617 0.7199234 0.001651893 0.001462952 
0.2438453 0.752819 0.0006638177 0.002671862 
0.2839407 0.7106022 0.003074371 0.002382716 
0.2402079 0.7515816 0.007157504 0.001052947 
0.2197013 0.7521109 0.02816203 2.580361e-05 
0.2663856 0.7243722 0.003723779 0.005518397 
0.3214025 0.671095 0.003003127 0.004499401 
0.2941279 0.6952759 0.007580759 0.00301549 
0.2443593 0.7506778 0.0009903597 0.003972512 
0.302142 0.6929204 0.001635894 0.003301726 
0.3561621 0.6200888 0.003149751 0.02059931 
0.2521079 0.7349782 0.009628736 0.003285119 
0.331424 0.6609597 0.001605087 0.006011174 
0.2910509 0.6835544 0.02279926 0.002595411 
0.3377238 0.6476293 0.00871606 0.005930906 
0.3033472 0.6817334 0.01376851 0.00115085 
0.212991 0.7593056 0.008623232 0.01908022 
0.4119386 0.572081 0.004605458 0.01137497 
0.2468566 0.7475438 0.002584516 0.00301506 
0.2961135 0.697211 0.001688145 0.004987342 
0.3196897 0.6728695 0.003001734 0.004439081 
0.2451171 0.7505423 0.003057819 0.001282854 
0.2827646 0.706676 0.009880356 0.0006789972 
0.2276483 0.7592999 0.007517325 0.005534485 
0.4151424 0.583422 0.0003741556 0.001061408 
0.3093103 0.6616392 0.01107268 0.0179779 
0.3562028 0.6351641 0.006076615 0.002556542 
0.3355275 0.6517982 0.004665295 0.008008982 
0.3048611 0.6823164 0.009237023 0.003585423 
0.3177373 0.6786223 0.002098621 0.001541794 
0.3174215 0.677885 0.002175657 0.002517812 
0.3213782 0.6730562 0.001237849 0.004327765 
0.3325382 0.6434706 0.008624314 0.01536688 
0.3418627 0.6136537 0.0002497481 0.04423387 
0.3409501 0.6477685 0.007976807 0.003304579 
0.2592824 0.7289966 0.005749372 0.005971661 
0.2532096 0.7193953 0.01155699 0.01583811 
0.2883117 0.6887861 0.01436366 0.008538558 
0.3041125 0.6925361 0.0006999757 0.00265147 
0.2121299 0.779567 0.004082667 0.004220398 
0.3465797 0.652441 0.0005407637 0.0004385161 
0.3082597 0.6845808 0.002556369 0.004603144 
0.3076363 0.6731223 0.003926339 0.01531509 
0.4020461 0.5950441 0.002329059 0.0005807726 
0.2425105 0.7485552 0.006248144 0.002686145 
0.3094255 0.6677738 0.01472732 0.008073335 
0.3061027 0.6767623 0.001140678 0.01599432 
0.2991235 0.666192 0.02184018 0.01284424 
0.2493541 0.7266974 0.003084546 0.02086394 
0.2984371 0.6931126 6.300709e-05 0.008387285 
0.3455924 0.6462844 0.000899188 0.007223982 
0.3064616 0.6676414 0.01466443 0.01123258 
0.3599887 0.6368532 0.001997937 0.001160153 
0.397458 0.5983594 0.0009164656 0.003266109 
0.3332941 0.6632386 0.002107182 0.001360087 
0.29041 0.6987746 0.009492225 0.001323169 
0.3179876 0.6618347 0.003658673 0.01651902 
0.3774409 0.6060929 0.008946026 0.007520142 
0.3101187 0.6617507 0.009187866 0.01894275 
0.3263227 0.6628285 0.004686607 0.006162246 
0.3341059 0.6448161 0.01307694 0.008001047 
0.3389552 0.6588567 0.001837496 0.0003505457 
0.2980937 0.6986641 0.0009173847 0.00232481 
0.3303397 0.6626964 0.00313998 0.003823887 
0.2909116 0.7043826 0.004229228 0.0004765616 
0.2680968 0.7265514 0.001855879 0.003495917 
0.3166684 0.672104 0.005937203 0.005290458 
0.256097 0.7280501 0.005428045 0.01042484 
0.2972767 0.6845486 0.001450618 0.01672412 
0.3422599 0.6450619 0.00287817 0.009800055 
0.2876411 0.6926725 0.001088036 0.01859843 
0.26674 0.7210482 0.002471703 0.009740111 
0.2433743 0.75428 0.001268118 0.001077622 
0.2106336 0.7351367 0.001018216 0.05321148 
0.2618519 0.7308101 0.006980229 0.0003577926 
0.2837553 0.710039 0.001175093 0.005030623 
0.3336702 0.6533931 0.01014218 0.002794582 
0.3073158 0.6779354 0.01337821 0.001370563 
0.3577704 0.6365335 0.0009123961 0.004783691 
0.3265476 0.6367498 0.01532517 0.0213774 
0.2203431 0.766146 0.009557687 0.003953221 
0.2940033 0.6812826 0.0219058 0.002808367 
0.2417094 0.7248632 0.01108122 0.0223462 
0.3398765 0.6414311 0.01227046 0.006421937 
0.3127156 0.6829865 0.003443783 0.0008541607 
0.324386 0.6615384 0.01122831 0.002847362 
0.2158889 0.7705048 0.006098568 0.007507774 
0.2817364 0.7002142 0.01410046 0.003948928 
0.2339067 0.7587631 0.0007294232 0.006600815 
0.3006615 0.6855847 0.001183104 0.01257063 
0.3203463 0.6607001 0.006306407 0.01264721 
0.3309693 0.6662152 2.549687e-05 0.002789993 
0.3772171 0.6104994 0.0005160915 0.01176747 
0.2768618 0.7028746 0.01413117 0.006132409 
0.3670757 0.6222092 0.003626829 0.007088352 
0.2508756 0.7403579 0.002449659 0.006316877 
0.2765345 0.7132586 0.005804632 0.004402247 
0.3172957 0.6423061 0.02327419 0.01712403 
0.4284631 0.5667982 0.003905291 0.0008334126 
0.3092615 0.6891782 0.0003559831 0.001204224 
0.2692369 0.7058887 0.003033791 0.02184066 
0.3823927 0.6102802 0.006743116 0.0005840289 
0.4120969 0.5793111 0.002085613 0.0065064 
0.3102865 0.6873302 0.002177925 0.0002053823 
0.2754884 0.723325 0.0003807874 0.0008057563 
0.2430922 0.7407963 0.0007748721 0.01533665 
0.314302 0.674107 0.005009344 0.006581663 
0.2931507 0.702203 0.00141721 0.00322911 
0.2405681 0.7192449 0.03663859 0.00354846 
0.2669802 0.7018615 0.02671021 0.004448065 
0.3096359 0.6639205 0.01232938 0.01411428 
0.2914118 0.6985666 0.008035699 0.00198596 
0.2382503 0.7533767 0.008217847 0.0001550968 
0.3919532 0.5955061 0.006815914 0.00572478 
0.1750064 0.7366415 0.08609532 0.002256793 
0.348166 0.6452619 0.002396721 0.004175378 
0.3677439 0.6190582 0.0002769546 0.01292095 
0.3100052 0.6769359 0.008154897 0.004904063 
0.3869372 0.6090871 0.001635568 0.00234018 
0.3755348 0.6171327 0.006206412 0.001126076 
0.3097634 0.6851043 0.004138689 0.0009936249 
0.2488887 0.7442012 0.004957293 0.001952826 
0.2756633 0.7132999 0.0101524 0.0008843583 
0.2719698 0.7271664 0.0008363341 2.742268e-05 
0.3219846 0.6563587 0.01834492 0.003311788 
0.2506508 0.7066556 0.03765335 0.005040284 
0.2617472 0.7257835 0.008105424 0.00436385 
0.3653725 0.6241553 0.007711047 0.002761078 
0.2980066 0.6996145 0.0003188196 0.002060117 
0.3758427 0.6151828 0.00700946 0.001965056 
0.2635449 0.7121261 0.00447491 0.01985409 
0.2415645 0.7288918 0.02584555 0.003698121 
0.3122097 0.6797245 0.00596382 0.002101975 
0.2820263 0.6926021 0.0233242 0.002047418 
0.329925 0.6522695 0.01744161 0.0003639591 
0.2688719 0.724641 0.000377819 0.006109252 
0.3097984 0.6788053 0.002418054 0.008978278 
0.2630531 0.7297038 0.004889871 0.002353154 
0.3204355 0.6653578 0.0008884263 0.01331829 
0.3498605 0.6406604 0.006715562 0.002763535 
0.3475886 0.6463774 0.004826555 0.001207453 
0.2531303 0.736414 0.005953191 0.004502518 
0.3713355 0.6093891 0.01775707 0.001518341 
0.3120165 0.6867304 0.001230081 2.305617e-05 
0.2834435 0.7092271 0.005148693 0.002180704 
0.35193 0.6225715 0.0009907922 0.02450774 
0.3127867 0.685778 0.0004852018 0.0009500544 
0.3650908 0.6134908 0.01184958 0.009568838 
0.2895702 0.6957571 0.00755698 0.007115715 
0.269938 0.7171191 0.003446392 0.009496478 
0.2989044 0.6850559 0.007500681 0.008539005 
0.2826418 0.6888788 0.02808002 0.0003993713 
0.3391829 0.6460035 0.006626065 0.00818749 
0.2240025 0.7655171 0.009039347 0.001441068 
0.4166801 0.5745524 0.005242959 0.00352458 
0.2797504 0.7027871 0.005532311 0.01193023 
0.3061882 0.6905625 0.001841002 0.001408343 
0.2659682 0.7295681 0.00184495 0.002618818 
0.388137 0.5955404 0.003772997 0.01254969 
0.3014003 0.6837045 0.0114586 0.003436589 
0.3335078 0.6523802 0.009771948 0.004340102 
0.296172 0.6964036 0.0008953627 0.006529011 
0.3185333 0.6621037 0.01698741 0.00237558 
0.2149614 0.7827756 0.0003358036 0.001927166 
0.405901 0.583275 0.002789834 0.008034204 
0.265777 0.7128458 0.003137893 0.01823932 
0.1970069 0.7912364 0.004558625 0.007198093 
0.3457845 0.6464853 0.006289177 0.001441013 
0.3337566 0.6474042 0.01507485 0.003764294 
0.2933098 0.7040369 0.001434039 0.001219188 
0.3076273 0.6665203 0.0139044 0.01194796 
0.195865 0.7991153 0.0003771487 0.004642555 
0.2247761 0.7572488 0.01507102 0.002904135 
0.3619786 0.6170612 0.01330584 0.007654354 
0.4079494 0.5853245 0.003008806 0.003717234 
0.3830956 0.6129229 0.00246138 0.001520158 
0.2129009 0.7805137 0.006055391 0.0005300926 
0.2717239 0.718566 0.003623689 0.006086477 
0.3115133 0.681941 0.0041651 0.002380554 
0.2868659 0.6515205 0.03981486 0.02179868 
0.3159636 0.667663 0.01113724 0.005236118 
0.3255482 0.6330829 0.01775914 0.02360976 
0.354151 0.6196623 0.002162862 0.02402387 
0.2651922 0.7265599 0.0009794819 0.00726838 
0.3635946 0.6355324 1.781614e-05 0.0008551739 
0.3802074 0.6123428 0.003307324 0.004142412 
0.3868363 0.6012249 0.006557974 0.005380762 
0.401771 0.5975752 4.942731e-05 0.0006043175 
0.3515637 0.6450786 0.000922949 0.002434756 
0.3125717 0.6642883 0.01068218 0.01245787 
0.2266976 0.7653338 0.002894367 0.005074204 
0.363295 0.6269985 0.007332103 0.002374463 
0.2694404 0.7253002 0.002906396 0.002353096 
0.2172034 0.7789012 0.002672269 0.001223078 
0.2969376 0.6854371 0.00855515 0.009070128 
0.2992509 0.6893045 0.004804624 0.006639968 
0.3495985 0.6430299 0.001202483 0.006169122 
0.1880429 0.7932905 0.002134119 0.01653246 
0.3915025 0.585151 0.007147785 0.0161987 
0.3027023 0.6780002 0.01815177 0.001145722 
0.2959766 0.6974583 0.002604313 0.003960767 
0.3290143 0.6578754 0.008189113 0.004921192 
0.2415539 0.7511897 0.004988047 0.002268331 
0.253701 0.7329612 0.002813722 0.01052412 
0.281703 0.7135933 0.001306789 0.003396917 
0.2296248 0.7659388 0.003356621 0.001079722 
0.2320222 0.761007 0.005406373 0.001564456 
0.3286808 0.6620812 0.006175057 0.003062911 
0.2733007 0.6891802 0.03210756 0.005411602 
0.2463331 0.7339175 0.009610791 0.01013857 
0.2785317 0.6968853 0.01828229 0.006300696 
0.3501107 0.6464222 0.002778012 0.0006891484 
0.2161596 0.7390485 0.006358529 0.03843336 
0.3831179 0.590743 0.01724513 0.008893968 
0.2534025 0.7382597 0.007180881 0.00115692 
0.3070781 0.6797319 0.0006316496 0.01255832 
0.340449 0.6588 0.000153205 0.0005977975 
0.2645481 0.6969033 0.009972696 0.02857583 
0.3164454 0.6803734 0.002418398 0.0007628464 
0.3703911 0.6178126 0.006210916 0.00558544 
0.2286976 0.7422841 0.02330884 0.005709502 
0.2744107 0.7178368 7.376945e-05 0.007678691 
