"p_1" "p_2" "p_3"
0.3156354 0.3813227 0.3030419
0.2814181 0.4000459 0.318536
0.3032993 0.3929379 0.3037628
0.2959748 0.3932597 0.3107655
0.3341947 0.380956 0.2848493
0.3046613 0.3977249 0.2976138
0.3327876 0.3647706 0.3024418
0.3372665 0.3837836 0.2789498
0.3130499 0.3916242 0.2953259
0.3042815 0.3870697 0.3086488
0.3260009 0.3898172 0.2841819
0.3413768 0.3767447 0.2818785
0.326891 0.3874882 0.2856208
0.3094856 0.4155265 0.2749879
0.3130544 0.3687434 0.3182022
0.2997978 0.393323 0.3068792
0.3241595 0.39638 0.2794605
0.3313725 0.3669855 0.301642
0.2925393 0.4216444 0.2858163
0.3145935 0.3751879 0.3102185
0.2954247 0.4068093 0.2977659
0.3097458 0.4170135 0.2732407
0.301527 0.4009496 0.2975235
0.2957864 0.3947992 0.3094144
0.3051615 0.400163 0.2946755
0.2976511 0.4051281 0.2972207
0.3136542 0.3920338 0.294312
0.3005515 0.4284995 0.270949
0.3122315 0.4023069 0.2854615
0.2965281 0.3933048 0.3101671
0.3298885 0.388529 0.2815825
0.3419194 0.3601483 0.2979323
0.2983455 0.3925612 0.3090933
0.3129305 0.3757707 0.3112987
0.328114 0.3951664 0.2767196
0.3120071 0.3786486 0.3093443
0.3255016 0.3825467 0.2919518
0.3019473 0.4189829 0.2790698
0.3084949 0.4068697 0.2846353
0.3357469 0.3926213 0.2716318
0.3099627 0.4054081 0.2846292
0.2934308 0.4111294 0.2954399
0.313247 0.4150982 0.2716548
0.3191509 0.3724621 0.3083871
0.3188988 0.3651102 0.315991
0.3154333 0.3720387 0.312528
0.3272601 0.4005893 0.2721506
0.2889919 0.3797626 0.3312454
0.3006153 0.3970961 0.3022886
0.3169245 0.4048099 0.2782656
0.282662 0.4228461 0.2944918
0.3076259 0.3962783 0.2960958
0.2994933 0.4110136 0.2894931
0.3260609 0.3835463 0.2903928
0.2763384 0.3881005 0.3355611
0.3212952 0.3668451 0.3118597
0.3241416 0.3803488 0.2955096
0.3258525 0.3714683 0.3026792
0.3162164 0.3956929 0.2880907
0.3057525 0.3824437 0.3118038
0.2878179 0.413977 0.2982052
0.2845013 0.3852684 0.3302303
0.2916464 0.3922426 0.316111
0.2804901 0.4027056 0.3168043
0.3258505 0.3872638 0.2868858
0.3312624 0.3843688 0.2843688
0.3097809 0.3771469 0.3130722
0.3012779 0.3899985 0.3087237
0.3011701 0.4004762 0.2983537
0.3094842 0.4078584 0.2826575
0.3079982 0.376613 0.3153887
0.3474492 0.3626998 0.289851
0.3035664 0.3941113 0.3023223
0.318601 0.3711844 0.3102145
0.3021804 0.4084049 0.2894147
0.3193294 0.3892121 0.2914585
0.3133629 0.3692165 0.3174206
0.2962204 0.3862121 0.3175675
0.3101643 0.4251071 0.2647285
0.3118372 0.3907559 0.2974068
0.3224819 0.3914796 0.2860385
0.3531271 0.3746771 0.2721958
0.3329596 0.3998989 0.2671416
0.3125447 0.4005746 0.2868806
0.3029494 0.3915824 0.3054682
0.3318507 0.375028 0.2931213
0.3079046 0.3955756 0.2965198
0.3163841 0.3679362 0.3156797
0.3020148 0.3951482 0.3028371
0.2972158 0.3934238 0.3093604
0.327923 0.3880255 0.2840515
0.2968202 0.4124992 0.2906806
0.3255144 0.3739534 0.3005323
0.3677209 0.3687614 0.2635176
0.3077529 0.3974317 0.2948154
0.2951668 0.4063801 0.298453
0.2992284 0.4036161 0.2971555
0.2868815 0.4240076 0.2891109
0.3231713 0.3859515 0.2908772
0.2993256 0.3787068 0.3219676
0.3140811 0.3680682 0.3178507
0.3112252 0.4048472 0.2839275
0.3348407 0.3785239 0.2866354
0.3333335 0.3937648 0.2729017
0.3328613 0.3802171 0.2869216
0.3138077 0.3895592 0.296633
0.3172115 0.3610946 0.3216939
0.3148839 0.3960278 0.2890883
0.3105139 0.3719396 0.3175465
0.3066118 0.37875 0.3146382
0.2811816 0.3984974 0.320321
0.3136657 0.3840355 0.3022989
0.3497374 0.348305 0.3019576
0.3198483 0.396977 0.2831747
0.3296019 0.4041289 0.2662692
0.308956 0.4123964 0.2786476
0.360272 0.3596396 0.2800884
0.3125946 0.3826579 0.3047475
0.3192066 0.3644988 0.3162947
0.3264935 0.3883267 0.2851799
0.2986027 0.379345 0.3220523
0.3082054 0.4255211 0.2662736
0.291473 0.395302 0.313225
0.3075238 0.4041706 0.2883056
0.3343192 0.3701383 0.2955425
0.326199 0.385464 0.288337
0.3111476 0.3990445 0.2898078
0.3204597 0.4011846 0.2783557
0.3295136 0.377411 0.2930754
0.3046091 0.405135 0.2902559
0.3609658 0.3500099 0.2890242
0.3034043 0.3820224 0.3145733
0.3025926 0.4255253 0.2718822
0.2981991 0.3955613 0.3062396
0.3137445 0.3665221 0.3197334
0.3083327 0.3988996 0.2927677
0.3087443 0.4017319 0.2895238
0.301932 0.3864637 0.3116043
0.3185624 0.3779761 0.3034614
0.2978753 0.4085833 0.2935414
0.3106651 0.3799695 0.3093654
0.3080473 0.3867487 0.3052041
0.3176559 0.411454 0.2708901
0.3475361 0.3613491 0.2911148
0.3205767 0.3892802 0.2901431
0.3060897 0.3834695 0.3104408
0.3192253 0.381535 0.2992396
0.3212713 0.3944554 0.2842733
0.3283289 0.3857705 0.2859005
0.3383499 0.3828187 0.2788313
0.2991165 0.3815577 0.3193258
0.3198023 0.3969793 0.2832183
0.3153974 0.3948241 0.2897785
0.316108 0.3825997 0.3012923
0.3312117 0.3527093 0.316079
0.2952355 0.4027631 0.3020015
0.3279221 0.366787 0.3052909
0.3239571 0.3824099 0.293633
0.2896111 0.3892508 0.3211381
0.3118944 0.3829357 0.3051698
0.3063624 0.4064581 0.2871795
0.3399463 0.3888412 0.2712125
0.3219772 0.4013713 0.2766515
0.2983944 0.4145968 0.2870089
0.3389416 0.3857772 0.2752812
0.3095994 0.3950446 0.295356
0.3050237 0.3849331 0.3100432
0.3029895 0.3874121 0.3095985
0.3527117 0.3795383 0.26775
0.292352 0.429855 0.277793
0.3059509 0.4327591 0.2612899
0.3236028 0.3838436 0.2925536
0.3028828 0.4077102 0.2894069
0.3108792 0.3871572 0.3019636
0.3095564 0.4015886 0.288855
0.3274056 0.3743307 0.2982636
0.2844959 0.4284867 0.2870174
0.335614 0.3740144 0.2903716
0.287343 0.4103869 0.3022702
0.3130029 0.3962108 0.2907863
0.3067912 0.3955507 0.2976581
0.3025569 0.36819 0.3292532
0.2949134 0.4046908 0.3003957
0.3113838 0.3798199 0.3087964
0.3207516 0.3881261 0.2911223
0.3081195 0.4050652 0.2868153
0.3100172 0.3846707 0.3053122
0.3235358 0.409025 0.2674392
0.307815 0.3948036 0.2973814
0.3215133 0.3897168 0.2887699
0.3041844 0.3931787 0.3026369
0.2990655 0.4014327 0.2995018
0.3235084 0.3642789 0.3122127
0.3233099 0.3858938 0.2907963
0.3100082 0.4131685 0.2768233
0.3296719 0.4038861 0.266442
0.3061226 0.4075862 0.2862912
0.3099183 0.3991064 0.2909753
0.3215346 0.4007298 0.2777355
0.315636 0.3924054 0.2919586
0.3096839 0.4068126 0.2835035
0.2893505 0.406546 0.3041035
0.3082816 0.3883921 0.3033263
0.3194009 0.3805949 0.3000042
0.307428 0.3769469 0.3156251
0.2895338 0.4044474 0.3060188
0.3128382 0.3886978 0.298464
0.2959767 0.3763175 0.3277058
0.3024515 0.3845144 0.3130341
0.3312515 0.36137 0.3073785
0.3365799 0.3840608 0.2793592
0.3228624 0.3927251 0.2844124
0.2995072 0.410463 0.2900298
0.3010157 0.3839396 0.3150447
0.2925022 0.4283634 0.2791344
0.3192411 0.3998197 0.2809391
0.2660989 0.4209636 0.3129375
0.3245959 0.388929 0.2864752
0.3228962 0.3812048 0.295899
0.3292569 0.3677021 0.303041
0.3078796 0.4232637 0.2688566
0.2865058 0.4270853 0.2864089
0.3107639 0.3720737 0.3171624
0.3134162 0.3942765 0.2923073
0.325115 0.3681188 0.3067661
0.3186177 0.4164651 0.2649172
0.2931745 0.4043071 0.3025184
0.3361147 0.3794451 0.2844402
0.3176286 0.3859952 0.2963762
0.314402 0.3777906 0.3078074
0.3031631 0.394105 0.3027319
0.3109959 0.3893444 0.2996597
0.3084978 0.3889486 0.3025536
0.3042736 0.387468 0.3082584
0.3050228 0.3757658 0.3192114
0.3230099 0.3619997 0.3149903
0.2990384 0.3843712 0.3165904
0.3004719 0.3965631 0.302965
0.3105892 0.3765027 0.3129081
0.3301525 0.3825366 0.287311
0.3293751 0.3769164 0.2937085
0.3077057 0.3803158 0.3119785
0.3041258 0.3852278 0.3106464
0.3145227 0.3882339 0.2972434
0.3232154 0.3638645 0.3129201
0.2952252 0.3862464 0.3185285
0.3151995 0.4115886 0.2732119
0.2920185 0.3987826 0.3091989
0.3175933 0.3705794 0.3118274
0.3404495 0.3570328 0.3025177
0.3452784 0.3753857 0.2793359
0.3052458 0.4014793 0.2932749
0.3301393 0.3773942 0.2924665
0.3429449 0.3811751 0.27588
0.3262074 0.3737967 0.2999958
0.316844 0.3761244 0.3070315
0.3310805 0.3804863 0.2884332
0.284086 0.4183704 0.2975435
0.309228 0.3945884 0.2961836
0.3048117 0.4007945 0.2943937
0.3266411 0.3983812 0.2749778
0.2802483 0.4021327 0.317619
0.3201465 0.4026837 0.2771698
0.317096 0.3764898 0.3064142
0.3209256 0.3643011 0.3147733
0.3127684 0.3836398 0.3035917
0.3067952 0.4018953 0.2913096
0.3273101 0.3575812 0.3151087
0.3036367 0.3702183 0.326145
0.3161312 0.359736 0.3241328
0.3348548 0.3929181 0.2722271
0.3247373 0.3810007 0.294262
0.3331155 0.3859437 0.2809408
0.2922436 0.419681 0.2880754
0.3256371 0.3871028 0.2872601
0.2972128 0.3980209 0.3047663
0.3224464 0.3839234 0.2936302
0.3270195 0.3771554 0.295825
0.2942485 0.4033582 0.3023932
0.3220762 0.3709363 0.3069875
0.2992846 0.3851022 0.3156132
0.288397 0.406418 0.305185
0.346324 0.3846292 0.2690468
0.3082899 0.3967091 0.2950011
0.3338784 0.3613686 0.304753
0.2972973 0.3910628 0.3116399
0.3086925 0.3992525 0.2920551
0.3234548 0.3814263 0.2951189
0.3329706 0.4029908 0.2640386
0.3266162 0.3831771 0.2902066
0.3298666 0.3794825 0.2906508
0.3230499 0.3842497 0.2927004
0.3019774 0.427836 0.2701865
0.2872398 0.3913408 0.3214194
0.2795782 0.3992156 0.3212062
0.285098 0.4419517 0.2729503
0.2977465 0.4066048 0.2956487
0.305063 0.405263 0.2896739
0.3158095 0.386507 0.2976835
0.3522108 0.3643575 0.2834317
0.2998221 0.424005 0.2761729
0.3267213 0.3690629 0.3042159
0.3215184 0.3724635 0.3060182
0.2902632 0.4128152 0.2969216
0.3203799 0.4094856 0.2701345
0.3055479 0.4011434 0.2933087
0.3026036 0.4174678 0.2799286
0.3032023 0.3999223 0.2968754
0.3195161 0.3906387 0.2898452
0.3008856 0.3893116 0.3098028
0.3175123 0.4050285 0.2774593
0.323916 0.3898088 0.2862752
0.3286029 0.3803175 0.2910796
0.286878 0.418861 0.294261
0.3045158 0.3923593 0.3031249
0.3068597 0.4212816 0.2718587
0.3349156 0.4091674 0.255917
0.3100227 0.3857905 0.3041868
0.3090707 0.4097556 0.2811737
0.3119337 0.3939714 0.2940949
0.3107716 0.3745163 0.3147121
0.2954371 0.4076793 0.2968836
0.3222307 0.3723666 0.3054026
0.2938214 0.3985939 0.3075847
0.2894073 0.3809402 0.3296525
0.3229805 0.3925418 0.2844776
0.3093814 0.4164852 0.2741334
0.3156657 0.3959248 0.2884095
0.3200527 0.3691355 0.3108118
0.3214019 0.399277 0.279321
0.2953314 0.3714298 0.3332389
0.2999944 0.4188929 0.2811127
0.3135121 0.3656185 0.3208694
0.3070241 0.3932072 0.2997687
0.3035799 0.4137057 0.2827144
0.2997863 0.3969705 0.3032433
0.3014431 0.3928065 0.3057504
0.3032761 0.3802491 0.3164748
0.2923236 0.408234 0.2994424
0.2944553 0.3792655 0.3262792
0.3388676 0.3728603 0.2882721
0.298762 0.4258414 0.2753967
0.3272429 0.3648827 0.3078744
0.3085026 0.397644 0.2938534
0.288926 0.396492 0.314582
0.2900418 0.4190537 0.2909045
0.3038647 0.3994801 0.2966552
0.3356651 0.3719796 0.2923553
0.2956666 0.3962408 0.3080926
0.3052223 0.4121861 0.2825917
0.288378 0.4322699 0.2793522
0.3264501 0.3762683 0.2972815
0.2845202 0.4240815 0.2913982
0.3164724 0.3934267 0.2901009
0.333416 0.3903711 0.2762129
0.3017975 0.3816444 0.3165581
0.295666 0.4112495 0.2930845
0.3242605 0.3565381 0.3192014
0.2982079 0.388485 0.3133072
0.3087284 0.3648328 0.3264388
0.3042491 0.4112565 0.2844944
0.3156552 0.3895196 0.2948252
0.3080675 0.3933841 0.2985484
0.324889 0.3914261 0.2836849
0.3132504 0.3812413 0.3055082
0.3231497 0.3694483 0.307402
0.292828 0.3972279 0.309944
0.3341291 0.3900662 0.2758048
0.3210574 0.403266 0.2756766
0.2998794 0.3963098 0.3038107
0.300725 0.4067804 0.2924946
0.3006437 0.4058181 0.2935381
0.3053168 0.390667 0.3040161
0.298239 0.4219215 0.2798395
0.2892029 0.3857437 0.3250534
0.3055314 0.4119334 0.2825351
0.2999579 0.3862496 0.3137925
0.3161555 0.4036578 0.2801867
0.3168769 0.4214479 0.2616752
0.3204331 0.3825229 0.297044
0.3205427 0.3898638 0.2895934
0.2951662 0.3810066 0.3238272
0.305539 0.4187706 0.2756905
0.3058287 0.3809574 0.3132139
0.3019062 0.3836785 0.3144153
0.3245778 0.3666664 0.3087558
0.3113299 0.3932114 0.2954587
0.326119 0.3741773 0.2997037
0.3236645 0.3962371 0.2800984
0.3054511 0.4102521 0.2842968
0.3238527 0.3897037 0.2864435
0.3189992 0.3863249 0.2946759
0.3070279 0.3953747 0.2975974
0.3119296 0.3811711 0.3068992
0.3187764 0.3838151 0.2974084
0.286799 0.4169325 0.2962684
0.2906026 0.3861344 0.323263
0.2977499 0.4013766 0.3008736
0.3075184 0.4033836 0.289098
0.3227388 0.3941886 0.2830726
0.3017233 0.4022347 0.296042
0.2885283 0.3969505 0.3145212
0.3103582 0.3900343 0.2996075
0.3184786 0.3891098 0.2924116
0.3272829 0.3800575 0.2926596
0.3184179 0.4140397 0.2675424
0.3084593 0.4032188 0.2883219
0.2860606 0.3870147 0.3269247
0.2994774 0.3944161 0.3061064
0.2983161 0.3943082 0.3073757
0.3089085 0.3974325 0.293659
0.3241048 0.402735 0.2731602
0.3384707 0.370264 0.2912653
0.3234341 0.4039356 0.2726303
0.3176411 0.386634 0.295725
0.3165722 0.3541398 0.329288
0.3269317 0.3513943 0.321674
0.3175157 0.4132744 0.26921
0.3053271 0.3937188 0.3009541
0.3279774 0.389488 0.2825347
0.309574 0.3974845 0.2929415
0.3150184 0.3743234 0.3106582
0.3192623 0.3765622 0.3041755
0.284371 0.4036022 0.3120268
0.2803517 0.4144475 0.3052008
0.3011306 0.4192322 0.2796372
0.3410808 0.3632642 0.295655
0.285837 0.3775408 0.3366222
0.3194515 0.3497144 0.3308342
0.3041656 0.3881378 0.3076966
0.3191255 0.3944995 0.2863751
0.3140639 0.3851692 0.300767
0.3153429 0.3854764 0.2991807
0.3025364 0.4223925 0.275071
0.2840457 0.3910127 0.3249416
0.3199091 0.3933301 0.2867608
0.3161587 0.3809024 0.3029389
0.3099512 0.3757749 0.314274
0.3166015 0.3811085 0.30229
0.304156 0.4011666 0.2946775
0.3338363 0.367332 0.2988317
0.3150737 0.3742579 0.3106684
0.2929202 0.372166 0.3349138
0.306487 0.3818748 0.3116382
0.3251694 0.3826169 0.2922137
0.3139372 0.3953231 0.2907397
0.3174797 0.3915732 0.2909471
0.3219794 0.3596421 0.3183785
0.2791168 0.3910357 0.3298476
0.301233 0.3815649 0.3172021
0.3063122 0.3869832 0.3067047
0.3125196 0.3781657 0.3093147
0.3255767 0.3793385 0.2950848
0.3011703 0.3813513 0.3174783
0.3073438 0.378478 0.3141782
0.3071129 0.4081664 0.2847208
0.3152689 0.3929822 0.2917489
0.3003616 0.398379 0.3012594
0.3127497 0.3939344 0.2933159
0.3323482 0.388443 0.2792088
0.3529485 0.3455983 0.3014532
0.3028267 0.4223042 0.2748691
0.3162359 0.3941879 0.2895762
0.2870027 0.4075804 0.3054169
0.3107199 0.4085281 0.280752
0.3113203 0.3878276 0.3008521
0.3171266 0.4106884 0.272185
0.3312082 0.3947651 0.2740267
0.3268883 0.3711215 0.3019902
0.2994209 0.4135583 0.2870208
0.3215456 0.3688838 0.3095706
0.3065702 0.3719005 0.3215293
0.3034546 0.4233619 0.2731836
0.3082143 0.3866775 0.3051082
0.3024074 0.4026784 0.2949142
0.2998312 0.4069738 0.293195
0.2988265 0.4070099 0.2941636
0.3200447 0.3848836 0.2950717
0.3404604 0.3852775 0.2742622
0.3081933 0.3966275 0.2951792
0.3181625 0.3918534 0.2899841
0.2901301 0.3842088 0.3256611
0.3065173 0.381549 0.3119337
0.2931009 0.4187577 0.2881414
0.3066572 0.4116967 0.2816461
0.3409179 0.3576907 0.3013914
0.3285789 0.3754429 0.2959782
0.3024664 0.3952196 0.302314
0.3151925 0.4159086 0.2688988
0.338592 0.3742284 0.2871796
0.3310893 0.3519582 0.3169524
0.2993857 0.3839449 0.3166694
0.3153531 0.3909466 0.2937003
0.2919821 0.3978567 0.3101612
0.3241682 0.3783052 0.2975266
0.3288292 0.3947958 0.276375
0.3073301 0.3851259 0.307544
0.3068224 0.3774106 0.315767
0.2927395 0.3988265 0.308434
0.3191349 0.3982526 0.2826125
0.31457 0.3736935 0.3117364
0.3063266 0.385583 0.3080904
0.2837543 0.4040413 0.3122045
0.3091282 0.4027921 0.2880797
0.3092261 0.4057656 0.2850083
0.3117913 0.3858257 0.302383
0.3345883 0.3389963 0.3264154
0.2993709 0.3859393 0.3146898
0.3124296 0.396337 0.2912334
0.317488 0.4076278 0.2748842
0.3355073 0.3890029 0.2754898
0.3132901 0.4124582 0.2742516
0.3070835 0.4168104 0.2761061
0.2960554 0.3946789 0.3092658
0.3167001 0.3686463 0.3146536
0.314347 0.3725838 0.3130692
0.2868541 0.4014564 0.3116895
0.3043744 0.4085151 0.2871105
0.308994 0.4001954 0.2908105
0.3091109 0.4152354 0.2756537
0.3026076 0.3833041 0.3140883
0.2798094 0.4197815 0.3004091
0.2945456 0.416162 0.2892924
0.2999486 0.4111024 0.288949
0.3191008 0.3759659 0.3049333
0.3045776 0.3800446 0.3153779
0.2838086 0.403385 0.3128064
0.3028429 0.4016706 0.2954865
0.3036512 0.4164089 0.2799399
0.3168573 0.3901728 0.2929699
0.3192727 0.3945181 0.2862093
0.3001738 0.381786 0.3180402
0.3148249 0.3886095 0.2965655
0.3035284 0.3839379 0.3125337
0.3182902 0.3958977 0.2858121
0.3039469 0.3890292 0.3070239
0.3176706 0.3802602 0.3020692
0.3278083 0.3959247 0.276267
0.3248282 0.3938255 0.2813463
0.3089674 0.4047591 0.2862735
0.2774083 0.387416 0.3351757
0.3013638 0.4230409 0.2755952
0.3153114 0.3765548 0.3081338
0.319791 0.3927266 0.2874823
0.3098356 0.4068053 0.283359
0.3043483 0.4211266 0.2745251
0.2933312 0.3727307 0.3339382
0.2923065 0.420159 0.2875345
0.3085319 0.3933962 0.2980719
0.2916556 0.4100871 0.2982572
0.3150003 0.392482 0.2925177
0.3114864 0.3965056 0.2920079
0.2959723 0.3862805 0.3177471
0.2920076 0.3974801 0.3105123
0.2888459 0.4039372 0.3072169
0.2902516 0.4066454 0.303103
0.2670212 0.4157712 0.3172076
0.3007696 0.3971506 0.3020799
0.2983919 0.4128101 0.288798
0.3168992 0.3743887 0.308712
0.3129015 0.3853502 0.3017483
0.3051934 0.4174785 0.2773281
0.2887858 0.4223813 0.2888329
0.310635 0.39862 0.2907451
0.3421072 0.3747488 0.2831441
0.322447 0.3983966 0.2791563
0.3250071 0.404407 0.2705859
0.3126998 0.3771895 0.3101106
0.3025246 0.3918129 0.3056625
0.2961009 0.4056279 0.2982712
0.301473 0.3957292 0.3027979
0.2958445 0.3983238 0.3058317
0.3090944 0.3787615 0.3121441
0.3259124 0.3974293 0.2766583
0.3147041 0.3846273 0.3006686
0.3148035 0.3684868 0.3167097
0.2998156 0.3927181 0.3074664
0.3016697 0.3899464 0.3083838
0.3235473 0.3617335 0.3147192
0.2982919 0.3817994 0.3199087
0.2970353 0.393837 0.3091277
0.3202464 0.3987239 0.2810297
0.2980822 0.4179917 0.2839261
0.3162794 0.380592 0.3031286
0.3110842 0.3816613 0.3072546
0.3083348 0.3687262 0.322939
0.2886961 0.3948837 0.3164202
0.3172849 0.388531 0.2941842
0.3033597 0.4111103 0.2855301
0.3166671 0.411787 0.2715459
0.3099816 0.3964613 0.2935571
0.3347886 0.3607698 0.3044416
0.3303587 0.36059 0.3090514
0.3198181 0.3936365 0.2865454
0.311763 0.3891482 0.2990887
0.276042 0.4204319 0.3035261
0.3106234 0.411951 0.2774257
0.305826 0.3910434 0.3031306
0.2930179 0.4023606 0.3046215
0.3005466 0.3919331 0.3075203
0.3041389 0.3849206 0.3109405
0.294724 0.4012581 0.3040179
0.315611 0.4176882 0.2667007
0.314658 0.3743499 0.3109921
0.3102852 0.3835279 0.3061869
0.3011439 0.4095182 0.2893379
0.3233078 0.3936467 0.2830455
0.3027068 0.3830391 0.3142542
0.3144474 0.4000996 0.285453
0.2969805 0.3814656 0.3215539
0.3042131 0.3889552 0.3068316
0.2827457 0.4143602 0.3028941
0.3319658 0.3624047 0.3056296
0.3404505 0.388832 0.2707175
0.3048409 0.4015029 0.2936563
0.3148356 0.3917212 0.2934432
0.2908002 0.4154622 0.2937376
0.3391469 0.3842232 0.2766299
0.3042445 0.412871 0.2828845
0.3309481 0.3828444 0.2862075
0.304002 0.4046684 0.2913295
0.3375811 0.3775761 0.2848428
0.3111996 0.3870818 0.3017186
0.3132739 0.3903365 0.2963896
0.3085664 0.3925582 0.2988754
0.3240219 0.3853457 0.2906324
0.3015925 0.3881739 0.3102335
0.3155076 0.3939835 0.2905089
0.3033206 0.4059087 0.2907707
0.2905559 0.4028041 0.3066401
0.3116406 0.3847344 0.3036249
0.297077 0.3805065 0.3224165
0.2960805 0.3781369 0.3257827
0.3073029 0.3841341 0.308563
0.3301508 0.3860081 0.2838411
0.3155186 0.3807341 0.3037473
0.3301306 0.3898042 0.2800652
0.3168645 0.3700799 0.3130556
0.3062176 0.3611056 0.3326768
0.3046484 0.3789216 0.31643
0.2871668 0.4113339 0.3014993
0.2897996 0.3982217 0.3119787
0.3216053 0.3843344 0.2940604
0.3292611 0.3706009 0.300138
0.3138462 0.3878194 0.2983344
0.3067401 0.4135715 0.2796884
0.2872149 0.3871831 0.325602
0.2989834 0.4055473 0.2954693
0.29449 0.3876201 0.3178899
0.3048038 0.3763101 0.3188862
0.3194685 0.4154024 0.2651291
0.3235492 0.3707536 0.3056972
0.3283792 0.378267 0.2933538
0.301605 0.3929706 0.3054243
0.3142317 0.3760815 0.3096868
0.3212889 0.3943856 0.2843254
0.3310427 0.3943174 0.2746399
0.3167005 0.3911967 0.2921028
0.3433342 0.3892544 0.2674114
0.2913689 0.3963032 0.312328
0.2935858 0.4006871 0.3057271
0.3111908 0.3946932 0.294116
0.2938289 0.3866539 0.3195173
0.332917 0.3921811 0.2749019
0.3064125 0.4035156 0.2900719
0.3361194 0.3844066 0.279474
0.3379589 0.3734708 0.2885703
0.3305257 0.3909705 0.2785039
0.3081774 0.3860139 0.3058086
0.320237 0.382834 0.296929
0.3194343 0.3712136 0.3093521
0.3251025 0.3904302 0.2844673
0.311972 0.3989389 0.2890891
0.3169676 0.3914383 0.2915941
0.2944619 0.4076499 0.2978882
0.3163303 0.3910292 0.2926405
0.3134501 0.4043547 0.2821951
0.2895556 0.3844497 0.3259948
0.3028956 0.3786631 0.3184414
0.2913821 0.406925 0.3016929
0.2959315 0.4041241 0.2999444
0.3092402 0.4003161 0.2904437
0.2874832 0.3863677 0.3261491
0.3125456 0.4022815 0.285173
0.2985492 0.3913833 0.3100675
0.3178497 0.3959326 0.2862178
0.3280241 0.3810106 0.2909653
0.3091961 0.3992002 0.2916038
0.3089261 0.3903826 0.3006913
0.3353324 0.3757966 0.288871
0.3117394 0.4006067 0.2876539
0.2875804 0.3982218 0.3141978
0.2995313 0.4196499 0.2808189
0.3279452 0.3736507 0.2984041
0.3051035 0.3816226 0.3132739
0.321416 0.3750043 0.3035797
0.2970721 0.4068709 0.296057
0.3270898 0.3789814 0.2939288
0.3054827 0.395768 0.2987492
0.3272079 0.3809592 0.2918329
0.3224739 0.4014711 0.2760549
0.332289 0.3692543 0.2984567
0.2816358 0.3966187 0.3217454
0.3302084 0.37454 0.2952516
0.311464 0.3959202 0.2926158
0.2926337 0.4005876 0.3067786
0.3412886 0.3850249 0.2736865
0.3005633 0.3831473 0.3162894
0.3241407 0.3808962 0.2949632
0.3362444 0.3646916 0.299064
0.3160852 0.3895697 0.2943451
0.3042936 0.4118474 0.283859
0.3004246 0.4063481 0.2932274
0.2946197 0.3842314 0.3211489
0.319309 0.3825402 0.2981509
0.3304379 0.3719441 0.297618
0.2957783 0.4060255 0.2981962
0.3118021 0.381947 0.3062509
0.3094368 0.4080291 0.2825341
0.3363054 0.3685633 0.2951313
0.3127768 0.3796156 0.3076076
0.3088984 0.3919429 0.2991587
0.282754 0.4102654 0.3069806
0.33489 0.370486 0.294624
0.2925488 0.4033324 0.3041188
0.3238326 0.3857918 0.2903756
0.3204867 0.3799627 0.2995506
0.2976564 0.4135058 0.2888378
0.305881 0.3955947 0.2985242
0.3062325 0.4093588 0.2844087
0.3187448 0.4015624 0.2796928
0.3000002 0.3980442 0.3019556
0.3058829 0.3616234 0.3324937
0.331289 0.3872134 0.2814976
0.3112422 0.3649903 0.3237674
0.3353081 0.3878071 0.2768847
0.3049408 0.3930891 0.3019701
0.3023724 0.378654 0.3189737
0.2898124 0.4033776 0.3068101
0.3104574 0.4142134 0.2753292
0.3208326 0.3831741 0.2959933
0.3063069 0.4122757 0.2814173
0.3020439 0.3989041 0.2990519
0.2866334 0.4204334 0.2929331
0.2986699 0.4077779 0.2935522
0.3031374 0.4019762 0.2948864
0.3011582 0.3985131 0.3003288
0.2791051 0.4043543 0.3165407
0.3302259 0.3657375 0.3040366
0.323958 0.3977625 0.2782795
0.312162 0.3821119 0.3057261
0.3203172 0.3823692 0.2973136
0.3232833 0.3747977 0.301919
0.2875542 0.413991 0.2984548
0.3260264 0.3795921 0.2943815
0.3229475 0.376251 0.3008015
0.3154191 0.3817946 0.3027863
0.2799949 0.4115687 0.3084364
0.2820163 0.444701 0.2732827
0.2957661 0.3719442 0.3322897
0.3111255 0.3950464 0.2938281
0.3014419 0.4056373 0.2929208
0.3155582 0.379966 0.3044758
0.3107673 0.3890578 0.3001749
0.3142672 0.3814096 0.3043231
0.3282186 0.3937831 0.2779983
0.3030802 0.3988382 0.2980816
0.3297258 0.3973656 0.2729086
0.2935268 0.3958097 0.3106636
0.297621 0.4059392 0.2964397
0.2919607 0.4136927 0.2943466
0.3347464 0.3716467 0.2936069
0.3041153 0.3985725 0.2973121
0.3147951 0.3901551 0.2950498
0.3187761 0.3859889 0.295235
0.3292628 0.3842871 0.2864502
0.3086746 0.3887788 0.3025466
0.3061023 0.4064839 0.2874138
0.3060708 0.4183558 0.2755734
0.2928285 0.3920476 0.3151239
0.3139885 0.3859432 0.3000682
0.3175466 0.4069106 0.2755428
0.3289497 0.3643751 0.3066752
0.2996447 0.3920181 0.3083373
0.3030963 0.3897782 0.3071255
0.3040381 0.410339 0.2856228
0.303486 0.4036318 0.2928821
0.324384 0.3849818 0.2906342
0.3227066 0.4206536 0.2566398
0.3110116 0.3846933 0.3042951
0.3124142 0.3762989 0.3112869
0.3148971 0.3914333 0.2936696
0.2892397 0.4211667 0.2895936
0.3174176 0.3855408 0.2970416
0.3242778 0.3626838 0.3130384
0.2975702 0.4165566 0.2858732
0.3141254 0.3903898 0.2954847
0.2965367 0.4092704 0.294193
0.3136284 0.3837151 0.3026565
0.293553 0.3853743 0.3210727
0.3144846 0.3689384 0.3165769
0.3055462 0.3774393 0.3170146
0.351496 0.347212 0.301292
0.313751 0.3798256 0.3064233
0.2945278 0.3967055 0.3087667
0.3075654 0.3906992 0.3017353
0.3235014 0.3991228 0.2773758
0.3054447 0.3831698 0.3113855
0.3192233 0.3918985 0.2888782
0.3179793 0.3817357 0.300285
0.3250566 0.3924393 0.2825042
0.3270731 0.3674899 0.3054369
0.307301 0.392703 0.299996
0.3131024 0.3850284 0.3018692
0.2990218 0.3991306 0.3018477
0.2796413 0.3981782 0.3221806
0.2945713 0.410321 0.2951078
0.2947283 0.3988064 0.3064653
0.3004384 0.3819327 0.3176289
0.3159529 0.3696624 0.3143847
0.3244447 0.3857652 0.2897901
0.3274767 0.3659307 0.3065925
0.311753 0.4012088 0.2870382
0.3285942 0.375354 0.2960518
0.2869452 0.4142261 0.2988286
0.3111952 0.4020031 0.2868017
0.3174199 0.3840798 0.2985003
0.3122526 0.3964413 0.2913061
0.316494 0.3864383 0.2970677
0.3261955 0.3710818 0.3027227
0.2979103 0.4222762 0.2798135
0.3220094 0.3964232 0.2815674
0.2984066 0.3879332 0.3136602
0.3182465 0.4058456 0.2759079
0.3470275 0.3661128 0.2868597
0.3042319 0.3947928 0.3009753
0.3162777 0.3887425 0.2949798
0.3245045 0.3797282 0.2957672
0.3255046 0.3919746 0.2825208
0.3126259 0.3909885 0.2963856
0.281331 0.3942443 0.3244247
0.2858337 0.4038351 0.3103313
0.3207673 0.3914175 0.2878152
0.3191957 0.3919629 0.2888414
0.3514445 0.362223 0.2863325
0.3223581 0.3891796 0.2884623
0.2802815 0.4189309 0.3007876
0.3099125 0.3874197 0.3026679
0.3230141 0.4140637 0.2629222
0.2969114 0.3932708 0.3098178
0.3223611 0.385931 0.2917079
0.2896699 0.4266664 0.2836637
0.3026717 0.3829957 0.3143326
0.2876995 0.4070378 0.3052627
0.3246558 0.3939273 0.2814169
0.3140472 0.4081568 0.277796
0.2831861 0.3748832 0.3419307
0.3026527 0.3805003 0.316847
0.3191026 0.3826114 0.2982859
0.3183448 0.3820582 0.299597
0.3147304 0.3907145 0.2945551
0.3123767 0.4028978 0.2847255
0.3022481 0.4211655 0.2765863
0.3199602 0.3731788 0.306861
0.2967863 0.4003832 0.3028305
0.2969298 0.413229 0.2898412
0.3089046 0.3761773 0.3149181
0.3461652 0.3760836 0.2777512
0.3242636 0.3809553 0.2947811
0.3238826 0.3921463 0.2839712
0.327685 0.3880549 0.2842601
0.3231617 0.3842325 0.2926058
0.3363385 0.413488 0.2501735
0.2885857 0.3947827 0.3166316
0.2993445 0.4040328 0.2966227
0.2841068 0.383359 0.3325342
0.2977125 0.3846588 0.3176287
0.3090905 0.3744642 0.3164453
0.3189489 0.3978841 0.283167
0.3271324 0.3894819 0.2833857
0.3125927 0.387593 0.2998143
0.3280947 0.3667646 0.3051407
0.3260448 0.4080529 0.2659023
0.2997652 0.4005344 0.2997003
0.3067487 0.398653 0.2945983
0.3036599 0.387571 0.3087691
0.3230474 0.3931429 0.2838097
0.302866 0.4060236 0.2911103
0.3247355 0.3682471 0.3070174
0.2903971 0.4143742 0.2952286
0.3118721 0.3890584 0.2990695
0.3182856 0.4017847 0.2799298
0.3206238 0.3704582 0.308918
0.3463268 0.3658289 0.2878443
0.3291235 0.3775539 0.2933225
0.3046231 0.3933339 0.3020429
0.3198848 0.3898155 0.2902996
0.323605 0.3719793 0.3044157
0.3043813 0.3914869 0.3041318
0.3159321 0.3605296 0.3235383
0.3001999 0.3979386 0.3018615
0.3054356 0.3983939 0.2961704
0.3290107 0.398045 0.2729443
0.3108901 0.3939547 0.2951552
0.3067236 0.394135 0.2991414
0.3153523 0.3902405 0.2944072
0.3096688 0.3989486 0.2913825
0.3001982 0.419806 0.2799958
0.316004 0.408437 0.275559
0.3169318 0.3984807 0.2845875
0.3167253 0.400932 0.2823427
0.3305491 0.3917839 0.2776669
0.3309911 0.3823055 0.2867034
0.2959909 0.3855287 0.3184804
0.3360993 0.3735871 0.2903136
0.3319921 0.3733788 0.2946291
0.3138833 0.3827058 0.3034109
0.3087545 0.4176896 0.2735559
0.2944778 0.3989068 0.3066154
0.3144315 0.3747724 0.310796
0.2993105 0.3936912 0.3069983
0.313941 0.4024778 0.2835812
0.2875601 0.4002442 0.3121957
0.3401383 0.3945274 0.2653343
0.2946287 0.4005902 0.3047811
0.3181248 0.3658442 0.316031
0.3263205 0.360529 0.3131505
0.3043056 0.4273175 0.2683769
0.315805 0.3972967 0.2868983
0.3146472 0.3831457 0.3022071
0.3171709 0.4101143 0.2727148
0.2987334 0.3884384 0.3128282
0.325213 0.3855781 0.2892088
0.3476714 0.3776477 0.2746809
0.3149234 0.3837807 0.3012959
0.3098419 0.3961571 0.294001
0.3182269 0.3978326 0.2839406
0.2995813 0.396452 0.3039667
0.3010637 0.4178627 0.2810736
0.3107644 0.4056427 0.2835929
0.3095525 0.400486 0.2899615
0.2970175 0.4007017 0.3022808
0.2913467 0.3860161 0.3226372
0.3166291 0.3787163 0.3046545
0.3333615 0.3457964 0.3208421
0.3265814 0.3915917 0.281827
0.3252537 0.3823573 0.292389
0.3207725 0.3849854 0.2942421
0.3177695 0.3694426 0.3127879
0.3021966 0.4032208 0.2945827
0.3013943 0.3987636 0.299842
0.2930235 0.4141005 0.292876
0.3050803 0.4004471 0.2944726
0.3030223 0.4112828 0.2856949
0.3225576 0.366309 0.3111334
0.3166178 0.3730952 0.310287
0.3409015 0.3622952 0.2968033
0.3183251 0.3970734 0.2846015
0.3062002 0.3944057 0.299394
0.3170925 0.3983345 0.284573
0.307273 0.3823945 0.3103325
0.3322248 0.3932497 0.2745255
0.3204593 0.3749995 0.3045412
0.3219398 0.3914099 0.2866503
0.3004687 0.3972753 0.302256
0.3147729 0.3975482 0.2876789
0.3226478 0.3974307 0.2799214
0.3095576 0.395699 0.2947434
0.3154636 0.4042785 0.2802579
0.3192449 0.3933538 0.2874013
0.3335898 0.4007912 0.265619
0.3170909 0.4174049 0.2655042
0.30295 0.4127423 0.2843077
0.3182017 0.3812956 0.3005027
0.3099873 0.393267 0.2967457
0.3135974 0.4063199 0.2800827
0.3087973 0.40035 0.2908526
0.3206863 0.3877369 0.2915769
0.3035958 0.3996028 0.2968014
0.3040105 0.4281024 0.2678871
0.3035478 0.4039959 0.2924563
0.3187836 0.3697798 0.3114367
0.3096188 0.3738534 0.3165278
0.3111254 0.3911568 0.2977178
0.3503641 0.376481 0.2731549
0.3130858 0.4050662 0.281848
0.3037514 0.4118709 0.2843777
0.3124151 0.3884993 0.2990856
0.3163414 0.3973831 0.2862755
0.3255672 0.392825 0.2816078
0.3119938 0.3778706 0.3101356
0.3217864 0.3905531 0.2876605
0.3062652 0.3916024 0.3021324
0.3151636 0.4031339 0.2817025
0.3129955 0.3947888 0.2922157
0.2991755 0.4031315 0.2976929
0.3110924 0.3848403 0.3040672
0.3317676 0.3706907 0.2975418
0.3272283 0.3624983 0.3102734
0.3101954 0.3988678 0.2909368
0.3195671 0.3775078 0.3029251
0.3044268 0.3948239 0.3007493
0.3251063 0.3832819 0.2916118
0.2997241 0.4053001 0.2949758
0.3142394 0.3829463 0.3028143
0.3143243 0.3924345 0.2932412
0.3346635 0.3570823 0.3082543
0.3281248 0.4109528 0.2609223
0.3114193 0.3797148 0.3088659
0.2856093 0.4153333 0.2990575
0.3192615 0.3685177 0.3122208
0.3327899 0.3635701 0.3036399
0.3358991 0.3698681 0.2942328
0.2996857 0.3874532 0.3128611
0.3178562 0.380074 0.3020698
0.3199349 0.3787126 0.3013525
0.288045 0.4146897 0.2972653
0.3303488 0.3983509 0.2713003
0.2897074 0.3892567 0.3210358
0.3278768 0.3755029 0.2966203
0.3085397 0.392044 0.2994163
0.3185456 0.3845887 0.2968657
0.3170519 0.3679624 0.3149858
0.3162852 0.3920638 0.291651
0.3005602 0.3746311 0.3248086
0.3165869 0.3836049 0.2998082
0.3180905 0.4017034 0.2802061
0.2983619 0.3987708 0.3028673
0.3093821 0.4119007 0.2787172
0.3156508 0.3785746 0.3057747
0.3186367 0.3659265 0.3154368
0.3277248 0.3865525 0.2857227
0.3064867 0.3919571 0.3015563
0.3186462 0.3697813 0.3115726
0.2820421 0.3966004 0.3213575
0.2803413 0.4187372 0.3009215
0.2973583 0.405582 0.2970597
0.3172551 0.355645 0.3270999
0.3271797 0.3909636 0.2818567
0.2819796 0.3995636 0.3184568
0.3122755 0.3883966 0.2993279
0.3374802 0.3930591 0.2694607
0.3156052 0.3940611 0.2903338
0.3163645 0.3488329 0.3348026
0.289272 0.4034738 0.3072541
0.3070948 0.3770581 0.3158471
0.2982724 0.4243612 0.2773664
0.3147473 0.3751766 0.3100761
0.3273645 0.3771572 0.2954783
0.3148586 0.3940213 0.2911201
0.3156377 0.3825593 0.301803
0.3181435 0.3741268 0.3077298
0.3090421 0.4101106 0.2808473
0.2986302 0.3822582 0.3191117
0.3269808 0.3744591 0.2985601
0.3071536 0.4246714 0.268175
0.3329734 0.4006091 0.2664175
0.3020515 0.3987704 0.2991782
0.3219479 0.3816099 0.2964421
0.3211305 0.3785724 0.3002972
0.3117389 0.3765577 0.3117034
0.2833595 0.390461 0.3261795
0.3233469 0.3893642 0.2872889
0.2998872 0.4113669 0.2887459
0.302246 0.4154152 0.2823388
0.3095619 0.3918664 0.2985716
0.3118271 0.3947518 0.2934211
0.3317024 0.382887 0.2854106
0.3063609 0.3866144 0.3070247
0.2893164 0.4007039 0.3099797
0.3159231 0.3889251 0.2951518
0.3133918 0.390688 0.2959202
0.3059253 0.40049 0.2935847
0.3303855 0.3839699 0.2856446
0.3010992 0.3978853 0.3010155
0.3377574 0.3746313 0.2876113
0.3139198 0.3933268 0.2927534
0.3137966 0.3782984 0.3079049
0.2897752 0.4149761 0.2952487
0.2939412 0.425832 0.2802269
0.3077098 0.3938733 0.2984169
0.3325063 0.4042868 0.2632069
0.3173505 0.3933894 0.2892601
0.2823987 0.3906179 0.3269834
0.3211635 0.3593608 0.3194756
0.3122617 0.3941717 0.2935665
0.3176327 0.3931265 0.2892407
0.285195 0.3940871 0.3207179
0.3176496 0.3889428 0.2934077
0.3070852 0.3798067 0.3131081
0.3082305 0.3785882 0.3131814
0.3183334 0.3938656 0.287801
0.3125163 0.3900538 0.2974299
0.3336295 0.360259 0.3061115
0.3115545 0.3675443 0.3209012
0.3123425 0.3875109 0.3001466
0.2951469 0.4047123 0.3001409
0.3128136 0.3820455 0.3051409
0.3269275 0.3645273 0.3085451
0.3208356 0.4031197 0.2760446
0.3231044 0.3843044 0.2925912
0.3300784 0.3830425 0.2868792
0.3247294 0.3888277 0.286443
0.2981531 0.4217933 0.2800536
0.3106235 0.3976719 0.2917046
0.2846627 0.3933086 0.3220287
0.311521 0.3922098 0.2962692
0.3000395 0.4276601 0.2723004
0.2967492 0.3744203 0.3288305
0.2935065 0.4389095 0.267584
0.31753 0.3991827 0.2832873
0.2811983 0.4019776 0.3168241
0.3250066 0.3693925 0.3056009
0.3111294 0.3969092 0.2919614
0.3130957 0.3930274 0.2938769
0.3013939 0.3845516 0.3140545
0.3070389 0.4003034 0.2926577
0.3288339 0.3857329 0.2854332
0.2771974 0.4012622 0.3215405
0.3165599 0.4024054 0.2810347
0.3267258 0.3902615 0.2830127
0.3188494 0.3981975 0.2829531
0.3242573 0.3873209 0.2884218
0.3113541 0.3977062 0.2909397
0.2928315 0.4057679 0.3014006
0.2946175 0.4203342 0.2850483
0.302881 0.3900298 0.3070892
0.3060252 0.4082786 0.2856962
0.3194518 0.3837769 0.2967713
0.299613 0.3950791 0.3053079
0.3031604 0.3923279 0.3045117
0.3209908 0.3828282 0.296181
0.2982657 0.3976338 0.3041005
0.3292471 0.3882526 0.2825004
0.3444822 0.3750142 0.2805037
0.2941041 0.3781199 0.327776
0.329152 0.3660745 0.3047735
0.2966459 0.4143686 0.2889854
0.2893165 0.393753 0.3169305
0.3033615 0.4053918 0.2912467
0.2813035 0.4115023 0.3071943
0.3202926 0.419963 0.2597444
0.3062935 0.3950181 0.2986884
0.3063706 0.3958497 0.2977796
0.3177032 0.3969836 0.2853132
0.3104056 0.3871514 0.302443
0.3050297 0.3933582 0.301612
0.2994394 0.4172889 0.2832717
0.300088 0.386236 0.3136761
0.3021367 0.3841504 0.3137129
0.2856144 0.4304939 0.2838917
0.3109239 0.388508 0.3005681
0.3193626 0.4153412 0.2652961
0.3202082 0.3956665 0.2841253
0.311328 0.3921114 0.2965606
0.302488 0.3936349 0.3038771
0.3044527 0.3914419 0.3041054
0.2871634 0.3888738 0.3239628
0.3090707 0.3792505 0.3116788
0.3145273 0.3832233 0.3022494
0.3124985 0.4180432 0.2694584
0.3105105 0.4042409 0.2852485
0.3222953 0.3938282 0.2838765
0.329271 0.3821995 0.2885294
0.3512557 0.3752868 0.2734575
0.3139471 0.4138354 0.2722174
0.3313273 0.3766433 0.2920293
0.3051482 0.394618 0.3002338
0.2778343 0.4103464 0.3118193
0.3180779 0.381819 0.3001031
0.3213887 0.3892006 0.2894108
0.3256743 0.3879299 0.2863958
0.3000437 0.399806 0.3001503
0.3464347 0.3755578 0.2780075
0.2971796 0.3817113 0.3211092
0.3096677 0.4084416 0.2818907
0.2973083 0.3980247 0.3046671
0.2942879 0.3943751 0.311337
0.3192523 0.3917545 0.2889931
0.3160846 0.3841323 0.2997831
0.3438998 0.3768059 0.2792942
0.3175118 0.3963914 0.2860968
0.3108316 0.3943766 0.2947918
0.2788435 0.3946661 0.3264904
0.3086471 0.404869 0.286484
0.3206869 0.3643956 0.3149175
0.3313573 0.3687453 0.2998974
0.3269332 0.3862648 0.286802
0.3032134 0.4038931 0.2928935
0.3222455 0.400782 0.2769724
0.3086353 0.3912198 0.300145
0.3177669 0.3908819 0.2913513
0.3038444 0.3837902 0.3123655
0.2995974 0.3949614 0.3054412
0.308427 0.3888526 0.3027203
0.2943591 0.3947695 0.3108713
0.3300575 0.3935786 0.2763639
0.2746163 0.405815 0.3195687
0.3229407 0.3792244 0.297835
0.295596 0.3837982 0.3206058
0.2882896 0.385676 0.3260344
0.3180774 0.3941091 0.2878135
0.289136 0.397797 0.313067
0.3071313 0.3836831 0.3091855
0.2968823 0.3910214 0.3120963
0.3180847 0.3863937 0.2955216
0.2918352 0.3767178 0.331447
0.3303357 0.3642196 0.3054447
0.3270423 0.3808447 0.292113
0.2993633 0.3970434 0.3035933
0.3014954 0.4104004 0.2881042
0.3372808 0.3723159 0.2904034
0.2979817 0.3864596 0.3155587
0.3092623 0.3831023 0.3076354
0.3359178 0.3728661 0.2912162
0.3257501 0.3899301 0.2843198
0.3488936 0.3764868 0.2746196
0.3349261 0.3851871 0.2798868
0.3138513 0.3823467 0.303802
0.3243223 0.392371 0.2833067
0.2937788 0.4207611 0.2854602
0.2911663 0.4152115 0.2936222
0.3225881 0.3989567 0.2784552
0.2992969 0.3896226 0.3110805
0.3255776 0.4094893 0.2649331
0.3015734 0.3815735 0.3168531
0.3326648 0.3866455 0.2806897
0.2933519 0.3921721 0.314476
0.2784586 0.392731 0.3288104
0.3094434 0.394765 0.2957916
0.299498 0.408538 0.291964
0.2994152 0.4132103 0.2873745
0.3517159 0.3794558 0.2688283
0.3133951 0.3922885 0.2943164
0.3017016 0.393799 0.3044994
0.3190009 0.4163431 0.2646559
0.3190131 0.3830878 0.2978991
0.3023404 0.3755455 0.322114
0.3184578 0.3884064 0.2931358
0.2832999 0.4077865 0.3089136
0.3159418 0.3751852 0.308873
0.3239274 0.3890427 0.2870298
0.3133723 0.381324 0.3053037
0.3239968 0.3817205 0.2942828
0.3005292 0.3845171 0.3149538
0.3111226 0.3983175 0.2905599
0.3030438 0.3762455 0.3207106
0.283982 0.3858208 0.3301972
0.2846878 0.3798003 0.3355119
0.2902995 0.3957512 0.3139493
0.3246143 0.3806757 0.29471
0.3277074 0.3833504 0.2889422
0.2992005 0.4071338 0.2936657
0.2944407 0.4207712 0.2847881
0.3117162 0.3915093 0.2967745
0.3002486 0.4082935 0.2914579
0.2967183 0.4199898 0.2832918
0.3260836 0.3731445 0.3007719
0.3013058 0.4100709 0.2886233
0.3087683 0.3891592 0.3020725
0.288323 0.3977709 0.3139061
0.2991022 0.3969094 0.3039883
0.32533 0.3867422 0.2879278
0.3214324 0.3861271 0.2924405
0.3164766 0.3951512 0.2883722
0.2940051 0.406715 0.2992799
0.315576 0.3696837 0.3147403
0.2752645 0.4150105 0.309725
0.3119307 0.4020526 0.2860168
0.305466 0.3988526 0.2956814
0.3092524 0.3938305 0.2969171
0.3192509 0.4139273 0.2668219
0.3073462 0.3914542 0.3011996
0.3338944 0.37319 0.2929156
0.2931498 0.3880013 0.3188489
0.3218775 0.375363 0.3027595
0.308251 0.4025851 0.2891639
0.316659 0.3928007 0.2905404
0.3028117 0.4020342 0.2951541
0.3291238 0.3776334 0.2932428
0.3006861 0.4131793 0.2861346
0.3095667 0.3754236 0.3150097
0.323389 0.3768376 0.2997735
0.2939938 0.407174 0.2988322
0.3191991 0.379114 0.3016869
0.3121346 0.4127709 0.2750945
0.3237419 0.3977009 0.2785572
0.3177381 0.3999403 0.2823216
0.3105941 0.3959684 0.2934375
0.317384 0.3808061 0.3018099
0.3019123 0.3725383 0.3255494
0.3210206 0.3856794 0.2933001
0.3163053 0.3758286 0.307866
0.2843004 0.4122633 0.3034363
0.323576 0.3811787 0.2952454
0.3157145 0.3947148 0.2895707
0.3135067 0.4090557 0.2774376
0.3333608 0.3783379 0.2883013
0.310266 0.419067 0.270667
0.3209304 0.3818691 0.2972006
0.2992581 0.410192 0.2905499
0.3043201 0.405295 0.2903849
0.312716 0.4050563 0.2822277
0.3154594 0.3715406 0.313
0.3225595 0.3724913 0.3049492
0.332892 0.3923075 0.2748005
0.3133348 0.3762799 0.3103853
0.3210668 0.3929759 0.2859573
0.3212977 0.3650896 0.3136127
0.3288899 0.3782187 0.2928914
0.3278901 0.3776378 0.2944721
0.3068214 0.3901958 0.3029828
0.3112969 0.3842373 0.3044658
0.2716614 0.4113031 0.3170355
0.2995751 0.3838164 0.3166085
0.2905826 0.3787367 0.3306807
0.3079718 0.4202817 0.2717465
0.3246739 0.365228 0.3100981
0.2963813 0.3974049 0.3062138
0.3445433 0.3663831 0.2890736
0.3267234 0.3893697 0.2839069
0.3003395 0.4101946 0.2894659
0.308567 0.4011948 0.2902382
0.2876934 0.400379 0.3119277
0.3215951 0.3999607 0.2784442
0.3061906 0.3865007 0.3073087
0.3185128 0.3780244 0.3034629
0.2987612 0.4132824 0.2879564
0.2877519 0.3955544 0.3166937
0.2857498 0.4220909 0.2921593
0.3228638 0.3846098 0.2925264
0.3044908 0.3761814 0.3193278
0.3218481 0.3654659 0.3126859
0.3105203 0.3826627 0.306817
0.3324248 0.3616122 0.3059631
0.2694155 0.437883 0.2927015
0.3079066 0.4084141 0.2836793
0.3145868 0.3783576 0.3070556
0.3059548 0.3999646 0.2940806
0.3404215 0.3668057 0.2927728
0.3278531 0.3768925 0.2952545
0.3211767 0.3925778 0.2862455
0.332355 0.3738859 0.2937592
0.3201415 0.4002027 0.2796558
0.3168589 0.3804757 0.3026654
0.2917035 0.3707 0.3375966
0.3207222 0.3988578 0.28042
