p_1 p_2 p_3 p_4 
0.3138338 0.02080718 0.2413277 0.4240313 
0.3364329 0.004106264 0.2494606 0.4100002 
0.2578856 0.0365448 0.2946234 0.4109462 
0.2755411 0.0009621547 0.3162219 0.4072748 
0.3575805 0.01913787 0.2870782 0.3362034 
0.3228871 0.06024295 0.2348151 0.3820548 
0.3429743 0.003334994 0.2549509 0.3987399 
0.2640549 0.005509364 0.2473746 0.4830612 
0.3244003 0.01914622 0.2788963 0.3775572 
0.3471922 0.03572027 0.2249274 0.3921602 
0.3040498 0.005333484 0.2938464 0.3967704 
0.2943176 0.01654718 0.2938946 0.3952407 
0.2891491 0.003675634 0.3391278 0.3680475 
0.3219971 0.01722392 0.1948918 0.4658872 
0.2619951 0.02208718 0.2733668 0.442551 
0.4373232 0.001722923 0.2249296 0.3360243 
0.3001374 0.01337681 0.2215081 0.4649776 
0.2753498 0.04432465 0.2643374 0.4159882 
0.4183915 0.006162305 0.2580122 0.317434 
0.3266405 0.004286102 0.2534675 0.4156059 
0.1962388 0.07554024 0.3477884 0.3804326 
0.2718594 0.001848837 0.3163567 0.4099351 
0.3214116 0.001572757 0.2116339 0.4653818 
0.3306787 0.00861923 0.3136938 0.3470082 
0.3444731 0.005151405 0.1962837 0.4540919 
0.3071905 0.00740445 0.2517441 0.433661 
0.2584798 0.003089986 0.2586099 0.4798203 
0.324141 0.01109542 0.2145676 0.450196 
0.3826396 0.006502445 0.2516104 0.3592476 
0.3232933 0.005281004 0.2829744 0.3884513 
0.2121212 0.05839779 0.2859015 0.4435795 
0.2637048 0.02755116 0.3089701 0.3997739 
0.2731035 0.008061472 0.3579184 0.3609167 
0.2124867 0.01915558 0.3333606 0.4349971 
0.3302875 0.002197205 0.2742053 0.39331 
0.2879586 0.00263286 0.314438 0.3949705 
0.3550917 0.004016899 0.2753191 0.3655722 
0.2823069 0.008030178 0.316183 0.39348 
0.3764789 0.005386544 0.2296233 0.3885113 
0.3812175 0.00422466 0.2321522 0.3824056 
0.3191054 0.01249925 0.3235963 0.3447991 
0.3473928 0.006700978 0.2392658 0.4066404 
0.3018792 0.007339944 0.2363992 0.4543817 
0.3228326 0.02153664 0.2383325 0.4172983 
0.3378854 0.01153267 0.3110859 0.339496 
0.2681759 0.007887056 0.2628031 0.461134 
0.2574658 0.002381615 0.3220545 0.4180981 
0.3387952 0.002776358 0.2684003 0.3900281 
0.3464929 0.003722517 0.2837324 0.3660522 
0.3322922 0.04550303 0.2336384 0.3885663 
0.3684315 0.007187857 0.2266918 0.3976888 
0.2957785 0.03004097 0.225396 0.4487845 
0.3462636 0.0006300948 0.2182904 0.4348158 
0.3694508 0.03448077 0.3216688 0.2743997 
0.3312788 0.01021796 0.2682499 0.3902534 
0.3130443 0.01993669 0.1903368 0.4766822 
0.2478773 0.006232066 0.2800731 0.4658175 
0.3215352 0.02585957 0.271038 0.3815673 
0.2506633 0.03481761 0.2823844 0.4321347 
0.2928251 0.000737589 0.300041 0.4063964 
0.3534711 0.02218185 0.2457575 0.3785895 
0.3119355 0.01710397 0.3056409 0.3653196 
0.264034 0.02379565 0.3280172 0.3841531 
0.2922589 0.009098577 0.2715393 0.4271032 
0.3219913 0.01031915 0.2723409 0.3953486 
0.2891024 0.002382365 0.3363332 0.372182 
0.3045379 0.0298164 0.2570639 0.4085818 
0.3005909 0.01239253 0.3426946 0.3443219 
0.2671301 0.002587447 0.3224196 0.4078629 
0.3585612 0.01190484 0.2367511 0.3927828 
0.2386743 0.002771039 0.4064378 0.3521168 
0.3425791 0.02461962 0.2973528 0.3354484 
0.2530667 0.02114036 0.2110141 0.5147788 
0.2689177 0.00740652 0.3229721 0.4007037 
0.3017226 0.01328673 0.2893124 0.3956783 
0.2740155 0.04074866 0.2892236 0.3960122 
0.3039042 0.02156611 0.2752342 0.3992955 
0.3826563 0.002035233 0.1778703 0.4374382 
0.3208366 0.004630921 0.3344985 0.3400339 
0.3035329 0.003050288 0.3408186 0.3525982 
0.3723495 0.01087454 0.2151549 0.4016211 
0.3060218 0.01181586 0.2904794 0.391683 
0.3112659 0.03638589 0.2730926 0.3792557 
0.2891958 0.02208358 0.213775 0.4749456 
0.288895 0.05679243 0.2323053 0.4220073 
0.2807578 0.06380732 0.2408208 0.4146141 
0.2560787 0.01417691 0.2904353 0.4393091 
0.2320473 0.03050442 0.3181593 0.419289 
0.2598922 0.02453367 0.2817216 0.4338525 
0.287229 0.002971683 0.3094171 0.4003822 
0.327001 0.007156294 0.2038255 0.4620172 
0.2889621 0.007118047 0.2865117 0.4174081 
0.2549427 0.03132881 0.2843444 0.4293841 
0.2495664 0.03422038 0.2809592 0.4352541 
0.3779697 0.0005422823 0.2716817 0.3498064 
0.3280353 0.02317166 0.2775791 0.3712139 
0.2759553 0.002971583 0.3132269 0.4078462 
0.2741768 0.01153779 0.287372 0.4269134 
0.2294012 0.008473777 0.3787453 0.3833797 
0.2652356 0.003833712 0.1898871 0.5410436 
0.3286376 0.01518415 0.2589246 0.3972536 
0.2330502 0.0169897 0.2445659 0.5053943 
0.3087239 0.008413611 0.3116726 0.3711899 
0.373298 0.03633648 0.2206042 0.3697613 
0.3511992 0.03966641 0.2580611 0.3510733 
0.2849206 0.00755403 0.3163467 0.3911787 
0.298151 0.007836798 0.3201559 0.3738563 
0.3293699 0.0009582209 0.2924818 0.3771901 
0.286818 0.007382189 0.2804836 0.4253162 
0.2937225 0.0008888375 0.2513093 0.4540793 
0.3471324 0.01361617 0.2202654 0.418986 
0.2413795 0.01360516 0.2734728 0.4715425 
0.2510478 0.01945464 0.2617483 0.4677492 
0.2702914 0.01424635 0.2461745 0.4692877 
0.2952329 0.01235267 0.2524843 0.4399302 
0.2598542 0.001058807 0.2965001 0.4425869 
0.3224889 0.04233584 0.259915 0.3752603 
0.3534059 0.001380409 0.2230726 0.4221411 
0.2178067 0.03078194 0.3191577 0.4322536 
0.3496937 0.01099286 0.3417746 0.2975388 
0.3046928 0.05880964 0.2512275 0.3852701 
0.3270269 0.01632207 0.2515158 0.4051352 
0.2964666 0.01411506 0.2165856 0.4728328 
0.2862494 0.06134507 0.2379026 0.4145029 
0.2836696 0.002171259 0.298459 0.4157002 
0.2200366 0.01911264 0.3272167 0.433634 
0.336254 0.01957249 0.276005 0.3681686 
0.2674346 0.02807547 0.2559091 0.4485808 
0.289343 0.01666546 0.2545941 0.4393975 
0.3017346 0.008586418 0.3124672 0.3772117 
0.276625 0.002273847 0.292143 0.4289581 
0.3147136 0.04150315 0.2823799 0.3614033 
0.3360903 0.01712891 0.2824367 0.364344 
0.3344355 0.001198146 0.2633189 0.4010474 
0.3122818 0.004750188 0.2883378 0.3946302 
0.1870359 0.004127722 0.3568216 0.4520148 
0.3316471 0.002233727 0.2450106 0.4211086 
0.3451593 0.001761651 0.3345782 0.3185008 
0.3701392 0.004159872 0.2496335 0.3760674 
0.232473 0.01680436 0.3330579 0.4176647 
0.3111038 0.009581924 0.3345701 0.3447442 
0.3476803 0.002803025 0.3029643 0.3465524 
0.3710822 0.01631585 0.2687534 0.3438485 
0.2868772 0.02349255 0.2914288 0.3982015 
0.3340742 0.01332759 0.2321416 0.4204566 
0.2720538 0.007902824 0.2676586 0.4523847 
0.3228789 0.0265 0.2748265 0.3757945 
0.2891432 0.005011237 0.3453351 0.3605105 
0.2974653 0.01040007 0.3184708 0.3736639 
0.2406771 0.002617218 0.2493344 0.5073712 
0.2998241 0.0006113991 0.3124653 0.3870992 
0.2474534 0.02638915 0.2883257 0.4378317 
0.3322548 0.006585291 0.2752361 0.3859239 
0.2639767 0.005723479 0.3107441 0.4195558 
0.2811179 0.005938368 0.3264411 0.3865026 
0.2713717 0.01591832 0.2436895 0.4690205 
0.268453 0.01281923 0.3878973 0.3308305 
0.3189388 0.0407042 0.240107 0.40025 
0.2931159 0.01098388 0.3146355 0.3812648 
0.3615888 0.02649041 0.2459399 0.3659809 
0.3309946 0.001204599 0.3221079 0.345693 
0.3032703 0.00997702 0.3104931 0.3762596 
0.2891253 0.01575615 0.2606426 0.434476 
0.2827201 0.01025209 0.3377427 0.3692851 
0.2730083 0.04092341 0.2911239 0.3949443 
0.3794952 0.01942773 0.2506852 0.3503918 
0.3488694 0.003247204 0.3143184 0.333565 
0.272525 0.002817883 0.3469443 0.3777128 
0.3684373 0.004675917 0.2258016 0.4010852 
0.337739 0.005928276 0.2721643 0.3841684 
0.2668159 0.01856876 0.2631971 0.4514182 
0.3982163 0.004798298 0.2279879 0.3689975 
0.3367576 0.02405895 0.3012486 0.3379349 
0.3540818 0.02761363 0.2647065 0.3535981 
0.3725105 0.01056905 0.2471128 0.3698076 
0.3260067 0.004205825 0.2796791 0.3901084 
0.2604786 0.02495983 0.3278994 0.3866622 
0.3145498 0.0002288144 0.2331947 0.4520266 
0.2750739 0.0006092186 0.3413279 0.382989 
0.2754292 0.02300365 0.2622918 0.4392753 
0.3422524 0.01276775 0.2867874 0.3581924 
0.3020668 0.004982223 0.2879397 0.4050113 
0.3502222 0.04152695 0.2360388 0.372212 
0.3226685 0.01369525 0.282038 0.3815982 
0.24285 0.002857996 0.3151029 0.4391891 
0.2353017 0.01292324 0.3336828 0.4180923 
0.2594893 0.005178859 0.269247 0.4660848 
0.3183245 0.01520068 0.2980984 0.3683764 
0.270024 0.008465718 0.1857202 0.53579 
0.2969933 0.004260368 0.2820759 0.4166704 
0.3029847 0.02273142 0.290647 0.3836369 
0.3526321 0.01353984 0.2406055 0.3932226 
0.3157667 0.003743162 0.3212627 0.3592274 
0.2574679 0.06835286 0.2900765 0.3841027 
0.398749 0.003038522 0.2056946 0.3925178 
0.333035 0.01724367 0.2962687 0.3534526 
0.2294343 0.008804349 0.2749948 0.4867665 
0.336113 0.01722903 0.316673 0.329985 
0.2438796 0.01404139 0.3260036 0.4160755 
0.2481833 0.03336972 0.3554667 0.3629803 
0.3407779 0.006250979 0.2584196 0.3945515 
0.2767751 0.01360395 0.3428083 0.3668127 
0.2508988 0.00679821 0.2923847 0.4499183 
0.3907651 0.007096415 0.2224895 0.379649 
0.3888638 0.01342239 0.3119635 0.2857503 
0.4122157 0.01148399 0.2079426 0.3683578 
0.2576033 0.04020063 0.3459278 0.3562682 
0.2515434 0.02959156 0.297615 0.42125 
0.3050525 0.02278763 0.2436336 0.4285262 
0.2784066 0.02447685 0.3004376 0.396679 
0.3390408 0.01953767 0.2107903 0.4306312 
0.240062 0.02905187 0.2975571 0.4333291 
0.4055228 0.01505063 0.2667975 0.3126291 
0.2982271 0.0249713 0.2523977 0.4244039 
0.3407548 1.963949e-05 0.2563527 0.4028728 
0.3195927 0.01746071 0.2707091 0.3922374 
0.3162225 0.002983187 0.3056155 0.3751788 
0.2607136 6.105281e-05 0.3915371 0.3476882 
0.296367 0.004729812 0.2949792 0.403924 
0.357601 0.02316769 0.2478167 0.3714146 
0.3048627 0.0008568598 0.2864766 0.4078039 
0.289589 0.0151432 0.3028295 0.3924384 
0.2339948 0.03997588 0.3263356 0.3996937 
0.4006839 0.023206 0.2411947 0.3349153 
0.3547122 0.01838445 0.2625219 0.3643815 
0.2974573 0.01544495 0.2839737 0.403124 
0.4095951 0.01569437 0.1967153 0.3779953 
0.3724621 0.007862126 0.2280609 0.3916149 
0.3842339 0.008138991 0.260718 0.3469091 
0.2781843 0.003056233 0.2805514 0.438208 
0.3224306 0.02871797 0.26514 0.3837115 
0.3886067 0.009731625 0.2508169 0.3508447 
0.3065448 0.02843079 0.2891686 0.3758559 
0.3142712 0.0003159356 0.2833138 0.4020991 
0.3584598 0.02309458 0.2236122 0.3948335 
0.3115283 0.01561803 0.2244787 0.448375 
0.2637265 0.01258582 0.2239165 0.4997711 
0.3473107 0.005975115 0.2674945 0.3792196 
0.3180807 0.0006049633 0.273301 0.4080133 
0.2469465 0.00188905 0.3629226 0.3882418 
0.2259365 0.01776919 0.2756329 0.4806615 
0.3342616 0.003692466 0.2535933 0.4084527 
0.2986055 0.01384548 0.2411051 0.4464439 
0.3352586 0.004838871 0.2435616 0.4163409 
0.2931224 0.004107808 0.2206276 0.4821421 
0.3035295 0.0001002756 0.2699028 0.4264674 
0.3218017 0.02342193 0.2695005 0.3852759 
0.3133809 0.0002894972 0.2937323 0.3925973 
0.3422792 0.02573574 0.2559473 0.3760378 
0.3218372 0.02832676 0.2817587 0.3680773 
0.2379553 0.0225066 0.3184682 0.4210699 
0.2832885 0.006950686 0.326614 0.3831468 
0.3369557 0.007886078 0.3243286 0.3308296 
0.3113506 0.03290233 0.2377205 0.4180266 
0.3232676 0.005888462 0.2373973 0.4334467 
0.1787801 0.05579825 0.2373265 0.5280952 
0.2133799 0.01532421 0.3876657 0.3836302 
0.3162112 0.01981504 0.2749845 0.3889893 
0.2725747 0.005936734 0.3444111 0.3770775 
0.3012233 0.01953328 0.3678745 0.3113689 
0.2467302 0.007192021 0.3523223 0.3937555 
0.2892983 0.0334652 0.2837539 0.3934826 
0.3236697 0.001335505 0.2614817 0.4135131 
0.2781019 0.001241326 0.3542181 0.3664387 
0.3052859 0.02097229 0.2914906 0.3822513 
0.26788 0.01556808 0.3306959 0.385856 
0.2833455 0.02818925 0.2782578 0.4102075 
0.3481729 0.005183222 0.2319493 0.4146946 
0.3225816 0.004815468 0.2227861 0.4498169 
0.3483105 0.01429992 0.3002122 0.3371774 
0.3407938 0.0101225 0.2304613 0.4186223 
0.3405442 0.02409728 0.315628 0.3197305 
0.2200166 0.007510825 0.3293111 0.4431615 
0.4071005 0.01124893 0.242098 0.3395526 
0.3675109 0.004075648 0.270563 0.3578505 
0.359977 0.007529232 0.2579184 0.3745754 
0.3392409 0.03970187 0.2339434 0.3871138 
0.2764943 0.01855447 0.3454382 0.359513 
0.320555 0.0211061 0.2922601 0.3660788 
0.3089286 0.00341462 0.2110735 0.4765833 
0.2888373 0.01430216 0.2955252 0.4013354 
0.30876 0.01089986 0.2593496 0.4209906 
0.2507249 0.01154832 0.2417828 0.4959439 
0.3405172 0.002115753 0.2692419 0.3881252 
0.2788082 0.02128097 0.2258603 0.4740505 
0.230121 0.02686563 0.3496537 0.3933597 
0.4028104 0.01362186 0.3107238 0.2728439 
0.2976715 0.01258767 0.3398463 0.3498945 
0.3102236 0.0003436586 0.3079682 0.3814645 
0.3432946 0.009457612 0.2496438 0.397604 
0.2990096 0.01140665 0.2810995 0.4084842 
0.3090182 0.006511608 0.2882928 0.3961774 
0.4028576 0.02087773 0.2129524 0.3633122 
0.2977565 0.01004548 0.2726636 0.4195345 
0.2769828 0.0002668424 0.2719426 0.4508077 
0.3032659 0.03870246 0.2344712 0.4235604 
0.2789881 0.006326399 0.3338673 0.3808182 
0.3015478 0.01944911 0.3066242 0.372379 
0.2778786 0.01150464 0.3585709 0.3520459 
0.3696285 0.003871284 0.2920617 0.3344385 
0.3080075 0.003700283 0.2548344 0.4334578 
0.2136025 0.005595045 0.2112442 0.5695582 
0.2554832 0.001476576 0.347352 0.3956882 
0.2736425 0.03482856 0.2607296 0.4307993 
0.2800484 0.0005600925 0.3592191 0.3601724 
0.3247741 0.0008989663 0.3095947 0.3647322 
0.3691086 0.005575469 0.2814126 0.3439033 
0.3314005 0.005023413 0.28021 0.3833661 
0.2935015 0.05494288 0.2745507 0.3770049 
0.361569 0.0235768 0.2638543 0.3509999 
0.3446582 0.01451099 0.2285523 0.4122785 
0.3510905 0.001687708 0.3152367 0.3319851 
0.3567574 0.007200129 0.1966093 0.4394332 
0.3443589 0.01618124 0.2625391 0.3769208 
0.3713689 0.03351471 0.3499669 0.2451495 
0.338992 0.004564366 0.3144256 0.3420181 
0.3239092 0.001933572 0.2411475 0.4330097 
0.3357954 0.02247414 0.3059839 0.3357465 
0.2758138 0.02630557 0.2834923 0.4143883 
0.3429412 0.01518056 0.1821439 0.4597343 
0.4343422 0.02576346 0.1804229 0.3594715 
0.3800652 0.002017389 0.1837334 0.434184 
0.3424096 0.002508975 0.2868736 0.3682079 
0.3465618 0.006379752 0.2893064 0.3577521 
0.2347474 0.01717842 0.2944771 0.4535972 
0.2873277 0.02328544 0.2770787 0.4123082 
0.3390393 0.001844604 0.3076479 0.3514682 
0.2509495 0.03852153 0.266203 0.4443259 
0.1728015 0.00557496 0.2838002 0.5378233 
0.3723703 0.01251605 0.2322397 0.382874 
0.3378625 0.02779865 0.2185482 0.4157907 
0.336484 0.0004800058 0.1872952 0.4757407 
0.2766512 0.05722762 0.2544493 0.4116719 
0.25241 0.006704229 0.3477037 0.3931821 
0.311402 0.004277194 0.2679653 0.4163555 
0.3026076 0.0190524 0.2096051 0.4687349 
0.3455761 0.001100902 0.3488333 0.3044897 
0.3727461 0.006460927 0.2355698 0.3852232 
0.2372984 0.01198699 0.279109 0.4716056 
0.2644872 0.02783504 0.3041637 0.4035141 
0.2522825 0.01267097 0.2968944 0.4381522 
0.3847755 0.01599367 0.2389285 0.3603024 
0.3136589 0.003158457 0.2302927 0.4528899 
0.2561168 0.01405938 0.2813724 0.4484514 
0.3175386 0.0001692623 0.2076339 0.4746582 
0.2967668 0.004797688 0.3216191 0.3768164 
0.2711883 0.01878277 0.2507121 0.4593168 
0.3772377 0.0001202612 0.3168535 0.3057885 
0.2426789 0.02519825 0.2654888 0.466634 
0.2563323 0.04479455 0.3761732 0.3226999 
0.3464383 0.006871156 0.3128175 0.3338731 
0.2910845 0.002669206 0.2424401 0.4638062 
0.3973743 0.02899716 0.236958 0.3366706 
0.2548931 0.01189692 0.2670872 0.4661228 
0.2939271 0.009858007 0.3017674 0.3944475 
0.3024137 0.0348606 0.2438473 0.4188784 
0.3246066 0.02589788 0.2522672 0.3972283 
0.3090053 0.01358263 0.240809 0.436603 
0.1859555 0.05240916 0.3568539 0.4047814 
0.2898947 0.01199194 0.2224771 0.4756363 
0.344481 0.03742097 0.258832 0.359266 
0.3386663 0.004341021 0.2603386 0.396654 
0.2889003 0.005155508 0.2363636 0.4695806 
0.3116212 0.004534707 0.3043202 0.379524 
0.264462 0.002918388 0.2952355 0.4373841 
0.3518496 0.02476237 0.1942037 0.4291844 
0.3044998 0.02305444 0.29274 0.3797058 
0.363824 0.003298919 0.263066 0.369811 
0.3397458 0.003068385 0.3024878 0.354698 
0.3046736 0.02757798 0.3515608 0.3161876 
0.2670572 0.00416728 0.2856195 0.4431561 
0.3251965 0.01897238 0.310729 0.3451021 
0.2970881 0.000531814 0.3488952 0.3534849 
0.3562926 0.01723631 0.2107572 0.4157139 
0.3027917 0.002162934 0.2932404 0.401805 
0.3321819 0.00419198 0.2628451 0.400781 
0.3198101 0.01563892 0.2660003 0.3985507 
0.3908972 0.001631121 0.2666107 0.340861 
0.3713204 0.0002879166 0.2579578 0.3704339 
0.2961324 0.004356364 0.1952772 0.504234 
0.2807275 0.001196705 0.3527602 0.3653155 
0.2608968 0.025294 0.2581374 0.4556718 
0.3021366 0.001156547 0.3119865 0.3847203 
0.289466 0.01121271 0.2614244 0.4378969 
0.3001051 0.007414871 0.2902393 0.4022407 
0.3095741 0.006697092 0.2693143 0.4144145 
0.2657122 0.04938016 0.2947083 0.3901993 
0.3381254 0.007286144 0.2575565 0.3970319 
0.2767826 0.01553289 0.3917597 0.3159248 
0.3261811 0.00699862 0.2807659 0.3860544 
0.2420721 0.06094406 0.2684238 0.4285601 
0.364856 0.02389449 0.3120259 0.2992237 
0.4040315 0.00198318 0.2296295 0.3643558 
0.2938435 0.02150253 0.268236 0.4164179 
0.3289296 0.004384791 0.2579683 0.4087174 
0.3422954 0.01126566 0.2164271 0.4300119 
0.3894726 0.07023111 0.2261446 0.3141517 
0.3196909 0.02284181 0.2656344 0.3918329 
0.2872947 0.02149662 0.2822567 0.4089519 
0.3044588 0.03658425 0.2176431 0.4413138 
0.3325152 0.04477794 0.2340167 0.3886901 
0.2737407 0.01455693 0.22455 0.4871524 
0.3069375 0.01501937 0.2468573 0.4311858 
0.3286166 0.02275359 0.3020068 0.346623 
0.3178285 0.01280722 0.229841 0.4395233 
0.3500329 0.01005646 0.2822286 0.3576821 
0.2661405 0.0047733 0.2559972 0.473089 
0.3039705 0.01579221 0.2927322 0.3875051 
0.2493521 0.01580531 0.3501907 0.3846519 
0.2777012 0.008008296 0.3086459 0.4056446 
0.3723901 4.141425e-05 0.2498072 0.3777613 
0.2906769 0.01780077 0.345161 0.3463613 
0.3037377 0.01348929 0.2906087 0.3921643 
0.2859679 0.007157661 0.3033106 0.4035639 
0.3960525 0.002455488 0.2464969 0.3549951 
0.2722347 0.01455815 0.3599749 0.3532323 
0.2771799 0.00528556 0.3339072 0.3836274 
0.3341801 0.02396645 0.2735188 0.3683347 
0.3108604 0.001387354 0.3571496 0.3306027 
0.3015684 0.04138758 0.3282971 0.328747 
0.3333276 0.02494433 0.2265281 0.4152 
0.308273 0.02034072 0.253195 0.4181912 
0.3163506 0.004485143 0.2531646 0.4259997 
0.3012073 0.0101486 0.3437114 0.3449327 
0.2224864 0.01691295 0.3081588 0.4524419 
0.3620007 0.01623103 0.2120429 0.4097254 
0.2878478 0.01596111 0.2551795 0.4410116 
0.2902444 0.005750375 0.2905703 0.4134349 
0.3080924 0.04036119 0.2019043 0.4496421 
0.3090655 0.005367304 0.2818175 0.4037497 
0.3018955 0.01206645 0.3162852 0.3697529 
0.3165233 0.001069303 0.2783001 0.4041073 
0.3210193 0.02996583 0.3161699 0.332845 
0.3006574 0.001808027 0.3253947 0.3721398 
0.2237671 0.002912265 0.291727 0.4815936 
0.3444489 0.0464067 0.2697625 0.3393819 
0.2656982 0.004134305 0.2979858 0.4321817 
0.3425489 0.005731136 0.2254714 0.4262486 
0.2992508 0.01050111 0.3414005 0.3488476 
0.2995934 0.02961431 0.2346335 0.4361588 
0.339705 0.01279725 0.2062874 0.4412104 
0.2785848 0.01399712 0.2122745 0.4951436 
0.2951514 0.003335632 0.3118615 0.3896515 
0.305895 0.04724688 0.2981979 0.3486603 
0.302084 0.01112199 0.2972349 0.3895591 
0.2605116 0.006844313 0.3096217 0.4230224 
0.3528149 0.003440311 0.2702499 0.3734949 
0.2782767 0.03469842 0.2814688 0.4055561 
0.2751342 0.0113631 0.2777764 0.4357263 
0.2477927 0.01311299 0.3127096 0.4263847 
0.3190677 0.01299325 0.2258508 0.4420882 
0.2648819 0.02687223 0.2652623 0.4429836 
0.3006596 0.007535636 0.2061002 0.4857046 
0.2582553 0.05023859 0.2603355 0.4311706 
0.3232194 0.005776164 0.2492163 0.4217881 
0.3022982 0.007253756 0.274468 0.41598 
0.3330718 0.02152266 0.2724305 0.3729751 
0.2660376 0.01877281 0.3318838 0.3833057 
0.302998 0.002532056 0.1959851 0.4984849 
0.3181884 0.01014989 0.2304964 0.4411654 
0.2763673 0.005826131 0.2623172 0.4554893 
0.2659777 0.008047263 0.2729683 0.4530068 
0.3026526 0.001848865 0.3483013 0.3471973 
0.3276734 0.001159915 0.2632346 0.4079321 
0.3013842 0.04076987 0.3211444 0.3367015 
0.3248995 0.01725594 0.2031743 0.4546703 
0.2400616 0.005506424 0.2807362 0.4736957 
0.3127208 0.01054668 0.2485215 0.428211 
0.3159826 0.0003856153 0.3080167 0.3756151 
0.3012997 0.00633042 0.2353053 0.4570645 
0.3072344 0.02552512 0.3068242 0.3604163 
0.2759675 0.03056627 0.2805472 0.4129191 
0.320112 0.00743047 0.2380285 0.4344291 
0.2615461 0.002507368 0.2604714 0.4754751 
0.2739067 0.01111287 0.2319934 0.482987 
0.3227369 0.006767522 0.3141851 0.3563104 
0.3065621 0.02015104 0.299234 0.3740528 
0.328339 0.004172738 0.2322138 0.4352745 
0.3602513 0.009930112 0.259533 0.3702856 
0.3205152 0.01450679 0.1730139 0.4919641 
0.3717134 0.002275735 0.2869012 0.3391096 
0.3372886 0.02247588 0.3421038 0.2981318 
0.3224438 0.01808774 0.2770113 0.3824571 
0.2581021 0.009928319 0.2214873 0.5104823 
0.2699137 0.0265656 0.2925683 0.4109524 
0.3234107 0.01442124 0.270671 0.391497 
0.3559439 0.004055554 0.227501 0.4124995 
0.3001618 0.03828948 0.3293823 0.3321664 
0.3436825 0.008541871 0.2556551 0.3921204 
0.2471679 0.08471566 0.371085 0.2970314 
0.3238833 0.002275988 0.2820224 0.3918184 
0.2566635 0.001721366 0.3330363 0.4085788 
0.2684705 0.038487 0.2495087 0.4435338 
0.2393998 0.03140269 0.2775185 0.451679 
0.2580073 0.008689416 0.3100266 0.4232767 
0.3437724 0.04844181 0.1961619 0.4116239 
0.3188097 0.02821166 0.2302718 0.4227068 
0.3503951 0.01577071 0.2470652 0.386769 
0.330083 0.001476399 0.2185931 0.4498475 
0.4145907 0.0001835039 0.3088638 0.276362 
0.3202117 0.01370627 0.2825992 0.3834829 
0.3713145 0.01975373 0.318148 0.2907837 
0.2652479 0.007376376 0.3299704 0.3974053 
0.2508586 0.004120262 0.2855252 0.4594959 
0.3260208 0.03966916 0.2435454 0.3907646 
0.3064018 0.05244522 0.2584556 0.3826974 
0.2464113 0.006626271 0.3045635 0.442399 
0.3531295 0.004259166 0.2854638 0.3571475 
0.3225442 0.03604266 0.261765 0.3796481 
0.2282367 0.04654519 0.3813656 0.3438525 
0.3053796 0.0008410272 0.2484066 0.4453728 
0.3641772 0.008249889 0.2760654 0.3515074 
0.2761031 0.02418982 0.3129845 0.3867227 
0.3615545 0.009936384 0.2498495 0.3786596 
0.305178 0.01886292 0.2610103 0.4149488 
0.2831042 0.003250454 0.3049142 0.4087311 
0.2703268 0.004763345 0.2477846 0.4771253 
0.2690001 0.0270472 0.316727 0.3872257 
0.2821849 0.04734181 0.2837533 0.3867199 
0.2930333 0.005493355 0.3147531 0.3867202 
0.3050973 0.005181103 0.2593949 0.4303266 
0.2438465 0.004973348 0.2572137 0.4939664 
0.2943536 0.005553584 0.3193958 0.380697 
0.3078207 0.01534747 0.2787937 0.3980381 
0.299235 0.03571563 0.3008724 0.3641769 
0.2223578 0.03746115 0.2973422 0.4428388 
0.422208 0.01198912 0.2029587 0.3628442 
0.3100482 0.001895013 0.299021 0.3890358 
0.3888747 0.00440718 0.2883789 0.3183392 
0.2641682 0.1018877 0.2580612 0.375883 
0.2335444 0.01059178 0.418549 0.3373148 
0.2849161 0.0155747 0.2466276 0.4528816 
0.3128457 0.05351861 0.194476 0.4391597 
0.3297555 0.006535165 0.355966 0.3077433 
0.3106378 0.000669403 0.2548452 0.4338476 
0.2519286 0.0134966 0.3187353 0.4158396 
0.323884 9.40408e-06 0.3852256 0.290881 
0.2718796 0.0178481 0.3149646 0.3953076 
0.2846057 0.01130972 0.4004511 0.3036335 
0.3284064 0.005596088 0.2717709 0.3942266 
0.2557667 0.0002219806 0.3467704 0.3972408 
0.3162597 0.001672404 0.2687241 0.4133438 
0.3662704 0.02818062 0.2180175 0.3875314 
0.3026 0.006458921 0.3409588 0.3499823 
0.2889078 0.002427619 0.2715596 0.437105 
0.3430742 0.01427587 0.1898997 0.4527502 
0.258442 0.003308105 0.302569 0.4356809 
0.2817195 0.01078089 0.2563817 0.4511179 
0.2484962 0.0177453 0.2162721 0.5174864 
0.2927798 0.005073108 0.2669397 0.4352074 
0.3513911 0.01326669 0.2540583 0.381284 
0.3173451 0.00985131 0.2598859 0.4129177 
0.3004738 0.02818889 0.3126233 0.358714 
0.2972008 0.008955213 0.3655714 0.3282726 
0.3248644 0.0148458 0.3199904 0.3402993 
0.3527084 0.01634144 0.2801954 0.3507548 
0.2241269 0.02011127 0.326615 0.4291469 
0.2442191 0.04603967 0.2987494 0.4109919 
0.29778 0.01090457 0.2890339 0.4022815 
0.286785 0.0005895931 0.2820269 0.4305985 
0.3040246 0.01811691 0.256179 0.4216795 
0.3340648 0.000346859 0.3162472 0.3493412 
0.1726436 0.003407171 0.2782873 0.5456619 
0.3443608 0.07886342 0.2304632 0.3463126 
0.3333861 0.006536621 0.2977632 0.3623141 
0.304922 0.01433613 0.3124394 0.3683024 
0.2565312 0.04339755 0.2955592 0.4045121 
0.363534 0.0003309135 0.222155 0.4139802 
0.2855666 0.002385049 0.2754527 0.4365956 
0.2810526 0.007799272 0.3622893 0.3488589 
0.2945134 0.01588166 0.2521123 0.4374926 
0.3277369 0.02056193 0.2697712 0.38193 
0.342363 0.004435519 0.3480016 0.3051999 
0.3257013 0.00561998 0.3035424 0.3651364 
0.283608 0.05939116 0.2708073 0.3861935 
0.286413 0.008813389 0.309315 0.3954585 
0.3437635 0.03858795 0.2143232 0.4033253 
0.3259673 0.01170873 0.2243341 0.4379899 
0.2778747 0.002473795 0.2394454 0.480206 
0.3234403 0.02397342 0.3015473 0.351039 
0.285812 0.02217856 0.2833769 0.4086326 
0.3653635 0.01996313 0.2666248 0.3480485 
0.2652171 0.0001469685 0.2918642 0.4427716 
0.2308194 0.01956087 0.2784843 0.4711354 
0.2959098 0.002264538 0.2180704 0.4837552 
0.2528297 0.008355006 0.3387828 0.4000325 
0.314827 0.001151343 0.2849974 0.3990243 
0.3322762 0.02457336 0.2172009 0.4259495 
0.3767478 0.00180755 0.3000663 0.3213783 
0.3114602 0.002352289 0.3398636 0.3463239 
0.2753946 0.03133473 0.3535378 0.3397329 
0.3045178 0.008609645 0.3049403 0.3819322 
0.2865376 0.006590588 0.2507883 0.4560835 
0.280807 0.001462475 0.3564848 0.3612457 
0.3248364 0.01564307 0.3244245 0.335096 
0.2841222 0.007429477 0.2942817 0.4141666 
0.2816377 0.002203345 0.2852414 0.4309175 
0.2902033 0.038322 0.2895843 0.3818904 
0.3575354 0.01978292 0.2582273 0.3644544 
0.2413265 0.04813248 0.2730143 0.4375267 
0.3847774 0.01631442 0.30412 0.2947881 
0.3591309 0.001189111 0.1847512 0.4549288 
0.3071475 0.0330747 0.2356551 0.4241227 
0.2745325 0.03196731 0.2772503 0.4162499 
0.3027072 0.01854429 0.3252858 0.3534627 
0.3518109 0.04373557 0.2601411 0.3443125 
0.2948533 0.02333322 0.2645065 0.417307 
0.2542984 0.0006287797 0.3232748 0.4217981 
0.321357 0.01103662 0.2856073 0.3819991 
0.3144996 0.002781102 0.2275798 0.4551395 
0.3191883 0.00806497 0.266394 0.4063527 
0.3099433 0.01863002 0.3627557 0.3086709 
0.2558177 0.03100749 0.2950446 0.4181302 
0.2225802 0.01198911 0.3159612 0.4494695 
0.2468815 0.02468682 0.3099689 0.4184628 
0.3577667 0.0005603353 0.3511018 0.2905711 
0.2627644 0.00937828 0.2523872 0.4754701 
0.2182534 0.008866302 0.2748314 0.4980489 
0.2854327 0.01558827 0.3642215 0.3347576 
0.3485358 0.01810276 0.267378 0.3659834 
0.3351875 0.00537403 0.2849607 0.3744777 
0.3003715 0.03094982 0.2546025 0.4140761 
0.2693759 0.003809344 0.303346 0.4234688 
0.2544755 0.07290241 0.2604014 0.4122207 
0.3799752 0.003181022 0.2392122 0.3776316 
0.2495307 0.01818548 0.3454524 0.3868315 
0.2585876 0.002637071 0.2763532 0.4624221 
0.2716296 0.004776013 0.265003 0.4585914 
0.3129951 0.02280199 0.252829 0.411374 
0.3333565 0.03139309 0.2927604 0.34249 
0.3150538 0.00529106 0.3012649 0.3783902 
0.3244974 0.002197093 0.2553964 0.4179091 
0.319698 0.03548209 0.2411336 0.4036863 
0.2513091 0.0008694743 0.2966461 0.4511753 
0.3423849 0.002494312 0.2249274 0.4301934 
0.3050898 0.006879287 0.2759587 0.4120722 
0.266606 0.0223572 0.3386811 0.3723557 
0.2504528 0.008962418 0.2849519 0.4556329 
0.3031245 0.01876515 0.3216235 0.3564868 
0.4275928 0.006233314 0.218452 0.3477219 
0.2958603 0.03074052 0.3117825 0.3616167 
0.2513292 0.06772524 0.2551231 0.4258225 
0.3058211 0.02454324 0.281129 0.3885067 
0.3996063 0.00809009 0.2559427 0.3363608 
0.3031886 0.01589407 0.3136254 0.3672919 
0.2188124 0.02529825 0.2811024 0.4747869 
0.2997946 0.02757927 0.2702238 0.4024023 
0.2690465 0.01503089 0.311119 0.4048036 
0.3084249 0.003286909 0.2799814 0.4083069 
0.3258541 0.005945125 0.1942561 0.4739447 
0.3747315 0.001456906 0.2651346 0.358677 
0.3170991 0.01238193 0.2618801 0.4086389 
0.2601475 0.01185439 0.1972319 0.5307662 
0.2279789 0.003884159 0.2933144 0.4748226 
0.3104849 0.006818284 0.2857885 0.3969084 
0.2945442 0.01162507 0.2346854 0.4591453 
0.2354419 0.004094856 0.3765476 0.3839157 
0.2900536 0.01136833 0.3059047 0.3926734 
0.2996254 0.03073352 0.2557909 0.4138502 
0.3850557 0.06580498 0.2661092 0.2830301 
0.1606206 0.00808392 0.2639753 0.5673202 
0.3721161 0.003421606 0.2475859 0.3768765 
0.3568351 0.02542749 0.2090634 0.408674 
0.393288 0.01512809 0.2235791 0.3680048 
0.301349 0.0189221 0.3529908 0.3267381 
0.2436254 0.001541646 0.3260939 0.428739 
0.3323886 0.02085115 0.2933599 0.3534004 
0.2911589 0.0494188 0.2660349 0.3933874 
0.3442094 0.01332347 0.1720168 0.4704503 
0.2670697 0.04936538 0.221039 0.4625259 
0.2805479 0.03628416 0.3265043 0.3566636 
0.3263692 0.009992691 0.2748241 0.388814 
0.3154843 0.01517465 0.2671763 0.4021648 
0.2621462 0.06235183 0.3526885 0.3228134 
0.3166513 0.004707753 0.3491469 0.3294941 
0.2835106 0.002679685 0.3082173 0.4055925 
0.2584932 0.008300588 0.2444156 0.4887906 
0.2693797 0.0006611667 0.3674406 0.3625186 
0.2545289 0.004894547 0.2881253 0.4524512 
0.2356545 0.01366023 0.2957658 0.4549195 
0.298971 0.01719572 0.2929616 0.3908717 
0.3232835 0.0230726 0.3009039 0.35274 
0.3310335 0.009451276 0.30607 0.3534452 
0.3594687 0.002956625 0.2452312 0.3923435 
0.2817125 0.03857476 0.237914 0.4417988 
0.2532163 0.01586815 0.2699473 0.4609682 
0.2126539 0.05397969 0.3706703 0.3626961 
0.2819927 0.0004371634 0.3721926 0.3453775 
0.3395139 0.007656768 0.2992149 0.3536144 
0.3485456 0.005777824 0.2493413 0.3963353 
0.2874455 0.02082633 0.2609603 0.4307679 
0.2959717 0.0005852632 0.2392878 0.4641552 
0.2266829 0.0007980452 0.2607076 0.5118114 
0.3416596 0.04967231 0.206148 0.4025201 
0.2448312 0.0255747 0.2398724 0.4897217 
0.3288191 0.02514786 0.3273872 0.3186458 
0.315672 0.01558216 0.2435323 0.4252135 
0.3194011 0.003476179 0.3006383 0.3764844 
0.3666085 0.003087471 0.2792114 0.3510926 
0.3716959 0.002177417 0.2011573 0.4249694 
0.3144211 0.001515435 0.3063426 0.3777209 
0.2762406 0.008447626 0.2781638 0.437148 
0.2383941 0.04553386 0.2940097 0.4220623 
0.2903234 0.02895335 0.2559535 0.4247697 
0.2965098 0.03052996 0.2176484 0.4553118 
0.2776075 0.01589498 0.3028939 0.4036037 
0.3343341 0.004553975 0.3183812 0.3427308 
0.3189203 0.04594667 0.3127718 0.3223612 
0.2584193 0.003815571 0.2988052 0.4389599 
0.3207545 0.02551346 0.3085194 0.3452126 
0.3166832 0.01410512 0.174125 0.4950867 
0.4014465 0.006495956 0.2031045 0.388953 
0.28195 0.006424268 0.3271005 0.3845252 
0.3564448 0.001085214 0.3185582 0.3239118 
0.3294358 0.0006923159 0.2386218 0.4312501 
0.2741372 0.01999002 0.3075897 0.3982831 
0.3847034 0.01878737 0.2802821 0.3162272 
0.2610973 0.07153613 0.3320952 0.3352713 
0.2987981 0.0006618569 0.2413999 0.4591402 
0.3035499 0.01435363 0.2647495 0.4173471 
0.2761977 0.01257668 0.2391226 0.472103 
0.2935253 0.009045185 0.2584718 0.4389577 
0.280281 0.008757712 0.2812653 0.429696 
0.350036 0.005683962 0.2945008 0.3497792 
0.2731855 0.007670982 0.2897088 0.4294348 
0.3476564 0.03158889 0.2942278 0.3265268 
0.3960585 0.03011689 0.2595599 0.3142647 
0.2343252 0.007866154 0.3048304 0.4529782 
0.2992873 0.08102341 0.2241068 0.3955825 
0.3320144 0.04295415 0.2936139 0.3314176 
0.2903991 0.01015856 0.3012391 0.3982033 
0.2748578 0.03071127 0.2535101 0.4409209 
0.3221765 0.02142444 0.3269126 0.3294864 
0.4126777 0.006035869 0.200406 0.3808804 
0.2617024 0.0391707 0.3485768 0.3505501 
0.2420589 0.01736693 0.3519232 0.388651 
0.2497385 0.002834371 0.1625561 0.584871 
0.3062443 0.01172163 0.2330953 0.4489388 
0.3119479 0.007191574 0.3447584 0.3361022 
0.2384699 0.020778 0.257301 0.4834512 
0.3030762 0.01276807 0.2848524 0.3993034 
0.3259442 0.01311686 0.284997 0.3759419 
0.311446 0.01077906 0.2466143 0.4311606 
0.3755702 0.01346352 0.2480873 0.362879 
0.2755373 0.0136605 0.3344975 0.3763047 
0.3435863 0.004879462 0.25884 0.3926942 
0.3179088 0.005606823 0.2327295 0.4437548 
0.2740835 0.01020605 0.2937197 0.4219907 
0.2490218 0.02006759 0.3238826 0.407028 
0.3305853 0.01665109 0.2852511 0.3675125 
0.2379574 0.02902529 0.3894297 0.3435876 
0.2468651 0.01935345 0.2781531 0.4556284 
0.3226546 0.002953773 0.3098054 0.3645862 
0.324273 0.007460929 0.2851082 0.3831579 
0.3163483 0.04300803 0.2627231 0.3779206 
0.3087378 0.01758163 0.3423032 0.3313774 
0.3257276 0.008409524 0.2928491 0.3730138 
0.2399343 0.00377624 0.3083291 0.4479604 
0.2891483 0.009092064 0.3039611 0.3977985 
0.2820464 0.05550034 0.2320033 0.43045 
0.2615862 0.03916412 0.2759706 0.4232791 
0.3179677 0.002395593 0.2510203 0.4286164 
0.3542732 0.001423752 0.2699872 0.3743159 
0.2675508 0.02008143 0.3380177 0.3743501 
0.2505688 0.03611556 0.2539602 0.4593554 
0.3565737 0.03828116 0.254652 0.3504932 
0.2945861 0.005606816 0.2293821 0.470425 
0.3498981 0.03182592 0.1916935 0.4265825 
0.295292 0.03356409 0.3246513 0.3464927 
0.2725555 0.007498416 0.3107218 0.4092243 
0.3557729 0.0206029 0.2267103 0.3969139 
0.3587196 0.001347766 0.2880649 0.3518678 
0.2858254 0.06137979 0.2188434 0.4339515 
0.2969824 0.02902926 0.2039849 0.4700034 
0.387968 0.03678695 0.2149171 0.360328 
0.2734996 0.008726159 0.3052457 0.4125286 
0.2856839 0.00436605 0.2505149 0.4594352 
0.2949718 0.01334659 0.2703785 0.4213031 
0.3636914 0.03550234 0.2532749 0.3475313 
0.2870517 0.002887908 0.2677531 0.4423074 
0.2243389 0.004710816 0.3526509 0.4182994 
0.3311023 6.95785e-05 0.288508 0.3803201 
0.2409748 0.001954417 0.2973864 0.4596843 
0.4079893 0.01368173 0.2195996 0.3587293 
0.3378177 0.002381021 0.2795216 0.3802796 
0.3509327 0.002815002 0.291255 0.3549972 
0.3811117 0.003090728 0.2031432 0.4126543 
0.2797654 0.01103552 0.3040113 0.4051877 
0.3700266 0.02358569 0.2347804 0.3716072 
0.2991686 0.009692194 0.3325667 0.3585726 
0.2177525 0.004028115 0.3838079 0.3944115 
0.3372932 0.006617445 0.2152353 0.4408541 
0.2847096 0.02392345 0.2997478 0.3916192 
0.3224242 0.02052096 0.2544477 0.4026072 
0.2925347 0.03695075 0.1854258 0.4850887 
0.3108904 0.03664591 0.2357168 0.4167469 
0.3576277 0.01115034 0.2785917 0.3526303 
0.3848523 0.01152504 0.2465352 0.3570875 
0.3709767 0.0005020442 0.2604122 0.368109 
0.3816105 0.01106644 0.2579319 0.3493912 
0.3131852 0.01734465 0.3069168 0.3625533 
0.3775149 0.01363522 0.2384497 0.3704002 
0.3318428 0.00327756 0.3156577 0.3492219 
0.233692 0.008002216 0.2747582 0.4835476 
0.3253708 0.04687663 0.2571952 0.3705573 
0.3188541 0.01268897 0.280918 0.3875389 
0.3424852 0.05045232 0.2173005 0.389762 
0.3035796 0.01856532 0.2396848 0.4381703 
0.2871175 0.021471 0.2623638 0.4290477 
0.2727399 0.05664746 0.2697404 0.4008723 
0.2884855 0.005859262 0.3093625 0.3962928 
0.347555 0.005245264 0.3038813 0.3433185 
0.3641641 0.000780976 0.2942746 0.3407803 
0.3227911 0.000449688 0.3395413 0.3372179 
0.3389518 0.009662376 0.2183057 0.4330801 
0.3192844 0.007586923 0.2860696 0.387059 
0.3272087 0.007027372 0.2226868 0.4430771 
0.272792 0.0482225 0.263482 0.4155034 
0.325227 0.01319045 0.3025419 0.3590406 
0.2481968 0.0314546 0.2227606 0.497588 
0.3183624 0.01394418 0.2604473 0.4072462 
0.2722864 0.0002887292 0.2623852 0.4650396 
0.3191822 0.008601672 0.3020409 0.3701753 
0.2737577 0.06294938 0.2724817 0.3908112 
0.2594789 0.01285834 0.2925598 0.4351029 
0.2633331 0.0247072 0.2276943 0.4842653 
0.3437443 0.0001865096 0.1400146 0.5160546 
0.3826545 0.03781868 0.2353463 0.3441805 
0.345004 0.06229507 0.247581 0.3451199 
0.3851359 0.005083961 0.2150385 0.3947416 
0.2909218 0.04887144 0.2358413 0.4243655 
0.268892 0.02618945 0.2380451 0.4668735 
0.2528233 0.007420393 0.2677665 0.4719899 
0.328261 0.03867137 0.2361168 0.3969508 
0.2955112 0.03803046 0.2859481 0.3805102 
0.255928 0.004942795 0.2323506 0.5067786 
0.3286717 0.02165284 0.2163754 0.4333 
0.3633601 0.01117767 0.3074896 0.3179727 
0.3853866 0.0005163286 0.2693993 0.3446978 
0.3646043 0.01549777 0.2604912 0.3594067 
0.3230202 0.001664403 0.2970873 0.3782281 
0.3545496 0.001220211 0.2890108 0.3552194 
0.3278906 0.01922771 0.2519788 0.4009028 
0.3500854 0.002326172 0.224295 0.4232934 
0.2644971 0.01032357 0.2695112 0.4556681 
0.3492638 0.02589631 0.2142781 0.4105618 
0.3066427 0.007450456 0.252959 0.4329478 
0.2710604 0.04150953 0.3322472 0.3551829 
0.2117702 0.01094329 0.3156416 0.461645 
0.2820369 0.01303917 0.2645683 0.4403556 
0.3692189 0.001999182 0.2971426 0.3316393 
0.3614173 0.0001609771 0.2663573 0.3720645 
0.3040833 0.02120568 0.2538956 0.4208154 
0.2963649 0.002095383 0.2578539 0.4436858 
0.3023933 0.0002980558 0.2153868 0.4819219 
0.3216833 0.01101693 0.281095 0.3862047 
0.2797957 0.005758113 0.3488814 0.3655648 
0.3934264 0.005399135 0.2324752 0.3686993 
0.2779953 0.005807069 0.2114011 0.5047965 
0.311463 0.008205948 0.3065101 0.373821 
0.3003285 0.0001560176 0.3319154 0.3676001 
0.2827087 0.00958556 0.1977241 0.5099816 
0.3190706 0.001299881 0.2811521 0.3984773 
0.2948839 0.01289278 0.2965368 0.3956865 
0.3336329 0.01259358 0.2317162 0.4220572 
0.3012573 0.01485562 0.2492471 0.43464 
0.3126396 0.02294331 0.2433248 0.4210923 
0.3091562 0.01689345 0.1928646 0.4810858 
0.3082115 0.01877499 0.2692847 0.4037288 
0.3064866 0.001075308 0.2772555 0.4151827 
0.3608649 0.006181574 0.2958785 0.337075 
0.357627 0.04420099 0.2935889 0.304583 
0.2677449 0.003529786 0.3286671 0.4000582 
0.2243366 0.04641345 0.2837338 0.4455161 
0.2675074 0.01307173 0.2376825 0.4817384 
0.3151167 0.02072782 0.2494655 0.4146899 
0.3678647 0.005972891 0.2556153 0.3705471 
0.288703 0.009883252 0.229699 0.4717148 
0.298663 0.01333005 0.259999 0.4280079 
0.242206 0.01159009 0.2498712 0.4963328 
0.2640464 0.004210646 0.3011758 0.4305672 
0.3566555 0.002256241 0.2298155 0.4112727 
0.2978121 0.007005078 0.3850161 0.3101668 
0.3289608 0.02509866 0.2854912 0.3604493 
0.3807677 0.03433376 0.2422158 0.3426827 
0.320226 0.03115239 0.2641997 0.3844219 
0.2990739 0.02101246 0.285707 0.3942066 
0.2393352 0.008391194 0.2539399 0.4983337 
0.3755711 0.01227726 0.2191273 0.3930243 
0.2933658 0.008213022 0.2511665 0.4472547 
0.2989197 0.006240794 0.3124451 0.3823944 
0.2942497 0.0011467 0.3393906 0.3652129 
0.3494123 0.005594874 0.2875137 0.3574791 
0.3471239 0.003187212 0.2859632 0.3637257 
0.3318198 0.03198933 0.2109998 0.4251911 
0.3489368 0.003512459 0.1910224 0.4565283 
0.3258879 0.007580733 0.3162909 0.3502404 
0.3201863 0.02670364 0.2624224 0.3906877 
0.3025755 0.03261685 0.2359663 0.4288413 
0.2818042 0.004890997 0.3320606 0.3812442 
0.3225866 0.001802262 0.3042434 0.3713677 
0.2506119 0.01293336 0.3652362 0.3712185 
0.3570306 0.01758751 0.2336827 0.3916992 
0.3039105 0.0006553312 0.319821 0.3756131 
0.2620677 0.008773834 0.2839808 0.4451777 
0.2460251 0.03157098 0.2882172 0.4341868 
0.2710841 0.02423261 0.3148294 0.389854 
0.2850888 0.02632145 0.2837417 0.404848 
0.2892172 0.02668843 0.2840639 0.4000306 
0.3242147 0.04143184 0.2631388 0.3712147 
0.3263132 0.003889147 0.2613346 0.408463 
0.2895384 0.007378501 0.2821703 0.4209128 
0.3024636 0.04171536 0.2415954 0.4142256 
0.2376565 0.02775355 0.3377082 0.3968818 
0.3048632 0.02034581 0.3403677 0.3344234 
0.3191919 0.06015352 0.2714958 0.3491588 
0.2653539 0.472346 0.2479101 0.01438995 
0.2887423 0.4142841 0.2785924 0.01838128 
0.2881301 0.3994446 0.3057617 0.006663513 
0.3605517 0.3644576 0.2482497 0.02674102 
0.2868831 0.418341 0.2605455 0.03423045 
0.278823 0.4373125 0.272343 0.01152147 
0.2857655 0.4175755 0.2199269 0.07673212 
0.2567228 0.4324943 0.3099682 0.0008146699 
0.2983327 0.3768965 0.3191715 0.005599237 
0.2543047 0.522014 0.2082395 0.01544177 
0.3584409 0.3435643 0.2926731 0.005321688 
0.3394643 0.3655098 0.2947357 0.0002901256 
0.2421091 0.4554673 0.2896981 0.01272555 
0.3462321 0.3610872 0.2752874 0.01739327 
0.2551966 0.3535637 0.3807628 0.01047696 
0.2717857 0.4511645 0.2691344 0.007915384 
0.2573844 0.4228606 0.3169578 0.002797166 
0.2906416 0.3750707 0.2921215 0.04216615 
0.3276545 0.3900917 0.2695685 0.01268522 
0.3377534 0.4374204 0.2124946 0.01233157 
0.3335333 0.32132 0.3241312 0.02101545 
0.2539838 0.3760171 0.3698457 0.0001534327 
0.2477087 0.3291393 0.4076609 0.01549115 
0.3901342 0.3868585 0.208546 0.01446136 
0.2730594 0.3333605 0.3822133 0.01136677 
0.3606497 0.4530846 0.1857816 0.0004840539 
0.2386881 0.442173 0.3144967 0.004642222 
0.2324383 0.4205802 0.3367007 0.01028082 
0.3007771 0.4239977 0.2686013 0.00662394 
0.2961898 0.4295993 0.2072839 0.06692697 
0.2631368 0.3917621 0.340978 0.004123071 
0.3233147 0.3837101 0.2707176 0.02225765 
0.2481709 0.4565739 0.2723272 0.02292804 
0.3668694 0.3395662 0.2905877 0.002976608 
