p_1 p_2 p_3 p_4 
0.001620959 0.007597248 0.6167105 0.3740713 
9.76161e-05 0.01084862 0.5910535 0.3980003 
0.01634679 0.02251913 0.6281753 0.3329588 
0.0004245309 0.0320289 0.6671508 0.3003958 
0.0004470838 0.01639492 0.7471293 0.2360287 
0.0003441936 0.008064985 0.6217381 0.3698527 
0.01330592 0.01269219 0.6658641 0.3081378 
0.009398116 0.002710683 0.7099591 0.2779321 
0.001076012 0.007710297 0.6266532 0.3645605 
0.001927405 0.001436019 0.6375715 0.3590651 
0.0002359664 0.005411758 0.7389504 0.2554019 
0.01697078 0.007068843 0.6112523 0.3647081 
0.002188183 0.006435857 0.7092448 0.2821312 
0.002408223 0.01412486 0.7336168 0.2498501 
0.001403078 0.006973532 0.6640027 0.3276206 
0.004004046 0.001692628 0.691757 0.3025463 
0.02077369 0.006238345 0.7417272 0.2312608 
0.0009014629 0.0004403279 0.788295 0.2103632 
0.01041457 0.004861253 0.6088623 0.3758619 
0.0063398 0.00156973 0.605129 0.3869614 
0.004332138 0.001203829 0.5604911 0.4339729 
0.0004390647 0.001916422 0.6874872 0.3101573 
0.003574811 0.02777256 0.6941361 0.2745165 
0.02522084 0.001309867 0.7158807 0.2575886 
0.0001998274 0.0009039981 0.7770063 0.2218899 
0.02036406 0.004220731 0.734727 0.2406882 
0.01535662 0.001616082 0.6971604 0.2858669 
0.001070225 0.006471131 0.5913908 0.4010679 
0.0004195717 0.005683499 0.6917133 0.3021837 
0.003556936 0.03153098 0.6665505 0.2983616 
0.01055289 0.004255278 0.7404705 0.2447214 
0.000533974 0.000517474 0.6246841 0.3742644 
0.01330649 0.01144266 0.701235 0.2740159 
0.002227884 0.0364266 0.6560157 0.3053298 
0.001752864 0.005375872 0.7843736 0.2084976 
0.005678578 0.001679101 0.6961942 0.2964481 
0.01553275 0.008247511 0.6816305 0.2945893 
0.0001939268 0.003930806 0.5983674 0.3975079 
0.00823579 0.00215775 0.6743099 0.3152965 
0.01127689 0.00461215 0.7471556 0.2369553 
0.01290404 0.009317222 0.6344953 0.3432834 
0.01618907 0.005808632 0.7213132 0.2566891 
0.006521521 0.004818711 0.6218271 0.3668327 
0.003280753 0.003363469 0.600477 0.3928788 
0.007252031 0.01543789 0.6360945 0.3412155 
0.0004638853 0.001806611 0.7346225 0.263107 
0.009496202 0.0009039481 0.6912608 0.2983391 
0.008189754 0.01111642 0.5422015 0.4384923 
0.005800275 0.007778059 0.7410641 0.2453576 
0.008959733 0.0009785499 0.7758572 0.2142045 
0.0006729477 0.01474073 0.6922624 0.2923239 
0.01474962 0.0006689384 0.5758048 0.4087767 
0.002013516 0.001558302 0.7152326 0.2811956 
0.01442345 0.01202627 0.7303073 0.243243 
0.008671926 0.004899606 0.7010856 0.2853429 
0.01324067 0.003502713 0.7186265 0.2646302 
0.002001675 0.02219086 0.5671708 0.4086367 
0.001851486 0.005361533 0.6656245 0.3271625 
0.01937824 0.001543843 0.7468531 0.2322248 
0.02092961 0.01994021 0.6566345 0.3024957 
0.0001386146 0.002911399 0.7463284 0.2506216 
0.01026114 0.001609906 0.6964125 0.2917164 
0.006710813 0.0002937955 0.7303214 0.262674 
0.002368784 0.005084508 0.6006122 0.3919345 
0.00725622 0.001849906 0.5957192 0.3951747 
0.002186672 0.005392669 0.6823896 0.310031 
0.03357245 0.007857727 0.7018951 0.2566748 
0.009531358 0.003003503 0.6092955 0.3781696 
0.01845765 0.009845621 0.6753556 0.2963411 
0.0008880202 0.0102704 0.6609398 0.3279018 
0.03536345 0.004024874 0.706048 0.2545637 
0.000749342 0.009697987 0.6128846 0.376668 
0.01404059 0.0005267574 0.6848514 0.3005812 
0.00101265 0.001052389 0.6440101 0.3539248 
0.00791765 0.009414953 0.5756992 0.4069682 
0.00153177 0.009731904 0.6892386 0.2994978 
0.007106741 0.004747638 0.7238717 0.2642739 
0.003492753 0.002944614 0.6571658 0.3363969 
0.00222621 0.01980256 0.6310306 0.3469406 
0.002810047 0.002169304 0.6390418 0.3559789 
0.0006161058 0.01227278 0.6682189 0.3188922 
0.00130874 0.001371415 0.6978748 0.299445 
0.0002561204 0.02075456 0.749433 0.2295563 
0.001604033 0.002328409 0.6472687 0.3487988 
0.00672135 0.0002413706 0.6995279 0.2935094 
0.01184048 0.005515253 0.5766171 0.4060272 
0.0002762265 4.389886e-05 0.6395348 0.3601451 
0.0001994505 0.01379881 0.6838613 0.3021405 
0.008505371 0.001166678 0.6870491 0.3032788 
0.0001596503 0.002757363 0.7070561 0.2900269 
0.004799781 3.845423e-05 0.6766082 0.3185536 
0.002001917 0.03591703 0.6523932 0.3096879 
0.005923592 0.011094 0.7604568 0.2225256 
0.001126778 0.002007524 0.6500682 0.3467975 
0.003075986 0.01361309 0.6718899 0.311421 
0.0006410721 0.00838954 0.7293023 0.2616671 
0.01012482 0.01369866 0.5863359 0.3898407 
0.01297184 0.003960478 0.6149887 0.368079 
0.003779119 0.007551129 0.4923503 0.4963194 
0.001080387 0.003118105 0.7343212 0.2614803 
0.003023696 0.01063604 0.5585591 0.4277812 
0.0004011078 0.001459039 0.7505961 0.2475438 
0.01280323 0.004113064 0.7299935 0.2530902 
0.01177202 0.001656011 0.7100567 0.2765153 
0.005327165 0.008070669 0.6248888 0.3617134 
0.01664078 0.001859289 0.6936254 0.2878746 
0.008750331 0.02042188 0.701095 0.2697328 
0.01784776 0.005490412 0.6114215 0.3652403 
0.0008388927 0.02438608 0.5704986 0.4042764 
0.01263061 0.0002021565 0.6571171 0.3300501 
0.02172914 0.0112918 0.7369778 0.2300013 
0.006124541 0.01167425 0.7215221 0.2606791 
0.008617599 0.008337044 0.6632855 0.3197599 
0.02082201 0.0005868786 0.6565176 0.3220736 
0.0005071403 0.03558162 0.6757384 0.2881728 
0.005212545 0.01542836 0.737138 0.2422211 
0.006898154 0.0004857261 0.6981715 0.2944447 
0.003470966 0.003347282 0.7528094 0.2403723 
0.007460056 0.009975018 0.7275049 0.25506 
0.00571358 0.01616274 0.6912318 0.2868919 
0.006049124 0.03489804 0.5448711 0.4141817 
0.01644839 0.004202585 0.6555067 0.3238424 
0.05497387 0.008036272 0.7363827 0.2006072 
0.001718871 0.0008922639 0.7544449 0.242944 
0.01998447 0.00057416 0.6317405 0.3477009 
0.009695106 0.0008619838 0.6882774 0.3011655 
0.01902699 0.001779887 0.6345351 0.3446581 
0.0003641937 0.02127241 0.5939376 0.3844258 
0.00486208 0.004688761 0.7939028 0.1965464 
0.001532195 0.003358269 0.7326537 0.2624559 
0.003836169 0.01476894 0.7153552 0.2660397 
0.0002770541 0.006246176 0.7031437 0.2903331 
0.004331582 0.006469079 0.5639144 0.4252849 
0.002356687 0.006373433 0.7680142 0.2232557 
0.006841797 0.02184618 0.6681034 0.3032086 
0.007694986 0.003768954 0.692839 0.295697 
0.0001402357 0.01998264 0.6685459 0.3113312 
0.01233843 0.002666642 0.7211037 0.2638913 
0.005295206 0.01258599 0.7137004 0.2684184 
0.02888051 0.01757171 0.6569955 0.2965523 
0.0005882683 0.007574032 0.6401948 0.3516429 
0.01319176 0.001092226 0.6516106 0.3341054 
0.006956134 0.009199658 0.6672323 0.3166119 
0.03188506 0.007978549 0.6063819 0.3537545 
0.001770577 0.007270838 0.7073827 0.2835759 
0.0006886432 0.006650731 0.6603573 0.3323033 
0.01627716 0.01079666 0.6667305 0.3061956 
0.00425986 0.01862107 0.691594 0.2855251 
0.02682545 0.001908581 0.7510113 0.2202547 
0.004932778 0.010171 0.7477046 0.2371917 
0.007629196 0.09670758 0.6495016 0.2461616 
0.00648631 0.00939121 0.6921594 0.2919631 
0.007413642 0.0008374956 0.6581372 0.3336117 
0.007568688 0.01264746 0.6896798 0.2901041 
0.00271382 0.006785133 0.6425412 0.3479599 
0.0008630702 0.02224381 0.7048507 0.2720424 
0.003181302 0.01179972 0.7489113 0.2361077 
0.0005222076 0.008222558 0.6975427 0.2937125 
0.0005867978 0.002622135 0.6686798 0.3281113 
0.0003571487 0.0007022162 0.7339335 0.2650072 
0.0008639559 0.004839198 0.6777804 0.3165165 
0.009922434 0.01433917 0.64125 0.3344884 
0.0004894892 0.01353781 0.6354205 0.3505522 
0.007922081 0.0001759954 0.7353008 0.2566012 
0.00121167 0.01362159 0.6677093 0.3174574 
0.02775996 0.007463288 0.703667 0.2611097 
0.000401291 0.007229162 0.5874068 0.4049627 
0.002111307 0.005136586 0.7710076 0.2217445 
0.009083079 0.002837899 0.6299639 0.3581151 
0.03148992 0.0004946507 0.6106589 0.3573566 
0.003664833 0.01450219 0.6513996 0.3304333 
0.0001206286 0.015368 0.6111247 0.3733867 
0.00445342 0.01603093 0.7076015 0.2719142 
0.003320449 0.01493726 0.7250883 0.256654 
0.01452585 0.01461051 0.6645512 0.3063124 
0.01033156 0.00566622 0.7447175 0.2392847 
0.0008217571 0.002608939 0.6268624 0.3697069 
0.003840937 0.0111891 0.6268169 0.358153 
0.0005389792 0.004380248 0.6894146 0.3056662 
0.005845442 0.003358159 0.7020972 0.2886992 
0.0008907889 0.01474032 0.684287 0.3000819 
0.003398981 0.00229002 0.7326028 0.2617082 
0.003927199 0.000396703 0.6511629 0.3445132 
0.01385491 0.02222169 0.6776433 0.2862801 
0.01624175 0.01479393 0.6645599 0.3044044 
0.003304201 0.02068568 0.8199976 0.1560125 
0.001213381 0.03102988 0.7288478 0.238909 
0.003664421 0.001789808 0.6419477 0.3525981 
0.003443569 0.002495455 0.6804114 0.3136496 
0.00789554 0.001771242 0.7123147 0.2780185 
0.00446018 0.005907812 0.6848264 0.3048056 
0.01074153 0.009623643 0.7357843 0.2438506 
0.0004858878 0.00612385 0.7454673 0.2479229 
0.003658493 0.001390651 0.6957359 0.299215 
0.003015513 0.001766504 0.7457899 0.2494281 
4.360578e-05 0.001936134 0.7275735 0.2704468 
0.004631273 0.003786363 0.6804206 0.3111617 
0.0002753764 0.009620133 0.6493007 0.3408037 
0.005874242 0.003092263 0.6988597 0.2921738 
0.003304356 0.009668057 0.6593136 0.3277139 
0.005731264 0.0007100436 0.6679697 0.325589 
0.007271552 7.821343e-05 0.663228 0.3294222 
0.003393378 0.003665241 0.7093431 0.2835982 
0.004072203 0.004631591 0.5831143 0.4081819 
0.001933423 0.0003249264 0.748446 0.2492956 
0.01737575 0.005133942 0.7172199 0.2602704 
0.01025283 0.006203886 0.7616229 0.2219204 
0.004287319 0.001507718 0.6697974 0.3244076 
0.005563929 0.001745669 0.7530036 0.2396868 
0.005072776 0.004443332 0.7273912 0.2630927 
0.007672531 0.008832565 0.7319807 0.2515142 
0.005613137 0.003434067 0.6368438 0.354109 
0.003485953 0.008894455 0.6862408 0.3013788 
0.01162758 0.0006319945 0.6664707 0.3212697 
0.02726453 0.03548859 0.6608007 0.2764461 
0.0008682339 0.01691542 0.7676143 0.2146021 
0.003626109 0.0009328158 0.7593571 0.236084 
0.00466135 0.002592868 0.6580473 0.3346985 
0.00950026 0.002480169 0.6506823 0.3373373 
0.004500581 0.00400784 0.7548506 0.2366409 
0.007171585 0.005741469 0.7585679 0.228519 
0.005628582 0.0005294797 0.6847413 0.3091006 
0.01277517 0.0002140049 0.6725278 0.314483 
0.01039001 0.009301562 0.6320627 0.3482457 
0.0009557304 0.01212647 0.7054453 0.2814725 
0.008752119 0.01791291 0.7347499 0.2385851 
0.002403471 0.0009658618 0.637718 0.3589127 
0.0180269 0.01423767 0.6417235 0.326012 
0.004216378 0.003126914 0.6608879 0.3317688 
0.0002114566 0.001805077 0.6828624 0.3151211 
0.000686416 0.003307736 0.7129916 0.2830143 
0.004167706 0.002175105 0.6718291 0.3218281 
0.002013743 0.0003013201 0.7445058 0.2531791 
0.0004864173 9.692838e-06 0.693489 0.3060149 
0.01206162 0.001447386 0.6217043 0.3647867 
0.01770983 0.000624759 0.6947697 0.2868957 
0.003616073 0.00421606 0.6785518 0.313616 
0.003085347 0.002022243 0.6615434 0.333349 
0.001123612 0.001786319 0.6292066 0.3678835 
0.006766457 0.0278427 0.7355562 0.2298346 
0.01282435 0.003332769 0.6946973 0.2891456 
0.01408195 0.002352584 0.7698356 0.2137299 
0.001552748 0.006672905 0.68529 0.3064843 
0.004021677 0.009423846 0.6502853 0.3362692 
0.0008406314 0.00174418 0.649601 0.3478142 
0.02039543 0.00377628 0.707621 0.2682073 
0.05683785 0.002336005 0.6434412 0.2973849 
0.01510371 0.004283791 0.6477029 0.3329096 
0.002397328 0.003682057 0.6614104 0.3325102 
0.001069246 0.006567597 0.6996698 0.2926934 
0.0003731552 0.01862637 0.6071966 0.3738039 
0.0002961777 0.0008874054 0.6305154 0.368301 
0.01068664 0.00398317 0.6938922 0.291438 
0.01388716 0.004118409 0.6666523 0.3153421 
0.02340944 0.003790566 0.7274346 0.2453654 
0.0158273 0.001252608 0.6147024 0.3682177 
0.02294452 0.006493726 0.6901843 0.2803774 
0.01299703 0.008528483 0.5882844 0.3901901 
0.007165136 0.004108549 0.6160939 0.3726324 
0.01684628 0.01397447 0.6537657 0.3154135 
0.001687395 0.01670474 0.7221323 0.2594755 
0.005450143 0.009564038 0.6587796 0.3262062 
0.002130188 0.006010387 0.6837755 0.308084 
0.008264456 0.0007996064 0.6759451 0.3149908 
0.01199705 0.003382727 0.7133807 0.2712395 
0.02743347 0.002374162 0.6430183 0.3271741 
0.004402524 0.003288283 0.6811071 0.3112021 
0.001442091 0.000705834 0.5994871 0.398365 
0.008910196 0.01159539 0.6510202 0.3284742 
0.006834531 0.001118862 0.7046779 0.2873687 
0.002473301 0.002255548 0.7515503 0.2437208 
0.008187684 0.009281584 0.5712818 0.4112489 
0.0007900315 0.01145933 0.6087811 0.3789695 
0.0003919821 0.002968784 0.6808512 0.315788 
0.01093251 0.0003215493 0.7279235 0.2608224 
0.004874199 0.04776961 0.6882588 0.2590974 
0.007991313 0.003376725 0.7321561 0.2564759 
0.00537468 8.888611e-05 0.6989607 0.2955757 
0.0004056054 0.01532634 0.7650118 0.2192563 
0.01698861 0.007634675 0.6372613 0.3381154 
0.006949106 0.006398447 0.7487195 0.2379329 
0.02581848 0.002066493 0.7084623 0.2636527 
0.002903988 0.001424143 0.6467945 0.3488773 
0.0003334429 0.000454109 0.5960055 0.4032069 
0.001375317 0.008922385 0.6727616 0.3169407 
0.01588813 0.01982203 0.6900572 0.2742327 
0.008055105 0.02400322 0.7620135 0.2059281 
0.003221181 0.001124663 0.665797 0.3298572 
0.004634603 0.002166556 0.7172471 0.2759517 
0.0005379444 0.001233291 0.6240954 0.3741333 
0.004442136 0.01639781 0.663221 0.315939 
0.05295516 0.0003396865 0.6783087 0.2683964 
0.009319244 0.002289019 0.6963569 0.2920348 
0.003990116 0.01415909 0.7227695 0.2590813 
0.0008966293 0.002504666 0.7462589 0.2503398 
0.00462215 0.001053088 0.6876329 0.3066918 
0.002719529 3.848973e-05 0.6381174 0.3591246 
0.001943372 0.009560421 0.6529207 0.3355755 
0.001035627 0.005642623 0.6548157 0.338506 
0.01164192 0.00746067 0.6610156 0.3198818 
0.006773661 0.008903658 0.6531955 0.3311272 
0.01242911 0.00655107 0.7727909 0.2082289 
0.002997147 0.0168115 0.6675754 0.312616 
0.0001271348 0.002839262 0.7040149 0.2930187 
0.009511348 0.000193211 0.7387136 0.2515818 
0.0006994873 0.0009477088 0.7717599 0.2265929 
0.001122026 0.004494551 0.733548 0.2608355 
0.006731132 0.001091822 0.8077405 0.1844365 
0.01089462 0.01286467 0.657937 0.3183037 
0.0002663127 0.01426664 0.6422668 0.3432002 
0.003661513 0.002705518 0.6635738 0.3300592 
0.008032619 0.003072809 0.6922901 0.2966045 
0.007438794 0.01398779 0.6903564 0.2882171 
0.002640897 0.0004230154 0.6452958 0.3516402 
0.003815685 0.01847702 0.6137948 0.3639125 
0.02239604 0.006885102 0.6047038 0.366015 
0.006194521 0.004600764 0.7148532 0.2743515 
0.001241993 0.003003429 0.6601164 0.3356382 
0.002333701 0.007918873 0.6944275 0.2953199 
0.01116775 0.005745386 0.6840912 0.2989957 
0.001883402 0.01803114 0.7046803 0.2754051 
0.007815449 0.005827545 0.7031027 0.2832543 
0.01381665 0.00817449 0.6598074 0.3182015 
0.0002731128 0.001757031 0.7117775 0.2861924 
0.008216083 0.01407318 0.6419603 0.3357504 
0.009412481 0.002554296 0.6710257 0.3170076 
0.008642728 0.003419109 0.7834533 0.2044849 
0.005742518 0.0006948569 0.6957611 0.2978015 
0.006800588 0.002883345 0.637291 0.3530251 
0.00716572 0.0003349896 0.8188654 0.1736339 
0.001434773 0.02006953 0.6516992 0.3267965 
0.004476251 4.601469e-05 0.6740704 0.3214073 
0.002189263 0.001151896 0.6847462 0.3119126 
0.008191445 0.009877424 0.6647805 0.3171507 
0.01295083 0.009139493 0.7659385 0.2119712 
0.0158306 0.0191705 0.6874459 0.277553 
0.01762934 0.002498129 0.6601542 0.3197183 
0.01278811 0.005021764 0.7102158 0.2719743 
0.007975649 0.002487556 0.683096 0.3064408 
0.007325372 0.006963963 0.6894598 0.2962509 
0.002520233 0.004875076 0.6866278 0.3059769 
0.0007784391 0.0001791177 0.7502863 0.2487561 
0.01118252 0.01478991 0.6820562 0.2919714 
0.007704324 0.001108134 0.6569544 0.3342331 
0.004275131 1.66077e-05 0.6799507 0.3157576 
0.003968228 0.002065114 0.6656015 0.3283652 
0.02790746 0.006327878 0.5499036 0.4158611 
0.003451677 0.002742241 0.6459052 0.3479009 
0.006343726 0.0103569 0.6935644 0.289735 
0.01621737 0.01919306 0.6607696 0.30382 
0.004648351 0.002724937 0.6482632 0.3443635 
0.01460262 0.003731237 0.7467288 0.2349374 
0.006173651 0.001219545 0.6859032 0.3067036 
0.0006859284 0.01973654 0.7606124 0.2189652 
0.006225205 0.01334232 0.7584362 0.2219963 
0.002537338 0.006434782 0.7221186 0.2689093 
0.0006553717 0.01364925 0.6276464 0.358049 
0.008652233 0.002684282 0.509816 0.4788475 
0.05508614 0.0073633 0.5948805 0.3426701 
0.0112178 0.01024856 0.6485054 0.3300283 
0.005953184 0.003506462 0.8044967 0.1860437 
0.006513587 0.0009941902 0.7911317 0.2013606 
0.007481167 0.0002130042 0.5727334 0.4195725 
0.007449861 0.003632892 0.714788 0.2741292 
0.0108899 0.0005888585 0.721139 0.2673822 
0.005878655 0.003713451 0.7031461 0.2872618 
0.003292491 0.004094322 0.7682559 0.2243573 
0.01331057 0.01413256 0.7608622 0.2116946 
0.006857088 0.01223953 0.6963817 0.2845217 
0.002084062 0.002007694 0.7392722 0.2566361 
0.00425539 0.001425735 0.7425618 0.251757 
0.006671998 0.02676155 0.6618817 0.3046848 
0.008377448 0.0004661916 0.6787037 0.3124527 
0.0004776782 0.02563262 0.6778316 0.2960581 
0.004642164 0.0003860746 0.6915569 0.3034149 
0.004944104 0.006438044 0.7186665 0.2699514 
0.005126058 0.0121343 0.7124832 0.2702564 
0.001498249 0.01346747 0.6270371 0.3579971 
0.006136937 0.001844948 0.7262293 0.2657888 
0.004006757 0.003755344 0.6651551 0.3270828 
0.004267567 0.02214847 0.6545377 0.3190462 
0.00746345 0.007915644 0.7120528 0.2725681 
0.001295657 0.004755225 0.6298075 0.3641416 
0.0004586761 0.008274952 0.7843178 0.2069486 
0.01434455 0.00579417 0.7549745 0.2248867 
0.01498303 0.009347301 0.6928766 0.282793 
0.006688179 0.01399639 0.6724195 0.3068959 
0.008850607 0.0001534816 0.6122884 0.3787075 
0.001285363 0.01275944 0.6271586 0.3587966 
0.004767461 0.002273998 0.6940078 0.2989507 
9.547968e-05 0.01066255 0.6380452 0.3511967 
0.002699232 0.01580434 0.6989657 0.2825308 
0.01710581 0.004256032 0.6882956 0.2903425 
0.006117374 0.002574978 0.6824607 0.3088469 
0.001647527 2.208221e-05 0.7492249 0.2491055 
0.002016508 0.003964447 0.7075163 0.2865027 
0.001954121 0.01731177 0.5736595 0.4070746 
0.001068411 0.02482868 0.6150272 0.3590757 
0.0043914 0.001576069 0.5907571 0.4032754 
0.004065207 0.005511552 0.6800844 0.3103389 
0.02145119 0.00114471 0.6609945 0.3164096 
0.006719191 0.003560313 0.7306114 0.2591091 
0.007829517 0.003325229 0.623614 0.3652312 
0.00715602 0.001681059 0.6959131 0.2952498 
0.01179061 0.007181648 0.6592324 0.3217954 
0.004524701 0.001293088 0.6858456 0.3083366 
0.009189522 0.01114334 0.7210537 0.2586134 
0.005348533 0.003586302 0.6809893 0.3100759 
0.001852917 0.002357557 0.7660439 0.2297457 
0.004588387 0.004312704 0.6599871 0.3311118 
0.006584372 0.001656019 0.6983668 0.2933928 
0.001841452 0.01613296 0.677819 0.3042066 
0.0009661917 0.003907352 0.8086319 0.1864946 
0.001816499 0.002548727 0.6681439 0.3274909 
0.01076735 0.0007279621 0.566765 0.4217397 
0.0009246418 0.0005669678 0.674695 0.3238134 
0.000559577 0.00210688 0.7506596 0.246674 
0.0001264402 0.01904181 0.6951637 0.285668 
0.002505111 0.007969852 0.7477281 0.241797 
0.01590179 0.002651814 0.6882687 0.2931777 
0.004367666 0.006441001 0.7215146 0.2676767 
0.01200278 0.004684681 0.6565608 0.3267517 
0.01133822 0.004515932 0.6393883 0.3447575 
0.005629531 0.009460909 0.6820439 0.3028656 
0.01076566 0.004751498 0.6226311 0.3618518 
0.001001376 0.005053462 0.6847675 0.3091776 
0.0124782 0.01309212 0.7058147 0.268615 
0.01395901 0.007203036 0.6952275 0.2836105 
0.0003249721 0.0107651 0.7188324 0.2700775 
0.0216529 0.01433038 0.6585599 0.3054568 
0.0002329628 0.002367786 0.7037328 0.2936665 
0.0006782885 0.0009132112 0.8225445 0.175864 
0.001258384 0.01655557 0.6997779 0.2824081 
0.003228498 0.007406754 0.7196963 0.2696685 
0.0009102042 0.003059068 0.7491 0.2469307 
0.0003796238 0.001303684 0.7647785 0.2335382 
0.0007345294 0.0001662247 0.6090895 0.3900098 
0.00967367 0.003778434 0.6368272 0.3497207 
0.007591888 0.0008897136 0.6735244 0.317994 
0.002738207 0.001553368 0.7179698 0.2777386 
0.01080561 0.01880802 0.7337564 0.23663 
0.001866793 0.02217552 0.5629434 0.4130143 
0.004856903 0.00591115 0.7576887 0.2315433 
0.0007883615 0.01060119 0.736073 0.2525375 
0.02437034 0.002050649 0.6812127 0.2923663 
0.02126706 0.004748372 0.6528882 0.3210963 
3.804683e-05 0.003922911 0.6825164 0.3135227 
0.004858492 0.001136057 0.6932 0.3008055 
0.007627912 0.001506721 0.6593777 0.3314877 
0.004326472 0.007892637 0.754415 0.2333658 
0.003318523 0.003523073 0.7220341 0.2711243 
0.00419271 0.004214316 0.7178576 0.2737354 
0.006896834 0.009297449 0.7272823 0.2565234 
0.0003070389 0.001845373 0.6856723 0.3121753 
0.004441467 0.002462087 0.64348 0.3496164 
0.007360676 0.0009665102 0.7295266 0.2621462 
0.0003567663 0.003404442 0.7243282 0.2719106 
0.00360275 0.003109487 0.6795456 0.3137422 
0.01271845 0.004356682 0.5623981 0.4205268 
0.0193024 0.00727002 0.6924589 0.2809687 
0.01349501 0.0001121766 0.612979 0.3734138 
0.01648918 0.003994565 0.6131716 0.3663446 
0.00235466 0.004041994 0.6044883 0.389115 
0.003218642 0.0008321757 0.7234411 0.2725081 
0.007184326 0.004311249 0.6708066 0.3176979 
0.009475693 0.005523607 0.7339564 0.2510443 
0.0009717241 0.01863914 0.6518587 0.3285305 
0.004131053 0.003272499 0.6331057 0.3594908 
0.00122158 4.9762e-05 0.7223593 0.2763694 
0.008585367 0.01257843 0.7722327 0.2066036 
0.003418691 0.01213005 0.781316 0.2031352 
0.0008592484 0.002036045 0.732561 0.2645437 
0.0005651545 5.951758e-05 0.7019386 0.2974368 
0.005803851 0.01860314 0.6839459 0.2916471 
0.004892167 0.003565675 0.7927111 0.1988311 
0.01253819 0.003027437 0.6974125 0.2870219 
0.008213037 0.03541839 0.6874431 0.2689255 
0.02078415 0.009018788 0.7568918 0.2133053 
0.01351916 0.02710037 0.7032632 0.2561173 
0.007257477 0.01048166 0.7937649 0.1884959 
0.0006173098 0.006361785 0.7279116 0.2651093 
0.01663333 0.0002726228 0.6643069 0.3187871 
0.01310147 0.005469939 0.6445099 0.3369187 
0.006400014 0.002367905 0.6389933 0.3522388 
0.01078748 0.001754075 0.658802 0.3286564 
0.004579812 0.004754972 0.6570671 0.3335981 
0.003076957 0.005460153 0.654833 0.3366299 
0.0003601517 0.007837652 0.7556281 0.2361741 
0.008574663 0.0008251354 0.7128546 0.2777456 
0.003924508 0.005894369 0.7108683 0.2793129 
0.005251143 0.002706256 0.7273416 0.264701 
0.01329449 0.00264467 0.6884933 0.2955676 
0.004071861 0.003905607 0.6572683 0.3347543 
0.004689593 0.03835925 0.659586 0.2973651 
0.006075887 0.002984658 0.6775658 0.3133737 
0.0005506552 0.0142693 0.6554125 0.3297675 
0.008696405 0.004512782 0.7142366 0.2725542 
0.0215808 0.002694694 0.6665629 0.3091616 
0.0007840466 0.009129801 0.7261996 0.2638865 
0.003147358 0.02810353 0.6020192 0.3667299 
0.0106244 6.889939e-05 0.7275064 0.2618003 
0.0242945 0.009797395 0.6838494 0.2820587 
0.04419601 0.009968474 0.6632211 0.2826144 
0.002136359 0.004057601 0.6191462 0.3746598 
0.001368745 0.0008858338 0.7843289 0.2134165 
0.003464137 0.005745675 0.6601179 0.3306723 
0.007791264 0.0124441 0.5867519 0.3930128 
0.008479818 0.005674938 0.614221 0.3716243 
0.004810674 0.004745356 0.6764254 0.3140185 
0.007404726 0.005813642 0.710776 0.2760056 
0.003204931 0.01516209 0.6434501 0.3381829 
0.00573155 0.01638812 0.7664138 0.2114666 
0.003274459 0.03013865 0.6541611 0.3124258 
0.0001879984 0.00112019 0.7400552 0.2586366 
0.005346361 0.001866081 0.724869 0.2679185 
0.01077437 0.01295971 0.6064834 0.3697825 
0.003251568 0.0008403659 0.6089733 0.3869347 
0.01502974 0.004328898 0.6495484 0.331093 
0.002672957 0.003875258 0.6797075 0.3137442 
0.001408286 0.003165033 0.7464169 0.2490098 
0.01350879 0.002005466 0.639556 0.3449297 
0.0163477 0.009543914 0.6558943 0.3182141 
0.01469958 0.008646272 0.6711085 0.3055457 
0.003027796 0.003025276 0.7677529 0.2261941 
0.008911634 0.006445333 0.7740125 0.2106305 
0.0003940946 0.001749007 0.6964593 0.3013976 
0.0188723 0.004683566 0.6796882 0.2967559 
0.001640725 0.005237338 0.7210187 0.2721032 
0.02108428 0.0004869652 0.6012653 0.3771634 
0.01026003 0.003915378 0.7034544 0.2823702 
0.008854002 0.002001359 0.6898549 0.2992897 
0.003969077 0.01636332 0.7399498 0.2397178 
0.0007398261 0.01812758 0.6582425 0.3228901 
0.001594892 0.001898289 0.6098163 0.3866905 
0.005248802 0.001892467 0.7964642 0.1963945 
0.002336694 0.0006148866 0.7387582 0.2582902 
0.01344811 0.005242627 0.7699591 0.2113502 
0.005153989 0.0002047103 0.6816161 0.3130252 
0.01760611 0.009858342 0.7248759 0.2476596 
0.009983275 0.006787394 0.5951278 0.3881015 
0.0009915331 0.01486421 0.5403771 0.4437671 
0.0002506985 0.0007167047 0.7162707 0.2827618 
0.0001801901 0.01766639 0.7313636 0.2507898 
0.00277426 0.0062395 0.7014587 0.2895276 
0.002076077 0.009771344 0.6158625 0.3722901 
0.007680089 0.0006915776 0.7116659 0.2799624 
0.01009068 0.004872771 0.6610445 0.323992 
0.011381 0.02634838 0.7255933 0.2366773 
0.01253434 0.001269882 0.7007303 0.2854654 
0.01718431 0.004890981 0.6309616 0.3469631 
0.003927517 0.001370504 0.6832573 0.3114446 
0.01280934 0.008721474 0.6763793 0.3020899 
0.02359398 0.001096441 0.7368359 0.2384737 
0.01888357 0.01444435 0.622221 0.3444511 
0.01779109 0.01880282 0.7031219 0.2602842 
5.281048e-05 0.01386287 0.5665715 0.4195128 
0.02887987 0.009983346 0.7164334 0.2447034 
0.002830035 0.002100863 0.7601956 0.2348735 
0.0006809761 0.002095649 0.6798188 0.3174046 
0.00180885 0.001902338 0.7824496 0.2138393 
0.0003827964 0.00755707 0.8202839 0.1717762 
0.004454781 0.005437739 0.6377196 0.3523878 
0.001835163 0.0005247965 0.7277512 0.2698888 
0.004194132 0.003163906 0.7600699 0.232572 
0.001768691 0.0009379447 0.6513472 0.3459462 
0.005842919 0.03557739 0.6850795 0.2735002 
0.004112606 0.008036122 0.6577903 0.3300609 
0.003819509 0.04494372 0.6647156 0.2865212 
0.002274526 0.002506612 0.6899385 0.3052804 
0.01536941 0.004916248 0.6864008 0.2933135 
0.000787883 0.0005791501 0.6980534 0.3005796 
0.00399223 0.004926511 0.6654 0.3256812 
0.003570773 0.02290223 0.7271612 0.2463658 
0.006203489 0.0208194 0.6592767 0.3137004 
0.006410879 0.001594886 0.6770966 0.3148976 
0.000487317 0.019054 0.6842396 0.296219 
0.00384522 0.0036571 0.6285761 0.3639216 
0.005471082 8.682642e-05 0.7863815 0.2080606 
0.007675405 0.00504275 0.6532006 0.3340812 
0.001624696 0.001620114 0.7527266 0.2440286 
0.01935615 0.006422556 0.6685509 0.3056704 
9.524538e-05 0.002810179 0.7109321 0.2861625 
0.005730893 0.03628025 0.6313593 0.3266295 
0.01079083 0.00529571 0.7649107 0.2190028 
0.003993386 0.001977773 0.6237227 0.3703061 
0.007995805 0.006531706 0.7600523 0.2254201 
0.003723891 0.002341239 0.695935 0.2979999 
0.003444107 0.001784981 0.7000887 0.2946822 
0.00407283 0.01283397 0.7419178 0.2411754 
0.006427844 0.0003349274 0.6563379 0.3368994 
0.005210969 0.02463714 0.7262496 0.2439023 
0.005018843 0.007070595 0.6984382 0.2894724 
0.01719242 0.001028935 0.5658437 0.4159349 
0.004472474 0.007264479 0.6718489 0.3164141 
0.002256086 0.001948431 0.6829268 0.3128687 
0.001538851 0.006313254 0.6208111 0.3713368 
0.02222461 0.001961901 0.7508404 0.2249731 
0.002425525 0.002071682 0.7275871 0.2679157 
0.0005047545 0.0006220483 0.6701369 0.3287363 
0.002097756 0.003948284 0.6278132 0.3661407 
0.008452748 0.005465128 0.6475085 0.3385737 
0.005834381 0.007348608 0.6035756 0.3832415 
0.004300457 0.002933243 0.6353334 0.3574329 
0.01725825 0.001790155 0.7335166 0.247435 
0.001988517 0.001653374 0.6289313 0.3674268 
0.002196587 0.000210578 0.6278771 0.3697157 
0.01790408 0.006704605 0.588841 0.3865503 
0.005197263 0.009145956 0.6068549 0.3788019 
0.005064805 0.0005678127 0.6737455 0.3206219 
0.0129484 0.001643624 0.7118739 0.273534 
0.002663845 0.003803859 0.7071124 0.2864199 
0.01391271 0.009502414 0.6392263 0.3373586 
0.001810942 0.0001886166 0.8127455 0.1852549 
0.001409306 0.002866748 0.713387 0.282337 
0.01188294 0.000408179 0.6486556 0.3390533 
0.002086277 0.003412973 0.7278035 0.2666972 
0.002974292 0.0007481958 0.6925503 0.3037273 
0.01168169 0.01343782 0.6223609 0.3525196 
0.001417227 0.0009556159 0.7785603 0.2190669 
0.001281218 0.0006025729 0.6796107 0.3185055 
0.005173151 0.0006740716 0.6841601 0.3099927 
0.002668375 0.01500974 0.5794066 0.4029153 
0.01178913 0.0002442486 0.6694181 0.3185486 
0.003575119 0.003262655 0.7030327 0.2901295 
0.002800174 0.0117522 0.6295547 0.355893 
0.002232032 0.005073003 0.7731382 0.2195568 
0.004232972 0.00825457 0.7021926 0.2853199 
0.007249363 0.002271684 0.7174856 0.2729934 
0.001604914 0.01043786 0.6133459 0.3746113 
0.002667297 0.001929533 0.7998546 0.1955486 
0.002137842 0.001257498 0.8087159 0.1878888 
0.01101524 0.003269854 0.736752 0.2489629 
0.004276902 0.006930481 0.7312724 0.2575202 
0.007905299 0.008225226 0.7063489 0.2775206 
0.004483054 0.01214621 0.6348257 0.348545 
0.003399185 0.01144405 0.755966 0.2291908 
0.003939942 0.003811268 0.6122934 0.3799554 
1.690025e-05 0.0006379399 0.6638813 0.3354638 
0.005916431 0.001749034 0.6387546 0.35358 
0.01442726 0.01201397 0.6487487 0.32481 
8.214537e-05 0.009306459 0.7006533 0.2899581 
0.001630297 0.01395785 0.7553339 0.229078 
0.001885139 0.008870848 0.5561651 0.4330789 
0.003011744 0.0009916905 0.6701861 0.3258105 
0.0001198185 0.01359755 0.7057702 0.2805125 
0.03321162 0.0008165151 0.7203528 0.2456191 
0.001509062 0.006950817 0.7265196 0.2650205 
0.001754742 0.00378083 0.6506947 0.3437697 
0.008790605 0.002449894 0.6420675 0.346692 
0.008763708 0.0146408 0.6874806 0.2891149 
0.0007148212 0.002574378 0.638515 0.3581958 
0.0008419911 0.003320124 0.6758047 0.3200332 
0.0005330404 0.01327 0.6927841 0.2934128 
0.007027521 0.00362846 0.6366603 0.3526837 
0.0002430362 0.0004795619 0.7623196 0.2369579 
0.01253194 0.004406271 0.7143225 0.2687393 
0.001525947 0.0003701856 0.702668 0.2954358 
0.005886057 0.005305739 0.7214348 0.2673734 
0.002222385 0.00211835 0.726601 0.2690582 
0.009162059 0.01089754 0.6315307 0.3484097 
0.01071287 0.001173265 0.6507241 0.3373897 
0.008503017 0.0005814794 0.7057212 0.2851943 
0.001563397 0.0003283692 0.720746 0.2773622 
0.002541383 0.006879901 0.6536418 0.3369369 
0.012957 0.009293808 0.6948075 0.2829417 
0.008923596 1.4648e-05 0.7146536 0.2764081 
0.0002226074 9.336397e-05 0.6967747 0.3029093 
0.0005286796 0.001735814 0.7859862 0.2117493 
0.007506966 0.01147695 0.6971732 0.2838429 
0.0003461934 0.007879249 0.6762643 0.3155102 
0.00153659 0.0003409452 0.6584199 0.3397026 
0.005779879 0.004126155 0.713046 0.2770479 
0.01341451 0.02199884 0.5912509 0.3733357 
0.0004153759 0.01068356 0.702122 0.2867791 
0.003613051 0.01315406 0.617236 0.3659969 
0.04087804 0.001107725 0.7382016 0.2198126 
0.005903379 0.005554559 0.7042591 0.2842829 
0.0118432 0.002324608 0.6407552 0.345077 
0.006419362 0.003331009 0.5824324 0.4078173 
0.00207502 0.01981829 0.710637 0.2674697 
0.01463196 0.001663689 0.7239914 0.259713 
0.01301562 0.005377162 0.6868824 0.2947249 
0.003086442 0.0009635651 0.7033028 0.2926472 
0.001602423 0.003617883 0.6299969 0.3647828 
0.006336289 0.02182476 0.6380899 0.333749 
0.0183245 0.004363556 0.6491948 0.3281172 
0.01110676 0.01130699 0.8121042 0.1654821 
0.0002425512 0.002545216 0.7747544 0.2224578 
0.01272955 0.0001528948 0.6340514 0.3530662 
0.0002438671 0.006478241 0.7397255 0.2535524 
0.01945816 0.004786374 0.6365111 0.3392444 
0.01560921 0.0009434501 0.6509486 0.3324988 
0.002373478 0.01907576 0.576045 0.4025058 
0.00506187 0.004285801 0.6974539 0.2931985 
0.01871815 0.001299567 0.6980182 0.2819641 
0.004720375 0.002103928 0.7382955 0.2548802 
0.001324902 0.01622261 0.6673383 0.3151141 
0.00888855 0.02264985 0.6735906 0.294871 
0.002824511 0.002310038 0.7000719 0.2947936 
0.0006935089 0.001216287 0.770635 0.2274552 
0.006528749 0.0103399 0.6397041 0.3434273 
0.007515827 0.03012266 0.7414969 0.2208646 
0.007928287 0.009839392 0.7139667 0.2682656 
8.868462e-05 0.01802619 0.6121677 0.3697174 
0.00882221 0.002431232 0.7920069 0.1967397 
0.003779747 0.003798878 0.6209818 0.3714396 
0.008061329 0.002853264 0.6911284 0.297957 
0.001394884 0.005932289 0.644545 0.3481279 
0.00350886 0.01666038 0.6988392 0.2809915 
0.008347918 0.003384643 0.6336474 0.35462 
1.646415e-06 0.002677544 0.7657591 0.2315617 
0.001445793 0.008867438 0.7922893 0.1973975 
0.001252646 0.002394974 0.7366487 0.2597037 
0.01007615 0.002765105 0.6547658 0.332393 
0.002608644 0.006102212 0.7075553 0.2837338 
0.002977488 0.004828046 0.7091529 0.2830415 
0.004879057 0.005119022 0.7106372 0.2793647 
0.0003463478 0.01265197 0.6066274 0.3803743 
0.003798233 0.008494043 0.7232128 0.2644949 
0.006439027 0.01037066 0.7656634 0.2175269 
0.004742732 0.01573888 0.762725 0.2167934 
0.0130291 0.002044497 0.7263246 0.2586018 
0.0008336139 0.006001898 0.6052137 0.3879508 
0.006628867 0.003466535 0.6978705 0.2920341 
0.004671259 0.0006663415 0.7427696 0.2518928 
0.004534797 0.01209672 0.6518859 0.3314826 
0.01873937 0.001138119 0.6090579 0.3710646 
0.01505545 0.01700673 0.5693255 0.3986123 
0.004303319 0.006526835 0.6396546 0.3495153 
0.004869709 0.002282371 0.6536834 0.3391645 
0.03030007 0.001213432 0.7049905 0.263496 
0.002885108 0.002120562 0.6039971 0.3909973 
0.01215849 0.0003251404 0.6827923 0.304724 
0.005890651 0.003712626 0.6864296 0.3039671 
0.001759408 0.01768496 0.5922931 0.3882625 
0.004116469 0.01051861 0.7052429 0.280122 
0.01576193 0.03772858 0.6547921 0.2917174 
0.01189597 0.004272376 0.7148901 0.2689415 
0.005407334 0.001903723 0.6760024 0.3166866 
0.01992422 0.006140584 0.7308267 0.2431085 
0.0002635741 0.001225692 0.7556722 0.2428385 
0.004061331 0.002042692 0.7127584 0.2811376 
0.004738698 0.002538816 0.7019009 0.2908216 
0.001836729 0.005566296 0.6780899 0.3145071 
0.001025093 0.002132944 0.6768709 0.319971 
0.002951575 0.001191222 0.668019 0.3278382 
0.0005352825 0.02209571 0.6086269 0.3687421 
0.0004239914 0.003723183 0.7690068 0.226846 
0.0002876703 0.01117727 0.7185054 0.2700296 
0.0007180505 0.00357138 0.8012276 0.194483 
0.006311613 0.00249683 0.6934542 0.2977374 
0.01884642 0.01253389 0.6890524 0.2795673 
0.009762645 0.005724453 0.6469275 0.3375854 
0.003403305 0.002796446 0.7035376 0.2902627 
0.0001497597 0.0004965453 0.6676535 0.3317001 
0.003122779 0.004388029 0.7363445 0.2561447 
0.007065633 0.009792281 0.6909158 0.2922263 
0.003599711 0.004394224 0.7222811 0.269725 
0.01143241 0.007294055 0.6225023 0.3587712 
0.03353267 0.002774397 0.7447618 0.2189311 
0.0008598257 0.02140361 0.6456385 0.332098 
0.004239103 0.01689649 0.7433535 0.2355109 
0.006403673 0.004730489 0.6795415 0.3093244 
0.01005669 0.007288387 0.6168065 0.3658485 
0.009289139 0.001091411 0.7275669 0.2620526 
0.002749646 0.003114581 0.673605 0.3205308 
0.006383985 0.00212798 0.6052143 0.3862737 
0.005680639 0.001470288 0.6607226 0.3321265 
0.0213552 0.007166965 0.7478434 0.2236344 
0.005526572 0.003917398 0.6608002 0.3297558 
0.001731042 0.01047255 0.6757216 0.3120748 
0.005381907 0.001610052 0.7594902 0.2335179 
0.001164327 0.0007382211 0.6871713 0.3109261 
0.007327784 0.001264461 0.6860699 0.3053378 
0.002950405 0.002088051 0.631635 0.3633265 
0.01229433 0.00106737 0.7152599 0.2713784 
0.007116812 0.003730254 0.6901759 0.2989771 
0.001240515 0.004440764 0.7614632 0.2328555 
0.01488687 0.01002364 0.6766233 0.2984661 
0.0025778 0.003910379 0.6774288 0.316083 
0.005149021 0.001753436 0.7284727 0.2646248 
0.001697561 0.01537639 0.591519 0.3914071 
0.01366987 0.003993855 0.7020659 0.2802703 
0.01319434 0.001846884 0.7049407 0.280018 
0.0210921 0.003705755 0.6583567 0.3168454 
0.008128592 0.003527758 0.6814819 0.3068617 
0.007309234 0.01348263 0.7090158 0.2701924 
0.0148331 0.005743378 0.6126872 0.3667363 
0.01077419 0.002574411 0.7336115 0.2530399 
0.0008507527 0.01635509 0.6208029 0.3619912 
0.02037492 0.0007414705 0.5293324 0.4495512 
0.005197102 0.003469602 0.6172446 0.3740887 
0.004438582 0.0006038247 0.6976223 0.2973353 
0.003257354 0.004054407 0.7367198 0.2559685 
0.01400046 0.002885467 0.6668294 0.3162847 
0.02263689 0.002729013 0.6229613 0.3516728 
1.177424e-05 0.00204504 0.6930475 0.3048957 
0.009343115 0.00214988 0.6891094 0.2993977 
0.0009972615 0.001437975 0.8330114 0.1645534 
0.004225552 0.007582994 0.6396849 0.3485065 
0.01014664 0.009861466 0.6481791 0.3318128 
0.002192051 0.002451936 0.6939878 0.3013683 
0.0002744087 0.001245634 0.7275919 0.270888 
0.003497527 0.01414359 0.7105745 0.2717844 
0.01109008 0.0003769826 0.6435204 0.3450126 
0.001035348 0.01451171 0.6646793 0.3197736 
0.007273786 0.0006791304 0.7287692 0.2632779 
0.03210387 0.000296426 0.7469519 0.2206478 
0.0005823449 0.004605638 0.8395211 0.155291 
0.00215543 0.009252255 0.723137 0.2654553 
0.004916742 0.005610257 0.6799213 0.3095517 
0.001627871 0.00582437 0.6807184 0.3118294 
0.005341344 1.203463e-05 0.7335977 0.2610489 
0.01009763 0.00380902 0.630918 0.3551753 
0.02549587 0.0001375453 0.7144254 0.2599411 
0.003577584 0.01547319 0.642013 0.3389363 
0.004635071 0.01238539 0.7100324 0.2729471 
0.01272982 0.005111425 0.7451575 0.2370013 
0.02543975 0.003097596 0.6009476 0.370515 
0.00272073 0.002106521 0.6188442 0.3763286 
0.00175213 0.02513901 0.7259215 0.2471873 
0.00165105 0.01542367 0.5546616 0.4282637 
0.01734869 0.0002360828 0.6538387 0.3285766 
0.02691624 0.005847155 0.6436256 0.323611 
0.01159525 0.0004248545 0.799745 0.1882349 
0.01703016 0.008738395 0.6815984 0.292633 
0.004366329 0.002140828 0.6334326 0.3600602 
0.004821164 0.002498801 0.7757903 0.2168897 
0.0001531349 0.01231995 0.727466 0.2600609 
0.0005392061 0.0216544 0.6856297 0.2921767 
0.00884153 0.0007319266 0.7143044 0.2761221 
0.01581662 0.008794882 0.7339246 0.2414639 
0.002809652 0.010263 0.7032448 0.2836825 
0.007692174 0.01034136 0.6551257 0.3268407 
0.007284404 0.01542161 0.6885599 0.2887341 
0.0009389008 0.02516639 0.6307344 0.3431603 
0.004549822 0.0007670804 0.6879277 0.3067554 
0.001555661 0.005493354 0.6809864 0.3119646 
0.006668731 0.001421772 0.7928969 0.1990126 
0.007024429 0.005583837 0.6849046 0.3024872 
0.002289052 0.006839822 0.6801344 0.3107367 
0.0002762742 0.006296704 0.6192292 0.3741978 
0.01211207 0.0005454779 0.6603429 0.3269996 
0.001929372 0.007963637 0.7200951 0.2700119 
0.001601767 0.002004111 0.7574271 0.238967 
0.003836023 0.00594316 0.6265555 0.3636654 
0.01159593 0.00135879 0.587577 0.3994683 
0.008806468 0.0152215 0.7195882 0.2563839 
0.01182838 0.007645964 0.7048452 0.2756805 
0.0319993 0.01272055 0.6887061 0.2665741 
0.005388992 0.00159318 0.6933628 0.2996551 
0.003004001 0.005948669 0.7489037 0.2421436 
0.01610207 0.010234 0.6793915 0.2942724 
0.001244131 0.003437938 0.701678 0.2936399 
0.00115907 0.005754646 0.6246489 0.3684373 
0.02727946 0.005104412 0.6548323 0.3127839 
0.000921659 0.003004998 0.670967 0.3251063 
0.00248426 0.01067905 0.7339951 0.2528416 
0.001468671 0.006998441 0.7945489 0.196984 
0.001961384 0.006816086 0.6139221 0.3773004 
0.002975937 0.0005753687 0.6828341 0.3136146 
0.0007087764 0.00912411 0.650878 0.3392891 
0.008743604 0.009635713 0.644466 0.3371546 
0.002880223 0.0105862 0.7366288 0.2499048 
0.0007885807 0.000619726 0.7095958 0.2889959 
0.008165822 0.01837742 0.6700881 0.3033686 
0.001999454 0.01079685 0.6872083 0.2999954 
0.003909494 0.003271436 0.6675235 0.3252956 
3.102451e-05 0.001800422 0.7073023 0.2908663 
0.004925576 0.004622177 0.7094826 0.2809697 
0.02142777 0.002281006 0.6655367 0.3107546 
0.002965931 0.003940761 0.6917845 0.3013088 
0.007869975 0.006412726 0.7118433 0.273874 
7.930481e-05 0.001603124 0.649655 0.3486626 
0.009330735 0.001804871 0.7182736 0.2705908 
0.006700101 0.001057787 0.7415764 0.2506657 
0.001868784 0.02016411 0.6940735 0.2838936 
0.004095642 0.01398192 0.5999762 0.3819462 
0.005459964 0.002181071 0.6699703 0.3223887 
0.003970433 0.005276955 0.75345 0.2373026 
0.008018826 0.002061323 0.6633049 0.326615 
0.01710653 0.005560136 0.7378195 0.2395138 
0.0008874241 0.01958817 0.6806476 0.2988768 
0.002740991 0.002194604 0.6807148 0.3143496 
0.009523582 0.008985125 0.6538448 0.3276465 
0.007213447 0.004381957 0.6637392 0.3246654 
0.0008760608 0.006867714 0.770616 0.2216402 
0.006226566 0.005791271 0.7701276 0.2178545 
0.01472172 0.001425796 0.6975264 0.2863261 
0.004423404 0.004963086 0.6481553 0.3424582 
0.004307071 0.005218691 0.6330493 0.3574249 
0.004007776 0.01827837 0.6852082 0.2925056 
0.0005703872 0.01034557 0.7512879 0.2377961 
0.00416863 0.01457974 0.6729609 0.3082907 
0.0008269992 0.002727236 0.600023 0.3964228 
0.004467501 0.001639995 0.7511334 0.2427591 
0.008104217 0.01092137 0.7036941 0.2772803 
0.01478643 0.001311019 0.7241368 0.2597658 
0.002229109 0.0006144775 0.6997255 0.2974309 
0.007604792 0.002638821 0.7081185 0.2816378 
