"p_1" "p_2" "p_3"
0.1373167 0.8065791 0.05610418
0.1676499 0.7751178 0.05723237
0.1640144 0.7720491 0.06393656
0.169982 0.7702928 0.05972523
0.1825383 0.7570321 0.06042962
0.1608801 0.7883841 0.05073585
0.176426 0.7734565 0.05011746
0.1550511 0.7925322 0.05241673
0.1760587 0.7772859 0.04665539
0.1783993 0.7685821 0.05301863
0.1640595 0.7876873 0.04825314
0.1687997 0.7685243 0.06267595
0.1721644 0.7775451 0.05029048
0.1500766 0.7958133 0.05411012
0.1632419 0.7767921 0.05996593
0.1369628 0.8156251 0.04741213
0.1809918 0.7745377 0.04447046
0.1447979 0.7948762 0.06032584
0.1874186 0.748831 0.06375039
0.1858605 0.752399 0.06174052
0.1346971 0.8058111 0.05949171
0.1653641 0.7814923 0.05314361
0.1448991 0.7961681 0.05893274
0.1747278 0.7670458 0.05822636
0.1395684 0.8010229 0.05940866
0.1623975 0.7775085 0.06009399
0.1680002 0.7681551 0.06384462
0.1634473 0.7892566 0.04729609
0.164795 0.7808193 0.05438569
0.1635147 0.7897469 0.0467384
0.176713 0.7640868 0.05920025
0.1574564 0.7811129 0.06143066
0.153379 0.7943361 0.05228489
0.1749415 0.7622574 0.06280107
0.1713411 0.7874569 0.04120196
0.1533098 0.797501 0.0491892
0.1472873 0.8112297 0.04148307
0.1519102 0.7987064 0.04938345
0.1739418 0.7730095 0.05304866
0.1811911 0.7585264 0.0602825
0.1815565 0.7770258 0.04141765
0.1506331 0.7898279 0.05953894
0.1768847 0.7703925 0.05272282
0.171061 0.7804523 0.04848665
0.1575037 0.7859872 0.0565091
0.1516601 0.7880714 0.06026853
0.1508383 0.798391 0.05077064
0.1619384 0.7757238 0.06233781
0.1665502 0.7786959 0.05475398
0.1862146 0.7523935 0.06139193
0.1573965 0.7904875 0.052116
0.1518273 0.7997855 0.04838717
0.1634022 0.7768928 0.05970505
0.1482418 0.7717431 0.0800151
0.1692918 0.7736818 0.05702642
0.1620208 0.7886815 0.04929767
0.1719581 0.7807942 0.04724776
0.1610704 0.7844516 0.05447798
0.1612009 0.7757619 0.06303716
0.1640805 0.7846201 0.05129943
0.1656192 0.7820576 0.05232316
0.1569823 0.7918774 0.05114032
0.1391712 0.8123643 0.04846449
0.1675092 0.7867255 0.04576524
0.165479 0.7622778 0.07224318
0.1633824 0.7784925 0.05812512
0.1896822 0.755729 0.05458881
0.1667765 0.7778977 0.05532584
0.1577046 0.7935115 0.04878391
0.1719857 0.7762617 0.05175264
0.1736125 0.7786315 0.04775605
0.1695723 0.7747366 0.05569118
0.1853447 0.7501573 0.06449797
0.1590709 0.7792968 0.06163233
0.1560406 0.7970385 0.04692086
0.1541716 0.7936135 0.05221491
0.1685677 0.7858977 0.04553455
0.1513891 0.7926503 0.05596054
0.1505938 0.7801248 0.06928137
0.1601599 0.7730884 0.06675178
0.1689801 0.7829341 0.04808581
0.1828364 0.7607973 0.05636629
0.1580959 0.7926418 0.04926233
0.1630231 0.7745642 0.0624127
0.1681088 0.7835668 0.04832431
0.1567574 0.7870753 0.05616731
0.1446217 0.8187799 0.0365984
0.1582056 0.7935813 0.04821306
0.1536146 0.8041999 0.04218558
0.1625411 0.7852593 0.05219966
0.1781642 0.7760235 0.04581224
0.166545 0.7740394 0.05941565
0.1588848 0.7830009 0.05811436
0.1462529 0.8063302 0.04741689
0.1804391 0.7692011 0.05035975
0.1509443 0.8012266 0.04782912
0.173268 0.7752923 0.05143974
0.1530059 0.8021128 0.04488137
0.1556388 0.793254 0.05110711
0.1545941 0.7934687 0.0519372
0.1806042 0.7703327 0.04906306
0.1398428 0.8043416 0.05581565
0.1529564 0.7985142 0.0485294
0.1671803 0.7855339 0.04728583
0.1518172 0.7848219 0.06336091
0.1482668 0.7928543 0.05887896
0.1458596 0.812582 0.04155847
0.1522819 0.7788231 0.06889502
0.1908644 0.756687 0.05244858
0.1544583 0.7866492 0.05889249
0.1624346 0.7638931 0.07367235
0.161506 0.7823014 0.05619267
0.1528563 0.7911559 0.05598779
0.1761621 0.7722548 0.05158312
0.1772622 0.7674765 0.05526135
0.1856901 0.7647205 0.0495894
0.181691 0.7498448 0.0684642
0.1425231 0.7961889 0.06128794
0.17812 0.7635801 0.05829994
0.1525244 0.7902683 0.05720729
0.15935 0.7825594 0.0580906
0.1709563 0.7749404 0.0541033
0.1725104 0.7748325 0.05265717
0.1574664 0.7882056 0.05432797
0.1720567 0.7784052 0.04953807
0.1883843 0.7560121 0.05560358
0.1636715 0.776737 0.0595915
0.1686485 0.7689678 0.06238362
0.1504623 0.7943126 0.05522513
0.1586837 0.7799625 0.06135382
0.1580578 0.7871443 0.05479786
0.1348053 0.8064272 0.05876757
0.1641536 0.7824215 0.05342481
0.1743046 0.7677354 0.05795997
0.1346515 0.8131782 0.05217028
0.1526287 0.7868898 0.06048151
0.1736844 0.7867671 0.03954846
0.1638634 0.7890767 0.04705993
0.1769495 0.7681976 0.05485288
0.1511868 0.7912566 0.05755662
0.1763513 0.7707062 0.05294243
0.1676178 0.7780414 0.05434085
0.1635107 0.7766856 0.05980366
0.173487 0.7552501 0.07126289
0.1789539 0.7618418 0.05920423
0.1522234 0.7887136 0.05906299
0.1650976 0.7760558 0.05884662
0.171102 0.7772281 0.05166989
0.157729 0.7862076 0.05606333
0.1623922 0.7777853 0.05982257
0.154417 0.7800549 0.06552815
0.1491087 0.8024292 0.04846206
0.167449 0.7760818 0.05646923
0.1633497 0.7698374 0.06681295
0.167163 0.7723566 0.06048037
0.1673136 0.7789278 0.05375858
0.1770035 0.7655058 0.05749073
0.1567279 0.7913998 0.05187238
0.1727666 0.7776387 0.04959465
0.1609665 0.7855566 0.05347686
0.1571051 0.7934859 0.04940898
0.1573568 0.7908951 0.05174813
0.1319742 0.8223886 0.04563722
0.1680675 0.774527 0.05740549
0.1673956 0.7813337 0.05127073
0.1287503 0.8119338 0.05931593
0.158242 0.7836993 0.05805869
0.1495486 0.7934386 0.05701277
0.1583412 0.7769521 0.06470675
0.1815501 0.7685071 0.0499428
0.1756603 0.7781371 0.04620255
0.1570199 0.7913752 0.05160494
0.1549933 0.7806841 0.06432267
0.163599 0.7705934 0.06580758
0.1765667 0.7737497 0.04968358
0.1756478 0.7710566 0.05329561
0.161633 0.7883328 0.05003422
0.1830961 0.7781498 0.03875415
0.172725 0.7668986 0.06037646
0.1650721 0.7784356 0.05649229
0.1539799 0.8006908 0.04532938
0.1572288 0.800354 0.0424172
0.1526161 0.7938215 0.05356241
0.1524966 0.7941106 0.05339276
0.1774752 0.763504 0.05902082
0.1668951 0.7636558 0.06944914
0.1395352 0.7998999 0.06056491
0.1666587 0.7854988 0.04784247
0.1479535 0.7767621 0.07528443
0.1586058 0.7781504 0.06324378
0.1497772 0.7921404 0.05808245
0.165122 0.7763876 0.05849034
0.1698039 0.7833838 0.04681235
0.18524 0.7593083 0.05545177
0.1577005 0.7914192 0.05088023
0.160107 0.7954511 0.04444185
0.1637994 0.775021 0.06117962
0.1522928 0.7915343 0.05617288
0.1787592 0.7773022 0.04393862
0.1500392 0.7975679 0.05239295
0.1649704 0.7753765 0.05965313
0.1526919 0.7950039 0.05230422
0.1661606 0.7845825 0.04925682
0.1679362 0.7596382 0.07242563
0.1568212 0.785368 0.05781078
0.1664104 0.7559175 0.07767204
0.1527426 0.7918835 0.05537389
0.1536113 0.7918229 0.05456583
0.1712135 0.784585 0.04420144
0.1545275 0.7908324 0.05464016
0.1771844 0.7625276 0.06028795
0.1694019 0.7711342 0.05946385
0.1737581 0.7751149 0.05112698
0.1741772 0.7590373 0.06678551
0.1631475 0.7742263 0.06262618
0.1504021 0.798159 0.05143893
0.1542571 0.7812291 0.06451382
0.1590035 0.7837648 0.05723165
0.1468578 0.7956991 0.0574431
0.1726277 0.7777605 0.04961179
0.1418788 0.7988171 0.0593041
0.1649287 0.7780687 0.05700262
0.1684743 0.7785453 0.05298041
0.1629653 0.7848111 0.05222358
0.1532728 0.7889852 0.057742
0.1678511 0.783696 0.04845294
0.1755074 0.7743935 0.05009914
0.1591869 0.7927819 0.04803127
0.1615072 0.7979153 0.0405775
0.1640142 0.7875081 0.04847765
0.1615056 0.7687101 0.06978426
0.1684966 0.7748834 0.05662
0.1762899 0.766321 0.05738911
0.1644321 0.7743789 0.06118892
0.1694685 0.7815893 0.04894217
0.1617788 0.7921353 0.04608589
0.1877197 0.7589589 0.05332137
0.148591 0.8037496 0.04765942
0.1837875 0.7492735 0.06693901
0.1607103 0.7723657 0.06692403
0.1595885 0.7874101 0.05300145
0.1655932 0.7832903 0.05111657
0.173564 0.773415 0.05302096
0.1520316 0.7827801 0.06518828
0.1607908 0.7913848 0.04782436
0.176154 0.7655542 0.05829178
0.1547782 0.7777127 0.06750908
0.1843577 0.7540046 0.06163772
0.1707172 0.7903061 0.0389767
0.1571521 0.7948019 0.048046
0.1989747 0.7532253 0.04780007
0.1631268 0.7881009 0.0487723
0.1851799 0.7547701 0.06004994
0.1423224 0.7979373 0.05974028
0.155709 0.7970302 0.04726077
0.1736298 0.7752761 0.05109405
0.1613588 0.7771177 0.0615235
0.1740802 0.7711081 0.05481173
0.1563657 0.7941908 0.04944351
0.1489471 0.7891738 0.06187906
0.1308852 0.8105756 0.05853924
0.1490905 0.7908694 0.06004011
0.1518129 0.7907719 0.05741521
0.1603503 0.7850782 0.05457156
0.1617027 0.7915912 0.04670613
0.1602626 0.7948788 0.04485863
0.1568664 0.7888086 0.054325
0.1626939 0.7815287 0.05577737
0.1576924 0.7906716 0.05163598
0.1687061 0.7683678 0.06292607
0.1720104 0.7790382 0.04895143
0.1659596 0.766835 0.06720537
0.1562132 0.7791476 0.06463923
0.1707403 0.7642096 0.06505017
0.1450227 0.798807 0.05617028
0.1580709 0.7810678 0.06086127
0.1809105 0.7758236 0.04326589
0.1967661 0.7415037 0.06173026
0.1569149 0.7939405 0.0491446
0.1606242 0.7770624 0.06231338
0.1823582 0.7582464 0.0593954
0.1432414 0.7990944 0.05766419
0.1607732 0.7934419 0.04578489
0.1633916 0.7691641 0.06744424
0.1752539 0.7657124 0.05903371
0.1907353 0.7508737 0.05839101
0.1543531 0.8040786 0.04156828
0.1394675 0.8111896 0.04934291
0.1675284 0.7716444 0.06082727
0.1459546 0.8089974 0.04504807
0.1626239 0.7863416 0.05103449
0.1735202 0.7725135 0.0539663
0.1493024 0.8029396 0.04775808
0.1639211 0.7770659 0.05901307
0.1543601 0.790482 0.05515788
0.1522493 0.8011927 0.04655804
0.1836592 0.7726455 0.04369535
0.1467254 0.7991601 0.05411449
0.1798836 0.7659873 0.05412918
0.1733685 0.7724556 0.05417595
0.1641481 0.7824947 0.05335726
0.1663064 0.7915677 0.04212588
0.1703709 0.7695576 0.06007151
0.1695793 0.7843965 0.04602421
0.1655365 0.7826288 0.05183476
0.1500843 0.7937016 0.0562141
0.1711807 0.7800142 0.04880512
0.1714404 0.7806803 0.04787929
0.1675656 0.7827571 0.04967727
0.1599534 0.7805565 0.05949015
0.1588873 0.7767363 0.06437648
0.157418 0.7920346 0.05054733
0.1642382 0.7846418 0.05112005
0.1766998 0.764092 0.05920813
0.146827 0.8107425 0.04243045
0.1405684 0.8000095 0.05942211
0.1699218 0.7808883 0.04918989
0.1567814 0.7864128 0.05680587
0.1700196 0.77343 0.05655041
0.1672117 0.784315 0.04847326
0.1822378 0.7462137 0.07154849
0.1757598 0.7705446 0.0536956
0.1778114 0.7616857 0.06050285
0.170908 0.7812285 0.04786353
0.1730954 0.7647715 0.06213311
0.1611082 0.780911 0.0579808
0.1888404 0.7582405 0.05291904
0.1533855 0.7843076 0.0623069
0.1702192 0.7699762 0.05980454
0.1614481 0.7812144 0.05733752
0.1636131 0.788485 0.04790192
0.1547457 0.7966023 0.04865202
0.1620486 0.7871451 0.05080632
0.148162 0.7822697 0.06956827
0.1591846 0.7884348 0.05238067
0.1404897 0.7995995 0.05991083
0.1834268 0.7611 0.05547325
0.1485009 0.7983624 0.0531367
0.1634204 0.7671495 0.06943013
0.1698123 0.7797353 0.05045233
0.1659043 0.791396 0.04269972
0.1722568 0.7728831 0.05486011
0.1565818 0.7824271 0.06099108
0.1559986 0.7877388 0.0562626
0.1582273 0.7859995 0.05577323
0.154033 0.7783639 0.06760302
0.1623784 0.7735392 0.06408241
0.1537256 0.7842164 0.06205801
0.1427503 0.8082983 0.04895139
0.1449972 0.8141398 0.04086298
0.1569997 0.7858467 0.05715356
0.1520722 0.7821399 0.06578791
0.1541229 0.7898459 0.05603114
0.1705905 0.768761 0.06064848
0.1738181 0.7846469 0.04153501
0.1453693 0.7944107 0.06021992
0.1632705 0.7740702 0.06265931
0.1785099 0.7587262 0.06276393
0.196922 0.7545244 0.04855366
0.1596582 0.800329 0.04001278
0.1518249 0.7939897 0.05418541
0.1714294 0.783412 0.04515852
0.1654648 0.7685106 0.06602453
0.1723457 0.7785945 0.04905981
0.1721584 0.7776681 0.0501735
0.1549361 0.7766042 0.06845976
0.1671655 0.7781358 0.05469871
0.1629384 0.7837935 0.05326811
0.1693018 0.7705597 0.06013842
0.1790921 0.7635845 0.05732339
0.159483 0.7983362 0.04218078
0.1546713 0.7832715 0.06205714
0.1528892 0.7929975 0.05411331
0.1908978 0.7537641 0.05533811
0.1816499 0.7677777 0.05057237
0.151149 0.7834068 0.06544415
0.1604256 0.79053 0.04904449
0.1683284 0.7933767 0.03829488
0.1433808 0.8107606 0.04585859
0.1534103 0.7845057 0.06208406
0.1581623 0.7854866 0.05635109
0.1781206 0.7649358 0.05694359
0.1715732 0.7845886 0.04383827
0.1928839 0.7492536 0.05786243
0.1503989 0.8010126 0.04858849
0.1659711 0.7696445 0.06438441
0.1704723 0.7712835 0.05824414
0.1645639 0.7874275 0.04800859
0.1559301 0.7859278 0.05814217
0.169693 0.7819357 0.04837129
0.1518014 0.7897857 0.05841287
0.1755521 0.7765428 0.04790512
0.1562425 0.7827457 0.06101189
0.1622208 0.7857783 0.05200087
0.1673848 0.7857355 0.04687973
0.1472405 0.8080169 0.04474262
0.16288 0.7922874 0.04483261
0.2047406 0.7430557 0.05220372
0.1507214 0.7865524 0.06272619
0.1611321 0.7804324 0.05843549
0.1837554 0.7638086 0.05243606
0.1660387 0.7692866 0.06467467
0.1503018 0.7936825 0.05601577
0.1419956 0.8045105 0.05349388
0.1560253 0.78291 0.06106468
0.1738362 0.7786333 0.04753051
0.1775756 0.7720597 0.05036472
0.1500492 0.8000669 0.04988391
0.1682254 0.783176 0.04859853
0.1431324 0.8055836 0.05128401
0.1606311 0.787089 0.05227987
0.1643242 0.7885419 0.04713387
0.163272 0.7697023 0.06702573
0.1634674 0.7854296 0.051103
0.1738422 0.7714297 0.05472815
0.1792255 0.7723792 0.04839527
0.1579245 0.792664 0.0494115
0.1638663 0.7982242 0.03790942
0.1477579 0.7941992 0.05804291
0.1493041 0.7984071 0.05228878
0.1733135 0.7765622 0.05012435
0.1699516 0.7775204 0.05252801
0.1653883 0.7499026 0.08470909
0.1684984 0.7673244 0.06417721
0.1826953 0.7730767 0.04422806
0.172759 0.7750445 0.05219645
0.1618495 0.7828259 0.05532462
0.1691344 0.7581468 0.07271873
0.1544592 0.7914013 0.05413945
0.164983 0.7777249 0.05729218
0.1543675 0.8027102 0.04292232
0.1877694 0.7716379 0.04059267
0.1608448 0.7740525 0.06510267
0.1793773 0.7806073 0.04001544
0.1618271 0.7821801 0.05599275
0.1640637 0.7858888 0.05004751
0.170625 0.7777188 0.0516562
0.1485591 0.7939361 0.05750478
0.1476733 0.8020289 0.05029782
0.168261 0.7748733 0.05686565
0.1557365 0.7941096 0.05015387
0.1485023 0.7919236 0.05957406
0.1592315 0.773147 0.06762148
0.1556783 0.7910532 0.0532685
0.1517531 0.8047503 0.04349662
0.1680823 0.7732056 0.05871213
0.1498654 0.7887996 0.061335
0.173822 0.7708123 0.05536575
0.1904095 0.7602588 0.04933172
0.1502481 0.8060039 0.04374798
0.1795521 0.7665876 0.05386023
0.1733391 0.7806458 0.04601514
0.1608697 0.7744512 0.06467917
0.1732602 0.7705561 0.05618373
0.161711 0.7784212 0.05986781
0.1826959 0.7659538 0.05135025
0.173286 0.7685659 0.05814807
0.1648129 0.7791651 0.056022
0.1810702 0.7693102 0.04961959
0.1525066 0.7863767 0.06111665
0.168653 0.7811714 0.05017565
0.1579756 0.7865554 0.05546892
0.14434 0.7984717 0.05718828
0.154968 0.7823498 0.06268222
0.1498248 0.7974733 0.0527019
0.1635836 0.7751495 0.06126686
0.1714219 0.7735566 0.05502148
0.1725854 0.773767 0.05364753
0.1476126 0.7966802 0.05570717
0.1431943 0.8112244 0.04558127
0.1673266 0.780495 0.05217841
0.1652482 0.7857713 0.04898045
0.1757396 0.7713912 0.05286925
0.1646922 0.7887033 0.04660458
0.1547359 0.7986094 0.04665467
0.1694976 0.7701919 0.06031049
0.1411888 0.7965546 0.06225659
0.1705781 0.7698942 0.05952772
0.1587759 0.7915768 0.04964732
0.19136 0.7617118 0.04692825
0.1440672 0.8087825 0.04715027
0.1420386 0.8135491 0.04441225
0.193372 0.7679508 0.03867715
0.1781198 0.7814442 0.04043597
0.1560387 0.8003665 0.04359473
0.1441839 0.7930562 0.06275983
0.1578696 0.7951899 0.04694054
0.1637587 0.7904289 0.04581242
0.1376949 0.8027692 0.05953586
0.1672809 0.7756193 0.05709975
0.1525377 0.7794648 0.06799749
0.1683541 0.7795252 0.05212073
0.1769933 0.763281 0.05972566
0.1544493 0.7833594 0.06219125
0.168774 0.7729373 0.05828875
0.1703275 0.77348 0.05619245
0.1670903 0.7691313 0.06377843
0.1826094 0.7536411 0.06374951
0.1603611 0.7822587 0.05738018
0.1564795 0.7827627 0.0607578
0.1822442 0.7495216 0.06823423
0.1550303 0.7841215 0.0608482
0.1523807 0.7929661 0.0546532
0.1758784 0.7706846 0.05343699
0.1446547 0.7947652 0.06058006
0.1727539 0.7739765 0.05326962
0.1627776 0.7816948 0.05552754
0.1552234 0.8009205 0.04385603
0.1716258 0.777316 0.05105815
0.1653142 0.7795737 0.05511215
0.171262 0.7719961 0.0567419
0.1704646 0.7734024 0.05613301
0.1705968 0.7805437 0.04885949
0.1434971 0.7954711 0.0610318
0.1645106 0.7912299 0.04425946
0.1735255 0.7805647 0.04590985
0.1521984 0.797966 0.04983568
0.1726782 0.7703134 0.05700842
0.1716287 0.7774943 0.05087703
0.161298 0.7809231 0.05777889
0.1752338 0.7747634 0.0500028
0.1510724 0.790421 0.05850662
0.1688538 0.7710098 0.06013639
0.1510003 0.8052771 0.04372261
0.1759337 0.7687662 0.05530012
0.1780081 0.7620253 0.05996659
0.1791955 0.7706315 0.05017299
0.1702606 0.7725926 0.05714682
0.1588152 0.798387 0.04279786
0.1530143 0.7872272 0.05975854
0.1732084 0.7780259 0.04876572
0.1673843 0.7692704 0.06334534
0.1538065 0.7933466 0.05284692
0.1230718 0.8116001 0.06532812
0.1815087 0.7754706 0.04302073
0.1875223 0.7616817 0.05079601
0.1501237 0.793663 0.05621325
0.1695407 0.7881693 0.04229003
0.1907657 0.7525577 0.05667656
0.1597717 0.7908706 0.04935764
0.1840974 0.7705998 0.04530278
0.1477557 0.8040814 0.04816297
0.1785431 0.7748507 0.04660618
0.1471619 0.7970291 0.05580893
0.1618836 0.7818451 0.05627131
0.1590705 0.7848513 0.05607823
0.1718441 0.7741699 0.05398599
0.1603395 0.7910749 0.0485856
0.16173 0.7823969 0.0558731
0.1588077 0.7926107 0.04858153
0.1615371 0.7671379 0.07132505
0.1709564 0.7725566 0.05648696
0.1594927 0.7900061 0.05050126
0.1571378 0.7851815 0.05768077
0.1797049 0.7646318 0.05566331
0.1637041 0.7813049 0.05499097
0.1931622 0.7616476 0.04519023
0.1730057 0.7797425 0.04725182
0.1637769 0.7896423 0.0465808
0.1657914 0.7824726 0.05173601
0.1580221 0.7763908 0.06558715
0.1679846 0.7942213 0.03779408
0.1683501 0.7749485 0.05670141
0.1457972 0.7917008 0.06250197
0.1726226 0.7789735 0.04840397
0.1558763 0.7915955 0.05252821
0.1589179 0.7896273 0.05145472
0.1687061 0.7589586 0.07233531
0.1649091 0.7825346 0.05255635
0.1640125 0.7823311 0.05365643
0.1532976 0.7720731 0.07462932
0.1329549 0.7998233 0.06722185
0.1559806 0.7927559 0.05126347
0.1434331 0.8058084 0.05075854
0.168601 0.7745017 0.05689729
0.1634285 0.7796154 0.05695607
0.169242 0.7736853 0.05707265
0.1425456 0.7934616 0.06399279
0.1494405 0.7963624 0.05419706
0.1533883 0.7789014 0.06771034
0.1744134 0.7590572 0.06652945
0.1942059 0.7567948 0.04899926
0.1612137 0.7869837 0.05180258
0.1731331 0.7714703 0.05539664
0.1890964 0.7499117 0.06099189
0.1645967 0.7734935 0.06190981
0.1791155 0.7588766 0.06200788
0.1652363 0.774466 0.06029762
0.1639765 0.7839374 0.05208608
0.1719623 0.7708068 0.05723085
0.1440079 0.7950212 0.06097091
0.1708207 0.7640086 0.06517074
0.1545154 0.7871254 0.05835922
0.1687584 0.7724388 0.05880279
0.149116 0.7934124 0.05747158
0.1593152 0.7831222 0.05756259
0.1682019 0.7634859 0.06831222
0.1650361 0.7749586 0.0600053
0.1861572 0.7667807 0.04706208
0.163938 0.7804282 0.05563379
0.1672322 0.7685734 0.06419439
0.1805391 0.7670095 0.0524514
0.1565708 0.7860109 0.05741834
0.1505521 0.7966982 0.05274976
0.1662646 0.7819352 0.05180021
0.1643414 0.7844074 0.05125126
0.1655693 0.7791343 0.05529634
0.1581352 0.7807776 0.06108721
0.16589 0.7783641 0.05574595
0.1692658 0.776117 0.0546172
0.1524798 0.8026758 0.04484438
0.1641095 0.7809169 0.05497364
0.1500421 0.8034492 0.04650872
0.1479406 0.791029 0.06103036
0.1506897 0.8059774 0.04333291
0.1812742 0.7627411 0.0559847
0.169271 0.7787149 0.05201408
0.1539226 0.7706342 0.07544321
0.1517526 0.7961308 0.05211657
0.1693897 0.7680291 0.06258126
0.1653118 0.7785803 0.05610782
0.1739538 0.7692018 0.05684435
0.1811726 0.7597125 0.05911495
0.172937 0.7732379 0.05382509
0.1463992 0.8006636 0.05293727
0.1691899 0.7896228 0.04118725
0.1461211 0.789699 0.06417982
0.1715298 0.7679844 0.06048577
0.1514619 0.7952268 0.05331133
0.1658221 0.7741943 0.05998356
0.1591853 0.7890036 0.05181108
0.1712159 0.7871423 0.04164177
0.1366847 0.7989804 0.06433489
0.1496266 0.7879168 0.06245659
0.1467046 0.7979977 0.05529762
0.190899 0.7495935 0.05950747
0.1651665 0.7761079 0.05872559
0.1614951 0.7850873 0.05341755
0.1502733 0.7866481 0.06307852
0.1711611 0.7828678 0.04597101
0.1545229 0.7860014 0.05947569
0.1777299 0.7653271 0.05694299
0.1666814 0.7772216 0.05609699
0.1452919 0.8004214 0.05428669
0.1539591 0.7830068 0.06303408
0.1910019 0.7644371 0.04456094
0.1666369 0.7762031 0.05716003
0.1709795 0.7770928 0.05192765
0.1501305 0.7988315 0.05103801
0.1696985 0.7773855 0.05291604
0.1587667 0.7832509 0.05798248
0.1523682 0.7897515 0.05788028
0.1574547 0.776648 0.06589729
0.1655803 0.7842896 0.0501302
0.170113 0.7706524 0.05923467
0.1493187 0.7936065 0.05707481
0.1731495 0.7807162 0.04613438
0.179678 0.7576686 0.0626534
0.1566547 0.7919243 0.05142099
0.1622146 0.7776404 0.060145
0.1716191 0.7809056 0.04747536
0.1850898 0.751823 0.06308722
0.1782439 0.7668385 0.05491762
0.1548449 0.7872573 0.05789772
0.1623632 0.7743344 0.06330237
0.1378797 0.8130828 0.04903746
0.1988085 0.7421839 0.05900761
0.1531348 0.784232 0.06263318
0.1586546 0.7873022 0.05404319
0.1754543 0.7660856 0.05846009
0.1800856 0.7600102 0.05990415
0.1720777 0.7685515 0.05937079
0.144712 0.8080099 0.04727801
0.1504878 0.7925627 0.05694954
0.16059 0.7763439 0.06306613
0.1683895 0.7776195 0.05399105
0.1606671 0.7942894 0.04504345
0.1547114 0.7829837 0.06230489
0.1614512 0.7745046 0.0640442
0.1764251 0.7675032 0.05607175
0.1544082 0.8121648 0.033427
0.1604671 0.782402 0.05713093
0.1642709 0.7715731 0.06415602
0.1759346 0.7808734 0.04319204
0.1762673 0.7681125 0.05562028
0.1730214 0.774031 0.05294757
0.17566 0.7642046 0.06013546
0.1562779 0.7846663 0.0590558
0.1613794 0.7794248 0.05919575
0.1808401 0.7579975 0.06116242
0.1705631 0.7785484 0.05088842
0.148464 0.7895475 0.06198854
0.1731426 0.7842923 0.04256502
0.1697496 0.7729266 0.05732384
0.1529036 0.7801063 0.06699009
0.164358 0.7887148 0.0469272
0.1608237 0.7732318 0.06594452
0.1517742 0.7789683 0.06925754
0.1590531 0.7908002 0.05014667
0.158278 0.7871628 0.05455918
0.1452423 0.7983516 0.05640613
0.1644974 0.7924578 0.04304477
0.1698314 0.7769347 0.05323394
0.1586088 0.8014966 0.03989467
0.1611001 0.7920735 0.0468264
0.1502636 0.7987464 0.05098998
0.1606976 0.7759639 0.06333856
0.1478004 0.800867 0.05133256
0.1605562 0.787035 0.05240879
0.1701098 0.7716862 0.05820403
0.1487846 0.8047065 0.04650888
0.1771582 0.7627718 0.06006994
0.1508277 0.7803917 0.06878055
0.1752603 0.7739265 0.05081315
0.1513373 0.7897449 0.05891782
0.1500263 0.7864683 0.06350536
0.1668004 0.796357 0.03684259
0.143264 0.8059364 0.05079964
0.1416834 0.7908118 0.06750474
0.1733192 0.771542 0.05513876
0.1886006 0.7614032 0.04999612
0.1765147 0.7745373 0.04894794
0.178772 0.7814362 0.03979177
0.1612426 0.7831983 0.05555916
0.19246 0.7655202 0.0420198
0.1393249 0.7977834 0.06289166
0.1672783 0.7834514 0.04927035
0.1517091 0.7845643 0.06372661
0.168403 0.7908113 0.04078566
0.1682815 0.7730514 0.05866715
0.1442111 0.8006516 0.05513722
0.1733646 0.7570237 0.06961171
0.1623322 0.7865467 0.05112116
0.1489191 0.7913436 0.0597373
0.1704019 0.7655195 0.06407859
0.1708856 0.7672174 0.06189702
0.1660698 0.7666384 0.06729186
0.1864453 0.7667937 0.04676107
0.1414041 0.7906991 0.06789675
0.1625729 0.7937812 0.04364596
0.170812 0.7782174 0.05097058
0.1536243 0.7823846 0.06399108
0.1975655 0.7491648 0.05326977
0.1890904 0.7474886 0.06342097
0.1535816 0.7981331 0.0482853
0.1707033 0.7784571 0.05083958
0.1546717 0.7969255 0.04840287
0.1817758 0.7747796 0.04344456
0.1629529 0.790104 0.04694307
0.1725916 0.7742855 0.05312286
0.1778175 0.774821 0.04736151
0.157247 0.7966963 0.04605667
0.1802728 0.7628307 0.05689646
0.1660876 0.7806382 0.05327415
0.1639002 0.7764337 0.05966605
0.1637058 0.7807473 0.05554685
0.2016139 0.7462688 0.0521173
0.1602134 0.7805109 0.0592757
0.1480319 0.7867471 0.06522104
0.152184 0.7983702 0.04944586
0.1655449 0.7684084 0.06604677
0.1834649 0.7701377 0.04639737
0.1709328 0.7727321 0.05633514
0.1729174 0.77553 0.05155263
0.1682179 0.7737806 0.05800147
0.1669238 0.7793511 0.05372507
0.1564575 0.7907466 0.05279587
0.1394514 0.8034814 0.0570672
0.171404 0.7734691 0.05512688
0.1583459 0.7695048 0.07214931
0.1465404 0.8014307 0.0520289
0.1602285 0.7767065 0.06306498
0.1435056 0.8066292 0.04986516
0.1502825 0.7957955 0.05392198
0.1750492 0.7848482 0.0401026
0.1598542 0.7848434 0.05530237
0.1739771 0.7804283 0.04559458
0.1464687 0.8038616 0.04966961
0.1575216 0.7865417 0.0559367
0.1684075 0.7832231 0.04836948
0.1704496 0.7747569 0.05479355
0.1886687 0.7689102 0.04242106
0.1445328 0.7962343 0.0592329
0.165579 0.7762589 0.05816209
0.1569259 0.799026 0.0440481
0.1621359 0.7842651 0.053599
0.1645613 0.7878979 0.0475407
0.1591427 0.774732 0.06612526
0.1534578 0.7957251 0.05081708
0.1692221 0.7794725 0.05130542
0.1844065 0.7582652 0.05732828
0.1568918 0.7889702 0.05413806
0.1698849 0.768916 0.06119908
0.1729983 0.7680112 0.0589905
0.1483652 0.7686156 0.08301917
0.155824 0.7857439 0.05843211
0.159497 0.7870928 0.05341021
0.139588 0.8090262 0.05138585
0.1450538 0.7809354 0.07401075
0.1543799 0.7914214 0.05419867
0.1670745 0.7745539 0.05837167
0.1843078 0.7664317 0.04926053
0.1570681 0.7750028 0.06792904
0.1585996 0.7898036 0.05159681
0.175178 0.762168 0.06265402
0.1712436 0.782922 0.0458344
0.1838578 0.7626273 0.05351487
0.1640878 0.7790083 0.0569039
0.1656316 0.7712996 0.06306875
0.1376596 0.8003919 0.06194852
0.1600351 0.7810648 0.05890016
0.1614377 0.7840539 0.05450839
0.1509675 0.7819043 0.06712822
0.1822136 0.7463736 0.07141285
0.1715752 0.7743525 0.05407221
0.170877 0.7829176 0.04620546
0.1780697 0.7685714 0.05335886
0.1467868 0.8096114 0.04360179
0.150858 0.7961135 0.05302851
0.1643739 0.7893278 0.04629834
0.1463126 0.7876199 0.06606752
0.1743829 0.7739832 0.05163388
0.1645031 0.7838182 0.05167877
0.172313 0.7736153 0.05407175
0.1556842 0.7923442 0.05197159
0.1889395 0.7589158 0.05214477
0.1497387 0.7969183 0.05334301
0.1648699 0.7773273 0.05780279
0.1324642 0.8031191 0.06441672
0.1912933 0.7531889 0.05551771
0.1692261 0.7765372 0.05423666
0.1694321 0.7843674 0.04620051
0.1445569 0.7901427 0.0653004
0.1436945 0.7959197 0.06038582
0.1499029 0.8008555 0.04924158
0.1906946 0.7446016 0.06470385
0.1468442 0.7889931 0.06416273
0.1823243 0.7622152 0.05546049
0.1558193 0.7836035 0.06057719
0.1657688 0.7861555 0.04807574
0.1651726 0.7753806 0.05944681
0.1598529 0.7860479 0.05409917
0.1724407 0.7749624 0.05259686
0.1535036 0.7889209 0.05757554
0.161819 0.7930944 0.04508666
0.1501609 0.7810315 0.06880759
0.1727582 0.7644088 0.06283303
0.1487418 0.8018641 0.04939406
0.1705977 0.7661947 0.06320756
0.164777 0.7838037 0.05141925
0.1484187 0.8075514 0.04402984
0.1661614 0.7768276 0.05701098
0.1767296 0.7632717 0.05999873
0.1619625 0.7901305 0.04790705
0.1530723 0.7905578 0.05636982
0.1735634 0.7641942 0.06224243
0.1590974 0.7878774 0.05302525
0.157327 0.7825623 0.06011064
0.1625886 0.769844 0.06756738
0.1537834 0.7935544 0.05266216
0.1645645 0.7982057 0.03722979
0.1827034 0.7669207 0.05037592
0.1579746 0.7881723 0.05385309
0.145357 0.7836529 0.07099011
0.1508393 0.8061868 0.04297384
0.1745007 0.7733099 0.05218944
0.1550293 0.7807091 0.06426165
0.1821228 0.7700732 0.04780397
0.1728342 0.7776018 0.04956403
0.1653294 0.7749815 0.05968904
0.1624889 0.787444 0.05006714
0.157292 0.7682346 0.07447336
0.1543316 0.7864549 0.05921351
0.1578966 0.7862691 0.05583427
0.1499131 0.7838206 0.06626632
0.1423349 0.7924477 0.06521737
0.1576604 0.7881591 0.05418047
0.1212162 0.8201793 0.05860458
0.1662928 0.7865764 0.0471308
0.1715043 0.7817815 0.04671416
0.161991 0.7802116 0.05779736
0.1711205 0.7768114 0.05206813
0.1593059 0.7758897 0.0648044
0.1659969 0.7789013 0.05510182
0.1550331 0.786144 0.05882291
0.1382091 0.8020161 0.05977473
0.1630756 0.7907995 0.04612491
0.1626107 0.7799083 0.05748099
0.1666417 0.781187 0.05217134
0.1627956 0.7618344 0.07537001
0.1607858 0.7903015 0.04891268
0.1599364 0.7890891 0.05097444
0.1534268 0.7968073 0.04976589
0.1661364 0.7809024 0.05296123
0.1615804 0.7882843 0.05013531
0.1789464 0.7687551 0.05229848
0.1617244 0.7731431 0.06513256
0.1472599 0.7998129 0.05292715
0.1613788 0.7729852 0.06563606
0.1460866 0.7969714 0.05694202
0.1598112 0.7797053 0.06048351
0.148278 0.7913692 0.06035275
0.1895664 0.758422 0.05201156
0.1692695 0.7741059 0.0566246
0.1628905 0.7777484 0.05936112
0.1521334 0.7800302 0.06783642
0.1594577 0.7863133 0.05422904
0.1531298 0.7779714 0.06889875
0.1615713 0.7678185 0.07061019
0.1574321 0.7877725 0.05479539
0.1537548 0.7720972 0.07414802
0.1655733 0.781306 0.05312074
0.1691654 0.7903187 0.04051588
0.1735543 0.7690973 0.05734845
0.1480716 0.7840658 0.0678626
0.1425841 0.7984072 0.05900874
0.1545345 0.7783739 0.06709158
0.1807641 0.7597408 0.05949507
0.1357819 0.8175064 0.04671165
0.1459093 0.7912023 0.06288848
0.1639244 0.7911172 0.04495838
0.159416 0.7786535 0.06193045
0.1617764 0.7724758 0.0657478
0.188535 0.764699 0.04676604
0.1564963 0.7952587 0.04824504
0.1438513 0.8073781 0.04877066
0.1519662 0.8054047 0.04262919
0.1818232 0.7698108 0.04836601
0.1608769 0.7793377 0.05978544
0.1811298 0.764713 0.05415715
0.1568369 0.7954434 0.0477197
0.1650507 0.7927292 0.04222006
0.1305394 0.8153735 0.05408709
0.1805605 0.7682336 0.05120591
0.1578139 0.7916249 0.0505612
0.1806821 0.7555342 0.06378373
0.1867103 0.7483365 0.06495321
0.1635599 0.7613203 0.07511984
0.1718799 0.7624228 0.06569733
0.1650398 0.7803113 0.05464886
0.1843623 0.7701897 0.04544793
0.1475195 0.8081339 0.04434662
0.1532211 0.7842751 0.06250374
0.151452 0.787707 0.06084102
0.145898 0.7946759 0.05942604
0.1522673 0.7982559 0.04947681
0.1646285 0.7640206 0.07135083
0.1794835 0.7753969 0.04511961
0.1630117 0.7889023 0.04808597
0.1494379 0.7837246 0.0668375
0.1561071 0.8026562 0.0412367
0.1799883 0.7540465 0.0659652
0.1729643 0.7747737 0.05226194
0.1636863 0.7733584 0.06295529
0.147965 0.7900794 0.06195564
0.1818378 0.7596369 0.05852528
0.1620366 0.7870958 0.05086767
0.1752033 0.768314 0.05648275
0.1656196 0.7769296 0.05745077
0.1605048 0.7837492 0.05574603
0.1399121 0.8172608 0.04282713
0.1565675 0.7921482 0.05128439
0.1464609 0.7963576 0.05718156
0.1766163 0.7760817 0.04730201
0.1678428 0.7792732 0.05288405
0.1643244 0.7897992 0.04587638
0.1626017 0.7903245 0.04707375
0.1670293 0.7718274 0.0611433
0.1544241 0.7873064 0.05826958
0.1865052 0.7552043 0.05829047
0.1556366 0.7860261 0.05833727
0.1607595 0.7907534 0.04848705
0.1623117 0.7929883 0.04470005
0.1581255 0.7802493 0.06162527
0.1520601 0.7879754 0.05996445
0.1745775 0.7662433 0.05917915
0.1577944 0.7807745 0.06143112
0.1686563 0.7765247 0.05481907
0.1643506 0.7830038 0.0526456
0.1628927 0.7890198 0.0480876
0.1475168 0.8041231 0.04836011
0.1514542 0.7921389 0.0564069
0.1624067 0.7837199 0.05387335
0.1923073 0.7538967 0.05379597
0.1480365 0.7961796 0.05578392
0.1475663 0.7927509 0.05968284
0.1630782 0.782783 0.05413874
0.1514383 0.7929707 0.05559098
0.1890479 0.7566478 0.05430428
0.163229 0.788671 0.04809996
0.1633254 0.7759481 0.06072648
0.1684131 0.7702692 0.06131767
0.1783532 0.7716582 0.04998855
0.1444449 0.8008546 0.05470049
0.1661662 0.7768548 0.05697903
0.1696853 0.7769873 0.05332747
0.1774133 0.7640008 0.05858592
0.1415635 0.8000887 0.0583478
0.1673543 0.7686718 0.06397388
0.1600491 0.786248 0.05370293
0.1723203 0.7805481 0.0471316
0.1666224 0.7759822 0.05739548
0.1732567 0.7685414 0.05820194
0.1667939 0.7793295 0.0538766
0.1576925 0.7756941 0.06661346
0.1515597 0.8021704 0.04626989
0.1545557 0.7866759 0.0587684
0.1792526 0.7663514 0.05439598
0.1404098 0.798171 0.06141914
0.1659121 0.7751773 0.05891067
0.1686586 0.7808193 0.05052214
0.1686933 0.7792706 0.05203616
0.1541723 0.795532 0.05029579
0.1661692 0.7681394 0.06569149
0.1625007 0.7765872 0.06091206
0.161791 0.7924149 0.04579405
0.1712686 0.7775491 0.0511823
0.1704569 0.7797875 0.04975557
0.1669742 0.7780444 0.05498142
0.1647903 0.7769263 0.05828346
0.1595071 0.7771935 0.06329936
0.1561607 0.79194 0.05189931
0.1687167 0.7828027 0.04848061
0.1573099 0.7883795 0.05431064
0.154054 0.7988835 0.04706249
0.1526793 0.7894822 0.05783844
0.154477 0.787954 0.05756903
0.1522393 0.7960433 0.05171738
0.1690356 0.7778066 0.05315784
0.146046 0.7978616 0.05609242
0.1656399 0.7620189 0.07234118
0.1600813 0.7873316 0.05258706
0.1570817 0.7948371 0.04808122
0.1551817 0.7809522 0.06386609
0.1725513 0.7752476 0.05220112
0.1767003 0.7776933 0.04560637
0.1688496 0.7848076 0.04634276
0.1654717 0.7692066 0.0653217
0.1623108 0.7802775 0.05741177
0.1534334 0.7897463 0.05682039
0.1589273 0.7984256 0.04264712
0.1857869 0.7771226 0.03709049
0.1504022 0.8026326 0.04696518
0.1415781 0.8078389 0.05058297
0.1560153 0.8004115 0.04357316
0.1837036 0.7684525 0.0478439
0.1617937 0.7670305 0.07117582
0.146575 0.8044114 0.04901354
0.1568456 0.7883485 0.05480584
0.1552147 0.7852052 0.05958005
0.1489085 0.8000149 0.05107658
0.1658219 0.7806306 0.05354753
0.1791595 0.7739412 0.04689936
0.1669015 0.7711019 0.06199663
0.1641879 0.779419 0.05639312
0.1586483 0.7957428 0.0456089
0.1641467 0.7717181 0.06413517
0.1375464 0.8074957 0.05495788
0.1542654 0.7820601 0.06367448
0.1695315 0.7608062 0.06966234
0.159004 0.789065 0.05193099
0.1473625 0.7979169 0.05472057
0.152576 0.7734396 0.07398447
0.1838802 0.7536945 0.06242534
0.1705163 0.7888857 0.04059797
0.1701866 0.7714101 0.05840338
0.1771162 0.7687462 0.05413755
0.172721 0.7672131 0.06006594
0.1941101 0.757832 0.04805793
0.1789916 0.7645017 0.05650665
0.1639333 0.7887955 0.04727112
0.1514717 0.7994474 0.04908091
0.1549475 0.8008144 0.04423803
0.168967 0.7757388 0.0552942
0.1636505 0.7830257 0.05332381
0.1710576 0.76843 0.06051238
0.1491281 0.783915 0.06695687
0.1728943 0.7770551 0.05005056
0.1579642 0.7829096 0.0591261
0.1721544 0.7855333 0.04231227
0.1554459 0.7971558 0.04739825
0.1689355 0.7758065 0.05525803
0.1481754 0.7913553 0.06046929
0.1928966 0.7585394 0.04856401
0.1590879 0.7872053 0.05370684
0.1519814 0.7819844 0.0660342
0.1579808 0.78353 0.05848913
0.1458042 0.7964865 0.05770935
0.182383 0.7656009 0.05201616
0.159101 0.7781787 0.06272027
0.1572799 0.7795703 0.06314984
0.156893 0.7808666 0.06224041
0.1524278 0.7890783 0.05849391
0.1509445 0.799452 0.04960355
0.1653338 0.7842743 0.05039183
0.1734646 0.7781392 0.04839616
0.1668191 0.781337 0.05184386
0.1552099 0.7885908 0.05619926
0.1597457 0.7828367 0.0574176
0.1776734 0.7711962 0.05113036
0.1631931 0.7875913 0.04921559
0.156576 0.786407 0.05701693
0.1543465 0.7804675 0.06518604
0.1893185 0.7594107 0.05127087
0.1497492 0.783111 0.06713979
0.1651979 0.7801308 0.05467131
0.1568857 0.785081 0.05803328
0.1668747 0.77936 0.05376532
0.1753722 0.7784355 0.04619236
0.1557879 0.7874445 0.0567676
0.1563577 0.7868073 0.05683497
0.1610176 0.7879051 0.05107731
0.1527647 0.7909034 0.05633192
0.1597279 0.7810772 0.05919492
0.1732809 0.7733865 0.05333261
0.1529232 0.8097667 0.03731013
0.153146 0.7912587 0.05559529
0.1662064 0.777259 0.05653464
0.1783036 0.7557741 0.06592227
0.1636924 0.7866652 0.04964236
0.1473984 0.7898974 0.06270413
0.1768608 0.7661981 0.05694113
0.1674744 0.7765128 0.05601282
0.1591416 0.764394 0.07646446
0.1506972 0.8024013 0.04690156
0.1627317 0.7836228 0.05364551
0.156874 0.7786428 0.06448318
0.1581908 0.7929412 0.048868
0.1702136 0.7701285 0.05965784
0.1749587 0.7757924 0.04924894
0.1690592 0.7540673 0.07687344
0.1762137 0.7713031 0.05248317
0.1600114 0.7833537 0.05663488
0.1720449 0.7655745 0.06238063
0.1668626 0.7724943 0.06064304
0.1620731 0.7885862 0.0493407
0.139564 0.8040562 0.05637984
0.1653464 0.7761766 0.05847704
0.1396505 0.7937074 0.06664213
0.191337 0.7495166 0.05914644
0.1550933 0.7799315 0.06497517
0.1701112 0.7749926 0.05489628
0.1819204 0.7710484 0.04703117
0.1564854 0.7903146 0.05319999
0.170064 0.7600841 0.06985188
0.1679065 0.7929416 0.03915186
0.1722726 0.7651246 0.06260279
0.1521339 0.7917565 0.05610962
0.1808579 0.7551678 0.06397427
0.1599064 0.7877552 0.05233843
0.1508499 0.7948296 0.05432043
0.165984 0.7798748 0.05414122
0.1677143 0.7694201 0.06286563
0.145143 0.8039279 0.05092902
0.1589743 0.7747713 0.0662544
0.1696716 0.7761746 0.05415381
0.1687505 0.7770429 0.05420656
0.1757224 0.7726301 0.05164747
0.1407855 0.8137052 0.0455093
0.1624748 0.7860715 0.05145365
0.1577055 0.7789881 0.06330634
0.1650345 0.7945474 0.04041811
0.1812195 0.7595504 0.05923008
0.1569823 0.7822126 0.06080509
0.1525352 0.7920343 0.05543046
0.1657244 0.7849864 0.0492892
0.140482 0.7965983 0.06291964
0.169707 0.7691648 0.06112827
0.1448464 0.8077327 0.04742086
0.1600567 0.7990856 0.04085767
0.144566 0.7918585 0.06357545
0.1669789 0.7763943 0.05662674
0.1513542 0.7843691 0.06427677
0.1608235 0.7980852 0.04109135
0.1394414 0.7975324 0.06302616
0.1510264 0.7966546 0.052319
0.1904318 0.7619202 0.04764792
0.1653366 0.7813045 0.05335885
0.1709381 0.7732331 0.05582887
0.1616327 0.78133 0.05703731
0.1864917 0.7605097 0.0529986
0.1662525 0.7702651 0.06348238
0.1548175 0.7835376 0.06164488
0.1626011 0.789234 0.04816487
0.1610847 0.7859246 0.05299067
0.1786546 0.7683002 0.05304528
0.1709344 0.7774776 0.05158803
0.1999655 0.7477672 0.05226724
0.1610398 0.7694364 0.06952378
0.1981788 0.732486 0.06933518
0.1643494 0.7715334 0.06411718
0.1366098 0.8136956 0.04969456
0.1850936 0.7646641 0.05024235
0.1824466 0.749909 0.06764435
0.1942776 0.7503716 0.05535088
0.1504255 0.7771507 0.07242383
0.1764034 0.7761461 0.04745057
0.1869579 0.7596777 0.05336441
0.1861118 0.7686611 0.04522711
0.1716742 0.7603088 0.06801706
0.1643983 0.7751856 0.06041614
0.1539666 0.7756416 0.0703918
0.1688678 0.7768195 0.05431268
0.1949035 0.7550533 0.05004315
0.1655268 0.7811561 0.0533171
0.180794 0.760396 0.05881002
0.1493912 0.7861471 0.06446171
0.1752772 0.7815199 0.04320297
0.1331147 0.7914242 0.07546115
0.1651378 0.7809139 0.05394826
0.1789896 0.7738149 0.0471955
0.1553487 0.7891496 0.05550167
0.1538936 0.787296 0.05881043
0.1634855 0.7876829 0.04883156
0.1706633 0.7817326 0.0476041
0.1559208 0.7789218 0.06515738
0.1643894 0.7825546 0.05305599
0.1859802 0.7632772 0.05074261
0.1808229 0.7683179 0.05085915
0.1707348 0.7735841 0.05568116
0.1679701 0.7876949 0.04433496
0.1570363 0.789383 0.05358072
0.1383442 0.7981787 0.06347709
0.1633692 0.7933203 0.04331055
0.1618873 0.7763787 0.06173402
0.1614283 0.7833279 0.05524375
0.1354717 0.8088977 0.05563064
0.1649822 0.7767511 0.05826666
0.1734816 0.7726566 0.05386184
0.1446685 0.7948132 0.0605183
0.1570774 0.7940925 0.04883006
0.1557603 0.7989793 0.04526037
0.1684511 0.778733 0.05281598
0.1689465 0.7738669 0.05718657
0.1702643 0.7658377 0.06389802
0.1860327 0.7548196 0.05914771
0.1792181 0.7683762 0.05240577
0.1619558 0.7844544 0.05358979
0.1695782 0.7683055 0.06211621
0.1326356 0.8014072 0.06595718
0.1542437 0.7924427 0.05331354
0.1621692 0.7949876 0.04284317
0.1517586 0.7854711 0.0627703
0.1576824 0.7869189 0.05539871
0.1658062 0.7813024 0.05289136
0.1958804 0.7535874 0.05053219
0.1574223 0.7862685 0.05630925
0.1668771 0.7942238 0.03889918
0.1942082 0.7624418 0.04335005
0.1461508 0.8017674 0.05208174
0.1815727 0.7673197 0.05110764
0.1544313 0.7971231 0.04844565
0.1623786 0.7821223 0.05549909
0.1750505 0.7647873 0.06016219
0.1612103 0.7748201 0.06396965
0.1548245 0.8085313 0.03664422
0.1602494 0.7861703 0.05358029
0.1567614 0.7936901 0.04954854
0.1565156 0.7888183 0.05466607
0.1783297 0.7715797 0.05009053
0.2026531 0.7439244 0.05342255
0.1659695 0.7813323 0.05269818
0.1842036 0.7586826 0.05711379
0.179976 0.7609363 0.05908767
0.145443 0.8006058 0.05395113
0.1654719 0.7950922 0.03943593
0.1658129 0.78242 0.05176714
0.1623224 0.7827603 0.05491728
0.1601291 0.7953154 0.04455551
0.1552611 0.7744934 0.07024544
0.1311481 0.8196451 0.04920683
0.1439395 0.7998353 0.05622518
0.1667307 0.7851939 0.04807537
0.1523034 0.7927445 0.05495211
0.18307 0.764789 0.05214101
0.1556276 0.784932 0.05944039
0.1935455 0.7556895 0.05076504
0.1604229 0.7849361 0.05464099
0.1559569 0.7898074 0.05423574
0.1714757 0.7759255 0.05259883
0.1691694 0.7790724 0.05175824
0.1523522 0.7960368 0.05161103
0.1677288 0.7752011 0.05707012
0.1677202 0.7851972 0.04708264
0.1729743 0.7779255 0.04910015
0.1738704 0.7556105 0.07051906
0.1641785 0.7803981 0.0554234
0.1731008 0.7621469 0.06475237
0.1552216 0.7950206 0.04975776
0.1404788 0.7936426 0.06587859
0.1548597 0.7846867 0.0604536
0.1672626 0.7914507 0.04128675
0.1722138 0.7718298 0.05595642
0.1846338 0.7616722 0.053694
0.1517335 0.8062568 0.04200972
0.1496283 0.7814219 0.06894978
0.175369 0.7561521 0.06847896
0.1663908 0.7795794 0.05402981
0.1693915 0.7817584 0.04885005
0.1653171 0.7753881 0.0592948
0.1632345 0.7831083 0.05365723
0.1620776 0.7772022 0.06072025
