"p_1" "p_2" "p_3"
0.2215424 0.3971987 0.3812588
0.2675212 0.3555578 0.376921
0.2753768 0.313643 0.4109802
0.263839 0.3206701 0.4154909
0.3427256 0.2861926 0.3710819
0.2848681 0.3733485 0.3417834
0.257388 0.3703309 0.3722811
0.2543612 0.290003 0.4556358
0.2327254 0.2694807 0.4977938
0.2755468 0.2755 0.4489532
0.3018969 0.2744252 0.4236779
0.2971542 0.2893927 0.4134531
0.2222833 0.2884907 0.489226
0.2754799 0.3059516 0.4185685
0.2474044 0.3322003 0.4203952
0.2577418 0.4004577 0.3418005
0.2601637 0.3304868 0.4093495
0.2452908 0.2921575 0.4625516
0.2894561 0.3523978 0.3581461
0.2912628 0.3453015 0.3634357
0.2229724 0.3251268 0.4519008
0.267539 0.3299234 0.4025375
0.2124321 0.3588544 0.4287135
0.2698749 0.3887778 0.3413473
0.2771566 0.3636069 0.3592365
0.2718119 0.3844985 0.3436896
0.3125372 0.3126806 0.3747822
0.2691388 0.3110732 0.419788
0.3224157 0.3066754 0.3709089
0.2799259 0.3240769 0.3959972
0.2570185 0.2840605 0.458921
0.2609364 0.290021 0.4490427
0.183202 0.351714 0.465084
0.2989943 0.2201172 0.4808885
0.26607 0.3629642 0.3709658
0.2404675 0.3054071 0.4541254
0.3002861 0.2940698 0.4056441
0.3072837 0.2961052 0.3966112
0.2599079 0.3628292 0.3772629
0.2759763 0.2453097 0.478714
0.211845 0.3424388 0.4457162
0.2744176 0.2893236 0.4362588
0.3320297 0.3585111 0.3094592
0.2884101 0.2643832 0.4472067
0.3177863 0.2800978 0.4021159
0.3212468 0.3063771 0.3723761
0.2577417 0.2855305 0.4567277
0.2730497 0.2909812 0.4359691
0.3109465 0.2484582 0.4405953
0.2970594 0.2769209 0.4260197
0.1945684 0.3394255 0.4660061
0.333735 0.3032088 0.3630562
0.1480849 0.3781679 0.4737472
0.2571077 0.2772013 0.465691
0.3635916 0.2109688 0.4254396
0.2586627 0.2762711 0.4650662
0.2810543 0.3165963 0.4023494
0.3370593 0.356059 0.3068817
0.2198511 0.3589152 0.4212337
0.3438538 0.2784891 0.3776571
0.2477504 0.323993 0.4282566
0.2687919 0.3137998 0.4174083
0.2224698 0.3591587 0.4183715
0.2496717 0.2976638 0.4526645
0.2667404 0.3683716 0.3648879
0.3275886 0.3026093 0.3698021
0.3707861 0.3166665 0.3125474
0.3432875 0.2955592 0.3611533
0.3271217 0.2619701 0.4109082
0.2422248 0.2407182 0.517057
0.2651409 0.3016707 0.4331884
0.3060083 0.2956031 0.3983886
0.2606572 0.2947868 0.444556
0.3352219 0.2714439 0.3933341
0.2132992 0.3182125 0.4684883
0.3393947 0.2505258 0.4100795
0.3372142 0.2423788 0.4204071
0.3330273 0.3334658 0.3335068
0.2992896 0.3278943 0.3728161
0.2669305 0.2934048 0.4396647
0.3369535 0.2654613 0.3975852
0.3370463 0.3472107 0.315743
0.2760284 0.2957456 0.428226
0.283443 0.3602127 0.3563443
0.2612878 0.2734229 0.4652894
0.2187572 0.3800985 0.4011443
0.3521453 0.2989304 0.3489243
0.2856026 0.3744651 0.3399323
0.253165 0.3320486 0.4147864
0.201896 0.3169549 0.4811491
0.2581808 0.3509852 0.390834
0.2756956 0.2499787 0.4743258
0.2817068 0.2097245 0.5085687
0.2697157 0.3013899 0.4288944
0.339163 0.3097873 0.3510497
0.2622885 0.3313682 0.4063433
0.2545165 0.3501052 0.3953783
0.2242758 0.2858244 0.4898998
0.249498 0.2632711 0.4872309
0.2779398 0.30703 0.4150302
0.3873954 0.2480279 0.3645767
0.2366503 0.3476731 0.4156766
0.3309763 0.3254735 0.3435502
0.2544104 0.3400346 0.405555
0.3100401 0.28883 0.4011299
0.2556824 0.3670313 0.3772862
0.2698781 0.3549707 0.3751512
0.2221707 0.3010035 0.4768258
0.3191576 0.2122778 0.4685646
0.2857206 0.2703071 0.4439723
0.2814565 0.3495067 0.3690368
0.3292227 0.2681712 0.4026061
0.3209647 0.303362 0.3756732
0.3543235 0.3635312 0.2821453
0.2855885 0.3753165 0.339095
0.2506752 0.3093063 0.4400184
0.2213978 0.3606036 0.4179986
0.3381121 0.3403466 0.3215413
0.3216789 0.3130077 0.3653134
0.236494 0.2581113 0.5053947
0.3450236 0.2651917 0.3897847
0.2146009 0.3359969 0.4494022
0.2368505 0.2677185 0.495431
0.2590361 0.2685514 0.4724126
0.2423496 0.3445239 0.4131265
0.283056 0.3605972 0.3563468
0.270688 0.2869257 0.4423863
0.285012 0.2168679 0.4981201
0.2270664 0.3117704 0.4611633
0.3041454 0.3036132 0.3922414
0.3340151 0.2846057 0.3813791
0.3103652 0.3290176 0.3606172
0.2594345 0.2928698 0.4476956
0.3236393 0.357309 0.3190517
0.2645372 0.3352596 0.4002033
0.3373029 0.3557643 0.3069327
0.2768827 0.31776 0.4053573
0.3086431 0.2856639 0.405693
0.3338158 0.278376 0.3878082
0.292635 0.3602584 0.3471066
0.2443852 0.2558299 0.4997849
0.309278 0.2292646 0.4614574
0.3284482 0.2925061 0.3790457
0.2327175 0.3169075 0.4503749
0.1936046 0.3959209 0.4104746
0.3864655 0.1913253 0.4222092
0.1497016 0.3634549 0.4868435
0.2935306 0.2241921 0.4822772
0.218128 0.2879289 0.4939431
0.2187745 0.3860613 0.3951641
0.3791546 0.2177017 0.4031437
0.3176738 0.3014632 0.380863
0.2628229 0.3031779 0.4339992
0.2375811 0.3169612 0.4454577
0.309188 0.3155852 0.3752268
0.2714533 0.3753394 0.3532073
0.353519 0.2430038 0.4034772
0.2542237 0.2460502 0.499726
0.303923 0.2337384 0.4623386
0.3525332 0.2973207 0.3501461
0.2401097 0.3695486 0.3903417
0.3255879 0.2841001 0.390312
0.2216936 0.3928291 0.3854773
0.3012345 0.3270284 0.3717371
0.3716618 0.2763392 0.3519991
0.2191256 0.318657 0.4622174
0.2520312 0.3083408 0.439628
0.2887223 0.2838459 0.4274318
0.3162999 0.3713241 0.312376
0.3225192 0.2717776 0.4057032
0.2354098 0.2623118 0.5022784
0.2865799 0.3234032 0.3900169
0.3249346 0.2534594 0.421606
0.2846897 0.316255 0.3990553
0.2923436 0.2976026 0.4100538
0.2545459 0.3220472 0.4234069
0.2320432 0.2998449 0.4681119
0.314136 0.21896 0.466904
0.2295314 0.2693394 0.5011292
0.2800056 0.3646341 0.3553604
0.2925532 0.2289595 0.4784873
0.3155227 0.3275056 0.3569717
0.2683835 0.2831321 0.4484845
0.2548107 0.3278393 0.41735
0.3219638 0.2471867 0.4308495
0.3301295 0.2971879 0.3726826
0.2632502 0.3408786 0.3958712
0.2809771 0.2467496 0.4722733
0.2342603 0.3911638 0.3745759
0.2883119 0.3063899 0.4052982
0.3331347 0.2921895 0.3746758
0.3070182 0.2997692 0.3932126
0.2236606 0.354421 0.4219185
0.2800253 0.268396 0.4515787
0.2461585 0.330353 0.4234884
0.2680342 0.3692312 0.3627346
0.3384632 0.2852406 0.3762962
0.2645553 0.2547223 0.4807225
0.2427783 0.2469485 0.5102732
0.1886618 0.3994536 0.4118846
0.2256296 0.242777 0.5315934
0.2355171 0.2548399 0.509643
0.2198864 0.3356311 0.4444825
0.2532855 0.2885089 0.4582056
0.2086812 0.3481923 0.4431265
0.2775719 0.2854256 0.4370025
0.2873023 0.2452692 0.4674284
0.1950508 0.3883154 0.4166338
0.3458431 0.2543907 0.3997661
0.2817207 0.3358475 0.3824319
0.2713062 0.3062484 0.4224453
0.3512292 0.2589917 0.3897791
0.2566079 0.3590322 0.3843599
0.275919 0.3382849 0.3857961
0.3642364 0.3836099 0.2521537
0.2401492 0.3422441 0.4176067
0.2354221 0.3439571 0.4206208
0.3436544 0.2841918 0.3721538
0.2989736 0.3073553 0.3936711
0.3818133 0.269219 0.3489678
0.3703573 0.2437939 0.3858488
0.2629257 0.3263852 0.410689
0.2849255 0.3747748 0.3402997
0.2753034 0.3552248 0.3694718
0.237435 0.3181905 0.4443745
0.1944833 0.3862632 0.4192535
0.3100254 0.2725411 0.4174336
0.2690223 0.2702995 0.4606783
0.2655364 0.2894328 0.4450308
0.3362344 0.2128877 0.450878
0.3033064 0.2322094 0.4644843
0.2689829 0.3475751 0.3834421
0.2801604 0.2442868 0.4755527
0.2409014 0.4607705 0.2983281
0.2691685 0.4094696 0.3213619
0.3594582 0.2551763 0.3853656
0.2593723 0.3017255 0.4389022
0.2861303 0.3419369 0.3719327
0.3493116 0.2211602 0.4295283
0.279462 0.266741 0.453797
0.2379544 0.3441524 0.4178932
0.2961646 0.3132348 0.3906005
0.2324638 0.3067677 0.4607685
0.2780898 0.3206595 0.4012508
0.2558372 0.3059566 0.4382061
0.2653655 0.3377966 0.3968379
0.3369637 0.256909 0.4061273
0.3000985 0.286779 0.4131225
0.1989756 0.3486927 0.4523317
0.2525832 0.1936814 0.5537354
0.2589402 0.3281797 0.4128801
0.2616387 0.2828944 0.4554669
0.2550881 0.3301715 0.4147404
0.2633998 0.2763475 0.4602527
0.2598662 0.2898818 0.450252
0.2670513 0.3382997 0.394649
0.252116 0.3728239 0.3750601
0.3277166 0.267098 0.4051854
0.27521 0.3586545 0.3661355
0.2892087 0.2729365 0.4378548
0.2759709 0.2784108 0.4456183
0.2959013 0.2990894 0.4050093
0.3802771 0.2230531 0.3966699
0.2047926 0.3107969 0.4844105
0.3120524 0.2716107 0.4163369
0.3111605 0.2444604 0.4443791
0.2646284 0.3662975 0.3690741
0.323165 0.2729519 0.4038831
0.3384925 0.3497546 0.3117529
0.2905127 0.3612495 0.3482377
0.3325816 0.2683561 0.3990622
0.2260385 0.4273406 0.3466209
0.2947087 0.345388 0.3599033
0.2758669 0.360972 0.3631611
0.2546471 0.3077686 0.4375842
0.2496489 0.289342 0.4610091
0.2579977 0.3185509 0.4234514
0.2781251 0.3381169 0.383758
0.2298273 0.3069194 0.4632533
0.3661312 0.317114 0.3167547
0.3325623 0.2838818 0.3835559
0.3041904 0.2894934 0.4063162
0.2666793 0.235431 0.4978897
0.3165744 0.2778385 0.4055871
0.2831521 0.3398394 0.3770085
0.3716918 0.3137164 0.3145918
0.2945617 0.3158877 0.3895506
0.3420254 0.2313865 0.4265881
0.2327715 0.3452057 0.4220228
0.2589439 0.2960042 0.4450519
0.24689 0.2538358 0.4992742
0.2408261 0.3374904 0.4216834
0.2782244 0.4033988 0.3183768
0.3425361 0.3540221 0.3034418
0.2782153 0.3397041 0.3820806
0.2300937 0.3552579 0.4146484
0.28706 0.2067124 0.5062276
0.2584907 0.3565138 0.3849954
0.3725165 0.3198476 0.3076359
0.2804246 0.3241659 0.3954095
0.2459426 0.2763796 0.4776777
0.2209608 0.3440698 0.4349694
0.1981914 0.3032227 0.4985859
0.3501704 0.2789282 0.3709015
0.2174577 0.3118953 0.470647
0.2859231 0.2558296 0.4582473
0.2763018 0.274447 0.4492512
0.2972816 0.3035404 0.399178
0.2991105 0.3168682 0.3840213
0.2869689 0.2929182 0.4201129
0.2074041 0.4152926 0.3773033
0.2506617 0.3174936 0.4318447
0.2816171 0.2925062 0.4258767
0.3028497 0.2358983 0.461252
0.2612669 0.3289915 0.4097416
0.2908115 0.2450809 0.4641075
0.299028 0.2647646 0.4362075
0.2894841 0.3472245 0.3632913
0.2635182 0.3527017 0.3837802
0.2822212 0.3299054 0.3878734
0.1990624 0.348257 0.4526806
0.3345429 0.3678994 0.2975577
0.3412765 0.2999721 0.3587514
0.2037482 0.364591 0.4316607
0.3405655 0.253517 0.4059175
0.2810243 0.3678202 0.3511555
0.3354024 0.2316899 0.4329077
0.2653855 0.237795 0.4968195
0.299555 0.3259662 0.3744788
0.2411317 0.3739604 0.3849079
0.3070564 0.2587325 0.4342111
0.3991812 0.3431932 0.2576255
0.2307046 0.2686821 0.5006133
0.2689256 0.3642044 0.36687
0.2423406 0.312986 0.4446735
0.3005075 0.2995768 0.3999157
0.3154586 0.2778909 0.4066505
0.2406852 0.3792967 0.380018
0.2621812 0.3646022 0.3732166
0.2925054 0.2651067 0.4423879
0.3257569 0.322006 0.3522371
0.3396862 0.3396957 0.3206181
0.2606316 0.2837221 0.4556462
0.2726192 0.3783607 0.3490201
0.2355653 0.3455056 0.4189291
0.2689153 0.3045081 0.4265766
0.2037854 0.3234445 0.4727701
0.2839492 0.4194677 0.2965831
0.2853476 0.3899287 0.3247237
0.3092783 0.3334234 0.3572983
0.2602471 0.2026146 0.5371383
0.361654 0.368222 0.270124
0.2846135 0.3330394 0.382347
0.2611181 0.2320844 0.5067975
0.3192355 0.2542362 0.4265283
0.3583896 0.3201235 0.3214869
0.2839584 0.366524 0.3495177
0.2687524 0.3582004 0.3730471
0.2339403 0.3625539 0.4035058
0.2272532 0.3556396 0.4171072
0.2131614 0.3903911 0.3964474
0.3671438 0.2302763 0.40258
0.1840299 0.4008648 0.4151054
0.2650064 0.3831658 0.3518278
0.1897077 0.3937787 0.4165136
0.2501476 0.3120896 0.4377628
0.2933833 0.2697739 0.4368428
0.2876309 0.3058874 0.4064817
0.2970095 0.3739478 0.3290428
0.3529473 0.3586387 0.288414
0.2996766 0.2365594 0.463764
0.3227779 0.3058751 0.3713471
0.3228485 0.2681005 0.409051
0.2826161 0.3147848 0.4025991
0.2547385 0.366359 0.3789026
0.1893674 0.3058911 0.5047416
0.3273802 0.277085 0.3955347
0.2734298 0.3528047 0.3737654
0.2320137 0.3907691 0.3772171
0.4054336 0.2963075 0.2982588
0.2635182 0.2909564 0.4455254
0.290905 0.3398295 0.3692654
0.279771 0.3270157 0.3932133
0.2763216 0.3674691 0.3562093
0.2191464 0.3152906 0.465563
0.2746674 0.3229928 0.4023398
0.2645976 0.3612532 0.3741492
0.2849773 0.2916901 0.4233326
0.2352168 0.2545136 0.5102696
0.3645204 0.282462 0.3530176
0.2629201 0.3187206 0.4183593
0.1726824 0.3893029 0.4380147
0.2156119 0.3783848 0.4060033
0.2706352 0.3157362 0.4136286
0.3005853 0.3882687 0.311146
0.251636 0.307955 0.440409
0.3530713 0.2395388 0.4073899
0.2773398 0.228371 0.4942892
0.3176409 0.2713141 0.4110449
0.2791605 0.2476372 0.4732023
0.2555277 0.3604601 0.3840122
0.2276188 0.4142793 0.3581019
0.2682 0.387599 0.344201
0.2465834 0.3765518 0.3768648
0.2866662 0.2741887 0.4391451
0.3140566 0.3179795 0.3679639
0.2588061 0.2888537 0.4523402
0.3412327 0.3147809 0.3439864
0.3321606 0.2703422 0.3974973
0.2966325 0.3601895 0.343178
0.2861703 0.3192462 0.3945835
0.2279366 0.3571626 0.4149008
0.2664764 0.2838592 0.4496644
0.2866228 0.3410331 0.3723441
0.2369103 0.2966092 0.4664805
0.2287329 0.3065591 0.4647079
0.2781123 0.283352 0.4385357
0.2299227 0.3559907 0.4140866
0.236523 0.3862204 0.3772566
0.2804497 0.2646308 0.4549195
0.3492322 0.2030005 0.4477673
0.3233783 0.3461933 0.3304284
0.261783 0.3164583 0.4217586
0.2605644 0.3272067 0.412229
0.2550342 0.2975975 0.4473683
0.2587255 0.3840938 0.3571807
0.2952163 0.3374102 0.3673735
0.2555167 0.2669324 0.4775509
0.3372006 0.2635475 0.3992519
0.249079 0.331538 0.419383
0.3310808 0.3434658 0.3254534
0.2340998 0.3426911 0.4232091
0.2776398 0.4213234 0.3010368
0.2266557 0.2805187 0.4928256
0.2969958 0.2687432 0.434261
0.3039496 0.3356807 0.3603698
0.1870269 0.3917739 0.4211993
0.2952425 0.2855998 0.4191578
0.2987716 0.3098958 0.3913326
0.3012857 0.2946562 0.4040582
0.3081361 0.2844304 0.4074335
0.2277034 0.2600784 0.5122182
0.3445711 0.2503782 0.4050506
0.3757032 0.2114219 0.4128749
0.2758742 0.2606265 0.4634993
0.2808463 0.3512393 0.3679144
0.3986084 0.2450926 0.356299
0.2515357 0.3833447 0.3651196
0.361595 0.2861897 0.3522153
0.2734102 0.2769959 0.4495939
0.3079707 0.290259 0.4017702
0.2755943 0.2900151 0.4343906
0.2349391 0.3964216 0.3686393
0.2457635 0.275032 0.4792045
0.2921907 0.3120395 0.3957699
0.3367765 0.2739667 0.3892568
0.3250673 0.2495415 0.4253913
0.2697419 0.2809802 0.4492779
0.2810636 0.2696639 0.4492726
0.3479057 0.2298045 0.4222898
0.2071547 0.3448055 0.4480398
0.2668077 0.2516215 0.4815708
0.3034747 0.2754991 0.4210262
0.283201 0.2997051 0.4170939
0.2513369 0.3598993 0.3887638
0.3702842 0.2547776 0.3749382
0.33251 0.2935378 0.3739522
0.3291945 0.2708476 0.399958
0.3119566 0.2704024 0.417641
0.2769968 0.2452062 0.4777971
0.2116378 0.3362306 0.4521316
0.3160259 0.3138137 0.3701604
0.2473126 0.306063 0.4466244
0.2423089 0.3226035 0.4350876
0.2775692 0.3214079 0.4010229
0.2245992 0.3182993 0.4571015
0.2244118 0.3408571 0.4347311
0.3164736 0.350506 0.3330204
0.2741636 0.2937535 0.4320828
0.2328979 0.3618528 0.4052493
0.3151624 0.3476981 0.3371396
0.307148 0.3374729 0.3553791
0.2840784 0.2711956 0.444726
0.2095099 0.3084765 0.4820136
0.306305 0.3005148 0.3931802
0.2457011 0.3286556 0.4256433
0.268561 0.2614212 0.4700178
0.3703306 0.3273581 0.3023113
0.2822938 0.2444633 0.473243
0.2429823 0.2914873 0.4655304
0.2630427 0.3279197 0.4090376
0.2618116 0.2725872 0.4656012
0.1862741 0.4346352 0.3790908
0.341005 0.2892047 0.3697903
0.3362201 0.2933906 0.3703893
0.2329311 0.353791 0.4132779
0.2413347 0.2938951 0.4647701
0.2722846 0.3936242 0.3340912
0.2673724 0.3269771 0.4056504
0.3087345 0.3584205 0.332845
0.3037116 0.2685878 0.4277006
0.2541146 0.3373454 0.40854
0.3268245 0.2242995 0.448876
0.3243505 0.3329038 0.3427457
0.2483553 0.385986 0.3656588
0.340775 0.2408599 0.4183652
0.257053 0.3023103 0.4406367
0.2547364 0.2850956 0.460168
0.2538089 0.3351329 0.4110582
0.2588554 0.34351 0.3976346
0.3837746 0.2773821 0.3388433
0.3484708 0.2858344 0.3656949
0.1638638 0.3445177 0.4916185
0.2652631 0.3913844 0.3433526
0.2533508 0.2556631 0.4909861
0.2657313 0.3229718 0.4112969
0.2929653 0.30758 0.3994547
0.2656046 0.3453012 0.3890942
0.2594774 0.297923 0.4425995
0.310987 0.3046067 0.3844063
0.2690134 0.3247144 0.4062721
0.3042495 0.329456 0.3662945
0.2787306 0.2634854 0.457784
0.2342637 0.3617596 0.4039767
0.3791361 0.3086329 0.312231
0.3296891 0.2915266 0.3787843
0.3529991 0.3003854 0.3466155
0.2859029 0.3330206 0.3810764
0.2890933 0.2782257 0.432681
0.2748148 0.376411 0.3487742
0.2473742 0.4565693 0.2960565
0.2172186 0.374905 0.4078764
0.3761735 0.3421695 0.281657
0.2660894 0.3838154 0.3500953
0.2851872 0.3075744 0.4072384
0.3126195 0.330805 0.3565755
0.2490174 0.2974839 0.4534987
0.2661322 0.2499867 0.4838811
0.3482287 0.3020808 0.3496905
0.3537354 0.2886049 0.3576597
0.2941697 0.276504 0.4293263
0.2160651 0.3272288 0.4567061
0.2818939 0.3469195 0.3711866
0.2605611 0.3744969 0.364942
0.3267994 0.3029212 0.3702794
0.2778892 0.2981881 0.4239227
0.2514227 0.3875358 0.3610415
0.2686424 0.4056878 0.3256697
0.2809254 0.3323095 0.3867651
0.306799 0.351311 0.3418901
0.3040773 0.2739342 0.4219885
0.2558644 0.3649193 0.3792163
0.2580951 0.323409 0.4184959
0.2416849 0.3071514 0.4511637
0.2757418 0.2951125 0.4291457
0.238113 0.3268227 0.4350643
0.3053295 0.3894149 0.3052556
0.2433052 0.3294144 0.4272803
0.3148376 0.2969103 0.3882521
0.248405 0.2947799 0.4568152
0.3346574 0.2845301 0.3808125
0.3096005 0.2538092 0.4365903
0.2692895 0.2328932 0.4978173
0.3330904 0.2674321 0.3994775
0.2602109 0.3370241 0.402765
0.2740642 0.382941 0.3429948
0.3645053 0.3032153 0.3322794
0.266988 0.310522 0.42249
0.3570986 0.326942 0.3159594
0.3006628 0.2753932 0.423944
0.2976014 0.3151725 0.3872261
0.254064 0.3274326 0.4185034
0.3292655 0.3409274 0.329807
0.2270566 0.3689864 0.403957
0.3333259 0.3840122 0.2826619
0.2946629 0.4302664 0.2750707
0.2446173 0.30713 0.4482527
0.3174181 0.2930896 0.3894923
0.24136 0.2720254 0.4866147
0.2715799 0.3560865 0.3723336
0.2943936 0.2727549 0.4328515
0.3079133 0.3097479 0.3823388
0.3137056 0.2653067 0.4209877
0.3152377 0.3499881 0.3347742
0.2477839 0.2929257 0.4592904
0.2736985 0.2660186 0.4602829
0.3221664 0.3346687 0.343165
0.3500673 0.244539 0.4053937
0.2726742 0.3178476 0.4094782
0.3284739 0.3295058 0.3420203
0.3589671 0.2875844 0.3534485
0.2470022 0.294359 0.4586388
0.2835154 0.3036214 0.4128633
0.2815154 0.2610197 0.4574649
0.2536924 0.3074093 0.4388984
0.3439147 0.3136383 0.342447
0.1971597 0.2436815 0.5591589
0.266945 0.3321794 0.4008756
0.3206304 0.2735673 0.4058023
0.252253 0.3422409 0.4055061
0.3011775 0.2820034 0.4168192
0.2647878 0.3188615 0.4163507
0.2599085 0.3668314 0.3732601
0.4029154 0.206849 0.3902356
0.3038284 0.295754 0.4004176
0.3201015 0.2594458 0.4204527
0.3258851 0.2802339 0.3938811
0.2534255 0.3638774 0.3826971
0.322054 0.3263442 0.3516018
0.3154624 0.2417113 0.4428262
0.2216939 0.315968 0.4623381
0.2699626 0.2553134 0.474724
0.2835374 0.3434276 0.373035
0.2666486 0.370958 0.3623934
0.3078022 0.3563956 0.3358022
0.3612045 0.298254 0.3405415
0.3012897 0.3055282 0.3931821
0.197834 0.3568284 0.4453377
0.2097638 0.331391 0.4588452
0.3655315 0.3220985 0.31237
0.2563071 0.3251429 0.41855
0.2401759 0.2674835 0.4923406
0.2804914 0.3647832 0.3547254
0.2769611 0.2967694 0.4262695
0.2560952 0.2605526 0.4833522
0.2556562 0.32487 0.4194737
0.3175451 0.2624245 0.4200305
0.3042766 0.3521665 0.3435569
0.2531493 0.3308957 0.415955
0.3039099 0.327389 0.3687011
0.2917798 0.2283927 0.4798275
0.3168635 0.2700075 0.413129
0.3441068 0.2510947 0.4047985
0.2886311 0.1810916 0.5302773
0.2940741 0.2883829 0.4175431
0.2509794 0.4047469 0.3442737
0.2901707 0.3097751 0.4000541
0.2694128 0.2402089 0.4903783
0.3556055 0.2689995 0.375395
0.3266403 0.2484487 0.424911
0.2827678 0.2660238 0.4512083
0.2584827 0.3324519 0.4090654
0.2965358 0.2740079 0.4294563
0.3027923 0.2814707 0.415737
0.2861383 0.2825675 0.4312943
0.3201885 0.3057458 0.3740657
0.2218889 0.3503939 0.4277172
0.2280359 0.3098816 0.4620826
0.1943638 0.3419199 0.4637163
0.2851938 0.3365008 0.3783054
0.356955 0.2900075 0.3530374
0.3005905 0.2789733 0.4204362
0.3319674 0.2720097 0.3960229
0.2873353 0.3560584 0.3566063
0.3606117 0.319719 0.3196693
0.2173153 0.3361852 0.4464995
0.2827427 0.2561745 0.4610827
0.2867151 0.3225474 0.3907375
0.2360509 0.2970536 0.4668955
0.3136319 0.2198782 0.4664899
0.2641553 0.301272 0.4345727
0.4993514 0.2080924 0.2925562
0.2558209 0.3212451 0.422934
0.2998024 0.2301158 0.4700818
0.2522579 0.3045079 0.4432342
0.208785 0.3224082 0.4688069
0.2807579 0.2753614 0.4438806
0.2781911 0.2539294 0.4678794
0.2997287 0.3252452 0.3750261
0.2736385 0.3651546 0.3612069
0.2758748 0.3391069 0.3850183
0.2646036 0.3898006 0.3455958
0.3123797 0.3537212 0.3338991
0.2656045 0.3371241 0.3972715
0.2852573 0.270586 0.4441567
0.3583162 0.2571465 0.3845372
0.286418 0.2925318 0.4210502
0.2800501 0.2711127 0.4488372
0.2826041 0.378586 0.3388099
0.2715639 0.293233 0.4352032
0.3313138 0.2299175 0.4387687
0.3480179 0.2652887 0.3866934
0.2954191 0.3438571 0.3607237
0.3081112 0.3127779 0.3791109
0.2949443 0.2773223 0.4277334
0.3307395 0.2944124 0.3748481
0.209518 0.3015142 0.4889677
0.2736341 0.312763 0.413603
0.2957633 0.2500651 0.4541717
0.2582265 0.272783 0.4689905
0.2417888 0.385291 0.3729203
0.2265984 0.4411506 0.332251
0.3177741 0.3181484 0.3640775
0.2409711 0.4293657 0.3296632
0.3059301 0.2808132 0.4132567
0.3010187 0.2227639 0.4762174
0.2467681 0.2959529 0.457279
0.3270137 0.3116253 0.361361
0.2792685 0.2689428 0.4517887
0.2100142 0.3307309 0.4592549
0.2879908 0.3893032 0.322706
0.2670636 0.3304032 0.4025331
0.2555811 0.2767469 0.467672
0.2474335 0.3019476 0.4506189
0.3687826 0.3412716 0.2899458
0.2937903 0.3044787 0.401731
0.2493359 0.334366 0.4162981
0.2784181 0.3395877 0.3819942
0.3277249 0.3416139 0.3306612
0.276159 0.2912555 0.4325855
0.2285093 0.2924805 0.4790102
0.3032386 0.2586909 0.4380705
0.2676508 0.3317022 0.400647
0.2792086 0.3229762 0.3978152
0.3119263 0.2991083 0.3889655
0.2599524 0.2642428 0.4758048
0.315255 0.2633538 0.4213913
0.2521797 0.3442347 0.4035856
0.3440203 0.2733431 0.3826366
0.2983649 0.2895627 0.4120724
0.2880393 0.3827561 0.3292046
0.2813898 0.3135097 0.4051005
0.2793577 0.2933819 0.4272604
0.2794869 0.2640891 0.4564239
0.2613058 0.2670716 0.4716226
0.2623386 0.2522421 0.4854193
0.2769991 0.3727849 0.350216
0.2560568 0.304381 0.4395622
0.3099743 0.3822179 0.3078078
0.231106 0.3330529 0.435841
0.3063875 0.3384389 0.3551736
0.2678043 0.3222295 0.4099663
0.2311714 0.3663821 0.4024465
0.2612175 0.3662974 0.3724852
0.2485718 0.2950799 0.4563483
0.2913286 0.266624 0.4420474
0.2549401 0.2889269 0.456133
0.2691143 0.4150058 0.3158798
0.3436775 0.2283699 0.4279527
0.3152427 0.3525383 0.3322189
0.2579181 0.330371 0.411711
0.3298775 0.311136 0.3589866
0.3125207 0.3282369 0.3592423
0.2540896 0.3233702 0.4225403
0.3349127 0.2655045 0.3995828
0.339381 0.2599749 0.4006441
0.2680858 0.3486994 0.3832148
0.277835 0.3641924 0.3579725
0.3055701 0.3306371 0.3637928
0.282398 0.3552812 0.3623208
0.3261864 0.2994243 0.3743893
0.2265534 0.3408334 0.4326132
0.3539086 0.2818648 0.3642266
0.3205619 0.2648795 0.4145586
0.2221744 0.2942209 0.4836047
0.2391129 0.3745944 0.3862927
0.2436521 0.3802969 0.376051
0.2789573 0.243949 0.4770938
0.2818005 0.3382118 0.3799877
0.2337099 0.2499302 0.51636
0.2908617 0.3476036 0.3615347
0.340055 0.3604415 0.2995035
0.3116526 0.2321891 0.4561583
0.3181002 0.2641953 0.4177045
0.2280819 0.3404449 0.4314733
0.3090115 0.3612474 0.3297411
0.2853753 0.3313658 0.3832589
0.3529926 0.2365269 0.4104805
0.2894119 0.2609752 0.4496129
0.2204241 0.3224619 0.457114
0.2776784 0.2443706 0.477951
0.2290382 0.3477307 0.4232311
0.3494596 0.2171016 0.4334388
0.2041292 0.3558481 0.4400227
0.3416184 0.2942003 0.3641813
0.2519033 0.3511471 0.3969495
0.3480085 0.2321801 0.4198114
0.3007059 0.2724086 0.4268856
0.2418623 0.3278019 0.4303358
0.2463187 0.3635823 0.390099
0.3364301 0.225044 0.4385259
0.2854357 0.3360686 0.3784956
0.3573781 0.3279925 0.3146294
0.3340568 0.3363944 0.3295489
0.2839239 0.2644671 0.4516091
0.3537175 0.2699787 0.3763037
0.2318089 0.3273332 0.4408579
0.3362101 0.2682887 0.3955012
0.2918977 0.3552128 0.3528895
0.2796906 0.3031529 0.4171565
0.2437381 0.2131849 0.543077
0.2857338 0.3173157 0.3969505
0.2835462 0.3336356 0.3828182
0.2950906 0.2283569 0.4765525
0.340422 0.2795663 0.3800116
0.3285836 0.2912334 0.380183
0.2493742 0.393598 0.3570278
0.3781638 0.2173027 0.4045335
0.2670085 0.3498154 0.3831761
0.3160555 0.2807088 0.4032357
0.2541203 0.3059834 0.4398963
0.2950909 0.3846145 0.3202946
0.302005 0.355025 0.34297
0.2614694 0.3698614 0.3686692
0.2359152 0.3124714 0.4516133
0.2252298 0.2957006 0.4790696
0.2791952 0.2835762 0.4372286
0.3161451 0.3701094 0.3137455
0.3289057 0.3164059 0.3546885
0.1923591 0.3725017 0.4351392
0.3527566 0.2888648 0.3583785
0.3327204 0.3188822 0.3483973
0.2219925 0.3354109 0.4425967
0.2734355 0.3221784 0.4043861
0.3314007 0.2789926 0.3896066
0.2247751 0.3153419 0.459883
0.2351025 0.3445976 0.4202999
0.2886369 0.30529 0.4060731
0.2005057 0.3728209 0.4266734
0.2591253 0.2987932 0.4420815
0.2078226 0.3459964 0.4461809
0.2457803 0.3424348 0.4117849
0.2867606 0.2725034 0.440736
0.3304779 0.2132057 0.4563164
0.314808 0.3356434 0.3495486
0.2802155 0.2940339 0.4257506
0.2637869 0.3903349 0.3458783
0.2425281 0.2947053 0.4627666
0.2968212 0.3096348 0.3935439
0.23602 0.3466572 0.4173228
0.3091554 0.2576184 0.4332262
0.25171 0.3237038 0.4245862
0.3492227 0.3109196 0.3398578
0.239155 0.3585406 0.4023043
0.2751299 0.3539207 0.3709494
0.2426506 0.3571128 0.4002366
0.348542 0.2868337 0.3646243
0.2820075 0.3327916 0.3852009
0.2573065 0.3088297 0.4338638
0.387374 0.2959233 0.3167027
0.3091209 0.30118 0.3896991
0.2852643 0.314284 0.4004517
0.2018964 0.325218 0.4728856
0.3330702 0.217781 0.4491488
0.2825287 0.3364161 0.3810552
0.2989093 0.2617995 0.4392912
0.3297905 0.233521 0.4366885
0.3490431 0.3416866 0.3092703
0.2511604 0.2301594 0.5186802
0.2259836 0.3213655 0.4526509
0.2068128 0.3424402 0.450747
0.2894867 0.3235875 0.3869259
0.2804776 0.2895163 0.4300061
0.2962609 0.2669864 0.4367527
0.343841 0.3230302 0.3331287
0.3120576 0.3356603 0.3522821
0.3034069 0.255982 0.440611
0.2760584 0.2208642 0.5030775
0.1963394 0.3269566 0.476704
0.2452675 0.3097558 0.4449768
0.241743 0.4451072 0.3131498
0.3137809 0.3021231 0.384096
0.2871081 0.2676726 0.4452192
0.2451228 0.3943636 0.3605136
0.3749035 0.3673668 0.2577297
0.3340164 0.2496257 0.4163579
0.2759009 0.3459857 0.3781134
0.2350442 0.2927015 0.4722543
0.239647 0.3952364 0.3651166
0.2935455 0.3324431 0.3740113
0.252305 0.3872051 0.3604899
0.2137817 0.3212224 0.4649959
0.2922758 0.358676 0.3490481
0.3410544 0.275468 0.3834776
0.3132614 0.2139021 0.4728365
0.2440684 0.3320219 0.4239097
0.2684277 0.3768375 0.3547348
0.231602 0.3081807 0.4602173
0.2795615 0.2412679 0.4791705
0.3012409 0.3467296 0.3520295
0.2821722 0.2740035 0.4438243
0.1771201 0.3392268 0.4836531
0.2625524 0.3736653 0.3637824
0.267422 0.3036651 0.4289129
0.2716533 0.3306817 0.397665
0.3345471 0.2598073 0.4056456
0.1882273 0.3739576 0.4378151
0.3306397 0.2701351 0.3992252
0.2889411 0.2737475 0.4373114
0.3063996 0.3299919 0.3636085
0.264206 0.343671 0.392123
0.2926868 0.2688069 0.4385063
0.270271 0.2987987 0.4309303
0.2427874 0.421175 0.3360376
0.2683952 0.3223508 0.4092541
0.3292805 0.3151556 0.3555639
0.3239318 0.3575039 0.3185643
0.2963873 0.3222082 0.3814045
0.3845085 0.2406895 0.374802
0.3119903 0.3288464 0.3591633
0.2759148 0.3229245 0.4011607
0.289932 0.3147705 0.3952974
0.1892727 0.349496 0.4612313
0.3392142 0.2603959 0.4003899
0.2588528 0.2690116 0.4721356
0.3198081 0.3424725 0.3377194
0.3168929 0.3248366 0.3582705
0.3530163 0.2397001 0.4072836
0.1719256 0.4150926 0.4129818
0.2495154 0.3899458 0.3605388
0.2821663 0.3691734 0.3486604
0.2816965 0.3025815 0.4157219
0.2268207 0.2785475 0.4946318
0.2369054 0.3376728 0.4254219
0.3247116 0.2995458 0.3757427
0.2424193 0.2712914 0.4862894
0.3234911 0.2444081 0.4321008
0.2482669 0.2500264 0.5017068
0.2404578 0.3528937 0.4066485
0.2426407 0.3310435 0.4263157
0.2497627 0.3226278 0.4276095
0.3071582 0.3118861 0.3809557
0.2061291 0.3980863 0.3957846
0.2835531 0.2539034 0.4625435
0.3054956 0.3560517 0.3384527
0.2621913 0.3223489 0.4154598
0.2929079 0.2922827 0.4148093
0.2729725 0.2519774 0.4750501
0.2868599 0.3694178 0.3437223
0.2800993 0.2703949 0.4495058
0.2566556 0.3788304 0.3645141
0.2512431 0.3445112 0.4042457
0.3591021 0.3021603 0.3387376
0.3267281 0.3143182 0.3589537
0.2827284 0.3016163 0.4156553
0.3005991 0.2499749 0.449426
0.331623 0.3389077 0.3294693
0.3125383 0.2546461 0.4328156
0.2953908 0.2745477 0.4300615
0.2652345 0.2933804 0.4413852
0.2864469 0.2468369 0.4667161
0.3382544 0.2956433 0.3661023
0.2329678 0.4390573 0.3279749
0.2511553 0.2475198 0.5013248
0.242175 0.3521756 0.4056494
0.3408057 0.2486901 0.4105042
0.2747514 0.4191178 0.3061308
0.2593679 0.3343307 0.4063014
0.213529 0.3208598 0.4656112
0.1735267 0.3325602 0.4939131
0.226486 0.3634948 0.4100192
0.2582212 0.3188943 0.4228845
0.271318 0.3193792 0.4093028
0.3784216 0.2676642 0.3539141
0.3622201 0.2215724 0.4162075
0.2604858 0.2837638 0.4557504
0.2994367 0.2823698 0.4181935
0.275568 0.3216442 0.4027878
0.2900085 0.2970782 0.4129134
0.4137713 0.2490055 0.3372232
0.2273175 0.3690721 0.4036104
0.3010596 0.2840916 0.4148488
0.3586979 0.3153204 0.3259817
0.2363066 0.3092817 0.4544117
0.2620509 0.2697719 0.4681772
0.2587683 0.2693034 0.4719284
0.2868128 0.2845538 0.4286334
0.2916881 0.2884829 0.4198289
0.2426704 0.3225793 0.4347503
0.3337043 0.312696 0.3535998
0.2936727 0.2488805 0.4574469
0.2694937 0.3536428 0.3768635
0.2771059 0.2394465 0.4834476
0.2707133 0.3450825 0.3842042
0.324837 0.2786896 0.3964734
0.2518449 0.320005 0.4281502
0.288835 0.3170133 0.3941517
0.2602307 0.3437704 0.3959988
0.2316469 0.3931461 0.375207
0.3283208 0.3455537 0.3261254
0.2430998 0.2880925 0.4688076
0.3596797 0.3656203 0.2747001
0.3026085 0.3338001 0.3635914
0.2443883 0.2920035 0.4636083
0.3157219 0.306288 0.3779901
0.2997005 0.2749091 0.4253904
0.3101777 0.3253967 0.3644256
0.2568497 0.2663458 0.4768046
0.2102364 0.3554955 0.4342682
0.2208092 0.3326347 0.446556
0.2848403 0.3393474 0.3758123
0.2528196 0.3108163 0.4363642
0.2542758 0.3303573 0.415367
0.2446657 0.3103154 0.4450188
0.3062583 0.2273423 0.4663994
0.2292096 0.2928914 0.477899
0.297562 0.3229173 0.3795207
0.3467214 0.3467404 0.3065382
0.3131416 0.2736083 0.4132501
0.3002217 0.325491 0.3742873
0.2160934 0.3064951 0.4774114
0.3454435 0.3350876 0.3194689
0.4368749 0.2668618 0.2962633
0.3190958 0.290069 0.3908352
0.3646023 0.2852224 0.3501753
0.3722258 0.2770316 0.3507426
0.4361024 0.2416382 0.3222594
0.2652168 0.2559732 0.47881
0.2804181 0.3256916 0.3938904
0.181963 0.4185521 0.3994849
0.398205 0.3154653 0.2863297
0.2318385 0.3420922 0.4260693
0.264066 0.2740018 0.4619322
0.3396577 0.2360644 0.4242779
0.2146397 0.3221428 0.4632175
0.2396664 0.3716767 0.3886569
0.2341442 0.2776656 0.4881903
0.2648765 0.3173637 0.4177598
0.2998409 0.3118566 0.3883025
0.3716642 0.2721979 0.356138
0.3673905 0.2581432 0.3744663
0.3641691 0.2035113 0.4323196
0.3195189 0.2813038 0.3991772
0.2489505 0.3360451 0.4150044
0.3460409 0.2633095 0.3906496
0.2368737 0.2616004 0.5015258
0.2797454 0.3230686 0.397186
0.325409 0.2364294 0.4381616
0.2845523 0.3073172 0.4081305
0.3027867 0.2715329 0.4256804
0.3325978 0.2150464 0.4523558
0.3439905 0.2897317 0.3662778
0.3805177 0.2036624 0.41582
0.2824544 0.3489125 0.3686331
0.2889119 0.3450958 0.3659923
0.3523752 0.2390238 0.4086011
0.2603723 0.3133611 0.4262666
0.2690042 0.3138914 0.4171044
0.2202531 0.384174 0.3955729
0.3155414 0.2581592 0.4262993
0.2532228 0.361766 0.3850113
0.2964984 0.3311914 0.3723102
0.2520436 0.3041184 0.443838
0.2304437 0.3369088 0.4326475
0.2916609 0.3341564 0.3741828
0.3315444 0.3175874 0.3508682
0.2805077 0.2536357 0.4658566
0.3349184 0.2649988 0.4000827
0.2584544 0.3542895 0.387256
0.1890437 0.3180053 0.492951
0.3507524 0.2557191 0.3935286
0.2492012 0.2882618 0.4625371
0.2675682 0.2933766 0.4390551
0.3085652 0.2206544 0.4707804
0.219869 0.2654242 0.5147068
0.2536805 0.2917977 0.4545218
0.2605111 0.3824506 0.3570383
0.2901375 0.4256435 0.284219
0.2722774 0.3577509 0.3699716
0.2681917 0.2851827 0.4466256
0.2637707 0.3547856 0.3814437
0.3517268 0.2773663 0.370907
0.2632135 0.2714186 0.4653679
0.3434841 0.3195737 0.3369422
0.196752 0.379867 0.4233811
0.3257291 0.3472968 0.3269741
0.212608 0.3711213 0.4162707
0.3676645 0.3242381 0.3080973
0.278403 0.3772255 0.3443715
0.3299831 0.2974765 0.3725404
0.2543148 0.2928694 0.4528158
0.2767513 0.3304587 0.39279
0.3050363 0.2523652 0.4425985
0.2177557 0.3619071 0.4203372
0.2794078 0.2353306 0.4852617
0.2215423 0.3255134 0.4529443
0.3087479 0.2622816 0.4289705
0.3077758 0.2966436 0.3955805
0.3256713 0.3135472 0.3607815
0.281997 0.3360331 0.3819699
0.3123576 0.2990589 0.3885835
0.2731845 0.3684717 0.3583438
0.2080484 0.370802 0.4211496
0.3374085 0.2774085 0.3851829
0.2962551 0.2990473 0.4046975
0.2143741 0.3468984 0.4387274
0.3840145 0.2853884 0.3305971
0.3272815 0.2961096 0.376609
0.3087572 0.3611336 0.3301092
0.3242572 0.2762929 0.3994499
0.2333452 0.4196868 0.3469679
0.2757671 0.2388412 0.4853917
0.2937313 0.3758802 0.3303885
0.3034241 0.3306149 0.3659611
0.2583707 0.299347 0.4422823
0.3076816 0.2601529 0.4321655
0.3366738 0.2495664 0.4137599
0.3474524 0.2423357 0.4102119
0.2603905 0.3592004 0.3804091
0.1870054 0.4145913 0.3984032
0.2529249 0.2993177 0.4477574
0.2564175 0.3089728 0.4346097
0.1901111 0.3655746 0.4443143
0.2634097 0.3213457 0.4152446
0.2461878 0.3778579 0.3759543
0.2416008 0.327228 0.4311711
0.300238 0.3278313 0.3719306
0.3109439 0.2101815 0.4788746
0.2332534 0.3204225 0.4463241
0.3104916 0.3051947 0.3843137
0.2644502 0.3663416 0.3692082
0.2563618 0.4312709 0.3123673
0.2584079 0.2700325 0.4715596
0.3335951 0.2143602 0.4520447
0.2692072 0.2563822 0.4744107
0.1970279 0.3561666 0.4468054
0.3366428 0.2254213 0.4379359
0.2567979 0.2262005 0.5170016
0.2579448 0.3089624 0.4330928
0.2915923 0.2606254 0.4477823
0.2877999 0.2956436 0.4165565
0.3495652 0.2676254 0.3828094
0.2734096 0.2989467 0.4276438
0.2941975 0.31622 0.3895824
0.330455 0.3313602 0.3381848
0.2663367 0.3100446 0.4236187
0.269355 0.3227092 0.4079358
0.2087183 0.3616161 0.4296655
0.3644444 0.2582765 0.3772791
0.2937211 0.2461595 0.4601194
0.2964321 0.3285427 0.3750252
0.276137 0.305056 0.418807
0.2301507 0.4168063 0.353043
0.3244401 0.3104699 0.36509
0.3107456 0.3519292 0.3373252
0.3097016 0.2937153 0.3965831
0.3078265 0.3500116 0.3421619
0.269333 0.3326818 0.3979852
0.2196619 0.3411601 0.439178
0.2720116 0.2956141 0.4323743
0.2160012 0.2903452 0.4936536
0.3670699 0.2953847 0.3375454
0.2322641 0.3264572 0.4412787
0.233681 0.2842045 0.4821145
0.2672699 0.2610036 0.4717265
0.2903027 0.2974114 0.4122858
0.3258218 0.2541052 0.420073
0.29966 0.3575015 0.3428385
0.2933806 0.3177511 0.3888683
0.2954774 0.3329168 0.3716059
0.2546002 0.3889862 0.3564137
0.260898 0.260401 0.478701
0.2749043 0.3531471 0.3719486
0.3279833 0.3662896 0.3057271
0.2424986 0.2811381 0.4763633
0.2157398 0.3439322 0.440328
0.1960675 0.35367 0.4502625
0.2755716 0.2301284 0.4943
0.2443054 0.3338052 0.4218895
0.2626837 0.3148828 0.4224335
0.2302633 0.3893097 0.3804269
0.3081557 0.2938954 0.3979489
0.2485282 0.2669238 0.484548
0.321009 0.2584875 0.4205035
0.2597863 0.2840904 0.4561234
0.3330879 0.3350553 0.3318568
0.2843068 0.2921482 0.423545
0.3653214 0.2802411 0.3544375
0.3255281 0.2536011 0.4208708
0.3565779 0.3092299 0.3341922
0.2398931 0.2937555 0.4663514
0.2345106 0.3637585 0.4017309
0.277047 0.3216549 0.4012981
0.2081228 0.3151581 0.4767191
0.3613583 0.3337267 0.304915
0.3559316 0.2485835 0.3954849
0.3404861 0.3197464 0.3397675
0.3182159 0.2606182 0.421166
0.2640603 0.3721547 0.363785
0.2994887 0.319996 0.3805153
0.3154099 0.2625214 0.4220687
0.3080435 0.3840771 0.3078795
0.2597992 0.3644881 0.3757128
0.2694887 0.2875805 0.4429308
0.3215535 0.327225 0.3512215
0.2480857 0.3426703 0.4092441
0.2602789 0.3001284 0.4395926
0.2911913 0.2446471 0.4641616
0.2971885 0.2486178 0.4541936
0.2286178 0.311047 0.4603351
0.1859635 0.3764046 0.4376319
0.2239954 0.3748913 0.4011133
0.3462451 0.2905652 0.3631897
0.2922245 0.2990848 0.4086907
0.2592362 0.3506609 0.3901028
0.240749 0.3636689 0.3955821
0.2089296 0.3315823 0.4594882
0.2334246 0.3048265 0.4617488
0.3473208 0.2525603 0.4001189
0.2463011 0.3315587 0.4221403
0.3351061 0.2180086 0.4468854
0.2392422 0.3460713 0.4146865
0.2805833 0.2969384 0.4224783
0.2643496 0.3302918 0.4053586
0.2899659 0.2776785 0.4323556
0.3339059 0.28415 0.381944
0.3064147 0.3391653 0.35442
0.2732525 0.3966741 0.3300734
0.2654161 0.2738889 0.460695
0.2936953 0.2501562 0.4561486
0.2842056 0.354162 0.3616324
0.2326977 0.2835147 0.4837876
0.2220828 0.3796604 0.3982568
0.2696596 0.3545232 0.3758172
0.3009226 0.3089993 0.3900781
0.2609203 0.3259888 0.4130909
0.1995181 0.2958098 0.5046721
0.3134565 0.3295036 0.3570399
0.3022556 0.3596702 0.3380743
0.3174115 0.3133368 0.3692517
0.2956151 0.2628319 0.441553
0.2302448 0.2940374 0.4757179
0.2399651 0.3040524 0.4559826
0.2783567 0.4355789 0.2860644
0.2234535 0.249333 0.5272135
0.3393793 0.3110967 0.349524
0.3500642 0.2724219 0.3775139
0.2859596 0.2677893 0.4462511
0.2497074 0.3259041 0.4243884
0.2689055 0.3115858 0.4195088
0.3269851 0.2991479 0.373867
0.3448901 0.3117153 0.3433946
0.2622494 0.3712688 0.3664818
0.3061464 0.2689913 0.4248623
0.3233389 0.3300313 0.3466298
0.277495 0.3351104 0.3873946
0.2984528 0.2617568 0.4397904
0.2343472 0.3752283 0.3904245
0.2214187 0.3269944 0.4515869
0.3255672 0.3105978 0.363835
0.2908654 0.3320443 0.3770903
0.26099 0.3472195 0.3917905
0.2078154 0.3351108 0.4570738
0.3128611 0.3104483 0.3766906
0.3977078 0.2598172 0.342475
0.2430219 0.3099938 0.4469844
0.3453908 0.3357223 0.3188868
0.2841148 0.2916075 0.4242777
0.2790744 0.2999347 0.4209908
0.2293562 0.3341406 0.4365032
0.3172723 0.3348056 0.3479221
0.2879113 0.324619 0.3874697
0.2971595 0.3236538 0.3791867
0.2871909 0.2545677 0.4582414
0.2401891 0.3689113 0.3908995
0.290702 0.3759086 0.3333895
0.2663887 0.2877097 0.4459016
0.3933787 0.2456429 0.3609785
0.3052598 0.3517224 0.3430178
0.3286581 0.3277132 0.3436287
0.2498746 0.3241875 0.425938
0.2562815 0.3946679 0.3490507
0.27866 0.3735362 0.3478038
0.2484744 0.3135681 0.4379575
0.4028934 0.1830377 0.4140689
0.2508251 0.3418914 0.4072834
0.2599208 0.3604548 0.3796245
0.2508686 0.3557678 0.3933636
0.35073 0.2989199 0.3503501
0.3626804 0.2661941 0.3711255
0.3106687 0.3667187 0.3226127
0.2958399 0.3107577 0.3934024
0.2894597 0.3289728 0.3815675
0.2627401 0.3527879 0.384472
0.2788105 0.3566751 0.3645143
0.2357533 0.3401549 0.4240918
0.2817463 0.3358126 0.3824411
0.3282539 0.2789223 0.3928237
0.3665575 0.290768 0.3426745
0.3150897 0.1873184 0.4975919
0.270538 0.3173995 0.4120625
0.2857957 0.3868212 0.3273831
0.3579985 0.2937574 0.3482442
0.3722275 0.2214664 0.4063061
0.3469577 0.2700863 0.382956
0.3391333 0.3296228 0.3312439
0.281438 0.2596247 0.4589373
0.3042318 0.2859722 0.4097961
0.3012431 0.2830373 0.4157196
0.2575418 0.2793679 0.4630903
0.4002523 0.287531 0.3122167
0.2483131 0.3458093 0.4058776
0.3431505 0.3069165 0.349933
0.3380473 0.2960831 0.3658696
0.3790633 0.3205926 0.3003441
0.2927763 0.2857982 0.4214256
0.2947043 0.2685139 0.4367818
0.2702392 0.2140216 0.5157392
0.3864674 0.2671503 0.3463823
0.3118189 0.2507859 0.4373952
0.2385337 0.3359437 0.4255226
0.3082455 0.3426167 0.3491378
0.2409842 0.3923042 0.3667116
0.2483311 0.2646237 0.4870453
0.2586699 0.3441494 0.3971808
0.307869 0.3178214 0.3743096
0.216626 0.3339912 0.4493828
0.3372212 0.2481327 0.414646
0.3470526 0.2504649 0.4024825
0.3027695 0.3148776 0.3823529
0.2137835 0.3084287 0.4777878
0.3051509 0.3182465 0.3766025
0.2652699 0.3421129 0.3926173
0.2794232 0.2880687 0.4325082
0.3462943 0.2370329 0.4166728
0.2755717 0.2981879 0.4262405
0.3985642 0.2384 0.3630359
0.3150074 0.2837147 0.4012778
0.3528655 0.3522618 0.2948727
0.2339956 0.3521274 0.4138771
0.2761681 0.2192786 0.5045534
0.2180472 0.2601212 0.5218316
0.2506129 0.3509051 0.3984821
0.3062848 0.3338134 0.3599019
0.3102235 0.3041304 0.3856461
0.2598598 0.3073283 0.4328119
0.2317305 0.292148 0.4761215
0.2582898 0.3392159 0.4024943
0.3598621 0.2476674 0.3924705
0.2196421 0.3051678 0.4751901
0.2769147 0.370476 0.3526093
0.2166018 0.2667175 0.5166807
0.2604044 0.3061284 0.4334672
0.2592375 0.2744857 0.4662768
0.2912014 0.2826946 0.426104
0.2744307 0.2409978 0.4845715
0.2883944 0.2704266 0.441179
0.2988806 0.2069851 0.4941343
0.2839323 0.2979312 0.4181365
0.2875198 0.2803676 0.4321126
0.2906009 0.3146789 0.3947202
0.3120281 0.2784336 0.4095383
0.2851322 0.2999418 0.4149259
0.2802548 0.2820624 0.4376828
0.2986185 0.2523896 0.448992
0.3014469 0.3223436 0.3762095
0.280291 0.2875427 0.4321662
0.2883396 0.267551 0.4441093
