p_1 p_2 p_3 p_4 
0.1008269 0.08122832 0.7789508 0.03899396 
0.08230564 0.07759538 0.8360158 0.004083132 
0.1277339 0.08230659 0.7823153 0.007644231 
0.05522922 0.1417542 0.7662841 0.03673249 
0.05301476 0.1195448 0.8139442 0.0134962 
0.04070559 0.1151685 0.8199195 0.02420634 
0.02791379 0.1390675 0.8121853 0.02083338 
0.05887113 0.09716004 0.8019471 0.04202173 
0.06968068 0.1422161 0.7832395 0.004863703 
0.05139609 0.1655805 0.7709292 0.01209422 
0.04262586 0.1496096 0.7872835 0.02048098 
0.05714141 0.05628698 0.83422 0.05235162 
0.03980351 0.1129016 0.8004166 0.04687831 
0.04189185 0.154032 0.7961764 0.007899738 
0.03286354 0.1727118 0.7859025 0.008522204 
0.07876163 0.1440013 0.7748455 0.002391594 
0.03058092 0.1306935 0.7574055 0.08132003 
0.03175273 0.101409 0.8578244 0.00901387 
0.06246054 0.1266541 0.7935248 0.01736055 
0.1115225 0.1075422 0.7665489 0.01438643 
0.08852843 0.1254734 0.7542805 0.03171773 
0.004687097 0.2021927 0.7803148 0.01280539 
0.05269154 0.2058101 0.7385224 0.002975962 
0.08849994 0.1208496 0.7821702 0.008480201 
0.02887677 0.04336441 0.7472364 0.1805224 
0.01705547 0.08434852 0.7713569 0.1272391 
0.05963482 0.08417527 0.6488102 0.2073797 
0.04370747 0.01053637 0.8719605 0.07379568 
0.1235758 0.008858958 0.7271018 0.1404635 
0.04410757 0.01883124 0.792355 0.1447062 
0.03032427 0.002101857 0.8089613 0.1586126 
0.0646054 0.172318 0.6705129 0.09256368 
0.01860843 0.1809531 0.7956763 0.004762175 
0.06438007 0.1833239 0.7240215 0.02827448 
0.1673621 0.111407 0.7070198 0.01421116 
0.053716 0.1279638 0.8002211 0.01809913 
0.02750883 0.0943394 0.8249697 0.05318208 
0.06744501 0.1339713 0.77459 0.02399368 
0.03577561 0.1158216 0.7591311 0.08927165 
0.0914343 0.1849406 0.6984964 0.02512866 
0.05987532 0.1330446 0.7933653 0.01371485 
0.0365425 0.2031731 0.7224132 0.0378712 
0.06085075 0.2024119 0.7311406 0.005596777 
0.06345589 0.1688668 0.7287614 0.03891598 
0.06562464 0.1404227 0.7524809 0.04147168 
0.06946023 0.1618331 0.7667675 0.001939154 
0.00246337 0.08031161 0.846866 0.07035907 
0.004101775 0.1040425 0.8340679 0.05778781 
5.002087e-05 0.1304628 0.804779 0.06470814 
0.00234053 0.1850443 0.6611824 0.1514328 
0.007300972 0.2513008 0.6680424 0.07335582 
0.002868793 0.1765625 0.7792329 0.04133582 
0.01865663 0.2136601 0.7038284 0.06385482 
0.06226116 0.1422873 0.7626718 0.03277976 
0.04953845 0.2029128 0.7304619 0.01708685 
0.03762417 0.1530405 0.8017809 0.007554384 
0.05545753 0.1490305 0.7818569 0.01365517 
0.05314579 0.08608927 0.8515772 0.009187715 
0.03421176 0.1345871 0.7880689 0.04313218 
0.087926 0.109949 0.795529 0.006595943 
0.0815364 0.2320176 0.6806837 0.005762298 
0.06056344 0.1389079 0.7666418 0.03388692 
0.04385126 0.1900627 0.7263555 0.03973051 
0.05426079 0.1325086 0.8004209 0.01280966 
0.001833417 0.2081297 0.7176564 0.07238057 
0.01611434 0.1136895 0.835998 0.03419815 
0.04582462 0.09385715 0.8207118 0.03960645 
0.0183514 0.18899 0.7176437 0.0750149 
0.02386382 0.09884001 0.82626 0.05103614 
0.01253285 0.2377534 0.7212986 0.02841513 
0.0191943 0.06573535 0.8774327 0.03763762 
0.0394005 0.06300598 0.7992009 0.09839261 
0.1078745 0.09212769 0.7813553 0.01864256 
0.1543144 0.09525475 0.7229479 0.02748292 
0.06693971 0.09766582 0.8265421 0.008852407 
0.06853428 0.08040096 0.8225478 0.02851694 
0.0596593 0.1580246 0.7293298 0.05298631 
0.02706502 0.1838686 0.7766813 0.01238508 
0.06175771 0.1339764 0.7700216 0.03424434 
0.08651251 0.1312548 0.7691406 0.01309217 
0.02353781 0.1503566 0.7648631 0.06124247 
0.006443714 0.09964976 0.7497682 0.1441383 
0.004378404 0.1321575 0.7735737 0.08989037 
0.00849463 0.2053064 0.7764 0.00979901 
0.02698946 0.09915858 0.8334085 0.04044346 
0.001488406 0.2028361 0.7280824 0.06759311 
0.005548989 0.2100618 0.7581901 0.02619912 
0.03384045 0.08097062 0.8226828 0.06250615 
0.04890705 0.1481255 0.7247628 0.07820464 
0.02766031 0.263842 0.6906479 0.01784975 
0.001816137 0.1298104 0.8116573 0.05671614 
0.04366098 0.1010716 0.7758784 0.07938904 
0.007531995 0.1558729 0.7716545 0.06494057 
0.06946184 0.06417481 0.8158766 0.05048677 
0.01053714 0.1473275 0.7144662 0.1276692 
0.002012116 0.1177387 0.7833325 0.09691673 
0.01137312 0.06296029 0.8073549 0.1183117 
0.003311272 0.1523142 0.7605516 0.08382291 
0.07422409 0.171875 0.7524967 0.001404198 
0.05032707 0.143235 0.8054903 0.0009476545 
0.03053393 0.111682 0.7042589 0.1535252 
0.006115936 0.1455798 0.7700185 0.07828577 
0.007785375 0.09237066 0.8494387 0.05040528 
0.03952769 0.1322535 0.7367937 0.09142516 
0.06305603 0.0144058 0.7948154 0.1277228 
0.1703926 0.05944041 0.7035968 0.06657019 
0.09093769 0.02885168 0.8172618 0.06294884 
0.1275739 0.04339047 0.7635562 0.06547937 
0.1619182 0.00251333 0.7883464 0.04722204 
0.1595171 0.03688837 0.7417341 0.06186044 
0.1945722 0.00488716 0.7594093 0.04113128 
0.1338404 0.03904942 0.7667062 0.06040404 
0.1732707 0.03382386 0.6965378 0.09636765 
0.09751937 0.06997845 0.7870049 0.04549726 
0.002483546 0.1599656 0.7764773 0.06107355 
0.04589123 0.07199467 0.8087254 0.07338865 
0.02972141 0.1367634 0.762799 0.07071617 
0.002087878 0.1124346 0.8610277 0.02444983 
0.01997054 0.09549974 0.8082406 0.07628907 
0.003855759 0.1545508 0.8071178 0.03447564 
0.003033074 0.1753711 0.710274 0.1113219 
0.01027013 0.1661963 0.7787418 0.04479173 
0.003950972 0.1747927 0.7490571 0.07219915 
0.06530159 0.1343552 0.7703458 0.02999737 
0.05473756 0.1329531 0.8091326 0.003176712 
0.07175624 0.1630741 0.7412504 0.02391917 
0.08210629 0.1224023 0.7256019 0.06988956 
0.03550619 0.175622 0.7863293 0.002542561 
0.04129695 0.1079505 0.7853065 0.06544596 
0.01732541 0.1289485 0.7828742 0.07085192 
0.01494839 0.1415301 0.8098946 0.03362692 
0.005061774 0.2027224 0.7239794 0.06823645 
0.01131393 0.2001163 0.7506435 0.03792619 
0.01587899 0.08998294 0.8367243 0.05741378 
0.1003733 0.1710325 0.7137891 0.01480518 
0.05743821 0.1192628 0.8223554 0.0009436123 
0.01667862 0.1575352 0.7793762 0.04640996 
0.09372167 0.08902611 0.7348167 0.08243554 
0.1043835 0.1120093 0.781316 0.002291246 
0.06510713 0.1057639 0.8208404 0.008288532 
0.008601979 0.159692 0.8085641 0.02314193 
0.04283642 0.1989731 0.679438 0.0787525 
0.02104532 0.1540642 0.7737491 0.05114139 
0.03185385 0.1302112 0.8050839 0.03285101 
0.04870433 0.1091123 0.7911459 0.05103743 
0.05436341 0.09177309 0.8241707 0.02969279 
0.01332643 0.1971785 0.737969 0.05152609 
0.01102633 0.1189732 0.8359883 0.03401216 
0.01204099 0.1408772 0.8086562 0.03842565 
2.878953e-06 0.1332937 0.8427663 0.02393714 
0.03627309 0.1336757 0.7432106 0.08684063 
0.00921214 0.12864 0.8202652 0.04188267 
0.008574122 0.155524 0.7528711 0.08303082 
0.007754783 0.15261 0.7667889 0.07284626 
0.004695417 0.1740868 0.7331495 0.0880683 
0.003320721 0.1010401 0.8099232 0.08571602 
0.01153597 0.1066032 0.7805508 0.1013101 
0.01350297 0.1046412 0.7983982 0.08345762 
0.03228093 0.1198096 0.7740437 0.07386582 
0.0765129 0.1044333 0.7558651 0.06318877 
0.01911241 0.1486677 0.7825607 0.04965915 
0.04697195 0.1534848 0.7474595 0.05208375 
0.00658494 0.1502817 0.7893073 0.05382608 
0.01939769 0.1858489 0.7662044 0.02854896 
0.001184984 0.2168893 0.7068523 0.0750735 
0.06488003 0.170341 0.6808726 0.08390639 
0.01588295 0.1421499 0.8054655 0.03650166 
0.01985028 0.1571333 0.7816372 0.04137923 
0.04657864 0.09660191 0.8124077 0.04441175 
0.005690505 0.126045 0.8254634 0.04280112 
0.01343512 0.1338659 0.8193272 0.03337179 
0.01033235 0.1739176 0.7620791 0.05367092 
0.001300301 0.1386852 0.8432637 0.0167508 
0.02153992 0.1365613 0.7805289 0.06136996 
0.01136952 0.1767153 0.7811065 0.03080862 
0.003362436 0.1157331 0.8354784 0.04542612 
0.04299817 0.08013796 0.7912996 0.08556423 
0.0156191 0.0834587 0.8536915 0.04723072 
0.009872543 0.08791778 0.7625763 0.1396334 
0.006001399 0.1694517 0.7973666 0.02718038 
0.176868 0.03086465 0.7273888 0.0648786 
0.02727398 0.06583537 0.8395858 0.06730485 
0.05785863 0.1600235 0.7526625 0.02945538 
0.001876647 0.1865115 0.771179 0.04043281 
0.03212535 0.1645613 0.7445089 0.05880451 
0.02183734 0.1804117 0.7353523 0.06239872 
0.03250654 0.1122195 0.7723945 0.08287937 
0.001982894 0.1429442 0.8289392 0.0261337 
0.005092174 0.1813163 0.7321662 0.08142533 
0.00580219 0.1243322 0.8102423 0.05962325 
0.04344084 0.1269722 0.7687595 0.06082748 
0.003271041 0.1119894 0.8155365 0.06920305 
0.006360392 0.1841502 0.7470165 0.06247295 
0.04095155 0.09997705 0.7946086 0.06446285 
0.01565254 0.119962 0.7701938 0.09419171 
0.004718167 0.1377407 0.7785172 0.07902394 
0.02004178 0.1492162 0.7648821 0.06585984 
0.02694929 0.1134864 0.7565458 0.1030185 
0.02239409 0.1466028 0.7639365 0.06706655 
0.01014346 0.149751 0.7896234 0.05048223 
0.02978471 0.07661899 0.7913306 0.1022657 
0.006897568 0.1024987 0.8317123 0.05889147 
0.0004735676 0.2169402 0.7135194 0.06906675 
0.04436637 0.1155852 0.7906285 0.0494199 
0.03203958 0.1349647 0.823839 0.00915674 
0.06027377 0.1211085 0.8153362 0.003281507 
0.07459174 0.1271016 0.7673455 0.03096118 
0.01563084 0.1119759 0.7149579 0.1574354 
0.02709941 0.1767964 0.772433 0.02367116 
0.07794385 0.106368 0.750369 0.0653192 
0.06534765 0.1318787 0.7824065 0.02036707 
0.05055215 0.1124232 0.7784396 0.05858503 
0.04199731 0.1849843 0.7598957 0.01312274 
0.07783334 0.1610993 0.7571593 0.003907998 
0.0768291 0.1452692 0.7677058 0.01019587 
0.06886338 0.09552235 0.8305973 0.005016983 
0.05751192 0.1356746 0.7560815 0.05073199 
0.1163947 0.1789763 0.6904593 0.01416967 
0.08948325 0.1325192 0.7467128 0.03128474 
0.1125525 0.06925977 0.7819752 0.03621261 
0.03564605 0.1033669 0.8342016 0.02678537 
0.06003907 0.2017643 0.7296301 0.008566529 
0.1114877 0.05047203 0.8325486 0.005491659 
0.04730369 0.08580559 0.8463733 0.02051747 
0.05452458 0.1445953 0.7847202 0.01615992 
0.101572 0.09846405 0.7871376 0.01282639 
0.05278047 0.1211128 0.8059654 0.02014139 
0.0995951 0.1030386 0.7877947 0.009571556 
0.03938914 0.1346909 0.7981014 0.0278185 
0.0375218 0.1930525 0.767085 0.002340637 
0.1295141 0.02253687 0.7555902 0.09235886 
0.04243281 0.01220475 0.8153567 0.1300057 
0.05700504 0.0121909 0.7813555 0.1494485 
0.04392377 0.03803416 0.8298522 0.08818988 
0.05496166 0.0007970284 0.839956 0.1042853 
0.04076003 0.01470237 0.8404175 0.1041201 
0.02832247 0.1092966 0.7239682 0.1384127 
0.0611847 0.00790113 0.7884242 0.14249 
0.02941293 0.003739119 0.8513072 0.1155407 
0.0798683 0.02596726 0.7831579 0.1110066 
0.03355607 0.07939408 0.7622516 0.1247983 
0.09412056 0.02543975 0.7036245 0.1768152 
0.07438592 0.05837283 0.7407075 0.1265337 
0.05490976 0.01836436 0.8044778 0.1222481 
0.06356821 0.05310962 0.7709068 0.1124154 
0.1212698 0.1156969 0.7285524 0.03448086 
0.1266618 0.06798895 0.8023675 0.002981683 
0.1550104 0.02674379 0.8123899 0.005855877 
0.07930726 0.07316217 0.8424761 0.005054461 
0.104967 0.05153085 0.8178079 0.02569423 
0.1116626 0.02704653 0.8552408 0.006050077 
0.1467878 0.03695037 0.7702431 0.04601869 
0.1586092 0.09822774 0.7343433 0.008819776 
0.1960799 0.01373964 0.6832071 0.1069733 
0.173689 0.01239012 0.7894773 0.02444364 
0.1144852 0.02177103 0.8192107 0.04453309 
0.1496666 0.04736049 0.7416455 0.06132748 
0.1343219 0.002084962 0.7899153 0.07367782 
0.04118345 5.025097e-05 0.8875932 0.07117313 
0.1164407 0.005766139 0.7701674 0.1076258 
0.004055315 0.1892563 0.7348672 0.07182117 
0.006679335 0.1786519 0.7562481 0.05842071 
0.06236397 0.03778524 0.8015853 0.09826546 
0.09575248 0.003742613 0.8323072 0.06819771 
0.08731533 0.003437506 0.7070763 0.2021708 
0.04481619 0.0015616 0.7865415 0.1670807 
0.07919681 0.001462596 0.8263162 0.09302436 
0.146127 0.0005531874 0.6708955 0.1824243 
0.09315005 0.05744712 0.7987178 0.05068503 
0.141741 0.007551872 0.76479 0.08591713 
0.04856622 0.04721119 0.7585449 0.1456777 
0.0345515 0.04302228 0.8195039 0.1029224 
0.04266373 0.08158482 0.7962042 0.0795472 
0.03962237 0.004290717 0.8132046 0.1428823 
0.08522686 0.01910791 0.7801225 0.1155427 
0.0704474 0.01868339 0.7273776 0.1834916 
0.05665728 0.01222894 0.7646816 0.1664322 
0.05525531 0.01792276 0.7964609 0.1303611 
0.04923761 0.02840247 0.8076193 0.1147406 
0.06740947 0.007474451 0.8180633 0.1070528 
0.0455877 0.01465691 0.8340175 0.1057379 
0.04587493 0.02296613 0.7929458 0.1382131 
0.02354634 0.00518075 0.8386895 0.1325834 
0.03827261 0.05992715 0.803499 0.09830124 
0.02990853 0.02335792 0.7908029 0.1559307 
0.127414 0.004455569 0.7771827 0.09094776 
0.04485701 0.02896682 0.7047387 0.2214375 
0.04881883 0.01068567 0.8050793 0.1354162 
0.001551901 0.07339599 0.8495878 0.07546426 
0.004959218 0.05240511 0.786806 0.1558297 
0.007571148 0.0712253 0.7793368 0.1418667 
0.00636434 0.03566767 0.80839 0.1495779 
0.001119917 0.1025275 0.7546043 0.1417483 
0.01939701 0.05385915 0.8314703 0.09527353 
0.02892276 0.08845634 0.7407561 0.1418648 
0.0521238 0.01253605 0.8466546 0.08868557 
0.004374084 0.02652124 0.7992065 0.1698981 
0.03619581 0.0405147 0.7712978 0.1519917 
0.005786773 0.04560674 0.7280122 0.2205943 
0.07544091 0.05347406 0.7431551 0.1279299 
0.001329582 0.06541432 0.8364145 0.09684156 
0.009349794 0.04262674 0.8236063 0.1244171 
0.03725027 0.170057 0.755178 0.03751473 
0.01268072 0.05127651 0.8390193 0.09702347 
0.01041342 0.1410354 0.7010041 0.1475471 
0.04651685 0.01114719 0.8389883 0.1033477 
0.06589112 0.007999036 0.7940914 0.1320184 
0.01867051 0.07934726 0.7896756 0.1123066 
0.04803108 0.03574435 0.7900471 0.1261775 
0.09045696 0.0464539 0.738884 0.1242051 
0.02896904 0.05495753 0.8007955 0.1152779 
0.03705636 0.006611522 0.7893678 0.1669643 
0.04186443 0.1900057 0.7678941 0.0002357462 
0.07977017 0.09732875 0.7874454 0.03545569 
0.03724286 0.08123713 0.8393693 0.04215072 
0.0990049 0.1010082 0.7975077 0.00247921 
0.07192889 0.1302574 0.7840023 0.01381134 
0.05525479 0.08463898 0.7508207 0.1092855 
0.04866758 0.017718 0.8125052 0.1211092 
0.02572671 0.01189999 0.8056656 0.1567077 
0.0546753 0.07195129 0.7121185 0.1612549 
0.1157634 0.002012116 0.7283942 0.1538303 
0.1198044 0.06167048 0.7683518 0.05017324 
0.05750547 0.03622594 0.8049515 0.1013171 
0.0331945 0.002382198 0.8288986 0.1355247 
0.04895886 0.009407881 0.885258 0.05637525 
0.06635652 0.01801671 0.7619965 0.1536303 
0.04030924 0.1784705 0.7437432 0.03747708 
0.09689166 0.08788546 0.7820838 0.03313904 
0.04318043 0.1345329 0.7792701 0.04301651 
0.01297896 0.1652872 0.7699589 0.05177498 
0.05866142 0.08309058 0.7960661 0.06218191 
0.004777505 0.1369012 0.7369026 0.1214187 
0.004125059 0.1056382 0.8166375 0.0735993 
0.00451352 0.179256 0.7719415 0.04428897 
0.01746107 0.1178984 0.8408871 0.02375349 
0.01331967 0.1472509 0.7802891 0.05914034 
0.03543987 0.172546 0.7533452 0.03866889 
0.02002222 0.1337557 0.7979324 0.04828969 
0.007500368 0.1571839 0.7135808 0.1217349 
0.01468107 0.07719698 0.8243973 0.08372464 
0.006032151 0.08433668 0.8120228 0.09760834 
0.03497318 0.09359944 0.814977 0.05645033 
0.05048622 0.1236675 0.7592861 0.06656015 
0.01526444 0.1799926 0.7100938 0.09464914 
0.002624034 0.1556206 0.795721 0.04603441 
0.005923161 0.1637825 0.7769501 0.05334431 
0.08300994 0.09821063 0.7228425 0.0959369 
0.04950287 0.1150585 0.7725794 0.06285923 
0.008923812 0.124935 0.8018392 0.06430196 
0.01046439 0.109526 0.8321673 0.0478423 
0.06621608 0.1600994 0.7450046 0.02867992 
0.001482632 0.1579315 0.7779946 0.06259129 
0.01511069 0.09033946 0.8332104 0.06133942 
0.03858072 0.1456997 0.7469213 0.06879833 
0.006619 0.1394994 0.7922723 0.06160924 
0.008165342 0.1659533 0.7914336 0.03444774 
0.0400538 0.1547308 0.7372964 0.06791897 
0.02073895 0.1515424 0.7818475 0.04587111 
0.04575429 0.1179645 0.7815714 0.05470975 
0.008335887 0.1126715 0.7605051 0.1184874 
0.01738376 0.1662116 0.7537683 0.0626363 
0.01989149 0.09182759 0.8344383 0.05384266 
0.0007744822 0.1099973 0.7716441 0.1175841 
0.02661589 0.1457192 0.7729532 0.05471168 
0.006290265 0.09396884 0.8632391 0.03650185 
0.0009984784 0.1827932 0.7645437 0.05166469 
0.05112193 0.1452995 0.7844659 0.01911269 
0.05302515 0.1353119 0.7854143 0.02624866 
0.03463238 0.1823603 0.7209862 0.06202118 
0.02090942 0.1005349 0.8165457 0.06200998 
0.006314548 0.07319778 0.8195937 0.100894 
0.02278443 0.1879056 0.7587909 0.03051906 
0.02536191 0.1280792 0.7675633 0.07899553 
0.0809492 0.1130299 0.7194757 0.08654514 
0.007669509 0.155055 0.7803491 0.05692636 
0.004140516 0.1277295 0.8066502 0.06147974 
0.05900902 0.08742189 0.7891116 0.06445748 
0.02547372 0.1115396 0.8224346 0.04055206 
0.02090042 0.08374167 0.832948 0.06240995 
0.05974525 0.1299456 0.7615892 0.04871991 
0.0044425 0.1272763 0.7936824 0.07459879 
0.04115903 0.1246386 0.7943382 0.03986422 
0.01518776 0.1728533 0.7265752 0.08538373 
0.003407333 0.167433 0.7193911 0.1097686 
0.03837286 0.1192097 0.748728 0.09368947 
0.05269566 0.1547732 0.7488763 0.04365491 
0.1548812 0.01393783 0.7748015 0.0563795 
0.1038626 0.02929535 0.8358719 0.03097009 
0.1193588 0.06216552 0.8177038 0.0007719169 
0.1246695 0.03547959 0.8251315 0.01471938 
0.1676933 0.08953868 0.7355708 0.007197181 
0.198838 0.04181421 0.6985624 0.06078534 
0.1437227 0.03622228 0.8093367 0.01071829 
0.08125614 0.04492794 0.8386989 0.03511701 
0.1081396 0.03770165 0.7872739 0.06688479 
0.1625201 0.04205218 0.7585084 0.03691931 
0.1417343 0.0003960013 0.8285872 0.02928248 
0.09424562 0.01277571 0.7997035 0.09327516 
0.2694857 0.02604583 0.6904174 0.01405107 
0.2238119 0.006534521 0.726173 0.04348054 
0.1222637 0.00654697 0.8079732 0.06321615 
0.1176135 0.00515851 0.8107808 0.06644725 
0.1722044 0.003589067 0.7561794 0.06802712 
0.1457508 0.01101182 0.7763198 0.06691759 
0.1085025 0.05829397 0.7739188 0.0592848 
0.1120075 0.003580113 0.8508624 0.03354997 
0.1454683 0.03705252 0.7670173 0.05046194 
0.07756053 0.005795317 0.8611846 0.05545958 
0.1010227 0.02014758 0.813 0.06582965 
0.0858034 0.003100005 0.8123262 0.09877034 
0.2175439 0.005199862 0.7039662 0.07329002 
0.1282215 0.001599639 0.8166133 0.05356551 
0.1142127 0.01265837 0.8328007 0.04032827 
0.0900067 0.02052843 0.8131512 0.0763137 
0.1904694 0.01694054 0.7479606 0.0446294 
0.1244221 0.0005949401 0.750272 0.124711 
0.131812 0.01810796 0.8048243 0.04525568 
0.1656315 0.01851452 0.7606609 0.05519309 
0.1308015 0.03003174 0.8113742 0.02779259 
0.09708152 0.02328093 0.834653 0.04498458 
0.1546347 0.0004007248 0.8040998 0.04086471 
0.1695995 0.03302457 0.7655826 0.03179341 
0.1374678 0.003619389 0.8133586 0.04555423 
0.1621424 0.008146691 0.767836 0.06187492 
0.1872741 0.05620474 0.7017498 0.05477129 
0.1264894 0.03780855 0.7878182 0.04788383 
0.1475269 0.002593424 0.8101055 0.03977418 
0.1676919 0.00938852 0.7755889 0.04733063 
0.07668361 0.09436443 0.7398368 0.08911513 
0.1842112 0.02539114 0.7633248 0.02707288 
0.1942468 0.0002306043 0.7616329 0.04388973 
0.1151253 0.03206114 0.8076325 0.04518107 
0.120234 0.03171718 0.8106392 0.03740962 
0.1337074 0.001424255 0.8263418 0.03852653 
0.1493727 0.02087595 0.7555661 0.07418526 
0.08425678 0.01170716 0.8439235 0.06011256 
0.1560485 0.1698773 0.6658625 0.008211722 
0.09357569 0.04875489 0.8206117 0.03705769 
0.1444539 0.03414103 0.8124244 0.008980704 
0.1366096 0.02645404 0.8324342 0.004502149 
0.1627387 0.07535686 0.7318474 0.03005709 
0.1347485 0.01453674 0.8018639 0.04885089 
0.1190682 0.001587216 0.7959932 0.08335133 
0.02112527 0.08974632 0.8553363 0.03379216 
0.01159855 0.199234 0.7556888 0.03347868 
0.01591347 0.1882289 0.7592614 0.03659621 
0.01186561 0.1722799 0.7916958 0.02415862 
0.02530287 0.1345806 0.735925 0.1041915 
0.0724627 0.1393704 0.7614049 0.02676195 
0.0180593 0.1070784 0.8532137 0.02164858 
0.0119108 0.166328 0.7287922 0.09296895 
0.001513019 0.1148759 0.7838109 0.09980018 
0.02672498 0.1098567 0.8169791 0.04643923 
0.06134347 0.1348037 0.7702008 0.03365199 
0.004365988 0.155988 0.8065047 0.03314131 
0.009046252 0.1205602 0.8236804 0.04671314 
0.01425704 0.1353142 0.7281155 0.1223133 
0.02143908 0.1104596 0.8279358 0.04016553 
0.02062477 0.0685593 0.8676994 0.04311655 
0.01764669 0.0931661 0.8133772 0.07581002 
0.01402505 0.2011503 0.7386132 0.0462114 
0.009623444 0.2068271 0.713418 0.07013153 
0.04313231 0.187233 0.688016 0.08161872 
0.006766549 0.1838132 0.7297608 0.07965946 
0.03539753 0.1089314 0.7926268 0.06304435 
0.05345742 0.1457184 0.7803188 0.02050541 
0.06152817 0.1113751 0.7678331 0.05926362 
0.00881123 0.1410722 0.8206867 0.02942988 
0.004572374 0.1408789 0.7823672 0.07218146 
0.02353979 0.1218769 0.7859065 0.06867676 
0.01959407 0.1903571 0.7603191 0.02972971 
0.02185919 0.1072644 0.8113877 0.05948862 
0.03075043 0.0794136 0.8578475 0.03198843 
0.08283884 0.1806153 0.7355439 0.001001982 
0.08843592 0.137015 0.7641447 0.01040445 
0.06573248 0.1215062 0.7942405 0.01852075 
0.0156426 0.1428378 0.7915577 0.04996194 
0.01301874 0.1615917 0.7933609 0.03202868 
0.1293718 0.004126353 0.8181956 0.04830621 
0.1731533 0.005176541 0.760794 0.06087618 
0.1177282 0.01275591 0.7341153 0.1354006 
0.1481954 0.002883599 0.7913383 0.05758265 
0.1296334 0.03440232 0.8099964 0.02596784 
0.121683 0.02289614 0.796866 0.05855493 
0.1921761 0.02592485 0.758578 0.02332105 
0.1295625 0.07682056 0.7795564 0.01406054 
0.1337373 0.07056364 0.7732955 0.02240354 
0.1083589 0.06898493 0.789178 0.03347812 
0.171908 0.05103322 0.7545268 0.02253198 
0.134923 0.07604162 0.773688 0.01534738 
0.200198 0.09998039 0.675971 0.02385062 
0.003904971 0.1285297 0.7278185 0.1397468 
0.008106107 0.06484114 0.7533758 0.173677 
0.006592649 0.07156877 0.8333793 0.08845927 
0.08096485 0.05474789 0.7098127 0.1544746 
0.02399796 0.01993421 0.8041615 0.1519063 
0.08937593 0.05357662 0.6752999 0.1817475 
0.01408215 0.09841191 0.666261 0.221245 
0.03322883 0.07268562 0.7709426 0.1231429 
0.009639147 0.05494118 0.799522 0.1358977 
0.02846476 0.06355494 0.7471203 0.16086 
0.01825907 0.04828645 0.8288326 0.1046219 
0.02917993 0.05864639 0.7896779 0.1224958 
0.009612352 0.02632574 0.8083819 0.15568 
0.01374135 0.0182545 0.8103483 0.1576559 
0.02276246 0.04401973 0.8073284 0.1258894 
0.06131444 0.08466269 0.7552814 0.09874145 
0.1196018 0.06804259 0.6571649 0.1551907 
0.08408844 0.05336061 0.8045284 0.0580226 
0.007797841 0.06647856 0.7479011 0.1778225 
0.05978862 0.05221296 0.7930207 0.09497769 
0.01532478 0.06483821 0.7944534 0.1253836 
0.01890855 0.04523189 0.7665103 0.1693493 
0.005282681 0.03949904 0.8109515 0.1442667 
0.02429254 0.05502432 0.7777083 0.1429748 
0.007579149 0.1483087 0.7773657 0.06674641 
0.005076461 0.05386714 0.7630463 0.1780101 
0.05729606 0.02422821 0.816486 0.1019897 
0.04805857 0.002342271 0.7622778 0.1873213 
0.03848448 0.009750718 0.7954962 0.1562686 
0.02109209 0.0001661152 0.7879318 0.19081 
0.0009601669 0.05794815 0.8632612 0.07783044 
0.05891768 0.004738786 0.788481 0.1478626 
0.02807127 0.003545294 0.7338041 0.2345794 
0.007794389 0.06712427 0.7133051 0.2117763 
0.07198114 0.02647818 0.7726631 0.1288776 
0.08545837 0.009516603 0.7885869 0.1164381 
0.04173661 0.1003629 0.7942226 0.06367788 
0.049427 0.01741416 0.8759677 0.05719115 
0.04516377 0.01911646 0.7962146 0.1395052 
0.02557411 0.01164165 0.7889167 0.1738676 
0.04130185 0.002479172 0.8589039 0.0973151 
0.09019532 0.006613283 0.7435252 0.1596662 
0.02099043 0.03325635 0.8143003 0.1314529 
0.001813742 0.04079139 0.8095117 0.1478832 
0.001105279 0.0460158 0.8608695 0.09200944 
0.01567799 0.02930537 0.813688 0.1413286 
0.02645955 0.03790532 0.7603297 0.1753054 
0.01338208 0.08014046 0.6723557 0.2341218 
0.03705414 0.09160252 0.7291141 0.1422293 
0.04362528 0.02986172 0.7748785 0.1516345 
0.04056812 0.04507132 0.8121754 0.1021852 
0.00174346 0.1074786 0.7811452 0.1096327 
0.005759898 0.03786134 0.833472 0.1229068 
0.01698313 0.04205643 0.7754639 0.1654965 
0.01463676 0.06382526 0.7531088 0.1684292 
0.06615342 0.06174252 0.8420315 0.03007258 
0.159363 0.0303263 0.7761878 0.0341229 
0.091977 0.03809112 0.8281891 0.04174277 
0.1085852 0.06888471 0.7903948 0.03213535 
0.1619013 0.02623076 0.797266 0.01460192 
0.1138802 0.09205018 0.7932535 0.0008161508 
0.1724044 0.04054832 0.7812979 0.005749296 
0.1764574 0.02939123 0.7369282 0.05722318 
0.1039247 0.02668424 0.8340688 0.03532218 
0.1479299 0.130965 0.6557939 0.0653111 
0.1238783 0.06911121 0.7791859 0.02782452 
0.1114997 0.04824386 0.7851546 0.05510184 
0.09942576 0.1079943 0.7822486 0.0103313 
0.1719463 0.05986554 0.7514793 0.01670881 
0.1246994 0.05412459 0.8206665 0.0005094995 
0.1568828 0.0250285 0.7978811 0.02020754 
0.1462945 0.1271508 0.7136012 0.01295358 
0.06248604 0.05381194 0.8637553 0.01994676 
0.03085419 0.1167876 0.8357605 0.01659768 
0.1052228 0.04161204 0.8273896 0.02577552 
0.1237213 0.04538615 0.8286256 0.002266946 
0.1345664 0.1080229 0.7211472 0.03626348 
0.1249446 0.04968767 0.820533 0.004834789 
0.1128101 0.1023343 0.7521621 0.03269349 
0.172661 0.04838475 0.7506409 0.02831337 
0.1107385 0.07353786 0.7525835 0.06314022 
0.1362752 0.02473178 0.8069329 0.03206013 
0.1517717 0.03230318 0.7633533 0.0525719 
0.1300924 0.08358736 0.7570841 0.02923614 
0.1199218 0.1457285 0.7257549 0.008594863 
0.192786 0.07442267 0.7281335 0.004657852 
0.1290314 0.07123646 0.7966764 0.003055733 
0.1062523 0.08939281 0.7999981 0.004356726 
0.1692046 0.06561893 0.7490772 0.01609926 
0.1177652 0.03519883 0.8324537 0.01458225 
0.1321716 0.08658254 0.7773123 0.003933588 
0.1526419 0.05367855 0.7637584 0.02992115 
0.1724741 0.0454431 0.7758434 0.006239477 
0.1440427 0.06294021 0.7863911 0.006625958 
0.1218511 0.05743886 0.7912674 0.02944273 
0.1180591 0.0434796 0.8305066 0.007954703 
0.05791542 0.0628008 0.799341 0.07994274 
0.01205693 0.04461271 0.7204206 0.2229098 
0.02192001 0.06062803 0.817757 0.09969501 
0.007166748 0.0975048 0.7988205 0.09650797 
0.03092806 0.05312284 0.8197398 0.09620931 
0.03029811 0.04461331 0.7738325 0.1512561 
0.0003062491 0.04044333 0.8499285 0.1093219 
0.04260585 0.05072594 0.7859763 0.1206919 
0.01516408 0.07453863 0.8072737 0.1030235 
0.05462119 0.03551788 0.7484998 0.1613611 
0.005595139 0.07011258 0.7920249 0.1322674 
0.02828684 0.03275801 0.8173491 0.1216061 
0.02300875 0.09074844 0.7130075 0.1732353 
0.04069033 0.04126854 0.7778611 0.14018 
0.02729577 0.09591735 0.7167716 0.1600153 
0.04552445 0.05196549 0.7822704 0.1202397 
0.08384916 0.07206262 0.816874 0.0272142 
0.1778117 0.002157081 0.803098 0.01693318 
0.1668369 0.02837328 0.7642178 0.04057198 
0.1619807 0.07500293 0.7578671 0.005149332 
0.08885978 0.0390522 0.8223469 0.0497411 
0.1247349 0.00301405 0.7927772 0.07947387 
0.1525641 0.08906665 0.7392033 0.01916599 
0.09469811 0.002710157 0.8341956 0.06839613 
0.07211319 0.0002902451 0.8676553 0.05994126 
0.1207433 0.02546463 0.776454 0.07733811 
0.09693112 0.0001876684 0.8387067 0.06417452 
0.1708227 0.05060774 0.6895414 0.08902815 
0.1045392 0.01388805 0.8574339 0.02413884 
0.1177194 0.007928464 0.8066552 0.06769686 
0.1357888 0.008321217 0.8290856 0.02680435 
0.1212453 0.02029941 0.8290954 0.02935984 
0.1195948 0.005600599 0.771173 0.1036315 
0.1304081 0.01048205 0.7956128 0.0634971 
0.1681816 0.006985137 0.7753607 0.04947249 
0.148126 0.01341823 0.7827194 0.05573633 
0.1261896 0.02610796 0.7900008 0.05770163 
0.1912457 0.02725736 0.7138902 0.06760673 
0.1504085 0.001326334 0.8239553 0.02430986 
0.09503594 0.01904705 0.7585262 0.1273908 
0.03285184 0.130619 0.7584986 0.07803063 
0.01419902 0.2108533 0.7343877 0.04055993 
0.005643913 0.08866214 0.8617771 0.04391681 
0.05181253 0.1616547 0.6934823 0.09305042 
0.05983376 0.1164643 0.7887503 0.03495159 
0.0488769 0.1421969 0.8083459 0.000580292 
0.06368511 0.1344176 0.7906427 0.01125454 
0.006705101 0.1257186 0.8223695 0.0452068 
0.0151289 0.1269563 0.8119716 0.04594316 
0.05739457 0.1662231 0.7432881 0.03309414 
0.005669616 0.1260392 0.8330395 0.03525176 
0.009515113 0.1489915 0.7949889 0.04650455 
0.0005414787 0.1571593 0.800123 0.04217628 
0.007392408 0.1718429 0.7883711 0.03239352 
0.05037101 0.07316933 0.8177993 0.05866034 
0.02763417 0.1850692 0.7417382 0.04555843 
0.04425822 0.1021315 0.813897 0.03971332 
0.01126079 0.1078337 0.8416628 0.03924263 
0.01834497 0.1650504 0.7783592 0.03824543 
0.01526216 0.06472777 0.8415013 0.07850872 
0.00978564 0.1910351 0.7890521 0.0101271 
0.03343681 0.1108155 0.8245706 0.03117702 
0.05992241 0.1123964 0.8235391 0.004142012 
0.03648412 0.111595 0.8411801 0.01074081 
0.03462386 0.1412665 0.8182928 0.005816837 
0.04723139 0.1260976 0.8084501 0.0182209 
0.03101404 0.2600916 0.6940661 0.01482817 
0.1145622 0.1473399 0.7199758 0.01812208 
0.05721138 0.1199346 0.7804587 0.04239535 
0.02044531 0.1114174 0.8321459 0.03599144 
0.04793921 0.1067161 0.8426657 0.002679043 
0.01094027 0.1148828 0.7998045 0.07437242 
0.04802912 0.1060225 0.7533755 0.09257288 
0.009337531 0.1410372 0.8050345 0.04459081 
0.009851323 0.118158 0.7964787 0.07551196 
0.03105933 0.1628069 0.7494351 0.05669872 
0.04775568 0.1196258 0.7469601 0.08565838 
0.01934621 0.1793119 0.7490777 0.0522642 
0.03280811 0.1254042 0.7714758 0.07031191 
0.01761177 0.1411022 0.7848015 0.05648453 
0.0001107316 0.1344258 0.772227 0.0932364 
0.008373019 0.1436603 0.7745143 0.07345234 
0.01868301 0.1007175 0.830916 0.04968344 
0.01077267 0.06542587 0.8828732 0.04092828 
0.01125198 0.0981155 0.8300534 0.06057915 
0.003915307 0.1848286 0.7752024 0.03605368 
0.04933816 0.1487374 0.7428469 0.05907753 
0.1328663 0.02485809 0.8212096 0.021066 
0.1418203 0.0297419 0.7883752 0.04006263 
0.1356389 0.0381823 0.779369 0.04680973 
0.1642289 0.02543355 0.7925917 0.01774589 
0.1617755 0.03069684 0.7491024 0.05842522 
0.1693353 0.002010468 0.7373852 0.09126897 
0.1838634 0.0146219 0.7449864 0.05652834 
0.1272422 0.02225936 0.8089433 0.04155521 
0.0871542 0.0045994 0.8371367 0.07110966 
0.06877303 0.01624758 0.8466032 0.06837623 
0.1292935 0.05122187 0.6942771 0.1252075 
0.1007742 0.02881607 0.769677 0.1007327 
0.1931191 0.005499037 0.7628629 0.03851905 
0.2110761 0.004943698 0.73902 0.04496023 
0.08550552 0.00678501 0.8229458 0.08476371 
0.1369445 0.00750094 0.7660189 0.08953568 
0.1775074 0.0249651 0.7778658 0.0196617 
0.09218483 0.008155589 0.7888235 0.1108361 
0.1353018 0.07967485 0.7845627 0.0004606234 
0.1335902 0.05613013 0.7739277 0.03635197 
0.1632236 0.01440778 0.7652668 0.05710186 
0.1398736 0.01799516 0.8256401 0.01649114 
0.1804082 0.004523389 0.746205 0.06886344 
0.1226684 0.0190415 0.7777805 0.08050959 
0.1088194 0.008986619 0.7998392 0.08235475 
0.09881005 0.04424662 0.8054107 0.05153262 
0.1215711 0.02693204 0.8102064 0.0412905 
0.1998314 0.02761222 0.7550326 0.01752378 
0.1224022 0.003785984 0.8038882 0.06992364 
0.1430387 0.01687369 0.7986515 0.04143609 
0.1463734 0.02320732 0.7529206 0.07749862 
0.1197948 0.01045758 0.7874441 0.08230344 
0.1040141 0.006641953 0.8481175 0.04122648 
0.1400991 0.0287238 0.7897901 0.04138704 
0.1668438 0.008685531 0.7634389 0.06103178 
0.1960257 0.0623513 0.7128585 0.02876445 
0.2548165 0.002247768 0.7054361 0.03749967 
0.1451736 0.003409554 0.7712956 0.08012127 
0.1334963 0.03328099 0.7995813 0.0336415 
0.1326208 0.05462801 0.7630372 0.049714 
0.1180737 0.03675343 0.8075455 0.03762737 
0.1256098 0.0014142 0.8163519 0.05662407 
0.1156372 0.006438898 0.7234097 0.1545141 
0.07794298 0.009631513 0.853556 0.05886949 
0.1523869 0.0056033 0.8120729 0.02993692 
0.1710961 0.0582883 0.7683818 0.002233765 
0.1197525 0.03732508 0.8410334 0.00188905 
0.09882574 0.04872905 0.8340341 0.0184111 
0.06726582 0.06980971 0.7477313 0.1151932 
0.1189157 0.006047761 0.8508828 0.0241537 
0.1802693 0.03368622 0.7537528 0.03229174 
0.1456943 0.006262199 0.7897211 0.05832238 
0.1424697 0.05709426 0.7018648 0.09857123 
0.1662405 0.0116161 0.7819596 0.04018387 
0.1072471 0.003479284 0.8239497 0.06532393 
0.1750632 0.002016787 0.7765929 0.04632707 
0.1277379 0.07567485 0.7170152 0.07957203 
0.1063554 0.03103573 0.7585048 0.1041041 
0.1633246 0.01261401 0.7766616 0.04739978 
0.1168103 0.0147198 0.7887271 0.07974278 
0.1687827 0.03462508 0.7615291 0.03506317 
0.2232916 0.01623018 0.7276301 0.03284806 
0.1348167 0.06443101 0.7460526 0.05469975 
0.09561769 0.03373499 0.8239525 0.04669485 
0.1144145 0.001794643 0.8033346 0.0804563 
0.158794 0.0354521 0.7804129 0.02534096 
0.1286438 0.0272738 0.7942973 0.04978506 
0.09654617 0.02203794 0.8478142 0.03360169 
0.1724812 0.01232628 0.7387078 0.07648472 
0.118882 0.01875809 0.8203974 0.04196255 
0.1504905 0.02118499 0.744444 0.08388054 
0.1860686 0.005933439 0.7495237 0.05847428 
0.1019656 0.02247585 0.8115985 0.06396001 
0.07962694 0.1327846 0.7603223 0.02726611 
0.0844866 0.0842346 0.7988961 0.03238272 
0.1460345 0.04914075 0.8021573 0.002667537 
0.15768 0.04389892 0.7344218 0.06399925 
0.0796755 0.04844409 0.8213982 0.05048225 
0.1716186 0.01709983 0.7744798 0.03680168 
0.1083909 0.09969391 0.7165168 0.07539846 
0.1546521 0.01322838 0.7643344 0.0677851 
0.1296667 0.05351425 0.8094609 0.007358114 
0.1276624 0.0200592 0.839365 0.01291342 
0.1537849 0.07479378 0.7691459 0.002275396 
0.1258155 0.130734 0.7158465 0.02760399 
0.127716 0.06022156 0.798955 0.0131075 
0.2025854 0.07487501 0.6977783 0.02476137 
0.07721368 0.09370081 0.7545237 0.07456179 
0.06416622 0.04877045 0.7639514 0.1231119 
0.08274843 0.0102156 0.7515153 0.1555206 
0.09503919 0.008255972 0.7187386 0.1779662 
0.06710588 0.009096623 0.8019805 0.1218169 
0.06207929 0.001353284 0.7779766 0.1585909 
0.06717586 0.001700625 0.7489858 0.1821377 
0.05201681 0.004255709 0.8557564 0.0879711 
0.03779442 0.0152074 0.7939998 0.1529984 
0.02908969 0.006975566 0.8128211 0.1511137 
0.05030102 0.05346612 0.7596577 0.1365751 
0.03495807 0.0205243 0.7791077 0.1654099 
0.03533463 0.01859334 0.8430104 0.1030617 
0.05722618 0.04324653 0.745214 0.1543133 
0.05251251 0.009912998 0.8136368 0.1239377 
0.0450654 0.004779746 0.8293533 0.1208016 
0.1123595 0.03621416 0.7112847 0.1401416 
0.04059055 0.01029344 0.7572117 0.1919044 
0.04206359 0.08012449 0.7683957 0.1094162 
0.03861925 0.03784539 0.8011209 0.1224145 
0.04746568 0.01743646 0.7618661 0.1732317 
0.05377228 0.100833 0.7036261 0.1417686 
0.06228054 0.009548186 0.8010024 0.1271689 
0.04209449 0.004431535 0.7623173 0.1911567 
0.06858578 0.004036766 0.7529899 0.1743875 
0.09329009 0.01585021 0.7392982 0.1515615 
0.03651276 0.002146592 0.8126794 0.1486613 
0.0702765 0.02019845 0.8154632 0.09406188 
0.05119079 0.06297894 0.7776922 0.1081381 
0.06188828 0.006826816 0.7853715 0.1459134 
0.05173254 0.0007225406 0.807459 0.1400859 
0.05270748 0.008410784 0.8241153 0.1147665 
0.06809206 0.05813165 0.7851711 0.08860524 
0.03941799 0.029813 0.79707 0.133699 
0.08003692 0.0185926 0.7756296 0.1257409 
0.07312646 0.02294353 0.7764875 0.1274425 
0.08763169 0.03756486 0.7233729 0.1514306 
0.0396684 0.0150902 0.7534038 0.1918376 
0.06755503 0.03464112 0.7624592 0.1353446 
0.07108183 0.006319558 0.7830491 0.1395495 
0.008031754 0.06642424 0.7340236 0.1915204 
0.02009474 0.07027269 0.7458565 0.1637761 
0.007259069 0.05694273 0.7922549 0.1435433 
0.01394519 0.07441973 0.8396995 0.07193553 
0.22985 0.00247192 0.7567346 0.01094351 
0.1112715 0.01562855 0.7831304 0.08996958 
0.2229454 0.0120905 0.7601294 0.004834754 
0.2132982 0.06497862 0.7200632 0.001659971 
0.1779317 0.01339001 0.7863523 0.02232596 
0.1592913 0.001902743 0.7820784 0.05672757 
0.2151305 0.01160258 0.7190893 0.0541776 
0.1254848 0.0271316 0.7689488 0.07843483 
0.02894994 0.1029846 0.8241702 0.04389527 
0.1152646 0.04632695 0.8189102 0.01949821 
0.1498981 0.08817348 0.7496733 0.01225518 
0.1420966 0.0826879 0.751919 0.02329647 
0.2247654 0.03912599 0.7092834 0.02682528 
0.0494958 0.08095718 0.8310202 0.03852683 
0.2036138 0.05791234 0.7209401 0.01753378 
0.1906181 0.05699098 0.7093314 0.04305955 
0.1720667 0.06363198 0.7530221 0.01127926 
0.154038 0.07349349 0.7424399 0.03002856 
0.09354284 0.02655496 0.8768817 0.003020507 
0.1172572 0.06440394 0.7984604 0.01987838 
0.1998233 0.05328207 0.7255693 0.02132537 
0.1399277 0.06385573 0.7853597 0.01085696 
0.08385849 0.03712723 0.8440273 0.03498699 
0.1101824 0.08246897 0.7969768 0.01037186 
0.05387796 0.01681961 0.8424386 0.08686386 
0.1179383 0.05004838 0.8200867 0.01192668 
0.2025981 0.06089567 0.7286567 0.007849493 
0.196466 0.06531216 0.7042475 0.03397435 
0.1845419 0.07765051 0.7249577 0.01284993 
0.07495495 0.08700256 0.8307809 0.007261556 
0.1490114 0.0511604 0.7379007 0.06192754 
0.1166163 0.02971149 0.8505802 0.003092002 
0.121385 0.04724225 0.8017251 0.02964768 
0.1224876 0.0848365 0.7627131 0.02996275 
0.08364424 0.02894335 0.8388579 0.04855447 
0.1003862 0.003539788 0.7826657 0.1134084 
0.1329983 0.001381194 0.8063646 0.05925591 
0.1847169 0.00808633 0.7687233 0.03847341 
0.05371182 0.01216017 0.8642418 0.0698862 
0.1512752 0.08466171 0.7372414 0.02682166 
0.1866445 0.0815372 0.682684 0.04913433 
0.2006439 0.005778733 0.7583287 0.03524864 
0.119273 0.02367876 0.8235447 0.03350346 
0.1197136 0.08909172 0.7451011 0.04609353 
0.1267709 0.04041164 0.7568582 0.0759593 
0.1699974 0.02427641 0.7382242 0.06750194 
0.1756139 0.05102203 0.7115928 0.0617712 
0.0975759 0.04032484 0.7576969 0.1044024 
0.09235906 0.05980155 0.7808429 0.06699648 
0.1282617 0.0273944 0.7814928 0.06285113 
0.1385858 0.04637383 0.7981074 0.01693292 
0.1197618 0.06463666 0.7876238 0.02797779 
0.07739674 0.0006149789 0.8514428 0.07054546 
0.1123674 0.007296763 0.8135331 0.06680274 
0.1665091 0.05604563 0.777165 0.0002802866 
0.1509632 0.04873121 0.7472299 0.05307567 
0.06720234 0.03856075 0.8754101 0.01882683 
0.157241 0.04266185 0.7973332 0.0027639 
0.1583765 0.03446652 0.7877393 0.01941766 
0.1966298 0.09168031 0.7054074 0.006282478 
0.09755553 0.07959474 0.815964 0.00688571 
0.1413666 0.04375409 0.8097265 0.005152826 
0.1106011 0.0542361 0.7578866 0.07727626 
0.1334431 0.06624148 0.7781267 0.02218881 
0.2106252 0.04331501 0.7222822 0.0237776 
0.110483 0.06470832 0.8211113 0.003697425 
0.2324942 0.07476478 0.688862 0.003878996 
0.115606 0.07669605 0.7911847 0.01651322 
0.2386916 0.1066068 0.647104 0.007597552 
0.1268276 0.08014903 0.7584963 0.03452708 
0.1487276 0.1285739 0.7111411 0.0115573 
0.1392237 0.08149417 0.7410489 0.03823316 
0.1242799 0.0655658 0.8041116 0.006042668 
0.1391092 0.005661283 0.7549254 0.1003041 
0.1993279 0.007411014 0.7743008 0.01896024 
0.1381036 0.05648471 0.7958735 0.00953815 
0.1428945 0.03494513 0.7986143 0.0235461 
0.1396163 0.07141007 0.7341403 0.05483327 
0.1154784 0.07462108 0.7792213 0.03067919 
0.1251014 0.07336005 0.7668084 0.0347301 
0.00264322 0.07665627 0.6582897 0.2624108 
0.03410865 0.08010245 0.8245624 0.06122652 
0.0002825462 0.1428464 0.7255248 0.1313462 
0.004442132 0.0850531 0.7369687 0.1735361 
0.005174328 0.0462236 0.7928784 0.1557237 
0.009076144 0.05476627 0.7296445 0.2065131 
0.01140087 0.04383601 0.810629 0.1341341 
0.007490547 0.03607769 0.8364673 0.1199644 
0.009076879 0.03072685 0.7632759 0.1969204 
0.02092585 0.02632197 0.8457485 0.1070036 
0.01938872 0.05367749 0.7745398 0.152394 
0.01607082 0.07748495 0.7975354 0.1089089 
0.02586042 0.03698224 0.82482 0.1123373 
0.0765656 0.02389766 0.7644661 0.1350706 
0.05709978 0.004330485 0.6768991 0.2616707 
0.04806213 0.006173505 0.8156834 0.1300809 
0.04500564 0.01351371 0.7782502 0.1632305 
0.01069923 0.08722192 0.6739585 0.2281203 
0.01303217 0.1509181 0.7290172 0.1070325 
0.05361561 0.02498281 0.8266243 0.09477733 
0.07610844 0.02550308 0.7507723 0.1476161 
0.027085 0.04655807 0.8058417 0.1205152 
0.06194202 0.02398896 0.8408763 0.0731927 
0.008438014 0.06680559 0.7322484 0.192508 
0.01265303 0.09273876 0.7502117 0.1443966 
0.001110461 0.142204 0.7060406 0.150645 
0.01029956 0.04385678 0.8029889 0.1428548 
0.03869223 0.09417106 0.759789 0.1073477 
0.01978171 0.04702702 0.765785 0.1674063 
0.1827615 0.07023328 0.7237755 0.02322973 
0.1633815 0.05623553 0.7660073 0.01437561 
0.1420065 0.02657295 0.7871945 0.04422598 
0.1655735 0.0520338 0.7818663 0.0005263956 
0.179052 0.01712484 0.7369302 0.066893 
0.1365771 0.05322375 0.7829596 0.02723948 
0.1462506 0.05841374 0.7487872 0.04654848 
0.1553329 0.04115812 0.7571347 0.04637422 
0.1029901 0.004595143 0.82985 0.06256479 
0.1569811 0.07907633 0.7463862 0.01755639 
0.07827544 0.04968105 0.8222867 0.04975681 
0.1395185 0.05981171 0.7569763 0.04369343 
0.1898847 0.03449287 0.7720574 0.003565001 
0.1456577 0.02265738 0.7992681 0.03241687 
