p_1 p_2 p_3 p_4 
0.002291424 0.01042476 0.7158555 0.2714283 
0.004658392 0.01736762 0.6015211 0.3764529 
0.007552973 0.001451918 0.666591 0.3244041 
0.006566927 0.006704051 0.7477158 0.2390133 
0.0009394857 0.004428777 0.7346537 0.259978 
0.005808414 0.01844892 0.7991183 0.1766244 
0.01349195 0.02057055 0.6932061 0.2727314 
0.009560879 0.02441215 0.569012 0.397015 
0.001253501 0.01155139 0.654817 0.3323781 
0.006933264 0.002734667 0.6854511 0.304881 
0.003535634 0.001038685 0.7798051 0.2156206 
0.006845181 0.01124331 0.6507191 0.3311924 
0.01658765 0.02820263 0.7164546 0.2387552 
9.998958e-05 0.01876732 0.6800702 0.3010625 
0.0045769 0.002768802 0.7408991 0.2517552 
0.01836181 0.0003506147 0.6227175 0.3585701 
0.001530692 0.003445835 0.6757975 0.319226 
0.0001472537 0.003736275 0.6494407 0.3466758 
0.002609724 0.01642168 0.5640863 0.4168823 
0.003675872 0.0007073377 0.705235 0.2903818 
0.01578871 0.0004627943 0.7395261 0.2442224 
0.0007834724 0.02324369 0.639205 0.3367679 
1.045381e-05 0.03563502 0.6725746 0.2917799 
0.007492605 0.02454873 0.7256898 0.2422689 
0.01180325 0.01099161 0.6361853 0.3410198 
0.005585378 0.01880979 0.6170556 0.3585493 
0.01968969 0.01739591 0.6547017 0.3082127 
0.009169499 0.01868935 0.6528819 0.3192593 
0.0002280848 0.005647838 0.7462278 0.2478962 
0.002075707 0.005487845 0.5994108 0.3930256 
0.0007956103 0.0001879459 0.613882 0.3851345 
0.00358598 0.01313058 0.7344252 0.2488582 
0.0160712 0.001432947 0.7203346 0.2621612 
0.008089746 0.002462572 0.6430435 0.3464041 
0.0002497366 0.00499926 0.6237625 0.3709885 
0.0006320145 0.004733516 0.6934492 0.3011853 
0.01603879 0.0009153568 0.5847565 0.3982894 
0.0008995632 0.002269997 0.681165 0.3156654 
0.003417113 0.002190777 0.5968871 0.397505 
0.008151472 0.001603745 0.5924426 0.3978022 
0.006765285 0.002471751 0.6591056 0.3316573 
0.00406048 0.006998359 0.7006366 0.2883046 
0.001448368 0.003298344 0.731389 0.2638643 
0.003595706 0.001529788 0.6660775 0.328797 
0.004017793 0.001847348 0.7689694 0.2251655 
0.0005096658 0.003392217 0.7509124 0.2451857 
0.00880791 0.001304938 0.6608084 0.3290787 
0.004972049 0.006821467 0.7667126 0.2214939 
0.005185767 0.02503106 0.6855424 0.2842407 
0.001006184 0.004217255 0.7200655 0.274711 
0.003637965 0.006937305 0.7325705 0.2568542 
0.006062172 0.005029989 0.6690908 0.319817 
0.001524519 0.000588599 0.673093 0.3247939 
0.00661516 0.003647414 0.7739448 0.2157926 
0.001583326 0.006453855 0.5784765 0.4134863 
0.02666759 0.000947737 0.6237764 0.3486083 
0.007431855 0.00017509 0.6469834 0.3454097 
0.009099451 0.001875235 0.6529099 0.3361154 
0.001108917 6.824702e-05 0.6381108 0.360712 
0.008438475 0.0007532773 0.7300022 0.260806 
0.004957552 0.02904843 0.6898384 0.2761557 
0.002894521 0.01111413 0.7088955 0.2770958 
0.002265655 0.03614103 0.6980235 0.2635698 
0.002205207 0.002875904 0.6908686 0.3040503 
8.838686e-05 0.01358889 0.6542098 0.332113 
0.005023142 0.008311346 0.6814786 0.3051869 
0.0009249904 0.004577289 0.7174208 0.2770769 
0.008168559 0.01598625 0.6221075 0.3537377 
0.009527476 0.01176867 0.7440777 0.2346261 
0.0146964 0.002231091 0.6480695 0.335003 
0.00421603 0.0008836845 0.655816 0.3390842 
0.006269476 0.001980925 0.7221745 0.2695751 
0.008671898 0.01650138 0.6856989 0.2891279 
0.004328011 0.004973864 0.7572111 0.2334871 
0.01533356 0.006004981 0.6726085 0.306053 
0.003422985 0.0130904 0.7210406 0.2624461 
0.004857784 0.03011196 0.6636875 0.3013428 
0.0006526424 0.001337967 0.6771357 0.3208737 
0.00639066 0.0003321029 0.6678211 0.3254561 
5.587121e-06 0.001254699 0.671436 0.3273037 
0.01713121 0.001648429 0.5605161 0.4207042 
0.001917341 0.004688136 0.651223 0.3421715 
0.001628777 0.001389969 0.7164844 0.2804968 
0.01174415 0.01098013 0.7127926 0.2644831 
0.006441844 0.006942601 0.7204148 0.2662007 
0.002252369 0.00366291 0.6678657 0.326219 
0.002380184 0.01022368 0.7046276 0.2827685 
0.002941775 0.001079508 0.6469459 0.3490328 
0.008080661 0.007495869 0.6813079 0.3031155 
0.0002185771 0.002670169 0.6706479 0.3264634 
0.00866509 0.003839516 0.5525452 0.4349502 
0.004236775 0.001629583 0.7102583 0.2838754 
0.003407162 0.007228303 0.6146448 0.3747198 
0.002637145 0.0009226443 0.7092714 0.2871688 
0.000591801 0.0009050246 0.6733108 0.3251923 
0.002368287 0.001184277 0.620135 0.3763124 
0.01005086 0.00706178 0.6552135 0.3276738 
0.0002106793 0.001780379 0.5978687 0.4001402 
0.002647745 0.003016605 0.6352196 0.359116 
0.004780908 0.004289598 0.6907124 0.3002171 
0.004693536 0.006821531 0.6667287 0.3217562 
0.005647132 0.03381617 0.7517492 0.2087875 
0.02764988 0.006416944 0.6407573 0.3251759 
0.001108659 0.001000097 0.691813 0.3060782 
0.02255992 0.0006558872 0.7589194 0.2178648 
0.01179896 0.03397729 0.6760509 0.2781729 
0.006045079 0.005770391 0.6900798 0.2981047 
0.0153415 0.01128096 0.6260965 0.347281 
0.0042947 0.008847488 0.7224487 0.2644091 
0.0008983622 0.007783865 0.6591838 0.332134 
0.00490497 0.006359042 0.668575 0.320161 
0.003298016 0.008193416 0.7561143 0.2323943 
0.0019913 0.007151111 0.6679514 0.3229062 
0.0002242633 0.003896351 0.7957142 0.2001652 
0.01110002 0.01722665 0.7209088 0.2507645 
0.003896956 0.0006076188 0.7083419 0.2871535 
0.01249907 0.00517316 0.7023716 0.2799561 
0.01285695 0.001103554 0.6755544 0.3104851 
0.001096826 0.00446037 0.7740487 0.2203941 
0.01567047 0.003723433 0.651386 0.3292201 
0.0188858 0.007762933 0.6697257 0.3036256 
0.00351725 0.001605612 0.7117136 0.2831635 
0.008698699 0.00351048 0.7214819 0.2663089 
0.000394724 0.0002651583 0.6198418 0.3794983 
0.009674054 0.006987103 0.7181145 0.2652243 
0.01449659 0.001951605 0.7128631 0.2706887 
0.001888852 0.000938506 0.7569475 0.2402251 
0.001299533 0.005111794 0.7502689 0.2433197 
0.007204565 0.003102353 0.7015511 0.288142 
0.002324811 0.004647979 0.5363171 0.4567101 
0.008826318 0.000211062 0.7345829 0.2563797 
0.001165227 0.008600963 0.55377 0.4364638 
0.01448409 0.00243988 0.6720267 0.3110493 
0.003258973 0.008832641 0.6717874 0.316121 
0.003569485 0.02588974 0.693166 0.2773747 
0.004327153 0.0004143436 0.7157606 0.2794979 
0.01075142 0.000757313 0.6894487 0.2990426 
0.002865525 0.009698652 0.7370639 0.250372 
0.002726255 0.002313077 0.6070017 0.387959 
0.001429758 0.007711811 0.6805239 0.3103345 
0.005744595 0.02726986 0.6527892 0.3141963 
0.001234488 0.009170707 0.7369062 0.2526886 
0.02964377 0.009978095 0.7181882 0.2421899 
0.002666263 0.00844947 0.6404587 0.3484255 
0.01198784 0.02600345 0.7137125 0.2482962 
0.005824164 0.01041961 0.7491295 0.2346267 
0.004355939 0.01067623 0.569505 0.4154628 
0.01054333 0.004276615 0.6429858 0.3421942 
0.01122507 0.01596698 0.6101016 0.3627063 
0.002265789 0.001398994 0.6120446 0.3842906 
0.001314106 0.01072485 0.7013517 0.2866094 
0.008710719 0.001333048 0.6987421 0.2912141 
0.001474761 0.003090601 0.7526668 0.2427679 
0.01675458 0.01285701 0.6608497 0.3095387 
0.005020637 0.005884638 0.7004843 0.2886104 
0.000116946 0.001565363 0.6981984 0.3001193 
0.001632401 0.02331638 0.745863 0.2291882 
0.0162449 0.001107872 0.6306571 0.3519901 
0.02054786 0.003344513 0.69486 0.2812476 
8.825258e-05 0.0006808952 0.7071784 0.2920524 
0.007969409 0.001262314 0.7275152 0.263253 
0.01840351 0.001954313 0.7152975 0.2643447 
0.02407995 0.00983295 0.6626283 0.3034588 
0.001249134 0.01110116 0.7419123 0.2457374 
0.001502632 0.005877174 0.5914636 0.4011566 
0.001952897 0.003658885 0.7289095 0.2654787 
0.01483447 0.00868946 0.7281055 0.2483706 
0.004026128 0.01375136 0.6655882 0.3166344 
0.01028625 0.002906969 0.7703061 0.2165007 
0.009554842 0.0004321236 0.7165091 0.2735039 
0.01793646 0.007421645 0.7122808 0.2623611 
0.002551981 0.002396461 0.6157561 0.3792954 
0.007455134 0.0002898624 0.7139169 0.2783381 
0.002457736 0.005454649 0.7306654 0.2614222 
0.02452339 0.01777595 0.5815824 0.3761182 
0.001792863 0.001286346 0.6863312 0.3105895 
0.009570542 0.0009805837 0.6337975 0.3556514 
0.006981582 0.00341985 0.6568935 0.332705 
0.009109188 0.0164408 0.6077745 0.3666755 
0.003956409 0.006896457 0.6672287 0.3219185 
0.0004326357 0.0001682473 0.7280407 0.2713584 
0.0009701483 0.04100465 0.5809365 0.3770887 
0.004936579 0.01671371 0.7236381 0.2547116 
0.002018985 0.007271028 0.6439662 0.3467438 
0.0008870087 0.005057189 0.668597 0.3254588 
0.003045159 0.005559703 0.686335 0.3050601 
0.01841377 0.002885791 0.6527431 0.3259574 
0.006622162 0.008039168 0.6764308 0.3089079 
0.03633295 0.0008702537 0.7205311 0.2422657 
0.005414659 0.005835839 0.6226112 0.3661383 
0.0001238664 0.009861381 0.7341817 0.2558331 
0.0002934104 0.006968854 0.6666853 0.3260524 
0.009621606 0.0004087406 0.7289423 0.2610274 
0.01165886 0.004383178 0.7036242 0.2803337 
0.008173104 6.860106e-05 0.6419036 0.3498547 
0.008886295 9.374839e-05 0.7437686 0.2472513 
0.006231503 0.001025926 0.7753082 0.2174344 
0.002412315 0.0009036619 0.6086857 0.3879983 
0.007109623 0.01555711 0.6737208 0.3036125 
0.0004487046 0.009846285 0.6234424 0.3662626 
0.005590501 0.002643402 0.6511123 0.3406538 
6.327548e-05 0.01443448 0.742853 0.2426493 
0.005431052 0.00451839 0.6564883 0.3335623 
0.008148705 0.005157981 0.6696287 0.3170646 
0.008691148 0.003848699 0.6486648 0.3387954 
0.004605053 0.002703691 0.6740506 0.3186407 
0.006839372 0.009328087 0.5958435 0.3879891 
0.0007341158 0.02045117 0.6438175 0.3349972 
0.004437805 0.0007395171 0.5370007 0.457822 
0.008092945 0.008704424 0.5685117 0.4146909 
0.01402213 8.857734e-05 0.6310851 0.3548042 
0.005074931 0.004892341 0.6742685 0.3157643 
0.0006633606 0.0003655471 0.7487251 0.250246 
0.001778019 0.0017442 0.626157 0.3703207 
0.004585181 0.01590457 0.679668 0.2998423 
0.01453192 0.008453949 0.673612 0.3034021 
0.0118141 0.003654895 0.5890833 0.3954477 
0.001772345 0.003135153 0.680059 0.3150335 
0.006608372 0.005457753 0.7514726 0.2364612 
0.0007194546 0.0134669 0.7123189 0.2734948 
0.0005073823 0.00185992 0.7307675 0.2668652 
0.003028813 0.01977183 0.7022819 0.2749175 
0.002999576 0.004581046 0.6712836 0.3211358 
0.005534349 0.01839325 0.6928289 0.2832435 
0.01128486 0.004042423 0.6398487 0.344824 
0.004053409 0.002236114 0.777375 0.2163355 
0.01072097 0.004844066 0.655645 0.32879 
0.009566941 0.01556633 0.7518396 0.2230271 
0.004689749 0.00132335 0.7374751 0.2565118 
0.001212473 5.797247e-05 0.6255242 0.3732054 
0.003972858 0.006066748 0.7554234 0.234537 
0.003940683 0.004936102 0.6660368 0.3250865 
0.01968834 0.005121467 0.6455623 0.3296279 
0.005914035 0.001894156 0.7053653 0.2868265 
0.0008645625 0.003418279 0.6704242 0.325293 
0.002588148 0.0003308048 0.7271942 0.2698869 
0.001604445 0.008749864 0.6471149 0.3425308 
0.0003015354 0.001554891 0.6938902 0.3042533 
9.262316e-05 0.004262982 0.7279274 0.267717 
0.001540885 6.000109e-05 0.7092881 0.289111 
0.01079965 0.006778747 0.7215193 0.2609023 
0.005874103 0.003443138 0.6486074 0.3420754 
0.003486638 0.007033427 0.6881378 0.3013421 
0.001152159 0.001671609 0.597446 0.3997302 
0.001511711 0.0009856756 0.6489133 0.3485894 
0.005342828 0.009139194 0.7309016 0.2546164 
0.008480574 0.01140284 0.7028145 0.2773021 
0.002994427 0.01069128 0.7471635 0.2391508 
0.03377097 0.0004145008 0.6788824 0.2869321 
0.002060214 0.0001429609 0.6725305 0.3252663 
0.004679318 0.01017559 0.6896042 0.2955409 
0.003726991 0.003932331 0.7272499 0.2650908 
4.571867e-06 0.004125917 0.6267434 0.3691261 
0.01152028 0.01183285 0.7059363 0.2707106 
0.008822548 0.006484018 0.6374346 0.3472588 
0.002629436 0.009599849 0.6993597 0.2884111 
0.009966188 0.01977639 0.6473427 0.3229147 
0.006543789 0.00274573 0.7005838 0.2901267 
1.766015e-05 0.02630535 0.6721716 0.3015054 
0.004310713 0.01885178 0.7329559 0.2438816 
0.004808892 0.01394631 0.6401596 0.3410851 
0.05839396 0.00909417 0.6605635 0.2719483 
0.008738153 0.002096577 0.6993227 0.2898426 
0.005997389 0.001113452 0.5870023 0.4058869 
0.005866721 0.008652128 0.7098852 0.2755959 
0.001399363 0.003299205 0.7460284 0.249273 
0.001688386 0.0005863565 0.6750809 0.3226443 
0.006136393 0.008420618 0.676491 0.308952 
0.002328456 0.001653977 0.7142958 0.2817218 
0.01068305 0.01551099 0.5755912 0.3982148 
0.009106925 0.001144586 0.7282405 0.261508 
0.007294106 0.001599715 0.7157376 0.2753686 
0.003346703 0.02441561 0.6699459 0.3022917 
0.004047227 0.004481393 0.6815483 0.3099231 
0.005944565 0.01062809 0.6807314 0.3026959 
0.01348942 0.01643072 0.6814391 0.2886407 
0.01551128 0.004880408 0.7262545 0.2533538 
0.01344569 0.000962565 0.6151182 0.3704735 
0.006813309 0.003213781 0.7055609 0.284412 
0.01207717 0.001218589 0.6052142 0.3814901 
0.0007512618 0.001720337 0.6926459 0.3048825 
0.006488774 0.01667569 0.7535013 0.2233343 
0.0002984492 0.00427506 0.636511 0.3589155 
0.001536959 0.000901952 0.6566552 0.3409058 
0.00357472 0.0001091845 0.7205435 0.2757726 
0.003942346 0.05139006 0.5717076 0.37296 
0.02480911 0.0007798184 0.679774 0.2946371 
0.01668637 0.005171976 0.6963539 0.2817877 
0.009931063 0.008635308 0.6785204 0.3029132 
0.003351555 0.003070505 0.6862701 0.3073078 
0.005689347 0.01626329 0.7093439 0.2687035 
0.0007842196 0.001692044 0.7145017 0.283022 
0.01644033 0.006849724 0.6056068 0.3711031 
0.0005770478 0.02125295 0.6759904 0.3021796 
0.0125321 0.002362513 0.7306007 0.2545047 
0.01275637 0.02638017 0.6877117 0.2731518 
0.001184826 0.003329847 0.6349389 0.3605464 
0.01749119 0.0277453 0.6418424 0.3129211 
0.001333994 0.002956441 0.6948262 0.3008834 
0.005184241 0.003490047 0.667361 0.3239647 
0.002227245 0.01729019 0.6657486 0.314734 
0.03165697 0.008780391 0.6761403 0.2834224 
0.008502102 0.01277862 0.6520727 0.3266466 
0.002654712 0.001659225 0.692173 0.3035131 
0.006855234 0.01618126 0.7528185 0.224145 
0.001637685 0.0003952765 0.6222383 0.3757287 
0.009059373 0.008612903 0.5683431 0.4139846 
0.004312313 0.001054443 0.6233194 0.3713139 
0.003277064 0.002211701 0.6451719 0.3493393 
0.006790752 0.0208565 0.7182661 0.2540866 
0.01817724 0.0001574115 0.7044313 0.2772341 
0.006285114 0.002903089 0.6817954 0.3090164 
0.007403558 0.02523386 0.6826771 0.2846854 
0.01042649 0.01423288 0.6618353 0.3135053 
0.01412173 0.002248284 0.691051 0.292579 
0.001982278 0.0008910057 0.7458529 0.2512738 
0.005964434 0.0008184526 0.748668 0.2445491 
0.003415231 0.005483129 0.6594996 0.331602 
0.01375937 0.009858842 0.6912071 0.2851746 
0.02441253 0.002003611 0.6975728 0.2760111 
0.004410698 0.0004674322 0.5937613 0.4013606 
0.007548299 0.0009338426 0.6995106 0.2920073 
0.003900493 0.003469171 0.6861739 0.3064565 
0.001650128 0.001509657 0.7055502 0.29129 
0.003415354 0.0006577271 0.6180865 0.3778404 
0.002793315 0.01358479 0.6506485 0.3329734 
0.01275595 0.0014427 0.6525041 0.3332973 
0.004890481 0.01427954 0.7271459 0.253684 
0.003741141 0.002693424 0.7047196 0.2888459 
0.01087024 0.02151887 0.6809944 0.2866165 
0.006200749 0.01300598 0.6360638 0.3447295 
0.01037532 2.289712e-05 0.7144795 0.2751223 
0.03798247 7.991327e-05 0.7683902 0.1935474 
0.0006195914 0.01417474 0.635638 0.3495677 
0.0017751 0.01764463 0.6666483 0.3139319 
0.01567712 0.003417855 0.7030472 0.2778578 
0.00752552 0.02516633 0.5405057 0.4268024 
0.007000814 0.01741913 0.647778 0.3278021 
0.001256136 0.001769955 0.6177103 0.3792636 
0.002515672 0.0001314133 0.6217876 0.3755653 
0.0004932745 0.01323387 0.6751658 0.3111071 
0.001055133 0.003610817 0.6801852 0.3151488 
0.005038304 0.003374853 0.7111632 0.2804237 
0.002498765 0.001065528 0.6543728 0.3420629 
0.001126261 0.0152749 0.6772941 0.3063047 
0.02428807 0.0006379241 0.6301937 0.3448803 
0.01081423 0.005109016 0.6616582 0.3224186 
0.000249446 0.009683571 0.6498331 0.3402339 
0.0006325796 0.007616022 0.6703263 0.3214251 
0.01313823 0.01148423 0.6780883 0.2972893 
0.003793852 0.01033311 0.7885115 0.1973615 
0.0010558 0.04100803 0.6870639 0.2708723 
0.005658449 0.02329668 0.6611125 0.3099324 
0.006391891 0.006422995 0.6207929 0.3663922 
0.002564458 0.00765626 0.625388 0.3643913 
0.0004970701 0.0002720931 0.6403048 0.3589261 
0.0001427148 0.003681503 0.7569937 0.2391821 
0.02223868 0.001544484 0.6885809 0.2876359 
0.00740941 0.005304207 0.748019 0.2392674 
0.005852196 0.009223774 0.6878134 0.2971106 
0.008424803 0.002609487 0.688132 0.3008337 
0.03392537 0.01486942 0.676319 0.2748862 
0.0009772823 0.01594315 0.6715799 0.3114997 
0.004342674 0.003615762 0.6498591 0.3421825 
0.004020158 0.006199383 0.6591144 0.3306661 
0.001594112 0.0005663624 0.6129869 0.3848526 
0.006201581 0.01247129 0.7356461 0.2456811 
0.001998043 0.0001019859 0.6247559 0.3731441 
0.004680321 0.01047435 0.7461888 0.2386566 
0.001676729 0.03039111 0.6681881 0.2997441 
0.008871496 0.02616632 0.6977343 0.2672279 
0.002987316 0.01828562 0.7481235 0.2306036 
0.008830492 9.926826e-05 0.6865936 0.3044767 
0.008795498 0.006512349 0.7010013 0.2836908 
0.008347447 0.0007235417 0.7307425 0.2601865 
0.01056058 0.002365057 0.6807951 0.3062792 
0.002710784 0.005456951 0.7600577 0.2317746 
0.00709443 0.00663123 0.7302202 0.2560542 
0.006435889 0.01724821 0.6178454 0.3584705 
0.002254235 0.002303914 0.7345791 0.2608627 
0.0006181739 0.007928638 0.7728505 0.2186027 
0.004178872 0.0005955503 0.7917746 0.203451 
0.001196709 0.001184184 0.6490759 0.3485432 
0.02511859 0.001842819 0.7150846 0.257954 
0.001269581 0.009519535 0.6727274 0.3164835 
0.02176448 0.001925389 0.7269301 0.2493801 
0.001519185 0.007884107 0.6655381 0.3250586 
0.0005371647 0.0001725557 0.6952037 0.3040865 
0.001547764 0.01148732 0.7236026 0.2633623 
0.00265539 0.01177906 0.6374001 0.3481655 
0.001422339 0.004249189 0.6835972 0.3107312 
0.00232825 0.02878646 0.6816495 0.2872357 
0.002349043 0.01023344 0.7119806 0.2754369 
0.005033385 0.008446513 0.6253555 0.3611646 
0.01246615 3.318789e-05 0.7633389 0.2241618 
0.0005842036 0.01244979 0.7514804 0.2354856 
0.007253156 0.001887013 0.5223847 0.4684752 
0.01020109 0.01380749 0.717619 0.2583724 
0.002859117 0.01929089 0.6728217 0.3050283 
0.009284346 0.01107874 0.6804716 0.2991653 
0.03181871 0.003960034 0.7633945 0.2008267 
0.001667222 0.008211566 0.649697 0.3404242 
0.005528153 0.00672915 0.6293934 0.3583493 
7.121808e-06 0.001628699 0.7164234 0.2819408 
0.002992974 0.01973056 0.6952377 0.2820388 
0.009949363 0.0002733192 0.6481568 0.3416205 
0.001870935 0.009600901 0.6734472 0.315081 
0.01676738 0.0005830457 0.6770819 0.3055676 
0.006367137 0.004946731 0.7479321 0.240754 
0.02080611 0.0237814 0.6377115 0.317701 
0.02718227 0.003220829 0.6364429 0.333154 
0.002820672 0.0291032 0.7590177 0.2090584 
0.007053167 0.001234883 0.6765593 0.3151526 
0.0007701212 0.005670613 0.6882796 0.3052797 
0.001477954 0.0001495168 0.6667892 0.3315833 
0.00551314 0.001066629 0.7188089 0.2746113 
0.009341325 0.01049049 0.7754231 0.2047451 
0.002680087 0.01517627 0.7728529 0.2092907 
0.009062522 0.0002288472 0.7454699 0.2452387 
0.01197712 0.003278042 0.6715669 0.313178 
0.01444537 0.00928524 0.7049516 0.2713178 
0.007799493 0.0003805757 0.8028658 0.1889541 
0.0006136677 0.008480111 0.7731072 0.217799 
0.02053197 0.03688901 0.7391027 0.2034763 
0.001547564 0.01218603 0.7346967 0.2515697 
0.001612839 0.007867402 0.6871805 0.3033392 
0.01194507 0.008050824 0.6453259 0.3346782 
0.004335031 0.006033314 0.7521815 0.2374501 
0.0020409 0.004282342 0.7639921 0.2296846 
0.004750023 0.01711723 0.7239013 0.2542315 
0.003794024 0.002001686 0.7425985 0.2516058 
0.003311902 0.005444205 0.5721594 0.4190845 
0.002157039 0.001114553 0.6186351 0.3780933 
0.01380534 0.006121661 0.6071335 0.3729395 
0.006965387 0.003486513 0.714974 0.2745741 
0.003636675 0.004569041 0.7302042 0.2615901 
0.008093823 0.004186774 0.7184172 0.2693022 
0.002204835 0.01222303 0.7444297 0.2411424 
0.009013154 0.01279491 0.6598334 0.3183585 
0.0022869 0.01709833 0.7317677 0.2488471 
0.0009479669 0.0007231023 0.660075 0.338254 
0.001515949 0.001052373 0.7399074 0.2575243 
0.01260745 0.005351421 0.6667971 0.315244 
0.0006501054 0.002505503 0.6580963 0.338748 
0.004213072 0.01169671 0.6679485 0.3161418 
0.01857157 0.0110358 0.6648247 0.305568 
0.0005759376 0.008323242 0.6695709 0.3215299 
0.003460636 0.005461471 0.6365496 0.3545283 
0.004744185 0.0009698745 0.8390846 0.1552013 
0.006307158 0.001790211 0.7248976 0.267005 
0.001460325 0.0145944 0.7596315 0.2243138 
0.01862451 0.02130911 0.6276321 0.3324343 
0.01972546 0.004018443 0.6735147 0.3027414 
0.04781678 0.003598525 0.7094817 0.2391029 
0.004131353 0.006003095 0.6142563 0.3756093 
0.008331113 0.001376212 0.6850077 0.305285 
0.0001203565 0.0003528156 0.6580984 0.3414284 
0.003635518 0.003550428 0.7321837 0.2606304 
0.01744819 0.001345299 0.6887443 0.2924622 
0.01101877 0.01515267 0.6462956 0.327533 
0.001607526 0.02007786 0.6413766 0.336938 
0.01123804 0.01112784 0.6718251 0.3058091 
0.02207683 0.002467063 0.8273691 0.148087 
0.01078613 0.003339911 0.6348704 0.3510035 
0.01269176 0.001948612 0.6564232 0.3289364 
0.002500418 0.003112809 0.6658826 0.3285041 
0.02808653 0.0003343233 0.714487 0.2570922 
0.0005028708 1.153783e-06 0.7158883 0.2836077 
0.002625388 0.01513802 0.618219 0.3640176 
0.004077232 0.0001121761 0.6811544 0.3146562 
0.0007533287 0.0005287178 0.7066557 0.2920622 
0.001992821 0.009264512 0.7063357 0.2824069 
7.744308e-05 0.00413348 0.678185 0.3176041 
0.0124731 0.00491411 0.6285589 0.3540539 
0.00520302 0.009968883 0.7125146 0.2723135 
0.006173111 0.003358998 0.64815 0.3423179 
0.00188947 0.006760699 0.7495801 0.2417698 
0.0159253 0.006002662 0.640335 0.337737 
0.00335537 0.002026043 0.7897552 0.2048633 
0.003691059 0.02424255 0.6725316 0.2995348 
0.003730156 0.004595636 0.6711025 0.3205717 
0.0006044553 0.009678905 0.7394776 0.250239 
0.01405518 0.004082378 0.7395439 0.2423186 
0.0002075591 0.02295827 0.7341698 0.2426643 
0.003978688 0.002560892 0.5866503 0.4068101 
0.00186235 0.01725404 0.584744 0.3961396 
0.00697537 3.234122e-06 0.7439909 0.2490305 
0.009146317 0.004511846 0.754987 0.2313549 
0.005547809 0.01685572 0.7561168 0.2214797 
0.01098661 0.00524882 0.6744535 0.3093111 
0.005823682 0.00685409 0.6356921 0.3516301 
0.002128825 0.0082167 0.7083336 0.2813209 
0.005937521 0.007327946 0.6388788 0.3478558 
0.01325465 0.001843149 0.7395072 0.245395 
0.00680621 0.007231856 0.6970317 0.2889302 
0.009128049 0.008826281 0.7467647 0.2352809 
0.006601596 0.001364066 0.7223379 0.2696964 
0.008119283 0.004038663 0.773201 0.214641 
0.002242039 0.01076755 0.7282082 0.2587822 
0.002646766 0.01904472 0.6833976 0.2949109 
0.001561618 0.01999896 0.6665531 0.3118863 
0.002188515 0.01785167 0.6734554 0.3065044 
0.006239696 0.00237518 0.7899171 0.201468 
0.001357488 0.00169509 0.7174759 0.2794715 
0.002297862 0.002876877 0.6225492 0.372276 
0.0007375555 0.001828311 0.6563004 0.3411338 
0.0001150644 0.0255372 0.7556128 0.2187349 
0.007316216 0.0002344802 0.7757321 0.2167172 
0.004987835 0.001812432 0.6807227 0.3124771 
0.006798462 0.0001537756 0.672598 0.3204498 
0.0006211768 0.001808211 0.6478884 0.3496822 
0.003006787 0.04317501 0.5712319 0.3825863 
0.004774748 0.001350995 0.6454873 0.348387 
0.002006876 0.005793353 0.6630755 0.3291243 
0.001035899 0.002196785 0.7228481 0.2739192 
0.0003155082 0.03346504 0.7102013 0.2560181 
0.005374679 0.002167839 0.7001701 0.2922874 
0.004874699 0.005166548 0.7425267 0.2474321 
0.0001715716 0.01182496 0.6488857 0.3391178 
0.007883649 0.001102886 0.6621111 0.3289023 
0.01013821 0.01641597 0.7496416 0.2238042 
0.006694222 0.0009076011 0.6402851 0.3521131 
0.009675874 0.005878034 0.6429017 0.3415444 
0.003053403 0.01286702 0.5497046 0.4343749 
0.02039814 0.004522425 0.6734205 0.301659 
0.009405718 0.000234574 0.706481 0.2838787 
0.008161238 4.528813e-06 0.7844933 0.2073409 
0.0003699023 0.001856055 0.7346075 0.2631665 
0.001419639 0.01542019 0.5818426 0.4013176 
0.006778563 0.01165131 0.7074401 0.27413 
0.001543588 0.003161075 0.7519425 0.2433529 
0.005789273 0.002356988 0.6281093 0.3637444 
0.001378398 0.007228234 0.6583168 0.3330766 
0.003505563 0.001747159 0.7144302 0.2803171 
0.005509907 0.01072115 0.7294331 0.2543359 
0.01078286 0.0002196471 0.6558972 0.3331003 
0.01093733 0.005588761 0.7313175 0.2521564 
0.007996 0.0005020001 0.6757209 0.3157811 
0.00423505 0.003275729 0.6530222 0.3394671 
0.000806598 0.009582222 0.6472661 0.3423451 
0.001110054 0.01331147 0.678027 0.3075515 
0.02387074 0.000728098 0.6305974 0.3448037 
0.007301982 0.01885704 0.6869076 0.2869334 
0.02266922 0.03281541 0.6711013 0.2734141 
0.0006304296 0.02310408 0.6192758 0.3569897 
0.004221484 0.03288256 0.6524804 0.3104155 
0.00185586 0.01707031 0.6015704 0.3795035 
0.002322604 0.03034032 0.7025599 0.2647772 
0.001483516 0.007314301 0.6817637 0.3094384 
0.003615801 0.002281838 0.6940648 0.3000375 
0.003661244 0.002766903 0.7803316 0.2132403 
0.004420168 0.001049398 0.7775491 0.2169813 
0.006325647 0.00139596 0.7397557 0.2525227 
0.02251454 0.003894289 0.6924707 0.2811204 
0.001730262 0.01016193 0.642002 0.3461058 
0.008727797 0.007576215 0.6844679 0.2992281 
0.001250543 0.00117235 0.7623518 0.2352253 
0.0001220458 0.008108966 0.7050614 0.2867075 
0.0005140842 0.007915384 0.7884789 0.2030917 
0.0008506415 0.002289339 0.774931 0.221929 
0.01803837 0.006740595 0.731297 0.2439241 
0.003003515 0.01367546 0.7591875 0.2241336 
0.005026772 0.001726475 0.7056191 0.2876276 
0.004966358 0.003488132 0.6966511 0.2948944 
0.005027713 0.01915099 0.6740719 0.3017494 
0.006641192 0.008210727 0.6689162 0.3162319 
0.008773556 0.01298806 0.6746153 0.3036231 
0.00948364 0.01743618 0.7324425 0.2406377 
0.005568102 0.02496052 0.6407621 0.3287092 
0.02698521 0.007167466 0.6036031 0.3622442 
0.003410984 0.001211333 0.6209025 0.3744752 
0.02812317 0.008136641 0.693544 0.2701961 
0.006873453 0.007145406 0.6731353 0.3128458 
0.02520841 0.004294115 0.7293966 0.2411008 
0.0125414 0.01203197 0.7546068 0.2208198 
0.01272822 0.01270261 0.6343673 0.3402019 
0.008474245 0.005210449 0.7176241 0.2686912 
0.003994974 0.001206517 0.7956065 0.199192 
0.01943677 0.004841495 0.633701 0.3420207 
0.002319034 0.02583709 0.6211061 0.3507377 
0.004942938 0.0229657 0.6618558 0.3102355 
0.02195816 0.007573634 0.738405 0.2320632 
2.923637e-05 0.01137423 0.6404207 0.3481758 
0.003123177 0.001268629 0.6551374 0.3404707 
0.007236951 0.00350325 0.6838976 0.3053622 
0.01194239 0.00405048 0.7378713 0.2461358 
0.01856523 0.005888863 0.6744119 0.301134 
0.002072537 0.008376112 0.6541357 0.3354156 
0.003672098 0.0221329 0.7084148 0.2657802 
0.004371139 0.01449204 0.7055255 0.2756113 
0.007420965 0.006350315 0.6391833 0.3470454 
0.007004571 0.01766447 0.6567059 0.318625 
0.005019748 0.0004984891 0.7144984 0.2799834 
0.001334835 0.009779504 0.748785 0.2401006 
0.003439997 0.004169979 0.7401062 0.2522839 
0.01151884 0.003992006 0.7807817 0.2037074 
0.01975605 0.003864786 0.6904093 0.2859699 
0.002990231 0.01690584 0.7762048 0.2038992 
0.008024217 0.008746726 0.6677138 0.3155153 
0.001482994 0.001715021 0.7789444 0.2178576 
0.007235407 0.0002528207 0.7294423 0.2630694 
0.001563775 0.009108068 0.5708735 0.4184546 
0.005389574 0.04017573 0.681581 0.2728537 
0.01737617 0.002064915 0.6087535 0.3718054 
0.01043641 0.004439976 0.6188023 0.3663213 
0.009220514 0.0006714012 0.7747031 0.215405 
0.001101295 0.004093311 0.8176807 0.1771247 
0.002446475 0.003628872 0.7089235 0.2850011 
0.005377869 0.0165258 0.7399191 0.2381772 
0.0001093357 0.008663261 0.6975928 0.2936346 
0.01066362 0.004806365 0.7122789 0.2722511 
0.006023609 0.000447166 0.7224708 0.2710584 
0.01233355 0.006454935 0.5990585 0.382153 
0.00985345 0.0167707 0.7000813 0.2732945 
0.02853325 0.002831577 0.7036159 0.2650193 
0.0006508596 0.009014431 0.6361178 0.3542169 
0.005311022 0.000798748 0.6443574 0.3495328 
0.004726139 0.001806219 0.5867971 0.4066705 
0.01598206 0.009547731 0.650218 0.3242522 
5.412911e-05 0.01349776 0.6359189 0.3505292 
0.008286872 0.01228968 0.6935038 0.2859197 
0.001924443 0.00914558 0.6794872 0.3094428 
0.0009449696 0.01965418 0.5895604 0.3898405 
0.003279176 0.001931956 0.6390764 0.3557124 
0.01406121 0.01348329 0.7113677 0.2610878 
3.719613e-05 0.008551201 0.6870441 0.3043675 
0.005232281 0.002180635 0.6816275 0.3109596 
0.006580028 0.00430592 0.7029446 0.2861694 
0.008845636 0.006502972 0.7297809 0.2548705 
0.002575272 0.002488834 0.7353617 0.2595742 
0.0004356534 0.0175128 0.7083863 0.2736652 
0.004054889 0.01569832 0.7402399 0.2400069 
0.003593933 0.01025816 0.5680064 0.4181415 
0.004844309 0.02466642 0.6618094 0.3086798 
0.003237338 0.02751214 0.7164383 0.2528123 
0.01538162 0.004627867 0.6761911 0.3037994 
0.001983362 0.01148383 0.7216319 0.2649009 
0.003061028 0.001672891 0.7013688 0.2938972 
0.0008692973 0.02208016 0.7067106 0.27034 
0.001596285 0.0007916551 0.7582925 0.2393196 
0.000235066 0.009925156 0.7044146 0.2854252 
0.001176605 0.03286601 0.7163789 0.2495784 
0.009752179 8.839973e-05 0.7370822 0.2530772 
0.02331398 0.004557755 0.6585206 0.3136077 
0.0070881 0.01704797 0.6091756 0.3666883 
0.0004183792 0.007214961 0.6631094 0.3292572 
0.000473258 0.002613384 0.7475029 0.2494105 
0.006894881 0.005669067 0.6820622 0.3053739 
0.006553341 0.002034078 0.7031527 0.2882599 
0.003569423 0.0003946499 0.6079114 0.3881245 
0.00382837 0.008457575 0.6609231 0.326791 
0.008730636 0.05946279 0.5934079 0.3383987 
0.006097993 0.002336682 0.64135 0.3502153 
0.002853505 0.001679819 0.6988385 0.2966282 
0.01178772 0.003659595 0.7372515 0.2473012 
0.01552213 0.0112809 0.6917096 0.2814873 
0.007821289 0.0007364994 0.6427142 0.348728 
0.003767397 0.01643882 0.6005445 0.3792493 
0.0005089208 0.007186183 0.6922704 0.3000345 
0.0009745012 0.005795675 0.6488005 0.3444293 
0.03597493 0.0008068722 0.6096118 0.3536064 
0.0008755807 0.003677283 0.5958102 0.3996369 
0.01709412 0.006943966 0.7212672 0.2546947 
0.0008249356 0.007074768 0.5386266 0.4534737 
0.00471938 0.003659987 0.6363426 0.355278 
0.00574234 0.009218323 0.6762639 0.3087755 
0.002588198 0.003601921 0.7367427 0.2570671 
0.006960283 0.0004479603 0.7835425 0.2090493 
0.0007997368 0.01346633 0.7740594 0.2116745 
0.004567778 0.008496909 0.7053639 0.2815714 
0.00984678 0.00780016 0.6666686 0.3156844 
0.009077953 0.009902779 0.6981385 0.2828807 
0.008193903 0.007319352 0.6560457 0.3284411 
0.0005502541 0.003558192 0.6929834 0.3029082 
0.001928196 0.01357614 0.592256 0.3922396 
0.0260432 0.01372938 0.5702807 0.3899468 
0.002347779 0.009066905 0.7789143 0.209671 
0.006330546 0.00852247 0.7203921 0.2647548 
0.004909584 0.01550101 0.6473775 0.3322119 
0.01164675 0.00283065 0.7667758 0.2187468 
0.003626435 0.004928599 0.690839 0.3006059 
0.006547868 0.006282229 0.6027786 0.3843913 
0.004899527 4.158559e-05 0.6754082 0.3196507 
0.01298244 0.02195184 0.7088992 0.2561665 
0.03013662 0.003827245 0.6200871 0.3459491 
0.00198542 0.001948574 0.7345157 0.2615503 
0.02248001 0.01512597 0.6074021 0.3549919 
0.000848994 0.0002743901 0.6679925 0.3308841 
0.00895696 0.004719542 0.668876 0.3174475 
0.003815093 0.005184657 0.708701 0.2822993 
0.02430407 0.00129603 0.7419209 0.232479 
0.003815317 0.00760272 0.7159385 0.2726435 
0.02731268 0.009336896 0.6134185 0.3499319 
0.01743565 0.004685729 0.553625 0.4242536 
0.02247893 0.01095823 0.671068 0.2954948 
6.445713e-05 0.006093639 0.5727877 0.4210542 
0.003030035 0.003035716 0.7802732 0.213661 
0.003916027 0.003025266 0.7502501 0.2428086 
0.01960716 0.01324032 0.6901173 0.2770352 
0.001591128 0.0227539 0.676459 0.299196 
0.003455361 0.01381792 0.6635687 0.319158 
0.01040748 0.005898887 0.6513932 0.3323004 
0.00137097 0.0255403 0.6881257 0.2849631 
0.001494977 5.064449e-06 0.7616387 0.2368613 
0.006792307 0.03130123 0.6231944 0.3387121 
0.0102979 0.009757363 0.6743858 0.3055589 
0.0001429768 0.001163086 0.6167624 0.3819315 
0.0227156 0.004819168 0.7689968 0.2034684 
0.02174154 0.01822728 0.6969012 0.26313 
0.0002868855 0.001281251 0.6495772 0.3488546 
0.00316208 0.003258218 0.6495684 0.3440113 
0.0005799941 0.003218717 0.697871 0.2983303 
0.00568405 0.0038162 0.6548853 0.3356144 
0.008851423 0.005523078 0.7200011 0.2656244 
0.007956682 0.00111146 0.6092608 0.381671 
0.002258107 0.001793501 0.6656362 0.3303122 
0.01913519 0.006697847 0.7050774 0.2690896 
0.001703461 0.001637884 0.7211028 0.2755559 
0.01843292 0.01084381 0.610419 0.3603043 
0.00805599 0.00060914 0.7552156 0.2361193 
0.008527759 0.0009591729 0.6412562 0.3492569 
0.001866357 0.01029492 0.7947406 0.1930982 
0.01550961 1.040423e-05 0.652564 0.331916 
0.004192338 0.005103808 0.6982471 0.2924568 
0.01185392 0.009699036 0.618433 0.3600141 
0.005680712 0.009078402 0.7743758 0.2108651 
0.02365018 0.009549011 0.6829194 0.2838814 
0.016946 0.005692913 0.5470947 0.4302664 
0.0163975 0.01758335 0.681458 0.2845612 
0.0001579654 3.201299e-05 0.7135741 0.2862359 
0.002791931 0.0009261653 0.7041712 0.2921107 
0.01138275 0.008611558 0.6653253 0.3146804 
0.005025523 0.01361954 0.5904775 0.3908774 
0.008103044 0.003097287 0.6509346 0.3378651 
0.005860264 0.0009617757 0.6708948 0.3222831 
0.003552994 0.009915601 0.6909451 0.2955863 
0.0008852556 0.002140231 0.7523705 0.244604 
0.006219556 0.001065986 0.68878 0.3039344 
0.01671785 0.009718782 0.7188382 0.2547252 
0.002476749 0.01276672 0.7436446 0.2411119 
0.006792462 0.002730006 0.7484032 0.2420743 
0.007896729 0.0004608952 0.7176222 0.2740202 
0.00595129 0.009634356 0.6552081 0.3292063 
0.02416652 0.001610287 0.6954109 0.2788122 
0.007719849 0.01063576 0.6594506 0.3221938 
0.003781147 0.0008305119 0.6997978 0.2955905 
0.001457138 0.003539285 0.7781058 0.2168978 
0.004714007 0.008129256 0.6632007 0.3239561 
0.002415384 0.007495296 0.7249796 0.2651097 
0.002714511 0.004658495 0.736081 0.256546 
0.007856069 0.00467452 0.6749574 0.312512 
0.01166345 0.002254773 0.7030818 0.283 
0.007530455 0.01032229 0.5507371 0.4314102 
0.004928483 0.01869779 0.685853 0.2905207 
3.68949e-05 0.008629011 0.7077588 0.2835753 
0.0003148926 0.009206357 0.5647133 0.4257655 
0.004370636 0.01742456 0.7481431 0.2300617 
0.01766229 0.003101812 0.7096009 0.269635 
0.005272783 0.01281665 0.6716907 0.3102199 
0.007851269 0.01528305 0.6593304 0.3175353 
0.006337619 0.0009781774 0.658919 0.3337652 
0.003514243 0.00922196 0.6663101 0.3209537 
0.002345328 0.03186491 0.6307591 0.3350307 
0.01103212 0.002808368 0.6972663 0.2888933 
0.008036589 0.004004495 0.5717992 0.4161597 
0.02236389 0.01075334 0.5653244 0.4015584 
0.00112591 0.005742169 0.6349674 0.3581645 
0.002425533 0.004971002 0.706685 0.2859184 
0.01617566 0.001094323 0.5955125 0.3872175 
0.001571839 0.003542224 0.6286037 0.3662822 
0.005863092 0.0001524201 0.7496634 0.2443211 
0.002968953 0.01072848 0.6497058 0.3365967 
0.001278382 0.02529507 0.6507824 0.3226442 
3.443652e-05 0.01524616 0.688517 0.2962024 
0.006615793 0.006248534 0.7195606 0.2675751 
0.001928636 0.01294363 0.7670235 0.2181042 
0.005699922 0.01788664 0.6331297 0.3432837 
0.00469988 0.01847141 0.7026101 0.2742186 
0.001030286 0.01054311 0.7339115 0.2545151 
0.001356174 0.00427594 0.7650782 0.2292897 
0.000622494 0.002306002 0.6996519 0.2974196 
0.002450259 0.007969638 0.6856576 0.3039225 
0.0007523327 0.0046729 0.6910958 0.303479 
0.001922067 0.005413927 0.7000884 0.2925756 
0.01094437 0.003926241 0.7666523 0.2184771 
0.006307802 0.003321211 0.6867169 0.3036541 
0.001998213 0.003327284 0.6722005 0.322474 
0.000990123 0.0009255122 0.7439947 0.2540897 
0.01762787 0.01097625 0.6715814 0.2998145 
0.01818227 0.003628584 0.7314746 0.2467146 
0.00237027 0.00433242 0.7451361 0.2481612 
0.005051668 0.005350242 0.6417583 0.3478398 
0.00903216 0.007032557 0.6633063 0.320629 
0.02447646 0.04240973 0.5467522 0.3863616 
0.01145055 0.004456603 0.7273104 0.2567825 
0.02322092 0.009782774 0.6496708 0.3173255 
0.001425061 0.00198076 0.5903528 0.4062414 
0.00338437 0.001282359 0.7291583 0.266175 
0.006683807 0.001063145 0.6456887 0.3465643 
0.0003703608 0.03260028 0.642148 0.3248814 
0.0008817494 0.005820315 0.6530875 0.3402104 
0.006613557 0.00597521 0.8188282 0.168583 
0.005013438 0.004010694 0.7228239 0.268152 
0.00136127 0.006034103 0.679039 0.3135657 
0.0002032249 0.007551218 0.7909665 0.2012791 
0.001435481 0.0074822 0.7000892 0.2909931 
0.002176236 0.003778304 0.7158415 0.278204 
0.00615729 0.00272248 0.6894337 0.3016865 
0.008175007 0.02677748 0.6838423 0.2812052 
0.01452465 0.00101644 0.6849347 0.2995242 
4.436312e-05 0.009363297 0.7028229 0.2877694 
0.001639864 0.007996312 0.6108236 0.3795402 
0.002361447 0.0001045624 0.6775341 0.3199999 
0.002690601 0.009755104 0.6461003 0.341454 
0.0003034981 0.009149207 0.745324 0.2452233 
0.01985955 0.0007562994 0.6589662 0.320418 
0.01429123 0.002393479 0.6677954 0.3155199 
0.001696583 0.00488812 0.7304475 0.2629678 
0.001403981 0.003607666 0.7562414 0.2387469 
0.004098155 0.008405823 0.6570655 0.3304305 
0.007265078 0.006391043 0.6592912 0.3270527 
0.0008579448 0.01248767 0.7585393 0.2281151 
0.005975884 0.01277555 0.7467382 0.2345104 
0.01188073 0.005060105 0.6820435 0.3010156 
0.003316609 0.001117868 0.7787636 0.2168019 
0.006578449 1.549336e-05 0.653113 0.340293 
0.01461824 0.002662581 0.59619 0.3865292 
0.01427418 0.007249034 0.7178467 0.2606301 
0.02531318 0.01154149 0.6427897 0.3203556 
0.00246948 0.01293608 0.6764544 0.3081401 
0.02731428 0.00124455 0.5148912 0.45655 
0.02918985 0.006290919 0.6268618 0.3376574 
0.005396766 0.003899193 0.6886175 0.3020866 
0.01043033 0.004785201 0.7026509 0.2821336 
0.02993611 0.009242798 0.6143752 0.3464459 
0.005884228 0.002162983 0.7594222 0.2325306 
0.01487601 0.004672786 0.5829524 0.3974988 
0.001549096 0.01553402 0.5943345 0.3885824 
0.001084308 0.005765025 0.7267751 0.2663756 
0.004998548 0.007024135 0.686675 0.3013023 
0.000603184 0.01638171 0.5614156 0.4215995 
0.00308597 0.02369302 0.6939139 0.2793071 
0.006378069 0.0005855266 0.7123507 0.2806857 
0.01114417 0.009341424 0.5982159 0.3812986 
0.004141948 0.004979149 0.7022988 0.2885801 
0.01417581 0.0003313519 0.6551694 0.3303235 
0.01407506 0.007067581 0.6885952 0.2902622 
0.005249857 0.03119409 0.7800599 0.1834961 
0.003180312 0.0242706 0.6419921 0.330557 
0.004014584 0.0002024504 0.75991 0.2358729 
0.005253177 0.00746639 0.7374198 0.2498606 
0.0002059707 0.01417678 0.7622854 0.2233318 
0.001383787 0.005528969 0.68756 0.3055273 
0.0066725 0.0115069 0.6953296 0.286491 
0.01545888 0.01407232 0.6264751 0.3439937 
0.0004984359 0.008869007 0.7025917 0.2880409 
0.006488659 0.0006922388 0.6703641 0.322455 
0.002004782 0.005061223 0.6753941 0.3175399 
0.005128561 0.002803212 0.7415451 0.2505231 
0.0002476196 0.0108902 0.6282475 0.3606147 
0.02086932 0.00276641 0.7452349 0.2311293 
0.01610391 8.041034e-05 0.6551615 0.3286542 
0.00453693 5.464264e-05 0.6352079 0.3602005 
0.001962872 0.0009240708 0.733058 0.2640551 
0.007100686 0.01171051 0.6474406 0.3337482 
0.0007498215 0.000900108 0.6755918 0.3227582 
0.01330789 0.01769246 0.6407507 0.3282489 
0.004264798 0.003028626 0.7588343 0.2338723 
0.007397607 0.008594714 0.69714 0.2868677 
0.001474664 0.0009140578 0.7441338 0.2534775 
0.005496188 0.0008252367 0.6844813 0.3091973 
0.01863124 0.003674537 0.7066987 0.2709955 
0.006336024 3.818401e-05 0.7480868 0.245539 
0.004211485 0.02928899 0.6415316 0.3249679 
0.007538167 0.007345258 0.6988443 0.2862723 
0.00758836 0.02661064 0.6851516 0.2806494 
0.008487919 0.005280387 0.7198873 0.2663444 
0.001938923 0.0003732034 0.6872021 0.3104858 
0.008436965 0.02669254 0.700108 0.2647625 
0.01489214 0.0009445399 0.7062463 0.277917 
0.01351638 0.01297507 0.6363191 0.3371895 
0.007880629 0.003162239 0.7286663 0.2602908 
0.0108441 0.003460942 0.7187322 0.2669628 
0.00823843 0.006321932 0.685469 0.2999707 
0.00544683 0.004966883 0.7322825 0.2573037 
0.007188833 2.167702e-06 0.7008864 0.2919226 
0.001392111 0.001140472 0.7177798 0.2796876 
0.01227197 0.01008638 0.6360779 0.3415637 
0.002035473 0.009693924 0.6641877 0.3240829 
0.00626746 0.004038784 0.7165909 0.2731029 
0.006759717 0.009967391 0.6733265 0.3099464 
0.0003693455 0.0002846219 0.6528796 0.3464665 
0.0008964621 0.002156427 0.680585 0.3163621 
0.002550138 0.004751924 0.6530035 0.3396944 
0.002692949 0.0003494676 0.8216102 0.1753474 
0.001330497 0.01097874 0.689149 0.2985418 
0.00847075 0.01310046 0.6191405 0.3592882 
0.0003854232 0.008438839 0.7599889 0.2311869 
0.004522787 0.0008671139 0.7260623 0.2685478 
0.0064832 0.007946873 0.6471534 0.3384165 
0.01586394 0.01332834 0.5938438 0.376964 
0.009611695 0.001215449 0.6901908 0.2989821 
