"p_1" "p_2" "p_3"
0.1602696 0.7755617 0.06416862
0.1629004 0.7923563 0.04474329
0.1762382 0.7463414 0.07742035
0.1580028 0.7810457 0.06095144
0.1735632 0.7742042 0.05223264
0.1735572 0.770336 0.05610683
0.1783522 0.7704806 0.0511672
0.1671803 0.7813988 0.05142087
0.1602468 0.7782164 0.06153685
0.1612419 0.7900224 0.0487357
0.1808906 0.7637506 0.05535878
0.1648025 0.7921087 0.0430888
0.1793271 0.7716699 0.04900294
0.1585466 0.79376 0.0476934
0.1573233 0.7835027 0.05917403
0.1651124 0.7714512 0.06343638
0.1730382 0.7822138 0.04474806
0.1843246 0.7630689 0.0526065
0.1589046 0.7725985 0.06849687
0.1722882 0.765263 0.06244886
0.169265 0.7675721 0.06316284
0.1551377 0.7865569 0.05830536
0.1564262 0.7954891 0.04808469
0.180199 0.7662042 0.05359677
0.1833372 0.7541147 0.06254814
0.1684966 0.7665725 0.06493091
0.1498271 0.7834401 0.06673288
0.1705069 0.7784583 0.05103482
0.1602089 0.789154 0.05063711
0.1489659 0.7942219 0.05681219
0.1477245 0.7974269 0.05484862
0.194236 0.7615235 0.04424048
0.1560902 0.7841476 0.05976217
0.1708596 0.7788488 0.05029161
0.1539733 0.7935306 0.05249609
0.1726786 0.7682695 0.05905185
0.1527561 0.7871131 0.06013083
0.162174 0.7749056 0.06292035
0.1589272 0.7858167 0.05525611
0.1848767 0.7614475 0.05367581
0.1580081 0.7907056 0.05128632
0.1677766 0.7769787 0.05524467
0.1731871 0.7759451 0.05086785
0.1630939 0.778448 0.05845813
0.1600613 0.7772869 0.06265179
0.1804257 0.7666248 0.05294947
0.1563426 0.7937284 0.04992895
0.1845698 0.7643684 0.05106179
0.1954976 0.7648396 0.03966279
0.1602744 0.7798679 0.0598577
0.1642833 0.786143 0.04957369
0.1590994 0.7849853 0.05591528
0.1621557 0.7881685 0.04967581
0.1481394 0.7994835 0.05237708
0.159679 0.7898681 0.05045288
0.169118 0.7537342 0.07714784
0.1724799 0.7809083 0.04661175
0.145019 0.7900502 0.06493083
0.1544636 0.8022833 0.04325316
0.1711349 0.7758691 0.05299603
0.1583371 0.8033386 0.03832436
0.1478156 0.8024037 0.04978074
0.1719385 0.7691614 0.05890003
0.1644738 0.7811427 0.05438344
0.1614953 0.7839637 0.05454107
0.1521609 0.7914502 0.05638888
0.1696319 0.7735527 0.05681542
0.1704726 0.7743335 0.05519386
0.1803258 0.7669083 0.05276593
0.1476885 0.7969159 0.05539561
0.1542753 0.8004324 0.04529229
0.1763565 0.7709824 0.05266106
0.1747568 0.7740848 0.05115846
0.1839756 0.7640154 0.05200892
0.1703357 0.7694563 0.06020802
0.1771204 0.7638202 0.05905944
0.1501721 0.7983892 0.05143871
0.1895219 0.7538562 0.05662195
0.1827167 0.746786 0.0704973
0.1763969 0.7623381 0.06126498
0.1775918 0.7606356 0.06177257
0.167917 0.7791091 0.05297393
0.1793106 0.7847179 0.03597155
0.1690379 0.7788286 0.05213356
0.1736193 0.7654427 0.06093797
0.1403057 0.8036606 0.05603368
0.1712505 0.75862 0.07012954
0.1813067 0.7737703 0.04492294
0.1555399 0.8008515 0.04360857
0.1630657 0.7853584 0.0515759
0.166654 0.7841979 0.0491481
0.1511044 0.7981808 0.05071474
0.1679385 0.7711893 0.06087228
0.1799562 0.7717509 0.0482929
0.1825058 0.768199 0.04929521
0.1744008 0.7721571 0.05344206
0.1916008 0.7586786 0.04972059
0.1833606 0.7556562 0.06098321
0.1608383 0.7769975 0.06216424
0.1776198 0.7695478 0.05283244
0.1604952 0.7825302 0.05697457
0.1583161 0.7781148 0.06356913
0.1573734 0.7928816 0.04974501
0.1811907 0.7713074 0.04750192
0.1575978 0.7771312 0.06527096
0.169492 0.7706493 0.05985869
0.1591942 0.7894387 0.05136705
0.1641199 0.7797978 0.05608235
0.153547 0.7885186 0.05793439
0.1691292 0.7819033 0.04896743
0.1684886 0.7822216 0.04928971
0.1581171 0.7968439 0.04503893
0.2031268 0.7314809 0.0653923
0.1717793 0.7685445 0.05967613
0.1591919 0.7932174 0.04759073
0.1624483 0.7886872 0.04886459
0.1570977 0.7966338 0.04626847
0.1667804 0.7848563 0.04836333
0.1648243 0.7641052 0.07107055
0.172976 0.778759 0.048265
0.1661499 0.769435 0.06441515
0.157973 0.7840933 0.05793367
0.1388792 0.7883088 0.07281201
0.1614591 0.7951162 0.04342471
0.1747733 0.776049 0.04917768
0.1687374 0.7788663 0.05239638
0.1781898 0.7635431 0.05826707
0.1554669 0.7974959 0.04703715
0.1893312 0.7611963 0.04947252
0.1818207 0.771811 0.04636836
0.1489518 0.7955764 0.05547184
0.1572119 0.7940414 0.04874666
0.1657177 0.7870078 0.04727458
0.1761979 0.7629749 0.06082721
0.1775108 0.773155 0.04933425
0.1671161 0.7964175 0.03646643
0.1546963 0.7864488 0.05885493
0.1717889 0.7591253 0.06908578
0.1574747 0.7958971 0.04662817
0.159469 0.7868782 0.05365289
0.1734555 0.7704292 0.05611524
0.1677095 0.7837724 0.04851816
0.1667897 0.778158 0.05505228
0.1776722 0.7820996 0.04022818
0.1723207 0.7747082 0.05297115
0.1566923 0.7971793 0.04612834
0.1654188 0.7798258 0.05475542
0.1684056 0.7842258 0.04736861
0.1662273 0.7869673 0.0468054
0.1588658 0.7847433 0.05639084
0.1701518 0.7735507 0.05629752
0.16415 0.7838847 0.05196536
0.170919 0.7829403 0.04614074
0.1575088 0.7877405 0.05475071
0.1411758 0.7886747 0.07014951
0.1595001 0.7823531 0.05814684
0.1625421 0.7771318 0.06032609
0.1758821 0.7785363 0.0455816
0.1490065 0.7916349 0.05935861
0.1547029 0.7893816 0.05591553
0.1681067 0.7740809 0.05781241
0.1611721 0.7864676 0.05236021
0.1899854 0.7601571 0.04985754
0.170645 0.7740172 0.05533778
0.1534306 0.7933657 0.05320372
0.1624017 0.7857026 0.05189567
0.1509634 0.7942647 0.05477193
0.1499475 0.796506 0.05354649
0.1373525 0.8010215 0.06162604
0.1542442 0.8045613 0.04119442
0.1813515 0.7653998 0.05324876
0.1577556 0.7919306 0.05031377
0.168036 0.7782608 0.05370323
0.1620959 0.7977662 0.0401379
0.1858008 0.7483841 0.06581504
0.1749541 0.7745371 0.05050885
0.1723972 0.7766392 0.0509636
0.1655549 0.7779535 0.05649166
0.1753269 0.7722783 0.05239486
0.1616346 0.7852219 0.05314346
0.1569308 0.7816614 0.06140772
0.1977327 0.7502847 0.0519826
0.1538614 0.7917794 0.0543592
0.172543 0.7749704 0.05248656
0.1790587 0.774628 0.04631333
0.1585559 0.7960431 0.04540099
0.170063 0.7788758 0.05106125
0.1711482 0.768414 0.06043784
0.1601686 0.7759019 0.06392944
0.1565305 0.7894504 0.05401919
0.158842 0.7852442 0.05591381
0.1646976 0.7816737 0.05362872
0.1690421 0.7738222 0.05713566
0.1737523 0.7759922 0.05025558
0.1538904 0.7942923 0.0518173
0.1816876 0.7671485 0.05116391
0.1658351 0.77438 0.05978488
0.1634813 0.7925286 0.04399012
0.1621895 0.7897556 0.04805494
0.1737685 0.7772546 0.04897691
0.1692267 0.7738723 0.05690104
0.1789571 0.7827778 0.03826503
0.1591869 0.7919232 0.04888985
0.181995 0.7590541 0.05895088
0.1637736 0.7744654 0.06176103
0.1769807 0.763552 0.05946729
0.1804846 0.7689334 0.050582
0.1493113 0.8009851 0.04970359
0.1652582 0.7846064 0.05013539
0.1543393 0.7944943 0.05116635
0.1419948 0.8170325 0.04097277
0.1637656 0.7879368 0.04829751
0.1635447 0.7950457 0.04140953
0.16562 0.7631878 0.07119223
0.1354419 0.8165361 0.04802194
0.1743153 0.755172 0.07051269
0.1683898 0.7845343 0.04707597
0.1713532 0.7848685 0.04377822
0.155772 0.7870945 0.05713355
0.1769261 0.7796402 0.04343365
0.1702061 0.7700841 0.05970981
0.1742385 0.7819215 0.04384
0.1637349 0.7789782 0.05728696
0.1704467 0.7742898 0.05526347
0.1746477 0.7598445 0.0655078
0.1646709 0.7804908 0.0548383
0.1766048 0.76817 0.05522516
0.1874664 0.7636367 0.04889692
0.1855213 0.7649542 0.04952448
0.1615815 0.7850018 0.05341674
0.1619975 0.7872458 0.05075671
0.1596658 0.7948213 0.04551286
0.1740691 0.7672467 0.05868423
0.167854 0.7713682 0.06077778
0.1584578 0.7653247 0.07621756
0.1559444 0.7839639 0.0600917
0.1532761 0.8018867 0.04483721
0.1549562 0.7880567 0.05698706
0.1767025 0.7681031 0.0551944
0.1466173 0.7949191 0.05846357
0.1660968 0.7796946 0.05420861
0.1673062 0.7657898 0.06690403
0.1601062 0.7955532 0.04434059
0.1625327 0.7827129 0.05475437
0.1719393 0.7745466 0.05351414
0.1617761 0.7884446 0.04977927
0.161312 0.7981194 0.04056853
0.1624025 0.7860734 0.05152416
0.162153 0.7886637 0.04918326
0.1539218 0.785313 0.06076529
0.1538549 0.7896852 0.05645987
0.1675178 0.7679445 0.06453773
0.1710957 0.7745902 0.05431408
0.1622117 0.788447 0.04934135
0.1429366 0.7937058 0.0633576
0.1682521 0.7631484 0.06859945
0.1794102 0.7666984 0.05389147
0.1799711 0.7618534 0.05817548
0.1641513 0.7883701 0.04747857
0.1760609 0.7636758 0.06026334
0.1777413 0.7703746 0.0518841
0.1658819 0.7838505 0.05026758
0.1667121 0.7766366 0.05665132
0.1775647 0.7742273 0.04820799
0.1521568 0.7973034 0.05053982
0.1830407 0.7626732 0.05428614
0.1848833 0.7562334 0.05888328
0.1680611 0.7777578 0.05418111
0.1902668 0.7547706 0.0549626
0.163814 0.7874882 0.04869776
0.1584772 0.7867673 0.0547555
0.1568484 0.7836277 0.05952391
0.1758788 0.7770647 0.04705645
0.1570024 0.783492 0.0595056
0.173609 0.7794478 0.04694313
0.1783462 0.7666129 0.05504086
0.1588591 0.7883473 0.05279359
0.158357 0.8018166 0.03982642
0.1564396 0.7971072 0.0464532
0.1595708 0.7762551 0.06417406
0.1788721 0.7639914 0.05713657
0.1841475 0.763156 0.05269656
0.1596404 0.7996707 0.04068882
0.1681684 0.7782851 0.05354651
0.1693967 0.774859 0.05574431
0.1849369 0.747119 0.0679441
0.1688575 0.7702356 0.06090685
0.1819188 0.7611835 0.05689764
0.172052 0.769747 0.05820101
0.1539936 0.7877969 0.05820953
0.1568104 0.7897908 0.05339874
0.1741226 0.7669697 0.05890771
0.1704853 0.7850444 0.04447037
0.1654547 0.7807032 0.05384201
0.1501595 0.794045 0.05579553
0.1781469 0.7674251 0.05442802
0.1615404 0.7966695 0.04179014
0.1757279 0.7755634 0.04870871
0.176634 0.7729353 0.05043066
0.1645369 0.7900585 0.04540467
0.1671547 0.7754486 0.05739667
0.1746614 0.7751792 0.05015934
0.1611841 0.7874253 0.05139057
0.1812552 0.765189 0.05355583
0.1597915 0.7874431 0.05276544
0.1698597 0.7764827 0.05365762
0.1566979 0.7937631 0.04953902
0.1707012 0.7666959 0.06260284
0.1753072 0.7732935 0.05139939
0.1656176 0.7903928 0.04398964
0.1772611 0.7724757 0.05026323
0.1574385 0.7931551 0.04940646
0.1677849 0.7697339 0.06248115
0.16625 0.7684247 0.06532527
0.1716539 0.7680587 0.06028743
0.1620965 0.7802853 0.05761815
0.1757786 0.7819253 0.0422961
0.1643606 0.7724142 0.06322518
0.1719836 0.7701094 0.057907
0.1586175 0.7882492 0.05313331
0.1750941 0.7868347 0.03807111
0.1650109 0.7851977 0.04979136
0.1460985 0.7935397 0.06036181
0.1656565 0.7790261 0.05531745
0.1806058 0.7664988 0.05289542
0.1586142 0.7905302 0.0508556
0.1729969 0.7840349 0.04296818
0.1491155 0.8010344 0.04985008
0.1530177 0.77039 0.07659228
0.1659979 0.780107 0.05389509
0.1595368 0.7736648 0.06679844
0.1620258 0.7842281 0.05374614
0.1618318 0.7805321 0.0576361
0.1588492 0.7847365 0.05641424
0.1533424 0.7930467 0.0536109
0.1973988 0.7573945 0.04520676
0.1522744 0.7841765 0.0635491
0.1833827 0.7682209 0.04839644
0.1874544 0.7482104 0.06433512
0.1561383 0.7883102 0.05555146
0.1427379 0.8013735 0.05588858
0.1736831 0.7745293 0.0517876
0.1692632 0.7729096 0.05782719
0.1840089 0.7641007 0.05189034
0.1427709 0.8090745 0.04815454
0.1877398 0.7679464 0.04431377
0.1565136 0.7835483 0.05993808
0.1629304 0.7926191 0.04445053
0.1634074 0.7799363 0.0566563
0.1602429 0.7795761 0.06018099
0.1554181 0.7784427 0.06613916
0.1654489 0.7747289 0.05982221
0.1357387 0.8153298 0.04893145
0.150788 0.8045151 0.04469687
0.1748772 0.7634375 0.06168533
0.1700311 0.7779493 0.05201962
0.1651647 0.7862772 0.04855814
0.1587522 0.7801913 0.06105652
0.160674 0.7828785 0.05644755
0.1612325 0.7858649 0.05290259
0.1543185 0.7836855 0.06199609
0.1700651 0.7795864 0.0503485
0.1722864 0.7850116 0.04270202
0.1774339 0.7732656 0.04930047
0.169694 0.7769308 0.05337522
0.1538024 0.7963889 0.04980864
0.1673388 0.7792079 0.05345327
0.1554873 0.7885391 0.05597357
0.174712 0.7844137 0.0408743
0.167174 0.771717 0.06110901
0.1524906 0.7950123 0.05249706
0.174866 0.7798923 0.04524171
0.1565828 0.7953003 0.04811684
0.1527286 0.7979958 0.04927563
0.1539041 0.7926019 0.05349398
0.1535024 0.7949697 0.0515279
0.1677629 0.7751395 0.05709758
0.1581887 0.7837288 0.05808252
0.1411972 0.8036073 0.05519546
0.1701182 0.772972 0.05690981
0.1720074 0.7716042 0.05638836
0.177627 0.7764231 0.04594989
0.1563438 0.7727705 0.07088565
0.1706902 0.7767577 0.05255208
0.1653336 0.7658106 0.06885575
0.1686426 0.7758515 0.05550595
0.1653034 0.7869812 0.04771532
0.171023 0.7711277 0.05784933
0.16823 0.7739682 0.05780185
0.1674449 0.7739394 0.05861569
0.16146 0.7928185 0.04572144
0.1699545 0.7806144 0.04943109
0.1841086 0.7636119 0.05227952
0.1605936 0.7880778 0.05132865
0.1701916 0.7751522 0.05465624
0.172156 0.7678331 0.06001091
0.1920792 0.7571178 0.05080303
0.1706957 0.78248 0.04682434
0.1792724 0.7661196 0.054608
0.1858686 0.7658011 0.04833032
0.1671279 0.776709 0.05616308
0.1750321 0.7699145 0.05505341
0.1506199 0.7948348 0.05454535
0.151767 0.7984068 0.04982618
0.1693642 0.7688909 0.06174497
0.1775483 0.7706477 0.05180397
0.1708054 0.7865882 0.04260637
0.1958318 0.7529271 0.05124106
0.1688609 0.7732517 0.0578874
0.1703709 0.7766992 0.05292991
0.1686088 0.7801164 0.05127484
0.1531242 0.7882895 0.05858631
0.1664423 0.7805462 0.05301149
0.1776304 0.7681558 0.0542138
0.1582952 0.799817 0.04188782
0.1637865 0.7940901 0.04212342
0.1667613 0.790455 0.04278373
0.1474625 0.7971185 0.05541901
0.1756531 0.7813205 0.0430264
0.1723242 0.7781679 0.04950791
0.1679176 0.7757657 0.05631674
0.1677954 0.7927335 0.03947119
0.1802039 0.7682078 0.0515883
0.200387 0.7410995 0.05851352
0.1660205 0.7810979 0.05288158
0.1602544 0.790539 0.04920655
0.1613932 0.7837294 0.05487749
0.1908455 0.7658 0.04335448
0.1718938 0.7836854 0.04442073
0.1745163 0.7657336 0.05975007
0.1692331 0.7652126 0.06555432
0.1648602 0.7794513 0.05568849
0.1658135 0.7800036 0.05418296
0.1806898 0.7622625 0.05704772
0.179338 0.7653758 0.05528626
0.1697035 0.7658103 0.06448617
0.1704496 0.7675188 0.06203159
0.1436086 0.7989575 0.05743393
0.1771013 0.7714762 0.05142252
0.1739923 0.7755467 0.05046103
0.1641581 0.7797419 0.0561
0.1586575 0.7921444 0.04919818
0.158194 0.7957605 0.04604549
0.172655 0.7801365 0.04720843
0.178266 0.7724283 0.04930569
0.1524683 0.7861352 0.06139641
0.1587894 0.7856753 0.0555353
0.1779616 0.7641063 0.05793209
0.1608651 0.7864621 0.05267282
0.1502133 0.7931391 0.05664762
0.1487571 0.7862721 0.06497084
0.1655501 0.7807412 0.05370873
0.1643216 0.7789708 0.05670767
0.176421 0.7735029 0.05007609
0.1703778 0.7802757 0.04934658
0.1616338 0.7830765 0.05528966
0.1668901 0.7821278 0.05098213
0.1809875 0.7650471 0.05396546
0.17234 0.7670856 0.06057442
0.1586689 0.7788293 0.06250175
0.1644065 0.7709165 0.06467702
0.163898 0.7769303 0.05917166
0.1725202 0.7792194 0.04826037
0.1492845 0.7697498 0.08096577
0.1536249 0.7923205 0.0540546
0.1586115 0.7825481 0.05884037
0.1593747 0.7888414 0.05178391
0.1776273 0.7815589 0.04081372
0.1698426 0.7867448 0.04341263
0.1673269 0.7839608 0.04871233
0.139259 0.7990431 0.06169791
0.1764664 0.774959 0.04857452
0.1493617 0.7912132 0.0594251
0.1517109 0.8038459 0.04444317
0.1548359 0.7945137 0.05065038
0.1718977 0.7756773 0.05242495
0.1587162 0.778217 0.0630668
0.1784346 0.7652744 0.05629102
0.1675513 0.7892331 0.04321565
0.1642841 0.767867 0.06784888
0.1857928 0.7604475 0.05375968
0.1451815 0.8088481 0.04597039
0.1643763 0.7836295 0.05199421
0.1745089 0.7741906 0.05130044
0.1772489 0.7749318 0.04781938
0.1681619 0.7781331 0.05370498
0.1750326 0.7749108 0.05005668
0.1626522 0.7755362 0.06181161
0.1712986 0.7857155 0.04298588
0.1606708 0.7783086 0.0610206
0.176429 0.7715827 0.05198831
0.1501177 0.7924574 0.05742483
0.1534169 0.7951301 0.05145292
0.1592214 0.7969142 0.04386436
0.1716535 0.775033 0.05331347
0.1614279 0.79635 0.04222214
0.1599772 0.7761803 0.06384255
0.173687 0.7803893 0.0459237
0.1524175 0.7838356 0.06374696
0.1767636 0.7789133 0.04432312
0.1442906 0.810705 0.04500443
0.1700971 0.7802445 0.04965843
0.146669 0.8011385 0.05219256
0.1797208 0.7639093 0.05636988
0.159249 0.79338 0.04737099
0.1764971 0.7728655 0.05063735
0.1673388 0.7707077 0.06195355
0.1583057 0.7922175 0.04947678
0.1774077 0.7588122 0.06378011
0.157134 0.7836363 0.05922973
0.1651452 0.7942909 0.04056386
0.1582271 0.7804547 0.06131814
0.1858354 0.7579488 0.05621587
0.1603193 0.7843413 0.05533936
0.1693365 0.778065 0.0525985
0.1519997 0.7908007 0.05719959
0.1639394 0.7806071 0.05545344
0.1558346 0.7985149 0.04565052
0.1452431 0.7920978 0.06265917
0.1881196 0.7505119 0.06136851
0.1616085 0.7864616 0.05192991
0.182747 0.7571951 0.06005792
0.1807895 0.7778608 0.04134966
0.1620475 0.7789453 0.0590072
0.173347 0.7829398 0.04371326
0.1588397 0.783306 0.05785435
0.1750518 0.7731078 0.05184038
0.1698633 0.7690875 0.06104913
0.1697027 0.7800248 0.05027252
0.158318 0.7892283 0.05245374
0.1628455 0.779575 0.05757947
0.1611181 0.7997642 0.03911771
0.1483379 0.7901019 0.0615602
0.1685168 0.7856443 0.04583896
0.1630451 0.7922426 0.04471233
0.1850755 0.768021 0.04690351
0.1562187 0.7878963 0.055885
0.160776 0.787455 0.05176897
0.1904357 0.7551533 0.05441106
0.178763 0.7621656 0.05907145
0.1675516 0.7881489 0.04429942
0.1828367 0.7648042 0.05235907
0.1850019 0.7642215 0.05077657
0.1489601 0.7974013 0.05363851
0.1719817 0.7872252 0.0407931
0.1598429 0.787468 0.05268911
0.1918481 0.7405931 0.06755877
0.172566 0.7608905 0.06654351
0.1753721 0.7751571 0.0494708
0.1611847 0.7764166 0.06239867
0.1621414 0.7916037 0.04625497
0.1524949 0.7833129 0.06419212
0.1684721 0.7679768 0.06355109
0.1673509 0.773914 0.05873506
0.1674643 0.7883719 0.04416382
0.1853339 0.7717116 0.04295451
0.1628915 0.7842045 0.05290396
0.1738975 0.7744699 0.05163263
0.166887 0.7720136 0.06109937
0.1715732 0.7879693 0.04045749
0.1744418 0.7734684 0.05208981
0.158928 0.7878464 0.05322561
0.1829283 0.7572104 0.05986126
0.1877134 0.7559368 0.05634981
0.1526706 0.7901003 0.05722906
0.1604246 0.7918432 0.04773221
0.1477575 0.7953274 0.05691503
0.1839749 0.756359 0.05966614
0.1510729 0.7972329 0.0516942
0.1784568 0.7713155 0.05022767
0.175606 0.7623802 0.06201382
0.1786231 0.7723027 0.04907416
0.1711955 0.7731417 0.0556628
0.1661897 0.7829115 0.05089888
0.1629689 0.791689 0.04534212
0.1508487 0.8003725 0.04877888
0.1783939 0.769087 0.0525191
0.1843676 0.7618044 0.05382792
0.1535197 0.7800629 0.06641734
0.1684661 0.7812315 0.05030235
0.1586251 0.7870585 0.05431646
0.1454921 0.7941896 0.0603183
0.1542476 0.7919018 0.05385058
0.1718039 0.7728675 0.05532856
0.1661336 0.7891829 0.04468355
0.1694054 0.776395 0.05419967
0.1692846 0.7888439 0.04187146
0.1695498 0.7792192 0.05123103
0.1440602 0.8058687 0.05007106
0.1698846 0.7780475 0.05206792
0.1848589 0.746182 0.06895914
0.1576183 0.787579 0.05480279
0.1532013 0.7994858 0.04731289
0.1528518 0.7994755 0.04767279
0.1710919 0.7827384 0.04616967
0.1724738 0.7616144 0.06591177
0.185299 0.7574325 0.0572685
0.1753386 0.7807953 0.04386615
0.1492366 0.7879491 0.06281428
0.1421499 0.8014535 0.05639659
0.1552729 0.8000275 0.0446996
0.1778012 0.7670139 0.05518495
0.1660454 0.7693607 0.06459383
0.1674302 0.7820517 0.05051807
0.1567737 0.7713325 0.07189371
0.1710393 0.7712156 0.05774511
0.1620207 0.7850225 0.05295688
0.1611921 0.7942313 0.04457658
0.1540689 0.7871559 0.05877518
0.1659985 0.77004 0.06396149
0.1648148 0.7950505 0.04013466
0.158666 0.7889776 0.05235635
0.1609706 0.7876263 0.05140302
0.1771796 0.7478272 0.07499324
0.1801734 0.7643837 0.05544289
0.1696021 0.7813012 0.0490967
0.1644967 0.7793618 0.0561415
0.1876391 0.7674777 0.04488313
0.1687203 0.7702221 0.06105757
0.1783688 0.7711047 0.05052653
0.1464852 0.8002702 0.05324456
0.1702847 0.7705574 0.05915788
0.1364075 0.8105335 0.053059
0.1612596 0.790473 0.0482674
0.1621781 0.7878359 0.04998602
0.1701696 0.7826219 0.0472085
0.1625058 0.7887518 0.0487424
0.1653243 0.7782783 0.05639741
0.1513477 0.7900475 0.05860483
0.1501173 0.7877117 0.06217099
0.168633 0.7706785 0.06068846
0.1464421 0.7992339 0.05432401
0.1504974 0.7855817 0.06392095
0.1810698 0.7658113 0.0531189
0.1698145 0.7764667 0.05371872
0.1600437 0.7782273 0.061729
0.1521333 0.7987425 0.04912411
0.1581142 0.7996993 0.04218648
0.1657201 0.7805492 0.05373067
0.1690665 0.7792203 0.05171319
0.1672451 0.7867889 0.04596597
0.1550791 0.7936055 0.05131549
0.1806082 0.7748598 0.04453198
0.1592146 0.7904572 0.05032823
0.199952 0.7508695 0.04917843
0.1737592 0.7768059 0.04943489
0.1532681 0.7948822 0.05184968
0.1661869 0.76733 0.06648313
0.1612389 0.7843299 0.05443119
0.1660046 0.7775266 0.05646876
0.1636384 0.7868155 0.04954614
0.162742 0.7801132 0.05714482
0.1739206 0.7705107 0.05556862
0.1605116 0.7778615 0.06162687
0.1793837 0.765661 0.05495528
0.1671118 0.7776128 0.05527543
0.1733655 0.7685998 0.0580347
0.1597866 0.7862068 0.05400661
0.172543 0.7768382 0.05061887
0.1597753 0.7838295 0.0563952
0.1609236 0.7880901 0.05098622
0.1684482 0.7765716 0.05498022
0.1662734 0.7928449 0.04088173
0.1648654 0.7913708 0.04376379
0.1792973 0.7730241 0.04767855
0.1694838 0.7739322 0.05658394
0.1693097 0.7768579 0.05383239
0.1519556 0.7972622 0.05078227
0.1709231 0.78543 0.04364682
0.1502184 0.8066209 0.04316078
0.1555661 0.7785294 0.06590451
0.1591694 0.7839455 0.05688508
0.1896688 0.7623584 0.04797287
0.1561575 0.7966596 0.04718289
0.1820508 0.7569598 0.06098939
0.176645 0.7558657 0.06748932
0.1673634 0.7752874 0.05734916
0.1571213 0.7845839 0.05829482
0.1747336 0.7814343 0.04383214
0.1556593 0.7999075 0.04443322
0.1893362 0.7630647 0.04759908
0.1661474 0.7727802 0.06107236
0.1608784 0.7802359 0.05888571
0.1543488 0.8062627 0.03938854
0.1630571 0.7837685 0.05317435
0.1606938 0.7848501 0.05445615
0.1465689 0.7930473 0.06038382
0.1371403 0.8087095 0.05415023
0.1704151 0.7694042 0.06018066
0.1653244 0.7811547 0.05352094
0.1915035 0.7598954 0.04860107
0.1574452 0.7924229 0.05013182
0.1666753 0.7782508 0.05507391
0.1653085 0.7868323 0.04785922
0.1622752 0.7831732 0.05455164
0.1648588 0.7795593 0.05558195
0.1700687 0.7715074 0.0584239
0.1798554 0.7673445 0.0528001
0.1734028 0.7613018 0.06529533
0.1637155 0.7896138 0.04667073
0.1548847 0.7872233 0.05789202
0.1737351 0.7669351 0.05932984
0.1482438 0.7998629 0.05189326
0.1778652 0.7712779 0.05085691
0.1662079 0.7935633 0.04022875
0.16657 0.7798589 0.05357111
0.1644527 0.7866346 0.04891268
0.1837165 0.7531132 0.06317027
0.1743045 0.7729165 0.05277897
0.160858 0.793422 0.04571996
0.17138 0.7719344 0.05668559
0.1497015 0.798208 0.0520905
0.1557805 0.7923011 0.05191837
0.1554181 0.7886253 0.05595655
0.1466012 0.800533 0.05286571
0.173157 0.7751024 0.05174063
0.1699242 0.779808 0.05026786
0.1817303 0.7679636 0.05030606
0.1699734 0.778682 0.0513446
0.1561032 0.7790602 0.06483662
0.1756161 0.7632143 0.0611696
0.1852055 0.7578393 0.05695517
0.1490972 0.7944017 0.05650115
0.1542845 0.8003589 0.04535658
0.155192 0.7901257 0.05468233
0.165629 0.7784344 0.05593662
0.1704228 0.7708239 0.05875331
0.1618173 0.7875805 0.05060225
0.1431026 0.8107854 0.04611201
0.1437157 0.80455 0.05173431
0.1626754 0.7661692 0.07115542
0.1836606 0.7560643 0.06027508
0.1879117 0.757127 0.05496125
0.1827171 0.7698382 0.0474447
0.1679846 0.7651634 0.066852
0.1557532 0.784247 0.05999982
0.1564102 0.7854288 0.05816092
0.1466155 0.7991709 0.05421362
0.1778287 0.7598301 0.06234128
0.1563976 0.7791991 0.06440333
0.1623122 0.7913668 0.04632099
0.1796064 0.7707917 0.04960186
0.1696913 0.7732989 0.05700976
0.1552 0.7859424 0.05885758
0.152067 0.7878532 0.06007987
0.157574 0.7909938 0.05143228
0.1825166 0.7679965 0.04948687
0.1630776 0.7904949 0.04642753
0.1533731 0.7939589 0.05266803
0.1731545 0.781362 0.04548357
0.1654632 0.7792021 0.05533476
0.1621928 0.7816664 0.05614076
0.1686323 0.7683846 0.06298311
0.169672 0.7703382 0.05998981
0.1699458 0.7744611 0.05559309
0.1501804 0.807644 0.04217559
0.1743352 0.7683378 0.057327
0.1688406 0.7826731 0.04848626
0.1775925 0.786776 0.03563148
0.167202 0.779476 0.05332198
0.156433 0.7832513 0.06031569
0.1506052 0.7960402 0.05335459
0.1634493 0.7848753 0.05167539
0.1600348 0.7797712 0.06019401
0.1664488 0.7787409 0.05481021
0.163876 0.7704759 0.06564805
0.1793086 0.7677199 0.05297148
0.1648315 0.7882286 0.04693992
0.1598492 0.7778307 0.06232012
0.1624557 0.7689183 0.06862608
0.1643113 0.7900488 0.04563993
0.18449 0.767801 0.04770897
0.1725867 0.7712263 0.05618691
0.1695186 0.7657435 0.06473792
0.1877839 0.7486693 0.06354682
0.1622053 0.785448 0.05234667
0.1805743 0.7616218 0.05780385
0.172695 0.7664814 0.06082366
0.1911259 0.7668902 0.04198394
0.1829134 0.7652447 0.05184188
0.1601319 0.7745932 0.06527495
0.1601779 0.7863839 0.05343813
0.1732716 0.7827085 0.04401987
0.167015 0.7754359 0.05754911
0.1665616 0.7844688 0.0489696
0.1572004 0.7816256 0.06117398
0.1644808 0.7735451 0.06197413
0.1488647 0.8092494 0.04188592
0.1702047 0.7777995 0.05199585
0.167904 0.7831259 0.04897008
0.1385208 0.7954351 0.06604408
0.1743689 0.7593787 0.06625239
0.1656949 0.779635 0.05467009
0.1795072 0.7577422 0.06275061
0.1698777 0.7779994 0.05212297
0.1666654 0.7785124 0.0548222
0.1862531 0.7638308 0.0499161
0.1564512 0.78963 0.05391884
0.1835616 0.7615795 0.05485892
0.1942704 0.7634709 0.04225867
0.184655 0.7630154 0.05232957
0.1437237 0.8045852 0.05169115
0.1662612 0.7783034 0.05543541
0.1371229 0.8094428 0.05343431
0.1513246 0.789799 0.05887639
0.1740657 0.7768827 0.04905162
0.1779019 0.7726431 0.04945502
0.1746204 0.7834303 0.04194928
0.1645592 0.7830487 0.05239208
0.1857024 0.7548448 0.05945274
0.1704091 0.7773964 0.05219449
0.1631511 0.7877956 0.04905334
0.1573485 0.7949799 0.04767161
0.1523116 0.7723969 0.0752915
0.1701283 0.7830312 0.04684048
0.1468072 0.8047745 0.04841825
0.1629054 0.7981457 0.03894895
0.1715721 0.770784 0.05764389
0.1582472 0.7770532 0.06469962
0.166707 0.7846043 0.04868861
0.1588411 0.7872129 0.053946
0.1641889 0.7764953 0.05931581
0.1634274 0.7922307 0.04434186
0.1651766 0.7832463 0.05157703
0.1621867 0.7709399 0.06687345
0.1737846 0.7780902 0.0481252
0.152059 0.8070308 0.04091021
0.1929016 0.7430823 0.06401616
0.1691138 0.7869749 0.04391131
0.14971 0.7921916 0.05809836
0.1446891 0.797517 0.05779388
0.1551299 0.7905321 0.054338
0.177891 0.7847101 0.0373989
0.1544491 0.7937981 0.05175275
0.1692441 0.7742601 0.05649582
0.1716975 0.7582689 0.07003366
0.1779421 0.7707236 0.05133431
0.1459406 0.8057342 0.04832524
0.172909 0.7677805 0.05931044
0.1598345 0.7807804 0.05938509
0.1735223 0.7847983 0.04167945
0.1422506 0.8062676 0.05148172
0.1707309 0.7798634 0.04940578
0.1706839 0.7672537 0.06206236
0.169325 0.7733106 0.05736438
0.1773005 0.7597196 0.06297989
0.1702161 0.7830803 0.04670357
0.165683 0.7779884 0.05632861
0.1515176 0.7900181 0.05846432
0.1661948 0.768446 0.06535919
0.182641 0.7701032 0.04725576
0.1640676 0.7809368 0.05499564
0.1548296 0.7904592 0.05471118
0.1618264 0.77279 0.06538362
0.1821539 0.7722789 0.04556727
0.1516317 0.7986572 0.0497111
0.1601752 0.7837362 0.05608861
0.1767749 0.7687221 0.05450302
0.1753686 0.7767436 0.04788782
0.1483141 0.7914129 0.06027307
0.1621139 0.7952408 0.04264538
0.1821817 0.7558246 0.06199365
0.1693592 0.7792666 0.05137423
0.1375198 0.8131408 0.04933944
0.1493325 0.7994145 0.05125298
0.1652502 0.7825206 0.05222927
0.1852585 0.7540034 0.06073801
0.1777314 0.7711009 0.05116765
0.162045 0.7766124 0.06134258
0.1498101 0.7956411 0.05454875
0.1805725 0.7656244 0.05380303
0.1597999 0.7888739 0.05132622
0.1636568 0.7792098 0.05713339
0.1505616 0.7891595 0.06027888
0.1466386 0.7932958 0.06006556
0.1877739 0.7701663 0.04205988
0.1583616 0.7904971 0.05114136
0.1578258 0.7885265 0.05364771
0.1634619 0.774439 0.06209914
0.1675166 0.781929 0.0505544
0.1658365 0.7831911 0.05097244
0.1714103 0.7541199 0.07446978
0.1830051 0.7691943 0.04780058
0.1725005 0.7653319 0.0621676
0.1681715 0.7533999 0.07842856
0.1745498 0.7701603 0.05528981
0.1720748 0.7698877 0.05803751
0.1742795 0.7734381 0.05228241
0.1717488 0.7831701 0.04508115
0.1641227 0.7782596 0.05761776
0.1773144 0.7734723 0.04921334
0.1644494 0.779592 0.05595863
0.1600898 0.7985238 0.04138637
0.1827405 0.7677822 0.04947732
0.1569239 0.8064891 0.036587
0.1541263 0.7957461 0.05012761
0.1692257 0.7753505 0.05542378
0.1797508 0.7722198 0.04802944
0.1763156 0.7930708 0.03061366
0.1783425 0.7660531 0.05560449
0.1677771 0.7741799 0.058043
0.1662824 0.7752421 0.05847557
0.1588369 0.7907733 0.05038979
0.1693246 0.7746047 0.05607068
0.1774804 0.7646227 0.05789694
0.1438418 0.7958885 0.06026972
0.1734171 0.7705366 0.05604633
0.1694699 0.7766981 0.05383197
0.1517096 0.7933712 0.05491918
0.1563405 0.789534 0.05412551
0.1731266 0.7728835 0.05398991
0.162658 0.7772792 0.06006281
0.1822102 0.7638357 0.05395415
0.1783876 0.7679017 0.05371078
0.1585493 0.7796635 0.0617872
0.1758396 0.763132 0.06102833
0.170137 0.7831795 0.04668349
0.1488015 0.7855951 0.06560343
0.1645884 0.7727406 0.06267098
0.1434034 0.7986546 0.05794203
0.1772104 0.7741384 0.04865125
0.1918054 0.7640681 0.04412654
0.1476902 0.8012758 0.05103399
0.1594055 0.7902278 0.05036666
0.1694957 0.7861735 0.0443308
0.1784079 0.7535827 0.06800947
0.1334314 0.8186923 0.04787633
0.1734419 0.7660844 0.06047372
0.1736926 0.7762371 0.05007037
0.1538329 0.7828796 0.0632875
0.1539639 0.7827351 0.06330104
0.1739751 0.7615534 0.06447154
0.1679085 0.7638055 0.06828596
0.1470975 0.7852013 0.06770118
0.1795573 0.7638964 0.0565463
0.1321371 0.8148862 0.05297676
0.1545401 0.7895148 0.05594503
0.1741939 0.7692743 0.05653183
0.1827286 0.7589572 0.05831425
0.1610021 0.7790805 0.05991732
0.1735661 0.7776582 0.04877566
0.1599948 0.7922072 0.04779802
0.1819837 0.7647244 0.05329186
0.1698155 0.7828006 0.04738392
0.1596263 0.7804491 0.05992463
0.1798644 0.7641615 0.05597408
0.1643987 0.7829369 0.05266436
0.1653532 0.7791483 0.05549851
0.161269 0.778913 0.05981796
0.1586997 0.7924538 0.04884653
0.1647089 0.7802808 0.05501025
0.1981741 0.7449795 0.05684642
0.1517553 0.7929518 0.05529285
0.1641952 0.7819151 0.05388967
0.1566959 0.7728827 0.07042144
0.1885555 0.7739574 0.0374871
0.1830614 0.7641191 0.05281952
0.177838 0.766857 0.05530502
0.1763027 0.7799095 0.04378776
0.1630096 0.7819254 0.05506495
0.1872944 0.7708341 0.04187156
0.165898 0.7769796 0.05712243
0.1487602 0.7982301 0.05300973
0.1741208 0.7736932 0.05218601
0.1584991 0.7870841 0.05441677
0.1523046 0.8008984 0.04679694
0.1761346 0.7573504 0.06651503
0.1426012 0.7987005 0.05869833
0.1745728 0.7740979 0.05132927
0.1424122 0.8026379 0.05494988
0.1682893 0.7763478 0.05536295
0.1691881 0.7691692 0.06164274
0.165175 0.7910284 0.04379661
0.1506457 0.7945141 0.05484017
0.1786911 0.7585695 0.0627394
0.1354693 0.8119967 0.05253396
0.1664887 0.773671 0.05984025
0.1708974 0.7765176 0.052585
0.1653378 0.7746545 0.06000761
0.1517664 0.7903411 0.05789246
0.1542832 0.8021843 0.04353256
0.1617778 0.7780482 0.060174
0.1549177 0.7848141 0.06026817
0.1551665 0.7890644 0.0557691
0.154861 0.7949829 0.05015612
0.1605574 0.787293 0.0521496
0.1773891 0.7639065 0.05870442
0.1688765 0.776327 0.0547965
0.1691871 0.7747212 0.05609167
0.1807136 0.7738883 0.04539808
0.1644935 0.7849862 0.05052032
0.1663079 0.7737197 0.05997244
0.1539716 0.7969007 0.04912774
0.1595296 0.7961204 0.04434995
0.1638651 0.786341 0.04979386
0.1435114 0.8103747 0.04611393
0.1595879 0.785567 0.05484509
0.1639254 0.7715527 0.0645219
0.1699403 0.7746056 0.05545413
0.1578763 0.7760514 0.06607231
0.1609309 0.7885652 0.05050392
0.1693601 0.7895974 0.04104249
0.1608632 0.7877344 0.05140233
0.1713536 0.7733874 0.05525898
0.1600888 0.7945542 0.04535695
0.1809029 0.7714345 0.04766261
0.1539424 0.7995268 0.04653078
0.1647867 0.7731721 0.06204127
0.1654906 0.7784245 0.05608493
0.1715373 0.7832319 0.04523081
0.1489502 0.8034646 0.04758525
0.1632412 0.7861319 0.05062692
0.1573619 0.7891224 0.05351567
0.1559828 0.7981136 0.04590363
0.1801231 0.7714834 0.04839349
0.1828936 0.7779778 0.03912858
0.1628478 0.7880243 0.04912795
0.1537296 0.7858228 0.0604476
0.1584928 0.789897 0.05161015
0.1542892 0.7815908 0.06412001
0.1590677 0.7882935 0.0526388
0.1676386 0.7529178 0.07944358
0.1861862 0.7709961 0.04281772
0.154455 0.7869718 0.05857318
0.175813 0.7712463 0.05294067
0.1806413 0.7584972 0.06086145
0.1576098 0.792053 0.05033717
0.160175 0.779099 0.060726
0.1666511 0.7713722 0.06197671
0.1670567 0.7891051 0.04383821
0.1654074 0.7650219 0.06957066
0.1434139 0.8087002 0.04788583
0.1573108 0.7846936 0.05799555
0.1646726 0.7833102 0.05201713
0.1820163 0.7638726 0.05411111
0.1699414 0.7743513 0.05570732
0.1799587 0.7755977 0.04444365
0.1590184 0.7998125 0.04116904
0.1804633 0.7688522 0.05068449
0.1614253 0.7939266 0.04464806
0.1766856 0.7608592 0.06245521
0.1857993 0.7606567 0.05354396
0.179441 0.7613782 0.0591808
0.1592563 0.7742464 0.06649722
0.1594378 0.7824769 0.05808536
0.1647135 0.7815597 0.0537268
0.1655728 0.7846189 0.04980829
0.1692819 0.7790316 0.05168656
0.1539967 0.7807318 0.06527144
0.15955 0.8004318 0.04001823
0.1644177 0.7761653 0.05941702
0.1670993 0.7731074 0.05979334
0.1498844 0.785692 0.06442362
0.1545376 0.7977521 0.04771023
0.153067 0.7925355 0.05439752
0.1908729 0.7564643 0.05266289
0.1797566 0.768378 0.05186537
0.175899 0.7765483 0.04755268
0.1560493 0.7831721 0.06077863
0.1703887 0.7731992 0.05641211
0.1584379 0.7870735 0.05448856
0.1427542 0.7981222 0.0591236
0.1692701 0.7748783 0.05585164
0.1695324 0.7787223 0.05174529
0.1833246 0.7672309 0.04944447
0.1568814 0.7876658 0.05545285
0.1785357 0.7616796 0.05978468
0.1701268 0.7725051 0.05736808
0.1654129 0.7861367 0.0484504
0.1513655 0.7847272 0.06390729
0.1729515 0.7595277 0.06752082
0.1691967 0.7871546 0.04364872
0.160558 0.7858189 0.05362307
0.1662917 0.7804538 0.05325449
0.1673015 0.7683881 0.06431041
0.153048 0.799245 0.04770707
0.1703642 0.7779184 0.05171745
0.1735273 0.7716964 0.05477633
0.1509833 0.7883173 0.06069936
0.1584645 0.7909964 0.05053913
0.1706792 0.7809367 0.04838411
0.161895 0.7905519 0.04755316
0.1692471 0.7839365 0.0468164
0.1847374 0.7664108 0.0488518
0.1740617 0.7793191 0.04661915
0.1818315 0.7638994 0.05426904
0.1760557 0.7739752 0.04996913
0.1746183 0.7710617 0.05432002
0.1565886 0.7842893 0.0591221
0.1773913 0.7642966 0.05831209
0.1608885 0.7809465 0.05816502
0.1553207 0.7930742 0.05160512
0.1651886 0.7899355 0.0448759
0.1454343 0.8047042 0.04986148
0.1763474 0.7755133 0.04813933
0.1733452 0.7688651 0.0577896
0.1687972 0.7783226 0.05288027
0.1545689 0.7801375 0.0652936
0.1865026 0.7582028 0.0552946
0.1732143 0.7909633 0.03582243
0.1900467 0.7647091 0.04524418
0.1647191 0.7755525 0.05972846
0.1711252 0.7750821 0.05379268
0.1604693 0.7826065 0.05692421
0.1702992 0.7761967 0.0535041
0.1696206 0.7698611 0.06051831
0.1640344 0.8057399 0.03022567
0.1596078 0.7902304 0.05016179
0.1741895 0.7665217 0.05928885
0.1658288 0.7856062 0.04856491
0.1812127 0.7752985 0.04348887
0.1900302 0.7430215 0.06694829
0.1607394 0.7823959 0.05686467
0.1695664 0.7742113 0.05622232
0.1579248 0.7771731 0.0649021
0.1486902 0.7975501 0.05375971
0.1547296 0.7906239 0.0546465
0.1490616 0.7925117 0.05842675
0.1698206 0.7836587 0.04652071
0.1893808 0.7535739 0.05704533
0.1609047 0.7896283 0.04946703
0.1536242 0.7990301 0.04734569
0.168393 0.7859382 0.04566879
0.162979 0.7768746 0.06014641
0.1580955 0.7902167 0.05168784
0.1854066 0.7559057 0.05868772
0.1819381 0.7483851 0.06967684
0.1641084 0.7882605 0.04763106
0.160433 0.7867574 0.05280962
0.1729578 0.7745812 0.05246102
0.1716617 0.7783927 0.04994563
0.1547785 0.7962338 0.04898771
0.1677516 0.7944675 0.0377809
0.1795145 0.7726621 0.0478234
0.1682584 0.7886509 0.04309073
0.1766461 0.7790694 0.04428451
0.1654165 0.7835061 0.05107735
0.1504038 0.8072732 0.04232301
0.1649156 0.7792295 0.05585487
0.1762354 0.7693854 0.05437924
0.1695244 0.7745584 0.05591723
0.1682622 0.7933274 0.0384104
0.161893 0.7864412 0.05166587
0.1683766 0.7819345 0.04968888
0.1750337 0.7699061 0.0550602
0.1789321 0.7770226 0.04404538
0.1693757 0.7702822 0.06034209
0.1779108 0.7777576 0.04433151
0.1670982 0.7711044 0.06179743
0.1411279 0.8118516 0.04702052
0.1459345 0.8129089 0.04115659
0.1598434 0.7881707 0.05198591
0.162208 0.77853 0.05926202
0.1661514 0.7718397 0.06200886
0.1661094 0.7723287 0.06156189
0.1754755 0.759208 0.06531647
0.1593602 0.7816517 0.05898814
0.1496808 0.7976314 0.05268773
0.1810001 0.7681186 0.0508813
0.1694198 0.7691617 0.06141854
0.1608164 0.7783401 0.06084344
0.1828468 0.7611396 0.05601363
0.1623253 0.7826682 0.05500655
0.165173 0.7962034 0.03862365
0.1692911 0.7623592 0.06834976
0.1814219 0.7747366 0.04384154
0.1418739 0.8096029 0.04852324
0.1660847 0.7797715 0.05414384
0.1620637 0.7856123 0.05232401
0.167448 0.7674916 0.06506035
0.1743321 0.7725518 0.05311616
0.1746561 0.7674959 0.05784802
0.1727589 0.7761989 0.05104215
0.1801631 0.7507811 0.06905582
0.1710652 0.7945778 0.03435699
0.1707342 0.77402 0.05524588
0.1716132 0.7717505 0.0566363
0.1585968 0.7860422 0.05536095
0.1625771 0.7774793 0.05994357
0.1776442 0.7752809 0.04707483
0.1733571 0.7758937 0.05074915
0.153293 0.7991291 0.04757795
0.1483577 0.8038612 0.04778119
0.1503856 0.8005196 0.04909477
0.1507943 0.7875297 0.06167594
0.1490998 0.7950959 0.05580436
0.1504935 0.8023036 0.04720293
0.1927819 0.747568 0.05965007
0.1764889 0.7719884 0.05152267
0.1867996 0.7637387 0.04946167
0.1491599 0.793439 0.05740116
0.1568882 0.7749466 0.06816517
0.1487712 0.78731 0.06391885
0.1677462 0.7761298 0.05612393
0.1464513 0.7824251 0.07112361
0.1616459 0.7665999 0.07175429
0.1904077 0.7562879 0.05330444
0.1855703 0.7635174 0.05091222
0.1772681 0.7661017 0.05663013
0.1571055 0.7895502 0.05334429
0.1675612 0.7684323 0.06400648
0.1622191 0.7907335 0.04704747
0.1636362 0.7863576 0.05000619
0.1465641 0.7897205 0.06371542
0.1892967 0.7596608 0.05104245
0.1781087 0.7641387 0.05775267
0.1975878 0.7480455 0.05436666
0.1707633 0.7810886 0.0481481
0.1530535 0.7988469 0.04809969
0.1653684 0.7815873 0.05304432
0.162619 0.7847378 0.05264329
0.1628943 0.782471 0.05463462
0.1847042 0.7615586 0.05373718
0.1547119 0.798706 0.04658208
0.1823501 0.7694043 0.04824565
0.1852463 0.7565648 0.05818887
0.1569957 0.7868491 0.05615518
0.1436143 0.8075601 0.04882559
0.184444 0.7691252 0.04643078
0.1557887 0.7989186 0.04529266
0.1521847 0.7904309 0.0573844
0.1617019 0.7875 0.05079806
0.1788047 0.7583131 0.06288215
0.180604 0.7686517 0.05074433
0.1682439 0.786711 0.04504509
0.1812428 0.7600188 0.05873842
0.1634839 0.7775762 0.05893992
0.1396205 0.8011321 0.05924745
0.1542783 0.7956642 0.05005746
0.1598069 0.7859574 0.0542357
0.1635937 0.7786757 0.05773066
0.1631214 0.7872834 0.04959523
0.1648938 0.7796656 0.05544056
0.1755424 0.7772033 0.04725432
0.1624372 0.7773241 0.0602387
0.1592542 0.7756572 0.0650886
0.1606966 0.7854331 0.05387031
0.1736847 0.7758862 0.05042908
0.1508516 0.7991656 0.0499828
0.1590027 0.788928 0.05206928
0.1750995 0.7790111 0.04588936
0.1536629 0.788827 0.05751011
0.1620935 0.7935824 0.04432417
0.1625068 0.7825564 0.05493679
0.170632 0.7637965 0.06557148
0.1525023 0.803499 0.04399866
0.1615311 0.7794749 0.05899406
0.1646516 0.7795432 0.0558052
0.1622821 0.7895615 0.0481564
0.1481967 0.7979893 0.05381397
0.1514301 0.7946786 0.05389121
0.1416683 0.8026784 0.0556534
0.1796053 0.7636283 0.05676641
0.1741497 0.7761065 0.04974381
0.1462736 0.7887588 0.06496753
0.1639062 0.7774269 0.05866688
0.1500056 0.7887252 0.06126919
0.1656503 0.7845385 0.04981122
0.1628231 0.7716432 0.06553362
0.1634488 0.7913508 0.04520044
0.1701394 0.7860607 0.0437999
0.1604065 0.7827819 0.0568116
0.1657073 0.7857663 0.0485264
0.1579597 0.7792678 0.06277247
0.1673007 0.7755486 0.05715076
0.1768283 0.7723478 0.05082393
0.1705522 0.7895521 0.03989573
0.1612575 0.7799775 0.05876506
0.1645441 0.7752446 0.06021132
0.1590771 0.7881849 0.05273807
0.1741115 0.7757727 0.0501158
0.169107 0.7716162 0.05927675
0.1666639 0.7839618 0.04937429
0.150579 0.781656 0.06776497
0.1812648 0.7649793 0.05375596
0.1456311 0.8013722 0.05299672
0.1745599 0.7715826 0.05385749
0.1493908 0.7964797 0.05412943
0.1689405 0.7590887 0.07197081
0.1577434 0.792003 0.05025359
0.1831048 0.7708888 0.04600643
0.1669342 0.7732578 0.059808
0.1480466 0.8002702 0.05168325
0.1664852 0.7820896 0.05142512
0.1449938 0.8086323 0.0463739
0.185643 0.7520095 0.06234751
0.1474124 0.8020648 0.05052279
0.1644633 0.7689276 0.06660914
0.1521291 0.7840094 0.06386148
0.150618 0.784522 0.06485998
0.1482036 0.8067239 0.04507249
0.1555262 0.7944875 0.04998631
0.1855477 0.7669334 0.04751886
0.1797305 0.7625951 0.05767441
0.1568642 0.7809297 0.06220606
0.170137 0.7661904 0.06367263
0.1882365 0.7537719 0.05799156
0.1702194 0.7677711 0.06200952
0.1653245 0.7858279 0.04884762
0.1695931 0.7795711 0.05083579
0.1547779 0.7874525 0.05776958
0.1531302 0.7896512 0.05721858
0.1543577 0.7871575 0.05848474
0.1540458 0.7889657 0.05698848
