"p_1" "p_2" "p_3"
0.3909794 0.3083308 0.3006897
0.3882523 0.3103027 0.301445
0.4002031 0.3071808 0.292616
0.3781626 0.3177637 0.3040737
0.3836139 0.3043939 0.3119923
0.3710466 0.3037027 0.3252507
0.3936348 0.3093479 0.2970173
0.3762562 0.3323628 0.291381
0.367634 0.3114108 0.3209552
0.3995619 0.295632 0.3048061
0.3498931 0.3443297 0.3057772
0.3667065 0.3255092 0.3077843
0.3876689 0.3122453 0.3000859
0.3675068 0.3221409 0.3103523
0.3983203 0.3003051 0.3013746
0.3872375 0.3106386 0.3021239
0.3910788 0.3063086 0.3026126
0.392265 0.2974941 0.3102409
0.3661308 0.334363 0.2995062
0.4117 0.2991734 0.2891266
0.4102304 0.2841393 0.3056303
0.3822072 0.332087 0.2857058
0.409923 0.2957314 0.2943455
0.3824584 0.3147675 0.3027741
0.3809841 0.3179576 0.3010583
0.3878563 0.3079685 0.3041751
0.3841574 0.3060395 0.3098032
0.3852518 0.3020804 0.3126677
0.3939294 0.2998821 0.3061885
0.3852215 0.3106452 0.3041333
0.3911756 0.3277906 0.2810338
0.3930229 0.3021226 0.3048545
0.3915011 0.3113755 0.2971234
0.404316 0.3121973 0.2834867
0.411118 0.2998781 0.2890039
0.407613 0.3183845 0.2740025
0.4232753 0.2997212 0.2770035
0.4303009 0.2850842 0.2846149
0.3751851 0.3101785 0.3146365
0.4069748 0.3099248 0.2831004
0.3750637 0.3299488 0.2949875
0.3653755 0.3309729 0.3036516
0.424335 0.3042037 0.2714613
0.3893449 0.3296784 0.2809767
0.3724658 0.3269055 0.3006287
0.3915537 0.3010817 0.3073647
0.409673 0.3090725 0.2812545
0.3906057 0.3360194 0.2733749
0.3951772 0.2873647 0.3174581
0.4087955 0.324299 0.2669056
0.4038464 0.299505 0.2966486
0.4049161 0.3132276 0.2818563
0.4024052 0.2964758 0.3011189
0.4012583 0.2912733 0.3074684
0.3762817 0.3235693 0.3001491
0.3591361 0.3339306 0.3069333
0.409834 0.2965705 0.2935955
0.400421 0.3205612 0.2790178
0.4000091 0.3009775 0.2990134
0.3761957 0.2867023 0.3371019
0.3968631 0.3216773 0.2814595
0.4129989 0.295987 0.2910142
0.3895659 0.3167359 0.2936983
0.3971673 0.3262347 0.2765981
0.3620568 0.3465052 0.291438
0.3834325 0.3033668 0.3132007
0.3800648 0.3065055 0.3134298
0.4030575 0.3172254 0.2797171
0.4002199 0.2950536 0.3047265
0.3846384 0.2786803 0.3366813
0.3634039 0.3167351 0.3198611
0.4155847 0.3022464 0.2821689
0.3748246 0.3260816 0.2990938
0.386872 0.32215 0.290978
0.4122446 0.3048283 0.282927
0.3874632 0.3311779 0.281359
0.3999123 0.3093615 0.2907263
0.3638194 0.338153 0.2980276
0.412789 0.2773583 0.3098527
0.3783908 0.3237819 0.2978273
0.3904548 0.3236745 0.2858707
0.4028176 0.295686 0.3014964
0.3806034 0.3099715 0.3094251
0.3645299 0.3312166 0.3042535
0.4097627 0.3093967 0.2808407
0.409278 0.3085743 0.2821477
0.3787084 0.3147679 0.3065237
0.4207293 0.2916548 0.2876159
0.4019607 0.3123382 0.2857011
0.4033043 0.2991689 0.2975269
0.4220219 0.3289627 0.2490154
0.3895477 0.3310071 0.2794452
0.38372 0.3001314 0.3161486
0.3998871 0.3169172 0.2831957
0.380839 0.3230707 0.2960903
0.3794542 0.3068718 0.313674
0.4168616 0.3156381 0.2675002
0.3829503 0.314362 0.3026876
0.410979 0.3171659 0.2718551
0.3711046 0.2865397 0.3423557
0.3650459 0.3319341 0.30302
0.397555 0.301255 0.30119
0.3961204 0.3287613 0.2751183
0.3558125 0.3043305 0.3398571
0.3762863 0.3181282 0.3055855
0.3740598 0.318469 0.3074712
0.3782778 0.307826 0.3138962
0.371198 0.3101691 0.3186328
0.4085357 0.3097701 0.2816942
0.4059823 0.3283604 0.2656573
0.3832107 0.3184976 0.2982917
0.3842061 0.2996791 0.3161149
0.385081 0.3264089 0.2885101
0.3802885 0.3293437 0.2903679
0.4057529 0.2997111 0.294536
0.3861865 0.3125349 0.3012787
0.3976863 0.3164437 0.2858701
0.3920395 0.3011229 0.3068376
0.4002977 0.3215111 0.2781912
0.4067406 0.3004593 0.2928001
0.3783716 0.3284044 0.2932241
0.4203763 0.3094537 0.2701699
0.373863 0.3458164 0.2803206
0.397504 0.307754 0.294742
0.3875087 0.3004549 0.3120364
0.3850607 0.3065566 0.3083827
0.3898796 0.3380641 0.2720563
0.4190449 0.2743892 0.3065659
0.3695364 0.3000221 0.3304415
0.3752138 0.3366159 0.2881703
0.4078372 0.3005225 0.2916404
0.4039057 0.3029554 0.2931389
0.3690369 0.3407294 0.2902337
0.3858248 0.3362856 0.2778895
0.3847086 0.3138414 0.30145
0.3823374 0.3278427 0.2898198
0.3825095 0.3199019 0.2975886
0.3971081 0.2835212 0.3193708
0.3840607 0.3199345 0.2960048
0.3715481 0.2981131 0.3303388
0.394418 0.3078095 0.2977725
0.3920551 0.3339444 0.2740005
0.4054474 0.3083928 0.2861598
0.4071923 0.3267622 0.2660455
0.3751114 0.3139442 0.3109444
0.4016609 0.3053091 0.29303
0.3801067 0.3196465 0.3002468
0.3591027 0.3431332 0.2977641
0.3878276 0.3093543 0.3028181
0.3909877 0.313883 0.2951293
0.413703 0.3306229 0.2556741
0.388646 0.3068902 0.3044639
0.3855271 0.3251538 0.2893191
0.3843587 0.3194044 0.2962368
0.3991293 0.3065724 0.2942983
0.4018455 0.2872935 0.310861
0.3965235 0.3085377 0.2949388
0.3780227 0.3160068 0.3059706
0.3935993 0.2983509 0.3080498
0.4054552 0.3185001 0.2760447
0.3811727 0.3169154 0.3019119
0.391832 0.3116566 0.2965115
0.4073567 0.3082244 0.2844189
0.373692 0.3187547 0.3075533
0.376624 0.3183809 0.3049951
0.3806325 0.3237435 0.295624
0.3834295 0.3026711 0.3138994
0.370113 0.3218229 0.3080641
0.4029128 0.2957822 0.301305
0.3638606 0.3218209 0.3143185
0.4005995 0.295287 0.3041136
0.4020776 0.3075307 0.2903917
0.3918529 0.3128552 0.2952919
0.3834556 0.3279224 0.2886221
0.3887528 0.3206937 0.2905535
0.3941889 0.3239686 0.2818425
0.3823812 0.3181264 0.2994924
0.4125719 0.3133199 0.2741082
0.3955299 0.3207249 0.2837452
0.4176588 0.2862195 0.2961217
0.3942762 0.3048232 0.3009006
0.3760559 0.3066028 0.3173414
0.4053168 0.2946412 0.300042
0.3724287 0.3275074 0.3000639
0.3747883 0.335732 0.2894797
0.3754283 0.2965579 0.3280138
0.3787989 0.3167409 0.3044603
0.3748091 0.3106291 0.3145618
0.3942604 0.3053585 0.3003812
0.3805078 0.3093235 0.3101688
0.4033043 0.3226647 0.274031
0.378163 0.3256556 0.2961814
0.3710609 0.3356245 0.2933146
0.3400799 0.3384954 0.3214247
0.4182589 0.2949631 0.2867779
0.4082096 0.2849386 0.3068518
0.4126229 0.2918805 0.2954967
0.3772173 0.303348 0.3194346
0.3820377 0.3171599 0.3008023
0.3515813 0.3283555 0.3200632
0.3863444 0.3156203 0.2980353
0.3924386 0.30494 0.3026214
0.3896284 0.3207867 0.2895849
0.377986 0.3037193 0.3182948
0.3978927 0.3057298 0.2963775
0.4105918 0.2975569 0.2918513
0.4006531 0.3010451 0.2983018
0.3890467 0.324977 0.2859763
0.3804595 0.3045409 0.3149996
0.3844757 0.3111308 0.3043935
0.3875489 0.3042728 0.3081783
0.3707263 0.334835 0.2944388
0.3985054 0.2863386 0.3151559
0.3861382 0.3153708 0.298491
0.4078347 0.3165076 0.2756577
0.3854395 0.3115925 0.302968
0.3927924 0.3323357 0.2748719
0.368755 0.3119717 0.3192732
0.3831391 0.3068265 0.3100344
0.3889687 0.3176642 0.2933671
0.3886215 0.3299698 0.2814087
0.418952 0.3121165 0.2689315
0.3555628 0.3209904 0.3234468
0.3893395 0.3126732 0.2979873
0.3680309 0.339742 0.2922271
0.3662014 0.3459884 0.2878102
0.3786164 0.3043323 0.3170513
0.4053126 0.2992675 0.2954199
0.3619001 0.3121388 0.3259611
0.3831835 0.330448 0.2863686
0.3727443 0.3160604 0.3111954
0.3969449 0.312164 0.2908911
0.4081354 0.2924501 0.2994145
0.3880142 0.3138311 0.2981547
0.4043392 0.3068166 0.2888442
0.3780388 0.3123838 0.3095775
0.3969306 0.322238 0.2808314
0.3901825 0.3366533 0.2731642
0.4128887 0.302862 0.2842493
0.3754766 0.3297103 0.2948131
0.3638514 0.3320239 0.3041247
0.4132557 0.2907032 0.2960411
0.3786797 0.3088945 0.3124258
0.3922303 0.3330676 0.2747021
0.3999994 0.3024804 0.2975201
0.4020174 0.3191721 0.2788105
0.3933115 0.3157726 0.2909159
0.3692875 0.3150327 0.3156798
0.3859976 0.3135266 0.3004758
0.3918821 0.3090535 0.2990644
0.3963202 0.3076235 0.2960563
0.3601745 0.3392516 0.3005739
0.3989216 0.293361 0.3077175
0.3914272 0.3242334 0.2843394
0.4271638 0.30523 0.2676062
0.4010769 0.3281206 0.2708025
0.3915462 0.3260921 0.2823618
0.3941033 0.3262516 0.2796451
0.3907473 0.3167119 0.2925408
0.3944217 0.3087521 0.2968262
0.3625081 0.3341894 0.3033025
0.391847 0.2870426 0.3211104
0.4104887 0.2909174 0.2985938
0.3710936 0.3288584 0.300048
0.3961193 0.2962735 0.3076072
0.3941661 0.3115635 0.2942704
0.3981856 0.3270779 0.2747366
0.3836684 0.3245762 0.2917553
0.3914539 0.3076196 0.3009265
0.413581 0.3008814 0.2855377
0.3912643 0.3180237 0.2907121
0.4065077 0.2982549 0.2952374
0.4014731 0.303945 0.294582
0.380938 0.3033264 0.3157356
0.3970724 0.3367454 0.2661822
0.3915452 0.301044 0.3074108
0.4084443 0.3190638 0.2724919
0.3898946 0.3024985 0.3076069
0.3698588 0.337141 0.2930002
0.3490692 0.3282017 0.3227291
0.3815462 0.3381113 0.2803424
0.3950116 0.3052282 0.2997602
0.3738895 0.3280484 0.298062
0.3809825 0.3309092 0.2881083
0.4124061 0.2876795 0.2999144
0.3849766 0.3108811 0.3041423
0.3990903 0.2848341 0.3160756
0.3895039 0.2983164 0.3121797
0.3754682 0.3353904 0.2891414
0.4011475 0.3037299 0.2951226
0.4023312 0.3001208 0.297548
0.3718374 0.3275375 0.300625
0.3880573 0.315756 0.2961867
0.3923552 0.320862 0.2867828
0.389456 0.3556396 0.2549044
0.3822266 0.3234527 0.2943208
0.3774686 0.3273484 0.2951831
0.3775163 0.3055466 0.3169372
0.371208 0.3067484 0.3220436
0.3844413 0.3136564 0.3019023
0.4071791 0.3045439 0.288277
0.3966873 0.3076847 0.295628
0.4129141 0.3012281 0.2858579
0.4023594 0.3016944 0.2959462
0.3873247 0.3015489 0.3111264
0.3876616 0.3332468 0.2790915
0.3805448 0.3189367 0.3005184
0.3935967 0.3004153 0.305988
0.3806505 0.3141725 0.3051771
0.3953019 0.302135 0.3025631
0.4190508 0.3070999 0.2738493
0.3747312 0.3158542 0.3094146
0.4139245 0.3049687 0.2811069
0.4026936 0.3023853 0.2949211
0.3549122 0.3278743 0.3172135
0.403699 0.3128871 0.2834139
0.3745606 0.3376541 0.2877853
0.4053166 0.3140865 0.2805969
0.3945325 0.2849221 0.3205454
0.3682087 0.3307389 0.3010524
0.3878189 0.3106257 0.3015555
0.369321 0.3325679 0.2981111
0.4215366 0.2723328 0.3061306
0.391065 0.3347302 0.2742048
0.3802587 0.3414508 0.2782904
0.4127242 0.3032239 0.2840519
0.3734906 0.3410878 0.2854216
0.3913373 0.3260457 0.282617
0.4102197 0.270671 0.3191093
0.3567414 0.3115032 0.3317553
0.3808982 0.3144648 0.304637
0.4058019 0.3029088 0.2912893
0.3740186 0.3332496 0.2927318
0.4165335 0.3040091 0.2794574
0.3831135 0.3175009 0.2993856
0.3954862 0.3017496 0.3027642
0.3836464 0.3150431 0.3013104
0.3814205 0.3115552 0.3070243
0.4052111 0.3058677 0.2889212
0.4110823 0.2873382 0.3015795
0.3803532 0.3126696 0.3069772
0.3841344 0.3166851 0.2991805
0.4047377 0.2977275 0.2975348
0.3878442 0.3193684 0.2927874
0.373812 0.3079556 0.3182323
0.3893439 0.2900966 0.3205595
0.3863072 0.3146296 0.2990632
0.4151616 0.308952 0.2758864
0.4010221 0.2867542 0.3122237
0.3776577 0.3218734 0.3004689
0.4136357 0.2951176 0.2912467
0.4025168 0.3134134 0.2840699
0.3942155 0.286133 0.3196515
0.3898261 0.3428704 0.2673035
0.3728464 0.3407929 0.2863608
0.3677871 0.3213957 0.3108172
0.4013293 0.3086424 0.2900283
0.3787116 0.3199214 0.301367
0.3966931 0.2856276 0.3176793
0.3879297 0.3301903 0.28188
0.4001621 0.3123994 0.2874385
0.3822476 0.3115581 0.3061944
0.383952 0.3203909 0.2956571
0.3978544 0.318313 0.2838326
0.3809323 0.3080044 0.3110633
0.4205037 0.2874961 0.2920002
0.4119747 0.291539 0.2964862
0.388731 0.3192974 0.2919716
0.3894688 0.3256836 0.2848475
0.399775 0.3148345 0.2853905
0.3913272 0.3074842 0.3011887
0.3878073 0.2805874 0.3316053
0.3644766 0.3137152 0.3218081
0.3972257 0.3166152 0.286159
0.3714828 0.3049063 0.3236109
0.4314606 0.2893116 0.2792277
0.3680772 0.319748 0.3121748
0.4056109 0.3225117 0.2718774
0.4083855 0.3101449 0.2814696
0.3913051 0.3232536 0.2854413
0.386061 0.3385375 0.2754015
0.4001791 0.3266333 0.2731876
0.3840751 0.3074018 0.3085232
0.3955112 0.3098636 0.2946252
0.383951 0.3355347 0.2805143
0.3898568 0.3170786 0.2930647
0.3924485 0.3084612 0.2990904
0.3917864 0.304085 0.3041286
0.3835324 0.3369771 0.2794905
0.42032 0.2900641 0.289616
0.3717571 0.3315043 0.2967386
0.3860475 0.3226628 0.2912896
0.4163982 0.3037832 0.2798186
0.3766835 0.2903227 0.3329937
0.3891034 0.3216445 0.2892521
0.3980615 0.3150415 0.286897
0.3774562 0.3067543 0.3157895
0.3659278 0.312081 0.3219912
0.3888341 0.2990492 0.3121167
0.35448 0.3279086 0.3176114
0.3711057 0.3237215 0.3051728
0.4072249 0.3172423 0.2755328
0.3981088 0.3292352 0.272656
0.4002226 0.3091987 0.2905786
0.4197543 0.312616 0.2676298
0.3804003 0.3355893 0.2840104
0.3839421 0.2932611 0.3227968
0.3933482 0.309399 0.2972529
0.3828426 0.3199003 0.2972571
0.388685 0.3045455 0.3067695
0.4023182 0.3376249 0.2600569
0.3962787 0.316431 0.2872902
0.3947131 0.3042625 0.3010244
0.3894102 0.3262437 0.2843462
0.3783356 0.3108001 0.3108643
0.3794541 0.3304676 0.2900783
0.3678413 0.3202581 0.3119006
0.3623076 0.308811 0.3288814
0.3774011 0.3216103 0.3009886
0.3994122 0.3031849 0.2974029
0.3753204 0.3007371 0.3239425
0.3962083 0.2955078 0.3082839
0.4134759 0.2832785 0.3032456
0.3965326 0.2951216 0.3083458
0.3966186 0.2944186 0.3089628
0.4076402 0.3093345 0.2830253
0.384481 0.3184316 0.2970873
0.4033585 0.3210825 0.275559
0.3844148 0.3227747 0.2928105
0.377839 0.3312552 0.2909058
0.3677172 0.3320062 0.3002766
0.3940927 0.3136238 0.2922835
0.4236373 0.3145342 0.2618285
0.4042152 0.302552 0.2932329
0.4030147 0.3190301 0.2779552
0.3867759 0.2951777 0.3180464
0.3685604 0.3403809 0.2910587
0.3778989 0.3144628 0.3076383
0.3771355 0.3371139 0.2857507
0.4062039 0.3190691 0.274727
0.3792046 0.3296665 0.291129
0.4035425 0.3048406 0.2916169
0.3676826 0.3037929 0.3285245
0.4121152 0.3071505 0.2807343
0.4033432 0.3155786 0.2810782
0.4066055 0.2972784 0.2961161
0.4021747 0.3035542 0.2942712
0.4045117 0.3202907 0.2751976
0.3578012 0.319759 0.3224397
0.3834416 0.309102 0.3074564
0.4171458 0.2905923 0.2922619
0.3896056 0.3123718 0.2980226
0.4135092 0.3142005 0.2722903
0.372775 0.3380333 0.2891917
0.4002339 0.3086213 0.2911448
0.3748153 0.3105731 0.3146116
0.4016529 0.3031512 0.2951959
0.3872339 0.3116702 0.3010959
0.3948256 0.2876413 0.3175331
0.4079363 0.3084033 0.2836604
0.3799603 0.3405557 0.2794841
0.3818043 0.3230541 0.2951416
0.4024526 0.3125167 0.2850308
0.3810078 0.3096613 0.309331
0.3828043 0.3008066 0.3163891
0.3998154 0.3001914 0.2999932
0.4070649 0.314843 0.2780921
0.3848364 0.3202353 0.2949283
0.4143262 0.3071126 0.2785612
0.4095206 0.2985866 0.2918928
0.4022852 0.3041835 0.2935313
0.4122615 0.3250011 0.2627374
0.3964119 0.2944452 0.3091429
0.3802046 0.3016382 0.3181572
0.3926273 0.3150506 0.2923221
0.3988129 0.3159639 0.2852232
0.3850141 0.3179688 0.2970171
0.3763657 0.3241705 0.2994638
0.4253911 0.3066564 0.2679525
0.3908271 0.3090814 0.3000915
0.3619213 0.3112798 0.3267989
0.3889226 0.2913097 0.3197678
0.3657386 0.3208898 0.3133716
0.3879552 0.2882998 0.3237451
0.4107262 0.3075093 0.2817645
0.3908528 0.3206435 0.2885037
0.3905888 0.315243 0.2941681
0.3879509 0.310919 0.3011301
0.3633268 0.3499654 0.2867078
0.4212096 0.2946734 0.284117
0.3602312 0.3371381 0.3026307
0.3852683 0.3205086 0.2942231
0.4022899 0.3136321 0.284078
0.3839436 0.3132205 0.3028359
0.3816184 0.2967487 0.3216329
0.3887549 0.3469241 0.264321
0.3785976 0.3229305 0.2984719
0.3986161 0.2990403 0.3023435
0.3805572 0.3529043 0.2665384
0.3991565 0.3110275 0.289816
0.3949395 0.3199961 0.2850643
0.4243244 0.3062157 0.26946
0.399602 0.2838094 0.3165886
0.416129 0.3181792 0.2656918
0.3871029 0.3105569 0.3023402
0.4115006 0.2885894 0.29991
0.4060124 0.2830935 0.3108941
0.3986772 0.3096737 0.2916491
0.4042601 0.3164717 0.2792682
0.3843082 0.3073686 0.3083232
0.3777472 0.3202106 0.3020422
0.3859734 0.3146431 0.2993835
0.3902802 0.3227931 0.2869267
0.4219796 0.2802559 0.2977645
0.4123456 0.3086692 0.2789851
0.3831736 0.3336255 0.2832009
0.4186801 0.3019969 0.279323
0.3835539 0.3184208 0.2980253
0.3726591 0.3058205 0.3215204
0.3610249 0.3292024 0.3097727
0.3845445 0.3082331 0.3072224
0.3995686 0.3009817 0.2994497
0.406226 0.3205195 0.2732545
0.4006662 0.2975178 0.301816
0.4264828 0.2960332 0.277484
0.380463 0.3303051 0.289232
0.3856455 0.3192299 0.2951246
0.4040049 0.3102584 0.2857367
0.391066 0.2871995 0.3217345
0.4108041 0.296844 0.2923519
0.3987027 0.3038756 0.2974218
0.3882221 0.3065706 0.3052073
0.3914116 0.3046007 0.3039877
0.3902774 0.3242293 0.2854932
0.3795931 0.306364 0.3140428
0.3855121 0.3039237 0.3105642
0.4324835 0.3127954 0.2547211
0.4214431 0.31144 0.2671169
0.3934406 0.3001861 0.3063733
0.4087977 0.3191234 0.2720789
0.4222814 0.2928959 0.2848228
0.4072306 0.3149771 0.2777924
0.3742246 0.3329632 0.2928122
0.3951333 0.3098096 0.2950571
0.4034253 0.3050659 0.2915088
0.3978661 0.3273219 0.274812
0.3674402 0.3228304 0.3097295
0.3749011 0.3290965 0.2960024
0.4036977 0.300531 0.2957713
0.3901031 0.3126549 0.297242
0.3695712 0.3124918 0.317937
0.3857209 0.2837253 0.3305538
0.4119491 0.2945525 0.2934983
0.390252 0.3245263 0.2852217
0.4050949 0.297389 0.2975162
0.4207699 0.3128819 0.2663482
0.4136552 0.2878303 0.2985145
0.3840378 0.3100729 0.3058894
0.3736146 0.3614818 0.2649036
0.3816722 0.2986517 0.3196761
0.3964417 0.3197228 0.2838355
0.3833816 0.3323162 0.2843021
0.4221544 0.3042891 0.2735564
0.3891005 0.3122604 0.2986392
0.4135151 0.2948103 0.2916746
0.3919756 0.2875714 0.320453
0.4101064 0.3107107 0.2791829
0.3969642 0.3011724 0.3018634
0.4048858 0.3137369 0.2813773
0.380337 0.3285662 0.2910967
0.4212924 0.2957856 0.282922
0.3882057 0.3274852 0.2843091
0.4019449 0.3066961 0.291359
0.3966377 0.2941953 0.3091669
0.3836406 0.3286344 0.287725
0.3914797 0.3257861 0.2827342
0.3857458 0.3168025 0.2974517
0.3736109 0.3211727 0.3052164
0.4035924 0.2840707 0.3123369
0.3909566 0.3214877 0.2875558
0.3986387 0.3174826 0.2838787
0.4052173 0.3017909 0.2929918
0.4138104 0.293407 0.2927826
0.3697044 0.3180077 0.3122879
0.4171359 0.2792474 0.3036167
0.3957433 0.3183761 0.2858806
0.3681996 0.3407238 0.2910767
0.407584 0.3149746 0.2774414
0.4384372 0.2952622 0.2663006
0.3960691 0.3002517 0.3036792
0.3739249 0.3277017 0.2983734
0.3925605 0.2924093 0.3150302
0.402161 0.3358168 0.2620222
0.4207587 0.29934 0.2799013
0.3868732 0.3093782 0.3037486
0.4197833 0.2879847 0.2922319
0.3778286 0.3046398 0.3175315
0.3951558 0.3052167 0.2996275
0.3894148 0.3213592 0.289226
0.4020981 0.3008449 0.297057
0.380056 0.3156968 0.3042473
0.3704819 0.3094165 0.3201016
0.3870238 0.304315 0.3086612
0.4022152 0.291537 0.3062479
0.4135214 0.3115998 0.2748788
0.3858561 0.311229 0.3029149
0.4119144 0.2913712 0.2967144
0.3911952 0.3258504 0.2829544
0.4073006 0.312434 0.2802654
0.3817714 0.3125537 0.3056749
0.3571142 0.3389258 0.3039601
0.3685698 0.3376392 0.2937911
0.4192054 0.3165295 0.2642651
0.365259 0.3402631 0.294478
0.37054 0.3330814 0.2963787
0.4068137 0.2983123 0.294874
0.4150956 0.2964311 0.2884733
0.3976828 0.3176231 0.2846941
0.386096 0.2933444 0.3205596
0.37597 0.3306475 0.2933825
0.3746788 0.3132078 0.3121134
0.3970112 0.3053874 0.2976014
0.3867581 0.321041 0.2922009
0.3994245 0.3170454 0.2835301
0.3894459 0.3147474 0.2958067
0.3812821 0.315683 0.3030349
0.4114696 0.2827575 0.305773
0.3833868 0.3107823 0.305831
0.3770625 0.3258137 0.2971238
0.3910865 0.3101169 0.2987966
0.4068199 0.2911172 0.302063
0.3780597 0.3075593 0.314381
0.3804987 0.3104774 0.3090239
0.3854973 0.3093361 0.3051666
0.3733252 0.3150476 0.3116271
0.3867584 0.2995669 0.3136747
0.3914834 0.3145519 0.2939647
0.3812108 0.3132562 0.305533
0.3863843 0.2944927 0.3191229
0.4145604 0.2976284 0.2878113
0.405908 0.2981614 0.2959306
0.3993906 0.3074895 0.2931199
0.3855059 0.3046266 0.3098676
0.4014083 0.3112881 0.2873036
0.3723291 0.3034485 0.3242224
0.3707454 0.3279028 0.3013518
0.3828332 0.3102486 0.3069183
0.3866691 0.3179725 0.2953584
0.4054962 0.2946157 0.2998882
0.3887669 0.3064672 0.3047659
0.3760573 0.3099968 0.3139459
0.4163626 0.3046303 0.2790071
0.4111757 0.2718834 0.3169409
0.3846867 0.2877726 0.3275407
0.3812232 0.3433455 0.2754313
0.3927068 0.310753 0.2965402
0.4183319 0.2717193 0.3099488
0.3940774 0.3059167 0.3000059
0.3661381 0.327537 0.3063249
0.4045835 0.2988506 0.2965658
0.3641306 0.3383692 0.2975002
0.4340088 0.2974375 0.2685537
0.3812551 0.3139726 0.3047724
0.4016039 0.2944644 0.3039317
0.3899631 0.3112364 0.2988005
0.3788056 0.3063899 0.3148045
0.3885359 0.2923073 0.3191569
0.3917718 0.2804045 0.3278238
0.3816964 0.3222457 0.2960579
0.3885693 0.2987664 0.3126643
0.3741107 0.313987 0.3119023
0.4079219 0.3252085 0.2668696
0.4141854 0.3139431 0.2718714
0.4045416 0.3074346 0.2880238
0.3891009 0.3217333 0.2891658
0.4005295 0.3128013 0.2866692
0.4057209 0.3029712 0.2913079
0.4181731 0.289577 0.2922499
0.3911021 0.3036496 0.3052483
0.4124991 0.305065 0.2824359
0.4276833 0.2866854 0.2856314
0.4201918 0.315986 0.2638221
0.3703518 0.3060848 0.3235633
0.4018979 0.3108777 0.2872244
0.3856373 0.3054267 0.308936
0.3929485 0.3275269 0.2795246
0.3986837 0.3275245 0.2737917
0.3943288 0.3362999 0.2693713
0.4124517 0.2924831 0.2950652
0.3882331 0.3035862 0.3081807
0.3914006 0.3232612 0.2853382
0.3806472 0.2955137 0.3238391
0.3921089 0.3230999 0.2847912
0.4014323 0.3210141 0.2775536
0.3880207 0.3109259 0.3010534
0.3739528 0.3392517 0.2867955
0.3926905 0.3079863 0.2993232
0.3811298 0.3231133 0.2957568
0.3735626 0.3194645 0.3069729
0.4038279 0.3065064 0.2896657
0.3751934 0.312117 0.3126897
0.3984648 0.3147438 0.2867914
0.3914194 0.3028237 0.3057569
0.3955463 0.3178953 0.2865583
0.392484 0.297833 0.309683
0.4127822 0.2905183 0.2966994
0.4021581 0.324164 0.2736779
0.3646645 0.3105312 0.3248043
0.4056277 0.3094832 0.2848891
0.4009451 0.2997775 0.2992775
0.3950103 0.3003268 0.3046629
0.386608 0.301277 0.3121151
0.4100891 0.2932266 0.2966843
0.4007724 0.307686 0.2915416
0.3892748 0.3209485 0.2897767
0.4013204 0.3012741 0.2974055
0.3837576 0.3193219 0.2969205
0.3900013 0.3133156 0.296683
0.3873364 0.3278 0.2848636
0.4010754 0.3148196 0.284105
0.4226838 0.304116 0.2732002
0.3735255 0.3041829 0.3222916
0.4235913 0.3001004 0.2763083
0.4065425 0.3049431 0.2885144
0.4033058 0.2757738 0.3209205
0.381663 0.3197951 0.2985418
0.3814182 0.3075822 0.3109996
0.3883295 0.3122503 0.2994201
0.4079482 0.294812 0.2972399
0.4131425 0.3220062 0.2648513
0.3877569 0.3242001 0.2880429
0.3908338 0.3304358 0.2787304
0.3630117 0.3245763 0.312412
0.38756 0.3260718 0.2863682
0.3765883 0.3208806 0.302531
0.3941576 0.2890475 0.3167949
0.3842288 0.3358901 0.2798811
0.3649151 0.3001322 0.3349526
0.3676056 0.316641 0.3157534
0.3914104 0.3184993 0.2900903
0.3913654 0.3101825 0.2984522
0.3935343 0.3324749 0.2739908
0.3849445 0.3197894 0.2952661
0.3912356 0.2991226 0.3096417
0.3864253 0.3152888 0.2982859
0.3972072 0.3048847 0.2979082
0.3929763 0.3083732 0.2986504
0.4141493 0.3136596 0.2721911
0.4070174 0.2765867 0.3163959
0.4020416 0.3011727 0.2967857
0.4080673 0.3059801 0.2859526
0.3965698 0.3089566 0.2944736
0.3998346 0.317822 0.2823435
0.423544 0.2905675 0.2858886
0.3852058 0.3043786 0.3104157
0.3888432 0.3220327 0.2891241
0.3920352 0.3140299 0.2939349
0.3720239 0.3162093 0.3117668
0.41122 0.3011006 0.2876794
0.3886366 0.3051839 0.3061795
0.3851038 0.2993268 0.3155694
0.3844208 0.3183894 0.2971897
0.3990288 0.3167093 0.284262
0.3845311 0.3083986 0.3070702
0.4073585 0.2898144 0.3028271
0.3738306 0.301041 0.3251284
0.3523095 0.3294278 0.3182627
0.4009963 0.3393043 0.2596994
0.4022179 0.2948595 0.3029226
0.385367 0.3369369 0.2776961
0.3878094 0.3064526 0.305738
0.3812965 0.333939 0.2847645
0.3920204 0.2938291 0.3141505
0.4166956 0.2957623 0.2875421
0.4038522 0.3115257 0.284622
0.3794245 0.3162951 0.3042804
0.3939533 0.3117394 0.2943074
0.3876815 0.2999702 0.3123484
0.3976182 0.2915944 0.3107875
0.3957955 0.3025214 0.301683
0.3903213 0.3045588 0.3051199
0.39529 0.2973648 0.3073452
0.4048521 0.2887285 0.3064194
0.3900436 0.2895779 0.3203785
0.4062584 0.2987489 0.2949927
0.3836687 0.3175207 0.2988106
0.4172758 0.2929167 0.2898076
0.3890962 0.3002287 0.3106751
0.3692164 0.328365 0.3024186
0.4143457 0.3223656 0.2632887
0.3951706 0.3048682 0.2999612
0.3734335 0.3195989 0.3069676
0.3898251 0.3036255 0.3065494
0.3746442 0.3262931 0.2990627
0.3730702 0.3054168 0.321513
0.3867212 0.3168014 0.2964774
0.3829905 0.3119944 0.3050152
0.3854858 0.3178357 0.2966784
0.383462 0.3214996 0.2950384
0.3935314 0.3243183 0.2821502
0.4032245 0.3247819 0.2719935
0.3858815 0.3064733 0.3076452
0.4019663 0.3157996 0.282234
0.3925923 0.320223 0.2871847
0.3863567 0.3367454 0.276898
0.3833893 0.3186831 0.2979276
0.389261 0.3074321 0.3033069
0.4315696 0.2906104 0.2778201
0.3572109 0.3474477 0.2953414
0.3943939 0.3150857 0.2905205
0.3856719 0.3131999 0.3011282
0.3980628 0.3238581 0.2780791
0.3974577 0.3095261 0.2930162
0.4079926 0.3181774 0.2738301
0.3905637 0.3067754 0.3026608
0.3683233 0.3443974 0.2872793
0.3713989 0.3377693 0.2908318
0.4103526 0.2773387 0.3123087
0.4109998 0.2971986 0.2918016
0.3771329 0.3251989 0.2976682
0.4069281 0.2994901 0.2935817
0.4143421 0.3032843 0.2823736
0.3854195 0.3134276 0.3011529
0.3790268 0.3144657 0.3065074
0.4065574 0.3027117 0.2907309
0.408131 0.3133992 0.2784698
0.4069238 0.2897155 0.3033607
0.3670634 0.3350531 0.2978835
0.3943925 0.3185697 0.2870378
0.3881174 0.2975614 0.3143212
0.3987567 0.3092802 0.291963
0.3585303 0.3228404 0.3186294
0.4034601 0.2995316 0.2970083
0.3642346 0.3260012 0.3097642
0.4134855 0.3222022 0.2643123
0.385928 0.3002377 0.3138343
0.3954105 0.2953097 0.3092798
0.4161713 0.3078879 0.2759408
0.3790902 0.3340918 0.286818
0.3608345 0.3134346 0.3257309
0.4113881 0.3048806 0.2837312
0.3953228 0.3184704 0.2862068
0.3794457 0.3031497 0.3174046
0.3991579 0.3149261 0.285916
0.3760478 0.3109624 0.3129897
0.392013 0.2964448 0.3115422
0.4058814 0.3171642 0.2769543
0.3757604 0.3219601 0.3022795
0.389848 0.3144106 0.2957415
0.4085876 0.32062 0.2707923
0.3848812 0.3053251 0.3097938
0.3983127 0.3197709 0.2819164
0.3858998 0.3185954 0.2955048
0.3683446 0.3085349 0.3231204
0.4072739 0.3257843 0.2669418
0.4233914 0.3022598 0.2743489
0.3902007 0.3101951 0.2996042
0.3853608 0.3034902 0.311149
0.3819085 0.3116778 0.3064137
0.3972596 0.3117995 0.2909409
0.378672 0.3285063 0.2928217
0.3934059 0.3134172 0.2931769
0.3962401 0.3183039 0.2854559
0.4199227 0.3014824 0.2785949
0.4040813 0.3200184 0.2759003
0.3866701 0.318794 0.2945359
0.4037023 0.3026645 0.2936332
0.4150259 0.2990652 0.285909
0.4152381 0.2995422 0.2852198
0.3794413 0.3112198 0.3093389
0.4069345 0.2997823 0.2932832
0.3888132 0.312379 0.2988078
0.399601 0.3055611 0.2948379
0.4034798 0.3163991 0.2801211
0.4015329 0.3186206 0.2798465
0.3859873 0.3203863 0.2936264
0.3726299 0.3185595 0.3088107
0.3936521 0.2990473 0.3073006
0.3891838 0.307769 0.3030472
0.4031611 0.2998669 0.296972
0.3867197 0.3123129 0.3009674
0.388646 0.3216425 0.2897115
0.3879128 0.3010052 0.3110819
0.3883374 0.3116137 0.3000489
0.414008 0.3082299 0.2777621
0.4022606 0.294751 0.3029883
0.3890393 0.3112943 0.2996664
0.3876713 0.3163265 0.2960022
0.3849728 0.3045009 0.3105264
0.3879932 0.3090889 0.3029179
0.4087925 0.3091558 0.2820517
0.3974154 0.3027056 0.299879
0.3919111 0.3065018 0.301587
0.3604642 0.3280127 0.3115231
0.3793918 0.3154603 0.3051479
0.4080159 0.2850365 0.3069476
0.3962253 0.3224066 0.2813681
0.3953078 0.3332434 0.2714488
0.3821477 0.2937016 0.3241507
0.3895305 0.3079552 0.3025143
0.3740337 0.3170745 0.3088918
0.3824794 0.31563 0.3018906
0.3863487 0.3072539 0.3063974
0.384174 0.31844 0.297386
0.3943887 0.2941745 0.3114368
0.4147909 0.2833187 0.3018905
0.3755906 0.3219464 0.3024631
0.3896735 0.2937019 0.3166245
0.3956395 0.3152011 0.2891594
0.4201957 0.3091474 0.2706569
0.3956931 0.3336865 0.2706205
0.4094968 0.3183655 0.2721378
0.3927477 0.3074825 0.2997698
0.4296454 0.2997261 0.2706285
0.3829344 0.317308 0.2997576
0.3977248 0.3120641 0.290211
0.4039348 0.3075149 0.2885503
0.4231503 0.287904 0.2889457
0.3721615 0.3213011 0.3065374
0.4086804 0.2974931 0.2938265
0.366492 0.3316504 0.3018576
0.3973322 0.3077312 0.2949365
0.3793604 0.2881461 0.3324936
0.4089974 0.2964314 0.2945712
0.3981045 0.3131532 0.2887424
0.3966667 0.2918382 0.3114951
0.4071196 0.2937257 0.2991547
0.3889209 0.3262332 0.2848459
0.3975877 0.3230047 0.2794076
0.3691416 0.3358532 0.2950052
0.3955179 0.3053312 0.2991508
0.3815672 0.3050744 0.3133585
0.3979651 0.2951265 0.3069084
0.3933454 0.3079692 0.2986854
0.3844579 0.3104127 0.3051293
0.4040832 0.2822111 0.3137057
0.3849103 0.3181328 0.2969569
0.3941024 0.3179656 0.2879321
0.3799082 0.3217332 0.2983586
0.4008006 0.3014163 0.2977831
0.399102 0.2989888 0.3019093
0.4034827 0.3110048 0.2855124
0.3766747 0.3258262 0.2974991
0.3989153 0.3004958 0.3005888
0.3988447 0.2968762 0.3042791
0.3772083 0.3110556 0.3117361
0.4036532 0.3004421 0.2959047
0.3877051 0.3086291 0.3036658
0.4210498 0.3013172 0.277633
0.3834691 0.3310577 0.2854732
0.3842483 0.3145206 0.3012311
0.4109959 0.2769869 0.3120171
0.3772389 0.303239 0.3195222
0.4168506 0.2922411 0.2909083
0.4069103 0.3005613 0.2925284
0.3711725 0.3478142 0.2810133
0.3871126 0.3058191 0.3070683
0.4123089 0.2917531 0.2959379
0.3901507 0.3008556 0.3089937
0.3877274 0.3014233 0.3108493
0.3896571 0.3014073 0.3089356
0.4180116 0.2907954 0.2911929
0.4381642 0.2729295 0.2889062
0.3839164 0.3154979 0.3005857
0.3603738 0.3299221 0.3097041
0.3781162 0.3226697 0.2992141
0.4309762 0.280744 0.2882798
0.3727733 0.3199412 0.3072855
0.4149672 0.2821575 0.3028753
0.3973885 0.3059513 0.2966602
0.4275024 0.2818466 0.2906509
0.3758369 0.3097795 0.3143836
0.3971675 0.3144185 0.288414
0.3879774 0.3030682 0.3089543
0.4017224 0.2995245 0.2987532
0.352777 0.3271151 0.3201079
0.3728463 0.3374806 0.289673
0.3779519 0.3278056 0.2942425
0.3898247 0.3134233 0.2967519
0.4064586 0.2756304 0.317911
0.401729 0.2979708 0.3003002
0.384025 0.3120653 0.3039097
0.3944883 0.3081283 0.2973834
0.363425 0.3338248 0.3027502
0.3904483 0.3177553 0.2917963
0.3968106 0.3246342 0.2785552
0.4146032 0.3017518 0.283645
0.3908601 0.3035584 0.3055815
0.4150322 0.3079713 0.2769966
0.3714712 0.3276339 0.3008949
0.3831566 0.3056713 0.3111721
0.4060679 0.3212473 0.2726848
0.3794983 0.3116154 0.3088863
0.3838547 0.299222 0.3169234
0.3790684 0.3348436 0.286088
0.3797437 0.3278826 0.2923737
0.3782659 0.2879303 0.3338038
0.4181331 0.3048649 0.2770021
0.3736943 0.3129663 0.3133395
0.3942319 0.3209455 0.2848226
0.4051885 0.312474 0.2823375
0.377093 0.2946322 0.3282748
0.4042189 0.3010519 0.2947292
0.3935952 0.3067494 0.2996554
0.372209 0.322486 0.305305
0.3517695 0.3145523 0.3336782
0.390766 0.3146281 0.2946059
0.4017907 0.3112662 0.2869431
0.3967494 0.316593 0.2866576
0.4098669 0.3143434 0.2757897
0.3620777 0.3092243 0.328698
0.400633 0.2887089 0.3106581
0.3741397 0.3382347 0.2876255
0.4040069 0.3094316 0.2865616
0.3927717 0.3309304 0.2762978
0.3822279 0.3096602 0.3081119
0.3916485 0.3097867 0.2985648
0.4096207 0.318714 0.2716653
0.3491973 0.3475554 0.3032473
0.396715 0.2887238 0.3145612
0.3814825 0.3168678 0.3016496
0.39269 0.2946869 0.3126232
0.4074945 0.3041894 0.2883161
0.3767999 0.310117 0.3130831
0.4050938 0.3089352 0.285971
0.399599 0.3137844 0.2866166
0.381227 0.3211051 0.2976679
0.3849005 0.3067538 0.3083457
0.4027367 0.3106328 0.2866305
0.386798 0.321447 0.291755
0.3997176 0.3004028 0.2998796
0.4039769 0.3036036 0.2924195
0.3818885 0.3223196 0.295792
0.3770038 0.3294949 0.2935013
0.4131918 0.2946482 0.29216
0.3740486 0.3285374 0.2974141
0.4023431 0.2922608 0.3053961
0.4046539 0.3220424 0.2733037
0.3783652 0.3154047 0.30623
0.3798931 0.2919486 0.3281583
0.3994124 0.3275916 0.272996
0.4069668 0.2928113 0.3002219
0.3909835 0.3051428 0.3038737
0.3964547 0.3048019 0.2987434
0.3804017 0.3243932 0.295205
0.39974 0.2969869 0.3032731
0.402149 0.3105369 0.2873141
0.3780929 0.3355543 0.2863528
0.3972495 0.3141497 0.2886008
0.3886081 0.3026136 0.3087783
0.3707489 0.3312152 0.2980359
0.3948784 0.3064467 0.298675
0.3667575 0.3222442 0.3109983
0.3973768 0.3346054 0.2680178
0.4124225 0.2940372 0.2935402
0.4285475 0.2989165 0.2725359
0.3756747 0.3016145 0.3227108
0.3771534 0.3074093 0.3154373
0.3843186 0.3137776 0.3019038
0.38602 0.3268036 0.2871765
0.365809 0.3142571 0.3199339
0.3906989 0.3172522 0.2920488
0.4163721 0.2997294 0.2838985
0.3958057 0.3154868 0.2887076
0.375853 0.3244232 0.2997238
0.3925489 0.3129018 0.2945493
0.3976358 0.3017696 0.3005947
0.3871685 0.304621 0.3082105
0.4032673 0.3049685 0.2917642
0.3763189 0.3251933 0.2984878
0.3735233 0.3220181 0.3044585
0.3806504 0.3149033 0.3044463
0.3730635 0.3443388 0.2825977
0.4122741 0.3243194 0.2634066
0.3848072 0.3014232 0.3137696
0.4021964 0.3132092 0.2845944
0.3999803 0.2931516 0.306868
0.3806906 0.3373295 0.2819799
0.4011915 0.3134386 0.2853699
0.3929647 0.3097253 0.29731
0.4076178 0.3123887 0.2799935
0.3877282 0.322776 0.2894958
0.3761177 0.3059525 0.3179299
0.4044908 0.292813 0.3026962
0.4006051 0.2928504 0.3065445
0.4067535 0.3003013 0.2929453
0.399369 0.3045477 0.2960833
0.3921223 0.3311865 0.2766912
0.3887736 0.3367225 0.274504
0.3897147 0.3204751 0.2898101
0.3948996 0.3253755 0.2797249
0.3948911 0.3188134 0.2862955
0.3876371 0.313747 0.2986159
0.3879632 0.3263745 0.2856623
0.3810158 0.3061564 0.3128278
0.3903961 0.2998094 0.3097945
0.4076839 0.327157 0.2651592
0.3974805 0.3268616 0.2756579
0.3961697 0.3206407 0.2831896
0.3480575 0.3294772 0.3224653
0.4112901 0.3234186 0.2652913
0.3697667 0.3262391 0.3039942
0.3840406 0.3396459 0.2763135
0.4191751 0.295021 0.2858038
0.3907677 0.299181 0.3100513
0.4005996 0.3197717 0.2796288
0.3868178 0.3337534 0.2794287
0.396039 0.3137515 0.2902095
0.3741005 0.324573 0.3013265
0.3585675 0.3281888 0.3132437
0.3744401 0.342913 0.2826468
0.3842457 0.3018772 0.313877
0.4281583 0.3053281 0.2665137
0.3823369 0.3182328 0.2994303
0.4062323 0.2966818 0.2970859
0.3912317 0.3059401 0.3028282
0.3808943 0.3074954 0.3116104
0.378365 0.3299866 0.2916484
0.3850728 0.2838529 0.3310743
0.380473 0.2918239 0.3277031
0.3643901 0.3148865 0.3207235
0.3939434 0.3073022 0.2987544
0.4033845 0.3253217 0.2712938
0.4016634 0.3201236 0.278213
0.3956153 0.3231765 0.2812082
0.4063364 0.2967643 0.2968993
0.3751726 0.3167675 0.3080599
0.3721624 0.2813545 0.3464831
0.3838515 0.3116065 0.304542
0.3942705 0.3151455 0.290584
0.385966 0.2883325 0.3257014
0.3690083 0.3269466 0.3040451
0.3836108 0.3405957 0.2757935
0.3822999 0.3166216 0.3010785
0.4013386 0.2764017 0.3222597
0.3895839 0.3154194 0.2949967
0.3841179 0.3160004 0.2998817
0.4148782 0.295694 0.2894277
0.397012 0.3142717 0.2887163
0.363968 0.3311691 0.3048629
0.4165287 0.3047641 0.2787072
0.3529421 0.3553899 0.291668
0.3837486 0.3354602 0.2807912
0.3877073 0.3247633 0.2875294
0.3944038 0.3086676 0.2969286
0.4212419 0.2922685 0.2864895
0.3904012 0.3205833 0.2890155
0.3870367 0.3284267 0.2845366
0.3985975 0.3026466 0.2987558
0.3804588 0.3213045 0.2982367
0.3620799 0.3296399 0.3082802
0.3952526 0.3235109 0.2812365
0.4141909 0.3124462 0.2733629
0.3784803 0.3178898 0.3036299
0.4357925 0.2796057 0.2846017
0.3794803 0.325024 0.2954956
0.4158419 0.2969624 0.2871958
0.387301 0.3047458 0.3079532
0.3903582 0.324257 0.2853848
0.4030018 0.3048846 0.2921136
0.3940259 0.306826 0.2991482
0.4013984 0.3014188 0.2971828
0.3769766 0.3226343 0.3003891
0.4047144 0.2984296 0.296856
0.3873117 0.3092433 0.3034449
0.3906057 0.3117844 0.2976099
0.4161692 0.3029528 0.280878
0.3935575 0.3084926 0.2979499
0.399375 0.3202954 0.2803297
0.4010592 0.31591 0.2830308
0.3897726 0.3234583 0.286769
0.3833122 0.3089866 0.3077012
0.3692782 0.3397995 0.2909223
0.3954334 0.3076816 0.296885
0.3984319 0.2913563 0.3102118
0.377568 0.2933925 0.3290395
0.3720466 0.3283551 0.2995983
0.3711122 0.3320371 0.2968507
0.3849823 0.3053851 0.3096326
0.3932658 0.3182115 0.2885227
0.3614641 0.3454664 0.2930694
0.4023872 0.3028407 0.2947722
0.4369244 0.2897863 0.2732894
0.4143062 0.2941038 0.29159
0.3726815 0.3173486 0.3099699
0.400696 0.303763 0.295541
0.3922499 0.342126 0.2656241
0.374884 0.3115687 0.3135473
0.38478 0.2736149 0.3416051
0.3957644 0.3040865 0.3001491
0.4127852 0.3031331 0.2840817
0.4261061 0.3121737 0.2617201
0.4050359 0.3004155 0.2945485
0.393869 0.3089855 0.2971455
0.3816815 0.3191895 0.299129
0.3972967 0.3015491 0.3011542
0.3859555 0.3345266 0.2795178
0.396339 0.3297155 0.2739455
0.3659785 0.3487567 0.2852647
0.3944778 0.326729 0.2787932
0.375157 0.2983977 0.3264453
0.3886942 0.3062203 0.3050855
0.4223502 0.2713569 0.3062928
0.3825858 0.3064157 0.3109985
0.399808 0.3052958 0.2948962
0.4030761 0.2803722 0.3165517
0.394114 0.3249814 0.2809046
0.4086799 0.2819088 0.3094113
0.3878803 0.313348 0.2987717
0.3929076 0.3316133 0.2754792
0.3976169 0.3143969 0.2879861
0.4133631 0.3235401 0.2630967
0.3858752 0.3261905 0.2879343
0.388673 0.3143304 0.2969965
0.3879011 0.3215397 0.2905592
0.4041077 0.3104675 0.2854248
0.3814905 0.3103837 0.3081257
0.4019647 0.2965444 0.3014909
0.4043618 0.2959364 0.2997018
0.3836497 0.3043462 0.3120042
0.3830712 0.3190558 0.2978729
0.3890339 0.3167025 0.2942636
0.4186809 0.2653841 0.315935
0.4108436 0.3015867 0.2875697
0.3653117 0.3093358 0.3253524
0.4026057 0.3025089 0.2948854
0.4070014 0.3226212 0.2703774
0.3982546 0.3144731 0.2872723
0.4132894 0.3027695 0.2839411
0.3772912 0.3099415 0.3127674
0.4091869 0.2988557 0.2919574
0.3845875 0.2891049 0.3263076
0.3792078 0.3244458 0.2963464
0.3888856 0.3454766 0.2656379
0.3643476 0.3281789 0.3074735
0.3864077 0.3372966 0.2762957
0.3788492 0.3280706 0.2930802
0.3765692 0.3447463 0.2786845
0.3954136 0.2924233 0.3121631
0.3808206 0.3099602 0.3092192
0.3699957 0.3224125 0.3075918
0.3714314 0.3257955 0.302773
0.3748319 0.343776 0.2813921
0.3792235 0.3213636 0.2994129
0.3626797 0.3411586 0.2961617
0.3816733 0.2944303 0.3238964
0.3901157 0.2955727 0.3143117
0.3651053 0.35094 0.2839546
0.3727172 0.3075844 0.3196984
0.4028047 0.305536 0.2916593
0.4030037 0.3063744 0.290622
0.3761794 0.3094287 0.3143919
0.3792047 0.3163448 0.3044505
0.3920498 0.3001664 0.3077838
0.3810321 0.3388451 0.2801229
0.3773246 0.3197079 0.3029675
0.3861217 0.3266329 0.2872453
0.4003656 0.309158 0.2904764
0.38616 0.3067395 0.3071005
0.3879596 0.3115378 0.3005025
0.3894605 0.2997851 0.3107544
0.3916682 0.3329413 0.2753906
0.3737506 0.3121122 0.3141371
0.3951296 0.3079204 0.29695
0.408325 0.3216635 0.2700115
0.3715344 0.3167376 0.311728
0.390725 0.3211976 0.2880774
0.4017786 0.3011621 0.2970592
0.3795447 0.3182174 0.3022379
0.4085238 0.2951165 0.2963597
0.3836626 0.3133429 0.3029945
0.4030545 0.3112279 0.2857176
0.3939711 0.3065523 0.2994766
0.4093772 0.3201323 0.2704905
0.3857353 0.3213629 0.2929018
0.4187085 0.3159553 0.2653362
0.3530752 0.3467027 0.300222
0.4187221 0.2850507 0.2962271
0.3695415 0.3254667 0.3049918
0.355543 0.3277902 0.3166668
0.3517208 0.3187992 0.32948
0.409245 0.285088 0.305667
0.3828856 0.294912 0.3222023
0.3856312 0.3331992 0.2811696
0.3950062 0.299628 0.3053658
0.3933962 0.3343504 0.2722534
0.3991054 0.2999881 0.3009065
0.3873124 0.3324117 0.2802759
0.38324 0.3010551 0.3157049
0.3780907 0.3269395 0.2949698
0.3733695 0.305969 0.3206616
0.3998963 0.2829422 0.3171615
0.3601754 0.3292707 0.3105538
0.4179128 0.3121804 0.2699068
0.3967863 0.3116094 0.2916044
0.3804217 0.3198966 0.2996817
0.3612117 0.3364686 0.3023197
0.4078113 0.3153651 0.2768236
0.3896228 0.2933168 0.3170603
0.3883366 0.3232206 0.2884428
0.3937512 0.3212355 0.2850133
0.3769507 0.3117784 0.3112708
0.3802887 0.3265781 0.2931332
0.4106443 0.2966358 0.2927199
0.3706839 0.3117101 0.317606
0.4001065 0.2942621 0.3056314
0.3718342 0.3100763 0.3180894
0.3903176 0.3181448 0.2915376
0.3905379 0.3133296 0.2961326
0.3886614 0.3161446 0.295194
0.4063304 0.3144473 0.2792223
0.4022186 0.2822808 0.3155007
0.4068385 0.2921364 0.301025
0.3764791 0.328106 0.2954149
0.4009441 0.3176201 0.2814358
0.3985688 0.3020432 0.299388
0.3898147 0.3059866 0.3041987
0.4004944 0.3090394 0.2904662
0.3818884 0.3221703 0.2959413
0.3919164 0.3174678 0.2906158
0.3704574 0.3048201 0.3247225
0.3841177 0.3050298 0.3108525
0.3879034 0.3266689 0.2854278
0.3935471 0.3134582 0.2929947
0.3843351 0.2971294 0.3185355
0.3885974 0.3144247 0.2969779
0.369518 0.3409677 0.2895143
0.3876082 0.3248192 0.2875726
0.3933547 0.3022647 0.3043807
0.3914037 0.307841 0.3007553
0.3784121 0.3202679 0.30132
0.3994659 0.2926485 0.3078856
0.3873324 0.3254795 0.2871881
0.3959251 0.3198671 0.2842077
0.3901875 0.3268822 0.2829303
0.3886774 0.3397017 0.2716209
0.3957157 0.3261925 0.2780918
0.409261 0.2910817 0.2996572
0.4026154 0.3083096 0.289075
0.3916149 0.3059931 0.302392
0.3879199 0.286617 0.3254631
0.4070208 0.2956764 0.2973028
0.3997599 0.3012307 0.2990094
0.382404 0.328294 0.289302
0.4047703 0.3158403 0.2793894
0.3953853 0.2944501 0.3101646
0.3730421 0.3030856 0.3238723
