"p_1" "p_2" "p_3"
0.1514206 0.8146476 0.03393179
0.1720752 0.7749473 0.05297751
0.1748433 0.7712491 0.05390755
0.1931929 0.7561738 0.05063334
0.1882959 0.7552363 0.05646779
0.1718102 0.7871273 0.04106251
0.1645171 0.7865986 0.0488843
0.163915 0.7940611 0.04202393
0.1822635 0.7619315 0.05580496
0.1715894 0.7873653 0.0410453
0.1795056 0.7568954 0.06359898
0.1575255 0.7855984 0.05687609
0.1386209 0.8187174 0.04266174
0.1492867 0.7929048 0.05780847
0.1686872 0.7748584 0.05645434
0.1689182 0.7720897 0.0589921
0.1631685 0.7911121 0.04571932
0.1755631 0.7626013 0.06183568
0.1569208 0.7893596 0.05371959
0.1552168 0.7863197 0.05846348
0.1570865 0.7972749 0.04563862
0.1835124 0.778563 0.03792459
0.1629442 0.7748633 0.06219254
0.1698684 0.7717726 0.05835906
0.1725247 0.778508 0.04896728
0.1624972 0.7880008 0.04950198
0.1563001 0.8027231 0.0409768
0.1691012 0.7765091 0.05438972
0.1858702 0.7634777 0.05065216
0.1708868 0.7788308 0.05028239
0.1680505 0.7764081 0.05554142
0.1703602 0.7845791 0.04506068
0.1594027 0.7815652 0.05903211
0.1710287 0.7862591 0.04271221
0.1595606 0.7934869 0.04695245
0.1579274 0.7901294 0.05194317
0.1814735 0.7638854 0.05464117
0.1695384 0.7836346 0.04682699
0.1834015 0.7629833 0.0536152
0.1722542 0.7749785 0.05276729
0.1582381 0.7804689 0.06129303
0.1888522 0.7666293 0.04451852
0.1592858 0.7808 0.05991423
0.1841992 0.753083 0.06271779
0.1839523 0.7658229 0.05022473
0.1475294 0.7985993 0.05387126
0.1644047 0.7738246 0.06177074
0.162973 0.786133 0.05089394
0.1681152 0.7713781 0.06050672
0.1550203 0.7937587 0.051221
0.1816112 0.7675824 0.05080636
0.1691605 0.7816831 0.04915649
0.1598515 0.7777678 0.06238068
0.1521397 0.8003769 0.04748335
0.1484073 0.792094 0.05949876
0.1419594 0.8049724 0.05306811
0.1740974 0.7702311 0.05567144
0.1633823 0.7819304 0.05468735
0.1795408 0.7647385 0.05572075
0.1666976 0.7884453 0.04485712
0.1486137 0.7936817 0.05770468
0.165491 0.7842993 0.05020973
0.1695541 0.7712515 0.05919446
0.1678443 0.7782582 0.05389756
0.1895905 0.7604469 0.04996262
0.1665413 0.7848145 0.04864423
0.1598397 0.7855072 0.05465304
0.1557718 0.7788513 0.06537689
0.1600264 0.7885214 0.05145221
0.1970276 0.7394641 0.06350831
0.1616706 0.7844132 0.05391616
0.1453032 0.8019528 0.05274396
0.159178 0.7776464 0.06317559
0.153126 0.7964718 0.05040222
0.1511237 0.7899255 0.05895077
0.1829548 0.7528582 0.06418703
0.1620071 0.7770863 0.06090663
0.1650839 0.7868546 0.04806145
0.1838145 0.7531333 0.06305223
0.1694754 0.7656959 0.06482866
0.1513487 0.7907193 0.05793198
0.15971 0.7927599 0.0475301
0.1807703 0.7646226 0.05460715
0.1484335 0.7926553 0.05891128
0.167506 0.7788849 0.05360907
0.1962221 0.7450432 0.05873476
0.1834879 0.7585817 0.05793035
0.1957703 0.7486469 0.05558281
0.1513481 0.7959782 0.05267365
0.1679071 0.7649376 0.06715536
0.1621641 0.7801042 0.05773165
0.1600356 0.791748 0.04821645
0.1489468 0.7939955 0.05705772
0.1889925 0.7565 0.05450753
0.1878888 0.7673065 0.04480468
0.1801983 0.7534424 0.06635934
0.1582472 0.787938 0.05381473
0.1640905 0.793074 0.04283553
0.1603189 0.7844311 0.05524998
0.1733554 0.7608851 0.06575948
0.1660028 0.7784884 0.05550881
0.1822692 0.7662975 0.0514333
0.2023756 0.7543995 0.04322495
0.17393 0.7766971 0.04937288
0.1710912 0.7786508 0.05025801
0.1474346 0.7917085 0.06085685
0.1621251 0.7751075 0.06276739
0.1681813 0.7954473 0.03637136
0.1749084 0.7745841 0.05050753
0.1674334 0.7743101 0.05825651
0.1689549 0.7752777 0.05576734
0.1771689 0.7586609 0.06417027
0.1614038 0.7827124 0.05588379
0.1568541 0.7932678 0.04987808
0.1814902 0.7711113 0.04739851
0.1514933 0.7954487 0.05305803
0.1615973 0.7908745 0.04752824
0.1458407 0.7945816 0.0595777
0.1780034 0.7844775 0.03751907
0.1796322 0.7683677 0.05200008
0.1571327 0.7815264 0.06134094
0.1569897 0.7916931 0.05131722
0.1508345 0.8065228 0.04264271
0.1669992 0.7792108 0.05378998
0.1525178 0.7829643 0.06451793
0.1762345 0.7625455 0.06122001
0.1674977 0.7774094 0.05509283
0.1991005 0.7359182 0.06498134
0.1661701 0.7846506 0.04917934
0.1718404 0.7694698 0.05868976
0.1681221 0.7702037 0.06167416
0.1527568 0.7924526 0.05479064
0.1302305 0.8106861 0.05908342
0.1451231 0.7869458 0.06793108
0.1636401 0.7730815 0.06327841
0.1639362 0.7829082 0.05315563
0.1628939 0.781729 0.05537706
0.1566758 0.7967727 0.04655147
0.1761129 0.7753415 0.04854558
0.1566465 0.7948687 0.04848479
0.1823805 0.7775571 0.0400624
0.1716871 0.7760193 0.05229354
0.1589233 0.7752654 0.06581131
0.1674698 0.7873139 0.04521621
0.1604233 0.7903948 0.04918192
0.1724763 0.780922 0.04660174
0.1734058 0.7823213 0.0442729
0.1502932 0.7941696 0.05553718
0.1766458 0.7710862 0.05226798
0.1743819 0.7668855 0.05873261
0.1849491 0.7697669 0.04528396
0.1524466 0.7843676 0.06318582
0.1674863 0.7829324 0.0495813
0.1620694 0.7885653 0.04936539
0.1851796 0.766535 0.04828543
0.148083 0.8032867 0.04863036
0.1617411 0.7757855 0.06247336
0.190187 0.7570035 0.0528095
0.1640576 0.7805152 0.05542721
0.176263 0.7835676 0.04016939
0.1509526 0.787639 0.06140841
0.1532373 0.7965011 0.05026159
0.1675708 0.7794048 0.05302449
0.1729256 0.7717394 0.05533504
0.1759604 0.7887142 0.03532537
0.1653451 0.7893064 0.04534844
0.1609544 0.7803706 0.05867504
0.1420682 0.8102951 0.04763671
0.1757213 0.7787624 0.04551629
0.1597401 0.7594495 0.08081037
0.1607833 0.7932964 0.0459203
0.1760579 0.769708 0.05423413
0.153629 0.7951026 0.05126848
0.1453804 0.8079416 0.046678
0.1820289 0.762912 0.05505909
0.1620944 0.7801605 0.05774509
0.1784105 0.7744116 0.04717785
0.1611321 0.794333 0.04453491
0.1542264 0.7984982 0.04727536
0.1572729 0.7823052 0.06042187
0.1803212 0.7725968 0.04708199
0.1571171 0.7896095 0.05327336
0.1478806 0.7967193 0.05540004
0.1719195 0.7563194 0.07176108
0.153533 0.7857114 0.06075566
0.1698953 0.7674306 0.06267409
0.1424365 0.804133 0.05343054
0.1777898 0.7786026 0.04360767
0.1664048 0.7670065 0.0665887
0.16349 0.7851383 0.05137168
0.1611766 0.784598 0.05422541
0.1563495 0.7960484 0.04760214
0.1585385 0.7885609 0.05290057
0.1778261 0.7667779 0.05539605
0.1642929 0.7920983 0.04360877
0.1775914 0.781367 0.04104156
0.1730168 0.7746921 0.05229107
0.1619487 0.7853687 0.05268263
0.170817 0.7791098 0.0500732
0.1443449 0.8074838 0.04817125
0.1636879 0.7625466 0.07376542
0.1614371 0.7928481 0.0457148
0.1587334 0.7867028 0.05456379
0.1685339 0.7838014 0.04766469
0.1609079 0.7873361 0.05175598
0.1511012 0.7989377 0.0499611
0.1466903 0.7902758 0.06303392
0.1508773 0.7913333 0.05778937
0.167606 0.7820025 0.05039145
0.1769774 0.7758462 0.04717645
0.1469971 0.7984884 0.05451447
0.1692511 0.7769673 0.0537816
0.1634253 0.7775756 0.05899913
0.1512709 0.8076394 0.04108969
0.1633721 0.7833227 0.05330521
0.1823244 0.7641132 0.05356246
0.1461286 0.7997601 0.05411128
0.186596 0.7701849 0.04321906
0.1747374 0.7680626 0.05719997
0.1601238 0.790774 0.04910226
0.1588684 0.7866914 0.05444025
0.1550275 0.8017668 0.04320568
0.1719912 0.7668924 0.06111637
0.1496245 0.8058851 0.0444904
0.1878265 0.753985 0.05818851
0.1627438 0.7937659 0.04349032
0.1550817 0.8013225 0.04359585
0.1744922 0.7826847 0.04282317
0.171518 0.7660208 0.06246119
0.1727877 0.7737584 0.05345398
0.1461571 0.7968033 0.05703957
0.1623082 0.7867424 0.05094942
0.1699223 0.7677252 0.06235243
0.1533028 0.7921371 0.0545601
0.1852012 0.7608066 0.05399217
0.1563357 0.7941303 0.04953403
0.1712078 0.7771589 0.05163331
0.1784274 0.7743341 0.04723854
0.1544504 0.7876352 0.05791442
0.1646826 0.7833081 0.05200934
0.1670711 0.7853351 0.04759381
0.1503339 0.7884609 0.06120523
0.1504386 0.8024058 0.04715567
0.157395 0.7894861 0.0531189
0.1708565 0.7860779 0.04306556
0.189483 0.7444075 0.06610951
0.161521 0.780533 0.05794597
0.1648629 0.7860729 0.04906425
0.16171 0.7854908 0.05279924
0.1695367 0.7727613 0.05770197
0.1718592 0.769241 0.05889985
0.1692169 0.7739197 0.05686336
0.1537779 0.7828128 0.06340934
0.1427032 0.8054223 0.05187451
0.1419582 0.8041268 0.053915
0.1680946 0.7865419 0.04536356
0.1523924 0.7898966 0.05771107
0.1891372 0.7497885 0.06107425
0.1577422 0.7836547 0.05860314
0.1604072 0.7760943 0.06349847
0.1630578 0.7866936 0.05024862
0.1587406 0.7827226 0.05853681
0.1746328 0.7694631 0.055904
0.1611103 0.7903927 0.04849703
0.1508926 0.7954544 0.05365298
0.1648913 0.7877008 0.04740791
0.1768419 0.7681873 0.05497077
0.1633506 0.7816492 0.05500024
0.1812597 0.7697561 0.04898426
0.1709792 0.7803559 0.04866488
0.168251 0.7694937 0.06225529
0.1520468 0.7934519 0.05450132
0.1803693 0.762274 0.05735675
0.195597 0.7455992 0.05880376
0.1538451 0.8044071 0.04174776
0.1603632 0.7782277 0.06140918
0.166664 0.787117 0.04621899
0.1745541 0.7773829 0.04806305
0.1557572 0.7909706 0.05327219
0.1884008 0.7620746 0.0495246
0.1633198 0.7845766 0.05210357
0.1589664 0.7756462 0.06538739
0.1548623 0.8009224 0.04421534
0.1895138 0.7692866 0.04119963
0.1600915 0.7987953 0.04111313
0.1842184 0.7594407 0.05634096
0.1654275 0.7835643 0.05100823
0.1666321 0.7807519 0.05261604
0.1587445 0.7817138 0.05954172
0.1735716 0.7712508 0.05517763
0.1724723 0.7823029 0.0452248
0.1536138 0.7968258 0.04956044
0.1641624 0.784555 0.0512826
0.1804338 0.7546711 0.06489502
0.1647088 0.7912686 0.0440226
0.1668167 0.7705292 0.06265412
0.1593812 0.7763046 0.06431415
0.161722 0.7662455 0.0720325
0.1717268 0.7595276 0.06874562
0.1527201 0.7899573 0.05732264
0.1637173 0.7801695 0.05611315
0.1481364 0.7816333 0.07023027
0.1649608 0.7819983 0.05304095
0.1706359 0.7774418 0.05192226
0.1440842 0.8044147 0.05150108
0.1598256 0.7855822 0.05459224
0.1934646 0.7542122 0.05232315
0.1745247 0.7736396 0.05183569
0.1795055 0.7597318 0.0607627
0.1806103 0.7559397 0.06345009
0.1540203 0.8023257 0.04365392
0.1688011 0.7854244 0.04577449
0.1681762 0.7880985 0.04372529
0.1510126 0.8043946 0.04459276
0.1793512 0.7489994 0.07164941
0.165066 0.7928072 0.04212682
0.1632419 0.7890064 0.0477517
0.1529611 0.797746 0.04929288
0.1667825 0.7801648 0.05305272
0.1706842 0.7663391 0.06297671
0.1464149 0.7805268 0.07305833
0.1723759 0.7549237 0.07270032
0.1758666 0.7793915 0.04474194
0.1478871 0.793052 0.05906091
0.1707672 0.7659594 0.06327349
0.185095 0.7548086 0.06009638
0.1748257 0.7703253 0.05484901
0.1779214 0.7731137 0.04896483
0.1964264 0.748126 0.05544762
0.1872665 0.7593873 0.05334617
0.1697319 0.7840784 0.04618968
0.1592695 0.7916738 0.04905666
0.1722945 0.7830534 0.04465204
0.1649809 0.7846197 0.05039945
0.1615127 0.7722568 0.06623052
0.1494491 0.7987815 0.05176944
0.1507252 0.7908649 0.05840986
0.1732462 0.7718391 0.05491477
0.1767035 0.7633847 0.0599118
0.1551133 0.7877822 0.05710451
0.1570452 0.7960754 0.04687945
0.1759866 0.7763004 0.04771302
0.152694 0.7848865 0.06241946
0.1856459 0.7622387 0.05211536
0.1655081 0.7856661 0.04882585
0.1575356 0.7817007 0.06076371
0.1816478 0.7607789 0.05757329
0.1869997 0.7678355 0.04516486
0.1491932 0.8051889 0.04561789
0.1616439 0.7838678 0.05448832
0.175705 0.7630119 0.06128301
0.167937 0.7853573 0.04670576
0.1663474 0.7768735 0.05677913
0.1692976 0.7778121 0.05289035
0.1604026 0.7806048 0.05899255
0.178636 0.7663534 0.05501056
0.1658074 0.7652117 0.06898087
0.173031 0.7807353 0.04623375
0.1623695 0.7903614 0.04726904
0.1776439 0.7646279 0.05772822
0.1504497 0.7955689 0.05398136
0.1743035 0.7723517 0.05334479
0.1631114 0.7713147 0.06557381
0.1599643 0.780941 0.05909467
0.1596691 0.7910961 0.04923481
0.1815785 0.7642957 0.0541258
0.1766732 0.7760056 0.04732116
0.1639734 0.7702395 0.06578708
0.1586419 0.7925931 0.04876503
0.1606035 0.7918667 0.04752977
0.18714 0.7699174 0.04294254
0.1712839 0.7617343 0.06698182
0.15271 0.7975937 0.0496963
0.160529 0.7849252 0.05454589
0.175787 0.767633 0.05658
0.15116 0.7991404 0.04969956
0.1640237 0.793201 0.04277527
0.1748656 0.7711833 0.05395102
0.1552332 0.7878698 0.056897
0.1461217 0.7939109 0.05996739
0.1854621 0.7687981 0.04573989
0.1589124 0.7976953 0.04339237
0.1361653 0.79997 0.06386464
0.1585057 0.7848479 0.05664645
0.1470581 0.8141123 0.03882965
0.1572707 0.7968279 0.04590145
0.1857844 0.7692932 0.0449224
0.1713743 0.785149 0.04347674
0.1670077 0.7742709 0.05872149
0.1522997 0.790122 0.05757836
0.161343 0.7825087 0.05614828
0.1553283 0.7914478 0.05322392
0.1509853 0.7960707 0.05294397
0.1751535 0.7718784 0.05296818
0.1537393 0.7913367 0.05492404
0.1728923 0.7762458 0.0508619
0.1746685 0.7775623 0.04776918
0.1629484 0.7856418 0.05140976
0.1547493 0.8036749 0.04157583
0.1883664 0.7636234 0.04801024
0.1835571 0.7680608 0.04838219
0.1573653 0.7922561 0.05037857
0.1625261 0.7804358 0.05703812
0.1509433 0.7876237 0.06143302
0.2068894 0.7328462 0.06026442
0.15597 0.7730402 0.07098984
0.1537951 0.7942967 0.05190812
0.1434179 0.798621 0.05796107
0.1674889 0.7905819 0.04192916
0.1440625 0.7967031 0.05923434
0.1808917 0.7665294 0.05257886
0.1889137 0.7696301 0.0414562
0.1445243 0.7970364 0.05843929
0.1570331 0.7849969 0.05796995
0.1366606 0.8152686 0.0480708
0.1619486 0.7983375 0.03971399
0.1824959 0.7589379 0.05856617
0.1731779 0.7844409 0.04238123
0.1662589 0.7869607 0.04678039
0.1560131 0.7919671 0.0520198
0.1718251 0.7768344 0.05134047
0.1671622 0.7920876 0.04075022
0.1842866 0.751754 0.06395937
0.1541787 0.7853003 0.06052098
0.1626341 0.7878755 0.04949034
0.1758886 0.7774905 0.04662087
0.1743333 0.7691012 0.05656557
0.170392 0.7791133 0.05049471
0.1793891 0.7751831 0.04542782
0.1534325 0.7962202 0.05034731
0.1692716 0.7734912 0.05723727
0.1696684 0.7712734 0.05905822
0.190701 0.7521173 0.05718165
0.1825424 0.7731106 0.04434702
0.1735872 0.7598582 0.06655462
0.1734875 0.7715724 0.05494009
0.1622002 0.772215 0.06558486
0.1678254 0.7736532 0.05852137
0.1628008 0.7851173 0.05208197
0.1465487 0.7977905 0.05566079
0.1912168 0.7587396 0.05004363
0.1763232 0.766777 0.05689983
0.1696312 0.7702804 0.06008833
0.1639238 0.7846513 0.05142495
0.1574502 0.7967718 0.045778
0.1858595 0.7717281 0.04241234
0.1693047 0.767203 0.0634923
0.1666457 0.7910037 0.04235065
0.1576981 0.7722616 0.07004023
0.1836916 0.757899 0.05840943
0.176736 0.7596691 0.06359494
0.165432 0.7903957 0.04417229
0.1765815 0.7636758 0.05974263
0.1750068 0.7590578 0.06593535
0.1473752 0.7974946 0.05513027
0.1513012 0.7901267 0.05857216
0.1833761 0.7576684 0.05895549
0.1840409 0.7691764 0.04678275
0.1480502 0.7920837 0.05986605
0.1846503 0.7486401 0.06670953
0.1477406 0.7907515 0.06150785
0.1780414 0.7705517 0.05140685
0.1568684 0.7834174 0.05971416
0.1431709 0.804829 0.05200007
0.1682546 0.7822706 0.04947483
0.1502147 0.7959937 0.05379154
0.1741917 0.7688382 0.0569701
0.1659731 0.7996878 0.0343391
0.1903709 0.7587318 0.05089724
0.1861648 0.7658425 0.04799271
0.154572 0.8009942 0.04443376
0.1554804 0.7902933 0.05422631
0.1728756 0.7679215 0.05920295
0.1594584 0.7956417 0.04489984
0.1485647 0.8020993 0.04933603
0.1864037 0.7582063 0.05539006
0.1470313 0.8030849 0.04988382
0.1769177 0.7757075 0.04737473
0.1767261 0.7594562 0.06381774
0.1600892 0.7879487 0.05196215
0.1481555 0.7983731 0.05347139
0.1730704 0.7699287 0.05700089
0.1516548 0.8025355 0.04580969
0.145506 0.8010669 0.05342713
0.1577366 0.7985014 0.04376193
0.1811764 0.7651635 0.05366007
0.1590174 0.7854717 0.05551088
0.166665 0.7718037 0.06153128
0.1884152 0.7557014 0.0558834
0.1531339 0.7847148 0.06215126
0.140348 0.8170931 0.04255892
0.1535018 0.7970616 0.04943665
0.1476355 0.8094428 0.04292172
0.1674609 0.7818378 0.05070134
0.1426715 0.7985128 0.05881568
0.1714978 0.7724871 0.05601507
0.1849459 0.7622144 0.05283966
0.1553161 0.7913977 0.05328614
0.1553274 0.7833059 0.06136667
0.1626938 0.7789783 0.05832796
0.1760986 0.7666376 0.05726387
0.1617592 0.7806074 0.05763341
0.1683649 0.7853998 0.04623528
0.1825784 0.7578622 0.0595594
0.1746233 0.7786025 0.04677424
0.1654953 0.7727509 0.06175385
0.1679758 0.7836387 0.04838547
0.1386471 0.7950729 0.06628006
0.1565146 0.7962055 0.0472799
0.1635325 0.7752425 0.06122494
0.169414 0.7631767 0.06740933
0.163628 0.7916678 0.04470421
0.1616971 0.7959797 0.04232316
0.1657859 0.7797313 0.05448278
0.1579124 0.7871754 0.05491218
0.1462303 0.7921208 0.06164891
0.1626646 0.7700376 0.06729781
0.1702839 0.7736998 0.05601631
0.1596044 0.7841285 0.05626712
0.1593302 0.7849336 0.05573621
0.166362 0.7730482 0.06058986
0.1668727 0.7838541 0.04927313
0.1661198 0.7716136 0.06226663
0.1671782 0.7826602 0.05016153
0.1563472 0.7885927 0.05506017
0.1743971 0.770017 0.05558594
0.1681663 0.79014 0.04169366
0.1604412 0.7961845 0.04337428
0.1564815 0.7990597 0.04445886
0.1589142 0.787362 0.05372376
0.1580648 0.7967818 0.04515346
0.1667102 0.7834271 0.04986277
0.1650694 0.7713416 0.06358899
0.1883231 0.7580081 0.05366885
0.156624 0.7871193 0.05625667
0.1785991 0.7629806 0.05842026
0.1799905 0.7622843 0.05772519
0.1620359 0.7843835 0.05358058
0.1484245 0.7942832 0.0572923
0.1578925 0.7804157 0.06169181
0.1586134 0.7909051 0.05048145
0.1677309 0.7805265 0.05174255
0.142286 0.8010306 0.05668339
0.1720273 0.7757784 0.05219437
0.1723868 0.7808124 0.04680079
0.1553568 0.8012098 0.04343343
0.1833274 0.7639466 0.05272603
0.1537392 0.8005284 0.0457324
0.1532556 0.8022751 0.04446928
0.1496235 0.7903772 0.0599993
0.1459362 0.8002415 0.0538223
0.1501737 0.7960176 0.05380874
0.1513661 0.7891273 0.05950669
0.1631186 0.7984924 0.03838904
0.1704142 0.7884924 0.0410934
0.135925 0.7923688 0.07170614
0.1661118 0.7793726 0.05451555
0.1646135 0.7957744 0.03961208
0.1634416 0.7749196 0.0616388
0.1692455 0.7596488 0.07110576
0.1671587 0.7834464 0.04939495
0.1462399 0.7940432 0.05971696
0.1487115 0.7831384 0.06815004
0.1578227 0.7808432 0.06133411
0.1461416 0.8029401 0.05091824
0.1729518 0.770116 0.05693212
0.1534513 0.8014022 0.04514653
0.1841677 0.7477277 0.06810464
0.1710443 0.772317 0.05663867
0.1666067 0.7810358 0.05235747
0.1694528 0.7850293 0.04551781
0.1556082 0.7934902 0.05090163
0.1786725 0.7680017 0.0533258
0.1778298 0.7760989 0.04607128
0.1512625 0.7979627 0.05077477
0.1575171 0.7829482 0.05953466
0.1650397 0.7686282 0.06633208
0.1684915 0.7870974 0.04441107
0.1535301 0.7955297 0.05094021
0.1951885 0.7587933 0.04601829
0.1680132 0.7844202 0.04756658
0.1620346 0.7808959 0.05706946
0.1557861 0.7747306 0.06948325
0.1738263 0.7749255 0.05124814
0.1565455 0.7949748 0.04847977
0.1429937 0.7987324 0.05827389
0.1467248 0.8046805 0.04859467
0.150794 0.7992264 0.04997962
0.1290098 0.8186526 0.05233762
0.1583054 0.7923424 0.04935219
0.1749008 0.7769806 0.04811853
0.1583236 0.7835473 0.0581291
0.1769574 0.7684934 0.05454922
0.1752389 0.7617838 0.06297733
0.1667181 0.7805121 0.05276981
0.163933 0.7840494 0.05201766
0.1531937 0.789703 0.05710323
0.1518145 0.7919791 0.05620644
0.1789626 0.7710885 0.04994894
0.159717 0.7859552 0.05432781
0.1730303 0.7827735 0.04419618
0.1609436 0.7855356 0.05352076
0.1716916 0.7704515 0.05785695
0.1834071 0.7569791 0.05961377
0.1556954 0.7884121 0.05589252
0.1804626 0.7665166 0.05302083
0.1560074 0.784914 0.05907856
0.1651951 0.7814064 0.0533985
0.1524995 0.7875938 0.05990672
0.1634302 0.7692195 0.06735026
0.1782793 0.7668277 0.05489307
0.1695069 0.7685163 0.06197678
0.1782652 0.7711953 0.05053957
0.174865 0.7692298 0.05590524
0.1650191 0.7806121 0.05436882
0.1546745 0.7819795 0.06334597
0.177663 0.7843574 0.0379796
0.1627935 0.7791501 0.05805641
0.1828544 0.7576249 0.05952068
0.16848 0.7840764 0.04744365
0.1628822 0.7883456 0.04877225
0.1634609 0.7790612 0.05747792
0.1837 0.7614701 0.05482988
0.1725579 0.7667664 0.06067575
0.1878946 0.7537598 0.05834567
0.1477979 0.8053647 0.04683739
0.1667902 0.7751367 0.05807314
0.1692226 0.7873337 0.04344372
0.1543331 0.787303 0.05836391
0.1686373 0.7692899 0.0620728
0.1860409 0.764768 0.04919113
0.1406749 0.8137246 0.04560049
0.1704572 0.7674706 0.06207224
0.1762803 0.7753633 0.0483564
0.1641834 0.7849156 0.05090101
0.1892577 0.7596811 0.05106118
0.17003 0.7729363 0.05703364
0.1583697 0.793112 0.04851832
0.1696989 0.7831206 0.04718041
0.1542706 0.7907184 0.05501094
0.1529133 0.7980083 0.04907847
0.1682299 0.7813579 0.05041223
0.1744758 0.7597745 0.06574965
0.1538161 0.7947079 0.05147601
0.1767673 0.7703338 0.05289884
0.1697632 0.7657091 0.06452775
0.1428655 0.7974744 0.05966005
0.1535089 0.7937366 0.05275447
0.1740061 0.7771824 0.04881152
0.1551452 0.7872875 0.0575673
0.155917 0.7862928 0.05779013
0.1599086 0.7892532 0.05083828
0.1559784 0.7860042 0.05801739
0.1644378 0.7898813 0.04568087
0.1504723 0.7971598 0.05236785
0.1753166 0.7655268 0.05915661
0.173352 0.7747063 0.05194164
0.1647057 0.7805276 0.05476668
0.1760041 0.7717252 0.05227072
0.177298 0.7600961 0.06260589
0.1843996 0.7686071 0.04699326
0.1786978 0.7792132 0.04208905
0.1662974 0.7828676 0.05083498
0.1759494 0.771401 0.05264958
0.1481864 0.7969334 0.05488021
0.1715112 0.783752 0.04473686
0.1656869 0.7619062 0.07240682
0.2053737 0.7356441 0.05898222
0.1751989 0.7614425 0.06335863
0.1558799 0.7946582 0.04946187
0.1599221 0.7864962 0.0535817
0.1683254 0.7853721 0.04630249
0.1750649 0.768056 0.05687907
0.1363715 0.80176 0.06186853
0.1708145 0.7707799 0.05840566
0.162603 0.7893239 0.04807306
0.1671468 0.7944253 0.03842792
0.1667133 0.7640082 0.0692785
0.1672396 0.7914792 0.04128126
0.1595006 0.7923391 0.04816038
0.162568 0.7849921 0.05243994
0.1678732 0.7836769 0.04844991
0.1532674 0.7933139 0.05341873
0.1678499 0.7797784 0.05237175
0.1688528 0.7849141 0.04623312
0.152584 0.7975173 0.04989872
0.154117 0.7888732 0.0570098
0.1609875 0.7820993 0.05691319
0.1528883 0.8025839 0.04452784
0.1582183 0.7858215 0.05596023
0.1636012 0.7887475 0.04765122
0.1605609 0.7879359 0.05150318
0.1618679 0.7722252 0.06590691
0.1687892 0.7837487 0.04746203
0.1576624 0.7822298 0.06010787
0.1622663 0.7846785 0.05305521
0.1758285 0.7750593 0.04911225
0.1683534 0.783906 0.04774063
0.161492 0.7843209 0.05418711
0.1778613 0.7677836 0.05435512
0.1705803 0.7663075 0.06311226
0.1662806 0.7715247 0.06219468
0.1737593 0.7847163 0.04152434
0.1732671 0.7759494 0.05078348
0.1636409 0.7914347 0.0449244
0.1805004 0.7674173 0.05208229
0.1840476 0.7687327 0.04721971
0.1601202 0.7949906 0.04488926
0.1870716 0.7646722 0.04825615
0.1890292 0.7553189 0.05565191
0.1392235 0.8161928 0.0445837
0.1433995 0.8057158 0.05088465
0.145942 0.7909487 0.06310928
0.1733818 0.7736718 0.0529464
0.1586863 0.7958342 0.0454795
0.1688781 0.7778933 0.05322864
0.1555023 0.8005874 0.04391025
0.1749622 0.7818333 0.04320442
0.162846 0.7871496 0.05000436
0.1657311 0.780775 0.05349396
0.1672088 0.7787645 0.05402677
0.1692335 0.7690442 0.06172236
0.1651728 0.7767264 0.05810079
0.1460909 0.80919 0.04471908
0.1659411 0.772504 0.06155492
0.1648029 0.7822303 0.05296673
0.1842753 0.7729364 0.04278828
0.1544503 0.7947215 0.05082819
0.1821038 0.7610274 0.05686885
0.1807473 0.7664241 0.05282859
0.1722018 0.7721498 0.05564845
0.1648072 0.7739556 0.06123723
0.1658195 0.7731092 0.06107132
0.1613065 0.7813114 0.05738207
0.1631229 0.7806896 0.05618746
0.1685915 0.7797582 0.05165029
0.1612857 0.7881632 0.05055106
0.1591697 0.789923 0.05090735
0.1621302 0.7888714 0.04899843
0.1826084 0.7530661 0.06432556
0.1581906 0.7858954 0.05591407
0.1636458 0.7900109 0.04634336
0.1493154 0.7971156 0.05356897
0.1638942 0.7825648 0.05354098
0.1805679 0.7878398 0.03159225
0.1689086 0.7816482 0.04944316
0.1798603 0.7681185 0.05202113
0.173428 0.7763414 0.05023063
0.1586366 0.7923656 0.04899773
0.1557714 0.7807569 0.06347172
0.1612132 0.7748304 0.06395649
0.1485602 0.7957372 0.0557026
0.1498647 0.7892709 0.06086439
0.1662491 0.7707908 0.06296017
0.1812437 0.7656675 0.0530888
0.1751523 0.7727984 0.05204927
0.12948 0.8142365 0.0562835
0.1529864 0.7935739 0.05343976
0.1742628 0.7875754 0.03816174
0.1685666 0.7687556 0.06267782
0.1574781 0.7954572 0.04706477
0.1532863 0.7787852 0.06792849
0.1777176 0.7586636 0.06361873
0.1675349 0.7790941 0.05337101
0.1606807 0.7902081 0.04911119
0.1564879 0.7798241 0.06368803
0.1554111 0.7885162 0.05607266
0.1651945 0.7667465 0.068059
0.172278 0.7862111 0.04151096
0.1576424 0.7775017 0.06485594
0.1649006 0.7683668 0.06673254
0.1624357 0.7957693 0.041795
0.1816386 0.7750881 0.04327323
0.1844941 0.763025 0.05248084
0.1441003 0.7827298 0.07316996
0.1415521 0.8009491 0.05749878
0.1623637 0.775261 0.06237521
0.15674 0.7866016 0.05665837
0.16412 0.7839781 0.05190185
0.1686642 0.7769187 0.05441719
0.179372 0.770241 0.05038692
0.1745787 0.7578665 0.06755486
0.1648104 0.7768848 0.05830481
0.1799007 0.757965 0.06213422
0.1850128 0.7576861 0.05730102
0.1569443 0.7810313 0.06202441
0.1691662 0.77857 0.05226382
0.163959 0.7773621 0.05867895
0.1697209 0.7943236 0.03595554
0.1477574 0.799754 0.05248854
0.1505757 0.8044148 0.04500943
0.1587362 0.7906041 0.05065964
0.1682408 0.7888067 0.04295249
0.1825711 0.7667141 0.05071472
0.1743074 0.759754 0.06593861
0.1582506 0.7861334 0.055616
0.1750827 0.7616795 0.06323788
0.1705955 0.7722973 0.05710727
0.1625511 0.7824079 0.05504098
0.1596803 0.7866283 0.0536914
0.1625217 0.7619494 0.07552885
0.1487715 0.8073088 0.04391973
0.1539194 0.7907349 0.05534569
0.167697 0.7836842 0.04861875
0.1594471 0.7861794 0.05437349
0.175591 0.7645728 0.05983621
0.1930589 0.7578771 0.04906402
0.1872617 0.7589081 0.05383019
0.1655656 0.7867221 0.04771233
0.1714842 0.7792206 0.04929523
0.1659759 0.7688391 0.06518499
0.1591383 0.7937084 0.04715333
0.1682869 0.7762949 0.0554182
0.1444496 0.7834981 0.07205228
0.1693086 0.7826558 0.04803568
0.1594 0.7814663 0.05913372
0.1620575 0.7799009 0.05804162
0.1464164 0.7976709 0.05591275
0.1866584 0.7669759 0.04636572
0.1599959 0.7764051 0.06359898
0.1762496 0.7756463 0.04810418
0.1820089 0.7673564 0.05063471
0.1564244 0.7758494 0.06772622
0.1727903 0.7663234 0.06088632
0.1801728 0.7676432 0.05218399
0.1737896 0.7705682 0.05564217
0.185729 0.7785296 0.03574147
0.1451634 0.7958906 0.05894601
0.1416226 0.8085911 0.04978623
0.1631813 0.7809227 0.05589601
0.1851131 0.7710646 0.0438223
0.1587285 0.7881493 0.05312218
0.1740969 0.7741829 0.05172024
0.1686165 0.7878567 0.0435268
0.162211 0.770265 0.06752397
0.1724696 0.7752916 0.05223874
0.1692463 0.7773077 0.05344596
0.1763852 0.7658669 0.05774794
0.1560088 0.8010089 0.04298226
0.1862967 0.7662629 0.04744047
0.1574333 0.7830678 0.05949896
0.1702291 0.7775376 0.05223335
0.174829 0.7726699 0.05250106
0.1877438 0.7549888 0.05726747
0.1617956 0.7851668 0.05303764
0.1612724 0.7950955 0.04363211
0.1533613 0.7909216 0.05571714
0.1874071 0.7593639 0.05322905
0.1850917 0.7649371 0.04997121
0.1525587 0.7904396 0.05700167
0.1755613 0.7722564 0.05218228
0.1620245 0.7962325 0.04174304
0.1851127 0.7543262 0.06056107
0.1688251 0.7725762 0.05859869
0.1574465 0.7869197 0.05563372
0.1824855 0.7656881 0.05182637
0.1672503 0.7737373 0.05901243
0.1695939 0.775071 0.05533513
0.1436845 0.7948763 0.06143927
0.1577844 0.7857612 0.05645446
0.1628675 0.7813036 0.05582887
0.1547006 0.7898858 0.05541364
0.169524 0.7825265 0.0479495
0.1595812 0.7749102 0.06550861
0.1545888 0.7845507 0.06086042
0.1434847 0.7984957 0.05801958
0.1757813 0.7857591 0.03845967
0.1767337 0.7559721 0.0672942
0.1594386 0.7903764 0.05018505
0.1606101 0.7774482 0.06194163
0.1555392 0.7913338 0.05312701
0.1691563 0.7821876 0.0486561
0.1795961 0.7597214 0.06068249
0.1681139 0.7754677 0.05641841
0.1546587 0.7838844 0.06145684
0.1719141 0.7790712 0.04901473
0.1579322 0.7918266 0.05024111
0.1726315 0.7732518 0.05411671
0.1589823 0.7781274 0.06289031
0.166413 0.7715103 0.06207677
0.1622453 0.7834703 0.05428439
0.1694706 0.7807487 0.04978064
0.1800367 0.7620145 0.05794874
0.1792851 0.7657469 0.05496794
0.1604546 0.7869172 0.05262824
0.1687086 0.7867848 0.04450659
0.1786876 0.7575086 0.06380378
0.1661415 0.7669942 0.06686431
0.1575921 0.781918 0.0604899
0.1733886 0.7763825 0.05022884
0.1671169 0.7897426 0.04314053
0.1664827 0.7789989 0.05451838
0.1730375 0.7668595 0.06010296
0.1747744 0.7713168 0.05390879
0.1549647 0.7851701 0.05986517
0.1744957 0.7707019 0.05480241
0.1835007 0.7608547 0.05564462
0.1604862 0.7699037 0.06961006
0.1725462 0.7754427 0.05201113
0.1672985 0.7609176 0.07178387
0.1723831 0.7763937 0.05122324
0.1782225 0.7799874 0.04179014
0.173496 0.7858479 0.04065609
0.1592182 0.7935498 0.047232
0.1740387 0.7638615 0.06209985
0.1768519 0.7609519 0.06219629
0.1634212 0.7772763 0.05930247
0.1472085 0.80196 0.05083153
0.1784487 0.7836573 0.03789409
0.1740935 0.7713153 0.05459118
0.1501169 0.7770071 0.07287605
0.1650905 0.7804094 0.05450009
0.1730164 0.763393 0.06359062
0.1834124 0.7636497 0.05293793
0.1543514 0.7886166 0.05703191
0.1477241 0.7871093 0.06516656
0.1733146 0.7623811 0.06430432
0.1584182 0.7910713 0.0505105
0.1697163 0.7834547 0.046829
0.1610244 0.7664982 0.07247739
0.1610091 0.7575665 0.08142443
0.1648646 0.7845382 0.05059719
0.1690899 0.7909558 0.03995432
0.1605827 0.7924503 0.04696709
0.1645448 0.7889967 0.04645857
0.1603634 0.7885821 0.05105453
0.1514535 0.7945834 0.05396314
0.1540387 0.7741661 0.07179523
0.1713046 0.7795904 0.04910505
0.162171 0.7815726 0.05625639
0.1663964 0.7832329 0.05037066
0.1752176 0.7650912 0.05969124
0.1662643 0.7706221 0.06311356
0.1678142 0.7747172 0.05746863
0.1842875 0.7651642 0.05054832
0.1703107 0.77322 0.05646935
0.1618877 0.7846386 0.0534737
0.1824431 0.7632605 0.05429646
0.1877089 0.7566173 0.05567378
0.1759175 0.7648788 0.05920375
0.1611137 0.788868 0.05001838
0.1574306 0.7788662 0.06370313
0.1958473 0.7531155 0.05103714
0.160955 0.7808864 0.05815859
0.1799827 0.7609554 0.05906187
0.1814716 0.7783951 0.04013325
0.1640655 0.7863983 0.04953615
0.1836516 0.772177 0.04417145
0.1764214 0.7812359 0.0423427
0.1686667 0.7799917 0.05134157
0.1868477 0.7592259 0.05392633
0.1770877 0.7907182 0.03219404
0.1888197 0.7689187 0.04226156
0.1665611 0.7784421 0.05499682
0.1558514 0.7814432 0.06270537
0.190278 0.7647831 0.04493898
0.1835327 0.7571232 0.0593442
0.1567846 0.7881432 0.05507221
0.1396125 0.8039715 0.05641601
0.1746864 0.7788473 0.04646632
0.1775468 0.7765286 0.04592461
0.1697961 0.7659618 0.06424211
0.1620573 0.7845622 0.05338046
0.1602955 0.7927921 0.04691238
0.1598136 0.7956528 0.04453359
0.155345 0.783341 0.06131397
0.1688213 0.7779744 0.0532043
0.1932447 0.7603359 0.04641939
0.1497659 0.7978161 0.05241799
0.1873839 0.7672752 0.04534088
0.1563125 0.7944192 0.04926837
0.163141 0.7843995 0.05245952
0.1720125 0.7814927 0.04649484
0.1563878 0.7871382 0.05647401
0.1543035 0.7940359 0.05166064
0.1610651 0.7820196 0.05691529
0.1527173 0.7952658 0.05201692
0.1532366 0.7940163 0.05274704
0.1616619 0.7722725 0.06606568
0.1840341 0.7640631 0.05190274
0.1573123 0.7786163 0.06407144
0.1579932 0.7804543 0.0615525
0.1531425 0.7952154 0.05164205
0.15984 0.7758637 0.06429633
0.1632728 0.7910392 0.04568801
0.1670856 0.784487 0.04842745
0.1496633 0.7699079 0.08042877
0.1596017 0.7887782 0.05162013
0.1746803 0.7790431 0.04627659
0.1675258 0.7805905 0.0518837
0.1516191 0.7938088 0.05457213
0.1912839 0.7519026 0.05681356
0.1758041 0.7624501 0.06174578
0.1794318 0.7700259 0.05054231
0.1661013 0.7793212 0.05457751
0.163459 0.7919536 0.04458741
0.1719237 0.7873593 0.04071697
0.1806576 0.757909 0.06143346
0.1672411 0.7827868 0.04997211
0.1813317 0.7710895 0.04757885
0.1856113 0.749942 0.06444663
0.1644003 0.7800114 0.05558835
0.1877343 0.7560732 0.05619251
0.1538694 0.7928574 0.05327318
0.15724 0.7858029 0.05695713
0.1716663 0.7687285 0.05960516
0.1772644 0.7787859 0.04394964
0.1697234 0.7792188 0.05105782
0.1687109 0.7787717 0.05251736
0.1723847 0.7573881 0.07022713
0.1637249 0.7889408 0.0473343
0.1715548 0.767793 0.06065218
0.1923221 0.7576757 0.05000219
0.1795938 0.7681244 0.05228172
0.1790463 0.7567134 0.06424036
0.143926 0.809173 0.04690101
0.1625401 0.7826746 0.05478527
0.1669959 0.7726928 0.06031132
0.1557513 0.7871096 0.0571391
0.1596072 0.7886955 0.0516973
0.151065 0.7922146 0.05672039
0.1753863 0.7611276 0.06348607
0.1600703 0.791911 0.04801876
0.1473142 0.7927139 0.05997193
0.1698375 0.7910754 0.03908711
0.155971 0.8009301 0.04309889
0.1562157 0.7854634 0.0583209
0.1670488 0.7702677 0.0626835
0.1683689 0.7772618 0.05436932
0.1651817 0.7876403 0.04717798
0.1589408 0.7930337 0.04802547
0.1604352 0.7809607 0.05860404
0.1455588 0.8036002 0.05084102
0.181411 0.7667575 0.05183144
0.1628824 0.7688386 0.06827901
0.1663142 0.7764216 0.05726426
0.1695357 0.7908389 0.03962542
0.1612565 0.7847282 0.05401524
0.164855 0.7702585 0.06488646
0.1588793 0.7898188 0.05130192
0.1673842 0.7839235 0.04869222
0.1645528 0.7779751 0.0574721
0.1598348 0.7950113 0.0451539
0.1442507 0.8026214 0.05312791
0.1473948 0.7996403 0.05296494
0.1697857 0.7622644 0.06794989
0.1697874 0.7639237 0.06628883
0.1450286 0.7943459 0.06062547
0.1535125 0.7912383 0.05524918
0.1766712 0.7679934 0.05533544
0.1614934 0.7723468 0.06615977
0.1663091 0.7854497 0.04824115
0.1461099 0.810371 0.0435191
0.1643406 0.7827771 0.05288224
0.1827436 0.7667148 0.0505416
0.1673821 0.7716133 0.06100458
0.1842883 0.7674571 0.04825452
0.1673172 0.7843996 0.0482832
0.1500825 0.7887101 0.06120746
0.1754442 0.7743851 0.05017064
0.1629112 0.7835525 0.05353632
0.1412525 0.8151012 0.04364632
0.1639086 0.7740335 0.06205793
0.1819878 0.7666899 0.05132225
0.1430449 0.7978096 0.05914546
0.1678076 0.7841432 0.04804921
0.1774242 0.7713773 0.05119843
0.1615613 0.7919928 0.0464459
0.1602064 0.7913816 0.04841191
0.1563339 0.8026224 0.04104369
0.1577439 0.7899318 0.05232431
0.1530831 0.793178 0.05373889
0.1623559 0.7875214 0.05012265
0.1587431 0.8006876 0.04056933
0.1811193 0.7644146 0.05446605
0.1877678 0.7662867 0.04594549
0.1771436 0.7798415 0.04301496
0.1748478 0.7752574 0.04989487
0.1522728 0.7900336 0.05769358
0.1931446 0.7590731 0.04778227
0.1802465 0.7684944 0.05125913
0.1783518 0.763192 0.0584562
0.1983974 0.7460537 0.05554894
0.1610359 0.7929532 0.04601088
0.1569063 0.7820202 0.06107346
0.170457 0.7694653 0.06007769
0.158275 0.78382 0.05790495
0.1489916 0.7992904 0.05171791
0.1594211 0.7785068 0.06207213
0.1592029 0.7914914 0.04930571
0.1663424 0.782789 0.05086859
0.1487315 0.7895012 0.06176728
0.1596759 0.7925362 0.04778783
0.1450646 0.8074341 0.04750135
0.1733243 0.7663274 0.06034831
0.1621541 0.7811068 0.0567391
0.1682719 0.7716512 0.06007689
0.1821107 0.7714338 0.04645547
0.1463538 0.8126908 0.04095538
0.1703418 0.7763289 0.05332931
0.1655186 0.7895025 0.04497891
0.1565864 0.7833777 0.06003587
0.1767868 0.7645818 0.05863145
0.1687804 0.7693081 0.06191152
0.1677511 0.7810414 0.05120746
0.1760974 0.7590996 0.06480302
0.177368 0.7573719 0.06526009
0.1722146 0.7676376 0.06014783
0.1593558 0.7907108 0.04993332
0.1629855 0.7809985 0.05601592
0.1893192 0.7662236 0.04445717
0.1777785 0.7618017 0.0604198
0.1784876 0.7785348 0.04297762
0.1754318 0.7803732 0.04419501
0.1527934 0.7820394 0.06516727
0.1682962 0.7760323 0.05567146
0.1642172 0.776695 0.05908787
0.1669703 0.7708269 0.06220274
0.1691019 0.7747982 0.05609985
0.1597247 0.7984611 0.04181412
0.1682784 0.7865177 0.04520391
0.1612583 0.7827004 0.05604129
0.185069 0.7664915 0.0484395
0.1649094 0.7684172 0.0666734
0.1739982 0.7777521 0.04824965
0.1783878 0.7795097 0.04210251
0.1856062 0.768382 0.04601179
0.1852708 0.7555761 0.0591531
0.1648481 0.7839332 0.05121868
0.1699292 0.7670437 0.06302717
0.1605724 0.7790765 0.06035109
0.1511038 0.7998703 0.0490259
0.1645263 0.7886942 0.04677948
0.1645324 0.7778946 0.05757306
0.1661686 0.7801506 0.05368082
0.1587198 0.7913433 0.04993689
0.1795999 0.7488973 0.07150279
0.1553469 0.7889841 0.05566896
0.1900542 0.7525898 0.05735604
0.1729096 0.7803519 0.04673852
0.1536806 0.7902171 0.05610231
0.1706552 0.7788272 0.0505176
0.1703276 0.7763017 0.05337067
0.1739758 0.773461 0.05256319
0.1473565 0.797827 0.05481658
0.1543572 0.78676 0.05888277
0.1723128 0.7769971 0.05069013
0.1642588 0.7734309 0.06231029
0.1667795 0.7869667 0.04625382
0.1700801 0.7829505 0.04696934
0.1680433 0.7766705 0.05528622
0.187609 0.7593163 0.05307474
0.1755096 0.7752005 0.04928996
0.164972 0.7738955 0.06113252
0.1543165 0.7831765 0.06250704
0.1401327 0.8037391 0.05612825
0.1784024 0.7736458 0.04795184
0.1688942 0.766863 0.06424285
0.1564697 0.7782757 0.0652546
0.1566253 0.7807006 0.06267407
0.1734736 0.785865 0.04066144
0.1602847 0.7790007 0.06071458
0.1684646 0.7772079 0.05432745
0.156837 0.7882032 0.05495976
0.1530242 0.7947227 0.05225304
0.1655578 0.7729895 0.06145269
0.1464705 0.8047159 0.04881359
0.1819208 0.7708126 0.04726661
0.1580033 0.7869588 0.05503789
0.1749975 0.7688367 0.05616582
0.1931511 0.7605869 0.04626199
0.1554824 0.788051 0.05646658
0.1914046 0.7496728 0.05892252
0.1734425 0.7766042 0.04995335
0.1727971 0.7769903 0.05021258
0.1567055 0.7882606 0.05503389
0.1475584 0.7968733 0.05556827
0.182188 0.7808974 0.03691455
0.1570204 0.7774918 0.06548774
0.1589114 0.7903787 0.05070989
0.1567677 0.791483 0.05174928
0.1683311 0.7924356 0.03923327
0.1546895 0.7922679 0.05304262
0.1686274 0.7819582 0.04941442
0.1583574 0.7857987 0.05584396
0.1454333 0.7899179 0.06464888
0.1675963 0.7904465 0.04195723
0.1732489 0.7681222 0.05862889
0.1646519 0.7866303 0.04871782
0.1586378 0.7907653 0.05059694
0.1472428 0.8013675 0.05138968
0.1779508 0.7680102 0.05403898
0.1630542 0.7782087 0.05873712
0.1653651 0.7853166 0.04931831
0.1801625 0.7724124 0.04742515
0.1515274 0.8056824 0.04279018
0.1780901 0.7613022 0.06060776
0.1600293 0.7839375 0.05603329
0.1856679 0.7569227 0.05740935
0.1749957 0.757619 0.06738537
0.1799919 0.7651218 0.05488624
0.1650014 0.7755695 0.05942913
0.1723955 0.7801468 0.04745772
0.1577128 0.7767976 0.06548955
0.1610009 0.7873309 0.05166819
0.1573532 0.7789966 0.0636502
0.1466066 0.8049432 0.04845023
0.177759 0.7695848 0.05265619
0.1688364 0.7644505 0.06671311
0.173104 0.7730916 0.05380443
0.1443689 0.8012552 0.0543759
0.169644 0.7724494 0.05790651
0.1755539 0.7680851 0.05636102
0.1552447 0.8021058 0.04264949
0.1565634 0.7921059 0.05133073
0.1697122 0.7897784 0.04050939
0.1775409 0.7802348 0.0422243
0.1447166 0.7914691 0.06381436
0.1640714 0.7861744 0.04975421
0.1798564 0.7686891 0.05145447
0.1526046 0.8031816 0.04421382
0.1633536 0.7869651 0.04968125
0.1778958 0.7698701 0.05223412
0.1546908 0.7903828 0.0549264
0.1765208 0.7694424 0.05403684
0.1653245 0.7878656 0.04680989
0.1439835 0.8031659 0.05285064
0.1703559 0.7821913 0.04745281
0.172822 0.7723194 0.05485857
0.1611597 0.7876237 0.05121652
0.1470526 0.8086512 0.04429622
0.1733114 0.7637183 0.06297029
0.1902593 0.7622526 0.04748812
0.1738417 0.7840965 0.04206178
0.1583582 0.7864608 0.05518098
0.1711345 0.7770195 0.05184606
0.1613119 0.7802894 0.05839867
0.1956831 0.7555743 0.04874261
0.1678637 0.7793241 0.05281212
0.1545054 0.7844357 0.06105888
0.1897589 0.7540344 0.05620676
0.1607193 0.7877996 0.05148116
0.1867332 0.7656409 0.04762599
0.1625401 0.7823671 0.05509278
0.1491082 0.7949107 0.05598115
0.1682806 0.7868116 0.04490774
0.1602247 0.7858691 0.05390622
0.1890488 0.7603295 0.05062174
0.1861457 0.7582984 0.05555595
0.1601152 0.7738593 0.06602542
0.153785 0.7930325 0.05318241
0.1685326 0.7745146 0.0569528
0.1740853 0.7710647 0.05484993
0.1848542 0.7610511 0.0540947
0.169311 0.7833671 0.04732191
0.1675709 0.7898213 0.04260777
0.1638501 0.7921194 0.04403055
0.158152 0.7863115 0.05553658
0.1587377 0.7953785 0.04588383
0.1725256 0.7771237 0.05035071
0.1418681 0.8189664 0.03916548
0.1831381 0.769322 0.04753996
0.1877478 0.7586769 0.05357528
0.1638059 0.7815002 0.05469392
0.1739813 0.7758051 0.05021364
0.1493795 0.7849347 0.06568588
0.1569276 0.7914917 0.05158071
0.1809062 0.7580697 0.06102407
0.1534046 0.7970788 0.04951664
0.1662815 0.7777505 0.05596797
0.1760516 0.7688861 0.05506229
0.1534803 0.7847026 0.06181703
0.1633889 0.7769518 0.05965928
0.1758367 0.7623234 0.06183984
0.1611679 0.7970322 0.04179992
0.1648082 0.7670947 0.06809705
0.1738104 0.7618473 0.06434229
0.1880054 0.7547094 0.05728517
0.1697702 0.7660078 0.06422198
0.1853227 0.7517602 0.0629171
0.1573776 0.7959272 0.04669523
0.1647183 0.7959312 0.03935049
0.1830971 0.7670479 0.04985501
0.1682394 0.7918225 0.03993812
0.1742925 0.7714228 0.05428472
0.1741982 0.7729638 0.052838
0.1714724 0.7759255 0.05260202
0.1589041 0.7872527 0.05384325
0.1588346 0.7784883 0.06267716
0.1611029 0.7917696 0.04712751
0.1603019 0.7793219 0.06037628
0.1843709 0.7663582 0.0492709
0.169399 0.7766117 0.05398933
0.1812908 0.7585582 0.06015103
0.1630904 0.7945683 0.04234124
0.1568556 0.7969374 0.04620701
0.1714832 0.7712004 0.05731636
0.1605571 0.7794681 0.05997484
0.1797865 0.7660795 0.05413407
0.1805883 0.7721862 0.04722551
0.1695551 0.761079 0.06936586
0.1619405 0.7910346 0.04702492
