p_1 p_2 p_3 p_4 
0.1035046 0.1307692 0.6879177 0.07780847 
0.1186989 0.001408109 0.8093051 0.07058795 
0.1080368 0.0194529 0.7542334 0.1182768 
0.1035524 0.02343439 0.7094537 0.1635595 
0.1513309 0.00602319 0.775995 0.06665086 
0.1887824 0.03157627 0.7198574 0.05978388 
0.1142258 0.02092095 0.8165848 0.04826845 
0.135153 0.05455117 0.8016925 0.008603336 
0.1616313 0.0494641 0.7798066 0.009098009 
0.2164591 0.02702564 0.7335865 0.02292877 
0.09642443 0.0655391 0.8245363 0.01350014 
0.1050674 0.09140319 0.7821806 0.02134886 
0.1337794 0.04323698 0.8173315 0.005652077 
0.1199807 0.01691912 0.8345612 0.02853903 
0.1409503 0.1361854 0.7221174 0.0007469276 
0.1172467 0.03055455 0.804271 0.04792777 
0.06570062 0.1425883 0.7883132 0.003397824 
0.07945248 0.004683553 0.7728693 0.1429947 
0.0600445 0.03453618 0.7830614 0.1223579 
0.143726 0.01403822 0.713022 0.1292138 
0.0744738 0.001255511 0.7371313 0.1871394 
0.03841844 0.0298685 0.7219519 0.2097611 
0.09730636 0.02390131 0.7555408 0.1232516 
0.008188383 0.03985439 0.7838361 0.1681211 
0.01771973 0.02822759 0.8145821 0.1394706 
0.0102707 0.08538777 0.796301 0.1080406 
0.008528782 0.1210803 0.7394892 0.1309017 
0.02478586 0.08147262 0.7593407 0.1344008 
0.03852828 0.04447461 0.801811 0.1151861 
0.103654 0.08073909 0.7929447 0.02266217 
0.09652743 0.1165869 0.7856769 0.001208817 
0.09231049 0.08390268 0.8109984 0.01278845 
0.1252212 0.08481892 0.7468175 0.04314243 
0.1292609 0.04700195 0.8070606 0.01667655 
0.1104335 0.03760055 0.8455862 0.006379823 
0.1280613 0.04918906 0.8012883 0.02146133 
0.1657874 0.04888103 0.7805298 0.004801856 
0.1123002 0.05939223 0.8178949 0.01041268 
0.1013904 0.06789999 0.767658 0.06305171 
0.1880658 0.03712413 0.7423289 0.03248111 
0.08825485 0.01966801 0.8683205 0.02375664 
0.1770802 0.01135198 0.8080324 0.003535456 
0.08010285 0.04144135 0.8549482 0.02350757 
0.154972 0.05803181 0.7781782 0.008817916 
0.1843169 0.0109209 0.724856 0.0799062 
0.1438572 0.006714071 0.8046885 0.04474021 
0.1293467 0.02271527 0.8145959 0.0333421 
0.1522506 0.1207671 0.7052715 0.02171079 
0.1454148 0.05490017 0.7865614 0.01312367 
0.1219104 0.1659363 0.7119978 0.0001554977 
0.09082021 0.07713998 0.8170278 0.01501198 
0.1767977 0.1298936 0.6856173 0.00769143 
0.09584407 0.08335373 0.8183231 0.002479049 
0.07018462 0.05842494 0.8488946 0.02249585 
0.138317 0.0548062 0.7989746 0.007902163 
0.1609552 0.007389455 0.7868097 0.04484558 
0.08408312 0.01015224 0.8465709 0.05919378 
0.1199317 0.01779614 0.8003859 0.0618863 
0.1065903 0.005184009 0.7643997 0.123826 
0.1113125 0.01983061 0.7826192 0.08623772 
0.08224696 0.004197712 0.8209466 0.09260871 
0.1993107 0.06168173 0.6855675 0.05344003 
0.1074846 0.0999917 0.7038494 0.08867424 
0.1217087 0.08575552 0.7329804 0.05955539 
0.1070247 0.08799342 0.7848736 0.02010825 
0.1311274 0.04566858 0.8026476 0.02055646 
0.1397174 0.04380335 0.7800626 0.03641667 
0.1975612 0.09101877 0.7097231 0.001696937 
0.1433605 0.04556392 0.7831613 0.02791436 
0.08973778 0.07875086 0.7790423 0.05246903 
0.146444 0.06192741 0.7786959 0.01293263 
0.1429039 0.05051468 0.7934052 0.01317615 
0.1338928 0.02392214 0.8227474 0.01943767 
0.08479209 0.05606669 0.8541544 0.004986863 
0.1527229 0.04637359 0.7583146 0.04258895 
0.1120005 0.06493855 0.8113368 0.0117242 
0.1071495 0.01022783 0.7954742 0.08714846 
0.124546 0.01344836 0.8100663 0.05193937 
0.099124 0.05092874 0.7143159 0.1356314 
0.1046585 0.01329978 0.8561658 0.02587589 
0.1233352 0.01935416 0.793087 0.06422363 
0.1405381 0.00978634 0.7784905 0.07118498 
0.1300886 0.06595799 0.7859651 0.01798827 
0.1036702 0.03278149 0.8559304 0.007617966 
0.1535558 0.04343974 0.7243783 0.07862611 
0.0824993 0.03321701 0.7281398 0.1561439 
0.03447239 0.04476673 0.7819846 0.1387763 
0.1209369 0.04353989 0.7398942 0.09562895 
0.001342524 0.09808869 0.8012353 0.09933351 
0.02075939 0.03924466 0.7914416 0.1485544 
0.01188081 0.04751945 0.7886112 0.1519886 
0.01884781 0.06981543 0.7466121 0.1647247 
0.008177734 0.06817753 0.789973 0.1336717 
0.03053857 0.04072767 0.6343384 0.2943954 
0.01632662 0.02769331 0.8018831 0.154097 
0.1036364 0.006282145 0.7748769 0.1152046 
0.05368587 0.01288338 0.8122816 0.1211491 
0.03828243 0.02941858 0.7682022 0.1640967 
0.06649393 0.0495275 0.7969118 0.08706673 
0.05750153 0.03503867 0.8182265 0.08923326 
0.07476345 0.02404399 0.768112 0.1330805 
0.03876132 0.01006208 0.83938 0.1117966 
0.04621886 0.1063649 0.6688775 0.1785388 
0.04835413 0.05242676 0.7808762 0.1183429 
0.04571339 0.02697414 0.7591537 0.1681588 
0.06081374 0.005509184 0.8133371 0.12034 
0.07498927 0.05739793 0.7785687 0.08904414 
0.01927336 0.01837369 0.8053927 0.1569602 
0.03540031 0.01891598 0.8390641 0.1066196 
0.0519901 0.0375195 0.7282342 0.1822562 
0.04211464 0.1116946 0.7612392 0.08495159 
0.01979866 0.04153368 0.7979732 0.1406944 
0.008141736 0.0563391 0.8015478 0.1339713 
0.02215062 0.07463629 0.7741447 0.1290683 
0.0101955 0.05761538 0.7944251 0.137764 
0.008952965 0.08983411 0.7289122 0.1723007 
0.0430722 0.08509059 0.8114197 0.06041754 
0.01438259 0.09178872 0.7639234 0.1299053 
0.02094005 0.02829661 0.8340527 0.1167107 
0.09907578 0.06806699 0.7122809 0.1205764 
0.06544742 0.03527983 0.7360363 0.1632365 
0.05519156 0.04966162 0.7829921 0.1121548 
0.008459031 0.09943922 0.7176388 0.174463 
0.03526114 0.05368394 0.8240435 0.08701145 
0.04558054 0.04984405 0.7724524 0.132123 
0.01548564 0.05280225 0.6948523 0.2368598 
0.0121345 0.04990309 0.7248007 0.2131618 
0.03857835 0.07878565 0.7431656 0.1394704 
0.01595305 0.03750737 0.7655442 0.1809954 
0.01434152 0.05728231 0.8270587 0.1013175 
0.02337982 0.08603387 0.775897 0.1146893 
0.01821895 0.05044694 0.7760811 0.155253 
0.1117034 0.03930588 0.638787 0.2102037 
0.02364102 0.1273931 0.7332099 0.115756 
0.03814294 0.05810585 0.7623103 0.1414409 
0.04743317 0.08337467 0.7479996 0.1211926 
0.005379864 0.05309039 0.8715308 0.06999892 
0.111711 0.04023186 0.8235726 0.02448448 
0.1508181 0.08575652 0.7079275 0.05549787 
0.1538211 0.0531235 0.7873502 0.005705285 
0.1090482 0.08532279 0.8034529 0.002176115 
0.137413 0.03883358 0.8082972 0.01545622 
0.1176292 0.1477038 0.7296417 0.005025383 
0.1366792 0.05108343 0.7928374 0.01939992 
0.1112344 0.05388804 0.8103727 0.02450493 
0.1826216 0.0246056 0.7709197 0.02185316 
0.06833222 0.1182435 0.8075082 0.005916152 
0.09690774 0.04812478 0.8406492 0.01431825 
0.08083841 0.03871089 0.8353419 0.0451088 
0.2519883 0.01912206 0.6666251 0.06226454 
0.06537794 0.07168714 0.8245956 0.03833935 
0.0715617 0.1192291 0.7599751 0.04923403 
0.08373269 0.1128838 0.7701226 0.03326093 
0.06785807 0.1218305 0.7953358 0.01497565 
0.1369905 0.0685706 0.7941771 0.0002618574 
0.1021192 0.1535407 0.7239148 0.02042532 
0.1462969 0.1554063 0.6920412 0.006255609 
0.08302229 0.125054 0.7867071 0.005216629 
0.06070025 0.1082289 0.8276727 0.00339817 
0.03396086 0.12231 0.7926167 0.05111243 
0.1014462 0.09074384 0.807063 0.0007469901 
0.06131129 0.1454353 0.7871772 0.006076198 
0.04764618 0.1133746 0.7931521 0.04582715 
0.03055448 0.09963828 0.8538273 0.01597989 
0.09389692 0.1341832 0.739889 0.0320308 
0.03846767 0.129162 0.7611296 0.07124067 
0.051826 0.1740315 0.7416059 0.03253662 
0.006234949 0.1310275 0.7980852 0.0646524 
0.03043972 0.1369795 0.7747914 0.0577894 
0.002131405 0.0795592 0.8476386 0.0706708 
0.03425788 0.1460637 0.7562996 0.06337881 
0.01864769 0.1663893 0.73048 0.08448298 
0.01265376 0.1081416 0.8028608 0.07634391 
0.09152455 0.07266865 0.797507 0.0382998 
0.00649089 0.1107463 0.8329872 0.04977554 
0.01884861 0.1306867 0.7750354 0.07542926 
0.1398621 0.2089619 0.6307451 0.0204309 
0.01017066 0.1970798 0.7902407 0.002508901 
0.0203462 0.1491735 0.8045641 0.02591626 
0.0174561 0.04724288 0.7624902 0.1728108 
0.02403085 0.07052962 0.8041636 0.1012759 
0.0278337 0.05205727 0.8054819 0.1146271 
0.04466485 0.05443845 0.7686292 0.1322675 
0.008327935 0.1049952 0.7172831 0.1693937 
0.01010421 0.05731211 0.7701802 0.1624035 
0.0199896 0.06752657 0.7410142 0.1714696 
0.001052947 0.04812409 0.8686973 0.08212563 
0.006365525 0.07063896 0.7441912 0.1788043 
0.03246992 0.06216341 0.8085103 0.09685636 
0.04280324 0.03916399 0.7601408 0.157892 
0.02936962 0.06513382 0.7608157 0.1446809 
0.05422894 0.05390456 0.7675839 0.1242826 
0.04909401 0.08920045 0.7081046 0.1536009 
0.01631472 0.07368406 0.7471012 0.1629001 
0.02453942 0.05785336 0.7654227 0.1521846 
0.07765725 0.01169901 0.759743 0.1509007 
0.04034499 0.02982648 0.7180868 0.2117417 
0.0001003436 0.04514547 0.739128 0.2156261 
0.06845863 0.003480779 0.7961231 0.1319375 
0.0320306 0.01923515 0.8629492 0.08578502 
0.01392938 0.05548728 0.7559749 0.1746084 
0.0379635 0.02882444 0.8243525 0.1088595 
0.07388617 0.04931294 0.7688168 0.1079841 
0.1468424 0.01812395 0.7398924 0.09514126 
0.02806254 0.03414128 0.8236843 0.1141119 
0.1101641 0.0006715067 0.7735957 0.1155687 
0.08302206 0.00594 0.7920419 0.118996 
0.06957755 0.01471131 0.7879895 0.1277217 
0.09148943 0.008435213 0.7972495 0.1028259 
0.08086679 0.01533798 0.7758986 0.1278967 
0.06661304 0.03833328 0.6568127 0.238241 
0.07009687 0.03599723 0.7626135 0.1312924 
0.07856272 0.006489652 0.7844475 0.1305001 
0.005959451 0.2128329 0.7537885 0.02741919 
0.02006389 0.1366761 0.8123581 0.0309019 
0.004132928 0.1715994 0.770278 0.05398967 
0.03090778 0.1452382 0.7869356 0.03691842 
0.04194386 0.1293115 0.7452676 0.08347709 
0.006402941 0.2265454 0.7406324 0.02641928 
0.002054944 0.1507105 0.7744554 0.07277917 
0.06215302 0.08492308 0.7425376 0.1103863 
0.01263906 0.1424871 0.8072258 0.03764803 
0.03052394 0.09021223 0.8535579 0.02570589 
0.0004636215 0.1024558 0.8682701 0.02881049 
0.004065119 0.1195848 0.8396575 0.03669258 
0.01255887 0.1402137 0.7628134 0.08441401 
0.001346354 0.171673 0.7364432 0.09053744 
0.01400535 0.2480716 0.7164212 0.02150184 
0.04343529 0.1717623 0.7834985 0.001303966 
0.1193543 0.185927 0.694571 0.0001477803 
0.04101751 0.1426093 0.8129225 0.003450711 
0.01427596 0.1681116 0.7967978 0.0208146 
0.04063668 0.1355725 0.8054251 0.01836573 
0.07722124 0.1208737 0.7831554 0.01874966 
0.05923391 0.06773713 0.7886793 0.08434965 
0.03462033 0.1260757 0.8302583 0.009045631 
0.01427084 0.1570698 0.70273 0.1259293 
0.03111224 0.004779728 0.7791225 0.1849856 
0.0559064 0.05969469 0.7695073 0.1148916 
0.02751579 0.0242858 0.7406084 0.20759 
0.05408296 0.02438279 0.80572 0.1158143 
0.01820054 0.0576654 0.778946 0.145188 
0.05089185 0.009379067 0.8163563 0.1233728 
0.06184068 0.01580195 0.7617592 0.1605981 
0.04582783 0.0004289756 0.8661302 0.08761298 
0.06742423 0.02618569 0.8057084 0.1006817 
0.05159757 0.05054604 0.761585 0.1362714 
0.07523136 0.01093469 0.8321079 0.08172609 
0.1179183 0.01785669 0.709299 0.154926 
0.05967051 0.02532601 0.8391288 0.0758747 
0.1028793 0.02986006 0.7782904 0.08897023 
0.07063667 0.01154421 0.7768156 0.1410035 
0.07323858 0.02558489 0.8182932 0.08288338 
0.04167644 0.02610949 0.7920166 0.1401975 
0.009165196 0.0849557 0.8339871 0.07189198 
0.04138346 0.04825921 0.7369633 0.173394 
0.003352108 0.04643829 0.8781291 0.07208045 
0.01510822 0.07024953 0.7676191 0.1470232 
0.01186108 0.09486656 0.7599467 0.1333257 
0.03209002 0.09464353 0.7307624 0.1425041 
0.02013756 0.1060244 0.8002428 0.0735953 
0.003978916 0.04633527 0.8349696 0.1147162 
0.03914035 0.03650546 0.775205 0.1491491 
0.002368134 0.03724779 0.7516637 0.2087204 
0.06674092 0.06475787 0.8060323 0.06246888 
0.03226242 0.05837849 0.8290517 0.08030736 
0.03351116 0.06863065 0.8378169 0.06004125 
0.108979 0.03971336 0.820807 0.03050064 
0.1175409 0.08810764 0.7406105 0.05374095 
0.1606506 0.03833364 0.7727094 0.02830638 
0.1293395 0.03122943 0.8282672 0.0111639 
0.1492366 0.05165444 0.7594658 0.03964314 
0.1891009 0.07544132 0.6998552 0.0356026 
0.1514579 0.03788835 0.794307 0.01634676 
0.1383248 0.04704706 0.7300698 0.0845583 
0.1436005 0.0511546 0.7993029 0.005942039 
0.1373764 0.1001676 0.6817233 0.08073279 
0.1030169 0.05319252 0.7825236 0.06126693 
0.2013543 0.008589257 0.7118481 0.0782083 
0.1119341 0.003714616 0.7869102 0.09744115 
0.1652325 0.02759409 0.7656063 0.04156703 
0.1906818 0.03626232 0.6918346 0.08122125 
0.1438593 0.0432956 0.7486219 0.06422318 
0.1168547 0.05915101 0.7736057 0.05038865 
0.2139885 0.06048534 0.7101109 0.01541523 
0.1400978 0.04481389 0.812733 0.002355386 
0.2104595 0.06155692 0.7199748 0.008008742 
0.1240466 0.02263564 0.8271736 0.02614418 
0.2015933 0.008326415 0.6999333 0.09014701 
0.1395994 0.0748263 0.7435155 0.04205883 
0.1040181 0.0005623566 0.828549 0.06687053 
0.1462223 0.008861441 0.7808396 0.06407666 
0.1521038 0.01058881 0.8002444 0.03706294 
0.1390158 0.01461199 0.7799801 0.06639207 
0.2281065 0.001230361 0.6927632 0.07789994 
0.1577715 0.03182532 0.7615905 0.04881275 
0.2194291 0.006594285 0.7373376 0.03663909 
0.145 0.03236465 0.7859269 0.03670841 
0.0891313 0.07587947 0.8219844 0.01300479 
0.1335333 0.06313587 0.768563 0.03476781 
0.1108614 0.04438313 0.8184112 0.02634424 
0.2275056 0.04480335 0.6959506 0.03174046 
0.1520408 0.0146255 0.8252322 0.008101534 
0.152297 0.1221374 0.7107094 0.01485616 
0.1667753 0.06327144 0.7220035 0.04794982 
0.08484558 0.05376341 0.8542681 0.007122872 
0.1136527 0.06150018 0.8022457 0.02260142 
0.1221865 0.1271854 0.7309445 0.01968355 
0.1031712 0.04135766 0.8173945 0.03807665 
0.1295694 0.08559007 0.7522396 0.03260091 
0.1446352 0.08890339 0.7254357 0.04102573 
0.09613417 0.06204442 0.8033884 0.03843302 
0.1362225 0.1060336 0.6949636 0.06278022 
0.08961566 0.03453117 0.8467294 0.0291238 
0.08874039 0.08062261 0.8287249 0.001912076 
0.1072686 0.04299519 0.831395 0.01834123 
0.1323591 0.07124112 0.7824024 0.01399744 
0.129191 0.0408941 0.7548812 0.07503364 
0.1027654 0.004370252 0.7639554 0.1289089 
0.1426919 0.02409683 0.7619566 0.07125473 
0.1151755 0.02315353 0.8059588 0.0557121 
0.1556423 0.01985441 0.7488706 0.07563265 
0.1529189 0.0270421 0.7710994 0.04893964 
0.05676049 0.03934025 0.793046 0.1108533 
0.1109504 0.01261161 0.8153811 0.06105692 
0.08287201 0.03739211 0.7565618 0.123174 
0.1692146 0.02364417 0.7241966 0.08294471 
0.1643287 0.006172707 0.7448812 0.08461737 
0.06838791 0.0973419 0.8148426 0.01942758 
0.1119134 0.00413818 0.8103364 0.07361201 
0.0960254 0.04709877 0.8435518 0.01332407 
0.1121846 0.07036935 0.7994913 0.01795475 
0.1375662 0.02620772 0.8323632 0.003862849 
0.08355427 0.06500213 0.8132775 0.03816611 
0.1104454 0.0508665 0.8100003 0.02868784 
0.08025671 0.09333219 0.822304 0.004107093 
0.1603669 0.04297502 0.7936108 0.003047284 
0.1229003 0.04255499 0.8283248 0.00621994 
0.1562827 0.06106583 0.7783645 0.004287024 
0.09803812 0.09078236 0.8087281 0.002451383 
0.05973265 0.07700771 0.8386138 0.02464587 
0.1208205 0.01744984 0.7924462 0.06928343 
0.1925789 0.006375169 0.7436138 0.05743219 
0.1922244 0.003569834 0.7656557 0.03855008 
0.1234801 0.05608729 0.7609065 0.0595261 
0.1043353 0.03075289 0.8383991 0.0265127 
0.1547833 0.005392575 0.7642296 0.07559455 
0.113801 0.01462833 0.7673774 0.1041933 
0.1719268 0.009078412 0.7873443 0.03165057 
0.1624306 0.04299666 0.7355217 0.05905101 
0.1200258 0.008463644 0.8436038 0.0279068 
0.130101 0.02728773 0.7760876 0.06652374 
0.1188853 0.04331235 0.8027788 0.03502357 
0.1395584 0.0006366572 0.7766118 0.08319315 
0.1104515 0.003304112 0.8157663 0.070478 
0.1478916 0.00355265 0.8268603 0.02169548 
0.1729226 0.03049745 0.7272978 0.0692821 
0.150741 0.008232124 0.7584925 0.08253442 
0.1117218 0.04522972 0.7832345 0.05981394 
0.1037912 0.02061895 0.722567 0.1530229 
0.101665 0.01760212 0.8193736 0.06135927 
0.1907396 0.002896723 0.7793621 0.02700161 
0.1561133 0.02111781 0.7810517 0.04171722 
0.1254128 0.02845671 0.8022669 0.04386352 
0.1240852 0.05987555 0.7429753 0.07306405 
0.09094726 0.005035427 0.7847956 0.1192217 
0.01910631 0.1559123 0.7832243 0.04175709 
0.09173561 0.0836246 0.7689376 0.05570221 
0.07632127 0.1663036 0.7143846 0.04299059 
0.09479259 0.2005688 0.68343 0.02120861 
0.004381958 0.09685622 0.7341807 0.1645811 
0.0231623 0.2357091 0.7171441 0.02398445 
0.005128565 0.1547018 0.8296686 0.010501 
0.05129548 0.2166714 0.7032604 0.0287728 
0.06338074 0.1580423 0.7315349 0.04704197 
0.06168195 0.1500654 0.7275504 0.06070222 
0.04317397 0.1519917 0.7790776 0.02575671 
0.08478523 0.1181934 0.7903771 0.006644341 
0.06377788 0.1981221 0.7318381 0.006261922 
0.05382054 0.1256236 0.8070769 0.0134789 
0.1245526 0.01187306 0.6799248 0.1836495 
0.02900071 0.05656193 0.8366694 0.07776795 
0.1145914 0.02969909 0.735077 0.1206325 
0.06338112 0.1421766 0.6666745 0.1277678 
0.003312718 0.0586616 0.8114861 0.1265396 
0.03398123 0.04523712 0.7873462 0.1334354 
0.003191011 0.05817992 0.8152931 0.123336 
0.04260565 0.07054584 0.7494522 0.1373964 
0.02943634 0.07357043 0.7999328 0.09706047 
0.004576632 0.03930667 0.7963972 0.1597195 
0.005123632 0.119514 0.7299507 0.1454117 
0.005957597 0.03406756 0.7515898 0.208385 
0.1512851 0.05103832 0.7768297 0.02084691 
0.124191 0.02312532 0.8292821 0.02340156 
0.178848 0.001629443 0.8024183 0.01710431 
0.2194208 0.01288038 0.7360268 0.03167201 
0.1282696 0.04996845 0.7444809 0.07728106 
0.164468 0.01861133 0.8137994 0.003121273 
0.1382051 0.07351126 0.7556389 0.03264481 
0.1548737 0.04679636 0.789733 0.008596909 
0.1748549 0.04170148 0.7741311 0.00931247 
0.003803269 0.03546115 0.8288145 0.1319211 
0.02874917 0.07253475 0.7624747 0.1362414 
0.02740015 0.01451553 0.7609843 0.1971001 
0.02010807 0.07549047 0.7351464 0.169255 
0.002760556 0.07118035 0.765661 0.160398 
0.04126374 0.04080913 0.831572 0.08635511 
0.09566223 0.06463744 0.8357919 0.003908398 
0.1172128 0.08856602 0.7715349 0.02268629 
0.1236872 0.06873754 0.798382 0.009193262 
0.1368151 0.04118387 0.806625 0.01537604 
0.1036901 0.07215723 0.8170925 0.00706014 
0.1299473 0.0834375 0.778411 0.008204195 
0.09571671 0.06863025 0.7929571 0.04269595 
0.1244182 0.04042667 0.8162871 0.01886807 
0.1539986 0.05781365 0.7546059 0.03358188 
0.1437367 0.05387159 0.7998039 0.002587813 
0.1871347 0.1051453 0.683927 0.02379298 
0.1602257 0.04960643 0.7757605 0.01440745 
0.2405564 0.06861439 0.6288741 0.06195504 
0.1173609 0.06682834 0.7861703 0.02964053 
0.1803216 0.05514394 0.6882127 0.07632173 
0.08648384 0.01966773 0.8665291 0.02731934 
0.1297915 0.07527417 0.7635529 0.03138139 
0.07503712 0.003256858 0.8177718 0.1039342 
0.1289152 0.02306368 0.7060167 0.1420044 
0.09379187 0.003662776 0.8516996 0.05084578 
0.08185637 0.04582175 0.7291267 0.1431952 
0.1429171 0.01423907 0.7926857 0.05015816 
0.1954192 0.02538701 0.6676976 0.1114962 
0.1271825 0.01897516 0.728647 0.1251954 
0.1592228 0.04967609 0.767383 0.02371811 
0.1450018 0.03797417 0.8038112 0.01321287 
0.1777225 0.002037964 0.7892912 0.0309484 
0.1721948 0.02097028 0.7457932 0.0610417 
0.1058286 0.002419787 0.8071423 0.08460925 
0.1179122 0.006942796 0.8443969 0.03074818 
0.17564 0.0002310303 0.7633618 0.06076722 
0.19761 0.004917866 0.7326009 0.06487123 
0.07665428 9.293086e-05 0.849051 0.07420178 
0.140123 0.008675006 0.7847375 0.06646442 
0.1689845 0.03335023 0.7005906 0.09707467 
0.1065105 0.04602305 0.8299912 0.01747524 
0.1007681 0.02788744 0.8181777 0.05316674 
0.1163814 0.02196646 0.7644979 0.09715428 
0.1837693 0.0261488 0.7333134 0.05676852 
0.11581 0.05660826 0.743631 0.08395071 
0.1015997 0.004738663 0.8359037 0.057758 
0.05477524 0.08160907 0.8115737 0.05204196 
0.05704951 0.1926411 0.6734789 0.07683043 
0.02383894 0.1208438 0.8067103 0.04860694 
0.08249331 0.1228747 0.7468967 0.04773526 
0.005997084 0.1570385 0.6828508 0.1541137 
0.0326285 0.113399 0.7630426 0.09092991 
0.04763003 0.1107935 0.7533419 0.08823461 
0.02492067 0.1472953 0.7999062 0.02787786 
0.05118484 0.165412 0.7309399 0.05246319 
0.05806041 0.116677 0.7583397 0.06692288 
0.03174912 0.1316619 0.8127829 0.0238061 
0.01841214 0.1435001 0.7921262 0.04596154 
0.06022312 0.1041082 0.7954543 0.04021436 
0.1583653 0.059171 0.6858585 0.09660511 
0.09801225 0.01993597 0.8379236 0.04412823 
0.1061091 0.04733385 0.7653866 0.08117044 
0.1677688 0.01536909 0.7850042 0.03185795 
0.1432577 0.007946867 0.7953315 0.05346393 
0.1256146 0.0470374 0.7619534 0.06539455 
0.1255049 0.04939962 0.8232409 0.001854592 
0.1230247 0.07480623 0.771377 0.03079207 
0.12326 0.03822909 0.8201599 0.01835107 
0.1225567 0.05331265 0.8197147 0.004415985 
0.1306904 0.07313479 0.7578708 0.03830398 
0.1696958 0.08001749 0.696701 0.05358569 
0.1341125 0.1265812 0.7304501 0.008856244 
0.1244395 0.01803215 0.8208049 0.03672337 
0.1135976 1.501979e-05 0.8004697 0.08591766 
0.1261511 0.08541721 0.7623842 0.02604751 
0.1709367 0.0417093 0.787104 0.0002500314 
0.1201309 0.07171813 0.7368922 0.07125877 
0.162358 0.09071744 0.7285311 0.01839342 
0.1183723 0.05834908 0.8030411 0.02023745 
0.1213038 0.0912438 0.7872705 0.0001818968 
0.1171643 0.06339652 0.8138426 0.005596534 
0.1344029 0.05975294 0.8044159 0.001428284 
0.1506727 0.06077848 0.7661493 0.02239954 
0.1025002 0.05084707 0.8324962 0.01415648 
0.1596752 0.03649916 0.8023148 0.001510757 
0.1061158 0.02304197 0.8540502 0.01679206 
0.2599779 0.05133508 0.6862481 0.002438848 
0.03801336 0.04482227 0.7958041 0.1213602 
0.045428 0.0359025 0.7723782 0.1462913 
0.02503661 0.0884699 0.7954573 0.0910362 
0.1550057 0.003448618 0.7512196 0.09032609 
0.02180416 0.05439848 0.7778995 0.1458978 
0.04000506 0.06051871 0.7671301 0.1323462 
0.01571505 0.06676682 0.7725605 0.1449576 
0.003389116 0.05901813 0.8665916 0.07100114 
0.008098168 0.1465383 0.6882104 0.1571531 
0.003814587 0.08109438 0.7446403 0.1704507 
0.03212936 0.072436 0.7322933 0.1631413 
0.01789582 0.04819823 0.8276112 0.1062947 
0.1012244 0.09392583 0.6604607 0.144389 
0.02383548 0.04783677 0.7791196 0.1492081 
0.02302867 0.04931467 0.7976952 0.1299615 
0.02223488 0.06065057 0.810084 0.1070306 
0.005545116 0.1045585 0.7417621 0.1481343 
0.0003707126 0.07905329 0.7987681 0.1218079 
0.002476336 0.07069332 0.8106571 0.1161732 
0.0498331 0.02718384 0.7512307 0.1717523 
0.105175 0.00656523 0.7648977 0.123362 
0.0589428 0.00955965 0.7822039 0.1492937 
0.06117248 0.08810358 0.7425672 0.1081567 
0.06330425 0.01460409 0.8087566 0.1133351 
0.06561368 0.02889 0.8206731 0.08482321 
0.03058966 0.0360561 0.7773455 0.1560088 
0.02861004 0.004674295 0.8082207 0.158495 
0.07795635 0.01344593 0.7262933 0.1823044 
0.04621113 0.004400704 0.8702541 0.07913407 
0.03357573 0.005102406 0.7984111 0.1629108 
0.05898657 0.001722778 0.7735114 0.1657793 
0.02727646 0.03886552 0.8108325 0.1230255 
0.02981959 0.005948346 0.8563033 0.1079287 
0.009802685 0.06469832 0.7951503 0.1303487 
0.002875299 0.07515242 0.8100592 0.1119131 
0.04966714 0.03568096 0.8365375 0.07811439 
0.150428 0.01805587 0.7228464 0.1086697 
0.05027201 0.0337443 0.8169728 0.09901088 
0.07957978 0.01351608 0.7937467 0.1131574 
0.08627251 0.0194332 0.7357162 0.1585781 
0.057842 0.008238408 0.7629003 0.1710192 
0.04293315 0.05576242 0.7696646 0.1316398 
0.03406827 0.08399927 0.7520893 0.1298432 
0.07924722 0.03765756 0.7569797 0.1261155 
0.06063991 0.0005349589 0.8008531 0.137972 
0.04254034 0.1255279 0.788254 0.04367775 
0.05174561 0.1364105 0.797981 0.01386292 
0.07455533 0.1070305 0.803154 0.01526014 
0.04959881 0.1062423 0.8350263 0.009132576 
0.01714565 0.206228 0.744761 0.03186535 
0.06235161 0.1666107 0.7126733 0.0583644 
0.1065617 0.001555264 0.7923618 0.09952131 
0.1681566 0.01558444 0.710926 0.105333 
0.1679473 0.05136114 0.7546943 0.02599724 
0.1382973 0.03562841 0.7662332 0.059841 
0.2237547 0.0128095 0.7321153 0.03132044 
0.1190589 0.05229086 0.7428613 0.08578896 
0.179231 0.02988489 0.770918 0.01996607 
0.1931874 0.03424581 0.7271991 0.04536764 
0.1006388 0.05508619 0.7787881 0.06548685 
0.08594138 0.02628133 0.8233428 0.06443452 
0.1053709 0.03461544 0.8465401 0.01347351 
0.1082349 0.04305182 0.8348772 0.01383614 
0.09809008 0.06725808 0.7646088 0.07004306 
0.1719869 0.09600199 0.7245519 0.007459137 
0.09097216 0.01488401 0.7721143 0.1220295 
0.1861248 0.03481643 0.7444947 0.03456409 
0.1280646 0.08311963 0.7689144 0.01990132 
0.1174666 0.06615639 0.8070839 0.009293087 
0.09857281 0.1385594 0.7535188 0.009348989 
0.1036829 0.01775087 0.8643572 0.01420905 
0.1628564 0.02829019 0.7967522 0.0121012 
0.1446394 0.03965303 0.7807517 0.03495585 
0.1099628 0.06683259 0.8226168 0.0005878309 
0.2221207 0.04141135 0.7263004 0.01016753 
0.1131343 0.04656874 0.8318323 0.008464573 
0.1234449 0.06158283 0.806344 0.008628248 
0.1003438 0.09694295 0.774829 0.02788429 
0.1038621 0.1036933 0.7472152 0.04522933 
0.1931854 0.07853239 0.7204431 0.007839095 
0.1638781 0.07255117 0.746117 0.01745375 
0.1962041 0.04257317 0.7374428 0.02377996 
0.1771881 0.04053083 0.7482866 0.03399447 
0.1426856 0.01647579 0.8397093 0.00112931 
0.08775485 0.06702877 0.8034323 0.0417841 
0.1614459 0.04931693 0.7465723 0.04266485 
0.1348153 0.07116815 0.7829236 0.01109297 
0.108696 0.07836773 0.7920466 0.02088973 
0.08082802 0.07176946 0.8236277 0.0237748 
0.07429845 0.02732138 0.8160979 0.08228224 
0.2151404 0.01996249 0.7573775 0.007519609 
0.1730834 0.0208239 0.7796197 0.02647299 
0.1056541 0.01333854 0.7678444 0.113163 
0.1650264 0.01056507 0.7797191 0.04468937 
0.1565152 0.02129111 0.6997953 0.1223984 
0.1665144 0.04721285 0.7836294 0.002643321 
0.0872417 0.09052219 0.7924134 0.02982273 
0.1212233 0.03176018 0.7765962 0.07042035 
0.1324724 0.01662595 0.8188098 0.03209179 
0.2275038 0.003185779 0.7351984 0.03411205 
0.1342379 0.04383619 0.7307994 0.09112648 
0.1601706 0.009812359 0.7578487 0.07216836 
0.1580781 0.01287343 0.7683842 0.06066429 
0.1524222 0.03027503 0.7084657 0.108837 
0.1330728 0.001351948 0.8073708 0.05820442 
0.08470226 0.03338438 0.826745 0.05516835 
0.05440082 0.04927047 0.8114227 0.08490603 
0.1497289 0.002857813 0.7772675 0.07014576 
0.1335079 0.001851452 0.8214535 0.04318712 
0.1825989 0.005729871 0.7503447 0.06132649 
0.1827214 0.01758222 0.768185 0.03151138 
0.2096599 0.006391689 0.6894339 0.0945145 
0.1632213 0.01303754 0.780894 0.04284713 
0.120829 0.008211205 0.7815139 0.08944591 
0.1634908 0.01888532 0.7389916 0.07863233 
0.1555126 0.001247668 0.8043778 0.03886192 
0.04174431 0.08832882 0.7419884 0.1279384 
0.1521537 0.02149862 0.8154221 0.01092555 
0.1204548 0.05799932 0.7693486 0.05219728 
0.1280872 0.1345584 0.7152942 0.02206016 
0.1381625 0.05994871 0.78745 0.01443874 
0.1648246 0.05636391 0.748089 0.03072249 
0.21523 0.02817599 0.7442406 0.01235335 
0.09136732 0.07343787 0.7764921 0.05870275 
0.01312913 0.07234302 0.7880112 0.1265167 
0.03784771 0.04903833 0.7938231 0.1192908 
0.005780522 0.06398626 0.8081953 0.1220379 
0.04108995 0.04819374 0.7527011 0.1580152 
0.04978919 0.04602467 0.8227965 0.08138963 
0.0198064 0.09020307 0.8066314 0.08335912 
0.01420186 0.04692857 0.8152987 0.1235708 
0.01978701 0.131209 0.7407909 0.1082131 
0.0130644 0.07592744 0.8480972 0.06291099 
0.02268942 0.04157803 0.7235113 0.2122213 
0.02485964 0.05020789 0.8136612 0.1112712 
0.01153785 0.06780619 0.7466573 0.1739986 
0.05430112 0.06010926 0.7805216 0.105068 
0.001990322 0.05766419 0.8461996 0.09414588 
0.0276079 0.08549884 0.773523 0.1133703 
0.04244346 0.02767193 0.7067821 0.2231025 
0.01685568 0.02995359 0.8281055 0.1250852 
0.02688302 0.05636857 0.791375 0.1253734 
0.01163474 0.04403052 0.8463167 0.09801806 
0.02539628 0.06755907 0.7896254 0.1174192 
0.001588429 0.07835425 0.7643671 0.1556902 
0.008648721 0.05528439 0.8019912 0.1340757 
0.01485208 0.06800719 0.7637035 0.1534372 
0.004169783 0.1261959 0.7337083 0.1359261 
0.01822341 0.07286107 0.7676874 0.1412281 
0.0001914149 0.1130645 0.8085282 0.07821586 
0.01574393 0.1079351 0.8046239 0.07169703 
0.02007752 0.04855308 0.7791323 0.1522371 
0.01808887 0.06319373 0.7662651 0.1524523 
0.0770758 0.02873633 0.7665632 0.1276247 
0.0876152 0.006414185 0.8032428 0.1027278 
0.09591159 0.1555642 0.6889456 0.05957861 
0.1151505 0.03682495 0.7715869 0.07643768 
0.0241835 0.02636538 0.8170871 0.132364 
0.02502272 0.03970897 0.7795503 0.1557181 
0.02356935 0.05859501 0.7609994 0.1568363 
0.01060858 0.1116849 0.7795692 0.09813733 
0.06267453 0.08367117 0.7874149 0.06623939 
0.01270019 0.06494663 0.8234368 0.09891633 
0.002216086 0.1056304 0.7879763 0.1041773 
0.009799069 0.06985301 0.8314944 0.08885356 
0.05956753 0.03731162 0.7725854 0.1305355 
0.02593398 0.06174201 0.7281561 0.1841679 
0.04450355 0.04469632 0.786588 0.1242121 
0.005481502 0.04907639 0.779574 0.1658681 
0.04168377 0.0822054 0.7670015 0.1091094 
0.03367131 0.03913683 0.8261837 0.1010082 
0.01006293 0.04046732 0.850534 0.09893579 
0.1847318 0.06385262 0.7483925 0.003023007 
0.1909114 0.01384217 0.7714492 0.02379728 
0.1292581 0.0405797 0.7943771 0.03578506 
0.1197241 0.0004941213 0.7500671 0.1297147 
0.1068816 0.1061326 0.7729487 0.01403712 
0.1642808 0.1062894 0.7272904 0.002139477 
0.1345814 0.03433991 0.8180555 0.01302325 
0.1669785 0.04199672 0.784244 0.006780821 
0.1052645 0.1096956 0.7277782 0.05726173 
0.09497043 0.06851167 0.7999196 0.03659832 
0.1964387 0.05818594 0.7354024 0.009972957 
0.1003811 0.140345 0.7473729 0.01190103 
0.1264683 0.04980392 0.8196963 0.004031457 
0.1673121 0.03034811 0.762949 0.03939084 
0.1295822 0.05210051 0.8060914 0.01222584 
0.1328171 0.05267265 0.7779353 0.03657494 
0.07955216 0.0152774 0.8822204 0.02294999 
0.1289955 0.08446212 0.7776094 0.008933017 
0.111308 0.051076 0.7774538 0.06016216 
0.2289256 0.01060307 0.6819064 0.078565 
0.06510092 0.00616722 0.8370651 0.09166671 
0.1462328 0.05526093 0.7250365 0.0734697 
0.1751551 0.09150399 0.7023943 0.03094665 
0.1337181 0.01174123 0.7769063 0.07763445 
0.1710147 0.001533897 0.8015678 0.02588366 
0.1584143 6.126506e-05 0.7891564 0.0523681 
0.08629221 0.03846938 0.8098129 0.06542549 
0.09805488 0.04385161 0.8110555 0.04703797 
0.3027587 0.01233908 0.6480875 0.03681478 
0.09127822 0.05185312 0.8157079 0.04116073 
0.155943 0.03974856 0.7512886 0.05301983 
0.1478218 0.000484816 0.8285382 0.02315521 
0.1043667 0.01984376 0.8248439 0.05094559 
0.1157281 0.02521289 0.7673199 0.09173911 
0.1338564 0.003945157 0.8326647 0.02953373 
0.1337626 0.008503348 0.8029848 0.05474924 
0.1090735 0.008210016 0.8283688 0.05434766 
0.09906881 0.08810925 0.7703076 0.04251433 
0.1435541 0.03391225 0.7764645 0.04606909 
0.2022178 0.1027589 0.6552942 0.03972913 
0.1169382 0.06338803 0.8194329 0.0002408361 
0.1294917 0.06784225 0.7774564 0.02520965 
0.1117993 0.06846949 0.8134631 0.006268099 
0.1513107 0.02545946 0.8098597 0.01337012 
0.1164988 0.04459885 0.8325227 0.006379706 
0.154348 0.04676401 0.7974806 0.001407423 
0.1543829 0.07588632 0.7637048 0.006025916 
0.1624748 0.02000934 0.7154929 0.102023 
0.1145997 0.002265093 0.8701244 0.01301079 
0.140163 0.008671059 0.7635889 0.087577 
0.123988 0.008191251 0.7763802 0.09144064 
0.1037375 0.00297073 0.8263687 0.06692311 
0.1259591 0.003589041 0.7924287 0.0780231 
0.1339059 4.498757e-05 0.7968477 0.06920138 
0.1345485 0.01125559 0.7719994 0.08219658 
0.1385463 0.01695765 0.8284019 0.01609416 
0.1316772 0.02536793 0.7702981 0.07265678 
0.09870944 0.01396135 0.7838087 0.1035205 
0.1491418 0.02837366 0.747375 0.07510951 
0.09163028 0.003153505 0.8143565 0.0908597 
0.1256308 0.118296 0.7322138 0.02385939 
0.1473856 0.03033467 0.8147089 0.007570754 
0.170161 0.07694316 0.7432955 0.009600258 
0.09309805 0.005817016 0.7980925 0.1029925 
0.1769721 0.0003536024 0.7113644 0.1113099 
0.186541 0.06544258 0.7477132 0.0003032361 
0.125229 0.05931451 0.8048515 0.01060498 
0.1939124 0.03076121 0.7395708 0.03575558 
0.07553991 0.08993864 0.8092949 0.02522659 
0.1083429 0.1234895 0.7267699 0.04139773 
0.05762315 0.07376803 0.811456 0.05715279 
0.05275489 0.03237868 0.7869945 0.1278719 
0.01503363 0.04052713 0.8009473 0.1434919 
0.03495802 0.06919554 0.7541525 0.1416939 
0.01620348 0.04581447 0.7774545 0.1605276 
0.03941496 0.1062609 0.7226023 0.1317219 
0.06300863 0.0433913 0.7781774 0.1154227 
0.1855132 0.01649825 0.7805286 0.01745988 
0.1090838 0.1025526 0.7705804 0.0177832 
0.1149271 0.07387964 0.8066498 0.004543419 
0.2021925 0.05349238 0.743413 0.0009020873 
0.1159378 0.04877247 0.7511114 0.08417827 
0.1359508 0.1142516 0.7492806 0.0005170035 
0.1377947 0.05669174 0.8049169 0.0005966675 
0.1272109 0.03759796 0.8037134 0.03147778 
0.1681473 0.03074191 0.7780221 0.02308861 
0.1227205 0.01726501 0.7860982 0.0739163 
0.1225171 0.01917215 0.7940369 0.06427378 
0.1503598 0.005873978 0.7316798 0.1120864 
0.1803231 0.03285695 0.701561 0.08525896 
0.08805075 0.07691764 0.8216468 0.01338481 
0.1501178 0.03836991 0.7551658 0.05634656 
0.1660211 0.05173513 0.7670835 0.0151603 
0.1365529 0.06172881 0.78159 0.0201283 
0.1833894 0.05658385 0.7188069 0.04121984 
0.1699635 0.08164358 0.7322526 0.01614029 
0.1698014 0.08215958 0.7392089 0.008830139 
0.09858998 0.09957371 0.7932117 0.008624577 
0.1343027 0.005116379 0.8119749 0.04860597 
0.0800288 0.009828078 0.8850687 0.02507441 
0.1664983 0.0438459 0.7558222 0.03383366 
0.1188102 0.1079767 0.7555164 0.01769665 
0.1212742 0.08590534 0.7534085 0.03941201 
0.177075 0.01976655 0.7738438 0.02931459 
0.1204578 0.06992285 0.7748947 0.03472456 
0.1659469 0.005710566 0.7815811 0.04676135 
0.1364004 0.01260549 0.8048757 0.04611842 
0.094589 0.002236507 0.845228 0.05794649 
0.1320492 0.02597854 0.7901037 0.05186856 
0.1164669 0.007767762 0.838204 0.03756132 
0.1008448 0.01417661 0.8243136 0.06066495 
0.1243805 0.03438043 0.7133274 0.1279117 
0.1783363 0.004732943 0.7853742 0.03155655 
0.1367529 0.01014523 0.819321 0.03378091 
0.1462499 0.03270313 0.7662716 0.05477535 
0.1289279 0.05286682 0.7680009 0.05020438 
0.1577651 0.007043945 0.8050686 0.03012235 
0.1173383 0.02564032 0.8262327 0.03078867 
0.1552941 0.02500933 0.797805 0.02189161 
0.1358801 0.02050259 0.7873806 0.05623672 
0.1505071 0.01301459 0.8080446 0.02843369 
0.1038479 0.01955358 0.7797143 0.09688429 
0.1635608 0.02750439 0.8043144 0.00462034 
0.139762 0.03722892 0.8125617 0.01044737 
0.181082 0.04736334 0.7401803 0.03137433 
0.199858 0.03847057 0.7150554 0.04661603 
0.1086432 0.0932837 0.789613 0.008460089 
0.1232593 0.001142527 0.811671 0.06392722 
0.1152288 0.02127596 0.8245602 0.03893499 
0.1122399 0.001388504 0.813541 0.07283065 
0.1545329 0.01297196 0.7640287 0.06846642 
0.160547 0.02610461 0.7887476 0.02460082 
0.11317 0.06067723 0.8060002 0.0201526 
0.1905162 0.02105501 0.7627374 0.02569138 
0.1034572 0.005322026 0.7952392 0.09598159 
0.06773802 0.03492809 0.8465748 0.05075904 
0.2477541 0.07557148 0.6556554 0.02101901 
0.1373648 0.1296572 0.6954428 0.03753525 
0.07718592 0.0217266 0.8173066 0.08378087 
0.1865326 0.006249025 0.7452435 0.06197487 
0.1190365 0.007405782 0.7904112 0.08314652 
0.09061303 0.002525096 0.8475564 0.05930543 
0.1170927 0.02340248 0.8171308 0.04237403 
0.08479608 0.01161018 0.8422447 0.06134906 
0.1121611 0.0230136 0.8223046 0.04252067 
0.1464705 0.06446221 0.7747921 0.0142752 
0.1772075 0.008539257 0.7689786 0.0452746 
0.1845078 0.005810865 0.7138399 0.09584149 
0.114352 0.0503177 0.8263616 0.008968652 
0.2168763 0.00237303 0.7796127 0.001137962 
0.08219462 0.0119277 0.7691034 0.1367743 
0.1281571 0.0340265 0.817358 0.02045842 
0.1552206 0.05643558 0.761678 0.0266659 
0.1206076 0.0738103 0.7569649 0.04861718 
0.0006306788 0.04421483 0.8464252 0.1087292 
0.02223588 0.07462081 0.7839234 0.1192199 
0.01634884 0.04398695 0.8653628 0.07430145 
0.04538069 0.06236032 0.803271 0.08898799 
0.03827519 0.0665789 0.8557925 0.03935342 
0.06079671 0.07306668 0.7436885 0.1224481 
0.01844926 0.04609547 0.7711932 0.1642621 
0.08299236 0.08254887 0.7252705 0.1091883 
0.01868915 0.03417734 0.8070906 0.1400429 
0.008001474 0.04411266 0.7897481 0.1581378 
0.07444125 0.006169793 0.82389 0.095499 
0.06755916 0.01443475 0.802479 0.1155271 
0.02937762 0.02861843 0.7675977 0.1744062 
0.03386913 0.01473021 0.7981853 0.1532154 
0.03151785 0.06610182 0.752075 0.1503053 
0.02827322 0.0840775 0.8050406 0.08260869 
0.08125511 0.01017753 0.7820252 0.1265421 
0.0829181 0.03950312 0.7276729 0.1499059 
0.05886596 0.03427854 0.7786502 0.1282053 
0.03740067 0.01879796 0.7885975 0.1552038 
0.1257723 0.01713032 0.7297455 0.1273519 
0.05048735 0.01602383 0.7739621 0.1595267 
0.1067038 0.05844549 0.6883121 0.1465387 
0.04153388 0.01845792 0.7125 0.2275082 
0.0009743664 0.03063459 0.8197252 0.1486659 
0.05105076 0.0597198 0.7060218 0.1832076 
0.04479888 0.07774541 0.7395324 0.1379233 
0.01458574 0.0719886 0.7628671 0.1505585 
0.005093494 0.04823932 0.810114 0.1365531 
0.02624541 0.07850205 0.7690937 0.1261589 
0.02103231 0.06024951 0.7313454 0.1873728 
0.05224095 0.06680207 0.7635951 0.1173619 
0.04352872 0.06194901 0.8011272 0.09339502 
0.006015847 0.04533012 0.8078366 0.1408174 
0.04971975 0.08262666 0.7649985 0.1026551 
0.03397619 0.0439287 0.8402185 0.0818766 
0.09305054 0.05621166 0.8400526 0.01068521 
0.1668032 0.07189715 0.7424414 0.01885828 
0.1347751 0.05109824 0.7943417 0.01978492 
0.1375542 0.05883768 0.7686964 0.03491166 
0.06394366 0.08697072 0.8399934 0.009092199 
0.1055358 0.04568417 0.8277221 0.021058 
0.1191944 0.02786752 0.8220857 0.03085235 
0.1824589 0.03589415 0.7746405 0.007006515 
0.1441189 0.04120147 0.7925977 0.02208186 
0.1688763 0.03201205 0.7346827 0.06442888 
0.1927675 0.0507038 0.7559581 0.0005706326 
0.1551076 0.07867646 0.7560818 0.01013418 
0.1333764 0.05658483 0.770162 0.03987675 
0.1243522 0.07204126 0.7732393 0.03036728 
0.1319866 0.04543207 0.7591598 0.06342149 
0.1361376 0.03753238 0.7888889 0.03744106 
0.1223844 0.06300913 0.7949473 0.01965922 
0.1469818 0.05892283 0.7848327 0.009262634 
0.1696946 0.04500396 0.7830255 0.002275969 
0.159439 0.07982561 0.7492094 0.011526 
0.1135432 0.04322953 0.7812413 0.06198595 
0.1339711 0.09225814 0.7693661 0.004404706 
0.1028402 0.0534112 0.8159567 0.02779188 
0.01130317 0.02264062 0.8208939 0.1451623 
0.006891344 0.05609534 0.7586453 0.178368 
0.05689476 0.04919166 0.7359109 0.1580027 
0.02132219 0.05538957 0.7961656 0.1271227 
0.03028178 0.04680264 0.8031707 0.1197448 
0.007821046 0.02023439 0.8306754 0.1412692 
0.04136417 0.02224932 0.847623 0.08876356 
0.03421573 0.06166197 0.8281455 0.0759768 
0.05037289 0.05620264 0.8034234 0.09000108 
0.0205801 0.07014399 0.7234909 0.185785 
0.05112082 0.05409568 0.7651882 0.1295953 
0.0004919899 0.06360338 0.8058257 0.1300789 
0.0244413 0.0424106 0.7811024 0.1520457 
0.09909268 0.02676073 0.8049968 0.06914981 
0.01204542 0.0412549 0.8175798 0.1291198 
0.0169002 0.04052893 0.8355514 0.1070195 
0.01499932 0.09500548 0.7373205 0.1526747 
0.09323499 0.003914301 0.7361236 0.1667271 
0.05978012 0.02059626 0.767048 0.1525756 
0.02871811 0.03381442 0.8356402 0.1018273 
0.006602586 0.03467285 0.8126263 0.1460983 
0.0145049 0.06550228 0.8123577 0.1076351 
0.01658459 0.09888164 0.7684711 0.1160626 
0.0007236627 0.1201076 0.7343362 0.1448325 
0.003359222 0.02565019 0.8339214 0.1370692 
0.06576859 0.008264663 0.7944786 0.1314882 
0.0554162 0.01882014 0.7718632 0.1539004 
0.08225318 0.0103618 0.7581329 0.1492521 
0.07730043 0.04036958 0.741335 0.140995 
0.03727312 0.0999068 0.7993557 0.06346442 
0.02811434 0.1430916 0.6819368 0.1468573 
0.01856883 0.02298769 0.8119789 0.1464646 
0.01479988 0.04434248 0.8128949 0.1279628 
0.01253401 0.05509828 0.7803416 0.1520261 
0.07317118 0.006013417 0.7597439 0.1610715 
0.02430401 0.008759187 0.8537825 0.1131543 
0.04311565 0.02163541 0.7631105 0.1721384 
0.04331491 0.006765787 0.7977435 0.1521758 
0.05597568 0.03928251 0.7352151 0.1695268 
0.0529986 0.02150243 0.7446804 0.1808186 
0.04078463 0.002887252 0.7756998 0.1806283 
0.1421215 0.004377549 0.7367702 0.1167308 
0.03369272 0.04577574 0.7678541 0.1526775 
0.01638199 0.01128952 0.8158015 0.156527 
0.006340766 0.07849541 0.7835922 0.1315716 
0.01652115 0.06779656 0.7797825 0.1358998 
0.04196617 0.123717 0.7599759 0.07434093 
0.018648 0.126891 0.7706041 0.08385691 
0.01638157 0.06454254 0.8086546 0.1104213 
0.001598779 0.1035952 0.7498031 0.145003 
0.005620056 0.06981253 0.8341344 0.09043298 
0.001257976 0.05314103 0.8172216 0.1283794 
0.03338459 0.05019015 0.8212371 0.0951882 
0.0243416 0.06066205 0.7548746 0.1601217 
0.01104864 0.05875668 0.7633745 0.1668202 
0.03953101 0.01794507 0.8127914 0.1297325 
0.1406717 0.02430985 0.7572861 0.07773227 
