p_1 p_2 p_3 
0.767983 0.1768027 0.05521432 
0.7857826 0.1546828 0.05953457 
0.814462 0.1421129 0.04342506 
0.7605377 0.1370114 0.1024509 
0.8147871 0.1270243 0.05818855 
0.8491497 0.1197484 0.03110194 
0.8417874 0.1012064 0.05700614 
0.8485291 0.07703634 0.07443461 
0.7570262 0.1938584 0.04911539 
0.75176 0.1919277 0.05631237 
0.8670889 0.09631811 0.03659296 
0.8295463 0.1503402 0.02011347 
0.8225543 0.1189151 0.05853057 
0.7926151 0.1549255 0.05245937 
0.8706181 0.07900407 0.05037783 
0.8360678 0.123052 0.04088021 
0.8671013 0.09366711 0.03923159 
0.8207377 0.1181567 0.06110562 
0.8352202 0.107791 0.05698884 
0.7966667 0.1485804 0.05475287 
0.8356617 0.1239696 0.04036871 
0.8001 0.1586756 0.04122446 
0.8452376 0.09055194 0.0642105 
0.8007265 0.1444653 0.05480814 
0.8242612 0.1211504 0.05458838 
0.7934605 0.1680588 0.03848075 
0.8566779 0.0763646 0.06695749 
0.7829778 0.1406923 0.07632987 
0.8354288 0.1212966 0.04327462 
0.7942077 0.1483101 0.05748223 
0.7810482 0.1554878 0.06346401 
0.7651147 0.1181777 0.1167076 
0.8344051 0.1181184 0.04747646 
0.827571 0.1340114 0.03841759 
0.8074331 0.1168029 0.07576401 
0.8040186 0.134609 0.06137244 
0.7452074 0.207454 0.04733863 
0.8039858 0.1408379 0.05517635 
0.8354994 0.1262971 0.03820346 
0.7378576 0.1973175 0.06482488 
0.7807151 0.1852537 0.03403124 
0.7804533 0.1593847 0.06016207 
0.7894491 0.111477 0.09907393 
0.799663 0.131886 0.06845106 
0.8273799 0.1394361 0.03318397 
0.7181481 0.1250103 0.1568416 
0.8633774 0.09201091 0.04461167 
0.8034209 0.1467841 0.04979497 
0.8262347 0.1306007 0.04316453 
0.8694539 0.114496 0.01605014 
0.7670957 0.1079164 0.1249879 
0.7249161 0.2378629 0.03722103 
0.84807 0.1142167 0.03771323 
0.7860689 0.141465 0.07246617 
0.7965362 0.1770261 0.02643774 
0.8114203 0.1700091 0.01857061 
0.8171682 0.141646 0.0411858 
0.8298292 0.1232304 0.0469404 
0.8488731 0.1002398 0.05088707 
0.8428144 0.1095999 0.04758566 
0.7940656 0.1347721 0.07116229 
0.8120198 0.1069231 0.08105714 
0.8255107 0.1215202 0.05296909 
0.8436908 0.07723334 0.07907582 
0.8767665 0.07978514 0.0434484 
0.8310903 0.1258813 0.04302845 
0.7872498 0.1888475 0.02390274 
0.8043675 0.1232862 0.07234631 
0.7708544 0.1539575 0.07518813 
0.8489842 0.08152726 0.06948851 
0.7777433 0.1416679 0.08058883 
0.7906724 0.1402798 0.06904771 
0.8190322 0.1254498 0.055518 
0.7708355 0.160434 0.06873053 
0.8263898 0.1370004 0.03660977 
0.8894067 0.08666026 0.02393301 
0.8021531 0.1378681 0.05997885 
0.8270398 0.1261488 0.0468114 
0.7242256 0.1992243 0.07655018 
0.7794215 0.1785427 0.0420358 
0.8148265 0.1273113 0.05786223 
0.8093385 0.1308262 0.05983535 
0.7750879 0.1526458 0.07226634 
0.8351866 0.1366049 0.02820856 
0.8516186 0.1068318 0.04154958 
0.7839933 0.1278928 0.08811391 
0.8080802 0.1266587 0.06526101 
0.7772893 0.1794294 0.0432813 
0.8407045 0.09613481 0.06316068 
0.7122091 0.1845946 0.1031963 
0.7786699 0.1810906 0.04023956 
0.7887578 0.1677078 0.04353443 
0.7576961 0.1500247 0.09227919 
0.7134435 0.2045478 0.08200872 
0.7988919 0.1192665 0.08184157 
0.8107303 0.11507 0.07419979 
0.7985986 0.1621111 0.03929033 
0.7622816 0.1865308 0.05118757 
0.7528138 0.2046155 0.04257071 
0.8175858 0.1454956 0.03691854 
0.8102904 0.1155342 0.07417547 
0.7332212 0.2531122 0.01366654 
0.795662 0.1329007 0.07143725 
0.8630317 0.08019652 0.0567718 
0.8178598 0.1528839 0.0292563 
0.8306213 0.1416183 0.02776042 
0.7438212 0.1698623 0.08631656 
0.8129659 0.1310144 0.05601967 
0.7963893 0.10832 0.09529071 
0.7652164 0.1725554 0.06222819 
0.7494836 0.1765043 0.07401207 
0.8098387 0.1505641 0.03959716 
0.7281642 0.2183822 0.05345365 
0.8443172 0.1176729 0.03800986 
0.7252735 0.200139 0.07458743 
0.7976151 0.1256243 0.07676058 
0.7892267 0.1079384 0.1028349 
0.7732084 0.1617922 0.06499937 
0.8245659 0.1403168 0.03511726 
0.8021229 0.171478 0.02639908 
0.8329734 0.1211822 0.04584438 
0.8135839 0.1332264 0.05318968 
0.7711223 0.147139 0.08173864 
0.8439822 0.1213121 0.03470573 
0.8676209 0.07465651 0.05772262 
0.7783593 0.1733994 0.04824133 
0.8231047 0.1380756 0.03881969 
0.8740474 0.09284385 0.03310873 
0.8337813 0.1174781 0.04874064 
0.8515561 0.07288572 0.07555821 
0.805525 0.1446478 0.04982717 
0.8475453 0.1041006 0.04835413 
0.8152265 0.1534637 0.03130981 
0.7588217 0.1943842 0.04679411 
0.7876211 0.1618784 0.05050047 
0.8592451 0.06774174 0.07301312 
0.7933019 0.1474271 0.05927098 
0.7962313 0.143065 0.06070367 
0.7506512 0.1925392 0.05680963 
0.8174619 0.1321295 0.05040864 
0.8056538 0.1330221 0.06132414 
0.8868966 0.08693667 0.02616673 
0.7968998 0.110803 0.09229721 
0.8366072 0.1196111 0.04378174 
0.7487227 0.1987649 0.05251241 
0.8020472 0.155491 0.0424618 
0.8331701 0.1395269 0.0273031 
0.7987972 0.1604185 0.04078433 
0.8711382 0.07087255 0.05798929 
0.7544993 0.1941851 0.05131562 
0.8059366 0.1714836 0.02257973 
0.8346513 0.1157486 0.04960011 
0.8155369 0.139793 0.04467014 
0.8146643 0.1291393 0.05619646 
0.8085722 0.1301792 0.06124851 
0.8029204 0.1217773 0.07530224 
0.854654 0.1206147 0.02473133 
0.8465882 0.1180717 0.03534007 
0.7581943 0.1770373 0.06476837 
0.8301497 0.1089986 0.06085178 
0.8265481 0.1125475 0.06090444 
0.8396117 0.1011086 0.0592797 
0.8098957 0.1025016 0.08760266 
0.8033277 0.1244142 0.07225808 
0.8048178 0.1420997 0.05308251 
0.8379618 0.1478635 0.01417464 
0.8583577 0.1003574 0.04128494 
0.8142525 0.1216788 0.06406864 
0.8110249 0.1097488 0.07922626 
0.7991687 0.1103624 0.09046892 
0.7316281 0.1582429 0.110129 
0.8694477 0.1068473 0.02370505 
0.7815037 0.1699418 0.04855454 
0.7947633 0.1151237 0.09011307 
0.8429499 0.06509576 0.09195431 
0.7889678 0.1514936 0.05953863 
0.880658 0.08382256 0.0355194 
0.8308499 0.09853793 0.07061215 
0.8445222 0.113397 0.04208082 
0.7967291 0.1666598 0.03661108 
0.8290196 0.1201543 0.05082607 
0.8266249 0.09275921 0.08061589 
0.7341522 0.1876292 0.07821858 
0.6805328 0.1853608 0.1341063 
0.8381821 0.1301065 0.03171139 
0.8162871 0.1228472 0.06086569 
0.8629983 0.09579007 0.04121164 
0.7905478 0.149976 0.05947615 
0.7731487 0.1201745 0.1066768 
0.8437827 0.1053535 0.05086381 
0.7965963 0.1325172 0.07088654 
0.867302 0.09412982 0.0385682 
0.8630645 0.09803959 0.03889587 
0.8104582 0.1376952 0.05184663 
0.7978057 0.1312309 0.0709634 
0.7635449 0.1680856 0.06836954 
0.7988505 0.1442813 0.05686815 
0.7827274 0.1581941 0.05907851 
0.762504 0.1878008 0.04969522 
0.7873122 0.1842621 0.02842568 
0.8109895 0.1254864 0.06352419 
0.7855946 0.1446046 0.0698008 
0.6957663 0.1994691 0.1047646 
0.7653363 0.1141566 0.1205071 
0.7825304 0.1647164 0.05275324 
0.8290435 0.1088366 0.06211988 
0.8547491 0.1293878 0.01586316 
0.8234172 0.1289326 0.04765017 
0.8396364 0.1059476 0.05441592 
0.7918139 0.1334652 0.07472097 
0.7828669 0.1344506 0.08268246 
0.8013392 0.1343527 0.06430816 
0.8386775 0.1044514 0.05687111 
0.819495 0.1324647 0.0480402 
0.8331194 0.112994 0.05388666 
0.8507215 0.08857038 0.06070809 
0.8092412 0.11095 0.07980872 
0.7874933 0.1646177 0.04788899 
0.8336628 0.1211648 0.04517231 
0.8101082 0.139492 0.05039986 
0.8147617 0.1480737 0.03716454 
0.7507953 0.1752834 0.07392127 
0.8012502 0.1130917 0.08565807 
0.783477 0.1329016 0.0836214 
0.8272567 0.1279749 0.04476832 
0.7963559 0.1188003 0.08484377 
0.7868843 0.1404421 0.07267357 
0.7507212 0.2019393 0.04733955 
0.8150341 0.1537081 0.03125776 
0.7800741 0.1233764 0.09654944 
0.8086539 0.1193291 0.07201698 
0.8515471 0.1157273 0.03272562 
0.7453311 0.1883791 0.06628987 
0.764836 0.1873605 0.04780351 
0.8533438 0.09982154 0.04683462 
0.8147702 0.1150169 0.0702129 
0.790343 0.1537063 0.05595067 
0.8800419 0.05754806 0.06241005 
0.7710638 0.1767968 0.05213941 
0.8140092 0.1134092 0.07258157 
0.8665594 0.0809273 0.05251327 
0.7145617 0.137247 0.1481912 
0.8228624 0.1103508 0.06678681 
0.8184111 0.134049 0.04753986 
0.8111848 0.1223478 0.06646736 
0.7866206 0.1757722 0.03760723 
0.8077659 0.1447541 0.04747997 
0.8340894 0.1252825 0.04062803 
0.7870093 0.1581868 0.05480392 
0.8634999 0.1000426 0.03645753 
0.804445 0.1437095 0.05184556 
0.781946 0.1100151 0.1080389 
0.7463074 0.1872894 0.06640319 
0.8148116 0.1277189 0.05746951 
0.8136201 0.1208681 0.0655118 
0.8369307 0.09637614 0.06669314 
0.8251658 0.08439435 0.09043981 
0.8325967 0.1386495 0.02875381 
0.7884201 0.1192996 0.09228028 
0.8214535 0.09661499 0.08193147 
0.8348775 0.1360289 0.02909364 
0.8953384 0.07787485 0.02678674 
0.7467074 0.1460816 0.107211 
0.7012503 0.1456796 0.1530701 
0.7625032 0.1911505 0.04634632 
0.8208053 0.115998 0.06319674 
0.8351208 0.1095905 0.05528875 
0.7919965 0.1399726 0.06803092 
0.7931786 0.1601204 0.04670096 
0.7694128 0.141244 0.08934325 
0.8263935 0.09887486 0.07473163 
0.7467237 0.1847149 0.06856144 
0.8336297 0.1007813 0.06558904 
0.8222316 0.1507484 0.02702006 
0.8194069 0.1358905 0.04470262 
0.7979386 0.1508531 0.05120828 
0.7990353 0.1001116 0.1008531 
0.7958057 0.1512663 0.05292794 
0.8625858 0.09188606 0.04552816 
0.8195566 0.1387938 0.04164957 
0.7325932 0.1551507 0.1122561 
0.7523686 0.1729885 0.07464289 
0.7928237 0.1616524 0.04552383 
0.7865796 0.1459433 0.06747717 
0.8484767 0.07702511 0.07449818 
0.8458004 0.1089352 0.04526443 
0.7023869 0.1585258 0.1390873 
0.7368218 0.1663277 0.09685052 
0.8614425 0.08390003 0.0546575 
0.7531869 0.1831763 0.06363678 
0.8171669 0.1044417 0.07839136 
0.7458472 0.1923609 0.06179189 
0.80122 0.1349989 0.06378112 
0.7525977 0.2141992 0.0332031 
0.8236932 0.120822 0.05548482 
0.8105685 0.1357981 0.05363343 
0.7621852 0.1696026 0.06821223 
0.8177987 0.09787685 0.08432442 
0.7882372 0.143925 0.06783782 
0.804866 0.152377 0.04275702 
0.8269912 0.1168887 0.05612011 
0.7672199 0.1962605 0.03651959 
0.8619538 0.09437145 0.04367477 
0.7793703 0.1572314 0.06339827 
0.8197171 0.1408018 0.03948108 
0.8547065 0.09443678 0.05085667 
0.8449284 0.1194648 0.03560682 
0.8089536 0.1368896 0.05415685 
0.8310617 0.1076094 0.06132886 
0.8715941 0.08884923 0.03955667 
0.8041285 0.1852723 0.01059913 
0.7784531 0.1563839 0.06516296 
0.8177229 0.1657972 0.01647999 
0.8087725 0.1268566 0.06437097 
0.859551 0.08958194 0.05086705 
0.7728182 0.165502 0.06167984 
0.7414952 0.09624599 0.1622588 
0.8135331 0.1301187 0.05634815 
0.8227411 0.1356288 0.04163014 
0.8759224 0.1041509 0.0199267 
0.8510106 0.1291098 0.0198796 
0.768626 0.1390502 0.09232375 
0.7368222 0.1829965 0.08018134 
0.8063936 0.1170502 0.07655622 
0.7687163 0.1855389 0.04574482 
0.8317445 0.09909379 0.06916173 
0.817692 0.1299751 0.05233292 
0.8107728 0.1403679 0.04885932 
0.8686585 0.07742127 0.05392028 
0.8008131 0.1048128 0.09437405 
0.8028166 0.1354879 0.06169551 
0.8334255 0.1321812 0.03439335 
0.8781426 0.06935298 0.0525044 
0.8215389 0.1377957 0.04066541 
0.8198695 0.1415039 0.03862659 
0.8754327 0.0796205 0.04494684 
0.7150309 0.2089463 0.07602281 
0.8516543 0.07439307 0.0739526 
0.803439 0.1067357 0.08982534 
0.81442 0.146713 0.03886693 
0.8475944 0.08731244 0.06509314 
0.7513561 0.1744336 0.07421027 
0.7451576 0.1872927 0.06754968 
0.7806647 0.1254537 0.09388161 
0.7968908 0.1534943 0.04961487 
0.822037 0.09506005 0.08290292 
0.818765 0.1026495 0.07858548 
0.8139559 0.1438238 0.04222024 
0.8176531 0.1138662 0.06848072 
0.7797943 0.1698305 0.05037521 
0.8565254 0.1196463 0.02382834 
0.827033 0.1072045 0.06576249 
0.7996792 0.184321 0.01599985 
0.8241767 0.1104575 0.06536588 
0.8594691 0.08792213 0.05260876 
0.7844254 0.1524087 0.06316588 
0.7827749 0.1788299 0.03839529 
0.8805472 0.072526 0.04692683 
0.8044404 0.1547479 0.04081166 
0.8127651 0.117374 0.06986091 
0.7860891 0.154583 0.05932791 
0.8294046 0.1213571 0.04923831 
0.8423333 0.1212069 0.03645974 
0.8319421 0.1096178 0.05844004 
0.8633728 0.09869931 0.03792785 
0.8254624 0.121237 0.05330052 
0.8321931 0.05916373 0.1086432 
0.8369903 0.1099911 0.05301858 
0.8038811 0.1450077 0.05111115 
0.767406 0.1579586 0.07463542 
0.7590964 0.1810767 0.05982688 
0.8074144 0.1294658 0.06311982 
0.7982718 0.1586578 0.04307036 
0.8057108 0.1426333 0.05165581 
0.7851999 0.1563015 0.05849856 
0.7591023 0.1383073 0.1025904 
0.7746286 0.1541828 0.07118862 
0.8914203 0.08771446 0.02086521 
0.7510818 0.1591215 0.08979672 
0.8419675 0.1235523 0.0344802 
0.7535399 0.1794003 0.0670598 
0.744506 0.20699 0.04850392 
0.7122379 0.1470852 0.140677 
0.8257968 0.1552089 0.01899431 
0.8121013 0.1586554 0.02924333 
0.6768941 0.2475243 0.07558166 
0.7910821 0.1092794 0.09963852 
0.7697195 0.1627792 0.06750125 
0.8397674 0.1388064 0.02142621 
0.8279308 0.1062588 0.0658104 
0.7402184 0.2191941 0.04058754 
0.8575123 0.1145479 0.02793975 
0.806784 0.1327193 0.0604967 
0.832892 0.1269963 0.04011169 
0.760906 0.1436119 0.09548213 
0.8194601 0.09399126 0.08654868 
0.8489583 0.06420449 0.08683723 
0.7847737 0.1610221 0.05420421 
0.7458227 0.2192062 0.03497106 
0.8628477 0.06858182 0.06857048 
0.7879701 0.170039 0.04199085 
0.7933391 0.1443477 0.06231319 
0.7987069 0.1453231 0.05597009 
0.8305849 0.1014892 0.06792595 
0.8204749 0.09048528 0.08903981 
0.8046234 0.1396086 0.055768 
0.7937865 0.1255707 0.0806428 
0.8212863 0.1220027 0.05671102 
0.7878626 0.1592105 0.05292689 
0.8440864 0.07939935 0.07651429 
0.8338008 0.1305387 0.03566055 
0.8063719 0.1222405 0.07138758 
0.7956519 0.1388942 0.06545397 
0.8034635 0.1434753 0.05306117 
0.8142077 0.1492628 0.03652946 
0.8351287 0.1344641 0.03040719 
0.7501037 0.1854938 0.06440245 
0.8045099 0.1228353 0.07265481 
0.7734856 0.1678714 0.058643 
0.7824152 0.1622862 0.05529861 
0.7877361 0.1704028 0.04186109 
0.7114432 0.1715826 0.1169741 
0.7079311 0.2111316 0.08093733 
0.7430387 0.181752 0.07520937 
0.7860705 0.1367571 0.07717242 
0.865256 0.09314778 0.04159623 
0.8087659 0.09067909 0.100555 
0.8139413 0.1083149 0.07774376 
0.7860773 0.1499938 0.06392897 
0.7898286 0.1288928 0.08127861 
0.8075987 0.118862 0.07353934 
0.7912981 0.1528741 0.05582781 
0.8100601 0.1383162 0.05162372 
0.8451901 0.1208963 0.03391361 
0.8234839 0.09652211 0.07999403 
0.7977628 0.1257312 0.07650596 
0.7354163 0.2144501 0.05013366 
0.8082729 0.1155178 0.07620923 
0.7645312 0.158079 0.07738977 
0.8485699 0.1094242 0.04200583 
0.8158598 0.1224987 0.06164153 
0.8930353 0.08415243 0.0228123 
0.8325514 0.1200508 0.04739782 
0.8196738 0.1463637 0.03396249 
0.8000703 0.1364186 0.06351107 
0.797064 0.1127755 0.09016043 
0.8329861 0.1451619 0.02185205 
0.7483545 0.146723 0.1049225 
0.8358547 0.1143018 0.04984352 
0.7115564 0.2320936 0.05634997 
0.8291979 0.1357817 0.03502048 
0.8423558 0.1322715 0.02537275 
0.8802171 0.08738654 0.03239639 
0.7950737 0.1291446 0.07578174 
0.8284025 0.1324471 0.03915043 
0.8574194 0.1131967 0.02938384 
0.8081098 0.1388208 0.05306932 
0.8025076 0.1211753 0.07631709 
0.8179791 0.1049017 0.07711927 
0.7995063 0.1394186 0.06107509 
0.79444 0.1224383 0.08312176 
0.8159447 0.1362063 0.047849 
0.8638719 0.1107466 0.02538156 
0.7981741 0.149691 0.05213495 
0.8032839 0.1437984 0.05291767 
0.8305718 0.1043557 0.06507252 
0.7683117 0.1771775 0.05451084 
0.7979619 0.1371477 0.06489035 
0.7698228 0.2098782 0.02029902 
0.8472238 0.1118185 0.04095774 
0.8709207 0.07367862 0.05540067 
0.8556191 0.1103047 0.03407619 
0.8149878 0.1430125 0.04199972 
0.7480381 0.1833173 0.06864457 
0.8184806 0.150131 0.03138845 
0.787979 0.1486633 0.06335772 
0.8148285 0.1397157 0.04545585 
0.7660228 0.144783 0.08919417 
0.8183447 0.1007113 0.08094394 
0.8016776 0.1253185 0.07300392 
0.8701938 0.1005158 0.02929038 
0.7548483 0.1465036 0.09864812 
0.8357075 0.1311101 0.03318241 
0.715817 0.2310788 0.05310421 
0.7941062 0.1177264 0.08816743 
0.7758319 0.1813488 0.04281927 
0.8089429 0.1226012 0.06845597 
0.8445579 0.08422656 0.07121551 
0.828154 0.1314585 0.04038745 
0.7266225 0.1482004 0.125177 
0.7879564 0.1077973 0.1042463 
0.818233 0.1112668 0.07050018 
0.7669633 0.1465562 0.08648049 
0.8094191 0.1640186 0.02656232 
0.8364414 0.1291117 0.03444689 
0.876596 0.09928322 0.02412073 
0.8065917 0.1247417 0.06866666 
0.8533953 0.1028468 0.04375788 
0.7854542 0.1518054 0.06274042 
0.7806484 0.1330908 0.08626077 
0.770895 0.141493 0.08761205 
0.6784122 0.2310245 0.09056328 
0.8705062 0.0741976 0.05529616 
0.7357686 0.2088615 0.05536992 
0.792829 0.1621314 0.04503956 
0.8630994 0.105484 0.03141662 
0.7466174 0.1914392 0.06194332 
0.6834919 0.2468095 0.06969863 
0.8015453 0.1571954 0.04125928 
0.7941693 0.1700557 0.03577502 
0.7419104 0.1891607 0.06892888 
0.8453984 0.1176981 0.03690355 
0.7486218 0.1867949 0.06458335 
0.8247165 0.08716008 0.08812338 
0.8277187 0.137495 0.03478633 
0.801054 0.1543851 0.04456083 
0.7337285 0.1583678 0.1079037 
0.8521682 0.09834804 0.04948379 
0.7945063 0.1204768 0.08501689 
0.7416632 0.1573025 0.1010342 
0.8193808 0.1347472 0.04587208 
0.8064766 0.144494 0.04902934 
0.824255 0.1129088 0.06283616 
0.8122295 0.119993 0.06777753 
0.82645 0.1382465 0.03530346 
0.8220622 0.1148224 0.06311536 
0.8080744 0.07959121 0.1123344 
0.7702313 0.1259861 0.1037825 
0.8258627 0.1056847 0.06845259 
0.8255532 0.1561618 0.01828494 
0.8689589 0.09239073 0.03865038 
0.7753925 0.1450149 0.07959261 
0.781744 0.1277194 0.09053666 
0.8628677 0.09420473 0.04292762 
0.759793 0.1658794 0.07432759 
0.7882511 0.152954 0.05879489 
0.8241238 0.1080237 0.06785254 
0.8352763 0.1017094 0.06301432 
0.8073627 0.1558469 0.03679039 
0.8202459 0.1220724 0.05768163 
0.807816 0.1652726 0.02691144 
0.7808789 0.1533295 0.06579159 
0.7957038 0.1199601 0.08433609 
0.788727 0.1623781 0.0488949 
0.7793099 0.1500295 0.07066059 
0.7459787 0.199498 0.05452329 
0.8538061 0.1167042 0.0294897 
0.8039162 0.1181963 0.07788743 
0.8322062 0.1332739 0.03451992 
0.766113 0.1904986 0.04338846 
0.7892785 0.1113188 0.09940264 
0.7340879 0.191273 0.07463909 
0.7431226 0.2153604 0.04151694 
0.8091922 0.1692937 0.02151411 
0.8346558 0.1241389 0.04120529 
0.8090257 0.1252809 0.06569337 
0.821046 0.1280846 0.05086937 
0.7987415 0.1575805 0.04367802 
0.8867935 0.07965392 0.0335526 
0.7961505 0.131437 0.0724125 
0.7998487 0.131527 0.06862434 
0.8000107 0.1585345 0.0414547 
0.7583375 0.1612701 0.08039248 
0.7187332 0.2555015 0.02576527 
0.772867 0.2241065 0.003026544 
0.7960441 0.1750489 0.028907 
0.7919105 0.1786389 0.0294506 
0.7748969 0.2041087 0.02099432 
0.8109903 0.1091855 0.0798242 
0.7791703 0.2165973 0.004232372 
0.8001668 0.1593535 0.04047973 
0.8149624 0.09375249 0.09128514 
0.8627257 0.04669135 0.09058299 
0.727253 0.1263653 0.1463816 
0.8106613 0.1473409 0.04199786 
0.7379687 0.1517838 0.1102475 
0.8090613 0.1558231 0.03511566 
0.7867873 0.1638278 0.04938495 
0.7211443 0.2231571 0.05569865 
0.764709 0.1598326 0.07545842 
0.8419544 0.1102133 0.04783235 
0.845263 0.1113573 0.04337974 
0.8294417 0.1379416 0.03261669 
0.8795391 0.07220687 0.04825407 
0.8112226 0.1316421 0.05713529 
0.7823692 0.1228112 0.09481958 
0.8121792 0.1390117 0.04880911 
0.7716599 0.1578583 0.07048181 
0.7913415 0.1485002 0.06015829 
0.8250933 0.1145812 0.06032545 
0.805703 0.1395624 0.05473458 
0.8204602 0.1390376 0.0405022 
0.802823 0.1621133 0.03506377 
0.809738 0.1572865 0.03297554 
0.8091257 0.1431626 0.04771173 
0.7664487 0.1460883 0.08746299 
0.7778698 0.1655473 0.05658294 
0.8082656 0.1503106 0.04142389 
0.8432024 0.1095634 0.04723418 
0.7238325 0.1786947 0.09747279 
0.8309509 0.1218095 0.04723961 
0.8269597 0.1263562 0.04668406 
0.8130438 0.1551683 0.03178786 
0.7663238 0.1528772 0.080799 
0.839472 0.1035989 0.05692915 
0.79413 0.1376685 0.06820152 
0.7946031 0.1310537 0.07434318 
0.7993114 0.1429418 0.05774685 
0.762051 0.1901995 0.04774956 
0.852449 0.09913876 0.04841219 
0.857148 0.08898521 0.0538668 
0.805236 0.1321333 0.06263068 
0.8123366 0.1218524 0.06581101 
0.8052236 0.128907 0.06586941 
0.8629033 0.08414198 0.05295474 
0.7455787 0.1797198 0.0747015 
0.8005512 0.1103565 0.08909227 
0.7920658 0.149941 0.05799327 
0.7514517 0.176359 0.0721893 
0.7987232 0.1183135 0.08296331 
0.8611575 0.08500144 0.05384111 
0.8797667 0.09178981 0.02844352 
0.8820537 0.08339038 0.03455588 
0.8154199 0.1241926 0.06038753 
0.7804926 0.1636186 0.05588889 
0.8219658 0.1442022 0.033832 
0.8383824 0.1159516 0.04566601 
0.8082685 0.1230229 0.06870855 
0.8220508 0.1581245 0.01982466 
0.8264134 0.1368795 0.03670708 
0.7833331 0.1508043 0.06586257 
0.6916248 0.2194233 0.08895194 
0.8537702 0.1020718 0.04415802 
0.8000759 0.1288166 0.07110749 
0.7451266 0.1549622 0.09991117 
0.8058594 0.1411206 0.05302004 
0.8036102 0.1499456 0.04644414 
0.8204239 0.09842716 0.08114897 
0.7544186 0.178082 0.0674994 
0.8199811 0.1095745 0.07044441 
0.7971319 0.1460918 0.05677632 
0.8214984 0.08460859 0.09389304 
0.8406987 0.1077306 0.05157075 
0.7969601 0.1532925 0.04974731 
0.7262718 0.2243158 0.04941244 
0.805251 0.1486117 0.0461373 
0.8022316 0.1327892 0.06497915 
0.8101525 0.1271153 0.06273217 
0.8310448 0.1012744 0.06768086 
0.8052546 0.1341106 0.06063477 
0.7644465 0.153537 0.08201644 
0.832497 0.07507877 0.09242424 
0.8048807 0.1331855 0.06193373 
0.852352 0.09901743 0.04863052 
0.8124538 0.1210978 0.06644834 
0.7482909 0.1956224 0.0560867 
0.8094677 0.1434422 0.04709011 
0.8045498 0.1445043 0.0509459 
0.8018868 0.1207963 0.07731689 
0.8469158 0.0428395 0.1102447 
0.7943073 0.1561117 0.04958103 
0.7884769 0.1370621 0.07446096 
0.8390341 0.1177107 0.04325522 
0.755719 0.1120866 0.1321944 
0.7829898 0.1584495 0.05856078 
0.8120649 0.1106103 0.07732478 
0.806147 0.1320204 0.06183262 
0.8208318 0.1435638 0.03560438 
0.8360928 0.07287415 0.0910331 
0.8224 0.1063785 0.0712215 
0.8284153 0.08481376 0.08677098 
0.7706317 0.09632399 0.1330443 
0.801628 0.1556875 0.04268449 
0.7731055 0.1714564 0.0554381 
0.8639644 0.08798691 0.04804865 
0.8170799 0.1066813 0.07623884 
0.7062827 0.1850307 0.1086866 
0.8236919 0.1316762 0.04463194 
0.7689956 0.1019166 0.1290878 
0.7480246 0.2010786 0.05089676 
0.8451562 0.08565697 0.06918684 
0.8704881 0.08104399 0.0484679 
0.8393862 0.1197694 0.04084433 
0.7984323 0.1418085 0.05975918 
0.8761541 0.08369992 0.04014599 
0.7485435 0.1807704 0.07068616 
0.8422599 0.1243136 0.03342653 
0.8011395 0.1732847 0.02557582 
0.841737 0.1191258 0.0391372 
0.8329136 0.1265952 0.04049122 
0.8690986 0.08195491 0.04894649 
0.7999504 0.1479314 0.05211823 
0.8247495 0.159825 0.0154255 
0.7406444 0.1568355 0.1025201 
0.7478228 0.1804417 0.07173552 
0.7897723 0.1279567 0.08227103 
0.7565329 0.1756792 0.06778789 
0.8550606 0.1139319 0.03100757 
0.790534 0.1157853 0.0936807 
0.8403446 0.09467086 0.06498452 
0.8417316 0.1325819 0.02568653 
0.7439149 0.1621237 0.0939614 
0.7339446 0.1650195 0.1010359 
0.8706285 0.09845687 0.03091466 
0.7354027 0.1812035 0.08339379 
0.7847725 0.1540683 0.06115918 
0.7784237 0.1805045 0.04107178 
0.7657205 0.1751744 0.05910514 
0.7617558 0.1572829 0.08096124 
0.8122512 0.129978 0.05777081 
0.845288 0.1293076 0.02540437 
0.8025811 0.1712166 0.0262023 
0.7140608 0.2061351 0.07980409 
0.7971866 0.1220149 0.08079847 
0.8238969 0.133259 0.04284406 
0.7915993 0.1691001 0.03930062 
0.8053088 0.1642859 0.03040534 
0.812393 0.1420992 0.04550788 
0.8303035 0.1160638 0.05363275 
0.8093179 0.1555485 0.0351336 
0.8095972 0.1595382 0.03086459 
0.7352654 0.1758157 0.08891884 
0.7280082 0.1624183 0.1095735 
0.8062693 0.1225857 0.07114504 
0.7871991 0.1451718 0.06762907 
0.7303178 0.2147589 0.05492336 
0.8229986 0.1314157 0.04558574 
0.7949893 0.1660376 0.03897308 
0.8543697 0.09979341 0.04583689 
0.8236136 0.1053846 0.07100186 
0.7592088 0.1394978 0.1012934 
0.7857637 0.1109909 0.1032453 
0.8364058 0.08481606 0.07877819 
0.7694082 0.1572689 0.07332287 
0.7973822 0.1216101 0.08100769 
0.7736218 0.1506385 0.07573966 
0.8333681 0.1069278 0.05970413 
0.7499451 0.1883168 0.06173813 
0.773912 0.1963265 0.02976147 
0.8604803 0.0816237 0.05789602 
0.7930862 0.1425699 0.0643439 
0.831158 0.1465399 0.02230205 
0.845614 0.1211839 0.03320215 
0.8318565 0.1365512 0.03159238 
0.8343883 0.1091785 0.05643323 
0.7458203 0.1492925 0.1048872 
0.7798561 0.1426621 0.07748179 
0.8430268 0.1282332 0.02873995 
0.8344372 0.1371633 0.02839942 
0.8237428 0.133324 0.04293328 
0.8204155 0.1208382 0.05874621 
0.8099585 0.1467515 0.04329 
0.8399091 0.1293116 0.03077936 
0.7806984 0.1225097 0.09679183 
0.7953331 0.1240063 0.08066063 
0.8169943 0.1462278 0.03677795 
0.7409752 0.217326 0.04169884 
0.8391126 0.1318859 0.02900144 
0.82887 0.109105 0.06202501 
0.8424747 0.103235 0.05429035 
0.8601735 0.1051686 0.03465792 
0.8158718 0.06294771 0.1211805 
0.9047606 0.07599021 0.01924923 
0.791303 0.1732836 0.03541338 
0.8520418 0.1167945 0.03116372 
0.7760538 0.06730873 0.1566374 
0.8095581 0.1166784 0.07376355 
0.7944161 0.06168349 0.1439004 
0.8111423 0.09634586 0.09251179 
0.8025025 0.1150576 0.08243981 
0.7826147 0.1492935 0.0680918 
0.7936442 0.1026723 0.1036835 
0.7985405 0.1261051 0.07535437 
0.8344741 0.1372868 0.02823911 
0.8056497 0.1796296 0.0147207 
0.7862733 0.1676012 0.04612549 
0.7677761 0.2118674 0.02035644 
0.7928795 0.1541601 0.05296041 
0.8144078 0.1106393 0.07495282 
0.8455008 0.07984348 0.0746557 
0.8187179 0.1291222 0.05215985 
0.81321 0.1333871 0.05340291 
0.8244861 0.1128704 0.06264347 
0.7699946 0.1216967 0.1083087 
0.7760084 0.1658342 0.05815746 
0.7978818 0.1376747 0.06444343 
0.7968282 0.1344043 0.06876753 
0.7217626 0.1974021 0.08083529 
0.7984489 0.1533118 0.04823929 
0.8071101 0.1473697 0.04552013 
0.7949383 0.1652555 0.03980614 
0.7586644 0.1393316 0.102004 
0.780919 0.1399497 0.07913125 
0.8261793 0.1400228 0.03379791 
0.8022086 0.1411852 0.0566062 
0.845522 0.1128763 0.04160175 
0.7360572 0.2113206 0.05262217 
0.7419675 0.1902275 0.06780505 
0.8635043 0.1255963 0.01089938 
0.8002451 0.1573145 0.04244034 
0.8577869 0.1017709 0.04044226 
0.7535039 0.1843873 0.06210879 
0.8230407 0.09108104 0.08587826 
0.8564589 0.08194453 0.06159658 
0.8736514 0.08055099 0.04579761 
0.7297786 0.1949305 0.07529096 
0.7466717 0.1351857 0.1181426 
0.734617 0.134553 0.13083 
0.7831936 0.1209991 0.09580732 
0.7999831 0.1531452 0.04687167 
0.7352155 0.1947633 0.07002117 
0.8247208 0.102884 0.07239514 
0.7526937 0.2324059 0.01490043 
0.8033967 0.1710798 0.02552343 
0.8166121 0.1487783 0.03460956 
0.74645 0.1773808 0.07616924 
0.8409725 0.09998055 0.05904692 
0.8477637 0.06856172 0.0836746 
0.8418058 0.1059331 0.05226113 
0.8914886 0.07788154 0.03062985 
0.8374619 0.1091812 0.05335686 
0.7959987 0.1578335 0.04616779 
0.8304327 0.115451 0.0541163 
0.7791579 0.145483 0.07535915 
0.80644 0.1913876 0.00217239 
0.8068451 0.1276468 0.0655081 
0.7676541 0.1617745 0.07057142 
0.8069577 0.1108151 0.08222714 
0.841746 0.1144626 0.04379136 
0.8357878 0.1156106 0.04860154 
0.8847159 0.08821341 0.02707072 
0.8293146 0.1441203 0.02656519 
0.7866714 0.1060494 0.1072792 
0.8394405 0.1272379 0.03332153 
0.6441207 0.2942693 0.06161 
0.7817761 0.1131738 0.1050501 
0.807397 0.1437094 0.04889361 
0.7625546 0.1277292 0.1097162 
0.7545733 0.1521366 0.09329008 
0.8081569 0.1111511 0.08069208 
0.8514804 0.09892616 0.04959344 
0.8345974 0.1036661 0.06173645 
0.7237949 0.20293 0.07327508 
0.8560191 0.08040059 0.06358027 
0.8677462 0.08706744 0.04518632 
0.8137543 0.1427569 0.04348875 
0.808985 0.08625353 0.1047615 
0.8428899 0.1201773 0.03693274 
0.7874696 0.1563864 0.05614396 
0.7387809 0.1756652 0.08555387 
0.822849 0.08831523 0.0888358 
0.8505099 0.08577301 0.06371709 
0.8007465 0.1550429 0.0442106 
0.8068178 0.1169936 0.07618856 
0.81333 0.1179809 0.06868911 
0.8047977 0.141996 0.05320637 
0.7994987 0.1505744 0.04992694 
0.7841191 0.1668607 0.04902022 
0.8277844 0.1213819 0.05083365 
0.8338456 0.09925132 0.06690306 
0.7766824 0.1087492 0.1145684 
0.8289988 0.1124884 0.05851277 
0.8094196 0.1518779 0.03870251 
0.832189 0.1040544 0.06375659 
0.8367455 0.1278438 0.03541072 
0.8027311 0.1404075 0.05686141 
0.8421859 0.1425689 0.01524516 
0.8368086 0.113596 0.04959532 
0.7963413 0.1221522 0.08150651 
0.8112153 0.1145927 0.07419205 
0.7594526 0.209086 0.03146143 
0.8172008 0.1369707 0.0458285 
0.8210315 0.1396896 0.03927883 
0.8163385 0.1157691 0.06789242 
0.781381 0.1654781 0.05314092 
0.7999244 0.1466869 0.05338873 
0.8234779 0.09491907 0.08160307 
0.7487741 0.2025872 0.04863865 
0.8586544 0.07624141 0.06510422 
0.8356223 0.09236824 0.07200946 
0.8160849 0.09417004 0.08974506 
0.7918499 0.08094485 0.1272052 
0.7080576 0.2072151 0.0847273 
0.8288282 0.140755 0.03041675 
0.7980912 0.1074607 0.09444811 
0.7674068 0.1349743 0.09761887 
0.8181067 0.1169632 0.06493001 
0.8363191 0.1204733 0.04320754 
0.8743287 0.1174211 0.008250263 
0.7490899 0.1970907 0.05381941 
0.8782406 0.07571448 0.0460449 
0.8159708 0.1555559 0.02847332 
0.8131388 0.1156427 0.07121858 
0.8186309 0.1036981 0.07767093 
0.7937323 0.1344548 0.07181286 
0.8116867 0.1378149 0.05049839 
0.7951397 0.1111458 0.09371455 
0.843014 0.1102277 0.04675829 
0.8489953 0.1100193 0.04098543 
0.844664 0.09249634 0.06283968 
0.8353526 0.1341762 0.03047117 
0.8261828 0.1198533 0.05396391 
0.8185171 0.1125006 0.06898229 
0.7738539 0.08550095 0.1406451 
0.7781756 0.138777 0.08304733 
0.790812 0.1594586 0.04972943 
0.8250899 0.1449496 0.02996053 
0.8173129 0.1394386 0.04324854 
0.8111264 0.1101703 0.07870335 
0.822854 0.107439 0.06970701 
0.7767908 0.1207208 0.1024883 
0.7399982 0.1837841 0.07621768 
0.7761699 0.1825722 0.04125791 
0.8127958 0.1553249 0.03187936 
0.8086867 0.1393975 0.05191581 
0.7701245 0.1782737 0.05160178 
0.8517696 0.111327 0.03690336 
0.799146 0.114541 0.08631297 
0.7947269 0.1628151 0.04245802 
0.8291172 0.1130607 0.05782207 
0.8315257 0.1487862 0.0196881 
0.8230751 0.1057262 0.0711987 
0.73674 0.213967 0.04929299 
0.8724996 0.09880555 0.02869489 
0.7988518 0.1281209 0.07302739 
0.8818457 0.07564821 0.04250609 
0.8386784 0.11691 0.04441158 
0.7788204 0.1377299 0.08344973 
0.7816617 0.1549495 0.06338874 
0.8143397 0.1292447 0.05641553 
0.8584781 0.09303878 0.04848311 
0.8132557 0.1532782 0.03346605 
0.7536615 0.1999739 0.04636468 
0.8084061 0.1276538 0.06394012 
0.888025 0.07673619 0.03523878 
0.8068197 0.1694416 0.02373868 
0.8878884 0.08445813 0.02765347 
0.8293415 0.09700812 0.07365041 
0.8047877 0.1197396 0.07547269 
0.8039019 0.08959268 0.1065054 
0.7509397 0.148242 0.1008183 
0.8337076 0.1034096 0.06288277 
0.7428326 0.1504868 0.1066807 
0.8550843 0.05665399 0.0882617 
0.8278148 0.1535104 0.01867485 
0.8438554 0.1082133 0.04793132 
0.8287368 0.1254883 0.04577496 
0.7921228 0.1201085 0.08776872 
0.6701683 0.2824796 0.04735208 
0.7734084 0.1501085 0.07648305 
0.8133377 0.1239794 0.06268289 
0.776652 0.1771069 0.0462411 
0.7442434 0.136676 0.1190806 
0.843539 0.09422359 0.06223738 
0.8887115 0.06610316 0.04518533 
0.8350991 0.1146002 0.05030071 
0.8158049 0.1275474 0.05664779 
0.8659538 0.07845535 0.05559087 
0.8417489 0.09004004 0.06821106 
0.7519247 0.1544778 0.09359748 
0.7919079 0.1461059 0.06198619 
0.7719439 0.1160226 0.1120335 
0.7752728 0.1769367 0.04779045 
0.7791722 0.1488847 0.07194306 
0.7825498 0.1418758 0.07557435 
0.7084495 0.1921944 0.09935618 
0.8363658 0.1036319 0.06000234 
0.7805676 0.1353951 0.08403728 
0.8344928 0.1221742 0.04333304 
0.7391391 0.1724117 0.08844919 
0.8222051 0.06607431 0.1117206 
0.835292 0.09393939 0.07076864 
0.7927937 0.1116935 0.0955128 
0.8306889 0.1062119 0.0630992 
0.8424786 0.1247833 0.03273816 
0.7775282 0.1789829 0.04348881 
0.7842192 0.1201904 0.09559041 
0.8060735 0.1442266 0.04969992 
0.8157808 0.1258683 0.05835091 
0.7466402 0.157578 0.09578182 
0.7940018 0.1505704 0.05542783 
0.7900649 0.1418553 0.06807988 
0.8342072 0.1223841 0.04340867 
0.8336909 0.1246732 0.04163592 
0.8433419 0.1007907 0.05586739 
0.7324317 0.207926 0.05964227 
0.7935581 0.1517458 0.05469614 
0.8148394 0.1451158 0.0400448 
0.7302597 0.120114 0.1496262 
0.8377677 0.090805 0.07142729 
0.8534151 0.10224 0.04434486 
0.7157375 0.2099846 0.0742779 
0.8551934 0.1083894 0.03641723 
0.770423 0.165668 0.06390903 
0.8272494 0.1523629 0.0203877 
0.7863249 0.09600064 0.1176745 
0.7622712 0.1703994 0.06732934 
0.7929568 0.1883105 0.01873272 
0.8587795 0.1026257 0.03859488 
0.7971607 0.1257655 0.07707378 
0.8476042 0.1028153 0.0495805 
0.6912381 0.198574 0.1101879 
0.8447644 0.07353476 0.08170079 
0.8114242 0.131496 0.05707977 
0.8216149 0.1029714 0.07541369 
0.75408 0.1439002 0.1020198 
0.7903827 0.1724778 0.0371395 
0.8421215 0.09945957 0.05841892 
0.8471291 0.1161068 0.03676418 
0.814106 0.1166718 0.06922218 
0.8202623 0.1256352 0.05410254 
0.7928997 0.1743546 0.03274572 
0.8597875 0.1082697 0.03194289 
0.8476267 0.08638281 0.06599052 
0.7836701 0.133586 0.08274391 
0.7541695 0.1998412 0.04598937 
0.7513082 0.1851492 0.06354266 
0.8008257 0.1493509 0.04982338 
0.7592909 0.1427994 0.09790973 
0.8102737 0.1104901 0.07923619 
0.7431017 0.171474 0.0854243 
0.7791111 0.1506675 0.07022139 
0.8640756 0.06345853 0.07246584 
0.8257769 0.1241368 0.05008625 
0.8048926 0.1385838 0.05652355 
0.7622547 0.09242155 0.1453238 
0.8032492 0.1470787 0.04967205 
0.8238202 0.1364672 0.0397126 
0.8249939 0.08277039 0.09223575 
0.8214991 0.119183 0.0593179 
0.7922126 0.1779929 0.02979456 
0.8406977 0.1039745 0.05532773 
0.7699195 0.2028753 0.02720527 
0.783259 0.09487739 0.1218636 
0.8792004 0.08573088 0.03506868 
0.8306145 0.1257418 0.0436437 
0.7877991 0.1392514 0.07294943 
0.8645522 0.09117511 0.04427268 
0.7525763 0.1950302 0.05239345 
0.8572783 0.1139031 0.02881854 
0.7732624 0.1108608 0.1158767 
0.8505867 0.08810908 0.06130426 
0.7779333 0.1813515 0.04071517 
0.8550039 0.09343174 0.0515644 
0.8897875 0.08366974 0.02654274 
0.880984 0.09509508 0.02392096 
0.8136621 0.140339 0.04599897 
0.7351248 0.1726074 0.0922678 
0.8735288 0.08845047 0.03802068 
0.8604801 0.105989 0.0335309 
0.7719087 0.1780417 0.05004963 
0.7861064 0.1527605 0.06113313 
0.6954413 0.2128774 0.09168129 
0.7672079 0.1632647 0.06952742 
0.7714712 0.1921665 0.0363623 
0.7800581 0.1928136 0.02712825 
0.8296861 0.1325317 0.0377822 
0.8222745 0.1317548 0.04597072 
0.7861129 0.1819862 0.03190084 
0.8290425 0.1311952 0.03976228 
0.8424477 0.08925942 0.06829293 
0.8825988 0.07077042 0.04663077 
0.8305745 0.1298897 0.03953579 
0.8410178 0.09587085 0.06311137 
0.7053421 0.1361876 0.1584702 
0.8331297 0.1155332 0.05133711 
0.7324414 0.2626684 0.004890167 
0.7623511 0.1933346 0.0443143 
0.8378945 0.1219884 0.0401171 
0.7709776 0.1828499 0.04617255 
0.7746008 0.1701533 0.05524584 
0.7955536 0.1385617 0.0658847 
0.8463197 0.09385362 0.05982666 
0.7836982 0.2035717 0.01273012 
0.7798286 0.1777554 0.04241599 
0.8404097 0.1272454 0.03234496 
0.8444332 0.1052021 0.05036462 
0.824558 0.1307435 0.04469854 
0.8181707 0.1483681 0.03346116 
0.8460649 0.1108565 0.04307862 
0.8306354 0.1200302 0.04933435 
0.6901985 0.2282306 0.08157092 
0.7359928 0.1996351 0.06437216 
0.8229987 0.107116 0.0698853 
0.8431494 0.1030156 0.05383503 
0.8389759 0.1373867 0.02363741 
0.8260231 0.1204934 0.05348355 
0.8378808 0.1356688 0.02645044 
0.7636497 0.1696637 0.06668659 
0.826301 0.1290522 0.04464677 
0.7981257 0.1755494 0.02632486 
0.8261035 0.1205466 0.05334992 
0.8392721 0.1093009 0.051427 
0.8555293 0.07066251 0.07380822 
0.8169581 0.1299832 0.05305871 
0.8465472 0.0861097 0.06734307 
0.8896453 0.06072327 0.04963141 
0.8355149 0.136916 0.0275691 
0.7933967 0.1553891 0.05121418 
0.7740577 0.1731132 0.05282909 
0.8323536 0.1039036 0.06374283 
0.7937531 0.1639629 0.04228397 
0.8136969 0.1139349 0.07236823 
0.7056585 0.2197988 0.07454276 
0.8150504 0.1433356 0.04161397 
0.8264234 0.105834 0.06774261 
0.8430768 0.1357679 0.0211553 
0.7717752 0.1011361 0.1270887 
0.8584581 0.1031425 0.0383994 
0.8354769 0.1065222 0.05800092 
0.8155298 0.156595 0.02787519 
0.8452073 0.1311487 0.02364395 
0.8524147 0.09107618 0.05650917 
0.7824327 0.1721198 0.04544751 
0.8081705 0.1381186 0.05371094 
0.8709464 0.07246009 0.0565935 
0.8217934 0.1121593 0.0660473 
0.796383 0.1104086 0.09320842 
0.8083419 0.1493826 0.04227552 
0.8169858 0.1338897 0.04912446 
0.8218189 0.1394815 0.0386996 
0.8294886 0.1125811 0.05793028 
0.7989162 0.1558625 0.04522129 
0.8472746 0.1093076 0.04341784 
0.8299234 0.1196575 0.0504191 
0.8103459 0.1223695 0.06728464 
0.8641634 0.0960382 0.03979843 
0.8186908 0.1321963 0.04911289 
0.8307375 0.1261979 0.04306457 
0.8631598 0.1028785 0.03396174 
0.8134968 0.1057262 0.08077699 
0.8238973 0.1397719 0.03633081 
0.7964274 0.1298222 0.07375036 
0.838792 0.1181637 0.04304425 
0.8493852 0.0903841 0.06023074 
0.7385829 0.1714395 0.08997765 
0.7649829 0.1550962 0.07992096 
0.8303451 0.09804881 0.07160614 
0.779805 0.1900965 0.03009847 
0.7535757 0.2127876 0.03363667 
0.8314734 0.1233051 0.04522155 
0.7803973 0.1614318 0.05817091 
0.7687555 0.1539779 0.07726667 
0.8365584 0.105138 0.05830368 
0.7473855 0.2218467 0.03076784 
0.8111368 0.1097908 0.07907247 
0.7720761 0.1311846 0.09673936 
0.8163589 0.1129472 0.07069397 
0.8167484 0.1424342 0.0408174 
0.8110699 0.1393181 0.04961202 
0.7407856 0.161121 0.09809336 
0.8491266 0.1096004 0.04127298 
0.7725228 0.1808584 0.04661883 
0.8314212 0.09885578 0.06972304 
0.7363766 0.1789608 0.08466267 
0.7887717 0.1585901 0.05263827 
0.771878 0.1641536 0.06396836 
0.8319223 0.130064 0.03801368 
0.832132 0.1407131 0.02715491 
0.7708063 0.1587477 0.07044598 
0.7552781 0.1284624 0.1162595 
0.7909753 0.1621096 0.04691511 
0.767919 0.1591954 0.07288562 
0.8345986 0.1152645 0.05013691 
0.7954217 0.157172 0.04740628 
0.7790605 0.1903781 0.03056137 
0.8332476 0.1312928 0.03545961 
0.8123609 0.1427688 0.04487031 
0.8191707 0.09843965 0.08238968 
0.8087619 0.1307448 0.0604933 
0.7445645 0.1795516 0.07588391 
0.7914034 0.1365704 0.07202612 
0.7185053 0.1820849 0.09940974 
0.8262942 0.1157513 0.05795451 
0.7855458 0.1118921 0.1025621 
0.8001538 0.1602238 0.03962242 
0.7713596 0.1681504 0.06049006 
0.8296941 0.1120343 0.05827166 
0.7771272 0.1593898 0.06348303 
0.8729994 0.09185407 0.03514654 
0.8093276 0.148158 0.0425144 
0.8062346 0.1456809 0.04808447 
0.8516629 0.08592663 0.06241048 
0.7795576 0.1823434 0.03809901 
0.7590685 0.1528657 0.08806577 
0.8226711 0.1109217 0.06640717 
0.831153 0.138778 0.03006904 
0.7959552 0.1547293 0.0493155 
0.742334 0.1709012 0.08676483 
0.8015174 0.1511729 0.04730969 
0.9122738 0.06270788 0.0250183 
0.8209431 0.1434613 0.03559561 
0.7836463 0.1597267 0.05662697 
0.7754011 0.1867544 0.03784455 
0.8209816 0.08301175 0.09600661 
0.7589237 0.1706966 0.07037975 
0.8298833 0.1409248 0.0291919 
0.7663151 0.1575806 0.07610426 
0.8034215 0.1012734 0.09530508 
0.8251915 0.1262142 0.04859432 
0.7675713 0.115832 0.1165968 
0.8011702 0.1454401 0.05338975 
0.8466784 0.1023257 0.05099591 
0.8342323 0.1145927 0.051175 
0.8673384 0.1128895 0.01977207 
0.8239993 0.1144836 0.06151708 
0.7750743 0.1447436 0.08018215 
0.8740339 0.07554251 0.05042356 
0.7392395 0.1605939 0.1001666 
0.8117268 0.111653 0.0766202 
0.786568 0.1623148 0.0511172 
0.850157 0.1123314 0.0375116 
0.8380726 0.1120795 0.04984788 
0.8296679 0.09955714 0.07077495 
0.7253867 0.2184367 0.05617653 
0.8213147 0.1102936 0.06839169 
0.792648 0.1577047 0.0496473 
0.8286423 0.1184065 0.05295126 
0.7951664 0.1378936 0.06694004 
0.7958348 0.128795 0.07537015 
0.725507 0.1661574 0.1083356 
0.7454732 0.1741728 0.080354 
0.8208102 0.1052452 0.07394459 
0.7871116 0.1349134 0.07797501 
0.7398046 0.2081177 0.05207769 
0.8132711 0.1464947 0.0402342 
0.7691855 0.1859539 0.04486053 
0.8922174 0.08114302 0.02663958 
0.7076445 0.2393094 0.05304606 
0.7584606 0.1469159 0.0946235 
0.8388884 0.1077473 0.05336435 
0.7852926 0.1724466 0.04226088 
0.8679098 0.1183639 0.01372628 
0.8311952 0.1018815 0.06692328 
0.8150772 0.130011 0.05491185 
0.8217883 0.1452431 0.03296855 
0.7676061 0.1641268 0.06826704 
0.7350212 0.1604947 0.1044841 
0.829489 0.0772967 0.09321434 
0.8371308 0.07294996 0.08991928 
0.7830682 0.1372004 0.0797315 
0.8176713 0.1251294 0.05719932 
0.7574295 0.1516423 0.09092824 
0.7492323 0.1798276 0.07094009 
0.822333 0.1349451 0.04272187 
0.7905509 0.1543887 0.05506045 
0.8845739 0.07545722 0.03996884 
0.741952 0.1736525 0.08439549 
0.8266855 0.1327721 0.04054242 
0.7741357 0.1468538 0.07901054 
0.7569257 0.1671946 0.07587969 
0.7480418 0.1027261 0.1492322 
0.7308867 0.2111848 0.05792843 
0.7433243 0.1874053 0.06927038 
0.8297785 0.1022262 0.06799526 
0.7564629 0.1916003 0.05193677 
0.8420131 0.1333315 0.02465543 
0.7878904 0.1515949 0.06051471 
0.7222952 0.207498 0.07020672 
