"p_1" "p_2" "p_3"
0.3205313 0.2891901 0.3902786
0.3223895 0.2869775 0.390633
0.3266542 0.2773951 0.3959507
0.2836989 0.2839518 0.4323493
0.3113771 0.2932462 0.3953767
0.3305965 0.3068087 0.3625948
0.3256401 0.3024212 0.3719386
0.3255473 0.29882 0.3756327
0.3352146 0.2990032 0.3657822
0.3098612 0.2892343 0.4009045
0.3021777 0.3190853 0.3787369
0.2971308 0.3014932 0.401376
0.3300788 0.2955446 0.3743767
0.3402241 0.2865165 0.3732594
0.2979708 0.3074483 0.3945809
0.3077584 0.2726698 0.4195717
0.3173393 0.2890073 0.3936534
0.2994575 0.309541 0.3910014
0.3078259 0.3105737 0.3816004
0.3237599 0.3069691 0.369271
0.2875872 0.314491 0.3979218
0.330288 0.2796513 0.3900607
0.3249939 0.290306 0.3847
0.3193367 0.2922976 0.3883657
0.3253205 0.3195204 0.355159
0.3259944 0.2834119 0.3905937
0.2901258 0.328325 0.3815492
0.3160087 0.3159989 0.3679924
0.301083 0.2786781 0.4202389
0.3154444 0.2790402 0.4055154
0.3042421 0.312775 0.382983
0.2813221 0.3114799 0.407198
0.316975 0.306263 0.376762
0.3080173 0.2973972 0.3945856
0.3170528 0.2940877 0.3888596
0.308735 0.3169323 0.3743327
0.3208771 0.3032796 0.3758434
0.3098668 0.3136579 0.3764753
0.3169547 0.2888561 0.3941892
0.305455 0.3088324 0.3857126
0.3010435 0.3076216 0.3913349
0.3113707 0.2959253 0.392704
0.3102991 0.2993188 0.3903821
0.3138818 0.2855187 0.4005996
0.2961826 0.2993486 0.4044688
0.299868 0.3246086 0.3755235
0.3211947 0.2968688 0.3819365
0.2991271 0.2952268 0.4056461
0.3189935 0.2982345 0.382772
0.3250956 0.2889715 0.3859329
0.3185568 0.2731979 0.4082453
0.3201726 0.300461 0.3793664
0.2977596 0.2928725 0.4093679
0.2870772 0.2863371 0.4265856
0.3243749 0.3053536 0.3702715
0.2992457 0.3039027 0.3968517
0.3183958 0.2840583 0.3975459
0.3019006 0.289242 0.4088574
0.3036656 0.305532 0.3908024
0.3146422 0.3198606 0.3654972
0.3103773 0.2908889 0.3987338
0.3258398 0.2980446 0.3761156
0.3383705 0.2884665 0.373163
0.3354082 0.2718937 0.3926981
0.3149778 0.3008885 0.3841337
0.319909 0.3071902 0.3729009
0.3093127 0.3081206 0.3825668
0.2942759 0.3057401 0.3999839
0.3071838 0.2780905 0.4147258
0.3207299 0.3001063 0.3791638
0.3203378 0.2990859 0.3805763
0.3179497 0.2997064 0.3823439
0.3365285 0.2957761 0.3676954
0.2838832 0.3347899 0.3813269
0.3172501 0.2894644 0.3932855
0.2985266 0.3011988 0.4002746
0.2977336 0.3022433 0.400023
0.3262734 0.3008025 0.3729241
0.3205851 0.3001279 0.3792869
0.3299789 0.2773385 0.3926825
0.2922811 0.3002571 0.4074618
0.299984 0.3017478 0.3982682
0.3100026 0.3104404 0.379557
0.289887 0.2945582 0.4155548
0.2811496 0.3183434 0.400507
0.3106993 0.3070622 0.3822385
0.3307442 0.2733232 0.3959326
0.331443 0.2966787 0.3718783
0.3207619 0.2920273 0.3872108
0.3025545 0.3015586 0.395887
0.3139217 0.2763141 0.4097642
0.3042732 0.3102586 0.3854681
0.3416341 0.291012 0.367354
0.2894519 0.3025389 0.4080092
0.3264441 0.276789 0.3967669
0.2928385 0.3016128 0.4055488
0.3096668 0.32381 0.3665232
0.3060598 0.2963279 0.3976123
0.3126434 0.308852 0.3785046
0.2990728 0.3079576 0.3929696
0.2932089 0.311121 0.3956701
0.3278875 0.3029031 0.3692094
0.3067384 0.2856464 0.4076152
0.2893438 0.2976645 0.4129916
0.3056778 0.3018941 0.392428
0.2974835 0.3039559 0.3985605
0.3126535 0.2993855 0.387961
0.3005348 0.2906778 0.4087874
0.288107 0.292463 0.41943
0.3040967 0.3054013 0.390502
0.3163223 0.2905638 0.3931139
0.3099883 0.3052576 0.3847541
0.3289769 0.2926441 0.378379
0.2982188 0.3077537 0.3940275
0.3043344 0.3244004 0.3712652
0.3184372 0.2959756 0.3855872
0.3101547 0.2912859 0.3985594
0.3322235 0.3002639 0.3675126
0.3057401 0.3169249 0.377335
0.3171203 0.2965002 0.3863794
0.2876175 0.2980255 0.414357
0.3073446 0.2849616 0.4076938
0.325404 0.2979111 0.3766849
0.3221611 0.3090361 0.3688029
0.3097271 0.318099 0.3721739
0.3120759 0.3029805 0.3849436
0.3128677 0.2930749 0.3940575
0.3148903 0.2877772 0.3973325
0.2843415 0.323715 0.3919436
0.3089999 0.2966407 0.3943594
0.302143 0.3173594 0.3804976
0.3110365 0.2948095 0.394154
0.2917595 0.2966586 0.4115819
0.3063061 0.3009239 0.39277
0.2910031 0.2889065 0.4200903
0.3402054 0.2697323 0.3900623
0.3094677 0.298709 0.3918233
0.3146583 0.2850151 0.4003266
0.3181724 0.2925667 0.3892609
0.314014 0.3086534 0.3773326
0.3103057 0.3125363 0.3771581
0.3167783 0.2879401 0.3952816
0.3166683 0.2939772 0.3893546
0.2995954 0.294188 0.4062166
0.3269976 0.2734627 0.3995397
0.346582 0.3014394 0.3519786
0.3094855 0.3025995 0.387915
0.3038365 0.2895196 0.4066439
0.3299688 0.3019836 0.3680475
0.3157109 0.2983947 0.3858944
0.3186049 0.2893054 0.3920897
0.2801674 0.3231602 0.3966724
0.2981314 0.2872759 0.4145927
0.3075381 0.3023821 0.3900798
0.319599 0.285453 0.394948
0.3106297 0.2942884 0.3950819
0.321274 0.2866673 0.3920587
0.2942923 0.3308818 0.3748259
0.3021657 0.2853514 0.4124829
0.295241 0.3169866 0.3877724
0.3043503 0.2880417 0.407608
0.3145557 0.2895446 0.3958997
0.2789299 0.31044 0.4106301
0.328975 0.2927546 0.3782704
0.327947 0.2835721 0.388481
0.3070279 0.2986456 0.3943265
0.3054369 0.3209957 0.3735674
0.335832 0.259496 0.404672
0.3118128 0.3188974 0.3692897
0.2809116 0.3013736 0.4177148
0.3202766 0.2636514 0.416072
0.3337452 0.2716289 0.3946259
0.3056594 0.2997452 0.3945954
0.3363145 0.2722258 0.3914597
0.3168401 0.2840171 0.3991428
0.3255754 0.3054768 0.3689478
0.3062015 0.3013588 0.3924397
0.2901971 0.3253294 0.3844736
0.2952332 0.3052057 0.3995611
0.3016411 0.3185248 0.3798341
0.3028746 0.2939938 0.4031317
0.3075256 0.3062706 0.3862038
0.3131778 0.2812891 0.4055332
0.295391 0.2949152 0.4096938
0.3086824 0.2747699 0.4165477
0.3131896 0.3239317 0.3628787
0.3163547 0.3024171 0.3812282
0.3225646 0.3010452 0.3763902
0.3208324 0.291422 0.3877456
0.3158088 0.3026967 0.3814944
0.3165919 0.2712591 0.412149
0.3235721 0.2884633 0.3879646
0.3040062 0.3003108 0.395683
0.3143454 0.2932028 0.3924518
0.3029904 0.3038337 0.3931759
0.3105061 0.2920124 0.3974816
0.3220896 0.2981641 0.3797463
0.3432374 0.2730816 0.383681
0.3071836 0.3099096 0.3829068
0.3344172 0.2962388 0.369344
0.2831295 0.3237975 0.393073
0.3199623 0.2795606 0.4004771
0.3231804 0.2830081 0.3938115
0.3137269 0.2907912 0.3954819
0.3173742 0.3124808 0.3701451
0.3317836 0.283304 0.3849124
0.3209521 0.2799577 0.3990901
0.2891083 0.2883699 0.4225218
0.3070128 0.2686791 0.4243081
0.3010585 0.2939233 0.4050181
0.293045 0.3173583 0.3895967
0.309478 0.3095939 0.3809281
0.3107933 0.3063281 0.3828786
0.3160262 0.3197184 0.3642554
0.3133196 0.3228546 0.3638258
0.3073952 0.2765757 0.4160291
0.3161818 0.3213188 0.3624993
0.3222024 0.2827422 0.3950554
0.3016757 0.2831837 0.4151407
0.3059394 0.2908369 0.4032237
0.3157111 0.2950337 0.3892552
0.2896997 0.3021613 0.408139
0.3088249 0.2866805 0.4044946
0.2869099 0.2956202 0.4174699
0.3557763 0.2569779 0.3872458
0.3040052 0.3205897 0.3754052
0.3224151 0.296606 0.3809789
0.323655 0.2891495 0.3871955
0.3405529 0.2808938 0.3785533
0.2749352 0.3146467 0.4104181
0.2986278 0.295243 0.4061292
0.3052237 0.2848847 0.4098916
0.317871 0.3035634 0.3785656
0.2952274 0.3257719 0.3790007
0.306717 0.2921132 0.4011698
0.3087151 0.3035424 0.3877425
0.3030308 0.3285232 0.368446
0.3149325 0.2960195 0.389048
0.3160041 0.283813 0.4001828
0.3181994 0.2848009 0.3969998
0.30577 0.3087974 0.3854326
0.3360605 0.2964318 0.3675077
0.3076084 0.2947531 0.3976385
0.296817 0.3102975 0.3928855
0.3089316 0.2736287 0.4174397
0.3211068 0.3001289 0.3787643
0.326487 0.3070374 0.3664757
0.3027414 0.2632128 0.4340459
0.3242919 0.2866639 0.3890442
0.3128938 0.2968586 0.3902476
0.3072837 0.2976592 0.3950571
0.3076879 0.3044249 0.3878872
0.3138174 0.2899756 0.3962069
0.329717 0.2761166 0.3941665
0.2991934 0.2938401 0.4069665
0.2956935 0.291495 0.4128115
0.3056668 0.3026777 0.3916555
0.3281825 0.2832287 0.3885888
0.3200902 0.3047554 0.3751544
0.3448508 0.2853182 0.369831
0.3157153 0.3136144 0.3706702
0.2986851 0.2975888 0.4037261
0.3114412 0.2887031 0.3998557
0.3235532 0.2823263 0.3941205
0.3025599 0.3106453 0.3867947
0.2815554 0.2834628 0.4349818
0.3181953 0.2770993 0.4047054
0.2941782 0.3186228 0.3871991
0.3174745 0.2884965 0.3940289
0.3122282 0.2942675 0.3935043
0.3055071 0.2787659 0.415727
0.3279958 0.2837385 0.3882657
0.2978654 0.28614 0.4159946
0.3103466 0.3047516 0.3849018
0.31919 0.3104503 0.3703597
0.3243662 0.2765355 0.3990983
0.3456685 0.2828542 0.3714772
0.288501 0.3105163 0.4009827
0.3073865 0.3024304 0.3901831
0.3180666 0.3036328 0.3783006
0.3047494 0.3047365 0.390514
0.2967093 0.2853618 0.4179289
0.3246929 0.2920897 0.3832174
0.3092884 0.2979259 0.3927858
0.3270149 0.299173 0.3738121
0.3114907 0.2737413 0.4147681
0.2988261 0.3004364 0.4007375
0.3197989 0.2885058 0.3916953
0.3072144 0.2870216 0.405764
0.2888076 0.3242107 0.3869816
0.3118039 0.2835042 0.4046919
0.3205529 0.3021559 0.3772912
0.2919857 0.2945634 0.4134509
0.3035365 0.3047724 0.3916911
0.3194925 0.293949 0.3865586
0.2982075 0.2948669 0.4069256
0.2977434 0.3081049 0.3941517
0.306527 0.2957201 0.3977529
0.2825814 0.3215454 0.3958732
0.3347628 0.30466 0.3605772
0.310298 0.2950792 0.3946229
0.3123952 0.3118237 0.3757811
0.2981197 0.3160149 0.3858654
0.3091019 0.289775 0.4011232
0.3092332 0.3211966 0.3695702
0.3102441 0.3181105 0.3716454
0.2961283 0.2821614 0.4217103
0.2950945 0.323599 0.3813065
0.3056511 0.3186798 0.3756691
0.3331476 0.2931565 0.3736958
0.3303618 0.2904291 0.3792091
0.302702 0.3083816 0.3889164
0.3424402 0.2875489 0.3700109
0.2977229 0.2848974 0.4173797
0.3231671 0.2869797 0.3898531
0.3412615 0.275396 0.3833425
0.3068709 0.289769 0.4033601
0.3199583 0.2886382 0.3914035
0.3359053 0.3069515 0.3571433
0.3082581 0.3157545 0.3759873
0.3254969 0.302529 0.3719741
0.2969084 0.3004285 0.402663
0.3161299 0.3036125 0.3802577
0.3200255 0.3003741 0.3796005
0.3327065 0.2892773 0.3780162
0.3104658 0.2906915 0.3988427
0.3275099 0.2919638 0.3805263
0.326863 0.3186864 0.3544506
0.2965474 0.3002559 0.4031968
0.3170583 0.2844411 0.3985005
0.3102445 0.3105782 0.3791773
0.3041179 0.2980184 0.3978638
0.2926228 0.3221139 0.3852633
0.3347509 0.300827 0.3644221
0.299807 0.3072513 0.3929417
0.3157748 0.2959292 0.3882961
0.3071124 0.2930579 0.3998297
0.278212 0.3009721 0.4208159
0.3140895 0.2942066 0.3917039
0.2799878 0.3089906 0.4110216
0.3116387 0.2932935 0.3950678
0.3173257 0.2929733 0.3897009
0.2990669 0.2774839 0.4234492
0.2829957 0.3097682 0.4072361
0.3086507 0.2699911 0.4213582
0.2914801 0.3076274 0.4008925
0.3140786 0.2986715 0.3872499
0.3014247 0.2856798 0.4128955
0.3143391 0.2827402 0.4029207
0.302748 0.2949314 0.4023205
0.2891785 0.3217897 0.3890318
0.3322554 0.2927356 0.375009
0.3052102 0.3011624 0.3936275
0.3120209 0.3005035 0.3874756
0.3174353 0.2921839 0.3903808
0.3026954 0.288004 0.4093007
0.3125933 0.2821208 0.4052859
0.3247331 0.2746303 0.4006366
0.3236982 0.3053829 0.3709189
0.3095391 0.3124531 0.3780079
0.2761101 0.3156878 0.4082021
0.311384 0.2916386 0.3969774
0.3152251 0.2811201 0.4036548
0.3379982 0.2835484 0.3784534
0.3098866 0.2971277 0.3929857
0.3163461 0.2919698 0.3916841
0.297265 0.3038897 0.3988454
0.3331737 0.2740895 0.3927368
0.3316608 0.3002935 0.3680457
0.3233259 0.2941131 0.382561
0.3211118 0.2998236 0.3790647
0.2923065 0.3038013 0.4038921
0.3059621 0.3231526 0.3708852
0.2947392 0.2981398 0.407121
0.2968567 0.2991436 0.4039997
0.3076252 0.2878935 0.4044813
0.2901934 0.3072173 0.4025893
0.3218844 0.2773569 0.4007588
0.3275428 0.2803914 0.3920659
0.3089558 0.2761619 0.4148823
0.2897716 0.2907393 0.4194891
0.3179106 0.2951442 0.3869452
0.3057276 0.3033869 0.3908855
0.316678 0.3065062 0.3768159
0.3164873 0.2822335 0.4012791
0.2973643 0.3076882 0.3949475
0.3100983 0.2888295 0.4010723
0.3182464 0.3014059 0.3803477
0.3184141 0.2932453 0.3883405
0.3028434 0.3221625 0.3749941
0.2992929 0.2917148 0.4089923
0.2876246 0.2968142 0.4155612
0.3223525 0.2714364 0.4062111
0.28839 0.2906645 0.4209455
0.296834 0.3014668 0.4016992
0.3061445 0.3116453 0.3822102
0.3053877 0.2786409 0.4159714
0.3018908 0.2878008 0.4103084
0.3133099 0.274468 0.4122221
0.3221777 0.2827837 0.3950386
0.3056104 0.2866473 0.4077423
0.3092808 0.2896797 0.4010395
0.3151967 0.3005665 0.3842368
0.3227382 0.2993146 0.3779473
0.3264143 0.2989758 0.3746099
0.3166677 0.3130945 0.3702378
0.3051787 0.300352 0.3944693
0.3293215 0.2921969 0.3784816
0.2956828 0.3111362 0.393181
0.3316911 0.2940696 0.3742393
0.306516 0.2961991 0.397285
0.3043839 0.2815993 0.4140168
0.3209766 0.3291811 0.3498423
0.3017573 0.3154652 0.3827774
0.2910177 0.296837 0.4121453
0.2785299 0.3366564 0.3848138
0.3210354 0.2958936 0.383071
0.298968 0.3121149 0.3889171
0.3135996 0.3161547 0.3702458
0.3290234 0.286528 0.3844485
0.32019 0.2978232 0.3819868
0.31445 0.2864488 0.3991013
0.3426128 0.263624 0.3937631
0.2913061 0.3017165 0.4069774
0.328969 0.2698873 0.4011437
0.3078454 0.3002558 0.3918988
0.301397 0.2742075 0.4243955
0.3047926 0.2962107 0.3989966
0.3376976 0.2828123 0.3794902
0.3415144 0.274574 0.3839116
0.3289778 0.2753189 0.3957033
0.304584 0.2989897 0.3964263
0.3251942 0.3054531 0.3693527
0.3221377 0.3029438 0.3749185
0.308807 0.2992537 0.3919393
0.3208099 0.3012425 0.3779476
0.3113248 0.3046994 0.3839758
0.3137181 0.2857024 0.4005795
0.3128158 0.2881756 0.3990085
0.3034507 0.2950943 0.401455
0.321038 0.2956938 0.3832681
0.2829899 0.3369106 0.3800995
0.2931335 0.3103125 0.396554
0.3065187 0.276562 0.4169193
0.3102666 0.3022823 0.3874511
0.293698 0.3027641 0.4035379
0.2976516 0.2877901 0.4145583
0.2892017 0.3036537 0.4071445
0.3118998 0.3157833 0.3723169
0.3052072 0.3140928 0.3807
0.3208214 0.2906958 0.3884828
0.2975653 0.3006355 0.4017992
0.3137877 0.3087472 0.3774651
0.3301736 0.2755902 0.3942362
0.2963275 0.3144286 0.3892439
0.3362408 0.285175 0.3785841
0.3199826 0.3107446 0.3692728
0.3156211 0.3048979 0.379481
0.3028546 0.3000768 0.3970686
0.3194362 0.3211695 0.3593943
0.2945078 0.319865 0.3856272
0.2964782 0.3211047 0.3824171
0.3095937 0.3089652 0.3814411
0.2858407 0.3314897 0.3826696
0.3238009 0.2976482 0.3785508
0.2983612 0.3255239 0.3761149
0.3256887 0.314454 0.3598574
0.3060388 0.2964545 0.3975068
0.3217956 0.3043327 0.3738717
0.3097356 0.3111517 0.3791127
0.2996774 0.2851528 0.4151698
0.2914297 0.3072132 0.4013571
0.3160383 0.3002032 0.3837585
0.3082487 0.2936979 0.3980534
0.3050606 0.3008737 0.3940658
0.3117763 0.3062307 0.381993
0.3029145 0.2912609 0.4058246
0.3018855 0.3246767 0.3734378
0.3083598 0.2925451 0.3990951
0.3118618 0.2991406 0.3889976
0.3040978 0.2911638 0.4047384
0.3300488 0.2918237 0.3781275
0.3030793 0.284762 0.4121587
0.2960388 0.3236312 0.38033
0.3161213 0.2924932 0.3913855
0.2930449 0.3159464 0.3910087
0.3019041 0.2971549 0.4009409
0.293034 0.2941121 0.4128539
0.3311585 0.2758792 0.3929623
0.3093294 0.2899874 0.4006833
0.3021256 0.3073579 0.3905165
0.2983604 0.2978278 0.4038118
0.311127 0.316209 0.372664
0.3114102 0.2845831 0.4040068
0.3112028 0.2940447 0.3947525
0.2765165 0.2966387 0.4268448
0.305664 0.3021552 0.3921808
0.313899 0.2884779 0.3976231
0.3202083 0.2842678 0.3955238
0.327931 0.2783731 0.3936959
0.314428 0.2921263 0.3934457
0.3019605 0.2836844 0.4143551
0.3194619 0.2835453 0.3969929
0.3133009 0.296483 0.3902162
0.3154234 0.3271853 0.3573913
0.303251 0.3098077 0.3869413
0.3176727 0.2787031 0.4036242
0.30177 0.3095292 0.3887008
0.3209462 0.3021265 0.3769273
0.3035287 0.2743375 0.4221338
0.3223612 0.261315 0.4163237
0.3163761 0.3094284 0.3741955
0.3256315 0.298442 0.3759265
0.2980818 0.3158078 0.3861104
0.3251645 0.2840748 0.3907608
0.3291689 0.2797204 0.3911108
0.3220933 0.2752632 0.4026435
0.2951973 0.3023466 0.402456
0.317287 0.3024877 0.3802253
0.2781427 0.2945364 0.4273208
0.3146989 0.2884131 0.396888
0.2971721 0.31238 0.3904479
0.3208052 0.2970769 0.3821179
0.3231184 0.288821 0.3880606
0.3033686 0.3005977 0.3960337
0.3350157 0.305856 0.3591283
0.293286 0.3042184 0.4024956
0.3138204 0.3174844 0.3686952
0.3234691 0.272691 0.4038399
0.2830312 0.3189749 0.3979939
0.2872067 0.3175253 0.395268
0.3301758 0.2900699 0.3797543
0.2943728 0.3069269 0.3987004
0.2836994 0.3351072 0.3811934
0.3102797 0.3049447 0.3847756
0.3287676 0.2733823 0.3978501
0.3163109 0.2767487 0.4069404
0.3067506 0.3205476 0.3727017
0.3115054 0.2944696 0.394025
0.2958352 0.3210853 0.3830795
0.3023703 0.3037108 0.393919
0.3228687 0.3067368 0.3703944
0.2794548 0.2992968 0.4212484
0.2823315 0.3131448 0.4045238
0.3173151 0.2961582 0.3865266
0.3062481 0.3121037 0.3816482
0.3408576 0.2918806 0.3672619
0.3037324 0.296295 0.3999725
0.2968565 0.3050038 0.3981397
0.304562 0.3091583 0.3862796
0.3166152 0.2931356 0.3902492
0.3248869 0.3028256 0.3722876
0.3171422 0.2771879 0.4056699
0.30965 0.3154456 0.3749044
0.2830627 0.3056549 0.4112825
0.2978618 0.3086273 0.3935109
0.3105335 0.3001855 0.389281
0.3390732 0.2983447 0.3625821
0.3013931 0.3283016 0.3703053
0.2956898 0.3044328 0.3998774
0.2947533 0.3087978 0.3964489
0.3018865 0.2938183 0.4042952
0.3040121 0.327957 0.368031
0.3154855 0.3120827 0.3724317
0.3596411 0.2722675 0.3680914
0.300955 0.3189342 0.3801108
0.3397225 0.2813661 0.3789114
0.2937918 0.3140123 0.3921958
0.3051858 0.2814827 0.4133315
0.306022 0.2685562 0.4254218
0.3184789 0.3103849 0.3711362
0.308142 0.2980362 0.3938218
0.3048978 0.2956349 0.3994672
0.3164967 0.2833889 0.4001144
0.3102059 0.277939 0.4118551
0.3160099 0.307849 0.3761411
0.3181299 0.2907857 0.3910844
0.3050067 0.2956056 0.3993877
0.3265583 0.2811733 0.3922683
0.3142612 0.3012992 0.3844395
0.3164399 0.3212647 0.3622954
0.3042989 0.2984183 0.3972828
0.3382532 0.2929092 0.3688375
0.2620592 0.3158446 0.4220961
0.3119113 0.2952147 0.392874
0.3065846 0.3006021 0.3928134
0.3148245 0.2845673 0.4006083
0.3446387 0.2912967 0.3640646
0.3126309 0.2716481 0.415721
0.2981712 0.3151481 0.3866807
0.3204516 0.2900572 0.3894912
0.2997642 0.2903028 0.409933
0.3120545 0.2813768 0.4065687
0.312984 0.296892 0.390124
0.2879625 0.3084322 0.4036052
0.3011812 0.3035282 0.3952905
0.2937774 0.2940013 0.4122213
0.3064829 0.2899334 0.4035836
0.2995393 0.2834635 0.4169972
0.2979282 0.3140456 0.3880262
0.3330108 0.306391 0.3605982
0.3089655 0.3021342 0.3889003
0.3046021 0.2932488 0.4021491
0.3012412 0.3150096 0.3837492
0.3045902 0.3017647 0.3936451
0.2926511 0.3193943 0.3879547
0.3114148 0.3052089 0.3833762
0.3403677 0.2804154 0.3792169
0.312663 0.3209221 0.3664149
0.2926899 0.3029156 0.4043946
0.3121858 0.299781 0.3880332
0.3304712 0.277357 0.3921717
0.3094959 0.3380071 0.3524969
0.3211798 0.3009228 0.3778974
0.291552 0.2854678 0.4229803
0.3288845 0.274858 0.3962575
0.3287195 0.2780215 0.393259
0.3220701 0.3169007 0.3610292
0.3163691 0.2671008 0.4165301
0.2987846 0.3022534 0.398962
0.3272333 0.2842692 0.3884975
0.3177396 0.3107051 0.3715553
0.3166832 0.2923912 0.3909256
0.3049263 0.2728012 0.4222725
0.2867806 0.3198462 0.3933732
0.3184447 0.3057548 0.3758005
0.305702 0.306935 0.387363
0.3166921 0.3231768 0.360131
0.3132079 0.2946912 0.3921009
0.3193507 0.2980802 0.3825691
0.321352 0.2993495 0.3792985
0.3037727 0.2826537 0.4135736
0.2877586 0.3293295 0.3829119
0.3168976 0.3040735 0.3790289
0.3190418 0.279278 0.4016802
0.3007444 0.284747 0.4145086
0.3150804 0.3063829 0.3785367
0.3072949 0.2896421 0.403063
0.3161993 0.3064241 0.3773766
0.3078116 0.2827815 0.4094069
0.3144228 0.292155 0.3934222
0.2987551 0.2961994 0.4050455
0.3018609 0.3128534 0.3852856
0.3170895 0.2999409 0.3829696
0.3269655 0.2835929 0.3894417
0.3130084 0.297745 0.3892466
0.3068466 0.2910983 0.402055
0.3290426 0.266788 0.4041694
0.3218881 0.2880578 0.3900542
0.3344001 0.3070443 0.3585556
0.2903388 0.2822046 0.4274567
0.3214622 0.2967075 0.3818302
0.2973367 0.3059779 0.3966853
0.3120649 0.3019248 0.3860103
0.2943102 0.2830541 0.4226357
0.3155684 0.3262388 0.3581927
0.3053643 0.329018 0.3656177
0.3273446 0.2916006 0.3810548
0.3219033 0.3106089 0.3674877
0.3340476 0.2887492 0.3772032
0.3147848 0.2837568 0.4014584
0.3011568 0.2800594 0.4187839
0.312655 0.3026113 0.3847336
0.3033468 0.3008809 0.3957722
0.3044662 0.3013097 0.3942241
0.3023351 0.3034252 0.3942397
0.3453098 0.286707 0.3679833
0.2810964 0.3217666 0.397137
0.347266 0.2922263 0.3605077
0.3214675 0.2931714 0.3853611
0.2981738 0.3189407 0.3828855
0.3198839 0.2774421 0.4026739
0.3010981 0.2936781 0.4052238
0.3164506 0.2897213 0.3938282
0.3123144 0.3097103 0.3779753
0.3073512 0.2824829 0.4101658
0.3279913 0.2816004 0.3904084
0.3111347 0.273729 0.4151364
0.3303096 0.2827004 0.38699
0.3064207 0.2934181 0.4001612
0.3032653 0.2982776 0.3984572
0.33724 0.2987814 0.3639786
0.2917897 0.319441 0.3887692
0.3083747 0.2912799 0.4003454
0.2979203 0.3121019 0.3899777
0.2949353 0.2932867 0.411778
0.3075576 0.3292447 0.3631977
0.3082341 0.2927157 0.3990502
0.3290354 0.2747205 0.3962442
0.3096371 0.2859312 0.4044316
0.3234689 0.315071 0.3614601
0.3198098 0.2929109 0.3872793
0.320359 0.3098973 0.3697436
0.2999102 0.2966316 0.4034582
0.3189792 0.308025 0.3729958
0.3114896 0.2881578 0.4003525
0.3011413 0.3137769 0.3850818
0.3240254 0.2831793 0.3927953
0.2907253 0.2949703 0.4143043
0.3034878 0.2908228 0.4056895
0.3132333 0.2982024 0.3885643
0.3249999 0.2766638 0.3983363
0.3170115 0.3107224 0.3722662
0.2888711 0.3159821 0.3951468
0.325937 0.3075906 0.3664724
0.3305083 0.2870135 0.3824782
0.2990912 0.300142 0.4007667
0.3198352 0.3059843 0.3741805
0.2846387 0.3162278 0.3991335
0.3115994 0.3027183 0.3856823
0.3152274 0.2959318 0.3888407
0.3336296 0.3076504 0.3587199
0.3327319 0.2804671 0.386801
0.3040493 0.309241 0.3867097
0.3254664 0.3058249 0.3687086
0.3019252 0.281844 0.4162308
0.3076694 0.2787818 0.4135488
0.3028712 0.3129646 0.3841642
0.309066 0.3050549 0.3858791
0.278229 0.3151966 0.4065744
0.3012612 0.2960079 0.4027309
0.3111369 0.2946338 0.3942293
0.2950404 0.3222641 0.3826955
0.2973819 0.2793062 0.4233119
0.299827 0.2980572 0.4021158
0.3101082 0.3157485 0.3741433
0.2897827 0.3156737 0.3945436
0.2798406 0.2863437 0.4338156
0.3013261 0.2855969 0.413077
0.2835474 0.308208 0.4082446
0.2960072 0.3095458 0.3944469
0.3253847 0.3016849 0.3729304
0.2853346 0.3087708 0.4058946
0.3148404 0.311364 0.3737956
0.2911719 0.3012004 0.4076278
0.3071322 0.3132551 0.3796127
0.309714 0.2921218 0.3981642
0.3291288 0.3026033 0.3682679
0.2915745 0.3046491 0.4037764
0.307778 0.3104953 0.3817267
0.3058461 0.292133 0.4020208
0.3226437 0.2827069 0.3946494
0.3052657 0.2954791 0.3992552
0.328316 0.3065419 0.3651421
0.3174912 0.2971916 0.3853172
0.3263994 0.2765912 0.3970094
0.315601 0.2959775 0.3884215
0.2918631 0.3148006 0.3933363
0.3132958 0.2870347 0.3996695
0.3277303 0.2764068 0.3958629
0.3149651 0.2920769 0.392958
0.2509222 0.3523879 0.3966899
0.3117808 0.3039182 0.384301
0.3021477 0.309922 0.3879303
0.3193284 0.284363 0.3963086
0.3027466 0.3274097 0.3698437
0.2830691 0.2825542 0.4343767
0.3132558 0.3124943 0.3742499
0.2836128 0.3372024 0.3791848
0.3091513 0.3000888 0.3907599
0.3178677 0.3013098 0.3808225
0.2840736 0.298953 0.4169734
0.3012126 0.2770095 0.4217779
0.3454832 0.2655571 0.3889597
0.3321004 0.2877582 0.3801414
0.3050744 0.3028347 0.392091
0.3029146 0.3243353 0.37275
0.3090838 0.305143 0.3857732
0.3258241 0.2759254 0.3982504
0.3024538 0.3068237 0.3907225
0.2888342 0.3036476 0.4075182
0.2966528 0.304942 0.3984053
0.3246414 0.3007049 0.3746537
0.3119322 0.2900729 0.397995
0.3118675 0.2914611 0.3966714
0.3120722 0.2967422 0.3911856
0.3073439 0.295993 0.3966631
0.2867149 0.3047129 0.4085722
0.2918071 0.2972438 0.4109492
0.3099988 0.2895884 0.4004128
0.3140115 0.3022139 0.3837745
0.3075915 0.2766772 0.4157313
0.3194904 0.2956217 0.3848879
0.2997993 0.2871184 0.4130823
0.2825583 0.3199305 0.3975112
0.3202824 0.2739109 0.4058067
0.3069323 0.3054322 0.3876356
0.3205193 0.2914896 0.3879911
0.3167943 0.2727735 0.4104322
0.301419 0.308557 0.390024
0.3071607 0.2714441 0.4213952
0.3329544 0.3014164 0.3656292
0.3227163 0.2865407 0.390743
0.3462547 0.2980184 0.3557269
0.3090427 0.2819477 0.4090097
0.321803 0.3181774 0.3600196
0.3240645 0.2840526 0.3918829
0.3036764 0.279462 0.4168616
0.3475154 0.2854643 0.3670204
0.3365414 0.2909136 0.372545
0.31643 0.2915854 0.3919845
0.3210681 0.3036831 0.3752487
0.311931 0.3079355 0.3801335
0.3233255 0.2949791 0.3816953
0.2898947 0.302416 0.4076893
0.3175162 0.28999 0.3924938
0.3082772 0.3114923 0.3802305
0.3406927 0.275088 0.3842192
0.3375335 0.2743439 0.3881226
0.3330709 0.2930656 0.3738635
0.3315969 0.2959472 0.372456
0.3361896 0.2878713 0.3759391
0.3283019 0.2951554 0.3765427
0.3152905 0.2974371 0.3872724
0.3169381 0.2899648 0.3930971
0.3360111 0.2891862 0.3748027
0.2878136 0.2986713 0.4135151
0.3119786 0.2997609 0.3882604
0.3391902 0.2655924 0.3952174
0.32707 0.291452 0.381478
0.2863093 0.3024246 0.4112661
0.2754782 0.3355715 0.3889503
0.2988416 0.2844075 0.4167509
0.3032016 0.3062936 0.3905047
0.3263032 0.3061192 0.3675776
0.3189414 0.2973864 0.3836722
0.3048066 0.2965913 0.3986021
0.2844627 0.3010589 0.4144784
0.3239661 0.3152737 0.3607602
0.3060633 0.3001895 0.3937472
0.2965254 0.2993582 0.4041164
0.3039215 0.2942026 0.4018759
0.334535 0.2892927 0.3761723
0.3199064 0.304451 0.3756426
0.3209286 0.3061293 0.3729421
0.2971936 0.3215997 0.3812067
0.3199634 0.2869349 0.3931017
0.321578 0.2758299 0.4025921
0.313625 0.3155235 0.3708515
0.3301822 0.2942533 0.3755645
0.3213533 0.2711847 0.407462
0.3254464 0.3139641 0.3605895
0.3051831 0.2988267 0.3959902
0.3118911 0.3002565 0.3878524
0.3094124 0.2975533 0.3930343
0.316233 0.2759141 0.4078529
0.3187486 0.3004923 0.3807591
0.3136916 0.3287116 0.3575968
0.2879356 0.3068186 0.4052458
0.2865152 0.3196963 0.3937885
0.3178643 0.2939848 0.3881509
0.3186155 0.3106986 0.3706859
0.3000351 0.3085978 0.3913672
0.2936108 0.3232325 0.3831566
0.2946121 0.3109753 0.3944127
0.3195978 0.2776447 0.4027575
0.2886783 0.3175085 0.3938132
0.2983125 0.3247033 0.3769842
0.3229059 0.2830473 0.3940467
0.2775115 0.2996128 0.4228757
0.3190188 0.2921293 0.3888519
0.3062912 0.3104665 0.3832423
0.2922413 0.280871 0.4268877
0.3274625 0.294898 0.3776394
0.3039788 0.2877852 0.408236
0.322052 0.2938586 0.3840893
0.2971853 0.2981693 0.4046454
0.3189144 0.2793004 0.4017852
0.322413 0.2785576 0.3990294
0.3179942 0.3134957 0.3685101
0.3101815 0.28053 0.4092885
0.3010393 0.3501231 0.3488376
0.3246427 0.3037657 0.3715916
0.2847327 0.3010617 0.4142056
0.311095 0.2909874 0.3979176
0.300348 0.2936297 0.4060224
0.2880405 0.3233161 0.3886434
0.3260242 0.2980097 0.3759662
0.3048346 0.2786709 0.4164946
0.3038441 0.3125065 0.3836494
0.2873308 0.2984113 0.4142579
0.3389636 0.2821332 0.3789032
0.3245761 0.2919721 0.3834518
0.2794547 0.2721866 0.4483587
0.3109822 0.3181498 0.370868
0.3295061 0.2764539 0.39404
0.3341204 0.270516 0.3953636
0.3091338 0.2986964 0.3921698
0.3115562 0.2842869 0.4041569
0.311269 0.2947918 0.3939393
0.2711589 0.3081247 0.4207165
0.2926559 0.3024236 0.4049205
0.3085503 0.3040431 0.3874066
0.3025648 0.3146502 0.382785
0.3345139 0.287334 0.3781521
0.3118636 0.2896105 0.3985259
0.2988595 0.3158587 0.3852818
0.318582 0.2843103 0.3971077
0.2961742 0.3035794 0.4002464
0.2888762 0.3115725 0.3995513
0.3356798 0.2909601 0.3733601
0.2914381 0.3001447 0.4084172
0.3082752 0.2858319 0.4058928
0.2873191 0.2958635 0.4168174
0.307202 0.3062931 0.3865049
0.3093823 0.2977348 0.3928829
0.3244855 0.2810942 0.3944203
0.3301547 0.2692675 0.4005778
0.3114121 0.2899563 0.3986316
0.3157601 0.3021786 0.3820613
0.3027029 0.3137029 0.3835942
0.2938059 0.3097163 0.3964778
0.3099734 0.306175 0.3838516
0.3069583 0.2732677 0.419774
0.2906859 0.3058605 0.4034537
0.3034615 0.3304829 0.3660556
0.302697 0.2931891 0.404114
0.3064483 0.3112278 0.3823239
0.315145 0.2919717 0.3928833
0.3120393 0.3149685 0.3729922
0.3110491 0.3107003 0.3782506
0.3000856 0.3013089 0.3986055
0.3034932 0.3306515 0.3658553
0.3252654 0.2830157 0.3917189
0.321221 0.2999376 0.3788414
0.3076528 0.3054304 0.3869169
0.2834541 0.2857576 0.4307883
0.3033621 0.3211924 0.3754454
0.3245481 0.3007269 0.374725
0.31601 0.3223596 0.3616304
0.3331207 0.2852399 0.3816394
0.3206635 0.2985034 0.3808332
0.3239427 0.3051199 0.3709374
0.3045174 0.2994783 0.3960043
0.2986031 0.2901032 0.4112937
0.3070889 0.3132186 0.3796926
0.3077099 0.3108809 0.3814092
0.3350635 0.283016 0.3819204
0.3276421 0.2912628 0.381095
0.3149974 0.2923231 0.3926794
0.3279634 0.2897831 0.3822535
0.3062816 0.301782 0.3919364
0.3049635 0.2700581 0.4249784
0.2966204 0.2859937 0.4173859
0.3162501 0.2885904 0.3951595
0.2981439 0.3068383 0.3950178
0.3276657 0.2899532 0.3823811
0.312626 0.2891881 0.3981859
0.3259921 0.2883938 0.3856142
0.3236384 0.2787479 0.3976138
0.3390561 0.2946236 0.3663203
0.2990582 0.3007204 0.4002214
0.3151115 0.2751461 0.4097424
0.3155814 0.3063601 0.3780586
0.2933157 0.3043566 0.4023276
0.3196207 0.2911309 0.3892484
0.3089944 0.2962828 0.3947228
0.2945363 0.3114972 0.3939666
0.3092442 0.3102899 0.380466
0.3293774 0.2693331 0.4012896
0.3169973 0.3147475 0.3682551
0.3011977 0.2802555 0.4185469
0.3179725 0.2776524 0.4043751
0.3084696 0.2924761 0.3990544
0.3376034 0.3003496 0.3620469
0.2995616 0.3176501 0.3827882
0.3028189 0.3022654 0.3949158
0.3275727 0.2935824 0.3788448
0.3263023 0.2823692 0.3913285
0.2945585 0.3050404 0.4004012
0.3230563 0.2803763 0.3965674
0.3264647 0.2834686 0.3900667
0.2963841 0.3076299 0.395986
0.2866618 0.3093156 0.4040226
0.3029598 0.2916525 0.4053877
0.3035571 0.3169763 0.3794666
0.2847886 0.2972417 0.4179697
0.292277 0.3045277 0.4031953
0.3196731 0.2965895 0.3837374
0.3003088 0.2927353 0.4069559
0.3354984 0.302754 0.3617476
0.3077113 0.2992096 0.3930791
0.3373317 0.2893812 0.3732871
0.3085545 0.2625564 0.4288891
0.3136236 0.2729851 0.4133913
0.2765363 0.2981967 0.425267
0.3047203 0.3066852 0.3885945
0.2821806 0.2725102 0.4453092
0.3023092 0.2827605 0.4149303
0.3421073 0.2891737 0.368719
0.3106558 0.3023223 0.3870218
0.3137583 0.2977417 0.3885
0.2925128 0.2762659 0.4312213
0.3095909 0.2880373 0.4023719
0.333205 0.2960688 0.3707262
0.3187216 0.3063148 0.3749636
0.3366286 0.2777038 0.3856676
0.3206689 0.2974077 0.3819234
0.3073927 0.2886288 0.4039785
0.3018529 0.2770126 0.4211345
0.295687 0.3044237 0.3998893
0.3386477 0.283536 0.3778163
0.321948 0.313203 0.364849
0.3158505 0.2944492 0.3897003
0.3177328 0.2878564 0.3944108
0.3081373 0.3082215 0.3836413
0.3078718 0.320567 0.3715612
0.3193002 0.2928491 0.3878507
0.3092984 0.2758256 0.414876
0.3094672 0.271774 0.4187588
0.3181755 0.2755231 0.4063014
0.3016 0.2886779 0.4097221
0.3152977 0.303858 0.3808443
0.3224555 0.2825248 0.3950196
0.3178592 0.284412 0.3977288
0.3016639 0.3032682 0.3950679
0.3253783 0.2714028 0.4032189
0.3157755 0.2933518 0.3908727
0.2999856 0.2996001 0.4004143
0.3116942 0.2867244 0.4015814
0.3046382 0.302447 0.3929148
0.3137885 0.3111421 0.3750694
0.2916253 0.3207041 0.3876706
0.3063062 0.3137843 0.3799095
0.3246598 0.3061864 0.3691539
0.2956046 0.3132024 0.391193
0.3154152 0.2900538 0.3945309
0.3305781 0.2811609 0.388261
0.3178769 0.2856013 0.3965217
0.3105939 0.2907591 0.398647
0.3136223 0.311436 0.3749417
0.2991945 0.2962352 0.4045702
0.2818293 0.2843156 0.4338551
0.2863664 0.3269816 0.386652
0.2937143 0.3040214 0.4022643
0.3369733 0.2707384 0.3922883
0.2864996 0.2984158 0.4150846
0.3036933 0.3011271 0.3951796
0.3187592 0.3069606 0.3742802
0.3288819 0.28947 0.3816481
0.3100575 0.3078438 0.3820987
0.3019697 0.3269512 0.3710791
0.2978381 0.2801904 0.4219715
0.3296276 0.2766851 0.3936873
0.3331771 0.2861866 0.3806363
0.3177457 0.2598453 0.422409
0.3060966 0.3126316 0.3812718
0.2957271 0.3044296 0.3998433
0.3301905 0.3010141 0.3687954
0.3176174 0.312866 0.3695166
0.3065362 0.3268982 0.3665656
0.3258923 0.2829903 0.3911174
0.3087164 0.2820665 0.4092171
0.3064854 0.2868537 0.4066609
0.2852559 0.2875225 0.4272216
0.2842922 0.299571 0.4161367
0.3217117 0.308137 0.3701513
0.2985236 0.3071139 0.3943625
0.2963578 0.3176581 0.3859841
0.2994507 0.3096584 0.3908909
0.3212337 0.294468 0.3842982
0.3097628 0.2978753 0.3923619
0.2903761 0.2968465 0.4127774
0.334301 0.2862212 0.3794778
0.3173554 0.2890971 0.3935475
0.3254736 0.2794925 0.3950339
0.3191384 0.3166122 0.3642493
0.294571 0.3034947 0.4019343
0.2952257 0.3163006 0.3884737
0.3280679 0.3014963 0.3704359
0.3037906 0.2649908 0.4312186
0.3160946 0.3074123 0.376493
0.2841184 0.3343756 0.381506
0.3272581 0.2867395 0.3860025
0.3254547 0.3035805 0.3709647
0.3019752 0.2829744 0.4150504
0.2878983 0.3116574 0.4004443
0.2910783 0.2970037 0.4119181
0.3041289 0.3184871 0.377384
0.2970663 0.3006122 0.4023215
0.3303693 0.3068791 0.3627516
0.3253226 0.3153287 0.3593488
0.3044271 0.2883152 0.4072577
0.3046766 0.306999 0.3883245
0.3406665 0.2745912 0.3847423
0.31919 0.3275899 0.3532201
0.3183862 0.2852481 0.3963658
0.3186721 0.3115844 0.3697435
0.3142126 0.2550741 0.4307133
0.3200219 0.2969201 0.383058
0.3002091 0.311523 0.3882679
0.3008201 0.3159999 0.38318
0.3044935 0.2879301 0.4075764
0.3075636 0.3127809 0.3796554
0.3179843 0.3011613 0.3808544
0.2942105 0.2946187 0.4111708
0.324585 0.2787516 0.3966633
0.3167425 0.2963005 0.386957
0.3075333 0.2926206 0.3998461
0.3279473 0.2865441 0.3855086
0.2992987 0.3097153 0.390986
0.2950796 0.3139428 0.3909776
0.3335522 0.2724945 0.3939533
0.3143359 0.2765628 0.4091013
0.2894963 0.3348871 0.3756166
0.3169336 0.2898651 0.3932013
0.2906481 0.3127968 0.3965551
0.2960087 0.3058779 0.3981134
0.3125484 0.2971153 0.3903363
0.3152094 0.3120456 0.3727451
0.3321042 0.3135768 0.354319
0.2892372 0.3195854 0.3911774
0.3263461 0.2991112 0.3745427
0.301136 0.2934902 0.4053738
0.3155604 0.2703029 0.4141368
0.290639 0.3078637 0.4014974
0.2938825 0.3059566 0.4001609
0.2741437 0.3055141 0.4203422
0.3307722 0.267871 0.4013568
0.312954 0.3005071 0.3865389
0.3182699 0.2823148 0.3994153
0.3058087 0.2959565 0.3982348
0.2796549 0.3178009 0.4025442
0.2953743 0.3005938 0.4040319
0.3140295 0.2986074 0.3873631
0.3110298 0.2925775 0.3963927
0.3198147 0.2949437 0.3852416
0.3154449 0.3004348 0.3841203
0.3186714 0.2931392 0.3881894
0.3184136 0.2901004 0.391486
0.3517546 0.2768183 0.3714271
0.283644 0.3099347 0.4064214
0.3059824 0.3037902 0.3902275
0.3157778 0.3039912 0.3802309
0.3297563 0.279927 0.3903167
0.308576 0.2837979 0.4076261
0.3294021 0.3072398 0.363358
0.3077561 0.2928888 0.3993551
0.2940014 0.2942027 0.4117959
0.3092666 0.2876051 0.4031284
0.301177 0.3046013 0.3942217
0.3103277 0.2892088 0.4004635
0.2909043 0.307796 0.4012997
0.3209329 0.2716892 0.4073779
0.3223044 0.2955333 0.3821623
0.2928251 0.3247141 0.3824608
0.3245573 0.2792188 0.3962239
0.3136216 0.3014436 0.3849349
0.2923698 0.303802 0.4038282
0.3011881 0.295031 0.403781
0.3193821 0.2870704 0.3935475
0.3629602 0.2856637 0.3513761
0.3299357 0.2910631 0.3790012
0.3135541 0.3072406 0.3792053
0.3362658 0.3013451 0.3623892
0.3349463 0.2804151 0.3846386
0.3079711 0.2955042 0.3965247
0.2954067 0.3148299 0.3897634
0.3107298 0.3071948 0.3820754
0.3232087 0.2722277 0.4045636
0.2769711 0.3308009 0.392228
0.2896194 0.3265913 0.3837893
0.3216122 0.2743291 0.4040587
0.3190568 0.2745109 0.4064323
0.3022897 0.3127658 0.3849444
0.3143606 0.3099171 0.3757224
0.3177348 0.3026239 0.3796413
0.2910531 0.3142326 0.3947143
0.322798 0.2678568 0.4093451
0.3157227 0.3073221 0.3769553
0.3392569 0.2856356 0.3751076
0.3198384 0.3044707 0.3756909
0.3124009 0.2972545 0.3903446
0.3275842 0.2968075 0.3756083
0.2923214 0.3054493 0.4022293
0.3058839 0.3008785 0.3932375
0.3264708 0.2756727 0.3978566
0.3031019 0.2961712 0.4007269
0.3114721 0.2757724 0.4127555
0.284539 0.3271815 0.3882796
0.2886113 0.299974 0.4114147
0.3208059 0.2864772 0.392717
0.2963775 0.299056 0.4045665
0.3189142 0.2662514 0.4148344
0.2880663 0.2995985 0.4123352
0.299915 0.2974375 0.4026476
0.3093964 0.2889548 0.4016488
0.3027906 0.3045125 0.3926969
0.3163145 0.2989769 0.3847085
0.3174488 0.2873325 0.3952186
0.3324636 0.2724188 0.3951176
0.3066706 0.2987276 0.3946018
0.3307932 0.2839606 0.3852462
0.2785154 0.3141049 0.4073797
0.2955306 0.2829161 0.4215533
0.2865167 0.313351 0.4001323
0.2973731 0.3151494 0.3874775
0.3214343 0.2877628 0.3908028
0.3155004 0.3003747 0.384125
0.3030816 0.2924253 0.4044931
0.2931088 0.2866012 0.42029
0.3167592 0.3120867 0.3711541
0.3221248 0.2871137 0.3907615
0.3001991 0.3128838 0.3869171
0.3073825 0.2938134 0.3988041
0.2871652 0.3282996 0.3845353
0.3183072 0.3073342 0.3743586
0.3110064 0.3127883 0.3762053
0.3049749 0.3124327 0.3825924
0.3055807 0.2808289 0.4135904
0.3140521 0.2984013 0.3875466
0.3092717 0.3005857 0.3901427
0.3009094 0.317489 0.3816016
0.3362849 0.2667268 0.3969883
0.3097582 0.2956817 0.3945602
0.284336 0.3148559 0.4008082
0.3140364 0.2943658 0.3915978
0.3186988 0.2978561 0.383445
0.3256752 0.2961934 0.3781314
0.303372 0.312564 0.384064
0.3235125 0.2754998 0.4009877
0.3232557 0.2966347 0.3801096
0.2985513 0.3023731 0.3990756
0.3148465 0.2813262 0.4038273
0.3081007 0.3037286 0.3881707
0.337102 0.2871672 0.3757309
0.3166517 0.266051 0.4172973
0.2894376 0.329028 0.3815344
0.3190335 0.2837766 0.3971899
0.3377628 0.2622657 0.3999715
0.3253304 0.2845579 0.3901117
0.3193561 0.2883601 0.3922838
0.3087247 0.2881864 0.4030889
0.277899 0.3124344 0.4096666
0.3289339 0.277908 0.3931581
0.3057119 0.2981894 0.3960987
0.3104767 0.3007899 0.3887334
0.3263463 0.2801892 0.3934645
0.3458063 0.2925083 0.3616854
0.3188622 0.2786744 0.4024634
0.2866706 0.3258953 0.3874341
0.2976588 0.3408348 0.3615063
0.3078017 0.304172 0.3880263
0.3130544 0.3121017 0.3748439
0.3421247 0.2805486 0.3773267
0.3094663 0.3231014 0.3674322
0.325897 0.2973541 0.3767489
0.300194 0.307665 0.392141
0.3164785 0.2938603 0.3896611
0.2930527 0.2769185 0.4300288
0.290872 0.3076197 0.4015083
0.3102997 0.3003708 0.3893295
0.3362637 0.2863583 0.377378
0.3057457 0.2909023 0.403352
0.2934419 0.3102385 0.3963197
0.331865 0.2851722 0.3829628
0.3319103 0.2747236 0.3933661
0.3067045 0.2788263 0.4144692
0.3045821 0.2933036 0.4021143
0.2821102 0.3172314 0.4006585
0.3072134 0.3095282 0.3832584
0.3072419 0.3152499 0.3775083
0.3288086 0.2819582 0.3892332
0.3224045 0.2807134 0.3968821
0.3179295 0.2955759 0.3864946
0.3008457 0.3125101 0.3866442
0.3110722 0.2880954 0.4008323
0.298151 0.3271228 0.3747261
0.306954 0.2845204 0.4085256
0.2933973 0.3055574 0.4010453
0.3365469 0.2950505 0.3684026
0.3224636 0.2876241 0.3899123
0.3070022 0.3056328 0.387365
0.3188833 0.2814169 0.3996998
0.319359 0.3088989 0.3717421
0.2742443 0.3109305 0.4148252
0.3012582 0.3078315 0.3909103
0.3431936 0.2764762 0.3803302
0.3058849 0.3176888 0.3764263
0.352187 0.279271 0.368542
0.2851671 0.3142055 0.4006274
0.2986474 0.294282 0.4070706
0.2919637 0.3061343 0.401902
0.315388 0.3167432 0.3678688
0.3147859 0.2997749 0.3854391
0.3030296 0.2978099 0.3991605
0.3184313 0.302037 0.3795317
0.3211587 0.2777708 0.4010705
0.3056801 0.2845005 0.4098194
0.3109698 0.2979844 0.3910459
0.2978007 0.3011005 0.4010988
0.3171934 0.3153277 0.367479
0.3034188 0.3231683 0.3734129
0.3019755 0.3083432 0.3896813
0.3300995 0.2838574 0.3860431
0.2761988 0.3156072 0.408194
0.2992546 0.3035648 0.3971806
0.3070354 0.2955902 0.3973744
0.2959716 0.2979895 0.4060389
0.3141254 0.2932588 0.3926158
0.2906858 0.3148797 0.3944345
0.3427564 0.2726362 0.3846074
0.3247942 0.2950243 0.3801815
0.3261219 0.2908014 0.3830767
0.3061559 0.3056931 0.3881509
0.2983035 0.2983859 0.4033106
0.3174513 0.3067777 0.3757709
0.2857628 0.303826 0.4104112
0.30629 0.3053609 0.388349
0.3108681 0.3196899 0.3694419
0.3121903 0.3238979 0.3639118
0.3179881 0.2932282 0.3887836
0.3061357 0.3263274 0.3675369
0.2914096 0.305777 0.4028134
0.3029272 0.290501 0.4065717
0.3255789 0.2835081 0.390913
0.3256239 0.3036974 0.3706787
0.3063083 0.2853646 0.4083271
0.2913085 0.2995509 0.4091406
0.3224296 0.3005406 0.3770297
0.3123383 0.3067256 0.3809361
0.3347245 0.2860427 0.3792328
0.3310094 0.2745047 0.3944859
0.3105929 0.3095135 0.3798936
0.3185787 0.2933376 0.3880837
0.3309746 0.3050363 0.3639891
0.3167689 0.3227176 0.3605135
0.310687 0.3156534 0.3736596
0.33667 0.3006057 0.3627243
0.3233463 0.2984061 0.3782477
0.3290591 0.3141109 0.35683
0.3137497 0.3041734 0.3820769
0.3052849 0.3189219 0.3757932
0.2883597 0.2937915 0.4178487
0.3160652 0.3001971 0.3837377
0.3146427 0.2861876 0.3991697
0.3125991 0.3043292 0.3830718
0.3224399 0.2990619 0.3784982
0.2938033 0.3016773 0.4045194
0.3164133 0.2808674 0.4027193
0.3068682 0.3055273 0.3876045
0.3023906 0.2767435 0.4208659
0.3321409 0.283293 0.384566
0.3199998 0.2801514 0.3998488
0.2985633 0.2873852 0.4140514
0.3356076 0.2881163 0.376276
0.321807 0.283524 0.394669
0.2981326 0.2943826 0.4074847
