p_1 p_2 p_3 p_4 
0.04565524 0.221012 0.006561176 0.7267716 
0.04794465 0.2199138 0.01845016 0.7136914 
0.05282579 0.1230584 0.003337296 0.8207786 
0.06486903 0.1342993 0.01641314 0.7844185 
0.02648613 0.113289 0.01614052 0.8440844 
0.08138495 0.1525342 0.01404451 0.7520364 
0.08086261 0.1395785 0.01926137 0.7602976 
0.07247657 0.1224923 0.009888073 0.795143 
0.0868592 0.1003508 0.01402777 0.7987623 
0.05687656 0.1835484 0.01917734 0.7403977 
0.0480938 0.1221488 0.0004274918 0.8293299 
0.05884351 0.08112102 0.04623541 0.8138001 
0.07412585 0.1349056 0.008492619 0.7824759 
0.07248185 0.08370677 0.06611804 0.7776933 
0.03259311 0.1426762 0.0345527 0.790178 
0.009220223 0.1173684 0.03151468 0.8418966 
0.02876537 0.08742664 0.04723869 0.8365693 
0.0003959116 0.1407038 0.05689978 0.8020006 
0.01064579 0.1542435 0.08321022 0.7519005 
0.005902326 0.1613226 0.0381586 0.7946164 
0.001580422 0.213536 0.02946584 0.7554177 
0.03828372 0.082615 0.03101934 0.8480819 
0.07239001 0.1130378 0.05191613 0.762656 
0.01731471 0.1255229 0.07602417 0.7811383 
0.09162776 0.07151115 0.06757025 0.7692908 
0.003403562 0.1263943 0.06646805 0.803734 
0.003116769 0.2022851 0.04848321 0.746115 
0.003973354 0.1408793 0.07395258 0.7811948 
0.004060995 0.1813082 0.06305545 0.7515754 
0.01763783 0.2001854 0.03660428 0.7455725 
0.01269239 0.1615685 0.0523645 0.7733747 
0.003885232 0.086595 0.08555525 0.8239645 
0.06612267 0.171578 0.02632016 0.7359792 
0.1020768 0.1403991 0.0107867 0.7467374 
0.002035947 0.08080157 0.07491909 0.8422434 
0.003300685 0.1145426 0.128348 0.7538088 
0.01896099 0.07487101 0.08880288 0.8173651 
0.001284118 0.1442437 0.06163253 0.7928397 
0.006386146 0.2113765 0.03129632 0.7509411 
0.0009468615 0.1194826 0.05709124 0.8224793 
0.008210254 0.109115 0.05994658 0.8227281 
0.07154022 0.03355428 0.067915 0.8269905 
0.2154421 0.002173953 0.04158289 0.7408011 
0.1052654 0.009715926 0.06328127 0.8217374 
0.1465472 0.006612207 0.05137498 0.7954656 
0.1450755 0.006075487 0.1041641 0.7446849 
0.09506641 0.006259374 0.03157936 0.8670949 
0.1174519 0.002231676 0.06635243 0.813964 
0.1100117 0.02592165 0.06786666 0.7962 
0.1050206 0.01782988 0.03649861 0.8406509 
0.1064388 0.01945537 0.05541544 0.8186904 
0.146242 0.0004172235 0.08339076 0.76995 
0.08926228 0.00539075 0.03630751 0.8690395 
0.1081045 0.007383987 0.02769541 0.8568161 
0.1733623 0.002362227 0.07172301 0.7525524 
0.1555266 0.0196205 0.03440242 0.7904505 
0.09857736 0.01863331 0.05704807 0.8257413 
0.1194035 0.01397979 0.03892856 0.8276882 
0.1267505 0.01453258 0.07105709 0.7876598 
0.1552036 0.009479768 0.09910708 0.7362096 
0.1515053 0.03284338 0.04700646 0.7686448 
0.09929755 0.0474359 0.01887172 0.8343948 
0.1219857 0.09908233 0.001147964 0.7777841 
0.1362059 0.08821404 0.005723864 0.7698562 
0.1248972 0.0569519 0.003767567 0.8143834 
0.1099276 0.0776069 0.003925063 0.8085404 
0.1235473 0.07664526 0.003245205 0.7965622 
0.1222962 0.04097752 0.001987082 0.8347392 
0.1353782 0.06411203 0.01062711 0.7898826 
0.1276991 0.08666552 0.01916848 0.7664669 
0.1582797 0.02513967 0.007710961 0.8088697 
0.1380836 0.09650539 0.000608051 0.7648029 
0.1393608 0.04584755 0.01725039 0.7975413 
0.1309433 0.07140335 0.002966436 0.794687 
0.1275039 0.04756681 0.01078036 0.814149 
0.006274566 0.04274047 0.1380285 0.8129564 
0.004681749 0.03317976 0.2073548 0.7547837 
0.01725792 0.02984306 0.2037579 0.7491411 
0.03586555 0.02259338 0.1810656 0.7604754 
0.06130943 0.01207874 0.08835467 0.8382572 
0.07309044 0.001320129 0.1835434 0.742046 
0.07915302 0.01037768 0.09490712 0.8155622 
0.01652181 0.008757045 0.1182698 0.8564513 
0.04086442 0.03878471 0.1407077 0.7796432 
0.06305961 0.0006364714 0.1608719 0.775432 
0.1263692 0.02053786 0.07074176 0.7823511 
0.04920228 0.008180192 0.09282979 0.8497877 
0.021575 0.01772208 0.1631717 0.7975312 
0.05158878 0.03216407 0.1254851 0.7907621 
0.09327626 0.009996801 0.09660153 0.8001254 
0.0486062 0.02386612 0.1235607 0.803967 
0.06382266 0.0120612 0.1767248 0.7473914 
0.06598273 0.008479832 0.1403342 0.7852032 
0.06389949 0.002514524 0.144744 0.788842 
0.04165747 0.01739717 0.1615408 0.7794045 
0.04283176 0.02291411 0.1303856 0.8038685 
0.1001875 0.01604421 0.08847924 0.7952891 
0.1179625 0.004885987 0.1852793 0.6918723 
0.04606125 0.002113042 0.121029 0.8307967 
0.06078765 0.004659913 0.08441538 0.8501371 
0.08970075 0.02439441 0.112354 0.7735509 
0.04904424 0.02044132 0.1783082 0.7522062 
0.06342813 0.009926088 0.091424 0.8352218 
0.1261698 0.0005819468 0.1186872 0.754561 
0.0456356 0.01809753 0.1053073 0.8309596 
0.04024661 0.007689963 0.1237184 0.828345 
0.03273208 0.007141492 0.09575361 0.8643728 
0.07699238 0.006682913 0.1018467 0.814478 
0.03913073 0.005066207 0.1079914 0.8478117 
0.05625492 0.005519875 0.1508147 0.7874106 
0.03681464 0.02239469 0.1445589 0.7962318 
0.05755112 0.04114161 0.1084051 0.7929021 
0.08287296 0.04948213 0.1082434 0.7594015 
0.04277439 0.01036254 0.1233696 0.8234935 
0.0869392 0.01782521 0.1840745 0.7111611 
0.02924171 0.002866035 0.1052299 0.8626623 
0.02080856 0.003766986 0.107748 0.8676765 
0.05411097 0.02745307 0.09177343 0.8266625 
0.06045985 0.009763999 0.1990281 0.7307481 
0.02149022 0.007360097 0.136406 0.8347437 
0.0423619 0.002935441 0.1376674 0.8170352 
0.08378157 0.005702834 0.195316 0.7151995 
0.0199232 0.02765368 0.165321 0.7871022 
0.09772357 0.003395149 0.1305124 0.7683689 
0.0516883 0.02417058 0.09680505 0.8273361 
0.05362883 0.0145608 0.1246231 0.8071873 
0.03906745 0.01278095 0.1999263 0.7482253 
0.03851108 0.007984293 0.1324884 0.8210162 
0.04323051 0.006070778 0.0982075 0.8524912 
0.03617785 0.01851419 0.1543323 0.7909756 
0.05903084 0.007724433 0.08973972 0.843505 
0.0910639 0.006169735 0.1230055 0.7797608 
0.08340495 0.0008242188 0.1747042 0.7410667 
0.03912668 0.01389669 0.1814003 0.7655763 
0.03640889 0.008684477 0.09477102 0.8601356 
0.1105085 0.03612563 0.1113589 0.742007 
0.06041961 0.0178281 0.09804718 0.8237051 
0.05865992 0.04224678 0.1785711 0.7205222 
0.06467099 0.0112138 0.1876635 0.7364517 
0.04987819 0.004249325 0.134472 0.8114005 
0.0402133 0.01701801 0.08581972 0.856949 
0.06538143 0.01077743 0.1182584 0.8055827 
0.02790972 0.01186241 0.1015833 0.8586446 
0.0009047376 0.0676096 0.08747452 0.8440111 
0.005039132 0.04518833 0.1725731 0.7771994 
0.1290097 0.006306581 0.06633604 0.7983476 
0.1358833 0.01948624 0.01899723 0.8256333 
0.1714398 0.03211126 0.03976 0.7566889 
0.1168528 0.001635928 0.06034139 0.8211699 
0.1343825 0.04237993 0.06137435 0.7618633 
0.1697287 0.08202738 0.05115348 0.6970904 
0.1318639 0.02649751 0.04892357 0.792715 
0.163014 0.002865782 0.05861612 0.7755041 
0.1453585 0.009218104 0.036706 0.8087174 
0.119911 0.006002217 0.03320354 0.8408832 
0.1820861 0.00803932 0.07888657 0.730988 
0.08084918 0.0425222 0.04880982 0.8278188 
0.1767293 0.008226982 0.07766784 0.7373759 
0.09118707 0.008102333 0.1317728 0.7689378 
0.1034782 0.00645134 0.05372496 0.8363455 
0.146749 0.02219267 0.02181588 0.8092425 
0.1560912 0.04293847 0.0758422 0.7251282 
0.1451926 0.004086806 0.0680707 0.7826499 
0.06318407 0.01319788 0.08347773 0.8401403 
0.1068928 0.01206251 0.0944086 0.7866361 
0.1148086 0.03329189 0.02390285 0.8279966 
0.2247087 0.00475826 0.05407705 0.716456 
0.08601481 0.02231512 0.03427732 0.8573928 
0.1341389 0.009061181 0.05892461 0.7978753 
0.09175723 0.01437466 0.06145054 0.8324176 
0.1319331 0.00248271 0.0516341 0.8139501 
0.1429858 0.01160347 0.06189876 0.7835119 
0.1298197 0.004310653 0.02673659 0.839133 
0.122121 0.002153003 0.08205223 0.7936738 
0.1533107 0.01472515 0.125101 0.7068631 
0.09241351 0.006159425 0.09809324 0.8033338 
0.1251547 0.0002982722 0.05754711 0.8169999 
0.1093025 0.005643343 0.09173829 0.7933158 
0.08268152 0.01724553 0.05533247 0.8447405 
0.1646927 0.002582183 0.03746326 0.7952618 
0.08078245 0.004891206 0.03837797 0.8759484 
0.1471265 0.00449105 0.01571884 0.8326636 
0.09544967 0.029708 0.01710809 0.8577342 
0.1298508 0.01730018 0.04419236 0.8086566 
0.09986186 0.007782992 0.06970777 0.8226474 
0.02932744 0.08370833 0.06064069 0.8263235 
0.04224692 0.1127113 0.08082695 0.7642149 
0.01895415 0.1044001 0.06403782 0.812608 
0.004691054 0.1082303 0.1225462 0.7645325 
0.004119441 0.140427 0.02874391 0.8267096 
0.01773519 0.1616248 0.02651158 0.7941285 
0.005084779 0.1385029 0.075582 0.7808304 
0.003315965 0.1423221 0.02330111 0.8310609 
0.01952536 0.08293955 0.05741369 0.8401214 
0.009230237 0.1108785 0.06935073 0.8105406 
0.01031148 0.1000916 0.03478033 0.8548166 
0.007484299 0.09899454 0.06945927 0.8240619 
0.04219657 0.1236015 0.05875114 0.7754508 
0.03855434 0.1030107 0.05722386 0.8012111 
0.1121631 0.07396313 0.04713105 0.7667427 
0.1308087 0.004606575 0.03828627 0.8262984 
0.09615971 0.002135198 0.08319456 0.8185105 
0.1487157 0.002345296 0.02590951 0.8230295 
0.1299413 0.02984751 0.06616922 0.774042 
0.2183018 0.01491852 0.01211039 0.7546693 
0.190291 0.01023723 0.01282489 0.7866468 
0.1217325 0.05359712 0.01182484 0.8128455 
0.1284206 0.1002406 0.01438841 0.7569504 
0.1584761 0.02019008 0.004907876 0.8164259 
0.1927425 0.02490128 0.00201395 0.7803423 
0.008864105 0.03225792 0.08527994 0.873598 
0.006061431 0.03586606 0.2204493 0.7376232 
0.004769339 0.01024115 0.08870175 0.8962878 
0.02444309 0.0500149 0.1806285 0.7449135 
0.005330463 0.01530432 0.1043729 0.8749923 
0.003542033 0.02980096 0.1515204 0.8151366 
0.03409693 0.02011957 0.1282703 0.8175132 
0.0177892 0.08010305 0.1212726 0.7808351 
0.01624458 0.06705498 0.1154843 0.8012162 
0.05827567 0.05762713 0.09482752 0.7892697 
0.01127172 0.07619569 0.1579277 0.7546049 
0.0006593679 0.06065054 0.1687953 0.7698947 
0.01103967 0.06287225 0.1015931 0.824495 
0.001704783 0.04640193 0.1477065 0.8041868 
0.009209794 0.04371349 0.1306722 0.8164045 
0.002661175 0.0155275 0.1484169 0.8333944 
0.01215761 0.04834753 0.1760347 0.7634602 
0.001105444 0.0755962 0.1499086 0.7733898 
0.01017235 0.1016631 0.1464988 0.7416658 
0.02480362 0.07113301 0.1251555 0.7789078 
0.04539574 0.03950919 0.1179919 0.7971031 
0.08258025 0.03548298 0.1346858 0.747251 
0.06191935 0.03151829 0.09270452 0.8138578 
0.06977756 0.01401712 0.09349819 0.8227071 
0.07698088 0.02313145 0.1144712 0.7854165 
0.07154773 0.001135617 0.1540463 0.7732704 
0.04917313 0.004536001 0.116986 0.8293048 
0.03793917 0.01235897 0.1749544 0.7747474 
0.110508 0.01258762 0.136912 0.7399924 
0.004232808 0.08824032 0.111462 0.7960649 
0.002121272 0.0503298 0.1625776 0.7849714 
0.04617791 0.08679479 0.1057832 0.7612441 
0.004049191 0.04628392 0.134763 0.8149038 
0.004330298 0.06015777 0.1865779 0.748934 
0.0724166 0.03751863 0.1240531 0.7660117 
0.01798328 0.007670514 0.1309807 0.8433656 
0.01520502 0.02026272 0.1158099 0.8487223 
0.01454992 0.0478686 0.1512355 0.786346 
0.008913289 0.05959722 0.1392809 0.7922086 
0.0226618 0.07436862 0.1294892 0.7734804 
0.0009160275 0.01034788 0.2162091 0.772527 
0.0212646 0.08003176 0.1121946 0.7865091 
0.01335853 0.08334236 0.1207086 0.7825905 
0.007386657 0.04402813 0.1647413 0.7838439 
0.01341748 0.04201934 0.09049025 0.8540729 
0.002517205 0.07481435 0.1424129 0.7802555 
0.01236172 0.04213432 0.1312519 0.8142521 
0.04242259 0.1206748 0.1091198 0.7277828 
0.02361027 0.01680716 0.09723383 0.8623487 
0.006377439 0.06762838 0.1051131 0.8208811 
0.004034088 0.07234554 0.08989397 0.8337264 
0.04008803 0.03990123 0.1000114 0.8199993 
0.06964845 0.004554471 0.11067 0.815127 
0.1185458 0.02365403 0.1313332 0.726467 
0.05171075 0.01841506 0.1588973 0.7709769 
0.04897693 0.01315228 0.2097318 0.728139 
0.05655878 0.004851931 0.1522678 0.7863215 
0.07405926 0.0239681 0.1278299 0.7741427 
0.03990252 0.05339782 0.1058112 0.8008885 
0.02590911 0.07717745 0.1051109 0.7918025 
0.00369463 0.1029506 0.10413 0.7892249 
0.02644831 0.06551885 0.1206353 0.7873976 
0.0002371444 0.04816121 0.1554498 0.7961519 
0.00631413 0.06051467 0.1660989 0.7670723 
0.002187277 0.09729038 0.1816927 0.7188296 
0.0002370027 0.04835153 0.1329614 0.81845 
0.01208625 0.05813294 0.1178097 0.8119711 
0.001223184 0.04705186 0.1142516 0.8374734 
0.03971902 0.07899233 0.126515 0.7547736 
0.002928251 0.03596678 0.1851796 0.7759254 
0.01589395 0.04498919 0.2127906 0.7263263 
0.02408627 0.07813544 0.1581936 0.7395847 
0.006689541 0.06544286 0.152572 0.7752956 
0.008362648 0.07612905 0.08092825 0.8345801 
0.008154731 0.0457282 0.1574282 0.7886889 
0.02222136 0.03601562 0.1562873 0.7854757 
0.002868342 0.05769917 0.2045812 0.7348513 
0.03629976 0.03856835 0.1381419 0.78699 
0.03631143 0.09879303 0.1275177 0.7373778 
0.007335262 0.07176541 0.1004551 0.8204442 
0.01844055 0.05664673 0.1710912 0.7538216 
0.0160266 0.0734669 0.1720132 0.7384933 
0.06531343 0.01138778 0.1067345 0.8165643 
0.09292988 0.001945914 0.1245226 0.7806016 
0.05002545 0.01988308 0.1667113 0.7633802 
0.07283804 0.05821717 0.1193243 0.7496205 
0.04334337 0.02632903 0.1575614 0.7727662 
0.07487034 0.0006953431 0.13609 0.7883443 
0.06222118 0.008971174 0.1009397 0.827868 
0.07511702 0.006047254 0.1227992 0.7960365 
0.0495023 0.001120649 0.1501162 0.7992608 
0.0529162 0.00788602 0.155011 0.7841867 
0.05422916 0.001412012 0.1543742 0.7899847 
0.03259581 0.02304956 0.1308985 0.8134561 
0.06794178 0.007906468 0.1392388 0.7849129 
0.03660494 0.03657911 0.1914176 0.7353984 
0.04736181 0.02201149 0.1116963 0.8189304 
0.02887281 0.02333059 0.1995705 0.7482261 
0.07908276 0.02394412 0.0849991 0.811974 
0.03688255 0.003352828 0.1533071 0.8064575 
0.06905365 0.001503163 0.1502354 0.7792078 
0.05409754 0.0129917 0.08236293 0.8505478 
0.04029767 0.003626635 0.157434 0.7986417 
0.1091598 0.0563006 0.09489354 0.7396461 
0.07425044 0.001260882 0.09282058 0.8316681 
0.02996049 0.002236854 0.09246224 0.8753404 
0.0285623 0.04605515 0.08957066 0.8358119 
0.003612764 0.02316624 0.1600394 0.8131816 
0.03181642 0.01229576 0.1132195 0.8426683 
0.0903853 0.01013049 0.06927371 0.8302105 
0.05305451 0.002532028 0.1637897 0.7806238 
0.0621806 0.004529786 0.09455395 0.8387357 
0.06310932 0.002644445 0.134301 0.7999452 
0.05833506 0.002475377 0.1248995 0.8142901 
0.08329202 0.0185349 0.1179475 0.7802256 
0.1142179 0.002731053 0.1610851 0.7219659 
0.1077136 0.001189036 0.09857226 0.7925251 
0.03243852 0.01593475 0.1795443 0.7720824 
0.05578726 0.08036658 0.1166002 0.747246 
0.07498258 0.05148856 0.09694385 0.776585 
0.1215805 0.1363497 0.01101778 0.731052 
0.08085058 0.1681134 0.004512332 0.7465237 
0.05145788 0.2385328 0.01687244 0.6931369 
0.042327 0.1559174 0.05182728 0.7499283 
0.02958472 0.1466161 0.04326695 0.7805323 
0.05947416 0.1751117 0.006006113 0.759408 
0.1027859 0.1171205 0.006151683 0.773942 
0.03760233 0.07584715 0.02318465 0.8633659 
0.03933269 0.1124008 0.03425656 0.8140099 
0.06813944 0.1145294 0.002574288 0.8147569 
0.04232755 0.200743 0.0306271 0.7263023 
0.0654248 0.1173745 0.005946054 0.8112547 
0.002354239 0.2145218 0.00211729 0.7810067 
0.04570204 0.2128377 0.007619838 0.7338404 
0.01320428 0.2324684 0.009144137 0.7451831 
0.1020622 0.1524193 0.0001114382 0.7454071 
0.004324421 0.07290198 0.05214978 0.8706238 
0.04534453 0.09986938 0.03788658 0.8168995 
0.04526376 0.1736229 0.003366583 0.7777468 
0.0376444 0.1160864 0.07412795 0.7721413 
0.0477299 0.1199519 0.0017235 0.8305947 
0.02413383 0.1919209 0.01259214 0.7713531 
0.0666038 0.1461946 0.01852151 0.7686801 
0.05564431 0.1209072 0.008259059 0.8151895 
0.04812449 0.1325987 0.0117478 0.807529 
0.03715068 0.05836313 0.04075695 0.8637292 
0.05886964 0.1277173 0.007978461 0.8054346 
0.0299602 0.1166615 0.01685755 0.8365207 
0.02461978 0.1445341 0.003837361 0.8270087 
0.01783607 0.1760335 0.02581558 0.7803148 
0.04550482 0.1220021 0.00711275 0.8253803 
0.06580943 0.136468 0.005913926 0.7918086 
0.07077824 0.1538765 0.0233031 0.7520421 
0.03708147 0.1595258 0.001324072 0.8020687 
0.03629069 0.1633639 0.01021129 0.7901341 
0.055546 0.1158211 0.02847654 0.8001564 
0.03321777 0.07692726 0.03346406 0.8563909 
0.09416622 0.1212342 0.0197191 0.7648805 
0.04396075 0.1288692 0.004185004 0.822985 
0.03976633 0.1068581 0.02993374 0.8234418 
0.09467573 0.1351603 0.03055202 0.739612 
0.02862877 0.1570579 0.009350038 0.8049633 
0.0272448 0.1288892 0.01098412 0.8328818 
0.04506765 0.1458879 0.03547271 0.7735718 
0.08522338 0.116224 0.01266047 0.7858921 
0.08971243 0.109299 0.003645519 0.7973431 
0.1053678 0.1175105 0.0008326923 0.7762891 
0.03874558 0.1258869 0.002082648 0.8332849 
0.02531393 0.1400182 0.02052013 0.8141478 
0.0910303 0.1304393 0.0008826771 0.7776477 
0.05780352 0.1698688 0.004779482 0.7675482 
0.07318392 0.1492073 0.02178944 0.7558194 
0.03820167 0.1280958 0.002660517 0.831042 
0.0520939 0.0947312 0.04019462 0.8129803 
0.06909637 0.125723 0.08666867 0.7185119 
0.1261328 0.07385325 0.01518788 0.7848261 
0.028957 0.1035814 0.006494548 0.860967 
0.04561975 0.2116124 0.000290003 0.7424779 
0.05798919 0.1104337 0.002240272 0.8293368 
0.08926296 0.121372 0.004268498 0.7850966 
0.07098725 0.1132592 0.005443626 0.81031 
0.06833005 0.1214938 0.02785634 0.7823198 
0.0597333 0.09944007 0.008109281 0.8327174 
0.003946347 0.07579796 0.07208712 0.8481686 
0.01664139 0.1385259 0.06628473 0.778548 
0.02590284 0.130529 0.03684337 0.8067248 
0.000589847 0.1225705 0.06904985 0.8077898 
0.09742138 0.07368979 0.05991031 0.7689785 
0.004798757 0.1290036 0.04448167 0.821716 
0.001814969 0.1344079 0.03076766 0.8330094 
0.02781902 0.1236202 0.02093882 0.827622 
0.01235319 0.08362079 0.04948617 0.8545398 
0.02226046 0.1523354 0.04892929 0.7764748 
0.02424953 0.1463123 0.04416153 0.7852766 
0.001141596 0.2193701 0.03004225 0.7494461 
0.135696 0.05513966 0.01629026 0.7928741 
0.0252361 0.1535022 0.00178879 0.8194729 
0.05997578 0.09995007 0.01634754 0.8237266 
0.03306108 0.1474163 0.00581694 0.8137057 
0.06665694 0.1171131 0.003285504 0.8129445 
0.04635389 0.1329634 0.02089355 0.7997892 
0.03468857 0.1657882 0.001212273 0.798311 
0.05046234 0.2014088 0.001798451 0.7463304 
0.09786512 0.1741637 0.03194567 0.6960255 
0.1249972 0.08569294 0.0006756714 0.7886342 
0.08581411 0.1303401 0.008172138 0.7756736 
0.1461426 0.03534911 0.01573415 0.8027742 
0.09416951 0.02093489 0.07990362 0.804992 
0.06836833 0.002324195 0.09113641 0.8381711 
0.107944 0.006933097 0.1498497 0.7352732 
0.1125678 0.05058977 0.06799764 0.7688448 
0.1424782 0.01147384 0.02299013 0.8230578 
0.1490324 0.005512693 0.0271158 0.8183391 
0.09175924 0.00722731 0.04913903 0.8518744 
0.1490949 0.002508537 0.03991095 0.8084856 
0.128598 0.01270766 0.0490069 0.8096874 
0.008727446 0.1675103 0.036023 0.7877393 
0.01347572 0.1521035 0.04770751 0.7867132 
0.01206738 0.09189535 0.1109595 0.7850778 
0.06735 0.1341421 0.1204113 0.6780966 
0.002074965 0.05377027 0.1236311 0.8205237 
0.01334659 0.1073636 0.04321066 0.8360792 
0.02171487 0.1291998 0.07924526 0.7698401 
0.01255744 0.1314472 0.03986352 0.8161318 
0.01741627 0.1684426 0.02713718 0.7870039 
0.02132222 0.1022334 0.09101563 0.7854287 
0.003319879 0.1776673 0.0626727 0.7563401 
0.001467121 0.1608595 0.05386942 0.783804 
0.008823758 0.1413068 0.02842126 0.8214482 
0.00754083 0.1138432 0.04857679 0.8300392 
0.01801191 0.1949573 0.06749229 0.7195385 
0.030507 0.1631776 0.03957783 0.7667376 
0.02199131 0.1067317 0.05221681 0.8190602 
0.0857427 0.1009904 0.05494402 0.7583229 
0.01570804 0.1106439 0.0328201 0.840828 
0.03737163 0.1442335 0.05655737 0.7618376 
0.0128155 0.1828344 0.0748172 0.7295329 
0.02483482 0.07575702 0.04961986 0.8497883 
0.02095508 0.122553 0.08948651 0.7670054 
0.001670172 0.1563368 0.07450058 0.7674925 
0.005105332 0.1548536 0.1168608 0.7231803 
0.003133295 0.1065023 0.06915351 0.8212109 
0.007563903 0.1235177 0.07554964 0.7933688 
0.002884313 0.1075003 0.03817538 0.85144 
0.002582764 0.1289607 0.09151042 0.7769461 
0.01470512 0.09739255 0.05986039 0.8280419 
0.00188839 0.1320013 0.02705754 0.8390528 
0.08296626 0.005214618 0.07568831 0.8361308 
0.08244509 0.01188527 0.07613189 0.8295378 
0.2161285 0.01700045 0.00324764 0.7636234 
0.1242173 0.1166255 0.001182312 0.7579749 
0.1168598 0.0495708 0.02510004 0.8084693 
0.2178024 0.005148494 0.03025621 0.7467929 
0.1263312 0.05715809 0.03498552 0.7815252 
0.09884178 0.01659844 0.03029808 0.8542617 
0.1687492 0.005306254 0.06121171 0.7647328 
0.1845088 0.004452962 0.02230556 0.7887326 
0.1889024 0.0122016 0.05058091 0.748315 
0.09383531 0.03183284 0.06612952 0.8082023 
0.1460839 0.01463763 0.02822489 0.8110536 
0.1656297 0.02235533 0.09641215 0.7156028 
0.09680844 0.01204619 0.0886342 0.8025112 
0.1475978 0.0007330702 0.0577747 0.7938945 
0.1319653 0.002532511 0.07068716 0.794815 
0.1283786 0.004110396 0.05496947 0.8125416 
0.1405799 0.007216916 0.01660088 0.8356023 
0.05328502 0.02538716 0.06377268 0.8575552 
0.1157549 0.003255855 0.06097625 0.820013 
0.09599072 0.05199494 0.05739339 0.7946209 
0.1534044 0.01090051 0.03976992 0.7959252 
0.1806116 0.02598305 0.08738502 0.7060204 
0.1258315 0.008842787 0.0720885 0.7932372 
0.1054355 0.0239774 0.0480042 0.8225829 
0.08494899 0.002244481 0.06045429 0.8523522 
0.1109876 0.009354283 0.02820157 0.8514566 
0.1941092 0.0003126583 0.06464522 0.740933 
0.1515553 0.0160997 0.0511126 0.7812324 
0.1390596 0.0004828383 0.02458801 0.8358696 
0.1223463 0.01024793 0.04886661 0.8185391 
0.09295792 0.0009532403 0.0184006 0.8876882 
0.1320053 0.01218629 0.04399461 0.8118138 
0.129147 0.01710319 0.05263766 0.8011122 
0.1026522 0.01645566 0.06707421 0.813818 
0.1234729 0.01374389 0.05178753 0.8109957 
0.1049915 0.02261534 0.02844335 0.8439498 
0.1281773 0.01419126 0.05168204 0.8059494 
0.1072556 0.01320196 0.0607768 0.8187656 
0.1856672 0.001053442 0.03873906 0.7745403 
0.1131359 0.006437346 0.1057662 0.7746606 
0.1203581 0.004535364 0.09938429 0.7757223 
0.1716979 0.03915566 0.02797439 0.761172 
0.1742509 0.02343323 0.08332923 0.7189866 
0.115817 0.003200072 0.09559792 0.785385 
0.08547526 0.0009218315 0.07124869 0.8423542 
0.1098866 0.01189508 0.058735 0.8194833 
0.09679568 0.009283736 0.03534347 0.8585771 
0.09206354 0.03397062 0.05228846 0.8216774 
0.1165442 0.001161297 0.04125832 0.8410361 
0.146026 0.008395728 0.04595872 0.7996195 
0.1770626 0.01131068 0.04722469 0.764402 
0.1322777 0.003293989 0.07299242 0.7914359 
0.1218562 0.003048175 0.03746961 0.837626 
0.1229736 0.02217045 0.1075429 0.747313 
0.1214348 0.009527896 0.02925055 0.8397867 
0.1410688 0.001825009 0.04449929 0.8126069 
0.1065075 0.05166308 0.06327986 0.7785496 
0.1502632 0.01337932 0.08687415 0.7494833 
0.1137238 0.03561735 0.04531844 0.8053404 
0.1674847 0.06942404 0.04547807 0.7176132 
0.1210031 0.001246717 0.08552182 0.7922284 
0.1064925 0.001712631 0.05095072 0.8408441 
0.1096469 0.02817184 0.06031164 0.8018696 
0.1293535 0.0002546759 0.06204181 0.80835 
0.1607142 0.0635239 0.04413706 0.7316249 
0.1497808 0.007641441 0.04264991 0.7999278 
0.1377504 0.009657008 0.05690068 0.7956919 
0.1968322 0.04819396 0.03065504 0.7243188 
0.1084378 0.002927745 0.06985434 0.8187802 
0.1020758 0.003708247 0.1247789 0.7694371 
0.1232919 0.0263132 0.02902001 0.8213749 
0.172198 0.01510838 0.04654463 0.766149 
0.08739531 0.0006738681 0.06775856 0.8441723 
0.1279164 0.006101589 0.04467012 0.8213119 
0.1704135 0.006817866 0.04948485 0.7732838 
0.1311286 0.007818635 0.09612244 0.7649303 
0.08902341 0.02124222 0.07537342 0.8143609 
0.1271262 0.01560294 0.06595663 0.7913143 
0.1309051 0.002127465 0.01833815 0.8486293 
0.1229246 0.005629687 0.0907634 0.7806823 
0.1422392 0.009398421 0.08605521 0.7623072 
0.09015394 0.01157798 0.0141108 0.8841573 
0.1700527 0.03689718 0.04608566 0.7469645 
0.138208 0.005609753 0.06202826 0.794154 
0.1273681 0.01165389 0.04761058 0.8133674 
0.166139 0.002468285 0.04471369 0.786679 
0.07903959 0.008973511 0.1066186 0.8053683 
0.1431163 0.001004744 0.08557227 0.7703067 
0.1204156 0.00634758 0.02975149 0.8434854 
0.07142055 0.08181157 0.0951096 0.7516583 
0.06580813 0.003327832 0.06783503 0.863029 
0.1691939 0.0003016971 0.08110271 0.7494017 
0.1665673 0.0003789034 0.04854143 0.7845124 
0.1032037 0.007753687 0.1069787 0.782064 
0.2102435 0.02765641 0.05283399 0.7092661 
0.1774974 0.006844117 0.05202214 0.7636363 
0.1576305 0.00621744 0.05640126 0.7797508 
0.132032 0.03691338 0.05847364 0.772581 
0.1021919 0.008037935 0.04949956 0.8402706 
0.1356986 0.02218647 0.04571831 0.7963967 
0.1171789 0.008019214 0.09677895 0.778023 
0.1420151 0.03382577 0.06562313 0.758536 
0.1850846 0.06047164 0.01386797 0.7405758 
0.192037 0.08374232 0.008403359 0.7158173 
0.101024 0.07572928 0.00836918 0.8148776 
0.1061658 0.05137082 0.003310005 0.8391534 
0.1109565 0.06470678 0.004614552 0.8197222 
0.1997697 0.03190965 0.002352235 0.7659684 
0.1891509 0.06266571 0.02087689 0.7273065 
0.1364004 0.069719 0.02272877 0.7711518 
0.07852517 0.04756983 0.001606075 0.8722989 
0.05395155 0.06407766 0.0007880797 0.8811827 
0.1381206 0.05510496 0.003598712 0.8031757 
0.1800486 0.02766605 0.00730273 0.7849826 
0.1939275 0.06007438 0.02133267 0.7246655 
0.1320496 0.02239783 0.06751326 0.7780393 
0.1275195 0.0373049 0.01085852 0.8243171 
0.1202927 0.07220309 0.003491985 0.8040122 
0.1782487 0.03809885 0.00232847 0.781324 
0.1930469 0.07205104 0.001401241 0.7335008 
0.1328166 0.07312256 0.03076624 0.7632946 
0.1360448 0.04921786 0.02491595 0.7898214 
0.1724692 0.05366766 0.001379839 0.7724833 
0.1417491 0.0712933 0.0007052173 0.7862524 
0.1093936 0.03215366 0.008365713 0.850087 
0.1316146 0.07724401 0.005555838 0.7855856 
0.1508014 0.05783844 0.03664918 0.754711 
0.1627964 0.04762659 0.003387113 0.7861899 
0.07659094 0.03998212 0.01164133 0.8717856 
0.1211681 0.1068096 0.01595118 0.7560711 
0.07084679 0.08846422 0.03538315 0.8053058 
0.1307395 0.03473923 0.007391164 0.8271301 
0.1787416 0.05256519 0.002361221 0.766332 
0.08791403 0.07605255 0.01497161 0.8210618 
0.1195331 0.05715062 0.02792044 0.7953958 
0.1203204 0.06296106 0.003388952 0.8133296 
0.1372848 0.0894242 0.01332879 0.7599622 
0.1710262 0.06424623 0.001347593 0.76338 
0.1868557 0.07560405 0.006040886 0.7314994 
0.1297286 0.01320592 0.01009966 0.8469658 
0.1242247 0.0573322 0.02390259 0.7945405 
0.06100862 0.05144097 0.004836005 0.8827144 
0.07928736 0.05620202 0.005759446 0.8587512 
0.1535674 0.03337495 0.0002260975 0.8128315 
0.1319718 0.04884118 0.02252497 0.7966621 
0.1188506 0.02667321 0.01279524 0.8416809 
0.1343962 0.03773007 0.003828436 0.8240453 
0.1370459 0.1033474 0.007857882 0.7517488 
0.1424435 0.04304246 0.04333195 0.7711821 
0.06294834 0.0812357 0.02017387 0.8356421 
0.1250569 0.004934752 0.0717667 0.7982416 
0.1007315 0.009661239 0.05581067 0.8337966 
0.08497169 0.01183374 0.09790835 0.8052862 
0.1051893 0.05965117 0.01149845 0.8236611 
0.1116691 0.08294855 0.02130279 0.7840795 
0.102019 0.07618165 0.003848352 0.817951 
0.08962564 0.03080468 0.002587282 0.8769824 
0.1354218 0.05429372 0.003414957 0.8068695 
0.2207344 0.08790955 0.01993477 0.6714213 
0.1411558 0.03892113 0.01627293 0.8036501 
0.1248508 0.04433125 0.01757251 0.8132454 
0.1816775 0.04664827 0.009297752 0.7623765 
0.1288464 0.0883941 0.01382711 0.7689324 
0.1377375 0.0485709 2.231083e-05 0.8136693 
0.1460846 0.04085451 0.001809504 0.8112514 
0.1386747 0.0002434312 0.0384402 0.8226417 
0.09122979 0.02229545 0.07980874 0.806666 
0.04262453 0.05997208 0.01422812 0.8831753 
0.09468417 0.06072977 0.01483852 0.8297475 
0.07623795 0.0005160473 0.05418771 0.8690583 
0.1509391 0.004825812 0.06799425 0.7762408 
0.1072098 0.003259658 0.1251048 0.7644257 
0.113857 0.0181185 0.06866505 0.7993594 
0.06176657 0.009835202 0.08798 0.8404182 
0.08076744 0.0832135 0.03290531 0.8031137 
0.005283427 0.2083275 0.05120686 0.7351822 
0.01611773 0.1512965 0.06340312 0.7691826 
0.04923536 0.09409325 0.08061972 0.7760517 
0.01182171 0.1105237 0.04662591 0.8310286 
0.0004960003 0.1430888 0.01990719 0.836508 
0.007820992 0.1450475 0.03009144 0.8170401 
0.01011544 0.1834636 0.03595552 0.7704654 
0.005962739 0.1007363 0.07953281 0.8137682 
0.002080718 0.1459993 0.03328018 0.8186398 
0.002047978 0.0895037 0.03850443 0.8699439 
0.00422945 0.1191133 0.07470029 0.8019569 
0.009182056 0.1265624 0.07769223 0.7865633 
0.002824516 0.1600782 0.04676391 0.7903334 
0.009257473 0.1148818 0.05836818 0.8174926 
0.01538141 0.1120699 0.06062516 0.8119235 
0.002491825 0.1508672 0.08581891 0.7608221 
0.01107358 0.1161068 0.04637104 0.8264486 
0.03372722 0.1449347 0.03474542 0.7865927 
0.002624611 0.1094411 0.02881532 0.8591189 
0.07385165 0.1427252 0.02627209 0.7571511 
0.09713336 0.07340225 0.03140875 0.7980556 
0.01331752 0.1140303 0.06522885 0.8074234 
0.04096062 0.1435627 0.02674024 0.7887365 
0.04290153 0.1385384 0.1011988 0.7173612 
0.005400714 0.1139614 0.04957293 0.831065 
0.05497288 0.121913 0.04656658 0.7765475 
0.0006508691 0.08358205 0.05424273 0.8615244 
0.01205277 0.07800817 0.07797533 0.8319637 
0.005545409 0.1109602 0.02034378 0.8631506 
0.01119714 0.1944554 0.06015556 0.7341919 
0.002711177 0.1567437 0.06545709 0.775088 
0.009232635 0.1068309 0.03925004 0.8446864 
0.008343506 0.1389039 0.03639322 0.8163594 
0.01290529 0.1130114 0.09685695 0.7772263 
0.003238041 0.1270846 0.04320644 0.8264709 
0.06143336 0.1261036 0.04217067 0.7702924 
0.04410783 0.1375623 0.05201187 0.766318 
0.01431297 0.07408296 0.04324076 0.8683633 
0.004328967 0.1684022 0.04113902 0.7861298 
0.01806569 0.1206742 0.06654446 0.7947157 
0.01097146 0.1802162 0.03441366 0.7743987 
0.009786415 0.1495753 0.04452911 0.7961092 
6.580279e-05 0.1287113 0.02997889 0.841244 
0.02327601 0.138096 0.02152474 0.8171033 
0.002508923 0.08867093 0.06588524 0.8429349 
0.003494178 0.1372507 0.02831202 0.8309431 
0.0304804 0.1215643 0.04930938 0.798646 
0.01232222 0.09735286 0.03851432 0.8518106 
0.004649851 0.1630772 0.06208242 0.7701905 
0.002621663 0.1653016 0.03669361 0.7953832 
0.01060109 0.1288735 0.03692481 0.8236006 
0.02976368 0.1470731 0.046967 0.7761962 
0.01757753 0.1207179 0.05977836 0.8019262 
0.01999435 0.08304832 0.06803599 0.8289213 
0.01104522 0.1379212 0.05085803 0.8001756 
0.003376619 0.1169203 0.08454031 0.7951628 
0.1155599 0.06052211 0.0129472 0.8109707 
0.06867178 0.09672761 0.02126114 0.8133395 
0.07126291 0.1005865 0.009968618 0.818182 
0.0400866 0.148664 0.01764073 0.7936086 
0.05518748 0.1595381 0.003285436 0.781989 
0.05474601 0.07925475 0.006361574 0.8596377 
0.08210665 0.02666251 0.1353863 0.7558445 
0.06448789 0.00136957 0.1237061 0.8104365 
0.03847619 0.1121884 0.03495242 0.814383 
0.04666055 0.1268623 0.01498962 0.8114875 
0.05632871 0.1655076 0.01494901 0.7632147 
0.03598012 0.1053859 0.001783335 0.8568507 
0.05852787 0.1407259 0.02059184 0.7801544 
0.05088433 0.1105228 0.01800433 0.8205886 
0.04653164 0.2038156 0.00326094 0.7463918 
0.02988987 0.1959653 0.01820292 0.7559419 
0.03687872 0.07902102 0.009432993 0.8746673 
0.0445891 0.1042049 0.03481371 0.8163922 
0.05466805 0.08597431 0.03218596 0.8271717 
0.09683762 0.004484878 0.1453025 0.753375 
0.0353698 0.008964561 0.2037439 0.7519217 
0.03785825 0.001642249 0.1638158 0.7966837 
0.05633754 0.01980039 0.1144986 0.8093635 
0.08969338 0.001669465 0.0968543 0.8117829 
0.02792638 0.01972878 0.05098484 0.90136 
0.02712731 0.03294297 0.1250401 0.8148897 
0.05603744 0.04970439 0.1702473 0.7240109 
0.03543225 0.01514416 0.1108552 0.8385684 
0.05495447 0.01575919 0.1458028 0.7834835 
0.09831083 0.02164201 0.09377316 0.786274 
0.02039465 0.001232845 0.1513108 0.8270618 
0.0220454 0.002585848 0.1072246 0.8681441 
0.03929405 0.03657647 0.1767992 0.7473303 
0.08427875 0.005229056 0.1453357 0.7651565 
0.06676423 0.003973525 0.1372591 0.7920032 
0.07105874 0.04788602 0.09326774 0.7877875 
0.04927191 0.0112819 0.1330789 0.8063673 
0.02066841 0.001116532 0.1335835 0.8446316 
0.09995718 0.02650846 0.1368855 0.7366489 
0.04821275 0.004627533 0.05845532 0.8887044 
0.05771386 0.05844672 0.1175977 0.7662417 
0.03078563 0.01170216 0.1157833 0.8417289 
0.0458324 0.02221208 0.1237459 0.8082096 
0.0591155 0.04781303 0.1354613 0.7576101 
0.08242047 0.176967 0.03361853 0.706994 
0.008178405 0.1943585 0.05041327 0.7470499 
0.001333997 0.09757629 0.04044221 0.8606475 
0.0784401 0.1359624 0.01431109 0.7712864 
0.07020419 0.04716669 0.04240209 0.840227 
0.02682861 0.0665417 0.004055177 0.9025745 
0.04886398 0.1562551 0.00764812 0.7872328 
0.08316156 0.1412071 0.02280868 0.7528226 
0.09703879 0.1162938 0.01498136 0.7716861 
0.01671976 0.1332417 0.02503607 0.8250025 
0.08558652 0.15508 0.01205976 0.7472737 
0.05694167 0.1910661 0.01374639 0.7382458 
0.03455043 0.1142814 0.03221258 0.8189556 
0.04845617 0.1099413 0.02742355 0.814179 
0.038673 0.1164633 0.003510598 0.8413531 
0.02988353 0.124844 0.004045023 0.8412275 
0.05565698 0.1165986 0.006776716 0.8209677 
0.06762399 0.09110141 0.01118865 0.8300859 
0.1284155 0.0791608 0.001465852 0.7909578 
0.05081769 0.1417328 0.003311232 0.8041383 
0.06781102 0.07956643 0.08567393 0.7669486 
0.005429795 0.1114921 0.06467864 0.8183994 
0.004283565 0.1326709 0.08025605 0.7827895 
0.008102051 0.1262272 0.04541319 0.8202576 
0.0436726 0.2031072 0.06087378 0.6923465 
0.0374578 0.1256057 0.09394442 0.7429921 
0.008803943 0.1496382 0.07721199 0.7643459 
0.0007382132 0.1150082 0.06812846 0.8161251 
0.005590584 0.1138999 0.05064609 0.8298635 
0.0337714 0.128575 0.100359 0.7372946 
0.002251964 0.1535613 0.06568326 0.7785035 
0.001084144 0.2494816 0.0317056 0.7177287 
0.0127815 0.1996864 0.04109535 0.7464368 
0.0319982 0.1016808 0.04636225 0.8199587 
0.02416461 0.0933521 0.03027245 0.8522108 
0.009678712 0.176068 0.04067031 0.773583 
0.01006884 0.131977 0.04951114 0.8084431 
0.002944482 0.1224376 0.04823899 0.826379 
0.004928503 0.09982591 0.07607039 0.8191752 
0.03036781 0.125517 0.04962454 0.7944907 
0.002007039 0.1578018 0.04999789 0.7901933 
0.0100141 0.179405 0.03997585 0.770605 
0.01447194 0.09503514 0.1019372 0.7885557 
0.006001997 0.1693405 0.01788793 0.8067696 
0.03220245 0.1415831 0.1236418 0.7025726 
0.001372963 0.1397908 0.07426766 0.7845685 
0.003934992 0.1275523 0.04162579 0.8268869 
0.008641575 0.119841 0.06401226 0.8075051 
0.02594026 0.1205891 0.06076319 0.7927075 
0.01919156 0.1215504 0.04670547 0.8125525 
0.01971901 0.1144608 0.0372833 0.8285369 
0.02498931 0.1315144 0.05430026 0.7891961 
0.008466965 0.1931585 0.04918958 0.7491849 
0.03179094 0.1398131 0.01740568 0.8109903 
0.01395119 0.1624646 0.08768764 0.7358965 
0.02705621 0.1429619 0.0002674765 0.8297144 
0.04781152 0.1365088 0.003432942 0.8122467 
0.05856964 0.1210397 0.00772511 0.8126655 
0.006957736 0.09860976 0.05371639 0.8407161 
0.002086002 0.111589 0.1013804 0.7849446 
0.004456453 0.1558206 0.04575606 0.7939669 
0.00645512 0.1488873 0.05109142 0.7935662 
0.01261545 0.1515662 0.05688132 0.778937 
0.001956274 0.08031344 0.02879554 0.8889347 
0.004570467 0.07270938 0.0487361 0.873984 
0.01012603 0.1178799 0.05997464 0.8120195 
0.002247445 0.08857205 0.06597502 0.8432055 
0.009582773 0.1117027 0.05539806 0.8233165 
0.01451875 0.1113516 0.06893711 0.8051926 
0.006617644 0.1740533 0.03920181 0.7801273 
0.01402346 0.1020745 0.02468149 0.8592206 
0.04237287 0.06639884 0.04629338 0.8449349 
0.0001578664 0.1094997 0.06348789 0.8268545 
0.005871231 0.08727711 0.07037266 0.836479 
0.01578867 0.100675 0.09609303 0.7874433 
0.03653095 0.1385378 0.06035412 0.7645772 
0.005761428 0.1172033 0.05182579 0.8252095 
0.02185411 0.1694232 0.04343248 0.7652903 
0.01048846 0.1164748 0.03900633 0.8340304 
0.0007552468 0.1917647 0.06281862 0.7446615 
0.008407668 0.1094996 0.02596761 0.8561252 
0.008313927 0.1588429 0.07679763 0.7560455 
0.001668791 0.1557059 0.09191294 0.7507123 
0.00107899 0.1036237 0.06231924 0.8329781 
0.002074854 0.09469027 0.07671999 0.8265149 
0.01468373 0.09149094 0.06551125 0.8283141 
0.007205985 0.1218304 0.0706851 0.8002785 
0.03207837 0.09924358 0.03209747 0.8365806 
0.004514846 0.1499743 0.0903952 0.7551157 
0.02959629 0.1436132 0.1346808 0.6921097 
0.001602302 0.1353593 0.0678489 0.7951895 
0.03017105 0.1394556 0.0400449 0.7903285 
0.02337355 0.1648342 0.04561971 0.7661725 
0.00367839 0.1363289 0.04222098 0.8177717 
0.02789551 0.1195875 0.04661905 0.8058979 
0.01289048 0.09123471 0.0662142 0.8296606 
0.01653046 0.1089365 0.07104749 0.8034856 
0.007583989 0.1828369 0.0576991 0.75188 
0.004936426 0.1131947 0.04196037 0.8399085 
0.02457037 0.09164112 0.0280815 0.855707 
0.03906723 0.1203507 0.04698543 0.7935967 
0.005410256 0.1613274 0.0540454 0.7792169 
0.007059354 0.1660405 0.09006235 0.7368378 
0.005925384 0.09772013 0.09134487 0.8050096 
0.007655383 0.1768827 0.06031479 0.7551471 
0.07239859 0.1521246 0.0479835 0.7274933 
0.0009928645 0.1172635 0.03603647 0.8457072 
0.02736869 0.1307349 0.06654788 0.7753485 
0.01451762 0.1611638 0.04407071 0.7802479 
0.0002607428 0.1205386 0.04537735 0.8338233 
0.01739669 0.1337681 0.03400151 0.8148337 
0.001676121 0.1318103 0.04588469 0.8206288 
0.0006612009 0.1870088 0.08093936 0.7313906 
0.005603116 0.186706 0.09176497 0.7159259 
0.01776266 0.1341203 0.04815128 0.7999658 
0.002968398 0.1516081 0.04308227 0.8023413 
0.01313502 0.1155662 0.07971559 0.7915832 
0.01037175 0.1596012 0.09075784 0.7392692 
0.02588043 0.1552101 0.04741397 0.7714955 
0.001889588 0.1302283 0.06371133 0.8041708 
0.02672905 0.1060135 0.05489192 0.8123655 
0.001688902 0.1166947 0.04737341 0.834243 
0.007275625 0.1019775 0.06416383 0.826583 
0.008124705 0.1206877 0.05207223 0.8191154 
0.01055718 0.1391622 0.0540705 0.7962101 
0.03634151 0.1055369 0.04265342 0.8154681 
0.003112117 0.09405593 0.09566154 0.8071704 
0.0004284621 0.1212713 0.06145597 0.8168442 
0.007220694 0.1619221 0.0818965 0.7489607 
0.004429553 0.1014401 0.05329342 0.8408369 
0.02008536 0.1397454 0.02729483 0.8128744 
0.03583365 0.076718 0.06281979 0.8246286 
0.03316416 0.196498 0.04211121 0.7282267 
0.005998574 0.07728596 0.1456853 0.7710301 
0.0007967905 0.1975984 0.04665218 0.7549527 
0.001556432 0.1033896 0.1240216 0.7710324 
0.008698309 0.1257481 0.03647168 0.8290819 
0.02203835 0.1374873 0.02437628 0.8160981 
0.01834811 0.1386697 0.05548176 0.7875005 
0.01234035 0.1199504 0.08130107 0.7864082 
0.03053366 0.1106938 0.04671423 0.8120583 
0.06940447 0.05552888 0.09635869 0.778708 
0.04411115 0.1118924 0.05085567 0.7931408 
0.006127702 0.1385255 0.04624494 0.8091019 
0.000883881 0.1061868 0.1014113 0.791518 
0.01216682 0.1222968 0.0545217 0.8110147 
0.006653648 0.1144473 0.03371461 0.8451844 
0.008126792 0.1134465 0.04530423 0.8331224 
0.02817934 0.0972062 0.05839453 0.8162199 
0.007863899 0.1270382 0.08403065 0.7810673 
0.004917233 0.1361166 0.06300335 0.7959628 
0.01986102 0.1180364 0.0538826 0.80822 
0.03625243 0.1105199 0.005614774 0.8476129 
0.001404518 0.2240664 0.001846513 0.7726825 
0.001244847 0.1928886 0.01808553 0.7877811 
0.01453006 0.2119387 0.02750143 0.7460298 
0.05391933 0.1157134 0.03731511 0.7930521 
0.0295575 0.1118581 0.05932085 0.7992636 
0.004180492 0.144554 0.08063877 0.7706267 
0.09587481 0.006591213 0.07737168 0.8201623 
0.162418 0.01652281 0.03875863 0.7823005 
0.1026391 0.01237555 0.05104486 0.8339405 
0.09922289 0.05822292 0.0373091 0.8052451 
0.1378739 0.01783199 0.04767445 0.7966197 
0.09937361 0.01524919 0.03180426 0.8535729 
0.1572305 0.008420377 0.04072498 0.7936242 
0.1307838 0.007505859 0.05632461 0.8053857 
0.1282405 0.001645125 0.06411727 0.8059971 
0.1380021 0.03921631 0.05611839 0.7666632 
0.0983718 0.01257219 0.0735624 0.8154936 
0.1162836 0.01490473 0.0347313 0.8340804 
0.1360404 0.01881734 0.08876493 0.7563774 
0.08784464 0.102389 0.00532367 0.8044427 
0.005151483 0.1126045 0.009043515 0.8732005 
0.09164622 0.005203768 0.1495987 0.7535513 
0.07754906 0.0001069693 0.1147874 0.8075565 
0.0569342 0.01488291 0.08584657 0.8423363 
0.03978674 0.01158136 0.09905758 0.8495743 
0.09272084 0.001415795 0.08088226 0.8249811 
0.0902954 0.002906411 0.1368518 0.7699464 
0.04099477 0.02097869 0.1705088 0.7675178 
0.04637837 0.03850855 0.1762439 0.7388691 
0.1357613 0.004311508 0.1699297 0.6899975 
0.04106056 0.01077373 0.1279103 0.8202554 
0.03787319 0.002185781 0.1396249 0.8203161 
0.001261953 0.01234561 0.1537173 0.8326752 
0.1531135 0.009610052 0.1180082 0.7192683 
0.09986886 0.01952024 0.08584601 0.7947649 
0.1229195 0.04301044 0.06682289 0.7672472 
0.1007108 0.0370688 0.05172896 0.8104914 
0.154709 0.01564548 0.03250991 0.7971356 
