"p_1" "p_2" "p_3"
0.06042266 0.1566611 0.7829162
0.05220071 0.1775305 0.7702688
0.05678978 0.1711908 0.7720194
0.05720863 0.1839715 0.7588198
0.05291824 0.1556258 0.791456
0.04518623 0.1518724 0.8029414
0.05223357 0.1660926 0.7816738
0.04203653 0.1669136 0.7910499
0.04244502 0.1517959 0.8057591
0.05498298 0.1647791 0.7802379
0.06096355 0.1543843 0.7846521
0.05982147 0.170052 0.7701266
0.05831293 0.1532223 0.7884648
0.05563599 0.147491 0.796873
0.06251535 0.1661747 0.77131
0.05596948 0.1800178 0.7640127
0.04818739 0.1873782 0.7644344
0.04246622 0.1834939 0.7740398
0.05795506 0.1704535 0.7715914
0.04353854 0.1774791 0.7789823
0.06493083 0.1851103 0.7499588
0.05592188 0.1637037 0.7803744
0.05615019 0.1594954 0.7843544
0.05473595 0.1677882 0.7774758
0.06209832 0.1696834 0.7682183
0.05828028 0.143533 0.7981868
0.05715171 0.1484127 0.7944356
0.04522918 0.1804039 0.7743669
0.06057951 0.1740018 0.7654187
0.05247078 0.1753821 0.7721471
0.05673441 0.1644613 0.7788043
0.05036528 0.1765724 0.7730623
0.05399874 0.1614309 0.7845704
0.06745549 0.1539776 0.7785669
0.05625818 0.1750821 0.7686597
0.06170552 0.1902626 0.7480319
0.05507047 0.1652975 0.779632
0.04517826 0.1899627 0.7648591
0.04428623 0.1627489 0.7929649
0.06330965 0.1474488 0.7892415
0.06000761 0.156457 0.7835354
0.05556941 0.1698914 0.7745392
0.05184481 0.1836603 0.7644949
0.05084055 0.1707605 0.7783989
0.04389685 0.1751423 0.7809608
0.060519 0.1571477 0.7823333
0.05124975 0.1843194 0.7644309
0.0607392 0.1639967 0.7752641
0.05284554 0.1626909 0.7844636
0.04157633 0.2114905 0.7469332
0.04649463 0.1687029 0.7848025
0.06101494 0.1752926 0.7636925
0.04550777 0.1746796 0.7798126
0.05581677 0.1731805 0.7710027
0.06431395 0.1728766 0.7628095
0.06165369 0.1828055 0.7555408
0.05136845 0.170844 0.7777875
0.05009771 0.1703476 0.7795547
0.05346102 0.1679317 0.7786072
0.05724898 0.1602941 0.7824569
0.04731329 0.1629155 0.7897712
0.05064113 0.1907757 0.7585832
0.05614274 0.1443834 0.7994738
0.0526225 0.1594564 0.7879211
0.0537452 0.15171 0.7945449
0.05517974 0.1583264 0.7864938
0.05251238 0.1743633 0.7731243
0.05833269 0.1762503 0.765417
0.0668387 0.1628747 0.7702866
0.0555015 0.1481185 0.7963799
0.06676229 0.1501323 0.7831055
0.06255146 0.1617091 0.7757394
0.04869287 0.1847535 0.7665537
0.04709049 0.1621997 0.7907099
0.05238803 0.1840593 0.7635527
0.06000905 0.1676564 0.7723346
0.05646975 0.1813395 0.7621908
0.05482144 0.1687824 0.7763962
0.06509369 0.1735924 0.761314
0.049789 0.1664188 0.7837922
0.05071894 0.1713486 0.7779324
0.05969586 0.1629038 0.7774003
0.04588353 0.1613141 0.7928024
0.06024569 0.188872 0.7508823
0.06403413 0.1562081 0.7797578
0.06058517 0.1665213 0.7728935
0.0554585 0.178652 0.7658895
0.04553701 0.1564906 0.7979724
0.05159907 0.1644817 0.7839192
0.06275509 0.1510682 0.7861767
0.06522915 0.1713893 0.7633815
0.05219014 0.1802865 0.7675234
0.05412892 0.1763849 0.7694862
0.04784493 0.1780329 0.7741221
0.0620079 0.1554304 0.7825617
0.06325761 0.1658963 0.7708461
0.05193404 0.1631896 0.7848763
0.03990943 0.1808943 0.7791963
0.06215306 0.1538497 0.7839972
0.05120234 0.1479375 0.8008602
0.04306243 0.1767529 0.7801846
0.05546564 0.1640305 0.7805039
0.05055316 0.1549115 0.7945353
0.07613583 0.1668249 0.7570393
0.05899155 0.1656269 0.7753815
0.0536439 0.1652898 0.7810663
0.03989685 0.1725985 0.7875047
0.0479632 0.1618389 0.7901979
0.04089192 0.178493 0.7806151
0.04641445 0.1747134 0.7788721
0.06729482 0.1585995 0.7741057
0.06693486 0.1536914 0.7793737
0.053073 0.1684316 0.7784955
0.05159685 0.1902005 0.7582026
0.04226996 0.1627936 0.7949364
0.05750294 0.1484916 0.7940054
0.05043749 0.1754004 0.7741621
0.05324561 0.1915381 0.7552163
0.05603083 0.1645768 0.7793924
0.0521596 0.1507677 0.7970727
0.06131608 0.1495539 0.7891301
0.06359217 0.138763 0.7976449
0.05000772 0.1582589 0.7917334
0.06662942 0.1704118 0.7629587
0.05944657 0.1728599 0.7676935
0.053725 0.1639877 0.7822873
0.06294981 0.1662013 0.7708489
0.05060813 0.172754 0.7766378
0.05314403 0.155496 0.79136
0.04970888 0.1892772 0.7610139
0.05158469 0.1631761 0.7852392
0.04988658 0.1792069 0.7709065
0.04821513 0.1779706 0.7738143
0.05513134 0.1692486 0.7756201
0.05325186 0.1728853 0.7738628
0.04698304 0.1592497 0.7937673
0.05116871 0.1784733 0.770358
0.04543087 0.1807403 0.7738288
0.05719258 0.1748331 0.7679743
0.05590844 0.1637189 0.7803727
0.05817595 0.1580425 0.7837816
0.05223521 0.1716497 0.7761151
0.05537762 0.1642184 0.7804039
0.05555445 0.1663392 0.7781063
0.06804282 0.1588591 0.7730981
0.05619202 0.1646895 0.7791185
0.05616543 0.1683163 0.7755183
0.04986628 0.1816509 0.7684829
0.05389265 0.1496647 0.7964426
0.06339561 0.1671063 0.7694981
0.06065463 0.1704211 0.7689242
0.04786936 0.1607585 0.7913722
0.05848522 0.1600524 0.7814624
0.05593723 0.15977 0.7842927
0.05000218 0.17143 0.7785678
0.05935024 0.1597079 0.7809419
0.05332475 0.1752968 0.7713784
0.04065134 0.1627204 0.7966283
0.06109959 0.1680855 0.7708149
0.06444967 0.1748179 0.7607324
0.05457134 0.1779455 0.7674832
0.04682572 0.1562563 0.796918
0.06241969 0.1631627 0.7744176
0.04495991 0.166533 0.7885071
0.06390628 0.1593743 0.7767194
0.05327389 0.1686363 0.7780898
0.04650706 0.1596105 0.7938824
0.05938995 0.1563494 0.7842607
0.05620418 0.1789733 0.7648225
0.04267076 0.1647139 0.7926153
0.0613611 0.1748026 0.7638363
0.04534576 0.1649215 0.7897327
0.0626476 0.1713851 0.7659673
0.04992742 0.1745421 0.7755305
0.05215693 0.156503 0.7913401
0.06382703 0.1522797 0.7838933
0.04633119 0.1526154 0.8010534
0.0505532 0.1512328 0.798214
0.05897875 0.1645375 0.7764838
0.06166635 0.1523707 0.7859629
0.05601305 0.1839027 0.7600842
0.04824282 0.1856089 0.7661483
0.05175455 0.1639461 0.7842994
0.05983349 0.1608611 0.7793055
0.06362966 0.1919331 0.7444372
0.06294964 0.1769023 0.760148
0.05828658 0.1641226 0.7775908
0.06163955 0.1555754 0.782785
0.06597281 0.1515809 0.7824463
0.05535551 0.1752338 0.7694107
0.05017019 0.1718362 0.7779936
0.05691921 0.1564457 0.7866351
0.06671714 0.14765 0.7856329
0.05442733 0.1468499 0.7987227
0.06270932 0.2055597 0.731731
0.04748076 0.1802337 0.7722855
0.05544416 0.1683616 0.7761942
0.06049154 0.1670461 0.7724624
0.03974834 0.1677461 0.7925056
0.0502825 0.1621125 0.787605
0.04844627 0.1679494 0.7836043
0.05178551 0.1649972 0.7832173
0.04646311 0.1665225 0.7870144
0.0552763 0.190584 0.7541397
0.05511557 0.153461 0.7914234
0.05250211 0.1833396 0.7641582
0.05148898 0.1465005 0.8020105
0.06017753 0.1647306 0.7750919
0.03973428 0.1703785 0.7898872
0.05270028 0.1776277 0.769672
0.05759522 0.1735513 0.7688534
0.06072271 0.1428238 0.7964534
0.06031744 0.1805294 0.7591531
0.04260637 0.1715175 0.7858761
0.05839664 0.1739449 0.7676584
0.05247678 0.1844743 0.7630489
0.05467155 0.1712779 0.7740506
0.04888133 0.1532766 0.797842
0.05426683 0.1805409 0.7651922
0.04582944 0.1781386 0.776032
0.06304812 0.1776296 0.7593222
0.06299648 0.1599658 0.7770378
0.05118113 0.185898 0.7629209
0.05042869 0.1860278 0.7635435
0.05516086 0.1619995 0.7828397
0.04910222 0.1833683 0.7675295
0.04716558 0.1757097 0.7771248
0.0511512 0.1761042 0.7727446
0.05689124 0.1673102 0.7757986
0.05849527 0.1657271 0.7757776
0.05260678 0.1484757 0.7989175
0.05226229 0.1586548 0.7890829
0.0519073 0.1638666 0.7842261
0.05761206 0.1541921 0.7881959
0.05454251 0.1592724 0.7861851
0.05147231 0.1522269 0.7963008
0.05554679 0.1573007 0.7871525
0.05176405 0.1722618 0.7759742
0.06712857 0.1475351 0.7853364
0.05761935 0.1682975 0.7740832
0.04491662 0.1560042 0.7990792
0.05428921 0.1731236 0.7725871
0.06297454 0.147729 0.7892964
0.04465417 0.172471 0.7828749
0.06328492 0.1626457 0.7740694
0.06030291 0.1794468 0.7602503
0.05330484 0.174444 0.7722512
0.05685831 0.147365 0.7957767
0.04806966 0.1915293 0.7604011
0.05924248 0.1571472 0.7836103
0.05625182 0.1858866 0.7578615
0.06597503 0.1646695 0.7693555
0.06615442 0.1672856 0.76656
0.06498166 0.1720725 0.7629458
0.05600962 0.1651358 0.7788546
0.04796664 0.172221 0.7798124
0.04567715 0.1796947 0.7746281
0.04883035 0.1787886 0.7723811
0.05526096 0.1569305 0.7878086
0.05685453 0.176536 0.7666094
0.05081348 0.15547 0.7937165
0.05105581 0.1703103 0.7786339
0.05347303 0.1522058 0.7943212
0.06416369 0.1586675 0.7771689
0.04670778 0.1388109 0.8144814
0.04845791 0.1904677 0.7610744
0.05748572 0.1596042 0.7829101
0.04876288 0.1508934 0.8003437
0.03783832 0.1716187 0.790543
0.04334045 0.1880652 0.7685943
0.05088449 0.1483814 0.8007342
0.05578177 0.1739761 0.7702421
0.04347386 0.1657527 0.7907735
0.0525247 0.1494089 0.7980664
0.05696191 0.1491486 0.7938894
0.05691811 0.159719 0.7833629
0.04865716 0.1771341 0.7742087
0.05254538 0.1557711 0.7916835
0.05438257 0.1545548 0.7910626
0.06535102 0.1472051 0.7874439
0.06306064 0.1537164 0.7832229
0.04395516 0.1693191 0.7867258
0.06336331 0.1647976 0.7718391
0.05321842 0.1590357 0.7877458
0.06107839 0.1413293 0.7975923
0.05849136 0.1563798 0.7851289
0.06023074 0.168016 0.7717532
0.04344624 0.1690702 0.7874836
0.04610402 0.1581158 0.7957802
0.05527051 0.1666599 0.7780696
0.05596536 0.177022 0.7670127
0.04530334 0.1489441 0.8057526
0.03779724 0.1718862 0.7903165
0.05230196 0.1502019 0.7974962
0.06104006 0.1814509 0.7575091
0.05815959 0.1509372 0.7909032
0.05898377 0.14497 0.7960462
0.03898735 0.17829 0.7827227
0.06178725 0.1494571 0.7887557
0.04988468 0.1732839 0.7768314
0.05366519 0.1766904 0.7696444
0.05797387 0.1600922 0.7819339
0.0453944 0.1749875 0.7796181
0.05440504 0.1670156 0.7785794
0.04373958 0.1716405 0.78462
0.05685465 0.1771527 0.7659926
0.04802147 0.1787888 0.7731897
0.06501065 0.1518605 0.7831288
0.055277 0.1367534 0.8079695
0.04247765 0.1840997 0.7734227
0.06162414 0.1603506 0.7780253
0.05207829 0.1651233 0.7827984
0.05644141 0.1936627 0.7498959
0.0638065 0.1834231 0.7527704
0.07025556 0.1814771 0.7482673
0.04645304 0.1566943 0.7968527
0.04254863 0.1539741 0.8034773
0.05084545 0.1695474 0.7796071
0.04381434 0.166345 0.7898407
0.04949965 0.169932 0.7805683
0.0416773 0.1643999 0.7939228
0.04805531 0.1654607 0.786484
0.05778847 0.1663363 0.7758753
0.05742858 0.1642171 0.7783543
0.06040186 0.166215 0.7733831
0.0461515 0.1712591 0.7825894
0.05260273 0.1871434 0.7602539
0.06738521 0.1635153 0.7690995
0.05055499 0.1701584 0.7792866
0.05440309 0.1622894 0.7833075
0.05919831 0.1558018 0.7849999
0.05567428 0.1542764 0.7900493
0.04781396 0.1706607 0.7815253
0.0501392 0.1759041 0.7739567
0.04576434 0.1760784 0.7781573
0.04731936 0.1505042 0.8021765
0.05639191 0.1684492 0.7751589
0.05173263 0.1652336 0.7830338
0.05438807 0.1592141 0.7863978
0.03982059 0.1577389 0.8024405
0.04583511 0.1705675 0.7835974
0.06939041 0.1574155 0.773194
0.04754497 0.1613027 0.7911524
0.05375243 0.1613348 0.7849128
0.06167218 0.1825324 0.7557954
0.05434584 0.1746104 0.7710438
0.03596408 0.1703622 0.7936737
0.05392599 0.1523865 0.7936875
0.05270277 0.1669851 0.7803121
0.0489249 0.1539982 0.7970769
0.0483265 0.1633883 0.7882852
0.05676895 0.1709999 0.7722312
0.0609643 0.1853902 0.7536455
0.04991873 0.1545825 0.7954987
0.04705335 0.1856699 0.7672767
0.05670317 0.1430957 0.8002012
0.05492728 0.154188 0.7908848
0.05144359 0.1699311 0.7786253
0.0400014 0.1762797 0.7837189
0.04580089 0.1716741 0.782525
0.06241633 0.1889438 0.7486398
0.05734823 0.1702057 0.7724461
0.05260785 0.1541595 0.7932326
0.04485494 0.1646434 0.7905016
0.05559656 0.1859253 0.7584781
0.05921085 0.1648667 0.7759225
0.04531898 0.1673277 0.7873533
0.05245249 0.1751971 0.7723504
0.04777951 0.1415406 0.8106799
0.06175985 0.1488704 0.7893698
0.04160182 0.1602622 0.798136
0.06364065 0.1623917 0.7739676
0.06165224 0.1638012 0.7745466
0.0527761 0.1824078 0.7648161
0.06098625 0.1586096 0.7804042
0.05873803 0.1736291 0.7676329
0.05967477 0.1795029 0.7608223
0.06330038 0.1704413 0.7662583
0.06414032 0.1539322 0.7819275
0.0590154 0.1699569 0.7710277
0.05403695 0.1733422 0.7726208
0.06727296 0.1575434 0.7751836
0.06704376 0.1341996 0.7987566
0.06128055 0.1747725 0.7639469
0.07301858 0.1671928 0.7597886
0.05069547 0.1593489 0.7899556
0.05048457 0.1641555 0.7853599
0.06307256 0.1541583 0.7827692
0.04639744 0.1454242 0.8081783
0.05590909 0.1719288 0.7721621
0.06082019 0.1582835 0.7808964
0.05310673 0.1731682 0.7737251
0.06083096 0.1605892 0.7785798
0.05569042 0.1594756 0.784834
0.06502823 0.1824666 0.7525052
0.04523355 0.1532667 0.8014998
0.05333191 0.1784947 0.7681734
0.04403025 0.1784464 0.7775234
0.04923896 0.1696773 0.7810837
0.04916048 0.166535 0.7843045
0.04758554 0.1500613 0.8023531
0.04451722 0.1519023 0.8035805
0.05290771 0.1764625 0.7706297
0.05425789 0.1598178 0.7859243
0.03985067 0.1670954 0.7930539
0.06668586 0.1698065 0.7635076
0.06448137 0.1721899 0.7633287
0.04838012 0.1728646 0.7787553
0.05313721 0.173164 0.7736988
0.04354185 0.1638539 0.7926042
0.05967126 0.1815961 0.7587326
0.04927185 0.1596178 0.7911103
0.05070648 0.1623916 0.7869019
0.04825112 0.1677591 0.7839898
0.057432 0.1592741 0.7832939
0.05944246 0.1593282 0.7812293
0.06033897 0.1513768 0.7882842
0.05912142 0.1732132 0.7676654
0.04709783 0.2082704 0.7446318
0.04794437 0.1620784 0.7899772
0.05337288 0.1447738 0.8018533
0.04517188 0.150936 0.8038922
0.05617637 0.1689905 0.7748332
0.04629352 0.1620075 0.791699
0.06106554 0.149245 0.7896895
0.05060492 0.1717414 0.7776537
0.05188675 0.1641116 0.7840017
0.05956302 0.1726498 0.7677872
0.05330181 0.1637882 0.78291
0.05388982 0.1567048 0.7894054
0.04912686 0.1693059 0.7815672
0.05418179 0.1593582 0.78646
0.03752672 0.1899589 0.7725144
0.06076845 0.1767456 0.762486
0.05638799 0.1744027 0.7692093
0.06203035 0.1516366 0.786333
0.06180622 0.1674733 0.7707205
0.05054995 0.163912 0.7855381
0.04692715 0.1703304 0.7827424
0.07036754 0.170431 0.7592014
0.05164256 0.1959261 0.7524314
0.06404446 0.1642529 0.7717026
0.06053248 0.1536255 0.785842
0.05350471 0.1781995 0.7682957
0.04935499 0.1783321 0.7723129
0.07066833 0.1520227 0.777309
0.04763696 0.1903947 0.7619683
0.04644733 0.1680925 0.7854601
0.06274329 0.1470866 0.7901701
0.06811048 0.1685752 0.7633143
0.04094429 0.1912969 0.7677588
0.05009497 0.1658408 0.7840642
0.05580153 0.1710639 0.7731345
0.04191564 0.1847615 0.7733229
0.06248025 0.1712589 0.7662609
0.04630681 0.162018 0.7916752
0.04279437 0.15972 0.7974856
0.05685728 0.2056062 0.7375365
0.04763002 0.1795073 0.7728627
0.04441913 0.1593867 0.7961942
0.05026635 0.1461356 0.8035981
0.05570044 0.1705124 0.7737871
0.04999966 0.1422015 0.8077988
0.06031367 0.1940112 0.7456751
0.04514084 0.1846193 0.7702399
0.05736455 0.1645707 0.7780647
0.03883307 0.1765412 0.7846258
0.05181563 0.1713822 0.7768022
0.04949653 0.1592805 0.791223
0.05176788 0.1842304 0.7640017
0.05629677 0.1623069 0.7813963
0.05642682 0.162461 0.7811122
0.0494618 0.1674188 0.7831194
0.06723785 0.1661916 0.7665706
0.04716159 0.1782885 0.7745499
0.0501512 0.1657297 0.7841191
0.05543145 0.1658966 0.778672
0.0530561 0.1610968 0.7858471
0.05236289 0.1728351 0.774802
0.04872759 0.165622 0.7856504
0.04914377 0.1768989 0.7739574
0.05600227 0.1639549 0.7800429
0.04469299 0.1740886 0.7812184
0.04267804 0.1447978 0.8125242
0.06979361 0.1821466 0.7480598
0.0462828 0.1790313 0.7746859
0.05575039 0.1704484 0.7738012
0.04922368 0.1726591 0.7781172
0.05945528 0.1965108 0.7440339
0.04371901 0.1756264 0.7806545
0.05039805 0.1536643 0.7959376
0.04750295 0.1721254 0.7803717
0.0504648 0.1501197 0.7994155
0.06056434 0.1647815 0.7746542
0.05816151 0.1657806 0.7760579
0.05129613 0.1420075 0.8066964
0.05410562 0.1689612 0.7769332
0.05762013 0.1621221 0.7802578
0.0443745 0.1729076 0.7827179
0.06178831 0.1532911 0.7849206
0.05000147 0.1972778 0.7527208
0.04719785 0.1880419 0.7647602
0.04804317 0.1407824 0.8111744
0.05707546 0.1671305 0.775794
0.05727103 0.1664991 0.7762299
0.04853637 0.1717763 0.7796873
0.05653896 0.1597568 0.7837043
0.0489066 0.1863954 0.764698
0.06687515 0.1532016 0.7799233
0.05454931 0.1873963 0.7580544
0.04916685 0.1795524 0.7712807
0.05307762 0.1545195 0.7924029
0.04481839 0.1887806 0.766401
0.06258396 0.1684407 0.7689753
0.04663966 0.1508956 0.8024647
0.05097051 0.1579614 0.7910681
0.04991527 0.1604711 0.7896137
0.05667925 0.1504823 0.7928385
0.05651644 0.1625657 0.7809179
0.05670284 0.1545413 0.7887558
0.05229618 0.1697256 0.7779782
0.0501034 0.1682052 0.7816914
0.06029394 0.168115 0.7715911
0.05398091 0.1767484 0.7692707
0.05640191 0.1467318 0.7968663
0.05350176 0.1645181 0.7819801
0.05996382 0.157067 0.7829692
0.05836375 0.1485397 0.7930966
0.05861786 0.1560714 0.7853108
0.05012605 0.1584509 0.7914231
0.06240575 0.1642475 0.7733467
0.05178247 0.1614038 0.7868137
0.04549319 0.1689493 0.7855575
0.06237094 0.1678016 0.7698274
0.04925285 0.152669 0.7980782
0.04726585 0.1612316 0.7915026
0.06886362 0.164296 0.7668404
0.04836248 0.180666 0.7709715
0.05216102 0.2000935 0.7477455
0.05431434 0.1595539 0.7861317
0.05207075 0.1771031 0.7708261
0.06583017 0.1811511 0.7530187
0.05099128 0.1363457 0.812663
0.037837 0.1925513 0.7696117
0.05844842 0.1710143 0.7705373
0.04348501 0.1643787 0.7921363
0.05933551 0.1584794 0.7821851
0.05372871 0.1602308 0.7860404
0.0725422 0.1771222 0.7503356
0.0485041 0.1728484 0.7786475
0.06501212 0.1576899 0.777298
0.06887748 0.1711324 0.7599901
0.05285386 0.1584211 0.7887251
0.05314132 0.1515107 0.795348
0.06418299 0.16647 0.769347
0.04162345 0.164219 0.7941575
0.0481175 0.1522266 0.7996559
0.05090938 0.1753804 0.7737102
0.06627918 0.1658733 0.7678475
0.04772736 0.1587008 0.7935719
0.0600934 0.1533119 0.7865947
0.05087228 0.1583021 0.7908257
0.0559335 0.1644961 0.7795704
0.0611732 0.1619044 0.7769224
0.05173308 0.149078 0.7991889
0.04786522 0.1744059 0.7777289
0.05245889 0.1578897 0.7896514
0.04796361 0.1693218 0.7827146
0.05607014 0.1678727 0.7760572
0.05089436 0.1676606 0.781445
0.06046512 0.1500954 0.7894394
0.06409407 0.1664378 0.7694681
0.04926675 0.1548007 0.7959326
0.05613109 0.169422 0.7744469
0.04264588 0.1893628 0.7679913
0.05193851 0.1619423 0.7861192
0.0647561 0.1845594 0.7506845
0.04705722 0.1806594 0.7722833
0.05219071 0.1583169 0.7894923
0.05329765 0.1558671 0.7908352
0.05219557 0.184694 0.7631104
0.06239915 0.1593165 0.7782844
0.05431578 0.162441 0.7832432
0.05181399 0.1686165 0.7795695
0.05576439 0.1718842 0.7723514
0.04282703 0.1560015 0.8011715
0.06130505 0.1615747 0.7771202
0.05746275 0.1472258 0.7953114
0.07093482 0.1770811 0.7519841
0.06291784 0.1443615 0.7927207
0.0507468 0.1783377 0.7709155
0.04416229 0.1443273 0.8115105
0.06067318 0.1732758 0.766051
0.05180653 0.151105 0.7970884
0.05541589 0.1690098 0.7755743
0.05705577 0.1715589 0.7713853
0.05475449 0.1825506 0.7626949
0.05425318 0.1602402 0.7855067
0.05532585 0.1558013 0.7888728
0.05908881 0.1583151 0.7825961
0.05852333 0.1707275 0.7707492
0.04876162 0.176834 0.7744044
0.05168395 0.1565543 0.7917617
0.04428149 0.1758596 0.7798589
0.05319956 0.1454094 0.8013911
0.06428704 0.1523681 0.7833449
0.06614214 0.168781 0.7650769
0.0457527 0.1817671 0.7724802
0.06304635 0.1651135 0.7718402
0.05565326 0.1640855 0.7802612
0.04862634 0.1594613 0.7919124
0.06003109 0.1629803 0.7769886
0.06669486 0.1817848 0.7515203
0.05408912 0.1573199 0.788591
0.05179999 0.1684495 0.7797505
0.05069245 0.1411368 0.8081707
0.04230404 0.1846247 0.7730712
0.05659553 0.1755288 0.7678757
0.06269789 0.1595661 0.777736
0.04792784 0.1506509 0.8014212
0.05798593 0.1741549 0.7678592
0.04366198 0.1716546 0.7846834
0.04832166 0.1550653 0.796613
0.0618156 0.1980127 0.7401717
0.0505067 0.1476119 0.8018814
0.03622899 0.1574427 0.8063283
0.05240821 0.169691 0.7779008
0.05280344 0.1645072 0.7826893
0.0460399 0.1470561 0.806904
0.05551487 0.1773533 0.7671319
0.04614589 0.180716 0.7731381
0.05789235 0.1510008 0.7911069
0.05697725 0.14307 0.7999527
0.05889517 0.1662816 0.7748232
0.06673939 0.1663308 0.7669298
0.05683791 0.1446694 0.7984927
0.04664931 0.190924 0.7624267
0.05160122 0.1426245 0.8057743
0.05779505 0.1658022 0.7764027
0.04661573 0.1580312 0.7953531
0.05292315 0.1510268 0.79605
0.04536338 0.1609114 0.7937253
0.04778644 0.1673661 0.7848474
0.05616344 0.1571468 0.7866898
0.06084096 0.1779119 0.7612471
0.04493165 0.158124 0.7969443
0.05852512 0.1644167 0.7770582
0.04586577 0.1645235 0.7896107
0.05926014 0.1901751 0.7505647
0.04675359 0.1898404 0.763406
0.05521672 0.1651527 0.7796306
0.06055145 0.1606796 0.7787689
0.04960991 0.1609022 0.7894879
0.05927736 0.1480701 0.7926525
0.05693292 0.1647764 0.7782907
0.04245283 0.1771809 0.7803663
0.05534145 0.1905647 0.7540938
0.05759825 0.1885562 0.7538456
0.053589 0.1622802 0.7841308
0.05532059 0.1625067 0.7821727
0.05569115 0.1638148 0.7804941
0.05645174 0.1483671 0.7951812
0.04247268 0.1660176 0.7915098
0.06679071 0.161926 0.7712833
0.05683263 0.1607076 0.7824598
0.05804459 0.1572815 0.7846739
0.04771028 0.1555217 0.796768
0.05779278 0.169551 0.7726563
0.06652961 0.1695301 0.7639403
0.06537337 0.1682589 0.7663678
0.06151646 0.1388944 0.7995892
0.05257772 0.1685299 0.7788924
0.05429508 0.1558363 0.7898686
0.05031748 0.173267 0.7764155
0.06400588 0.1617643 0.7742298
0.05107326 0.1703885 0.7785383
0.05106573 0.1659314 0.7830029
0.05424541 0.1539321 0.7918224
0.04710568 0.1708109 0.7820834
0.05627576 0.1865866 0.7571376
0.04881005 0.163459 0.787731
0.06270468 0.1718906 0.7654047
0.05604113 0.1602144 0.7837445
0.04179098 0.1685748 0.7896342
0.06724587 0.1843971 0.748357
0.05249765 0.1814221 0.7660803
0.03973343 0.1921049 0.7681617
0.05718545 0.1572391 0.7855754
0.05899985 0.1664583 0.7745419
0.04381614 0.1797088 0.7764751
0.06045528 0.1664069 0.7731378
0.04435399 0.191011 0.764635
0.05220845 0.1803142 0.7674773
0.06466689 0.1895359 0.7457972
0.05089927 0.1758028 0.7732979
0.04585135 0.1501761 0.8039726
0.06106602 0.1749512 0.7639827
0.04799372 0.1645193 0.7874869
0.05384773 0.1719185 0.7742338
0.05215016 0.1545899 0.79326
0.05623723 0.1617055 0.7820572
0.05044826 0.1775455 0.7720063
0.0454097 0.1679658 0.7866245
0.04850211 0.1583587 0.7931392
0.04948144 0.1627961 0.7877225
0.04259954 0.1734794 0.7839211
0.05984042 0.1729697 0.7671898
0.043357 0.151948 0.804695
0.05492467 0.1884225 0.7566528
0.03918484 0.1878445 0.7729707
0.05532319 0.174885 0.7697918
0.05510832 0.1790489 0.7658428
0.05343459 0.152494 0.7940714
0.04818474 0.1713769 0.7804384
0.05570516 0.149726 0.7945689
0.04516199 0.1536547 0.8011833
0.06024319 0.1662558 0.773501
0.05918939 0.1812553 0.7595553
0.05335588 0.1532146 0.7934296
0.06154074 0.1517093 0.78675
0.04932844 0.1598955 0.7907761
0.06359737 0.1587784 0.7776242
0.05791684 0.1479217 0.7941615
0.06239894 0.1690876 0.7685135
0.04693559 0.1801542 0.7729102
0.06007432 0.1489858 0.7909399
0.05333696 0.1502303 0.7964328
0.05659742 0.1716042 0.7717984
0.04483709 0.1614019 0.7937611
0.05427016 0.1601737 0.7855561
0.0463446 0.1711521 0.7825033
0.05555401 0.1685614 0.7758846
0.05390784 0.1628272 0.783265
0.0431392 0.1523956 0.8044652
0.05741779 0.1709942 0.771588
0.05064456 0.1814067 0.7679488
0.04995882 0.1605704 0.7894708
0.04261672 0.162999 0.7943843
0.04431906 0.1685955 0.7870854
0.04416017 0.1397227 0.8161172
0.05626142 0.157773 0.7859656
0.0444204 0.1923083 0.7632713
0.05722386 0.1621853 0.7805909
0.05618546 0.1627791 0.7810354
0.05434423 0.175415 0.7702407
0.06180236 0.1556763 0.7825214
0.04918661 0.1564509 0.7943625
0.06215826 0.1479505 0.7898913
0.05325967 0.1563605 0.7903799
0.06118298 0.1536301 0.785187
0.05370825 0.1721355 0.7741562
0.06409977 0.1961695 0.7397307
0.05552024 0.1542848 0.790195
0.05527799 0.1579845 0.7867375
0.05230799 0.16537 0.782322
0.06911495 0.1658701 0.7650149
0.05237392 0.1891404 0.7584857
0.05301876 0.1600039 0.7869773
0.05194323 0.162057 0.7859998
0.05671395 0.1590816 0.7842045
0.04580738 0.1594462 0.7947464
0.04231519 0.1962125 0.7614723
0.0520711 0.1712629 0.776666
0.05572055 0.1676961 0.7765834
0.05782292 0.1562345 0.7859426
0.05791385 0.1797152 0.7623709
0.04703962 0.1666536 0.7863068
0.05648133 0.1570245 0.7864942
0.0545018 0.1589521 0.7865461
0.06263401 0.1591844 0.7781816
0.0489151 0.1726497 0.7784352
0.04564444 0.1769368 0.7774188
0.04402698 0.1580103 0.7979627
0.06466973 0.1806678 0.7546625
0.0632071 0.1597119 0.777081
0.04973724 0.1743342 0.7759285
0.0533765 0.1558714 0.7907521
0.06060854 0.1521533 0.7872382
0.05964833 0.1589428 0.7814088
0.06132921 0.154198 0.7844728
0.05535605 0.1682468 0.7763971
0.05487572 0.1524859 0.7926384
0.0526299 0.1717351 0.775635
0.05341649 0.1750551 0.7715284
0.054194 0.1859826 0.7598234
0.04748782 0.1647843 0.7877279
0.05298257 0.1672625 0.779755
0.06332211 0.1591356 0.7775423
0.06263938 0.1665344 0.7708262
0.05229181 0.1516874 0.7960208
0.05296599 0.1733581 0.773676
0.04659984 0.1637944 0.7896058
0.05162711 0.17009 0.7782829
0.05076019 0.185685 0.7635548
0.06033005 0.1592219 0.780448
0.05628439 0.1627647 0.7809509
0.06045479 0.1808845 0.7586607
0.0473687 0.1750485 0.7775828
0.04968372 0.1756007 0.7747156
0.05352675 0.1789606 0.7675127
0.0517489 0.1705459 0.7777052
0.05925581 0.1476202 0.793124
0.05038421 0.1711069 0.7785089
0.0492667 0.1478453 0.802888
0.05950551 0.1504761 0.7900184
0.04829873 0.1692154 0.7824858
0.05211939 0.1946125 0.7532681
0.04888755 0.1454905 0.805622
0.06331854 0.1617941 0.7748874
0.04923074 0.1694923 0.7812769
0.06259092 0.1701782 0.7672309
0.04399547 0.1817688 0.7742357
0.04794557 0.1412736 0.8107808
0.04966819 0.1772121 0.7731197
0.04578527 0.1658942 0.7883205
0.04625382 0.1797233 0.7740229
0.0597409 0.1812889 0.7589702
0.04897346 0.1669939 0.7840326
0.04888975 0.1680651 0.7830452
0.0571661 0.1509912 0.7918427
0.04607548 0.1841268 0.7697977
0.05137464 0.1703985 0.7782269
0.04391168 0.1594886 0.7965997
0.04389765 0.161679 0.7944234
0.04886128 0.1483078 0.8028309
0.05686207 0.1583636 0.7847743
0.05230459 0.1663778 0.7813177
0.03940438 0.1782033 0.7823923
0.04746101 0.1615016 0.7910374
0.05594338 0.1879377 0.756119
0.05554256 0.1647967 0.7796608
0.0562819 0.1687487 0.7749694
0.06969802 0.1615527 0.7687493
0.06131831 0.1830571 0.7556246
0.06051979 0.161943 0.7775372
0.05033426 0.1937451 0.7559206
0.04658207 0.1554822 0.7979357
0.06438423 0.1489136 0.7867022
0.06612779 0.1583021 0.7755701
0.06273884 0.1540008 0.7832603
0.05168928 0.1715346 0.7767761
0.0511997 0.1727223 0.776078
0.06711541 0.1542957 0.7785889
0.04665728 0.162873 0.7904697
0.06038679 0.1819512 0.757662
0.05118136 0.1936694 0.7551492
0.05342246 0.1601129 0.7864646
0.05181075 0.1643457 0.7838435
0.05592447 0.1560937 0.7879818
0.05692127 0.1676272 0.7754516
0.05376384 0.173505 0.7727311
0.05829981 0.1631102 0.77859
0.06911451 0.1612783 0.7696072
0.05489174 0.169727 0.7753812
0.05382028 0.1744249 0.7717548
0.05616241 0.1438664 0.7999711
0.0577873 0.1553382 0.7868745
0.04976899 0.1532628 0.7969682
0.05406094 0.1830627 0.7628763
0.04618508 0.1662642 0.7875507
0.05753513 0.1700205 0.7724444
0.04127479 0.1892326 0.7694926
0.04358602 0.1671041 0.7893099
0.04567443 0.1693347 0.7849909
0.06348832 0.1688156 0.7676961
0.05511565 0.148245 0.7966394
0.04550456 0.172337 0.7821584
0.04826931 0.1721896 0.7795411
0.04666823 0.1659236 0.7874082
0.04810393 0.1535057 0.7983904
0.04954161 0.1540421 0.7964163
0.06538235 0.1632407 0.771377
0.04637475 0.1728055 0.7808198
0.05250011 0.1907883 0.7567116
0.05262826 0.1706349 0.7767369
0.04210409 0.1657291 0.7921668
0.05128212 0.161472 0.7872459
0.07078203 0.1350713 0.7941466
0.05739932 0.1663317 0.776269
0.05752996 0.1506238 0.7918463
0.05334101 0.1627164 0.7839426
0.04727729 0.1645452 0.7881775
0.06103275 0.1652304 0.7737369
0.05547496 0.1661378 0.7783872
0.06228515 0.1675739 0.7701409
0.03729084 0.1687244 0.7939848
0.04705654 0.1654689 0.7874746
0.05897635 0.1730979 0.7679257
0.06038324 0.1798444 0.7597724
0.05961995 0.1628034 0.7775767
0.05305883 0.1634095 0.7835316
0.05120213 0.1777342 0.7710637
0.05222483 0.1734851 0.7742901
0.05670779 0.1730452 0.770247
0.07019082 0.1390687 0.7907404
0.04947392 0.1511908 0.7993353
0.06175732 0.1484455 0.7897971
0.04709541 0.1766742 0.7762304
0.06112248 0.1459522 0.7929253
0.05525566 0.1831592 0.7615852
0.05935334 0.1757597 0.764887
0.05723813 0.1695302 0.7732317
0.04674582 0.1760453 0.7772089
0.05755702 0.1516354 0.7908076
0.05426137 0.1400179 0.8057208
0.04744679 0.1512401 0.8013131
0.05315609 0.1614179 0.785426
0.04974615 0.1682219 0.7820319
0.05490607 0.1571354 0.7879585
0.04602671 0.1594232 0.7945501
0.05029765 0.1715684 0.778134
0.05062459 0.1662701 0.7831053
0.06122659 0.1704795 0.768294
0.06699827 0.1743605 0.7586412
0.05622202 0.1678027 0.7759753
0.05780773 0.1639284 0.7782639
0.05213922 0.1538449 0.7940158
0.05483593 0.1632587 0.7819053
0.04344713 0.1675668 0.788986
0.0503438 0.1426264 0.8070298
0.05648939 0.1614108 0.7820998
0.04996807 0.1641755 0.7858564
0.0533185 0.1649589 0.7817226
0.05135252 0.1934451 0.7552023
0.05089431 0.1535892 0.7955165
0.07173975 0.1622053 0.7660549
0.06201319 0.1690538 0.768933
0.05363578 0.1785946 0.7677696
0.05792755 0.1486295 0.7934429
0.0490067 0.1807195 0.7702738
0.05383757 0.1568862 0.7892762
0.05761373 0.1748042 0.7675821
0.05163366 0.1572643 0.791102
0.05415088 0.1618794 0.7839697
0.05339021 0.162874 0.7837358
0.04662519 0.1771137 0.7762611
0.05270721 0.137087 0.8102058
0.04326044 0.1791918 0.7775478
0.05003172 0.1636977 0.7862706
0.05022258 0.1762657 0.7735118
0.06114707 0.1778913 0.7609616
0.06478688 0.1484414 0.7867718
0.04374381 0.1705671 0.7856891
0.04702601 0.1467831 0.8061909
0.0433373 0.1684339 0.7882288
0.06209348 0.1786724 0.7592341
0.04759549 0.1656141 0.7867904
0.06250797 0.1832817 0.7542104
0.05232892 0.1761753 0.7714958
0.05681354 0.1813152 0.7618713
0.04802275 0.1887842 0.763193
0.0437498 0.159268 0.7969822
0.05758901 0.1567104 0.7857006
0.06252931 0.1497777 0.787693
0.0493524 0.1565217 0.7941259
0.06254222 0.1697097 0.767748
0.05981769 0.1639919 0.7761904
0.06547151 0.1620613 0.7724672
0.04720537 0.1549638 0.7978308
0.06074893 0.1726218 0.7666293
0.05716676 0.1641726 0.7786606
0.06175925 0.1633432 0.7748976
0.04952102 0.1600765 0.7904025
0.06064502 0.1725432 0.7668118
0.05025653 0.1659518 0.7837917
0.05534678 0.1789102 0.765743
0.053982 0.1390356 0.8069824
0.05225272 0.1476861 0.8000612
0.04549486 0.1643117 0.7901934
0.05048971 0.1708089 0.7787014
0.04146754 0.1776033 0.7809292
0.04842669 0.1635759 0.7879975
0.04467881 0.1816971 0.7736241
0.06511139 0.1716072 0.7632814
0.05243735 0.1611701 0.7863926
0.06104371 0.1686373 0.770319
0.04670382 0.1791559 0.7741403
0.07224081 0.1719574 0.7558018
0.04904457 0.186093 0.7648624
0.05765313 0.1676204 0.7747265
0.05081646 0.1737164 0.7754672
0.05213453 0.1641657 0.7836997
0.05482751 0.1777707 0.7674018
0.0589108 0.170661 0.7704282
0.04864815 0.1487322 0.8026197
0.04485842 0.1802916 0.77485
0.05422447 0.1702138 0.7755617
0.06569704 0.1582606 0.7760423
0.0595108 0.1673524 0.7731368
0.05799328 0.1762609 0.7657458
0.05586996 0.17178 0.77235
0.05773957 0.1835505 0.7587099
0.05732988 0.1568831 0.785787
0.04115433 0.1677052 0.7911405
0.05893658 0.157839 0.7832244
0.05994298 0.1691311 0.7709259
0.05507855 0.1745928 0.7703286
0.05316888 0.1611793 0.7856519
0.07152219 0.1528728 0.775605
0.05518497 0.1728593 0.7719557
0.05584262 0.1564431 0.7877143
0.06245779 0.1712087 0.7663335
0.05279403 0.1523786 0.7948273
0.05211307 0.1662143 0.7816726
0.06024405 0.1536522 0.7861037
0.05248789 0.1653645 0.7821476
0.05007655 0.1708082 0.7791152
0.04422309 0.1770375 0.7787394
0.05750883 0.13637 0.8061211
0.05095151 0.1605453 0.7885031
0.04521888 0.1485507 0.8062304
0.05649483 0.1513107 0.7921945
0.05123214 0.1829764 0.7657914
0.05413404 0.1425752 0.8032907
0.05031812 0.1592816 0.7904003
0.05646849 0.1909753 0.7525562
0.05887339 0.15785 0.7832766
0.06321222 0.1775235 0.7592643
0.06346251 0.1529876 0.7835498
0.06603424 0.161136 0.7728297
0.05075017 0.1532926 0.7959572
0.04921263 0.181235 0.7695523
0.05306158 0.1547684 0.79217
0.06142547 0.166446 0.7721285
0.04499897 0.1517513 0.8032498
0.05609562 0.1836853 0.760219
0.07476001 0.1707453 0.7544947
0.05337675 0.1536799 0.7929433
0.05606919 0.180836 0.7630948
0.05227461 0.1823928 0.7653326
0.05395383 0.1475806 0.7984655
0.04406775 0.1700682 0.785864
0.05031339 0.1627274 0.7869592
0.05856169 0.1697569 0.7716814
0.04771382 0.1772571 0.7750291
0.04492888 0.1876858 0.7673853
0.06450214 0.1629627 0.7725351
0.04869791 0.1706088 0.7806933
0.05714486 0.164723 0.7781321
0.05394976 0.1690779 0.7769723
0.05948497 0.1833549 0.7571601
0.05527866 0.1678492 0.7768722
0.05196655 0.1475039 0.8005296
0.06778307 0.1801273 0.7520897
0.05413478 0.1760204 0.7698448
0.04454849 0.1693354 0.7861161
0.05879038 0.153591 0.7876186
0.05440967 0.1489566 0.7966338
0.04950458 0.1760448 0.7744506
0.06151881 0.161775 0.7767062
0.05317953 0.196379 0.7504415
0.04659425 0.1630948 0.790311
0.07068781 0.167276 0.7620362
0.0454713 0.1751568 0.7793719
0.05468678 0.1459778 0.7993355
0.04464732 0.172689 0.7826637
0.04355779 0.1583384 0.7981038
0.0562353 0.1834999 0.7602648
0.05488638 0.1736643 0.7714494
0.05557111 0.1800804 0.7643485
0.06495479 0.167244 0.7678012
0.05348532 0.1497863 0.7967284
0.05768669 0.1528543 0.789459
0.06140671 0.1755027 0.7630906
0.04575984 0.1414198 0.8128203
0.06500776 0.1673291 0.7676632
0.0576311 0.1593482 0.7830207
0.06663586 0.1453001 0.788064
0.04624093 0.1540181 0.7997409
0.05510408 0.1641281 0.7807678
0.05777944 0.1721795 0.770041
0.05827858 0.1539291 0.7877923
0.05766609 0.1606819 0.781652
0.04550736 0.170546 0.7839466
0.04983476 0.1703644 0.7798008
0.05646354 0.1708254 0.7727111
0.05729931 0.1683637 0.774337
0.04529925 0.168108 0.7865928
0.04870118 0.162632 0.7886668
0.06646763 0.1705528 0.7629796
0.04575172 0.1617873 0.792461
0.0633489 0.1462815 0.7903696
0.05493016 0.1674002 0.7776697
0.05539522 0.1613463 0.7832585
0.06269128 0.1649284 0.7723803
0.05571424 0.1797864 0.7644994
0.05124472 0.1840015 0.7647538
0.06803219 0.1832077 0.7487601
0.05623565 0.1523816 0.7913827
0.04441933 0.1685622 0.7870185
0.05370075 0.1604351 0.7858642
0.05200272 0.1629854 0.7850119
0.05189482 0.163673 0.7844322
0.04867207 0.1998384 0.7514896
0.05650309 0.1664219 0.777075
0.05162779 0.1676279 0.7807443
0.05408162 0.1635815 0.7823369
0.06102249 0.1781433 0.7608342
0.04457601 0.1603393 0.7950847
0.05280047 0.154533 0.7926666
0.05009393 0.1731345 0.7767715
0.04745724 0.1602405 0.7923023
0.04682685 0.1785277 0.7746454
0.05743107 0.1517586 0.7908103
0.05226007 0.1637624 0.7839775
0.04691729 0.1454386 0.8076441
0.04424682 0.1863088 0.7694444
0.05599539 0.1528427 0.7911619
0.05235709 0.1602071 0.7874358
0.05087285 0.1383962 0.8107309
0.05923449 0.1597239 0.7810416
0.05354367 0.1665486 0.7799077
0.06228145 0.155318 0.7824006
0.0568357 0.1477474 0.7954169
0.04959758 0.153373 0.7970294
0.06336439 0.1822294 0.7544062
0.05207425 0.1750517 0.7728741
0.04981419 0.1706348 0.779551
0.04968624 0.1609983 0.7893155
0.03471524 0.180353 0.7849317
0.06732228 0.1587233 0.7739545
0.05927091 0.1453626 0.7953665
0.0561979 0.1725264 0.7712757
0.05217347 0.1663521 0.7814745
0.05243043 0.1579139 0.7896557
0.05188488 0.1660752 0.7820399
0.04317807 0.1707676 0.7860543
0.05470405 0.164188 0.7811079
0.0606357 0.1692895 0.7700748
0.05220919 0.1876194 0.7601714
0.05032897 0.1652058 0.7844653
0.04137219 0.1770811 0.7815467
0.05143291 0.1709386 0.7776285
0.05230532 0.1881005 0.7595942
0.04828684 0.1860268 0.7656864
0.05186764 0.1538802 0.7942521
0.05443932 0.1495801 0.7959805
0.05775144 0.1537794 0.7884691
0.05056011 0.1784799 0.77096
0.04891415 0.1744237 0.7766621
0.05255045 0.1741388 0.7733107
0.06237157 0.1650511 0.7725774
0.05157649 0.1664666 0.7819569
0.06223695 0.1504587 0.7873043
0.04258946 0.1506646 0.8067459
0.04525803 0.1671908 0.7875512
0.05222879 0.1781912 0.76958
0.05200467 0.147317 0.8006784
0.04694709 0.1833353 0.7697176
0.06006632 0.1474276 0.7925061
0.05619706 0.1753869 0.768416
0.0479407 0.155698 0.7963613
0.05861109 0.1444717 0.7969172
0.03840751 0.185068 0.7765245
0.05325993 0.1556427 0.7910974
0.06656747 0.1686898 0.7647428
0.05153661 0.1714873 0.7769761
0.05275654 0.1418219 0.8054216
0.05356696 0.1699221 0.7765109
0.04978096 0.1632568 0.7869623
0.05781433 0.1555174 0.7866682
0.05282908 0.1706412 0.7765297
0.05458675 0.1801468 0.7652665
0.03969609 0.1897504 0.7705535
0.04613468 0.1545936 0.7992717
0.05111508 0.1634856 0.7853994
0.05698161 0.1792167 0.7638017
0.0644701 0.1598683 0.7756616
0.04414099 0.1581718 0.7976872
0.05456897 0.1499367 0.7954943
0.0632061 0.1534061 0.7833878
0.05234647 0.1764356 0.7712179
0.05223298 0.1761647 0.7716023
0.05975976 0.1570845 0.7831557
0.05978917 0.1662614 0.7739494
0.05344068 0.1620655 0.7844938
0.05183648 0.1494997 0.7986638
0.05819725 0.1664529 0.7753498
0.05148929 0.1657654 0.7827453
0.06233191 0.1470835 0.7905846
0.04758651 0.198251 0.7541625
0.05319148 0.1721783 0.7746302
0.06229505 0.1706993 0.7670056
0.06103967 0.1680903 0.7708701
0.0531606 0.1706983 0.7761411
0.06526046 0.1504791 0.7842604
0.05728043 0.1695185 0.773201
0.05523812 0.1756551 0.7691068
0.04915911 0.1698732 0.7809676
0.06401352 0.1639421 0.7720444
0.05021857 0.1473967 0.8023848
0.05380226 0.1736629 0.7725349
0.05943035 0.1654571 0.7751126
0.05506308 0.174033 0.7709039
0.05909599 0.1612573 0.7796467
0.0552427 0.1471542 0.7976031
0.06096522 0.1608246 0.7782101
0.04994705 0.1512196 0.7988334
0.06800217 0.1516988 0.780299
0.05872612 0.1551253 0.7861486
0.06818523 0.1610655 0.7707492
0.04298235 0.1735484 0.7834693
0.05792581 0.1765435 0.7655307
0.05977508 0.196886 0.7433389
0.04284216 0.1555262 0.8016316
0.05445372 0.1725824 0.7729639
0.06169724 0.1588778 0.779425
0.04798045 0.1580759 0.7939437
0.05344 0.163738 0.782822
0.0547738 0.1755268 0.7696994
0.06022629 0.1860742 0.7536995
0.05750577 0.1604352 0.7820591
0.0494844 0.1698153 0.7807003
0.04269519 0.1539323 0.8033725
0.05121351 0.1546981 0.7940884
0.05878909 0.1799353 0.7612756
0.04669314 0.1607175 0.7925894
0.05618062 0.1541481 0.7896712
0.05761442 0.1527676 0.789618
0.03967211 0.1699875 0.7903403
0.05343149 0.160724 0.7858445
0.04650833 0.1835384 0.7699533
0.05932293 0.1601906 0.7804864
0.05791012 0.173842 0.7682479
0.04198207 0.1688004 0.7892175
0.05592328 0.1691849 0.7748918
0.05693758 0.1545066 0.7885558
0.05873124 0.154733 0.7865358
0.05492642 0.1514561 0.7936175
0.05858735 0.1677269 0.7736857
0.05637272 0.1937919 0.7498354
0.05749301 0.1360422 0.8064648
0.04793813 0.1805785 0.7714834
0.0486214 0.1552804 0.7960982
0.0534221 0.1728904 0.7736875
0.05826738 0.1645803 0.7771524
0.04775751 0.1550767 0.7971658
0.05355766 0.1941168 0.7523255
0.05388333 0.1642348 0.7818819
0.06045522 0.1636191 0.7759257
0.05935507 0.1617806 0.7788643
0.04071199 0.1509342 0.8083538
0.03978125 0.1892569 0.7709619
0.04708442 0.1646279 0.7882877
0.05834812 0.1670789 0.774573
0.05715043 0.1543843 0.7884653
0.05773383 0.1543591 0.7879071
0.06918691 0.1647154 0.7660977
0.04253682 0.1749652 0.7824979
0.05538814 0.1689039 0.775708
0.06196625 0.2057978 0.7322359
0.05727748 0.1560197 0.7867028
0.05235006 0.1656925 0.7819575
0.04619248 0.1606617 0.7931459
0.04603642 0.1718449 0.7821187
0.05339103 0.1655729 0.781036
0.0618779 0.1680071 0.770115
0.0541954 0.1544525 0.7913521
0.04682712 0.1620266 0.7911463
0.05851845 0.1578149 0.7836666
0.04731835 0.1901673 0.7625144
0.0494297 0.166583 0.7839873
0.05651905 0.1579892 0.7854918
0.04169397 0.1612639 0.7970421
0.055612 0.1721868 0.7722012
0.06264755 0.1499801 0.7873723
0.04720039 0.1412032 0.8115964
0.05642851 0.1812472 0.7623243
0.05250622 0.1718948 0.7755989
0.04366416 0.1814707 0.7748652
0.05312792 0.1803981 0.766474
0.04524296 0.1588542 0.7959029
0.05290451 0.172098 0.7749975
0.05609887 0.1467619 0.7971392
0.05013127 0.1773967 0.772472
0.0621575 0.1613391 0.7765034
0.05802576 0.1477866 0.7941876
0.04575876 0.1830648 0.7711764
0.05463508 0.1830988 0.7622661
0.04338367 0.1486432 0.8079731
0.05179017 0.1776158 0.770594
0.05435232 0.1772926 0.7683551
0.05604021 0.1828787 0.7610811
0.04526195 0.1598468 0.7948912
0.05469629 0.1767926 0.7685111
0.04598907 0.1531171 0.8008939
0.06758106 0.1668122 0.7656068
0.05722929 0.1750428 0.7677279
0.05057864 0.1651993 0.7842221
0.06339179 0.1516574 0.7849508
0.0528401 0.1731163 0.7740436
0.07241362 0.184814 0.7427724
0.05096199 0.1809818 0.7680562
0.05116731 0.1763872 0.7724455
0.05251831 0.1586798 0.7888018
0.05125161 0.1632557 0.7854927
0.05180103 0.1647381 0.7834609
0.05224743 0.1853176 0.762435
0.04310099 0.176956 0.779943
0.05810065 0.1734451 0.7684543
0.03651184 0.164807 0.7986811
0.05849475 0.1684425 0.7730628
0.05097192 0.144674 0.8043541
