"p_1" "p_2" "p_3" "p_4"
0.3919452 0.3136936 0.2935047 0.0008565449
0.4000133 0.2891257 0.306132 0.004729017
0.4068663 0.2621372 0.3271879 0.003808718
0.3734959 0.3210048 0.2992351 0.006264156
0.3790513 0.3102459 0.306152 0.004550863
0.3828539 0.2921123 0.3110712 0.01396259
0.3856947 0.2806768 0.3331729 0.0004555231
0.4047976 0.2844468 0.2981432 0.0126123
0.3876916 0.3040491 0.3056098 0.002649493
0.3960669 0.2851725 0.3170453 0.001715239
0.3979226 0.2994156 0.2926574 0.01000436
0.3771068 0.2823318 0.3362044 0.00435703
0.4088677 0.2988651 0.2860111 0.006256181
0.3940279 0.2918094 0.3051402 0.009022569
0.3472741 0.2883969 0.3554298 0.008899194
0.4065821 0.259601 0.3330545 0.0007623853
0.4200188 0.2728066 0.3061626 0.001012044
0.4374701 0.2487806 0.3087029 0.005046436
0.3809507 0.294858 0.3207146 0.003476637
0.385459 0.3033421 0.3025195 0.00867944
0.3908517 0.3114186 0.2967846 0.0009450802
0.391541 0.2919353 0.3159776 0.0005461326
0.3769247 0.2917993 0.3245806 0.006695438
0.3906471 0.2882736 0.3133949 0.007684421
0.4082781 0.2893971 0.2970733 0.0052515
0.4114237 0.2991616 0.2857305 0.003684197
0.3965478 0.2884697 0.3106458 0.004336659
0.4052435 0.305877 0.2863353 0.002544199
0.4014295 0.291336 0.3040746 0.003159907
0.3741884 0.2899923 0.3285473 0.007271976
0.4229104 0.2689487 0.3068595 0.001281492
0.3997135 0.2977974 0.2936725 0.008816605
0.3990515 0.2988024 0.3014812 0.0006649075
0.3676849 0.3080869 0.3200206 0.004207701
0.3819992 0.3017143 0.3146966 0.001589976
0.4156553 0.2817249 0.2964078 0.006212066
0.3589778 0.2843047 0.3518895 0.004827988
0.3941177 0.2919498 0.309145 0.004787495
0.3772438 0.3056836 0.3101935 0.006879014
0.361089 0.3234881 0.3104929 0.004929947
0.4176877 0.2796736 0.2994978 0.003140921
0.3744912 0.3067103 0.3135123 0.00528619
0.4079509 0.2766076 0.3127431 0.002698388
0.4167132 0.2853054 0.295142 0.002839399
0.392621 0.2750168 0.3283011 0.00406103
0.4099594 0.2882556 0.297508 0.004277023
0.3958909 0.2922871 0.3102495 0.001572552
0.4020419 0.2869899 0.3083506 0.002617543
0.3854565 0.3108559 0.2990914 0.004596183
0.3870214 0.2845699 0.3182768 0.0101319
0.4038187 0.3017558 0.2934726 0.0009529195
0.3967756 0.2867458 0.3052708 0.01120776
0.4084505 0.2950512 0.2894925 0.007005887
0.3889083 0.2947845 0.3121976 0.004109619
0.3989008 0.2770174 0.3184552 0.005626652
0.3700314 0.2812056 0.341235 0.007528026
0.3808653 0.3003227 0.3142247 0.004587309
0.3860864 0.2979383 0.3146103 0.001364963
0.3842733 0.3017365 0.3132455 0.0007447348
0.398774 0.2851251 0.31374 0.002360846
0.3816505 0.293685 0.3193977 0.005266788
0.3485752 0.3113775 0.3312542 0.008793109
0.3550946 0.2995277 0.3249278 0.02044986
0.363506 0.3184808 0.3051742 0.01283902
0.3732761 0.2922318 0.324577 0.009915138
0.3856953 0.2870038 0.3117846 0.01551629
0.3827786 0.304208 0.3110054 0.002008065
0.3861925 0.30079 0.3009522 0.01206536
0.376787 0.2977654 0.3252359 0.0002116827
0.3901605 0.3022374 0.3038791 0.003722959
0.4119539 0.2939282 0.28744 0.006677967
0.3703673 0.298588 0.323334 0.007710737
0.3929999 0.3027524 0.3037652 0.0004825173
0.4029754 0.297987 0.2950266 0.004011018
0.3937696 0.2823394 0.3204486 0.00344238
0.354854 0.3221553 0.322501 0.0004896033
0.3801497 0.2821474 0.3358 0.001902883
0.377671 0.3011206 0.3200722 0.001136145
0.4340297 0.2816823 0.2839341 0.0003538844
0.41549 0.2779464 0.3041603 0.002403314
0.3890995 0.301498 0.3056796 0.003722918
0.378045 0.294159 0.3261761 0.001619826
0.4094329 0.2654389 0.3249471 0.0001810351
0.3815039 0.3217408 0.2966311 0.0001242655
0.3725826 0.30685 0.318199 0.002368483
0.3666993 0.3088867 0.3088938 0.01552017
0.3882908 0.3146379 0.2948362 0.002235099
0.3997973 0.2867881 0.3119341 0.001480565
0.3542375 0.2993434 0.3325392 0.01387996
0.3995917 0.3151007 0.2827157 0.002591895
0.3699418 0.3059285 0.3195109 0.004618868
0.3581444 0.3029694 0.3340755 0.004810702
0.3811944 0.2821826 0.3337045 0.002918423
0.4171661 0.2706074 0.3053347 0.006891765
0.4032474 0.2742545 0.3162599 0.0062382
0.3831176 0.3205271 0.2878423 0.008513032
0.3451697 0.3022277 0.3481176 0.00448506
0.4018454 0.3017541 0.2958454 0.0005551308
0.4045093 0.2952891 0.2979991 0.002202507
0.383141 0.3261054 0.2866737 0.004079913
0.3843555 0.2997457 0.3094961 0.006402668
0.3756691 0.307103 0.315541 0.001686935
0.4079493 0.2965525 0.2934594 0.002038848
0.3760933 0.3053871 0.317674 0.0008455138
0.3562453 0.3198512 0.3233087 0.0005947939
0.3729127 0.314131 0.3123571 0.0005991804
0.3790833 0.2904696 0.3286965 0.0017506
0.3910664 0.3073626 0.3014156 0.0001554826
0.4051776 0.3009599 0.2935891 0.0002733825
0.3913952 0.2997615 0.3077111 0.001132217
0.4326944 0.2851143 0.2793986 0.002792754
0.3897738 0.2839141 0.3262325 7.956449e-05
0.4005898 0.2783141 0.3072814 0.01381466
0.3911673 0.278551 0.3267494 0.003532341
0.4128402 0.2811347 0.3035924 0.00243271
0.392801 0.3119424 0.2940622 0.001194354
0.406447 0.2853588 0.3070943 0.001099941
0.3936028 0.2874667 0.3174327 0.001497873
0.3988807 0.2919476 0.3080715 0.001100146
0.4091709 0.2678888 0.3220118 0.0009285584
0.3679238 0.315365 0.3166798 3.139062e-05
0.3910887 0.2890455 0.3143647 0.00550116
0.3872066 0.3246244 0.2824111 0.005757849
0.3883394 0.2968698 0.3127762 0.002014592
0.3904263 0.3008579 0.3043353 0.004380452
0.3856894 0.2820492 0.3156504 0.01661095
0.3945842 0.3139711 0.2848144 0.006630357
0.3765316 0.2981965 0.3110756 0.01419621
0.3758079 0.3069162 0.3124978 0.004778099
0.3880697 0.2583582 0.3511806 0.002391528
0.3678724 0.2983492 0.3329289 0.0008494351
0.374714 0.3193712 0.3044874 0.001427414
0.3713967 0.3142654 0.3125773 0.001760514
0.3534007 0.2873653 0.3585684 0.000665599
0.3661648 0.3029084 0.3200609 0.01086587
0.4016639 0.2893068 0.3023175 0.006711787
0.3976794 0.2819195 0.3129599 0.007441198
0.3957482 0.2889032 0.3146392 0.000709441
0.3717473 0.3079781 0.3172636 0.003010983
0.3936772 0.2898942 0.3137203 0.002708286
0.3940814 0.3107935 0.2946382 0.0004869282
0.4018067 0.3119794 0.2816774 0.004536559
0.3758416 0.2884915 0.3273715 0.008295437
0.4117392 0.2982223 0.2882363 0.001802095
0.3925659 0.2849275 0.3141724 0.008334168
0.3932451 0.272452 0.3335722 0.0007306873
0.3724851 0.29758 0.3234608 0.006474171
0.3755778 0.2997404 0.3244619 0.0002199331
0.3720512 0.2753321 0.3518724 0.0007441624
0.3869945 0.3159782 0.2958968 0.001130506
0.3961567 0.294709 0.3076638 0.001470387
0.3935578 0.2991601 0.3060423 0.001239796
0.3617542 0.3292387 0.3032569 0.005750111
0.3833528 0.3079853 0.3070805 0.001581404
0.4121481 0.2791566 0.3082016 0.0004936976
0.3882133 0.2930672 0.3182582 0.0004613137
0.3740628 0.3013073 0.3228387 0.001791283
0.3806397 0.2967572 0.3225045 9.855346e-05
0.3946789 0.3166249 0.2836472 0.005048957
0.3859804 0.2964089 0.3163818 0.001228848
0.4033203 0.287866 0.3080449 0.000768827
0.3992853 0.3063617 0.2923344 0.002018579
0.3762507 0.2959122 0.3211039 0.006733195
0.3895923 0.2715541 0.3373692 0.001484449
0.3776388 0.2771635 0.3364633 0.008734341
0.3650133 0.2905757 0.3292809 0.01513017
0.3770798 0.2950284 0.3241618 0.003730017
0.4265424 0.2598748 0.3106906 0.002892143
0.3632405 0.3210213 0.3152549 0.0004834023
0.4003099 0.2849748 0.3106195 0.004095862
0.4132884 0.2881114 0.2951204 0.003479836
0.390872 0.2872513 0.3211642 0.0007124948
0.383262 0.3104644 0.305308 0.0009656419
0.3671317 0.3067057 0.3240502 0.002112331
0.3937815 0.2859073 0.3141495 0.006161801
0.3645283 0.3109349 0.3166361 0.007900763
0.3876781 0.2919852 0.3045968 0.01573991
0.4071149 0.2906726 0.3007865 0.001425967
0.3846916 0.2987503 0.3063171 0.01024095
0.4104242 0.2871278 0.2968233 0.005624625
0.3678622 0.3202045 0.305076 0.006857346
0.3882499 0.301176 0.3098162 0.0007579562
0.3690213 0.316931 0.309675 0.004372724
0.3979272 0.3029854 0.295832 0.003255383
0.348696 0.3079242 0.3399569 0.003422958
0.3814301 0.3057838 0.3078234 0.004962675
0.3918515 0.2912205 0.3164911 0.0004369709
0.3852986 0.2762361 0.336773 0.001692268
0.3902968 0.2791809 0.3268424 0.003679879
0.3833475 0.2802413 0.3308703 0.005541008
0.4009508 0.2810164 0.31518 0.002852712
0.3835868 0.2886663 0.3222441 0.005502689
0.4040101 0.2727776 0.3186499 0.004562366
0.3603885 0.2950952 0.3433831 0.001133196
0.3690661 0.3079788 0.3157626 0.007192509
0.3946209 0.3037802 0.3007712 0.0008277915
0.3924886 0.3017103 0.3052381 0.0005629078
0.3934483 0.2825591 0.3214994 0.002493206
0.3644973 0.2894486 0.3375806 0.008473527
0.3920539 0.2722505 0.3322914 0.003404166
0.4019694 0.3103757 0.2840396 0.003615242
0.4022744 0.3167977 0.2786078 0.002320071
0.4153439 0.2912613 0.2915109 0.001883954
0.3663642 0.2929965 0.328644 0.01199528
0.3748809 0.3228455 0.2953884 0.00688525
0.3862197 0.2958417 0.3168504 0.001088246
0.3931878 0.2983716 0.3084282 1.2393e-05
0.3860185 0.3403889 0.2733699 0.0002227358
0.3937578 0.2875532 0.3170323 0.001656693
0.3873578 0.2821683 0.3234637 0.007010205
0.3736092 0.3057878 0.3183892 0.002213835
0.360058 0.3238211 0.293956 0.02216487
0.4020833 0.2671222 0.3274381 0.003356383
0.3998219 0.2896324 0.3091959 0.001349812
0.3948261 0.2841445 0.3210062 2.328156e-05
0.3774874 0.2966647 0.3226165 0.003231335
0.4145899 0.2947758 0.2835127 0.007121629
0.3552635 0.2902743 0.3327877 0.02167454
0.3857605 0.2998058 0.3130086 0.00142515
0.4047715 0.2934719 0.2994123 0.002344235
0.412222 0.317933 0.2596057 0.01023931
0.3869825 0.3045363 0.3048815 0.003599638
0.3848372 0.3006218 0.3124589 0.002082024
0.324317 0.2743464 0.340432 0.06090461
0.4114472 0.2865406 0.2997445 0.002267735
0.3672493 0.3205115 0.3121473 9.19158e-05
0.3691758 0.2926076 0.3314906 0.006726046
0.3719375 0.3016802 0.3202092 0.006173068
0.3748354 0.3009393 0.3182209 0.006004414
0.3849291 0.3289448 0.2834125 0.002713543
0.3804914 0.3024338 0.3118376 0.005237238
0.3630765 0.2967066 0.3398148 0.0004020494
0.396992 0.2969792 0.3026826 0.003346217
0.3816705 0.3022936 0.3130788 0.002957134
0.3852697 0.2802414 0.3302712 0.00421767
0.3804807 0.3075199 0.3071258 0.004873576
0.3802717 0.2945779 0.3194344 0.005715971
0.3837454 0.2971576 0.319031 6.596095e-05
0.4170596 0.2572206 0.3140502 0.0116696
0.3938684 0.3088181 0.2964629 0.0008505087
0.3742013 0.3090552 0.3094921 0.007251335
0.397082 0.2824273 0.3168569 0.003633771
0.3775973 0.288507 0.3337362 0.000159538
0.4266892 0.2645822 0.3048747 0.003853846
0.4013364 0.2907669 0.3023623 0.005534428
0.3708594 0.2910426 0.3348348 0.0032632
0.3739496 0.3082001 0.3108668 0.006983555
0.3535004 0.3355877 0.2957441 0.01516784
0.3868308 0.309715 0.3030085 0.0004456604
0.3818902 0.2935546 0.3234066 0.001148626
0.3748683 0.3283882 0.2894101 0.007333382
0.4109909 0.3001449 0.2862312 0.002632906
0.3804477 0.285212 0.3328535 0.001486853
0.4156879 0.2903609 0.2916305 0.002320671
0.3753378 0.2996841 0.3221913 0.0027868
0.3796677 0.3206032 0.2924781 0.00725097
0.3595183 0.317936 0.3167194 0.005826256
0.4031206 0.2735658 0.3188835 0.004430131
0.3901306 0.2946569 0.3121509 0.00306168
0.3970643 0.2814197 0.3166316 0.004884429
0.3826278 0.3076002 0.308087 0.001684977
0.391273 0.3180552 0.2865313 0.004140598
0.4141708 0.2891919 0.2948087 0.001828568
0.3685291 0.3026788 0.3171944 0.01159775
0.3767962 0.3008368 0.3144967 0.007870231
0.3890638 0.3080453 0.2907117 0.01217912
0.3861879 0.3174531 0.291216 0.00514293
0.37494 0.2873048 0.3287105 0.009044751
0.3922966 0.3103404 0.2968479 0.0005150881
0.4065212 0.3043657 0.2846358 0.004477319
0.3882477 0.2906922 0.3147762 0.006283909
0.3695252 0.3100404 0.3154517 0.004982776
0.3954327 0.2902175 0.3134087 0.0009411991
0.3842867 0.3101517 0.3054028 0.000158746
0.3665138 0.3292727 0.2962523 0.007961227
0.3762175 0.2726797 0.3503525 0.0007503069
0.3992378 0.3151551 0.279521 0.006086113
0.4201202 0.2789977 0.2980376 0.002844555
0.3811707 0.3292411 0.2846701 0.004918119
0.3818763 0.3135118 0.3013923 0.003219707
0.3795505 0.298209 0.319726 0.002514525
0.4040321 0.2902739 0.3022125 0.003481401
0.3862949 0.310392 0.3013511 0.001962035
0.4190273 0.269918 0.3081439 0.002910764
0.3677812 0.321165 0.3092935 0.001760276
0.4030802 0.277828 0.3180569 0.00103487
0.3694625 0.3102507 0.3181527 0.002134168
0.3941773 0.2875985 0.314383 0.003841266
0.3841588 0.2943449 0.3103392 0.01115706
0.3750186 0.3120651 0.2994431 0.01347322
0.3564255 0.2992065 0.3382426 0.006125359
0.3823512 0.3146015 0.3018282 0.001219115
0.3765012 0.3053552 0.3170741 0.001069439
0.4119395 0.2840737 0.2928602 0.01112657
0.4113967 0.2766144 0.3105286 0.001460332
0.3861903 0.301767 0.3014954 0.01054729
0.4021849 0.3008102 0.2957502 0.001254734
0.4123098 0.299494 0.2863328 0.001863409
0.38577 0.2912892 0.3191717 0.003769128
0.4081415 0.2898274 0.2977424 0.004288647
0.3845083 0.2948503 0.31519 0.005451513
0.3801035 0.3140973 0.3049495 0.0008496391
0.3985289 0.2905343 0.2992681 0.0116687
0.3664105 0.2935993 0.3386571 0.001333146
0.3912249 0.3027664 0.3055169 0.0004917437
0.3937201 0.2881857 0.3111279 0.006966371
0.3719641 0.3179534 0.3068048 0.003277692
0.3787165 0.3099419 0.3071003 0.004241302
0.3837766 0.3078115 0.3075996 0.0008123101
0.3793909 0.308249 0.2945597 0.01780047
0.3947346 0.3016587 0.3024915 0.001115247
0.4096359 0.2878917 0.3014487 0.001023702
0.3619254 0.3103827 0.3189954 0.008696585
0.3797268 0.3060832 0.3034774 0.01071259
0.3784023 0.3152653 0.3029499 0.003382436
0.3769027 0.3152063 0.3074768 0.0004141247
0.4060172 0.2911467 0.3023058 0.0005303441
0.3665009 0.2942457 0.3368198 0.002433643
0.3749738 0.3033832 0.315693 0.005950101
0.3721259 0.3131879 0.3142615 0.0004246732
0.3694222 0.3236974 0.3035245 0.003355857
0.3955646 0.3067327 0.2976075 9.516153e-05
0.3775212 0.3040161 0.3156677 0.002795009
0.3759103 0.3185258 0.2989919 0.006572048
0.3984282 0.2994899 0.2959461 0.006135856
0.3770688 0.3033791 0.3056536 0.01389854
0.4101456 0.2949405 0.2942693 0.0006446035
0.387557 0.293058 0.3171921 0.002192917
0.3881958 0.29854 0.3097389 0.003525325
0.387798 0.2941394 0.3174946 0.0005680154
0.375796 0.2857761 0.3362112 0.002216763
0.3969414 0.3081778 0.2912126 0.003668188
0.388729 0.3064945 0.3041452 0.0006312783
0.3461817 0.3238696 0.3221346 0.007814099
0.3889784 0.3021576 0.3050968 0.003767168
0.385666 0.3100368 0.3001302 0.004167032
0.3926308 0.2743098 0.3276948 0.005364561
0.4237573 0.2730871 0.2995231 0.003632531
0.3948937 0.2861215 0.3179211 0.001063635
0.3829361 0.2981503 0.3166351 0.002278474
0.3836395 0.2808725 0.3302419 0.005246082
0.3862211 0.286476 0.3207333 0.006569591
0.4037216 0.2846325 0.3107479 0.0008979118
0.3990683 0.2934733 0.2988852 0.008573181
0.4004473 0.3134814 0.2813794 0.004691926
0.4221538 0.2933936 0.2813858 0.003066828
0.4066119 0.2862895 0.2991772 0.007921351
0.4099267 0.28781 0.2981822 0.004081098
0.3781237 0.3011082 0.3183696 0.002398492
0.3936637 0.2762629 0.3249404 0.005132984
0.405442 0.2713763 0.3216374 0.001544387
0.4014671 0.2935307 0.2985402 0.006462056
0.3916114 0.3140094 0.2870653 0.007313966
0.3921162 0.2834462 0.3005037 0.02393393
0.4009524 0.3152934 0.2804353 0.00331893
0.3841713 0.3038167 0.3067676 0.005244417
0.4004325 0.2834055 0.3124537 0.003708384
0.3796115 0.3043067 0.3125006 0.003581187
0.3780589 0.298844 0.3169626 0.006134555
0.3917283 0.2843682 0.3223858 0.001517608
0.382175 0.2917144 0.3237047 0.002406007
0.3747322 0.3217733 0.3009586 0.002535863
0.3797609 0.3183469 0.2998039 0.002088351
0.388235 0.2877285 0.3133668 0.0106697
0.4044182 0.3126558 0.2825729 0.0003530406
0.4083086 0.2708198 0.3184834 0.002388194
0.3863467 0.2993635 0.302497 0.01179284
0.3902469 0.2767083 0.3248037 0.00824106
0.3988107 0.2852128 0.3075744 0.008402147
0.3841765 0.2919188 0.3198615 0.004043202
0.3743407 0.3179986 0.3046628 0.002997976
0.3948508 0.3100739 0.2946879 0.0003874265
0.3779172 0.3226237 0.2942284 0.005230687
0.3951678 0.2870327 0.3165863 0.00121315
0.3773335 0.2850028 0.3351154 0.002548305
0.3792995 0.3236482 0.2927727 0.00427958
0.3760681 0.2918333 0.329841 0.002257659
0.4214191 0.2517927 0.3189669 0.007821271
0.3794997 0.310333 0.3050063 0.005160985
0.3809816 0.2919308 0.325879 0.001208552
0.3660212 0.3113345 0.3083747 0.01426958
0.3928207 0.3001751 0.306134 0.0008701171
0.357609 0.2983941 0.3419413 0.002055561
0.4080354 0.2865944 0.2972934 0.008076752
0.3835324 0.2748895 0.339949 0.001629086
0.411604 0.2859734 0.297881 0.004541603
0.386527 0.2752971 0.3360418 0.002134154
0.3940143 0.2828298 0.3116024 0.01155349
0.3725539 0.2759158 0.3457049 0.00582546
0.3649199 0.3186918 0.314455 0.001933334
0.3785418 0.316734 0.2996876 0.005036595
0.4012598 0.2948289 0.2930911 0.0108202
0.3759204 0.3065252 0.2964837 0.02107073
0.3884885 0.3037545 0.2982539 0.009503156
0.3702424 0.3184256 0.3073878 0.003944261
0.3898539 0.3027864 0.3057895 0.001570191
0.3851722 0.2910598 0.3232724 0.0004955764
0.3836682 0.300617 0.311361 0.004353736
0.3839062 0.3201814 0.2936224 0.002289911
0.3896952 0.2725486 0.3372588 0.0004973754
0.346165 0.330483 0.318811 0.004541062
0.3808322 0.2886838 0.3274213 0.003062626
0.3715108 0.2964349 0.3239115 0.008142755
0.4119084 0.2589915 0.3264432 0.002656856
0.4124999 0.2801948 0.3019853 0.005320045
0.390634 0.296814 0.3105108 0.002041144
0.3678702 0.3050696 0.3257781 0.001282086
0.4037443 0.2929123 0.29852 0.004823343
0.3601747 0.3273924 0.3101179 0.002315054
0.3818957 0.2950894 0.3070528 0.01596214
0.4057664 0.2896958 0.3028928 0.001645078
0.3860008 0.3132043 0.2957365 0.005058333
0.3900173 0.3041219 0.3023099 0.003550857
0.4050784 0.2742319 0.3145244 0.006165391
0.3966727 0.3000175 0.3025036 0.0008061752
0.4225109 0.2818907 0.2817892 0.01380915
0.4099582 0.2678607 0.3193714 0.002809741
0.3467185 0.2943059 0.3533681 0.005607557
0.4017133 0.2780799 0.3197347 0.0004720965
0.3703697 0.2965172 0.3222803 0.01083286
0.3947906 0.2980776 0.3067633 0.0003685131
0.3692423 0.3119322 0.3160932 0.002732321
0.3958119 0.2925241 0.3081262 0.003537822
0.3790318 0.3171673 0.3023263 0.001474626
0.3686458 0.3105334 0.3171173 0.00370353
0.3822198 0.3067778 0.3100385 0.0009638892
0.3918876 0.3084724 0.2956103 0.00402968
0.3876826 0.2876046 0.3204571 0.004255665
0.3987795 0.309173 0.2916302 0.0004173423
0.3859558 0.3061554 0.3041932 0.003695632
0.3806788 0.3049692 0.3078023 0.006549784
0.3854001 0.2914574 0.3154158 0.007726642
0.3664492 0.3199684 0.3076076 0.005974812
0.3943917 0.2677862 0.336092 0.001730067
0.3934549 0.2877641 0.3134823 0.005298761
0.3850882 0.2903867 0.320495 0.004030049
0.3568458 0.3232839 0.3192953 0.0005750191
0.3913572 0.2964364 0.3085467 0.003659746
0.3772802 0.3066495 0.3160193 5.104736e-05
0.3810932 0.2959307 0.3151353 0.007840868
0.3894421 0.3014774 0.3048269 0.00425357
0.3800274 0.2946408 0.3243337 0.0009981463
0.3698159 0.3031473 0.3223562 0.004680487
0.384288 0.2921069 0.3192845 0.004320596
0.3907757 0.3093262 0.299108 0.0007900673
0.380347 0.2879943 0.3156089 0.0160498
0.3588181 0.3303502 0.3088897 0.001941987
0.3875098 0.3033125 0.3029338 0.006243934
0.3974209 0.3066014 0.2929146 0.003063102
0.3911809 0.3195507 0.2879568 0.001311713
0.4085547 0.2688684 0.3215609 0.001016034
0.4050356 0.306249 0.2846366 0.004078904
0.3802463 0.3046436 0.3038243 0.01128573
0.3570379 0.3354847 0.2937033 0.01377403
0.3915757 0.2759245 0.3277071 0.004792661
0.400898 0.2791116 0.3104593 0.00953108
0.4175287 0.267498 0.3076027 0.007370569
0.3884808 0.3059499 0.3053495 0.0002197236
0.3802939 0.3140156 0.3015672 0.004123357
0.3634569 0.3096732 0.324743 0.002126896
0.3812793 0.2958802 0.3214058 0.00143466
0.366945 0.2922558 0.3116417 0.0291574
0.4103282 0.3019414 0.281409 0.006321302
0.367013 0.3027859 0.3214532 0.008747828
0.3821254 0.2893774 0.320746 0.007751109
0.3975666 0.3070631 0.2918122 0.003558058
0.402874 0.3144513 0.2802982 0.002376512
0.359819 0.3012562 0.3368508 0.002073985
0.406253 0.271753 0.3161292 0.005864743
0.3812381 0.2751443 0.3296568 0.01396085
0.3857244 0.3070599 0.3067646 0.0004510398
0.4021876 0.2851473 0.3115375 0.001127601
0.3494467 0.3049668 0.3262063 0.01938022
0.4078275 0.2942149 0.2967715 0.001186003
0.4047701 0.2966723 0.2910131 0.007544538
0.3931753 0.3007838 0.3016877 0.004353115
0.3976937 0.2666974 0.3218335 0.01377538
0.3453636 0.3199184 0.3281111 0.00660699
0.3891131 0.3196659 0.2888294 0.00239173
0.3684732 0.3166662 0.3122335 0.002627037
0.384725 0.2890061 0.3210704 0.005198465
0.3942463 0.312837 0.2891986 0.00371819
0.3854916 0.3057955 0.3034079 0.005305017
0.4075523 0.2898594 0.3012761 0.001312223
0.3969037 0.287066 0.3098402 0.006190071
0.3748393 0.3171369 0.3059148 0.002108957
0.3978207 0.2730883 0.3239412 0.005149822
0.3839206 0.3148029 0.2979371 0.003339471
0.401618 0.2996397 0.2986343 0.0001080818
0.4060391 0.2936297 0.2991188 0.001212464
0.390283 0.3053214 0.3019855 0.002410032
0.3912528 0.3030467 0.3024511 0.003249346
0.3710252 0.305401 0.3198716 0.003702166
0.3873672 0.3131532 0.2974781 0.002001475
0.3994356 0.2698424 0.3239499 0.00677209
0.3873888 0.2861913 0.3261862 0.0002337052
0.3823842 0.2907797 0.3093529 0.01748324
0.3643981 0.3036037 0.3276675 0.004330745
0.3780212 0.3143696 0.3068515 0.0007576883
0.3762917 0.318588 0.294692 0.01042823
0.3738278 0.3114644 0.3140719 0.0006358743
0.3844716 0.2890858 0.3246364 0.001806268
0.3875613 0.3132252 0.2945517 0.004661908
0.3798958 0.3134585 0.3062644 0.000381288
0.368621 0.2975329 0.333127 0.0007190496
0.4050622 0.272076 0.320406 0.002455771
0.3815297 0.2808924 0.3370662 0.0005117025
0.3722097 0.3074561 0.3200007 0.0003335687
0.3432654 0.318871 0.3277248 0.01013878
0.3918206 0.3001217 0.3033229 0.004734819
0.3578398 0.3110968 0.3269082 0.004155156
0.3827681 0.2899925 0.325046 0.002193483
0.3857772 0.3053796 0.307661 0.001182187
0.3741241 0.3066069 0.314652 0.004617026
0.4202781 0.2847557 0.2913342 0.003631978
0.3913341 0.2913597 0.3157591 0.001547102
0.3867978 0.2815632 0.3260176 0.005621478
0.3636803 0.2923835 0.3315911 0.01234513
0.3789791 0.3040246 0.3164026 0.0005936845
0.3879269 0.2915752 0.316978 0.003519927
0.3902254 0.2944705 0.309221 0.006083164
0.3905173 0.3146966 0.2879502 0.006835899
0.4107411 0.2988972 0.2847725 0.005589245
0.3670625 0.3124012 0.30928 0.0112562
0.3863233 0.288058 0.325401 0.00021771
0.3957788 0.2812502 0.3224382 0.0005327892
0.3973832 0.3088018 0.2912043 0.002610754
0.3881904 0.3049399 0.3026747 0.004195047
0.3701916 0.288398 0.3413251 8.533657e-05
0.360013 0.2947537 0.3298771 0.01535614
0.3849659 0.2857465 0.3286857 0.0006019513
0.381525 0.2855336 0.3105586 0.02238271
0.378295 0.2788252 0.3317674 0.01111247
0.3776255 0.2939694 0.3265665 0.00183852
0.3938219 0.2781421 0.3179831 0.01005294
0.3986002 0.3035222 0.2976575 0.0002200876
0.3887496 0.2823003 0.3206577 0.008292374
0.3926797 0.3057094 0.299828 0.001782915
0.361065 0.3100103 0.3267216 0.002203154
0.4136864 0.2832856 0.2936855 0.009342494
0.3790361 0.3036837 0.3123804 0.004899776
0.398472 0.3053772 0.2959322 0.0002185887
0.408723 0.2921161 0.299108 5.288057e-05
0.3808567 0.2922603 0.322362 0.004520947
0.3845563 0.3087439 0.3045655 0.002134272
0.3944806 0.2757953 0.3169396 0.01278456
0.3989508 0.2938607 0.3040202 0.003168246
0.3821199 0.2967659 0.3184288 0.002685447
0.381016 0.3001565 0.3094596 0.009367833
0.39316 0.2867573 0.3187512 0.001331513
0.396236 0.308785 0.2901268 0.004852234
0.3865925 0.313682 0.2991894 0.0005360679
0.3881951 0.277237 0.3264156 0.008152318
0.3688068 0.2904747 0.3377806 0.002937917
0.4039346 0.2913828 0.3013295 0.003353105
0.4016771 0.2883413 0.3084027 0.001578823
0.3972957 0.2885031 0.3136643 0.000536867
0.3926874 0.2821032 0.3212346 0.003974758
0.3740753 0.3019971 0.3207944 0.003133264
0.3813648 0.2824041 0.3285309 0.007700193
0.3906402 0.3022202 0.301853 0.005286626
0.3629961 0.3121607 0.3188744 0.005968874
0.3936226 0.3040117 0.2985235 0.003842102
0.3892789 0.3149455 0.2942288 0.001546767
0.387044 0.2789606 0.328729 0.00526645
0.3829736 0.2984882 0.3129841 0.005554057
0.3651958 0.2863356 0.3411797 0.007288926
0.391507 0.2790184 0.327066 0.002408634
0.3783064 0.2975255 0.3212648 0.002903301
0.3903817 0.296481 0.3111149 0.002022374
0.4090589 0.276091 0.3138497 0.001000347
0.4095579 0.2923157 0.2963522 0.001774224
0.3726956 0.3090854 0.3117755 0.006443534
0.3897774 0.3089104 0.3011156 0.0001966104
0.4285064 0.2634406 0.299377 0.00867591
0.4077538 0.3056568 0.2847046 0.001884857
0.3994028 0.2874535 0.308867 0.004276753
0.3855199 0.2992008 0.3126373 0.002641982
0.3817022 0.2820318 0.3337301 0.002535887
0.3867156 0.2976846 0.312989 0.002610734
0.381627 0.2984449 0.3182305 0.001697687
0.367654 0.323041 0.3069995 0.00230545
0.3728467 0.3113357 0.3152556 0.0005620558
0.398537 0.296656 0.3022099 0.002597021
0.3967441 0.3076585 0.2919968 0.003600607
0.3731887 0.3123308 0.3045714 0.009909135
0.3885425 0.2818882 0.3259502 0.003619171
0.4105427 0.2732085 0.3138321 0.002416728
0.3907284 0.2956701 0.3120881 0.001513421
0.4039929 0.2710615 0.3168552 0.008090428
0.3815211 0.3070094 0.3074517 0.004017745
0.3686947 0.306038 0.3165536 0.008713677
0.4008232 0.2791859 0.3182931 0.001697837
0.3905378 0.2959765 0.3129992 0.0004865306
0.3740371 0.2746464 0.3481455 0.003171043
0.3719721 0.301915 0.3184017 0.007711127
0.4054666 0.2939574 0.2999352 0.0006407851
0.3961848 0.2723407 0.321506 0.009968515
0.3860139 0.2928975 0.3163574 0.004731195
0.3646331 0.3109947 0.3168322 0.007540098
0.3933878 0.2946003 0.3107536 0.001258229
0.3870548 0.2942976 0.3174234 0.001224235
0.4130036 0.3017681 0.2819945 0.003233704
0.3876861 0.3023117 0.306968 0.003034217
0.3977303 0.2788504 0.3189776 0.004441771
0.3874592 0.3103676 0.2899613 0.01221189
0.3723458 0.3158431 0.2892356 0.02257553
0.3937074 0.2821978 0.3152653 0.00882944
0.4045506 0.2903612 0.3019929 0.003095223
0.4045071 0.3045459 0.2865731 0.004373914
0.3568571 0.3152212 0.3275014 0.0004202334
0.4081023 0.2846729 0.3037025 0.003522389
0.3901479 0.2960013 0.3090618 0.004789028
0.3871127 0.3248171 0.2814837 0.006586499
0.3816776 0.2829381 0.3149237 0.02046056
0.3857814 0.2989971 0.3136726 0.001548822
0.3745896 0.3032274 0.3215504 0.0006325817
0.4107782 0.3019064 0.2829584 0.004357043
0.3820674 0.2816489 0.3358408 0.0004428607
0.359302 0.3082413 0.3242486 0.008208104
0.3959621 0.2855574 0.3103326 0.008147881
0.37465 0.2948699 0.3215563 0.00892373
0.3669993 0.3007122 0.3220843 0.01020411
0.3743855 0.3144032 0.2997971 0.0114142
0.3983601 0.2977292 0.303805 0.0001056473
0.3761074 0.3067861 0.3170659 4.0517e-05
0.3865402 0.2852943 0.3183886 0.009776917
0.3875115 0.3078761 0.3037909 0.0008214745
0.3931751 0.3085042 0.2950134 0.003307362
0.3794662 0.2954881 0.3237724 0.00127328
0.3995031 0.2862471 0.3141104 0.0001394374
0.3684209 0.3040732 0.3252836 0.00222236
0.4071453 0.2861108 0.30408 0.002663967
0.3838961 0.3000412 0.3146248 0.001437952
0.4126511 0.2859977 0.2936619 0.007689267
0.4312114 0.2776109 0.2868068 0.004370838
0.382851 0.3044552 0.3088165 0.003877312
0.3905259 0.3020416 0.3021969 0.005235697
0.3959886 0.2946036 0.3079093 0.001498496
0.3834194 0.2966615 0.290189 0.02973015
0.3773151 0.2877265 0.3328516 0.002106779
0.4041857 0.2996046 0.2961287 8.10024e-05
0.3928534 0.2953808 0.3095772 0.002188562
0.4019886 0.3073228 0.2877016 0.002986953
0.3937468 0.2901599 0.3124932 0.003600078
0.403773 0.2784595 0.3156903 0.002077219
0.377004 0.30222 0.3112089 0.009567086
0.4016108 0.2868497 0.3016466 0.009892892
0.3958507 0.3016722 0.299037 0.003440055
0.3642403 0.3094034 0.3255235 0.0008327639
0.4076841 0.2633025 0.327975 0.001038351
0.3892741 0.2782512 0.326375 0.006099653
0.4090183 0.2750375 0.3122602 0.003683952
0.3828388 0.2829504 0.3301431 0.004067665
0.3958058 0.2991485 0.3036906 0.001355133
0.3880097 0.3215313 0.2870454 0.003413641
0.4106132 0.3085229 0.2799222 0.0009416517
0.3782908 0.2880529 0.3302509 0.003405434
0.4138778 0.2785122 0.3040505 0.003559532
0.4124552 0.2795485 0.3039273 0.004069036
0.3929076 0.3162497 0.2773347 0.01350807
0.3872248 0.2942377 0.3070599 0.0114776
0.3814648 0.3030298 0.3102072 0.005298201
0.4172198 0.2700938 0.3045375 0.008148908
0.3944445 0.2944658 0.3038838 0.007205908
0.3801511 0.2851534 0.3329797 0.001715735
0.3876561 0.283731 0.3259043 0.002708549
0.3971578 0.2897731 0.3120282 0.001040952
0.3670179 0.3311751 0.2955169 0.006290005
0.4041525 0.2946746 0.2994286 0.001744371
0.3701478 0.3210836 0.3015285 0.007240099
0.3780415 0.3171046 0.3033702 0.001483782
0.3868897 0.2988139 0.3036019 0.01069446
0.3934969 0.292265 0.3077155 0.006522668
0.4026094 0.2835804 0.3106894 0.003120828
0.3961736 0.2958286 0.3004492 0.007548629
0.3832845 0.294478 0.3188268 0.003410696
0.3939349 0.2722431 0.3237204 0.01010159
0.3913065 0.2924054 0.311461 0.004827099
0.4015503 0.2964484 0.3003072 0.001694112
0.3806432 0.310688 0.3014311 0.007237655
0.3703835 0.3151364 0.2997658 0.01471431
0.3903441 0.2725176 0.3325021 0.004636136
0.4101925 0.3004491 0.2874772 0.001881111
0.3876335 0.2859002 0.3253237 0.001142648
0.3791711 0.3093981 0.3079521 0.003478768
0.4241066 0.2859413 0.2819898 0.007962327
0.3781474 0.3050918 0.3158103 0.0009504921
0.3991902 0.2914839 0.3079966 0.001329258
0.3661495 0.321672 0.3100079 0.002170577
0.3937442 0.2679825 0.3224398 0.0158335
0.3983814 0.2744556 0.3262722 0.0008907152
0.3999829 0.2715845 0.3283506 8.207089e-05
0.4026109 0.2823564 0.3023408 0.01269193
0.40852 0.2810568 0.3081886 0.002234595
0.4001183 0.2964886 0.3024266 0.000966476
0.3918591 0.2894278 0.3179981 0.0007149978
0.3847143 0.3040198 0.3112091 5.676533e-05
0.3812704 0.2770491 0.3328012 0.008879215
0.3704142 0.3052095 0.3237634 0.0006128888
0.3862315 0.3053602 0.3081493 0.0002589091
0.388292 0.3049015 0.3066263 0.0001802093
0.392584 0.3076779 0.299632 0.0001061428
0.3911929 0.2766829 0.3112001 0.02092411
0.3900108 0.2711553 0.3315769 0.007257039
0.3858805 0.3050092 0.3079816 0.00112863
0.4172032 0.2795314 0.2994812 0.00378424
0.4183758 0.2944992 0.285823 0.001302109
0.396866 0.2690557 0.3302497 0.003828499
0.3913279 0.2891747 0.3159984 0.003498925
0.4130379 0.2897415 0.287605 0.009615627
0.4123318 0.3083277 0.2765331 0.002807399
0.3735755 0.2699063 0.355714 0.0008042217
0.364788 0.3248302 0.3102243 0.0001574855
0.3680854 0.3010699 0.3278987 0.002946018
0.3640967 0.2783271 0.3567979 0.0007783356
0.3841035 0.2737232 0.341429 0.0007442525
0.3950959 0.287274 0.3156372 0.001993024
0.4015967 0.2803696 0.3074153 0.01061832
0.4096917 0.308307 0.2807962 0.001205029
0.3979951 0.2740853 0.3267691 0.001150501
0.3845663 0.3004129 0.3100675 0.004953332
0.3792042 0.2998377 0.3133729 0.007585269
0.3949359 0.3013467 0.3037156 1.812862e-06
0.4267751 0.2763859 0.2920181 0.004820871
0.3851569 0.2894533 0.3154608 0.009929104
0.4031036 0.2867691 0.3072775 0.002849762
0.3907483 0.3040689 0.2962777 0.008905204
0.3624835 0.3069403 0.3094042 0.02117199
0.3762828 0.3001778 0.2996767 0.02386269
0.3883425 0.2858304 0.3245939 0.00123319
0.3728563 0.3152187 0.2746883 0.03723673
0.38905 0.2821756 0.3256671 0.003107306
0.3941 0.3161101 0.2828974 0.006892428
0.3844184 0.3127568 0.2976651 0.005159676
0.3838294 0.2757572 0.3302376 0.01017585
0.4001659 0.3047908 0.2852242 0.009819096
0.388783 0.2880327 0.3206002 0.002584047
0.3851744 0.2882237 0.3255995 0.001002464
0.3683615 0.3230169 0.3035254 0.00509615
0.3889231 0.3152279 0.2909459 0.004903098
0.3999381 0.2882952 0.3056903 0.006076454
0.3808827 0.2999254 0.3111867 0.008005226
0.3838151 0.299721 0.3151876 0.001276381
0.3925125 0.2825469 0.32142 0.003520574
0.3674884 0.3119565 0.3182348 0.002320249
0.4080087 0.3004573 0.2863789 0.005155102
0.3818359 0.311476 0.294344 0.01234414
0.3669281 0.3021713 0.3174816 0.01341908
0.3902625 0.2914 0.3174738 0.0008637616
0.425987 0.2838535 0.286551 0.003608509
0.3800364 0.3115852 0.3064613 0.001917065
0.4188539 0.2945106 0.2863962 0.0002391819
0.3913722 0.2860369 0.3085812 0.01400976
0.4208369 0.2868097 0.2875169 0.004836527
0.369672 0.3045081 0.3073995 0.01842036
0.36165 0.3129341 0.3200881 0.00532786
0.3739769 0.296067 0.3290664 0.0008896736
0.4079706 0.2717038 0.3140847 0.006240863
0.4016196 0.3032396 0.2923614 0.0027793
0.4074754 0.2832377 0.3066837 0.002603209
0.4205806 0.2811927 0.2980747 0.0001521038
0.3817419 0.2833193 0.3263072 0.008631637
0.3886259 0.3087876 0.3001707 0.002415787
0.3748772 0.2988578 0.3257947 0.0004703108
0.3846309 0.2966849 0.3136807 0.005003594
0.379408 0.3010403 0.311782 0.007769707
0.3939604 0.2538619 0.3353251 0.01685261
0.3874763 0.2839184 0.3259735 0.002631844
0.4021721 0.3164865 0.2720791 0.009262306
0.4030279 0.2823395 0.3129731 0.001659483
0.3635615 0.307315 0.3290946 2.892739e-05
0.3823695 0.3104476 0.2947678 0.01241507
0.3585398 0.3323131 0.3054934 0.003653724
0.3890965 0.2884482 0.321333 0.001122292
0.3791009 0.3176665 0.3022692 0.0009633969
0.3762633 0.3047069 0.3158404 0.003189424
0.3909765 0.2753601 0.3324243 0.001239144
0.3819358 0.3205809 0.2932995 0.004183818
0.3917774 0.2733981 0.3220774 0.01274708
0.4046412 0.2696357 0.3194215 0.006301613
0.3932841 0.2829005 0.3234441 0.0003713377
0.3915336 0.2943708 0.3134741 0.0006215074
0.3720682 0.2972987 0.3296175 0.001015658
0.3947361 0.2923463 0.3058209 0.007096674
0.3860764 0.2825338 0.3248734 0.006516377
0.3880853 0.2987041 0.3105529 0.002657611
0.3751484 0.3001948 0.3245934 6.341358e-05
0.387064 0.3061041 0.3065393 0.0002925293
0.387622 0.2993624 0.3124638 0.0005517981
0.3949192 0.2686442 0.3350102 0.001426386
0.3723121 0.2917606 0.3299482 0.005979097
0.3802221 0.2920271 0.3263226 0.001428229
0.4201021 0.2802822 0.2977903 0.001825308
0.406481 0.2753302 0.3166515 0.001537251
0.3881877 0.3113999 0.2955423 0.00487013
0.3810979 0.3023898 0.3110294 0.005482962
0.370052 0.2905722 0.3352942 0.004081629
0.3732924 0.3009751 0.3219345 0.003798064
0.3960841 0.2964719 0.3029729 0.004471139
0.3631677 0.2926453 0.3404245 0.003762527
0.4005084 0.3043621 0.2940361 0.001093339
0.4131005 0.2829546 0.2926105 0.0113345
0.3986436 0.2814147 0.3135586 0.00638311
0.3523728 0.3303705 0.3042859 0.01297088
0.4004984 0.3003194 0.2950016 0.004180579
0.3541452 0.3151843 0.3198311 0.01083943
0.372132 0.2842549 0.319764 0.02384911
0.4096787 0.2859874 0.2991217 0.005212276
0.4004874 0.3035511 0.2950202 0.0009413401
0.3961089 0.2892129 0.314455 0.0002231387
0.3905516 0.2894881 0.3138097 0.006150653
0.3751046 0.3112529 0.3057801 0.007862402
0.3836932 0.3000788 0.3070706 0.009157491
0.3801339 0.3131642 0.2972064 0.009495414
0.3740202 0.2999096 0.3113198 0.01475042
0.428428 0.2701884 0.2957178 0.005665774
0.391365 0.3031451 0.2985386 0.006951273
0.4046884 0.282758 0.3096927 0.002860888
0.4144928 0.2954146 0.2895224 0.0005701828
0.3704615 0.2814466 0.3402932 0.007798746
0.3857892 0.3096886 0.2962921 0.008230011
0.4003795 0.2908027 0.3063713 0.002446584
0.3988076 0.2866809 0.3108512 0.003660278
0.3967762 0.2927545 0.307518 0.002951378
0.3645985 0.3085851 0.3146298 0.01218665
0.4014055 0.2860638 0.3054024 0.007128342
0.355781 0.3190138 0.3212801 0.003925158
0.3795447 0.2844047 0.3222917 0.0137589
0.390082 0.267261 0.3383028 0.004354207
0.4031624 0.275672 0.3166883 0.004477323
0.3962235 0.3009362 0.2927007 0.01013951
0.3693487 0.3017064 0.3266276 0.002317253
0.386448 0.3060659 0.30371 0.003776142
0.3830016 0.3016765 0.3109355 0.004386422
0.3902273 0.2727193 0.3294573 0.007596113
0.3838782 0.2781924 0.3375164 0.0004129696
0.413961 0.2665709 0.314717 0.004751154
0.3842283 0.3148025 0.2990921 0.001877172
0.3940562 0.2922282 0.3095695 0.004146056
0.3879277 0.3020001 0.3085857 0.001486436
0.4048655 0.2961946 0.2980317 0.0009081971
0.3941874 0.2885008 0.310568 0.006743851
0.3855927 0.3090026 0.3020129 0.003391753
0.4026477 0.2900232 0.3048181 0.002510988
0.4106713 0.2872732 0.301156 0.0008994607
0.3701273 0.2942215 0.3310016 0.004649576
0.4044185 0.2906803 0.3047613 0.0001399462
0.3888943 0.2818598 0.327225 0.002020825
0.388723 0.2930676 0.3169947 0.001214719
0.4056942 0.2911382 0.3016964 0.001471132
0.3659493 0.3049882 0.3220202 0.007042331
0.3855231 0.2730879 0.3411001 0.0002889362
0.3678878 0.2832109 0.3432363 0.005665041
0.4066795 0.2947511 0.2978933 0.0006760983
0.3710509 0.2926072 0.3222124 0.01412959
0.3830572 0.3058087 0.3000436 0.01109047
0.3934899 0.2919223 0.3131553 0.001432565
0.3887339 0.2979879 0.308643 0.004635166
0.3921854 0.2890557 0.3128112 0.005947793
0.3657105 0.30069 0.3207308 0.01286864
0.3921991 0.3046183 0.302527 0.0006556294
0.4011805 0.28566 0.3096947 0.003464867
0.3743558 0.2925061 0.3307296 0.002408501
0.3844565 0.3034735 0.2993039 0.01276611
0.3869429 0.2756655 0.3231311 0.01426053
0.3782229 0.3180491 0.3013959 0.002332085
0.4023103 0.2720703 0.3220588 0.003560569
0.3959552 0.2715884 0.3265764 0.005879886
0.3708195 0.2979517 0.3176583 0.01357046
0.3909833 0.3088114 0.2974336 0.002771714
0.4124265 0.2861249 0.2992594 0.002189221
0.3672364 0.2845686 0.3460271 0.002167916
0.3954181 0.3084174 0.2933499 0.002814559
0.4120898 0.2851147 0.300128 0.002667511
0.3793592 0.2891749 0.325395 0.006070841
0.3880431 0.2804152 0.3279281 0.003613562
0.3897854 0.2936513 0.3156812 0.0008820746
0.4045917 0.2852381 0.3003934 0.009776696
0.3853729 0.3091551 0.3002887 0.00518329
0.3654163 0.3006118 0.3306962 0.003275728
0.3917291 0.2924796 0.3083426 0.007448715
0.4136561 0.2866895 0.2947501 0.004904265
0.3847319 0.2892097 0.3251406 0.0009178512
0.3876302 0.2929317 0.3171126 0.002325451
0.3972105 0.2921102 0.3095645 0.001114791
0.4109568 0.2726017 0.3162667 0.0001748593
0.3900672 0.297426 0.3056085 0.006898322
0.3893326 0.301466 0.3083993 0.0008020728
0.3840527 0.2841463 0.3296887 0.002112355
0.3835999 0.316261 0.2981065 0.002032599
0.3790594 0.3046694 0.3131638 0.003107318
0.3948315 0.2872103 0.3156904 0.00226775
0.3895943 0.2753858 0.3311091 0.003910845
0.3763811 0.3185833 0.3008655 0.004170141
0.4073871 0.2586754 0.3331253 0.0008121496
0.4055466 0.29309 0.3011822 0.0001811131
0.4278382 0.2801899 0.2884197 0.003552131
0.4086669 0.2798281 0.3070138 0.004491162
0.3991484 0.2923347 0.3076921 0.0008248075
0.3884224 0.3207079 0.2839327 0.006937006
0.3870805 0.3225417 0.2869116 0.003466139
0.4047365 0.2810872 0.3133254 0.0008509266
0.4080025 0.2861181 0.3030938 0.00278555
0.3745566 0.3095142 0.3137618 0.002167446
0.383435 0.2898039 0.3179782 0.008782908
0.3806808 0.2806094 0.3380625 0.0006473536
0.3835262 0.2850545 0.3205831 0.01083616
0.3784731 0.2983745 0.3159108 0.00724162
0.382635 0.3036159 0.3059495 0.007799525
0.3990493 0.2940658 0.3032876 0.003597291
0.413763 0.2865764 0.2977142 0.00194647
0.4171058 0.2805 0.3013824 0.001011781
0.3748452 0.3112808 0.310054 0.003819891
0.3922262 0.2988505 0.3050683 0.003855018
0.3980411 0.31525 0.2864844 0.0002244708
0.4037724 0.2639647 0.3296506 0.002612327
0.3854693 0.299778 0.3102229 0.004529829
0.3832002 0.3071076 0.3088052 0.0008870054
0.3599653 0.2926212 0.3422229 0.005190613
0.4028695 0.288008 0.3080064 0.001116054
0.4047369 0.3100112 0.2849548 0.0002971669
0.4352641 0.2850962 0.2795666 7.310678e-05
0.3870998 0.29104 0.3136997 0.008160483
0.4090404 0.2886963 0.2968508 0.005412518
0.3844771 0.2971312 0.3135617 0.004829947
0.4211671 0.2715911 0.2989984 0.008243351
0.3939609 0.2989867 0.3043674 0.00268499
0.3817727 0.2782738 0.3388348 0.0011187
0.3907344 0.3046136 0.3020313 0.002620711
0.3781817 0.3111901 0.3085559 0.00207225
0.4088931 0.2966987 0.2925073 0.001900877
0.4063702 0.3021063 0.2866061 0.004917352
0.3915486 0.2666796 0.3327818 0.008990021
0.3710962 0.293826 0.3341846 0.000893211
0.3808806 0.3083113 0.3098461 0.000961966
0.3726892 0.331502 0.2955455 0.0002632532
0.3714815 0.3348223 0.290527 0.003169231
0.4008631 0.2851822 0.2958031 0.01815158
0.3871128 0.2871849 0.3244817 0.001220566
0.4044041 0.2849412 0.3078776 0.002777097
0.3972161 0.2807321 0.310311 0.01174074
0.3892277 0.3074255 0.29795 0.005396824
0.3961366 0.2903589 0.2982964 0.01520809
0.3820007 0.2870096 0.3128471 0.01814268
0.3652657 0.3213666 0.3098285 0.003539238
0.4154462 0.2654618 0.3173127 0.001779275
0.4133416 0.2808978 0.3055592 0.0002014079
0.3774966 0.2764745 0.3332414 0.01278744
0.3660031 0.2953805 0.322666 0.01595041
0.3684968 0.2993815 0.3204427 0.01167897
0.3808409 0.2972228 0.3215053 0.0004310087
0.4004425 0.272374 0.3260084 0.001175097
0.3746047 0.2951623 0.3267795 0.003453537
0.3834482 0.2941169 0.316313 0.006121941
0.4086721 0.2761822 0.3038468 0.01129891
0.3897173 0.2913783 0.3126927 0.00621177
0.3565157 0.314441 0.3170393 0.01200403
0.3952843 0.3148805 0.28786 0.001975214
0.3860432 0.3071852 0.3039708 0.002800826
