p_1 p_2 p_3 
0.107503 0.8005086 0.09198848 
0.09585424 0.8308195 0.07332625 
0.1201078 0.7797257 0.1001665 
0.08675314 0.8583865 0.05486034 
0.1117523 0.8610555 0.02719225 
0.1579239 0.7943513 0.04772484 
0.1583855 0.7792435 0.06237101 
0.1660457 0.7208995 0.1130548 
0.1099831 0.8452895 0.04472734 
0.1216944 0.8236695 0.0546361 
0.07148426 0.8441513 0.08436442 
0.103518 0.8181785 0.07830356 
0.2666401 0.672228 0.06113194 
0.1535349 0.8036928 0.04277233 
0.129157 0.8385196 0.03232331 
0.1604264 0.7929416 0.04663199 
0.09375071 0.8462453 0.06000396 
0.1055512 0.8106761 0.08377269 
0.1509156 0.8144421 0.0346423 
0.1568558 0.7725619 0.07058224 
0.1216553 0.8344596 0.04388513 
0.1579425 0.7365647 0.1054928 
0.1747973 0.7693165 0.05588626 
0.1309451 0.8073236 0.06173121 
0.1159806 0.8035714 0.08044798 
0.1923984 0.736128 0.07147356 
0.1775684 0.7565597 0.0658719 
0.1064291 0.8449622 0.04860876 
0.104174 0.8792275 0.01659852 
0.09593934 0.8604184 0.04364227 
0.160472 0.7597137 0.07981425 
0.116274 0.8266458 0.05708014 
0.1287859 0.8473471 0.02386699 
0.1444202 0.8248889 0.03069096 
0.114272 0.804521 0.08120698 
0.196114 0.756428 0.04745804 
0.1287592 0.8363034 0.0349374 
0.1179936 0.8071374 0.07486901 
0.1555466 0.8161612 0.02829219 
0.1724169 0.7586121 0.06897099 
0.1708414 0.7979716 0.03118703 
0.1207845 0.8207443 0.0584712 
0.1878703 0.7267716 0.08535813 
0.0992543 0.7803676 0.1203781 
0.1339424 0.8241817 0.04187595 
0.1210003 0.7941334 0.0848663 
0.1731521 0.798981 0.02786691 
0.08904511 0.8777396 0.03321531 
0.1147606 0.8181445 0.06709494 
0.1140699 0.7830144 0.1029157 
0.103947 0.8041455 0.09190756 
0.1343893 0.7142713 0.1513394 
0.1232508 0.8462097 0.03053948 
0.1282367 0.8126332 0.05913017 
0.0824859 0.8280663 0.0894478 
0.08768089 0.8521168 0.06020232 
0.1054951 0.8594411 0.03506384 
0.1695839 0.7562437 0.07417246 
0.1253138 0.7962036 0.07848257 
0.1053528 0.8615465 0.03310076 
0.16618 0.7927403 0.04107964 
0.1384644 0.821742 0.0397936 
0.1885509 0.7756957 0.03575334 
0.1042023 0.8510523 0.04474545 
0.07717889 0.8686138 0.05420727 
0.1039453 0.8179598 0.07809491 
0.1683442 0.7741383 0.05751749 
0.1240715 0.8394583 0.03647017 
0.1363517 0.8000292 0.06361911 
0.1179608 0.7828816 0.09915757 
0.1018661 0.8254825 0.07265146 
0.115788 0.8330316 0.05118039 
0.1144684 0.8433387 0.04219282 
0.2011567 0.7444957 0.05434764 
0.09799566 0.8459192 0.05608515 
0.06698861 0.8700649 0.06294648 
0.09751712 0.8330095 0.06947339 
0.1745006 0.7652252 0.06027422 
0.1183362 0.8544475 0.02721632 
0.1625324 0.7934852 0.04398239 
0.1487141 0.78762 0.06366587 
0.1114053 0.8281842 0.0604105 
0.0971708 0.8509828 0.05184635 
0.09088118 0.8021593 0.1069596 
0.08197649 0.8057247 0.1122988 
0.1395197 0.8080945 0.05238582 
0.2175877 0.7117715 0.0706408 
0.2086482 0.7446384 0.04671334 
0.1982214 0.772576 0.0292025 
0.1325709 0.8121234 0.05530573 
0.09033104 0.8309642 0.07870472 
0.1169024 0.7951907 0.0879069 
0.2311564 0.7170426 0.05180094 
0.1547642 0.6810281 0.1642078 
0.09914899 0.8260998 0.07475119 
0.1454383 0.8135607 0.04100105 
0.1841491 0.7598921 0.05595883 
0.1395862 0.8259864 0.03442733 
0.1694314 0.7935923 0.03697631 
0.1518618 0.8140173 0.03412091 
0.125833 0.8284834 0.04568357 
0.1023539 0.8124211 0.08522502 
0.1595972 0.7546556 0.08574715 
0.1212704 0.8252975 0.05343213 
0.1183997 0.770929 0.1106714 
0.1204929 0.791059 0.0884481 
0.117207 0.8323366 0.05045648 
0.13543 0.8165686 0.04800143 
0.08003867 0.8538427 0.06611863 
0.1294104 0.8430405 0.02754917 
0.1005613 0.8391248 0.06031381 
0.1505467 0.8238019 0.02565141 
0.1224655 0.7576567 0.1198778 
0.2090289 0.7519734 0.03899766 
0.1401159 0.812826 0.04705806 
0.1311721 0.8072472 0.06158063 
0.1440958 0.766463 0.08944116 
0.1656135 0.7823624 0.05202415 
0.1228864 0.8087273 0.06838628 
0.1627672 0.7889511 0.0482817 
0.1814868 0.7753102 0.04320302 
0.1365892 0.8400719 0.02333893 
0.1611459 0.7443936 0.09446043 
0.1304262 0.8205738 0.04899997 
0.1160666 0.793527 0.09040648 
0.132852 0.7923949 0.07475311 
0.1583117 0.7630952 0.07859309 
0.1373526 0.8030556 0.0595918 
0.1268704 0.7649843 0.1081454 
0.08563239 0.8130586 0.101309 
0.1311082 0.8066185 0.06227322 
0.1160479 0.8273353 0.05661685 
0.1439749 0.7518072 0.1042179 
0.1306385 0.7942605 0.07510097 
0.1658272 0.785489 0.04868378 
0.1305231 0.7807744 0.08870248 
0.1276993 0.8008734 0.07142722 
0.1109259 0.8488449 0.04022921 
0.1197302 0.8600984 0.02017143 
0.09326624 0.8089447 0.09778901 
0.1212863 0.8018343 0.07687944 
0.1261833 0.84202 0.03179663 
0.1822683 0.7727855 0.04494626 
0.06908149 0.8596749 0.07124358 
0.1514463 0.7940317 0.05452196 
0.108498 0.8579789 0.0335231 
0.09332449 0.788198 0.1184775 
0.1152919 0.8031027 0.08160548 
0.08229154 0.8641789 0.05352952 
0.1275897 0.7882416 0.08416876 
0.1814864 0.7564555 0.06205816 
0.1616625 0.8338433 0.004494173 
0.1577954 0.8326102 0.009594386 
0.1099738 0.8862223 0.003803946 
0.2356867 0.7422555 0.02205773 
0.1053756 0.8237764 0.07084803 
0.1100096 0.8094994 0.08049098 
0.1311407 0.8246502 0.04420913 
0.146271 0.8312353 0.02249373 
0.1946698 0.7642239 0.04110633 
0.08991655 0.8333992 0.07668424 
0.1901821 0.7366148 0.07320307 
0.160939 0.7893285 0.04973257 
0.1529871 0.8206163 0.02639654 
0.176537 0.7682003 0.05526278 
0.1865441 0.7626881 0.05076777 
0.136703 0.8499977 0.0132993 
0.08634499 0.8544176 0.0592374 
0.1255677 0.8090201 0.06541225 
0.1506775 0.8020687 0.04725379 
0.09404858 0.8070264 0.09892502 
0.1156043 0.825005 0.05939075 
0.1344626 0.82227 0.04326745 
0.08298511 0.8066331 0.1103818 
0.143473 0.8152 0.04132702 
0.1757395 0.7654454 0.05881515 
0.2031124 0.7639833 0.03290428 
0.08575718 0.8815081 0.03273475 
0.194099 0.7455924 0.06030856 
0.1218428 0.7831097 0.09504753 
0.1231263 0.8057324 0.07114126 
0.1411039 0.8116006 0.04729554 
0.1387828 0.8309212 0.03029596 
0.1912512 0.7387613 0.06998752 
0.1374976 0.8103403 0.05216209 
0.1433511 0.7862709 0.07037806 
0.1189936 0.7970215 0.08398491 
0.2501244 0.7108016 0.03907399 
0.1962055 0.7642316 0.03956285 
0.09374735 0.8647961 0.04145651 
0.133396 0.826176 0.04042807 
0.1047461 0.8541043 0.0411496 
0.135312 0.8013851 0.06330297 
0.2241999 0.7593191 0.01648092 
0.196795 0.7641019 0.03910312 
0.1094163 0.8366101 0.05397369 
0.1443147 0.7265235 0.1291619 
0.1401882 0.817485 0.0423268 
0.07794081 0.8288353 0.0932239 
0.1760494 0.7538599 0.07009067 
0.1585682 0.7847173 0.05671455 
0.1079674 0.8083465 0.08368607 
0.1002682 0.8154516 0.08428027 
0.08925028 0.8663877 0.04436202 
0.1614859 0.7345882 0.103926 
0.1224839 0.8282585 0.04925761 
0.1997714 0.7657839 0.03444466 
0.1643648 0.7743689 0.06126632 
0.1332068 0.8233197 0.04347344 
0.1172878 0.8077386 0.07497358 
0.1649493 0.75132 0.08373071 
0.164876 0.7592653 0.07585863 
0.1206821 0.8501892 0.02912869 
0.1097824 0.8734934 0.01672426 
0.1832863 0.7595255 0.05718818 
0.1360242 0.8229374 0.04103833 
0.1224305 0.8373264 0.04024313 
0.1283326 0.8047296 0.06693773 
0.1145018 0.8203875 0.06511065 
0.1408423 0.8106652 0.04849254 
0.1169681 0.8584338 0.02459816 
0.1625552 0.7811138 0.05633097 
0.1211629 0.8081371 0.07069997 
0.1559173 0.7479876 0.09609509 
0.1793689 0.7952135 0.02541753 
0.1810798 0.6981619 0.1207583 
0.09517512 0.8369977 0.06782716 
0.1001971 0.883957 0.0158459 
0.1490572 0.805731 0.04521171 
0.22245 0.7361207 0.04142932 
0.1134567 0.8612611 0.02528214 
0.1057893 0.8482129 0.04599773 
0.1159499 0.8184962 0.0655539 
0.1482956 0.8161602 0.0355442 
0.1584153 0.7852813 0.05630342 
0.1311991 0.8136191 0.05518181 
0.1194063 0.7871076 0.09348609 
0.2003651 0.7189796 0.08065525 
0.09106848 0.8683226 0.0406089 
0.1537705 0.7899568 0.05627271 
0.1400945 0.8212069 0.03869864 
0.1579646 0.8077136 0.03432189 
0.1112366 0.8541043 0.03465903 
0.1565921 0.7544303 0.08897759 
0.1588659 0.776972 0.06416213 
0.1335219 0.8329154 0.03356266 
0.1828244 0.7563698 0.06080581 
0.1538677 0.8027024 0.04342989 
0.1192465 0.8429032 0.03785031 
0.07618863 0.8849004 0.03891099 
0.1702007 0.7909413 0.03885803 
0.098276 0.8149336 0.08679042 
0.09496624 0.8407375 0.06429627 
0.1094955 0.7881144 0.1023901 
0.1363517 0.8368724 0.02677587 
0.1610296 0.8057909 0.03317949 
0.1413907 0.7947665 0.06384276 
0.1982006 0.747074 0.05472541 
0.1236935 0.8337427 0.0425638 
0.09921615 0.8010512 0.09973264 
0.1242287 0.7974117 0.07835956 
0.1396644 0.8144665 0.04586909 
0.2111881 0.7236942 0.06511769 
0.1299607 0.7662427 0.1037966 
0.1210361 0.8114815 0.06748243 
0.1320327 0.7885646 0.07940269 
0.1313001 0.7696218 0.09907814 
0.1025034 0.842171 0.05532564 
0.1489954 0.8273001 0.02370453 
0.1030499 0.8345947 0.0623554 
0.2324042 0.7093758 0.05822004 
0.1299476 0.8091141 0.0609383 
0.1639865 0.8209175 0.01509598 
0.1588305 0.7458741 0.09529546 
0.125806 0.8238135 0.05038051 
0.1483199 0.8152301 0.03645002 
0.1563458 0.7748278 0.06882649 
0.170315 0.7707393 0.0589457 
0.1418801 0.7314019 0.126718 
0.1348956 0.819113 0.04599135 
0.2052125 0.7201438 0.07464362 
0.1407569 0.8169461 0.042297 
0.07973943 0.8260465 0.09421406 
0.1268069 0.8304922 0.04270089 
0.1225589 0.8211148 0.05632626 
0.169696 0.7802249 0.05007903 
0.118764 0.8398487 0.04138724 
0.1638183 0.7790537 0.05712803 
0.1826297 0.7694618 0.0479085 
0.1334893 0.7842255 0.08228528 
0.1622027 0.8071891 0.03060822 
0.0761941 0.8765528 0.04725306 
0.1351094 0.7687139 0.09617664 
0.2450645 0.729486 0.02544954 
0.1028666 0.8399081 0.05722535 
0.1117987 0.8316485 0.05655281 
0.10664 0.8510391 0.04232093 
0.1003216 0.8455468 0.05413158 
0.1148198 0.8435886 0.04159158 
0.1337602 0.7572613 0.1089784 
0.1292785 0.8303632 0.04035827 
0.1850756 0.7665923 0.04833207 
0.1521922 0.7997904 0.04801734 
0.12232 0.7831689 0.09451103 
0.09011998 0.8335361 0.0763439 
0.1199521 0.8327718 0.04727617 
0.07288511 0.886014 0.04110086 
0.1140654 0.8396851 0.04624952 
0.1212045 0.7924868 0.08630869 
0.09728781 0.8326031 0.07010912 
0.1801848 0.6805054 0.1393098 
0.1567485 0.8250898 0.01816167 
0.1645275 0.7929361 0.04253636 
0.1317436 0.8119562 0.0563002 
0.1598068 0.7936525 0.04654069 
0.1122212 0.8038113 0.08396747 
0.1148502 0.7710533 0.1140965 
0.1177893 0.775251 0.1069597 
0.1744395 0.7768689 0.04869161 
0.1283551 0.7932204 0.07842455 
0.1876759 0.7516142 0.06070997 
0.1402603 0.8184736 0.04126612 
0.1664184 0.8002902 0.03329136 
0.1275541 0.7996334 0.07281245 
0.1244385 0.8210705 0.05449098 
0.1740077 0.7987707 0.02722158 
0.1575401 0.7607205 0.0817394 
0.1735715 0.7312413 0.0951872 
0.1326404 0.8217902 0.04556944 
0.1455922 0.7477576 0.1066502 
0.1626916 0.791527 0.04578144 
0.1497465 0.8252205 0.02503302 
0.1134167 0.795748 0.09083531 
0.06310537 0.8533369 0.08355773 
0.2301372 0.7399633 0.02989942 
0.2006313 0.7536347 0.04573404 
0.1056944 0.831023 0.06328253 
0.1686025 0.7801035 0.05129394 
0.08447341 0.8385923 0.07693433 
0.1193881 0.8480207 0.0325912 
0.1008646 0.7790278 0.1201076 
0.1378849 0.7999331 0.06218199 
0.1203854 0.8079888 0.07162584 
0.1157773 0.8389209 0.04530182 
0.1618666 0.7932453 0.04488808 
0.08939951 0.8465627 0.06403782 
0.1070364 0.8016936 0.09126996 
0.1348412 0.8245676 0.04059116 
0.1178407 0.8505067 0.03165255 
0.09817923 0.8287272 0.07309354 
0.07229078 0.8749037 0.05280547 
0.1162581 0.8215393 0.06220267 
0.1364007 0.8306906 0.03290867 
0.05338835 0.8701121 0.07649958 
0.1652364 0.8021702 0.03259344 
0.1377938 0.7844569 0.07774932 
0.1362477 0.7930207 0.07073163 
0.135848 0.8196801 0.04447195 
0.08952871 0.8681574 0.04231385 
0.1291113 0.7901584 0.08073033 
0.1084613 0.8124588 0.07907984 
0.1321681 0.8197242 0.0481077 
0.09528749 0.7976075 0.107105 
0.1438243 0.7924551 0.06372066 
0.1087172 0.836152 0.05513078 
0.1084226 0.8165375 0.07503991 
0.1612764 0.8000733 0.03865028 
0.1084043 0.8440962 0.04749948 
0.1517067 0.8132663 0.03502697 
0.1191133 0.8186381 0.06224855 
0.1161411 0.8298759 0.05398299 
0.1224934 0.8284336 0.04907298 
0.08425544 0.8599986 0.05574601 
0.1371654 0.7918758 0.07095884 
0.1038788 0.7610939 0.1350274 
0.1155907 0.8052656 0.07914366 
0.1600023 0.7435248 0.09647293 
0.1635107 0.7704336 0.06605576 
0.1082967 0.8301368 0.06156646 
0.1272139 0.7855641 0.08722207 
0.1171342 0.8244649 0.05840088 
0.1227413 0.8415091 0.03574961 
0.1472866 0.8232348 0.02947853 
0.08368715 0.8362877 0.08002518 
0.1754595 0.7495093 0.07503119 
0.0675162 0.8611177 0.07136614 
0.2223206 0.6993907 0.07828869 
0.06073559 0.8761098 0.06315461 
0.1416781 0.785522 0.07279985 
0.1333816 0.8193807 0.04723771 
0.1198989 0.8343039 0.04579726 
0.1502456 0.8151252 0.03462916 
0.158644 0.8166061 0.02474989 
0.1496147 0.8187023 0.03168303 
0.1363634 0.8165208 0.04711577 
0.1130446 0.8572183 0.02973716 
0.1027353 0.8309097 0.06635502 
0.1421576 0.8070908 0.05075156 
0.1185057 0.8291842 0.05231011 
0.09442968 0.8309411 0.07462919 
0.1174032 0.834151 0.0484458 
0.122932 0.8391338 0.0379342 
0.130199 0.816958 0.05284301 
0.1207823 0.7863101 0.09290758 
0.1339522 0.8110205 0.05502731 
0.1719949 0.7352598 0.09274527 
0.1618476 0.7526319 0.08552048 
0.09766383 0.8435129 0.05882327 
0.1357909 0.8272707 0.03693834 
0.1094411 0.8652496 0.0253093 
0.1303592 0.8302182 0.03942267 
0.09986451 0.8441769 0.05595855 
0.1738563 0.7788541 0.04728956 
0.1480915 0.7818961 0.07001243 
0.124844 0.8474681 0.02768792 
0.07863851 0.8693337 0.05202777 
0.2229262 0.7198462 0.05722763 
0.1307449 0.752451 0.116804 
0.1817013 0.7646689 0.05362971 
0.1263485 0.8268007 0.04685078 
0.1444963 0.7831737 0.07232996 
0.13202 0.8172957 0.05068431 
0.2493175 0.6987869 0.05189559 
0.1135036 0.845953 0.04054341 
0.1509406 0.8132283 0.03583109 
0.1295332 0.8316104 0.03885644 
0.227335 0.747773 0.02489202 
0.1215247 0.8036663 0.07480896 
0.1854367 0.7841701 0.03039327 
0.1140985 0.8442334 0.04166817 
0.1768599 0.7333675 0.08977262 
0.13248 0.8072378 0.06028218 
0.1259931 0.8163476 0.05765932 
0.1786038 0.7713887 0.05000752 
0.111898 0.7756058 0.1124962 
0.13595 0.8011565 0.06289348 
0.1451205 0.7349565 0.119923 
0.1432293 0.8325673 0.02420338 
0.1033895 0.8520802 0.04453035 
0.152364 0.8203519 0.02728413 
0.1402564 0.794313 0.0654306 
0.1524792 0.7931984 0.05432236 
0.1810918 0.754637 0.06427118 
0.08302937 0.8677691 0.04920155 
0.164071 0.7659809 0.06994817 
0.1861613 0.7869292 0.02690946 
0.158613 0.7980768 0.04331014 
0.1050043 0.8355242 0.05947154 
0.1028667 0.8242885 0.0728448 
0.2152868 0.7741623 0.01055091 
0.1480094 0.7928295 0.05916105 
0.0672828 0.834231 0.0984862 
0.1037458 0.8302321 0.06602215 
0.1385635 0.8022376 0.05919888 
0.1430756 0.8202156 0.03670882 
0.1299022 0.8276117 0.04248608 
0.1559862 0.7875474 0.0564664 
0.09741019 0.8681441 0.03444572 
0.1748942 0.7957504 0.02935538 
0.1570697 0.7987166 0.04421366 
0.1833032 0.779955 0.03674184 
0.1137387 0.8162121 0.07004922 
0.1939887 0.6814778 0.1245335 
0.1032096 0.8038762 0.09291426 
0.1277637 0.8215102 0.05072607 
0.1421457 0.8224322 0.03542212 
0.1065725 0.8158831 0.07754447 
0.1419015 0.7640274 0.09407113 
0.157887 0.7841599 0.05795318 
0.08418621 0.8696441 0.04616967 
0.1417698 0.7748179 0.0834123 
0.115502 0.820796 0.06370199 
0.09830943 0.8642683 0.03742226 
0.1245564 0.7906407 0.08480288 
0.1260248 0.7790369 0.09493828 
0.1402484 0.82793 0.03182155 
0.1217587 0.8321769 0.04606436 
0.1075639 0.8433606 0.04907546 
0.153271 0.7855735 0.06115552 
0.1022592 0.8663769 0.0313639 
0.1582051 0.7506414 0.09115349 
0.1275598 0.7879783 0.08446188 
0.133794 0.8423452 0.0238608 
0.1976859 0.7389538 0.06336032 
0.104949 0.8352886 0.05976238 
0.1925862 0.7555964 0.05181736 
0.1542945 0.7651787 0.08052679 
0.1244018 0.8267825 0.04881568 
0.2054755 0.7520837 0.04244082 
0.1153045 0.8414123 0.04328325 
0.1179398 0.823165 0.05889513 
0.1526574 0.7721138 0.07522883 
0.163758 0.8030683 0.03317375 
0.1512755 0.7822636 0.06646084 
0.2164357 0.7590664 0.02449791 
0.1316812 0.77665 0.09166877 
0.07426303 0.8879738 0.0377632 
0.1478949 0.8228965 0.0292086 
0.135592 0.7824468 0.08196118 
0.1019167 0.8264151 0.07166819 
0.1762161 0.7697666 0.05401733 
0.06719021 0.8353636 0.09744622 
0.1510053 0.8148383 0.03415641 
0.1317572 0.7832157 0.08502716 
0.07636958 0.8825069 0.0411235 
0.1114597 0.8274152 0.06112505 
0.167197 0.7879449 0.04485813 
0.1389413 0.8346559 0.02640283 
0.1218879 0.8512258 0.02688628 
0.09351666 0.8597051 0.04677821 
0.09742862 0.8389897 0.06358172 
0.1495575 0.7620902 0.08835231 
0.1208573 0.7893069 0.08983582 
0.07073229 0.8524191 0.07684863 
0.2023979 0.7438944 0.05370769 
0.1361052 0.7508023 0.1130925 
0.09143864 0.8653868 0.04317461 
0.1661985 0.7938325 0.03996897 
0.122792 0.8221485 0.05505946 
0.1133445 0.8182976 0.06835784 
0.1780369 0.7825635 0.03939961 
0.19598 0.7430144 0.06100558 
0.1328964 0.831264 0.03583961 
0.1066454 0.8322776 0.06107696 
0.1466155 0.7889253 0.06445917 
0.1583989 0.7220461 0.119555 
0.1438947 0.7809077 0.07519754 
0.08162948 0.8314472 0.08692336 
0.1243568 0.8097512 0.06589192 
0.1586128 0.7862914 0.05509587 
0.1096951 0.8286937 0.06161127 
0.1787514 0.8000986 0.02114999 
0.1113807 0.8465395 0.04207978 
0.09582511 0.8686623 0.03551264 
0.0862575 0.8657887 0.04795382 
0.1140012 0.8126504 0.07334842 
0.1391722 0.7570132 0.1038146 
0.1134842 0.8213162 0.06519968 
0.1710047 0.758495 0.07050029 
0.1320814 0.7753701 0.09254846 
0.1355186 0.8001799 0.06430146 
0.05619037 0.8685832 0.0752264 
0.1287837 0.8148893 0.05632703 
0.1921947 0.7686829 0.03912237 
0.1099051 0.8057936 0.08430134 
0.1345671 0.8007465 0.06468636 
0.1376299 0.8155556 0.04681453 
0.1040349 0.8495979 0.04636714 
0.1623711 0.7813594 0.05626947 
0.1663504 0.8185658 0.01508374 
0.09537758 0.8264653 0.07815713 
0.1368026 0.7988848 0.06431258 
0.08463092 0.8365887 0.07878033 
0.09280611 0.8344229 0.072771 
0.08423838 0.8285198 0.08724183 
0.1691435 0.7802334 0.05062313 
0.08512908 0.7810413 0.1338297 
0.1073199 0.8388876 0.05379257 
0.09717753 0.8215986 0.08122383 
0.1234791 0.8236482 0.05287267 
0.2248271 0.7198236 0.05534935 
0.07471584 0.8058904 0.1193937 
0.1417336 0.7600338 0.09823257 
0.2099062 0.7232526 0.06684127 
0.1480946 0.8051295 0.04677589 
0.1942277 0.7594377 0.0463346 
0.09837462 0.8605381 0.04108727 
0.06650852 0.8290841 0.1044074 
0.1557513 0.7530524 0.09119629 
0.1148147 0.8353957 0.04978961 
0.1456541 0.8065378 0.04780803 
0.1683922 0.7880234 0.04358435 
0.1816179 0.7857577 0.03262448 
0.1677923 0.7948892 0.03731855 
0.09544226 0.8439963 0.06056148 
0.1299879 0.8366991 0.03331306 
0.1512028 0.8211811 0.02761612 
0.1434816 0.7841646 0.07235378 
0.1074938 0.8111854 0.08132081 
0.130089 0.7995498 0.07036121 
0.1520527 0.786179 0.06176827 
0.1524627 0.7601185 0.08741885 
0.1709319 0.8042981 0.02477001 
0.1151843 0.8570482 0.02776745 
0.07453288 0.835034 0.09043309 
0.1448477 0.803784 0.05136836 
0.120977 0.8536862 0.02533672 
0.1553484 0.7417986 0.102853 
0.08162498 0.876574 0.04180102 
0.1235819 0.8090742 0.0673439 
0.1484692 0.7771594 0.07437132 
0.1273018 0.821645 0.05105321 
0.1203027 0.8155178 0.06417943 
0.116924 0.8323966 0.05067934 
0.07836329 0.8399323 0.0817044 
0.09311831 0.8604251 0.0464566 
0.134519 0.8281257 0.03735529 
0.1271878 0.7746116 0.09820058 
0.1008615 0.8490232 0.05011535 
0.1707596 0.7773948 0.05184561 
0.1454307 0.823022 0.0315473 
0.1505929 0.7599977 0.08940945 
0.09622467 0.8512095 0.05256585 
0.1440309 0.807264 0.0487051 
0.1776339 0.7788163 0.04354973 
0.1202197 0.8435917 0.03618868 
0.1030133 0.8072107 0.08977605 
0.1802568 0.7735561 0.04618709 
0.1294068 0.7952744 0.07531879 
0.117506 0.8486435 0.03385052 
0.1152199 0.8539966 0.03078354 
0.0737905 0.8812154 0.04499407 
0.1522831 0.7486032 0.0991137 
0.1442548 0.8216468 0.03409837 
0.113804 0.8567891 0.02940687 
0.1279615 0.8049533 0.06708524 
0.1396591 0.7965577 0.06378323 
0.1813735 0.7710486 0.04757788 
0.1205547 0.8400861 0.03935922 
0.1937857 0.7673184 0.03889589 
0.0621457 0.8840859 0.05376837 
0.1489336 0.8274955 0.02357092 
0.09368883 0.8394409 0.06687024 
0.1336242 0.8030335 0.06334225 
0.137327 0.8326486 0.03002442 
0.1398059 0.8324722 0.02772198 
0.1253523 0.7713573 0.1032904 
0.1295567 0.8379979 0.03244546 
0.1029571 0.8246627 0.07238023 
0.1265691 0.783451 0.08997988 
0.1218254 0.807204 0.07097057 
0.1873857 0.7687567 0.04385755 
0.108074 0.8666311 0.02529492 
0.1343677 0.7636906 0.1019417 
0.08900963 0.852038 0.05895235 
0.1935828 0.7272331 0.07918403 
0.1532291 0.8310768 0.01569414 
0.1245283 0.8554901 0.01998167 
0.1038806 0.8506452 0.04547422 
0.1743051 0.8023393 0.0233556 
0.08161491 0.8760187 0.04236636 
0.09245437 0.8593342 0.0482114 
0.1365269 0.7875329 0.07594024 
0.1294509 0.8382542 0.03229496 
0.1530723 0.8065486 0.04037914 
0.08027103 0.8679696 0.0517594 
0.1732367 0.7614308 0.06533253 
0.0959064 0.8167287 0.08736487 
0.1778854 0.7623124 0.05980222 
0.07972732 0.8614323 0.0588404 
0.1191663 0.8218585 0.05897519 
0.1481415 0.8064082 0.0454503 
0.1353552 0.7761489 0.08849591 
0.1386012 0.8068608 0.05453805 
0.1743304 0.786166 0.03950355 
0.1349102 0.7694966 0.09559319 
0.1704038 0.7667573 0.06283888 
0.1484329 0.7807694 0.07079774 
0.1221509 0.8363455 0.04150365 
0.1683904 0.7573 0.0743096 
0.1567503 0.7876645 0.0555852 
0.1559381 0.8099917 0.03407022 
0.2033912 0.7643921 0.03221668 
0.1983237 0.7589945 0.04268187 
0.1856612 0.7252938 0.08904501 
0.190462 0.7734744 0.03606361 
0.1093718 0.8542036 0.03642453 
0.1606877 0.785465 0.05384728 
0.1683153 0.8067807 0.02490395 
0.09779582 0.8516921 0.05051212 
0.09480092 0.8521047 0.05309439 
0.1731519 0.7539906 0.07285748 
0.1717719 0.7627377 0.06549041 
0.1455573 0.7920691 0.06237364 
0.172731 0.7859646 0.04130447 
0.1352474 0.7374753 0.1272773 
0.1069501 0.8031826 0.08986723 
0.1287848 0.8130933 0.05812193 
0.1871694 0.7181137 0.09471688 
0.09758652 0.8342642 0.06814925 
0.1642956 0.7936558 0.04204864 
0.08177391 0.8716933 0.04653282 
0.1779953 0.747607 0.07439766 
0.1870895 0.7940048 0.01890568 
0.1645961 0.8130014 0.02240249 
0.2078579 0.7791613 0.01298075 
0.08878448 0.8110365 0.100179 
0.1597371 0.8256174 0.01464545 
0.1934301 0.8022303 0.004339578 
0.1335291 0.8221658 0.04430504 
0.1006177 0.8421202 0.05726206 
0.2125416 0.7431671 0.04429132 
0.09268267 0.877525 0.02979228 
0.152112 0.7819364 0.06595162 
0.1774162 0.7737533 0.0488305 
0.07824876 0.8507395 0.07101169 
0.07471239 0.8711604 0.0541272 
0.0741 0.8288244 0.09707565 
0.09257453 0.8658333 0.04159218 
0.1158233 0.7796269 0.1045498 
0.09572263 0.8608581 0.04341928 
0.1429485 0.8097902 0.04726131 
0.08520568 0.8828191 0.03197524 
0.1958974 0.7948644 0.009238214 
0.2012989 0.7875788 0.01112235 
0.1798776 0.8089166 0.01120576 
0.1574296 0.7669304 0.07563999 
0.09043183 0.7925385 0.1170296 
0.05517562 0.8212254 0.1235989 
0.0760082 0.816388 0.1076038 
0.05042518 0.8578097 0.09176507 
0.02536742 0.8047481 0.1698845 
0.0459082 0.7723641 0.1817277 
0.06227409 0.8386633 0.09906258 
0.03584153 0.8145696 0.1495889 
0.04293225 0.8318788 0.125189 
0.06291887 0.7420529 0.1950282 
0.07338777 0.7839697 0.1426426 
0.03957908 0.8263359 0.1340851 
0.03409639 0.8379747 0.1279289 
0.07234968 0.7974246 0.1302258 
0.05980064 0.8253307 0.1148687 
0.07610524 0.7793072 0.1445875 
0.08551878 0.7730849 0.1413963 
0.05038859 0.8202574 0.1293541 
0.05124812 0.7731483 0.1756036 
0.04165712 0.7971244 0.1612185 
0.04087511 0.7845017 0.1746231 
0.02356298 0.7626147 0.2138223 
0.06478511 0.8585085 0.07670641 
0.05100922 0.8573003 0.09169052 
0.05586233 0.7672122 0.1769255 
0.001579147 0.7640587 0.2343621 
0.1346355 0.7164355 0.148929 
0.0459508 0.8200878 0.1339614 
0.02045905 0.8761695 0.1033715 
0.04585216 0.8361383 0.1180096 
0.03589432 0.8425347 0.121571 
0.04674703 0.7987454 0.1545076 
0.07242731 0.7762662 0.1513065 
0.06018975 0.7962439 0.1435663 
0.07276665 0.7801192 0.1471142 
0.035988 0.8315456 0.1324664 
0.03149847 0.8263134 0.1421881 
0.06624653 0.71639 0.2173635 
0.0609788 0.8456447 0.09337646 
0.04225074 0.8434602 0.114289 
0.1085088 0.8247245 0.06676674 
0.04265456 0.8559397 0.1014057 
0.04261737 0.8307538 0.1266288 
0.02205913 0.8558186 0.1221222 
0.05056868 0.8467252 0.1027061 
0.05119836 0.7928452 0.1559564 
0.03230904 0.8213993 0.1462916 
0.02315326 0.8730086 0.1038382 
0.07741512 0.81583 0.1067549 
0.06893467 0.7974894 0.1335759 
0.07832814 0.8108011 0.1108708 
0.04808827 0.8029737 0.148938 
0.0528408 0.7956834 0.1514758 
0.05869368 0.8406212 0.1006851 
0.03430033 0.8391157 0.1265839 
0.03967424 0.7371514 0.2231744 
0.03268184 0.7824088 0.1849094 
0.07039448 0.7686189 0.1609867 
0.0739419 0.8473059 0.07875225 
0.04749668 0.8287654 0.123738 
0.08581851 0.7838001 0.1303813 
0.06244682 0.8594187 0.07813447 
0.07883074 0.8768854 0.04428388 
0.04233306 0.8663154 0.09135154 
0.0542428 0.8131551 0.1326021 
0.08646691 0.7308426 0.1826905 
0.06479533 0.798491 0.1367137 
0.09580031 0.7510756 0.1531241 
0.06319938 0.7871837 0.1496169 
0.03478736 0.8338026 0.13141 
0.06364614 0.8122516 0.1241022 
0.06510048 0.83087 0.1040295 
0.03049288 0.844819 0.1246881 
0.1072277 0.8229883 0.06978401 
0.08749972 0.7925093 0.119991 
0.06988379 0.8303511 0.09976514 
0.06268343 0.7345293 0.2027873 
0.06883353 0.8492702 0.08189629 
0.2431163 0.7396091 0.0172746 
0.1975709 0.6776574 0.1247717 
0.1636395 0.8228638 0.01349672 
0.1644558 0.8354107 0.0001334812 
0.1972015 0.7807427 0.02205577 
0.1315682 0.8537137 0.01471817 
0.1106109 0.8432615 0.04612753 
0.1579014 0.7394591 0.1026394 
0.1802624 0.8147926 0.004944996 
0.09915724 0.8062549 0.09458789 
0.1622281 0.771921 0.06585087 
0.2330778 0.7526132 0.01430895 
0.1874648 0.7504697 0.06206554 
0.1430709 0.7963279 0.06060123 
0.08579572 0.8128671 0.1013372 
0.1005108 0.8444468 0.05504237 
0.1489918 0.8254806 0.02552756 
0.08356193 0.8674693 0.04896878 
0.2265366 0.7084913 0.06497207 
0.1452991 0.8027129 0.051988 
0.140757 0.784377 0.07486597 
0.1290812 0.8408511 0.0300677 
0.1768506 0.7521997 0.07094969 
0.1291289 0.8027744 0.0680967 
0.1084901 0.8071615 0.0843484 
0.08596347 0.7609416 0.1530949 
0.09773022 0.8727226 0.02954717 
0.08408736 0.8529539 0.06295875 
0.1533516 0.7490784 0.09756999 
0.1194103 0.7922811 0.08830857 
0.1136238 0.7782708 0.1081054 
0.1828125 0.7312219 0.08596568 
0.1287101 0.8253615 0.04592847 
0.1373782 0.8155219 0.04709988 
0.07848777 0.8560882 0.06542403 
0.1458191 0.8218208 0.0323601 
0.1215477 0.8148185 0.06363378 
0.1470437 0.8164587 0.03649761 
0.1219522 0.8416582 0.03638958 
0.1150233 0.8418586 0.04311816 
0.1278828 0.7911223 0.08099484 
0.1098902 0.8500706 0.04003919 
0.08433381 0.8791925 0.03647372 
0.21533 0.7454751 0.03919484 
0.1386536 0.7951387 0.06620767 
0.09089966 0.8017863 0.107314 
0.09780852 0.8315099 0.07068157 
0.08367519 0.8593575 0.05696733 
0.1835285 0.7685271 0.04794442 
0.1093768 0.8545351 0.03608811 
0.1220422 0.8042234 0.07373443 
0.1780497 0.7795594 0.04239095 
0.1230365 0.7783072 0.09865633 
0.0606698 0.8380795 0.1012507 
0.1316171 0.7809562 0.08742671 
0.06256646 0.7669001 0.1705335 
0.1495753 0.7707449 0.07967979 
0.1070209 0.8523204 0.04065865 
0.1753319 0.7523493 0.07231875 
0.1247586 0.7881779 0.08706344 
0.1541245 0.7774512 0.06842428 
0.1362264 0.8095018 0.05427182 
0.1656025 0.7836853 0.05071222 
0.1710862 0.7953684 0.0335454 
0.1187025 0.8525759 0.02872158 
0.09156871 0.8399117 0.0685196 
0.177444 0.7627601 0.05979592 
0.137068 0.7926071 0.0703249 
0.1456609 0.7943755 0.05996362 
0.1033838 0.8378082 0.05880802 
0.1956253 0.7490977 0.05527702 
0.1275426 0.7953154 0.077142 
0.1846034 0.7751913 0.04020524 
0.0780424 0.876822 0.04513558 
0.1041869 0.8255696 0.07024343 
0.1723091 0.7637028 0.06398808 
0.1560721 0.7663987 0.07752922 
0.09893007 0.8762507 0.02481923 
0.2548017 0.7297683 0.01543001 
0.1362168 0.8329996 0.03078361 
0.04358584 0.796777 0.1596372 
0.1392613 0.8092009 0.05153776 
0.1666079 0.7698539 0.06353821 
0.131856 0.8237311 0.04441288 
0.1429533 0.8366398 0.02040694 
0.156763 0.8123701 0.03086694 
0.1604324 0.7546768 0.08489082 
0.1142202 0.8191958 0.06658404 
0.1276207 0.8218344 0.0505449 
0.1485306 0.8300626 0.02140681 
0.1179254 0.8498166 0.03225805 
0.1289331 0.8107604 0.06030657 
0.1143397 0.7888251 0.09683518 
0.115942 0.8489267 0.03513128 
0.1830119 0.7222932 0.09469484 
0.1312857 0.8105139 0.05820038 
0.1249996 0.8356744 0.03932599 
0.1375565 0.8089328 0.0535107 
0.1899874 0.7654664 0.04454615 
0.09683147 0.8518716 0.05129694 
0.09457537 0.8478719 0.05755273 
0.1604049 0.8064764 0.03311865 
0.1110541 0.8310307 0.05791512 
0.07681724 0.8620451 0.06113763 
0.1014038 0.7710953 0.1275009 
0.1845541 0.7631939 0.05225197 
0.1247665 0.7976788 0.07755463 
0.1867075 0.7482911 0.06500131 
0.1226689 0.8041719 0.07315918 
0.1021229 0.8625542 0.03532285 
0.08131874 0.8523484 0.06633281 
0.1133421 0.8377392 0.04891865 
0.1118158 0.870705 0.0174792 
0.1759951 0.7853638 0.03864119 
0.1346808 0.8296787 0.03564058 
0.11635 0.8247809 0.05886908 
0.1675283 0.7639184 0.06855329 
0.1412006 0.8082562 0.0505433 
0.103519 0.8609524 0.03552853 
0.1520455 0.7769779 0.07097656 
0.1156158 0.8022334 0.08215076 
0.134863 0.7879647 0.07717236 
0.157051 0.7930291 0.04991995 
0.08825087 0.8378676 0.07388154 
0.08236871 0.8509431 0.06668819 
0.1113536 0.8621639 0.02648246 
0.1480492 0.7943118 0.05763898 
0.1331606 0.8100083 0.05683109 
0.1848648 0.7372025 0.07793267 
0.1538808 0.779411 0.06670818 
0.1888086 0.7674342 0.04375718 
0.1262833 0.8310075 0.04270926 
0.1368864 0.8119489 0.05116468 
0.1119745 0.8485112 0.03951422 
0.1452182 0.8109754 0.04380644 
0.1367742 0.816765 0.0464608 
0.08650963 0.8504987 0.0629917 
0.1515275 0.785327 0.06314548 
0.1679875 0.7464796 0.08553284 
0.1433557 0.7895302 0.06711402 
0.1188377 0.8205619 0.06060038 
0.1160143 0.8267151 0.05727067 
0.108911 0.8010745 0.09001453 
0.09821318 0.811256 0.09053083 
0.1602204 0.7501926 0.08958696 
0.1094627 0.8522408 0.03829654 
0.1581585 0.7746694 0.06717212 
0.1827683 0.776138 0.04109366 
0.1789488 0.7633254 0.05772583 
0.08637765 0.830006 0.08361633 
0.180581 0.7772724 0.04214665 
0.1303103 0.7961703 0.07351948 
0.1353433 0.7920104 0.0726463 
0.1481486 0.8126537 0.03919767 
0.1368672 0.8147629 0.04836988 
0.1609868 0.7999168 0.03909634 
0.09703455 0.8414784 0.06148702 
0.1499734 0.8129226 0.03710406 
0.1217494 0.8075139 0.07073672 
0.1140033 0.8137166 0.07228015 
0.2015292 0.7665306 0.03194022 
0.1780583 0.7647925 0.05714915 
0.1431727 0.8103548 0.0464725 
0.1538449 0.80884 0.03731515 
0.1600973 0.7480579 0.09184477 
0.1281275 0.788862 0.08301057 
0.1186273 0.7601575 0.1212153 
0.1278782 0.819701 0.05242073 
0.1347382 0.8092098 0.056052 
0.07655698 0.8374441 0.08599896 
0.1226961 0.811212 0.06609184 
0.1347811 0.8250139 0.04020503 
0.1133261 0.8289573 0.05771663 
0.1073847 0.8592896 0.03332565 
0.1491712 0.8008935 0.04993536 
0.1126847 0.8358317 0.05148362 
0.1531974 0.8102757 0.03652689 
0.09887363 0.8586747 0.04245168 
0.1346447 0.8297521 0.0356032 
0.1566216 0.8145769 0.02880149 
0.1615417 0.8017116 0.03674676 
0.1238252 0.7872003 0.08897454 
0.1220565 0.8086477 0.0692958 
0.1399457 0.7774788 0.08257552 
0.1214176 0.7809263 0.0976561 
0.1003829 0.829748 0.06986914 
0.1429034 0.8051853 0.05191132 
0.1254099 0.7978838 0.07670633 
0.1608337 0.7824782 0.05668811 
0.1942421 0.742677 0.06308095 
0.116711 0.8453702 0.03791874 
0.1455793 0.8041659 0.05025484 
0.1459764 0.7693455 0.08467809 
0.168678 0.7336001 0.09772192 
0.06027409 0.8320643 0.1076616 
0.2232173 0.6968142 0.07996853 
0.1720582 0.7607148 0.06722697 
0.1431971 0.8160356 0.04076727 
0.2112703 0.7169336 0.07179618 
0.1673968 0.775373 0.05723013 
0.1010542 0.8526154 0.0463304 
0.1445384 0.8125109 0.04295073 
0.08541609 0.882966 0.03161791 
0.1127385 0.831191 0.05607054 
0.1276122 0.8421229 0.03026487 
0.1083087 0.8126573 0.079034 
0.1107373 0.8247313 0.06453144 
0.136547 0.7365133 0.1269398 
0.1479884 0.8059338 0.04607771 
0.09848894 0.7551756 0.1463354 
0.1576542 0.7942457 0.04810009 
0.1385185 0.8144959 0.04698557 
0.08673644 0.8497302 0.06353333 
0.1122129 0.8628688 0.02491823 
0.182328 0.7573953 0.06027663 
0.1359212 0.7961711 0.06790771 
0.09287295 0.8317632 0.07536388 
0.1291004 0.8194997 0.05139991 
0.1403059 0.8132523 0.04644179 
0.1753707 0.7218843 0.102745 
0.1329958 0.8370554 0.02994883 
0.1522609 0.802446 0.04529313 
0.1355535 0.7628274 0.1016192 
0.1577169 0.8040559 0.03822719 
0.1539204 0.7900731 0.05600648 
0.1472068 0.7826056 0.07018756 
0.1081986 0.829468 0.06233339 
0.102063 0.8457738 0.05216317 
0.1399403 0.7746523 0.08540739 
0.1254764 0.8194808 0.05504274 
0.1316873 0.8364955 0.03181722 
0.1214547 0.8597167 0.01882859 
0.08287158 0.8592931 0.05783532 
0.1475767 0.8121475 0.04027582 
0.07129953 0.7859499 0.1427506 
0.1767778 0.7261267 0.09709545 
0.1940381 0.7111022 0.09485972 
0.1585908 0.8077575 0.03365174 
0.1213744 0.8032238 0.07540175 
0.1619118 0.7679782 0.07011 
0.1147812 0.8531446 0.03207419 
0.2165051 0.7563654 0.02712951 
0.1459308 0.7728848 0.08118438 
0.1614517 0.7899913 0.04855708 
0.1512419 0.8013994 0.04735875 
0.08857746 0.8132521 0.09817048 
0.1329453 0.778568 0.08848676 
0.1274417 0.8051968 0.06736149 
0.129501 0.83097 0.03952897 
0.1296653 0.8056803 0.06465441 
0.1031862 0.824964 0.07184981 
0.2468264 0.7020122 0.05116144 
0.2127014 0.7596785 0.02762009 
0.1392745 0.7890723 0.07165322 
0.1297452 0.7941736 0.07608128 
0.1265521 0.8225428 0.05090511 
0.1057373 0.8510763 0.04318635 
0.1430256 0.8177004 0.03927402 
0.1118718 0.8194601 0.06866809 
0.1887508 0.7884963 0.02275291 
0.178831 0.7515195 0.06964951 
0.1387187 0.8338439 0.02743742 
0.1393444 0.8094837 0.05117193 
0.1050404 0.8014802 0.09347937 
0.2180573 0.7504446 0.03149805 
0.1642423 0.7564469 0.07931082 
0.1038847 0.8500259 0.04608943 
0.1364896 0.768258 0.09525243 
0.1630966 0.8041927 0.03271071 
0.110189 0.7847068 0.1051041 
0.1252071 0.8115605 0.06323244 
0.1495665 0.8094823 0.04095117 
0.097294 0.8075266 0.09517945 
0.1048925 0.8188082 0.07629922 
0.1326945 0.818157 0.0491485 
0.1607168 0.7844916 0.05479163 
0.1308409 0.8304825 0.03867662 
0.203941 0.733727 0.06233192 
0.1510455 0.7958716 0.05308282 
0.160265 0.786824 0.05291101 
0.1780526 0.776244 0.04570344 
0.1994017 0.7490909 0.05150739 
0.1205364 0.8261044 0.05335921 
0.1532682 0.7444478 0.102284 
0.1891652 0.7883439 0.02249096 
0.1292085 0.8362763 0.03451518 
0.1402666 0.7649547 0.0947787 
0.08610915 0.8723537 0.0415372 
0.168738 0.7747492 0.0565128 
0.1424851 0.7938389 0.06367594 
0.1840254 0.7124178 0.1035568 
0.0627795 0.873369 0.06385149 
0.1140261 0.7852514 0.1007226 
0.1366115 0.7914337 0.07195473 
0.2055308 0.7489803 0.04548886 
0.1530436 0.814317 0.03263937 
0.1289562 0.8160407 0.05500312 
0.1149921 0.830487 0.05452087 
0.1629557 0.7774735 0.05957073 
0.0908446 0.8143103 0.09484511 
0.1210224 0.7959343 0.08304334 
0.1465185 0.8111413 0.04234015 
0.1674518 0.7544548 0.0780934 
0.1259957 0.8108421 0.06316213 
0.08319493 0.8571565 0.05964862 
0.1367889 0.7897713 0.07343984 
0.1440753 0.796475 0.0594497 
0.1551757 0.820051 0.02477329 
0.1050715 0.8030216 0.09190691 
0.1126919 0.8146809 0.07262725 
0.1519452 0.7600103 0.08804441 
0.1257023 0.8405679 0.03372975 
0.1425377 0.8329455 0.02451676 
0.1156875 0.8266185 0.05769401 
0.1223025 0.7737142 0.1039832 
0.215368 0.7584994 0.02613253 
0.1127679 0.8604936 0.02673852 
0.1200104 0.8214532 0.05853637 
0.1602921 0.8047839 0.03492391 
0.1267117 0.8186699 0.05461843 
0.1572293 0.7774757 0.06529501 
0.1500443 0.8117321 0.03822361 
0.1299824 0.8043528 0.06566476 
0.1423998 0.7998771 0.05772303 
0.1649573 0.7857213 0.04932134 
0.09504974 0.8297169 0.07523332 
0.102931 0.8594569 0.03761205 
0.1524982 0.8131565 0.03434523 
0.2285451 0.7247468 0.04670809 
0.1397036 0.8028746 0.05742182 
0.1561584 0.7725679 0.07127366 
0.1175593 0.8566427 0.02579801 
0.2670092 0.7321085 0.0008822546 
0.1135357 0.8320783 0.05438601 
0.1200481 0.8176218 0.06233014 
0.1652582 0.7814822 0.0532596 
0.1721737 0.7827678 0.04505848 
0.1201062 0.8164305 0.06346326 
0.1140844 0.820289 0.0656267 
0.1036177 0.8460246 0.05035772 
0.1681296 0.7536317 0.07823867 
0.1228964 0.8185076 0.05859606 
0.1788872 0.7654496 0.05566325 
0.1026247 0.8313503 0.06602505 
0.1400084 0.7806641 0.07932757 
0.1221663 0.7924234 0.08541035 
0.1873776 0.7716422 0.04098016 
0.1283489 0.7663107 0.1053404 
0.1198376 0.8257427 0.05441967 
0.09835277 0.8640733 0.0375739 
0.2110972 0.7134219 0.07548084 
0.141334 0.756899 0.101767 
0.1510428 0.7546959 0.09426136 
0.148619 0.7772196 0.07416136 
0.1445426 0.800763 0.05469439 
0.05729271 0.898617 0.04409032 
0.09753754 0.8372432 0.06521922 
0.09498858 0.8489357 0.05607567 
0.09092056 0.828372 0.08070746 
0.1118993 0.8372873 0.05081338 
0.2043863 0.714218 0.08139575 
0.1462651 0.8175427 0.0361922 
0.1152159 0.8312288 0.05355532 
0.1053163 0.7939151 0.1007686 
0.2178839 0.6963979 0.08571826 
0.1748697 0.7551125 0.07001782 
0.06196623 0.8665613 0.07147252 
0.1207204 0.8284523 0.05082729 
0.1521684 0.8011268 0.04670487 
0.1022986 0.8377717 0.05992979 
0.1529501 0.7885224 0.05852756 
0.1251274 0.7993874 0.07548514 
0.1513784 0.7771551 0.07146649 
0.1141725 0.8391741 0.04665343 
0.149451 0.7848752 0.06567374 
0.1214757 0.8039474 0.07457693 
0.09564906 0.8443743 0.05997664 
0.1244327 0.8229964 0.05257089 
0.123138 0.7677656 0.1090964 
0.05334385 0.8502505 0.0964057 
0.1710209 0.7177859 0.1111932 
0.1756482 0.7634578 0.060894 
0.1830376 0.7428638 0.07409855 
0.08100858 0.879014 0.03997742 
0.1545548 0.8080923 0.03735293 
0.07320003 0.8479028 0.0788972 
0.11207 0.8453359 0.04259415 
0.191247 0.7613184 0.04743464 
0.1938449 0.7633676 0.0427875 
0.1593717 0.7290507 0.1115777 
0.1234855 0.8105051 0.06600935 
0.1689404 0.7834198 0.04763983 
0.1338878 0.7569764 0.1091358 
0.1355317 0.8292923 0.03517597 
0.151002 0.7956183 0.05337969 
0.07815661 0.8809311 0.04091231 
0.1729092 0.7572334 0.06985735 
0.135509 0.8219354 0.04255568 
0.1439298 0.7969591 0.05911115 
0.09225234 0.8812527 0.02649493 
0.1651281 0.7930118 0.04186015 
0.1313953 0.8100009 0.0586038 
0.1115503 0.7716942 0.1167555 
0.1364453 0.8167517 0.04680299 
0.1095778 0.8540937 0.03632849 
0.09876196 0.7915863 0.1096518 
0.1084134 0.7774652 0.1141213 
0.1254934 0.7855682 0.08893842 
0.2218843 0.7448248 0.03329083 
0.07877999 0.8638919 0.05732809 
0.1573823 0.8061842 0.0364335 
0.1618573 0.7951462 0.04299651 
0.09318311 0.7497275 0.1570894 
0.1595389 0.7823075 0.05815361 
0.1490881 0.7802056 0.07070625 
0.06807763 0.8379302 0.09399219 
0.1135598 0.8018062 0.08463402 
0.1864445 0.7743893 0.03916617 
0.1068595 0.8582212 0.03491931 
0.174236 0.7406066 0.08515741 
0.1598419 0.7994972 0.04066088 
0.05919717 0.901506 0.03929682 
0.08155296 0.880486 0.037961 
0.1685661 0.7948325 0.03660139 
0.09668741 0.8523351 0.05097745 
0.1147389 0.7865855 0.09867558 
0.09260856 0.8792921 0.02809937 
0.1351951 0.825152 0.03965298 
0.1871979 0.7489772 0.06382484 
0.1957978 0.7443394 0.05986283 
0.1062845 0.7887196 0.1049959 
0.1192222 0.8484893 0.0322885 
0.1342774 0.80327 0.06245262 
0.1243972 0.8441471 0.03145576 
0.1340226 0.839829 0.0261484 
0.143087 0.801585 0.05532795 
0.1245527 0.851496 0.02395126 
0.1512483 0.8159668 0.03278494 
0.1447828 0.7586702 0.09654698 
0.1381007 0.8215764 0.04032295 
0.1165567 0.8289696 0.05447367 
0.1910975 0.7494966 0.05940592 
0.1413079 0.7991969 0.05949522 
0.1052335 0.8595833 0.03518328 
0.1388509 0.8095196 0.05162953 
0.1353456 0.7884623 0.07619217 
0.1235403 0.824639 0.05182064 
0.1661787 0.7868623 0.04695898 
0.09894923 0.8064798 0.09457102 
0.1420123 0.7832237 0.07476399 
0.1090875 0.8323358 0.05857671 
0.1189676 0.8401718 0.04086068 
0.1298809 0.8431785 0.02694063 
0.2048385 0.7534781 0.04168344 
0.1381579 0.7650641 0.09677797 
0.07991379 0.826555 0.0935312 
0.09902584 0.8270778 0.07389635 
0.1204956 0.8136404 0.06586399 
0.1372478 0.7907618 0.0719904 
0.08505414 0.8722247 0.04272119 
0.1695754 0.7607041 0.06972058 
0.1464286 0.7673579 0.08621348 
0.1152809 0.8341668 0.05055227 
0.1305551 0.8154897 0.05395519 
0.1122982 0.8064404 0.08126143 
0.1638774 0.8148898 0.02123281 
0.1042265 0.7994049 0.09636858 
0.1284343 0.7950822 0.07648353 
0.183693 0.7746691 0.0416379 
0.1378937 0.8203048 0.04180153 
0.100303 0.8544422 0.0452548 
0.1323216 0.8093335 0.05834486 
0.06149156 0.8653332 0.07317522 
0.1291586 0.8541366 0.01670487 
