p_1 p_2 p_3 
0.382597 0.2784672 0.3389357 
0.3871251 0.3655596 0.2473154 
0.4111179 0.3742407 0.2146414 
0.3772488 0.2691209 0.3536303 
0.4379016 0.2446228 0.3174756 
0.3430033 0.3079785 0.3490182 
0.3884894 0.283089 0.3284216 
0.4925691 0.3142857 0.1931452 
0.3741848 0.3713556 0.2544595 
0.440062 0.310089 0.249849 
0.4431154 0.3320943 0.2247903 
0.4156523 0.2490636 0.3352841 
0.4318806 0.2915668 0.2765526 
0.4338007 0.235794 0.3304054 
0.3215727 0.3541453 0.324282 
0.3843934 0.3475388 0.2680678 
0.4525864 0.2315235 0.3158901 
0.4115043 0.2249202 0.3635756 
0.4506902 0.3103179 0.2389919 
0.4103251 0.276103 0.3135719 
0.5209982 0.2283808 0.250621 
0.3869426 0.3449027 0.2681547 
0.5285765 0.2838343 0.1875892 
0.4073358 0.3025938 0.2900705 
0.4526505 0.3591651 0.1881844 
0.385961 0.2814758 0.3325632 
0.3639888 0.3068323 0.3291789 
0.4162394 0.3022971 0.2814635 
0.397804 0.2768974 0.3252986 
0.389669 0.3433522 0.2669788 
0.4166646 0.3222525 0.2610829 
0.425027 0.3299354 0.2450377 
0.3868316 0.3710142 0.2421542 
0.4179687 0.3303561 0.2516751 
0.3017263 0.2869628 0.4113109 
0.3979464 0.2169188 0.3851347 
0.4131916 0.3317021 0.2551063 
0.4542305 0.2821551 0.2636144 
0.4475518 0.2765804 0.2758678 
0.3068781 0.3311208 0.3620011 
0.4090627 0.3547949 0.2361424 
0.3834928 0.2960197 0.3204875 
0.4936333 0.2250669 0.2812997 
0.3794013 0.3218376 0.2987611 
0.3915362 0.3148565 0.2936073 
0.4182922 0.3502666 0.2314412 
0.3900236 0.3053878 0.3045886 
0.2917691 0.3978832 0.3103477 
0.4095766 0.271694 0.3187294 
0.4780049 0.2304877 0.2915073 
0.3960977 0.3738517 0.2300506 
0.4440992 0.2777909 0.2781099 
0.4471205 0.3337717 0.2191078 
0.4917065 0.2549406 0.2533529 
0.3690509 0.3386344 0.2923146 
0.3697439 0.3184407 0.3118154 
0.4138399 0.3242399 0.2619202 
0.3903106 0.2707855 0.3389038 
0.4327535 0.3460725 0.221174 
0.4225152 0.262858 0.3146268 
0.4512885 0.288981 0.2597305 
0.4978612 0.2483158 0.253823 
0.3610887 0.3470914 0.2918198 
0.380193 0.3873567 0.2324502 
0.409876 0.303391 0.286733 
0.4294076 0.2276933 0.3428991 
0.3612195 0.4228681 0.2159124 
0.4397994 0.2826664 0.2775342 
0.3166927 0.4105825 0.2727249 
0.3749313 0.2922155 0.3328532 
0.3615349 0.3700096 0.2684554 
0.3829436 0.3262166 0.2908398 
0.3830269 0.2737438 0.3432294 
0.4187739 0.3076908 0.2735353 
0.3888219 0.3576713 0.2535067 
0.5052223 0.2092583 0.2855195 
0.4088527 0.3111903 0.2799571 
0.4223181 0.299941 0.277741 
0.4775629 0.3158128 0.2066243 
0.4240464 0.28937 0.2865837 
0.4010699 0.2550839 0.3438462 
0.3358515 0.4377682 0.2263803 
0.4363678 0.2797756 0.2838566 
0.4468481 0.3285393 0.2246127 
0.4358246 0.2845556 0.2796198 
0.4488131 0.2962584 0.2549285 
0.446843 0.3053558 0.2478013 
0.3775082 0.3483626 0.2741293 
0.3728831 0.2583385 0.3687784 
0.3157308 0.382617 0.3016522 
0.443279 0.2825833 0.2741377 
0.4155908 0.2972969 0.2871122 
0.4125176 0.2651967 0.3222857 
0.3781537 0.2934638 0.3283825 
0.3598341 0.3001184 0.3400475 
0.3326994 0.3953635 0.271937 
0.4356501 0.3567661 0.2075838 
0.3868236 0.3140905 0.2990858 
0.4257031 0.2575471 0.3167498 
0.4948573 0.2558003 0.2493424 
0.3580446 0.3382353 0.3037201 
0.473334 0.3294967 0.1971693 
0.3819216 0.3490775 0.2690009 
0.3899143 0.3689597 0.241126 
0.3834817 0.3385451 0.2779732 
0.3987502 0.2474921 0.3537577 
0.4472947 0.3514963 0.201209 
0.4430166 0.3514853 0.2054981 
0.5121725 0.2582119 0.2296155 
0.4732729 0.2836535 0.2430737 
0.429783 0.3254544 0.2447625 
0.4209272 0.310726 0.2683468 
0.4251583 0.2295803 0.3452613 
0.4225485 0.2542683 0.3231832 
0.3755093 0.3641256 0.2603652 
0.4694603 0.3283696 0.2021701 
0.4773157 0.2923872 0.2302971 
0.3991176 0.3377174 0.263165 
0.4994456 0.2799647 0.2205897 
0.3572749 0.2903692 0.352356 
0.4359758 0.3278907 0.2361335 
0.3738468 0.3232989 0.3028543 
0.3637807 0.2834179 0.3528015 
0.4265519 0.2831309 0.2903172 
0.4327349 0.2396221 0.327643 
0.4783932 0.2976808 0.2239261 
0.341255 0.3036516 0.3550934 
0.3497424 0.2915814 0.3586762 
0.420142 0.2635469 0.3163111 
0.410093 0.2776953 0.3122117 
0.3471781 0.3376496 0.3151723 
0.4255563 0.2567881 0.3176556 
0.3866255 0.3423596 0.2710149 
0.3817641 0.2995601 0.3186758 
0.4413223 0.2978227 0.260855 
0.4754296 0.2785187 0.2460517 
0.386262 0.3549066 0.2588314 
0.3928837 0.3101307 0.2969856 
0.4182776 0.2869175 0.2948049 
0.3623431 0.3451218 0.292535 
0.4519553 0.3070775 0.2409672 
0.4278446 0.307399 0.2647564 
0.3008563 0.3387867 0.360357 
0.4496708 0.2685483 0.2817809 
0.4140011 0.3005429 0.285456 
0.3690173 0.299405 0.3315777 
0.4232031 0.3373457 0.2394512 
0.4555227 0.2432274 0.3012499 
0.428571 0.2462653 0.3251638 
0.3471665 0.3407398 0.3120937 
0.4032037 0.2556533 0.341143 
0.4100301 0.3709942 0.2189757 
0.4208723 0.307606 0.2715216 
0.4041837 0.3203003 0.275516 
0.401348 0.2828103 0.3158417 
0.3434932 0.3561343 0.3003725 
0.3905212 0.3059603 0.3035185 
0.3521099 0.3967158 0.2511743 
0.3507963 0.388378 0.2608257 
0.3891011 0.2906668 0.3202321 
0.3992912 0.3704163 0.2302925 
0.4006633 0.2825573 0.3167794 
0.4274624 0.3136811 0.2588564 
0.4159584 0.2781356 0.305906 
0.3294322 0.3645381 0.3060297 
0.448071 0.284407 0.267522 
0.4441769 0.2882049 0.2676182 
0.4191486 0.2950124 0.2858391 
0.4477696 0.305422 0.2468085 
0.4251624 0.2420357 0.3328019 
0.4248726 0.2603257 0.3148017 
0.3707964 0.3549222 0.2742814 
0.4027565 0.2944379 0.3028055 
0.4495941 0.2923863 0.2580196 
0.372814 0.2666374 0.3605486 
0.3746067 0.2652134 0.3601799 
0.4410063 0.3112713 0.2477224 
0.3987537 0.3885529 0.2126933 
0.3521048 0.3503857 0.2975095 
0.3017352 0.3848338 0.313431 
0.3864268 0.3198936 0.2936796 
0.3625306 0.3158863 0.3215831 
0.3637048 0.3292186 0.3070765 
0.4093796 0.3032743 0.2873461 
0.4103366 0.3647818 0.2248816 
0.4192962 0.2371144 0.3435894 
0.4118127 0.2766495 0.3115378 
0.4027149 0.3118027 0.2854824 
0.3860466 0.3476016 0.2663518 
0.3660075 0.3944303 0.2395623 
0.4074778 0.3392911 0.253231 
0.3985127 0.3202253 0.2812621 
0.437382 0.2946539 0.2679641 
0.5386524 0.2733182 0.1880295 
0.3533025 0.3212265 0.325471 
0.4344413 0.3385484 0.2270103 
0.2952128 0.3858282 0.3189589 
0.36059 0.2850762 0.3543338 
0.4149074 0.3402017 0.2448909 
0.4005861 0.3450766 0.2543372 
0.3671664 0.3111574 0.3216762 
0.4099773 0.3041558 0.2858668 
0.4287751 0.2484511 0.3227739 
0.5085538 0.2835267 0.2079195 
0.4024775 0.2644871 0.3330354 
0.4165116 0.318757 0.2647314 
0.440245 0.272443 0.287312 
0.3719734 0.3412146 0.286812 
0.5210222 0.2369764 0.2420013 
0.5256624 0.2934954 0.1808423 
0.4009546 0.3168317 0.2822137 
0.4273684 0.3074951 0.2651364 
0.3634611 0.3432499 0.293289 
0.3488709 0.3688149 0.2823143 
0.4103548 0.3210044 0.2686408 
0.4485229 0.2717771 0.2797 
0.3525765 0.3791004 0.2683231 
0.415568 0.2467179 0.337714 
0.3875926 0.3265788 0.2858286 
0.3622674 0.3380227 0.2997099 
0.3593325 0.3934966 0.2471709 
0.3423403 0.3029711 0.3546886 
0.3224621 0.3501729 0.3273649 
0.3769756 0.2755886 0.3474358 
0.3792707 0.3883062 0.2324231 
0.388529 0.3443022 0.2671688 
0.3363206 0.2696574 0.3940221 
0.3921965 0.3146883 0.2931151 
0.3516602 0.2650572 0.3832825 
0.4511052 0.2220327 0.3268621 
0.4173952 0.2734892 0.3091156 
0.4366952 0.3612339 0.2020708 
0.4161645 0.3165756 0.2672599 
0.4375959 0.2840824 0.2783217 
0.4119266 0.3138193 0.274254 
0.3783472 0.2825527 0.3391001 
0.3296681 0.383393 0.2869389 
0.4550115 0.3100504 0.2349381 
0.4266871 0.2782048 0.2951081 
0.4288544 0.3402737 0.2308719 
0.4344215 0.3024967 0.2630818 
0.3764713 0.3660713 0.2574574 
0.4067171 0.3424327 0.2508501 
0.3920495 0.3579286 0.2500219 
0.4061034 0.3301563 0.2637402 
0.4529298 0.3140866 0.2329836 
0.5003377 0.2425862 0.2570761 
0.4323055 0.281293 0.2864016 
0.3940875 0.2854942 0.3204183 
0.443475 0.2591445 0.2973804 
0.4979403 0.2281769 0.2738828 
0.4408829 0.2645065 0.2946106 
0.4689906 0.2479565 0.2830529 
0.4164769 0.3106759 0.2728472 
0.3787949 0.2973957 0.3238093 
0.3537282 0.3908326 0.2554392 
0.4382297 0.3024018 0.2593685 
0.4353567 0.2298967 0.3347466 
0.4776488 0.2848173 0.2375339 
0.4140367 0.2844665 0.3014968 
0.3336335 0.3286872 0.3376793 
0.347415 0.3501889 0.3023961 
0.3942385 0.2709903 0.3347711 
0.4344042 0.2934868 0.272109 
0.3860256 0.3324934 0.281481 
0.3442961 0.3326833 0.3230206 
0.3087654 0.3427029 0.3485317 
0.34338 0.2781048 0.3785152 
0.4337273 0.3240422 0.2422305 
0.5275 0.2135554 0.2589445 
0.4187971 0.3010428 0.2801601 
0.4584443 0.2833724 0.2581833 
0.4052512 0.3071356 0.2876133 
0.4395755 0.2506048 0.3098197 
0.5223694 0.2249763 0.2526543 
0.4829329 0.28957 0.2274971 
0.3407319 0.3573291 0.3019391 
0.4873607 0.3059377 0.2067016 
0.4562106 0.2049371 0.3388523 
0.4099671 0.3422632 0.2477698 
0.472002 0.2760004 0.2519976 
0.3993297 0.2515736 0.3490967 
0.4562384 0.2398323 0.3039293 
0.4419432 0.2812713 0.2767855 
0.4169967 0.3253247 0.2576786 
0.4032409 0.3384836 0.2582754 
0.3460363 0.424439 0.2295247 
0.3464265 0.3099866 0.3435869 
0.466728 0.2908606 0.2424114 
0.4192229 0.348482 0.2322951 
0.4969375 0.2547063 0.2483562 
0.4335521 0.2584427 0.3080052 
0.3933344 0.306153 0.3005126 
0.4310284 0.2954012 0.2735705 
0.3280708 0.3853859 0.2865433 
0.4212796 0.2542967 0.3244237 
0.3401703 0.3870104 0.2728194 
0.4614533 0.2237709 0.3147758 
0.2895065 0.3765347 0.3339588 
0.3430385 0.3263901 0.3305715 
0.4894398 0.2193117 0.2912484 
0.4115819 0.271585 0.3168331 
0.440248 0.3315122 0.2282398 
0.4307218 0.2940398 0.2752385 
0.4327241 0.2845021 0.2827739 
0.3707419 0.4127546 0.2165035 
0.3959305 0.3102961 0.2937734 
0.3993599 0.3253056 0.2753345 
0.4305212 0.2773834 0.2920954 
0.3907792 0.2942925 0.3149283 
0.5338564 0.2567135 0.2094302 
0.3495802 0.3061459 0.3442739 
0.3529869 0.3218439 0.3251692 
0.4151172 0.2838399 0.3010429 
0.3260718 0.37741 0.2965182 
0.4147605 0.3148448 0.2703947 
0.4100253 0.3348513 0.2551234 
0.5039107 0.2534176 0.2426717 
0.4613725 0.2586228 0.2800047 
0.391241 0.3356876 0.2730714 
0.4151338 0.3703785 0.2144877 
0.4577464 0.2901479 0.2521057 
0.4107304 0.3409289 0.2483407 
0.4035226 0.3534036 0.2430738 
0.445465 0.3051859 0.2493492 
0.3960764 0.366313 0.2376106 
0.4099037 0.2982553 0.291841 
0.3813718 0.2549979 0.3636303 
0.4732506 0.2626414 0.264108 
0.4296032 0.300032 0.2703648 
0.4104572 0.3005122 0.2890306 
0.3399647 0.3370799 0.3229554 
0.5022383 0.2753607 0.222401 
0.4810174 0.2531338 0.2658488 
0.3902709 0.2227824 0.3869467 
0.469241 0.2364953 0.2942637 
0.3627139 0.3563717 0.2809144 
0.3691388 0.2977915 0.3330697 
0.3447089 0.400122 0.2551691 
0.4996026 0.2183216 0.2820757 
0.3327756 0.4078565 0.2593679 
0.4507333 0.2508071 0.2984596 
0.3765275 0.3038407 0.3196317 
0.4122004 0.3109194 0.2768802 
0.4877009 0.3237098 0.1885893 
0.4222644 0.2607223 0.3170133 
0.4167963 0.2689347 0.314269 
0.3432222 0.3204321 0.3363458 
0.4049665 0.2263475 0.368686 
0.439177 0.3120253 0.2487977 
0.4059839 0.2908104 0.3032057 
0.4022248 0.3806716 0.2171036 
0.4138403 0.2694012 0.3167585 
0.3686538 0.2811659 0.3501803 
0.3859953 0.3746017 0.2394031 
0.4296799 0.2467282 0.3235919 
0.3615382 0.3032251 0.3352367 
0.4102026 0.3017939 0.2880034 
0.4671228 0.2501235 0.2827537 
0.3745305 0.2751054 0.3503642 
0.3652993 0.3013416 0.3333591 
0.2990847 0.339595 0.3613203 
0.4367762 0.3128205 0.2504032 
0.5005081 0.2784247 0.2210672 
0.4327389 0.2970052 0.2702559 
0.4484669 0.3107005 0.2408327 
0.3804132 0.333753 0.2858338 
0.2817964 0.456282 0.2619216 
0.3578685 0.3270239 0.3151076 
0.4330445 0.2661519 0.3008035 
0.3766928 0.326467 0.2968403 
0.4163087 0.3574646 0.2262267 
0.4549119 0.2526839 0.2924042 
0.3139196 0.3237071 0.3623733 
0.339167 0.3369419 0.323891 
0.4271234 0.3199409 0.2529357 
0.4536324 0.2634395 0.2829281 
0.3033383 0.3990667 0.297595 
0.4162046 0.2871343 0.2966611 
0.3951318 0.2917618 0.3131064 
0.4731315 0.3524033 0.1744652 
0.3933258 0.3237743 0.2828999 
0.4435869 0.3244527 0.2319603 
0.4238771 0.3407436 0.2353793 
0.3698612 0.3248731 0.3052657 
0.4331273 0.2546371 0.3122356 
0.3851903 0.3151044 0.2997053 
0.504713 0.2067012 0.2885859 
0.3410052 0.4077812 0.2512137 
0.456032 0.3128145 0.2311536 
0.3292337 0.2766518 0.3941145 
0.4926376 0.2663907 0.2409716 
0.3972754 0.2854205 0.3173041 
0.4584985 0.379836 0.1616654 
0.4391818 0.3123856 0.2484325 
0.4435462 0.3130889 0.243365 
0.5031126 0.2537121 0.2431753 
0.3512127 0.3085934 0.3401939 
0.4162416 0.3314238 0.2523346 
0.409622 0.3560174 0.2343606 
0.3924159 0.2860787 0.3215054 
0.3331195 0.4096128 0.2572677 
0.4015108 0.3256241 0.2728651 
0.4168416 0.2600241 0.3231344 
0.3277811 0.3768633 0.2953556 
0.4276671 0.3171795 0.2551533 
0.4129573 0.3269173 0.2601253 
0.4510725 0.3124612 0.2364663 
0.4846371 0.2855395 0.2298234 
0.3855851 0.3092577 0.3051572 
0.2704656 0.4571213 0.2724131 
0.4202569 0.2884168 0.2913263 
0.3986646 0.3273352 0.2740001 
0.4304995 0.3388857 0.2306149 
0.3897738 0.3566378 0.2535884 
0.3959632 0.2235357 0.3805012 
0.3996996 0.2986708 0.3016296 
0.4852433 0.2742985 0.2404583 
0.4543642 0.2718436 0.2737922 
0.4528268 0.2532102 0.293963 
0.4002929 0.3609105 0.2387966 
0.4045374 0.2979529 0.2975097 
0.3701428 0.3069096 0.3229476 
0.3999754 0.3189036 0.281121 
0.391113 0.3537598 0.2551272 
0.4322922 0.3458631 0.2218447 
0.4286622 0.2935516 0.2777862 
0.373007 0.3512318 0.2757612 
0.3383434 0.4063168 0.2553398 
0.3405187 0.4513908 0.2080905 
0.3440761 0.3620257 0.2938982 
0.4862408 0.2827199 0.2310393 
0.419123 0.3313667 0.2495103 
0.4294017 0.2869223 0.2836759 
0.3808527 0.3315277 0.2876196 
0.4414453 0.3616255 0.1969292 
0.3871132 0.3027232 0.3101636 
0.442761 0.2811968 0.2760422 
0.3960491 0.3912249 0.212726 
0.5015728 0.2747752 0.2236521 
0.3803447 0.3280231 0.2916322 
0.3938579 0.3202364 0.2859057 
0.3670967 0.2964839 0.3364195 
0.4719106 0.2529631 0.2751263 
0.3548809 0.3720511 0.273068 
0.4299945 0.3917007 0.1783048 
0.4181307 0.3656046 0.2162646 
0.368001 0.3300498 0.3019492 
0.4428443 0.2772657 0.27989 
0.3522672 0.3579921 0.2897407 
0.390312 0.2870891 0.3225989 
0.3955179 0.3281782 0.2763039 
0.4167664 0.2678938 0.3153398 
0.4275541 0.385575 0.1868709 
0.4368423 0.3132856 0.2498722 
0.4644625 0.2691982 0.2663393 
0.4461703 0.3138111 0.2400185 
0.4421064 0.3067237 0.2511699 
0.4372411 0.3588732 0.2038857 
0.4655668 0.3070575 0.2273756 
0.3235881 0.4214272 0.2549847 
0.440617 0.3105304 0.2488526 
0.4604914 0.3444441 0.1950645 
0.4565355 0.3254444 0.2180202 
0.4850551 0.22935 0.2855949 
0.4362237 0.3636013 0.200175 
0.3569586 0.2848277 0.3582137 
0.4802594 0.2618139 0.2579267 
0.4094523 0.2963825 0.2941652 
0.3393289 0.3450411 0.3156299 
0.4220065 0.3450619 0.2329316 
0.3908772 0.3565495 0.2525733 
0.4559954 0.270016 0.2739886 
0.44962 0.3116228 0.2387572 
0.4049674 0.3618168 0.2332158 
0.4366998 0.2602437 0.3030565 
0.3318153 0.4080066 0.2601781 
0.4618977 0.2894684 0.2486339 
0.3859484 0.3316066 0.282445 
0.4155943 0.2478373 0.3365684 
0.3858702 0.3072371 0.3068927 
0.4410747 0.2794431 0.2794822 
0.3213864 0.2899736 0.3886399 
0.3599021 0.2882959 0.351802 
0.4922928 0.3388028 0.1689044 
0.3906551 0.3136442 0.2957007 
0.4247403 0.2777251 0.2975346 
0.3112514 0.4069838 0.2817648 
0.4668976 0.290058 0.2430444 
0.4133933 0.2915714 0.2950352 
0.4843942 0.2713998 0.244206 
0.402551 0.2537471 0.3437019 
0.3792804 0.3689246 0.251795 
0.4211186 0.3423119 0.2365696 
0.4203512 0.3255359 0.2541128 
0.5224478 0.2756683 0.2018839 
0.4428108 0.3155298 0.2416594 
0.4136593 0.2440143 0.3423264 
0.4290415 0.3057559 0.2652026 
0.3845223 0.3061901 0.3092876 
0.4975724 0.2856302 0.2167975 
0.4273428 0.3054307 0.2672265 
0.4111765 0.2628002 0.3260233 
0.4310388 0.3159089 0.2530523 
0.404336 0.3072779 0.2883861 
0.3781197 0.3146954 0.307185 
0.3717039 0.3084059 0.3198902 
0.3431242 0.2749208 0.381955 
0.366038 0.3568187 0.2771432 
0.3862772 0.3346051 0.2791177 
0.3648193 0.3411547 0.294026 
0.4609922 0.3109537 0.2280541 
0.4188463 0.3169784 0.2641752 
0.3257435 0.3293821 0.3448745 
0.5023216 0.2803677 0.2173107 
0.4057194 0.2765088 0.3177718 
0.4057731 0.3077127 0.2865143 
0.4160791 0.3199534 0.2639675 
0.4237336 0.3048464 0.2714201 
0.3316435 0.3891562 0.2792003 
0.4215628 0.3181787 0.2602585 
0.5744192 0.2513884 0.1741924 
0.4794051 0.2697907 0.2508042 
0.3588407 0.3215996 0.3195598 
0.388553 0.3624691 0.2489779 
0.443317 0.3214275 0.2352555 
0.3546985 0.3464556 0.2988459 
0.3884561 0.3466766 0.2648673 
0.4334203 0.2747176 0.2918621 
0.3551282 0.3214406 0.3234313 
0.3425389 0.3057163 0.3517448 
0.4228959 0.2978958 0.2792083 
0.4372112 0.3121037 0.2506851 
0.3324666 0.4123364 0.255197 
0.401164 0.3052773 0.2935587 
0.382472 0.3573666 0.2601614 
0.4753679 0.187809 0.3368231 
0.4594064 0.2481319 0.2924617 
0.3889446 0.2929597 0.3180958 
0.3778392 0.3007098 0.321451 
0.4664116 0.3140795 0.2195089 
0.4500623 0.2482764 0.3016613 
0.4047257 0.2636374 0.3316369 
0.3870453 0.268398 0.3445567 
0.4524088 0.2586547 0.2889365 
0.4375394 0.2429105 0.3195501 
0.4663284 0.3236931 0.2099785 
0.4109042 0.2997385 0.2893574 
0.4368669 0.2291758 0.3339573 
0.4044477 0.3111564 0.2843958 
0.3954155 0.2692359 0.3353486 
0.4882431 0.2730305 0.2387264 
0.4152845 0.2608388 0.3238767 
0.4985506 0.2820602 0.2193891 
0.3623682 0.3835805 0.2540512 
0.4230477 0.3236907 0.2532616 
0.3435419 0.2886167 0.3678414 
0.4116268 0.3504607 0.2379125 
0.4821434 0.2952752 0.2225814 
0.4582758 0.2740398 0.2676844 
0.3574136 0.3294821 0.3131043 
0.4934388 0.2289817 0.2775795 
0.5205466 0.2737505 0.205703 
0.5223431 0.2666336 0.2110233 
0.433729 0.3261634 0.2401077 
0.4467785 0.253535 0.2996865 
0.4003654 0.2878035 0.3118311 
0.3473389 0.312612 0.3400491 
0.3101204 0.3106244 0.3792552 
0.4852447 0.2730426 0.2417127 
0.4156944 0.2884395 0.2958661 
0.4371209 0.2791332 0.2837459 
0.5276865 0.2466843 0.2256293 
0.4388274 0.2756818 0.2854907 
0.4516062 0.2651869 0.2832069 
0.3502928 0.3227646 0.3269426 
0.427235 0.3226557 0.2501093 
0.3686695 0.353909 0.2774215 
0.3642267 0.2988395 0.3369337 
0.3409268 0.300672 0.3584012 
0.4877411 0.2909594 0.2212995 
0.424945 0.2629349 0.3121201 
0.3355593 0.3807099 0.2837307 
0.3948043 0.3360751 0.2691206 
0.4385078 0.346733 0.2147592 
0.4013327 0.3183432 0.2803242 
0.4438758 0.2283721 0.3277521 
0.4081437 0.3327349 0.2591214 
0.4472332 0.3317956 0.2209711 
0.437213 0.2538932 0.3088938 
0.4252302 0.2857126 0.2890572 
0.4649459 0.2546214 0.2804327 
0.3450463 0.3640795 0.2908742 
0.4174564 0.3640906 0.218453 
0.3471668 0.3758363 0.2769969 
0.4060492 0.3170267 0.2769241 
0.4052468 0.3714656 0.2232876 
0.3617364 0.3246206 0.313643 
0.4253528 0.2758869 0.2987602 
0.416788 0.2857875 0.2974244 
0.487198 0.28588 0.2269219 
0.409143 0.2633836 0.3274734 
0.390809 0.3047122 0.3044789 
0.4560775 0.2383685 0.305554 
0.4022749 0.3839597 0.2137654 
0.4948494 0.2759887 0.2291619 
0.4119409 0.2954705 0.2925886 
0.4192186 0.3018162 0.2789652 
0.4580534 0.3394916 0.202455 
0.4432706 0.3457484 0.210981 
0.4856811 0.277373 0.2369459 
0.4737381 0.288692 0.2375699 
0.4002919 0.3466104 0.2530977 
0.4163812 0.2425646 0.3410542 
0.4067905 0.3622587 0.2309507 
0.4591485 0.3192141 0.2216374 
0.3609026 0.326656 0.3124414 
0.406418 0.4122758 0.1813061 
0.3825391 0.2815004 0.3359605 
0.3712623 0.3004255 0.3283122 
0.429175 0.2614805 0.3093445 
0.3852366 0.3777965 0.2369669 
0.4465346 0.2401826 0.3132828 
0.4130705 0.3104836 0.276446 
0.3718478 0.3724628 0.2556894 
0.3326523 0.2976486 0.3696991 
0.3452328 0.3743992 0.280368 
0.4800492 0.2746973 0.2452535 
0.3307922 0.3901157 0.2790921 
0.390053 0.3050358 0.3049111 
0.4080455 0.2993327 0.2926218 
0.4263582 0.358015 0.2156268 
0.3696662 0.3211109 0.3092229 
0.363351 0.3484566 0.2881924 
0.4685571 0.2718849 0.2595581 
0.3152801 0.4063139 0.278406 
0.47857 0.2969964 0.2244336 
0.4457589 0.2491676 0.3050735 
0.4488816 0.2749538 0.2761646 
0.3715317 0.3009264 0.3275419 
0.3791298 0.3609495 0.2599208 
0.4266512 0.2703319 0.3030169 
0.4709085 0.2606361 0.2684554 
0.3518785 0.3797988 0.2683226 
0.3277283 0.3681817 0.30409 
0.4178448 0.3390464 0.2431088 
0.4460398 0.3098626 0.2440976 
0.3965904 0.2997797 0.30363 
0.4453997 0.3377924 0.2168078 
0.3188622 0.3487505 0.3323873 
0.3645422 0.3383335 0.2971243 
0.4582552 0.2164271 0.3253178 
0.4001186 0.2766641 0.3232172 
0.4837141 0.2547341 0.2615518 
0.4306967 0.305306 0.2639972 
0.4321974 0.263264 0.3045386 
0.4604913 0.2601565 0.2793522 
0.4736248 0.276021 0.2503542 
0.4508616 0.297717 0.2514214 
0.3994228 0.3935977 0.2069795 
0.411042 0.2618383 0.3271197 
0.4519317 0.294811 0.2532573 
0.465329 0.2861828 0.2484882 
0.3926061 0.3058158 0.3015781 
0.426583 0.326803 0.2466139 
0.5694742 0.2054517 0.225074 
0.4477688 0.2815827 0.2706486 
0.4107216 0.2979574 0.2913209 
0.4303687 0.2872142 0.282417 
0.407542 0.3407863 0.2516717 
0.2818309 0.4535724 0.2645967 
0.3455166 0.3021691 0.3523143 
0.473247 0.1922807 0.3344723 
0.4682325 0.3058187 0.2259488 
0.3486339 0.28022 0.3711462 
0.4124977 0.3359885 0.2515137 
0.4377397 0.2917069 0.2705534 
0.30872 0.4001754 0.2911045 
0.3837799 0.3359005 0.2803196 
0.442834 0.3257308 0.2314352 
0.4318355 0.3005349 0.2676296 
0.3390213 0.3293175 0.3316612 
0.4061355 0.2812526 0.3126119 
0.3203371 0.3045584 0.3751044 
0.4125692 0.2395862 0.3478446 
0.3957807 0.3491826 0.2550367 
0.3378599 0.402627 0.2595131 
0.4146658 0.3868498 0.1984844 
0.4240692 0.2792647 0.2966661 
0.4131457 0.2837655 0.3030889 
0.4522627 0.3191354 0.2286019 
0.3493788 0.341841 0.3087802 
0.4581269 0.2274482 0.314425 
0.4182545 0.3163201 0.2654253 
0.3479907 0.3183774 0.3336318 
0.442429 0.2589275 0.2986436 
0.3512236 0.330783 0.3179935 
0.3780832 0.3822881 0.2396287 
0.4302248 0.3018008 0.2679744 
0.3934771 0.2808345 0.3256883 
0.410642 0.343353 0.246005 
0.4912834 0.2669253 0.2417913 
0.433526 0.282489 0.283985 
0.420468 0.3096681 0.2698639 
0.4520312 0.3851505 0.1628183 
0.3892946 0.2992678 0.3114377 
0.4682629 0.2889185 0.2428185 
0.5037958 0.279843 0.2163612 
0.5067868 0.2850999 0.2081133 
0.4094596 0.3249913 0.2655491 
0.4372985 0.3108026 0.2518989 
0.3897635 0.3825702 0.2276662 
0.4056743 0.2279819 0.3663438 
0.4289629 0.3018296 0.2692075 
0.3903321 0.2799022 0.3297657 
0.4852383 0.2594305 0.2553311 
0.3868376 0.2890813 0.3240811 
0.4241255 0.303921 0.2719536 
0.4508111 0.3206815 0.2285074 
0.4047106 0.2568616 0.3384279 
0.4489935 0.3060124 0.2449941 
0.3750903 0.2962712 0.3286385 
0.3741985 0.4011591 0.2246424 
0.4236813 0.3192698 0.2570488 
0.4710635 0.3424021 0.1865343 
0.3726262 0.3133809 0.3139929 
0.4771083 0.2621068 0.2607849 
0.42809 0.2646935 0.3072166 
0.3959104 0.3412542 0.2628353 
0.3315064 0.292479 0.3760146 
0.4468364 0.3171824 0.2359812 
0.3300931 0.3400966 0.3298103 
0.3512124 0.4099121 0.2388755 
0.4405512 0.3201668 0.239282 
0.3925753 0.2556639 0.3517609 
0.4416034 0.3568156 0.201581 
0.4367873 0.3172475 0.2459652 
0.4060059 0.2720732 0.3219209 
0.3678276 0.3366958 0.2954766 
0.4202639 0.2474422 0.332294 
0.4667678 0.2423737 0.2908585 
0.5022201 0.2622641 0.2355158 
0.4657536 0.2673934 0.266853 
0.4670734 0.2461892 0.2867374 
0.3780313 0.288608 0.3333607 
0.4412799 0.2694848 0.2892353 
0.3510864 0.3064438 0.3424698 
0.357369 0.3561015 0.2865295 
0.4099971 0.3186051 0.2713978 
0.4524429 0.2720897 0.2754674 
0.2954248 0.3762391 0.3283361 
0.4350057 0.3203464 0.2446479 
0.3902041 0.3117441 0.2980517 
0.5272787 0.2305651 0.2421562 
0.3625266 0.3573943 0.2800792 
0.3611504 0.3500174 0.2888322 
0.3421505 0.3676679 0.2901817 
0.4092916 0.372327 0.2183814 
0.348736 0.3846194 0.2666446 
0.4132368 0.3070423 0.2797209 
0.4211414 0.312159 0.2666996 
0.3983574 0.343761 0.2578816 
0.3947133 0.3062682 0.2990185 
0.3648185 0.3309249 0.3042565 
0.4758333 0.249058 0.2751087 
0.5058724 0.3224336 0.171694 
0.3978776 0.3271908 0.2749315 
0.503348 0.2988867 0.1977653 
0.3528957 0.321419 0.3256853 
0.3981817 0.3242476 0.2775707 
0.4880139 0.2879462 0.2240399 
0.40033 0.3488823 0.2507877 
0.3695841 0.2945883 0.3358275 
0.3683842 0.3465941 0.2850218 
0.4351292 0.3039133 0.2609575 
0.3871608 0.2643866 0.3484527 
0.3920048 0.3477721 0.2602231 
0.3543221 0.3675101 0.2781678 
0.4853484 0.2788567 0.2357949 
0.3877853 0.3650581 0.2471566 
0.3550931 0.4099385 0.2349684 
0.463417 0.2553344 0.2812485 
0.4020001 0.3228082 0.2751917 
0.4342953 0.3128955 0.2528092 
0.4539721 0.241858 0.3041699 
0.3450864 0.3673525 0.2875612 
0.4210427 0.3247374 0.2542199 
0.426237 0.303633 0.27013 
0.2265197 0.4645619 0.3089184 
0.3988315 0.2225159 0.3786525 
0.3720201 0.325092 0.3028879 
0.3961642 0.2960344 0.3078015 
0.3707596 0.2985176 0.3307228 
0.4093614 0.3443356 0.246303 
0.4077453 0.2989727 0.293282 
0.3836116 0.2792734 0.337115 
0.4476476 0.3478465 0.2045059 
0.3724738 0.3511693 0.2763569 
0.3665654 0.3667299 0.2667047 
0.4792373 0.2774257 0.243337 
0.4183988 0.2877939 0.2938073 
0.4031631 0.3532248 0.2436121 
0.3634134 0.2754295 0.3611571 
0.3430327 0.384607 0.2723603 
0.4451623 0.3048307 0.250007 
0.400708 0.3529842 0.2463078 
0.3960164 0.2821842 0.3217994 
0.3711959 0.3067512 0.3220529 
0.4793308 0.2513918 0.2692773 
0.4399642 0.3338587 0.226177 
0.3398136 0.3764126 0.2837738 
0.4534444 0.2838605 0.2626951 
0.4575778 0.2891169 0.2533052 
0.4272205 0.2767739 0.2960056 
0.4492174 0.2878435 0.2629391 
0.3485127 0.3541642 0.2973231 
0.4965357 0.2506892 0.2527751 
0.3641864 0.369486 0.2663276 
0.4102304 0.3610028 0.2287669 
0.376912 0.3606295 0.2624584 
0.4431627 0.2679285 0.2889088 
0.4365108 0.2902507 0.2732386 
0.3628219 0.4417446 0.1954335 
0.3765213 0.3421466 0.2813321 
0.5428393 0.2630523 0.1941084 
0.4359614 0.2445373 0.3195013 
0.379873 0.3353643 0.2847627 
0.3819148 0.3521537 0.2659315 
0.4073064 0.3332992 0.2593944 
0.4843525 0.2587432 0.2569043 
0.4291286 0.2712727 0.2995987 
0.5054375 0.257682 0.2368805 
0.3632522 0.3140197 0.3227281 
0.4229365 0.3432664 0.2337971 
0.4495425 0.2227056 0.3277519 
0.4158367 0.2608607 0.3233026 
0.4272 0.25569 0.31711 
0.3932884 0.3703651 0.2363465 
0.4478053 0.300111 0.2520837 
0.3929013 0.3850324 0.2220663 
0.4669837 0.2600819 0.2729344 
0.4424308 0.3291246 0.2284446 
0.3993854 0.3263233 0.2742913 
0.3962818 0.3140844 0.2896338 
0.3159029 0.3205224 0.3635747 
0.4575091 0.2371503 0.3053407 
0.466665 0.2761097 0.2572253 
0.4048881 0.3050097 0.2901022 
0.4547606 0.2513863 0.2938531 
0.459128 0.2328534 0.3080186 
0.3484281 0.3571869 0.294385 
0.3218654 0.379529 0.2986056 
0.364404 0.3193415 0.3162545 
0.4144323 0.352051 0.2335167 
0.3727478 0.2580353 0.3692169 
0.3511396 0.366762 0.2820984 
0.4425016 0.2706483 0.2868501 
0.4379327 0.274293 0.2877743 
0.34631 0.339203 0.314487 
0.4799114 0.2401209 0.2799676 
0.4541799 0.2892875 0.2565326 
0.3582232 0.3407699 0.3010069 
0.4206062 0.2694072 0.3099866 
0.3169004 0.3438646 0.3392351 
0.4146074 0.2932919 0.2921007 
0.4387604 0.2377537 0.3234859 
0.3395952 0.3503099 0.3100949 
0.419765 0.2658919 0.314343 
0.4279753 0.4027706 0.1692541 
0.390695 0.2543106 0.3549944 
0.4069008 0.3173 0.2757991 
0.4669265 0.2251224 0.3079511 
0.4152072 0.2865169 0.2982759 
0.4225302 0.3179119 0.2595578 
0.374921 0.3114894 0.3135895 
0.3483187 0.3077531 0.3439282 
0.3895331 0.3522759 0.258191 
0.4612692 0.2734942 0.2652367 
0.4549546 0.3129192 0.2321262 
0.4407105 0.3496384 0.2096511 
0.4078895 0.3291329 0.2629777 
0.4109061 0.283671 0.3054229 
0.4374219 0.3031524 0.2594257 
0.3805827 0.2601022 0.3593151 
0.372006 0.3550315 0.2729625 
0.4043527 0.3692145 0.2264328 
0.3763541 0.3801201 0.2435258 
0.4280557 0.3375423 0.2344021 
0.3501694 0.3152967 0.3345339 
0.3486944 0.3690409 0.2822647 
0.358426 0.4026312 0.2389427 
0.4157726 0.3381249 0.2461025 
0.3897658 0.3520668 0.2581675 
0.4296335 0.3245877 0.2457787 
0.4544184 0.2649957 0.2805859 
0.3970424 0.3702845 0.2326731 
0.4139305 0.3564939 0.2295756 
0.3889534 0.2956541 0.3153925 
0.4404819 0.2589139 0.3006042 
0.4711099 0.2430974 0.2857927 
0.3280921 0.3902433 0.2816645 
0.3572889 0.327779 0.314932 
0.4267323 0.2893733 0.2838944 
0.4633485 0.2374027 0.2992488 
0.4481418 0.2790475 0.2728107 
0.3588617 0.3341445 0.3069938 
0.4213054 0.3039895 0.274705 
0.3932173 0.3614249 0.2453578 
0.3408292 0.350233 0.3089378 
0.3970922 0.2891022 0.3138056 
0.3968177 0.2660054 0.3371768 
0.4399184 0.2862734 0.2738082 
0.4141931 0.3212703 0.2645366 
0.3457054 0.3720887 0.2822059 
0.4436529 0.2721506 0.2841965 
0.3444654 0.3073279 0.3482066 
0.3843452 0.2682353 0.3474195 
0.3312185 0.3210481 0.3477334 
0.4471764 0.2952367 0.2575869 
0.3628051 0.3352559 0.301939 
0.3712969 0.3896129 0.2390902 
0.4446158 0.2820729 0.2733114 
0.4421492 0.2744426 0.2834082 
0.4530494 0.2751713 0.2717793 
0.4259945 0.361549 0.2124565 
0.3636038 0.2996989 0.3366973 
0.4095184 0.3055329 0.2849487 
0.3436791 0.3258145 0.3305064 
0.4576464 0.3041118 0.2382418 
0.4934936 0.2260037 0.2805027 
0.4156016 0.2966206 0.2877778 
0.5145164 0.1743592 0.3111244 
0.3905398 0.3108905 0.2985698 
0.4576449 0.2846838 0.2576713 
0.376905 0.3298523 0.2932427 
0.3587694 0.3111327 0.330098 
0.4608929 0.337181 0.2019261 
0.3878986 0.2677938 0.3443076 
0.3433885 0.3813324 0.2752791 
0.3244801 0.3837367 0.2917832 
0.4440657 0.2691324 0.2868018 
0.5019585 0.2327765 0.265265 
0.3904634 0.3626157 0.2469209 
0.4888846 0.260628 0.2504874 
0.4024639 0.2970701 0.3004659 
0.4566454 0.2751554 0.2681991 
0.4270983 0.2970546 0.2758471 
0.4359941 0.2541702 0.3098357 
0.3974533 0.3506201 0.2519267 
0.4352583 0.3386485 0.2260932 
0.5031363 0.2680694 0.2287943 
0.4557646 0.3030363 0.2411991 
0.3639127 0.3264681 0.3096192 
0.4458225 0.2841206 0.2700568 
0.4074846 0.2647941 0.3277214 
0.3499993 0.3571304 0.2928704 
0.4007231 0.3563464 0.2429306 
0.4770468 0.2668292 0.256124 
0.3927896 0.3379463 0.269264 
0.397099 0.2960812 0.3068198 
0.4290759 0.2945844 0.2763397 
0.4092165 0.3066049 0.2841787 
0.4848774 0.2708562 0.2442664 
0.4481065 0.3044165 0.247477 
0.4540212 0.2406038 0.305375 
0.3115684 0.2697307 0.4187009 
0.363147 0.3026563 0.3341967 
0.3340009 0.3671718 0.2988273 
0.3804442 0.3286214 0.2909344 
0.4403883 0.2786278 0.2809839 
0.4176495 0.3109091 0.2714415 
0.3476935 0.3420973 0.3102092 
0.3853454 0.3597895 0.2548651 
0.5020001 0.2291257 0.2688742 
0.4018461 0.350156 0.2479979 
0.3841232 0.323366 0.2925108 
0.4501158 0.2870905 0.2627937 
0.4035073 0.3464137 0.250079 
0.4052722 0.2882944 0.3064334 
0.4396751 0.3030346 0.2572903 
0.4591244 0.3054046 0.2354709 
0.5051027 0.23728 0.2576173 
0.4315627 0.2539451 0.3144922 
0.4617349 0.3005293 0.2377357 
0.3906964 0.3513599 0.2579437 
0.4359399 0.2885526 0.2755075 
0.3666362 0.3390559 0.294308 
0.4448832 0.2762117 0.2789051 
0.4626694 0.238594 0.2987367 
0.3461476 0.3542131 0.2996393 
0.4441269 0.2934886 0.2623845 
0.3528002 0.4756801 0.1715197 
0.4173625 0.2649091 0.3177283 
0.3741694 0.3092684 0.3165622 
0.4059667 0.2851949 0.3088385 
0.4616593 0.2808558 0.2574849 
0.3536744 0.3386199 0.3077057 
0.3506096 0.3420097 0.3073807 
0.4338484 0.3114718 0.2546798 
0.3872785 0.2893925 0.323329 
0.4064579 0.278825 0.3147171 
0.3943669 0.3675804 0.2380528 
0.3694471 0.2473114 0.3832414 
0.3246203 0.357723 0.3176567 
0.4268186 0.2644818 0.3086996 
0.4801665 0.2432682 0.2765653 
0.4974522 0.2344226 0.2681252 
0.4678807 0.2762992 0.2558201 
0.5357932 0.2141507 0.2500561 
0.4059467 0.2709774 0.3230759 
0.4383481 0.2967651 0.2648868 
0.4737332 0.2388514 0.2874154 
0.4445926 0.3074375 0.2479698 
0.4121731 0.2656265 0.3222004 
0.4161896 0.2740881 0.3097223 
0.4316193 0.3064156 0.2619651 
0.3364667 0.4133897 0.2501435 
0.3540259 0.4268691 0.219105 
0.4021264 0.3130033 0.2848704 
0.3450014 0.3058545 0.3491441 
0.4025352 0.3217787 0.2756861 
0.390251 0.3032681 0.3064809 
0.4918603 0.2931388 0.2150009 
0.4109101 0.3033198 0.28577 
0.4523186 0.2687785 0.2789029 
0.3976962 0.279384 0.3229198 
0.3277774 0.3449167 0.3273059 
0.4299917 0.2801097 0.2898986 
0.3632638 0.3756893 0.2610469 
0.446082 0.3225668 0.2313512 
0.4283331 0.2839401 0.2877268 
0.3633529 0.2831254 0.3535217 
0.3394551 0.37017 0.2903749 
0.4016924 0.2937957 0.3045119 
0.3703617 0.285422 0.3442164 
0.4250715 0.3167206 0.2582079 
0.474369 0.2795712 0.2460598 
0.4025514 0.3102183 0.2872303 
0.3946161 0.3153347 0.2900492 
0.4009182 0.3964408 0.202641 
0.4125941 0.3014693 0.2859366 
0.3797124 0.3715927 0.2486949 
0.419838 0.3386177 0.2415443 
0.3995169 0.3480041 0.2524789 
0.4716878 0.3214555 0.2068567 
0.4420664 0.3424785 0.215455 
0.4789402 0.2210702 0.2999896 
0.425509 0.2732055 0.3012855 
0.4122633 0.3088962 0.2788405 
0.3597325 0.387569 0.2526985 
0.41425 0.3566077 0.2291423 
0.4053813 0.2746792 0.3199396 
0.3834512 0.3205633 0.2959855 
0.4432295 0.3027815 0.253989 
0.4607444 0.3509749 0.1882807 
0.3933733 0.3476968 0.2589299 
0.3703506 0.3950792 0.2345702 
0.4475987 0.2871488 0.2652525 
0.4135078 0.2480811 0.3384112 
0.4298428 0.2503417 0.3198156 
0.4193986 0.2522655 0.328336 
0.4787129 0.2992833 0.2220039 
0.4769946 0.2918076 0.2311977 
0.380229 0.3656316 0.2541394 
0.4964182 0.233111 0.2704708 
0.3548802 0.3361769 0.3089429 
0.4025686 0.3067545 0.2906769 
0.3289096 0.3662332 0.3048573 
0.4572572 0.2441382 0.2986046 
0.3320975 0.4003562 0.2675463 
0.4957351 0.2174601 0.2868048 
0.3681845 0.34178 0.2900356 
0.3965115 0.3258716 0.277617 
0.435279 0.3141951 0.2505259 
0.4436227 0.3088539 0.2475234 
0.4507322 0.3503772 0.1988905 
0.462915 0.2383333 0.2987518 
0.4564605 0.3007002 0.2428393 
0.3998331 0.2698898 0.3302771 
0.4204275 0.2788221 0.3007503 
0.4076133 0.306814 0.2855727 
0.3938986 0.373485 0.2326164 
0.415776 0.3519594 0.2322646 
0.4208874 0.2588919 0.3202207 
0.4509794 0.2677339 0.2812867 
0.4476865 0.3344813 0.2178322 
0.4911372 0.2594522 0.2494106 
0.423686 0.248945 0.3273689 
0.4140163 0.365492 0.2204917 
0.3769121 0.3344466 0.2886413 
0.3681941 0.3445982 0.2872077 
0.4771256 0.3144332 0.2084412 
0.4578111 0.2757513 0.2664375 
0.4763637 0.2691593 0.254477 
0.520805 0.2463114 0.2328836 
0.407794 0.2977231 0.2944829 
0.4737954 0.2819845 0.2442201 
0.3564004 0.3887691 0.2548305 
0.3473756 0.3203393 0.3322851 
0.4093217 0.2974665 0.2932117 
0.3560036 0.3381258 0.3058706 
0.4318987 0.2765343 0.291567 
0.4032042 0.337772 0.2590238 
0.4291583 0.3475212 0.2233205 
0.4081564 0.2930196 0.298824 
0.4106714 0.3345233 0.2548053 
0.4259813 0.2600637 0.313955 
0.4784179 0.3238223 0.1977599 
0.3149596 0.2661722 0.4188682 
0.4387936 0.3424458 0.2187606 
0.3574686 0.2442938 0.3982377 
0.5051905 0.3261165 0.168693 
0.3976548 0.2841072 0.3182379 
0.4204168 0.253645 0.3259382 
0.4011129 0.3116054 0.2872817 
0.5115557 0.3011409 0.1873034 
0.3806335 0.3044358 0.3149307 
0.3643452 0.3261299 0.3095249 
0.4297134 0.2887125 0.2815741 
0.3375967 0.3070976 0.3553057 
0.4332165 0.3561803 0.2106032 
0.4373023 0.3227587 0.239939 
0.3621424 0.3069047 0.3309529 
0.4576461 0.2824207 0.2599332 
0.4338288 0.3130866 0.2530846 
0.3412324 0.4583414 0.2004262 
0.373939 0.3583991 0.2676619 
0.4568664 0.2469968 0.2961368 
0.3990074 0.3328125 0.2681801 
0.454578 0.3062899 0.2391321 
0.4738625 0.2908737 0.2352637 
0.3518184 0.3927355 0.2554461 
0.3947257 0.3259561 0.2793182 
0.4032929 0.328142 0.2685652 
0.4494736 0.2825441 0.2679824 
0.4124959 0.2925792 0.2949249 
0.4650929 0.3153071 0.2196 
0.4566921 0.2846647 0.2586431 
0.4369072 0.3503816 0.2127111 
0.3912642 0.3238426 0.2848932 
0.4144079 0.247185 0.3384071 
0.3926867 0.3272171 0.2800963 
0.4297557 0.2601593 0.310085 
0.4766044 0.258595 0.2648006 
0.3513479 0.3473832 0.3012688 
0.4146759 0.3044779 0.2808461 
0.4493371 0.3273829 0.22328 
0.4566755 0.3372472 0.2060773 
0.4211685 0.2239385 0.354893 
0.4167416 0.3502343 0.2330242 
0.3491262 0.2793379 0.3715359 
0.3606007 0.2836713 0.355728 
0.405912 0.322678 0.2714099 
0.4349522 0.3666 0.1984478 
0.4062175 0.2813095 0.3124731 
0.4576608 0.2989632 0.2433761 
0.3375041 0.3549686 0.3075273 
0.3861278 0.3184091 0.2954631 
0.4517672 0.2448669 0.3033659 
0.3940508 0.2884296 0.3175197 
0.4937099 0.2746634 0.2316267 
0.4156031 0.2731271 0.3112698 
0.3560655 0.3574126 0.2865218 
0.3907772 0.3425853 0.2666375 
0.3580934 0.3071566 0.33475 
0.4547426 0.312114 0.2331434 
0.3927409 0.3348906 0.2723685 
0.3660092 0.3787722 0.2552186 
0.38753 0.2383342 0.3741358 
0.4122163 0.297438 0.2903458 
0.4196995 0.1830458 0.3972547 
0.49748 0.2350293 0.2674907 
0.3656483 0.3141291 0.3202226 
0.4477962 0.2691689 0.2830349 
0.4304715 0.2598283 0.3097002 
0.3093863 0.4379624 0.2526513 
0.4436524 0.2796281 0.2767195 
0.4070525 0.3255343 0.2674133 
0.4176972 0.3433731 0.2389297 
0.374941 0.3230204 0.3020386 
0.4271691 0.3008338 0.2719971 
0.3080581 0.2654717 0.4264702 
0.3827804 0.3179809 0.2992387 
0.3674792 0.2664268 0.366094 
0.3786338 0.3694049 0.2519613 
0.3762033 0.2949367 0.32886 
0.3502345 0.2849047 0.3648608 
0.4860231 0.2521286 0.2618483 
0.3574921 0.3707447 0.2717632 
0.4844789 0.279534 0.235987 
0.422113 0.2904963 0.2873907 
0.4410149 0.2446234 0.3143616 
0.4016308 0.3094234 0.2889458 
0.4246071 0.313027 0.2623659 
0.3484305 0.3774551 0.2741144 
0.4068623 0.3409693 0.2521684 
0.4364231 0.3180266 0.2455503 
0.3914444 0.3579169 0.2506386 
0.4208937 0.2563589 0.3227473 
0.4835301 0.2590971 0.2573728 
0.410837 0.3215619 0.2676011 
0.3172129 0.2960555 0.3867316 
0.4705346 0.2913644 0.2381009 
0.4604202 0.2552201 0.2843597 
0.3578753 0.3235762 0.3185485 
0.3125797 0.4038438 0.2835766 
0.4720835 0.2816807 0.2462357 
0.4881459 0.2566228 0.2552313 
0.4269845 0.2669691 0.3060464 
0.3747854 0.3189131 0.3063015 
0.4186878 0.3078324 0.2734798 
0.470284 0.2299473 0.2997687 
0.4576983 0.2510132 0.2912885 
0.4045001 0.3660839 0.229416 
0.41071 0.3605018 0.2287882 
0.3888349 0.3603341 0.250831 
0.3700822 0.3628174 0.2671004 
0.4974209 0.2955892 0.2069899 
0.3750048 0.3041467 0.3208486 
0.3882931 0.3777076 0.2339993 
0.3089325 0.2789782 0.4120894 
0.4752446 0.2777403 0.2470151 
0.4461871 0.2311469 0.322666 
0.4404 0.3496675 0.2099325 
0.3466897 0.3794147 0.2738956 
0.3483587 0.3383868 0.3132545 
0.4414144 0.3343317 0.224254 
0.3196686 0.3354352 0.3448963 
0.3717697 0.4078815 0.2203488 
0.3627816 0.3257191 0.3114993 
0.4303363 0.3079468 0.2617169 
0.374212 0.3954284 0.2303596 
0.3903839 0.3446933 0.2649228 
0.3612405 0.3586168 0.2801427 
0.406604 0.3941414 0.1992545 
0.3330867 0.39146 0.2754532 
0.4833784 0.2785935 0.2380281 
0.367226 0.3195689 0.3132051 
0.3869086 0.3409742 0.2721172 
0.3567582 0.275479 0.3677628 
0.4491436 0.355188 0.1956684 
0.3960339 0.3780537 0.2259124 
0.3122556 0.3754753 0.3122691 
0.3849597 0.392423 0.2226172 
0.4713009 0.2731056 0.2555935 
0.4294331 0.2964618 0.2741051 
0.352625 0.2806255 0.3667494 
0.476247 0.2370531 0.2866999 
0.323595 0.3624912 0.3139138 
0.3721935 0.3033871 0.3244194 
0.381389 0.3414348 0.2771762 
0.4061655 0.3128384 0.2809961 
0.3903608 0.3758436 0.2337956 
0.4199437 0.3553387 0.2247176 
0.3593208 0.2733215 0.3673577 
0.4029731 0.3851194 0.2119074 
0.3913473 0.3319692 0.2766835 
0.3425063 0.3156574 0.3418362 
0.3861572 0.2589861 0.3548567 
0.3697459 0.3329878 0.2972663 
0.4051229 0.2560118 0.3388654 
0.4009784 0.3761669 0.2228547 
0.3641861 0.3674278 0.2683861 
0.4454872 0.3420093 0.2125035 
0.4139517 0.2831884 0.30286 
0.4426229 0.2909864 0.2663908 
0.3863616 0.387 0.2266384 
0.4492797 0.2786286 0.2720917 
0.4087552 0.3295465 0.2616984 
0.4151374 0.32547 0.2593926 
0.3342849 0.3848654 0.2808497 
0.4736605 0.2415843 0.2847553 
0.4384931 0.2821706 0.2793363 
0.4091525 0.2920346 0.2988128 
0.3017053 0.4469653 0.2513294 
0.388808 0.3617009 0.2494911 
0.4045889 0.3095009 0.2859102 
0.4032528 0.2843989 0.3123484 
0.4347082 0.2948803 0.2704114 
0.4121765 0.2729319 0.3148915 
0.3828201 0.2645353 0.3526446 
0.3902525 0.3241004 0.285647 
0.3927318 0.2937531 0.313515 
0.3702127 0.2924932 0.337294 
0.3507283 0.4063492 0.2429226 
0.3380097 0.3668067 0.2951836 
0.4023246 0.3140622 0.2836132 
0.4774403 0.2635287 0.259031 
0.321879 0.3839988 0.2941222 
0.4175682 0.2983731 0.2840587 
0.4699835 0.2650159 0.2650005 
0.3703636 0.3401691 0.2894673 
0.3575113 0.3358121 0.3066766 
0.3648844 0.3169103 0.3182053 
0.4034016 0.3458857 0.2507127 
0.4653601 0.2321106 0.3025293 
0.3472643 0.3342095 0.3185262 
0.3191829 0.2754946 0.4053225 
0.3826544 0.373939 0.2434066 
0.3080048 0.3929508 0.2990445 
0.5009919 0.2505988 0.2484093 
0.4359709 0.2750118 0.2890173 
0.467508 0.2934799 0.239012 
0.3827939 0.3681965 0.2490096 
