p_1 p_2 p_3 p_4 
0.02463346 0.4846365 0.2279355 0.2627946 
0.02358766 0.3921276 0.3016389 0.2826459 
0.01024244 0.4675947 0.2262271 0.2959357 
0.01610818 0.4454444 0.2345772 0.3038703 
0.024805 0.3968337 0.2685027 0.3098586 
0.02375984 0.3981669 0.252656 0.3254173 
0.00477809 0.4586647 0.2771356 0.2594216 
0.01246688 0.2716671 0.3819398 0.3339262 
0.03073119 0.4096855 0.2799788 0.2796046 
0.02263631 0.4240289 0.2326124 0.3207225 
0.01120643 0.4092755 0.2944006 0.2851175 
0.01893527 0.3532799 0.2576538 0.370131 
0.003303916 0.4239861 0.2613583 0.3113516 
0.006087861 0.4398368 0.2534903 0.300585 
0.01943678 0.3746706 0.311221 0.2946716 
0.01015073 0.4300807 0.2252629 0.3345057 
0.05293514 0.4207098 0.2627514 0.2636037 
0.03722273 0.4107035 0.2834 0.2686738 
0.01182574 0.3501773 0.2528153 0.3851817 
0.009882612 0.3431357 0.3020362 0.3449455 
0.002071495 0.4599786 0.2579648 0.2799851 
0.01938418 0.3722662 0.238045 0.3703047 
0.03472135 0.4368543 0.2510293 0.277395 
0.01873592 0.2946054 0.3141151 0.3725436 
0.04049346 0.4337791 0.2574189 0.2683086 
0.000883316 0.3654887 0.3272452 0.3063827 
0.03136854 0.416443 0.3097008 0.2424877 
0.004631777 0.3373894 0.2988524 0.3591264 
0.002407793 0.4139573 0.3266934 0.2569415 
0.000253522 0.4484353 0.2156344 0.3356768 
0.006396902 0.363832 0.3156241 0.314147 
0.007102681 0.4239706 0.2931294 0.2757973 
0.01089981 0.4426018 0.2829263 0.2635721 
0.005839104 0.368513 0.2703346 0.3553134 
0.003826142 0.4340394 0.23072 0.3314144 
0.001461979 0.408559 0.3307678 0.2592112 
0.001058775 0.4630416 0.2669313 0.2689683 
0.01365213 0.3640251 0.2876002 0.3347226 
0.01080391 0.4765098 0.3296967 0.1829896 
0.01824751 0.3456186 0.3574022 0.2787317 
0.01864952 0.3516355 0.2762384 0.3534766 
0.03974619 0.333916 0.2469559 0.379382 
0.02445707 0.4410905 0.2707561 0.2636964 
0.005752939 0.3312154 0.367229 0.2958026 
0.003301096 0.4965864 0.2619845 0.238128 
0.01284119 0.3643061 0.239939 0.3829138 
0.01429585 0.3884841 0.2763848 0.3208352 
0.01085364 0.3875614 0.2747635 0.3268215 
0.01470093 0.3650928 0.2514087 0.3687976 
0.00895444 0.4091108 0.2770433 0.3048914 
0.02394104 0.390744 0.2774595 0.3078555 
0.0003290225 0.3019382 0.2915772 0.4061556 
0.02070907 0.5439105 0.1988777 0.2365028 
0.044147 0.4453213 0.2653445 0.2451873 
0.06267425 0.3576629 0.2722059 0.307457 
0.04625475 0.4125688 0.2614203 0.2797561 
0.0006390664 0.4540394 0.2108905 0.3344311 
0.00781733 0.3636638 0.3458193 0.2826996 
0.01616287 0.4169157 0.2325385 0.3343829 
0.01241164 0.3914554 0.3253856 0.2707473 
0.00254339 0.4358908 0.3018872 0.2596786 
0.01503144 0.4210424 0.2844132 0.279513 
0.005503159 0.3452012 0.2665853 0.3827104 
0.008305718 0.4214246 0.2886817 0.2815879 
0.001530582 0.324984 0.3175887 0.3558967 
0.03122421 0.378073 0.298681 0.2920218 
0.012135 0.4319006 0.2409635 0.3150009 
0.0114338 0.5000078 0.2393455 0.2492129 
0.007128171 0.5061108 0.2348695 0.2518915 
0.01158409 0.3970413 0.336993 0.2543816 
0.0007547551 0.3061525 0.3098449 0.3832479 
4.247665e-05 0.429885 0.3017423 0.2683302 
0.0007568722 0.5074941 0.2416685 0.2500805 
0.01100261 0.4609469 0.3191513 0.2088992 
0.0342297 0.4049513 0.2715551 0.2892639 
0.01239671 0.3579122 0.2955811 0.33411 
0.003043443 0.4484378 0.2218205 0.3266983 
0.009831947 0.4393065 0.2766437 0.2742178 
0.001039447 0.4196567 0.3479147 0.2313892 
0.002470382 0.4017893 0.2975265 0.2982138 
0.004792902 0.4023954 0.2780859 0.3147259 
0.01710389 0.3629399 0.2930885 0.3268677 
0.005249062 0.417097 0.3191198 0.2585341 
0.01833759 0.4058301 0.2704808 0.3053515 
0.002282759 0.5353512 0.1859134 0.2764526 
0.006568344 0.4268217 0.2361451 0.3304648 
0.002337814 0.3796862 0.3249915 0.2929845 
0.003850526 0.4117537 0.2774307 0.306965 
0.01776377 0.3360937 0.2721192 0.3740233 
0.0005905616 0.3720718 0.3577077 0.2696299 
0.007113109 0.4800401 0.2241317 0.288715 
0.004193694 0.4096076 0.3505713 0.2356275 
0.02708033 0.4028296 0.2885358 0.2815542 
0.05704133 0.4016595 0.2240679 0.3172313 
0.0007813847 0.3862441 0.3250679 0.2879066 
0.07534563 0.3723724 0.2084374 0.3438446 
0.02263708 0.4546942 0.2262939 0.2963748 
0.04709088 0.4041514 0.2861905 0.2625672 
0.02354994 0.4000664 0.359943 0.2164407 
0.01716746 0.3796782 0.2944436 0.3087108 
0.005688266 0.4635689 0.2471691 0.2835737 
0.009213134 0.3242958 0.3543781 0.312113 
0.002128592 0.4612678 0.2361082 0.3004955 
0.03599661 0.4823202 0.2498253 0.231858 
0.0216684 0.3812318 0.2861079 0.310992 
0.006736142 0.4239371 0.2901541 0.2791727 
0.003671641 0.4527299 0.2242318 0.3193666 
0.02043302 0.4912968 0.2482316 0.2400385 
0.06955158 0.312221 0.2985393 0.3196881 
0.02988398 0.4363333 0.3228557 0.210927 
0.01521848 0.381973 0.2962013 0.3066073 
0.04392772 0.3037726 0.3235283 0.3287713 
0.01783534 0.3881577 0.3416598 0.2523472 
0.02387616 0.4347299 0.287613 0.2537809 
0.04082904 0.4106769 0.3011161 0.247378 
0.004457041 0.4564607 0.2883034 0.2507789 
0.03315153 0.4300703 0.2485411 0.2882371 
0.04188867 0.3734353 0.3164513 0.2682247 
0.004112553 0.3879165 0.291807 0.3161639 
0.01381087 0.394577 0.2553898 0.3362223 
0.0309059 0.4061806 0.2612069 0.3017066 
0.04168413 0.3845931 0.3490146 0.2247082 
0.01207478 0.413838 0.2870364 0.2870508 
0.007922368 0.328986 0.4228726 0.240219 
0.03895435 0.4380096 0.2621712 0.2608648 
0.006340146 0.3660875 0.2240064 0.4035659 
0.006184014 0.3990725 0.29619 0.2985535 
0.009534824 0.3594915 0.2995376 0.3314361 
0.03665891 0.3399616 0.3252369 0.2981425 
0.04594808 0.3975217 0.2429485 0.3135817 
0.006367962 0.4052596 0.3197611 0.2686113 
0.03913269 0.3874215 0.2546169 0.318829 
0.04493555 0.3831406 0.3068893 0.2650345 
0.00503618 0.3684182 0.2978364 0.3287092 
0.003194735 0.4591853 0.2258875 0.3117325 
0.008989192 0.4211958 0.2578839 0.3119311 
0.0262581 0.3745048 0.2385768 0.3606603 
0.001387927 0.356005 0.3202289 0.3223782 
0.005706371 0.4351934 0.2522857 0.3068145 
0.002306096 0.3592064 0.2668691 0.3716184 
0.07571954 0.3327725 0.2150307 0.3764773 
0.009200906 0.3972947 0.2512458 0.3422586 
0.007098518 0.3093852 0.3075748 0.3759414 
0.008847788 0.4462688 0.2809909 0.2638926 
0.004384765 0.4570068 0.2856087 0.2529997 
0.03431314 0.4046287 0.2516838 0.3093743 
0.005568753 0.4037317 0.3505386 0.240161 
0.004176861 0.4449905 0.2761295 0.2747031 
0.002451732 0.3561445 0.2902969 0.3511068 
0.01648403 0.4209561 0.2830747 0.2794851 
0.06740225 0.3251455 0.2251322 0.3823201 
0.007465806 0.3933437 0.2456498 0.3535407 
0.01177819 0.4674008 0.2289639 0.2918571 
0.01378627 0.4679095 0.2104286 0.3078756 
0.00686069 0.4644198 0.2756329 0.2530866 
0.03570182 0.3876085 0.2033775 0.3733122 
0.005133372 0.3309471 0.3783481 0.2855714 
0.0232039 0.3702282 0.3164227 0.2901452 
0.03357368 0.4430038 0.2509449 0.2724776 
0.04260617 0.3052439 0.3173132 0.3348367 
0.0008133748 0.3703328 0.3128684 0.3159855 
0.04991665 0.4756411 0.1782293 0.2962129 
0.03021513 0.3225363 0.2959374 0.3513112 
0.04208463 0.442095 0.2504779 0.2653424 
0.01549235 0.3606646 0.3147244 0.3091187 
0.0268187 0.3789474 0.2867099 0.307524 
0.01300602 0.3230789 0.3159095 0.3480055 
0.003732162 0.4076879 0.2477085 0.3408715 
0.002388395 0.4248981 0.3093363 0.2633772 
0.001262541 0.4114801 0.2796282 0.3076291 
0.0004957615 0.3976007 0.2795395 0.322364 
0.01001032 0.3973475 0.3006357 0.2920065 
0.001671233 0.4313659 0.3202433 0.2467195 
0.02250442 0.378812 0.3092134 0.2894701 
0.005279001 0.4171896 0.3481556 0.2293758 
0.009792689 0.3689171 0.2825583 0.3387319 
0.0008040119 0.3199978 0.4048842 0.2743139 
0.01535047 0.3787088 0.279745 0.3261957 
0.03443669 0.3557992 0.3133291 0.296435 
0.001557992 0.4063797 0.3066478 0.2854145 
0.01548874 0.4001282 0.2034528 0.3809303 
0.01250555 0.3996869 0.2510999 0.3367077 
0.007514829 0.4494767 0.2874069 0.2556016 
0.004589023 0.4329684 0.2770725 0.28537 
0.006920331 0.4423906 0.290707 0.259982 
0.01556328 0.3992655 0.274799 0.3103722 
0.008288504 0.3255781 0.3730673 0.2930661 
0.03473341 0.4526188 0.2671158 0.245532 
0.002775984 0.4629644 0.2036271 0.3306325 
0.004800202 0.3983536 0.3118149 0.2850313 
0.004805569 0.3991612 0.2847995 0.3112337 
0.006380737 0.4467508 0.3172376 0.2296309 
0.04910765 0.3255476 0.2964878 0.3288569 
0.006695053 0.3503117 0.3545657 0.2884275 
0.007410647 0.4190725 0.230831 0.3426858 
0.008317346 0.4215206 0.2722397 0.2979223 
0.001161709 0.355719 0.2401317 0.4029875 
0.003644089 0.4886645 0.1917747 0.3159167 
0.01682922 0.3113432 0.3252782 0.3465494 
0.01126768 0.4079187 0.2661089 0.3147047 
0.01448407 0.4910903 0.2828537 0.2115719 
0.05671753 0.4139314 0.2704266 0.2589245 
0.002718294 0.3975339 0.2893932 0.3103545 
0.006010339 0.4111272 0.3137823 0.2690801 
0.004174327 0.4038375 0.2484282 0.3435599 
0.02389547 0.4660169 0.214714 0.2953736 
0.01041671 0.3574731 0.2776931 0.3544171 
0.06926279 0.3707986 0.3230533 0.2368853 
0.002098344 0.4796145 0.247648 0.2706391 
0.0361627 0.3625173 0.2389439 0.3623761 
0.007238824 0.3847989 0.330627 0.2773353 
0.02637446 0.3494121 0.3302542 0.2939592 
0.004236271 0.3450233 0.284824 0.3659164 
0.01469571 0.3895611 0.261065 0.3346782 
0.02325609 0.3257 0.3248906 0.3261533 
0.02224694 0.4184022 0.2621569 0.2971939 
0.01236523 0.4469645 0.2866719 0.2539983 
0.03185537 0.4245723 0.2427464 0.3008259 
0.01932741 0.4864363 0.1938844 0.3003519 
0.01862038 0.5121525 0.2195187 0.2497084 
0.0002973627 0.4479493 0.2436985 0.3080549 
0.003857684 0.3650443 0.252117 0.378981 
0.01838715 0.4692514 0.244294 0.2680674 
0.02545112 0.4524102 0.2009811 0.3211576 
0.01106248 0.4339733 0.2400202 0.314944 
0.0131799 0.4137682 0.2415613 0.3314907 
0.04604656 0.3092051 0.2257065 0.4190419 
0.007669289 0.3414168 0.3661143 0.2847996 
0.02057986 0.360075 0.3581434 0.2612018 
0.0120074 0.4869323 0.2629528 0.2381075 
0.0179874 0.3640457 0.2782117 0.3397552 
0.01194654 0.4108264 0.2355308 0.3416962 
0.007967984 0.4490845 0.2331342 0.3098134 
0.0002172374 0.4205645 0.3247286 0.2544897 
0.01043634 0.3792597 0.3801721 0.2301319 
0.02296719 0.3790353 0.283915 0.3140825 
0.006611272 0.4367446 0.2300218 0.3266224 
0.01001358 0.503869 0.2672104 0.218907 
0.02418163 0.3572129 0.2919353 0.3266702 
0.02293124 0.4358279 0.1869648 0.3542761 
0.01018523 0.4500108 0.221013 0.318791 
0.03642835 0.3897074 0.269688 0.3041763 
0.001100031 0.3249094 0.3280461 0.3459444 
0.002142685 0.4266926 0.2786458 0.2925189 
0.006866712 0.388828 0.3087746 0.2955307 
0.006076892 0.3522864 0.3177421 0.3238946 
0.008756636 0.3716253 0.255726 0.3638921 
0.01049555 0.3226818 0.3216875 0.3451352 
4.675377e-05 0.4974587 0.2107945 0.2917 
0.02537212 0.4491226 0.2402166 0.2852887 
0.04354746 0.3194339 0.3417797 0.295239 
0.01288402 0.4292948 0.2888001 0.2690211 
0.0006738239 0.4687257 0.2262051 0.3043954 
0.004269724 0.3714758 0.2929609 0.3312936 
0.005249878 0.4389254 0.2574748 0.2983499 
0.0136523 0.360094 0.2131025 0.4131512 
0.001749287 0.4079628 0.2332558 0.3570321 
0.01977041 0.4258092 0.2373889 0.3170315 
0.007981685 0.4392142 0.31494 0.2378641 
0.02769826 0.3987173 0.3379275 0.2356569 
0.02797596 0.3714188 0.2888423 0.311763 
0.007249844 0.3877919 0.3800291 0.2249291 
0.04380882 0.3920678 0.275032 0.2890914 
0.01068779 0.3927651 0.2685168 0.3280303 
0.01402736 0.4064827 0.359419 0.220071 
0.005978945 0.4370861 0.2204172 0.3365177 
0.009110214 0.417741 0.2936856 0.2794631 
0.008197351 0.4122792 0.2512401 0.3282833 
0.002393215 0.3916392 0.2760943 0.3298732 
0.04430896 0.3710015 0.2820573 0.3026323 
0.001732065 0.4542522 0.1637979 0.3802178 
0.00086168 0.4025987 0.2706837 0.3258559 
0.01081142 0.3639052 0.2768438 0.3484396 
0.01066289 0.3996293 0.2416148 0.348093 
0.03098465 0.4277683 0.2884623 0.2527847 
0.1157006 0.4502113 0.223911 0.210177 
0.005398663 0.3880622 0.2956219 0.3109173 
0.02446494 0.3999888 0.280632 0.2949142 
0.001882562 0.4420881 0.2620699 0.2939594 
0.01708644 0.3245136 0.3033606 0.3550393 
0.03538959 0.4492299 0.2062853 0.3090952 
0.006120867 0.319681 0.3486486 0.3255495 
0.001280187 0.3228454 0.3351931 0.3406813 
0.005612866 0.3722719 0.2589035 0.3632118 
0.01181304 0.3957683 0.3337324 0.2586862 
0.01724175 0.4271404 0.2664104 0.2892075 
0.003897015 0.4119516 0.3017634 0.2823879 
0.004759884 0.4000538 0.3039766 0.2912097 
0.01517041 0.4403629 0.2558516 0.2886151 
0.02319113 0.4610437 0.2729893 0.2427758 
0.01249351 0.4148427 0.2156931 0.3569707 
0.02736845 0.3835178 0.2952829 0.2938309 
0.0005794848 0.3662283 0.2265266 0.4066656 
0.001065074 0.4151977 0.3275967 0.2561406 
0.003918468 0.4596782 0.2903654 0.2460379 
0.01912919 0.3883375 0.2566735 0.3358598 
0.03796932 0.4086685 0.2457231 0.3076391 
0.04392478 0.380682 0.265396 0.3099971 
0.05690433 0.3581377 0.2625815 0.3223765 
0.02092586 0.4002663 0.236481 0.3423268 
0.001410099 0.3715098 0.3452517 0.2818284 
0.002376377 0.3940338 0.2588941 0.3446957 
0.02308454 0.4553094 0.2289168 0.2926893 
0.0005264836 0.3989519 0.2664282 0.3340934 
0.01978812 0.439855 0.2885968 0.2517601 
0.0145937 0.4266043 0.2634884 0.2953136 
0.006039569 0.409914 0.3054538 0.2785927 
0.01165517 0.369096 0.3325572 0.2866917 
0.01637776 0.5364275 0.1906981 0.2564966 
0.0526491 0.4452173 0.2031848 0.2989488 
0.03184501 0.4180353 0.3328449 0.2172748 
0.009187875 0.3011637 0.2606057 0.4290427 
0.02234154 0.3811224 0.2789208 0.3176152 
0.0111418 0.4202636 0.2335555 0.3350391 
0.01554742 0.4056717 0.2417045 0.3370764 
0.02188268 0.41659 0.2662412 0.2952861 
0.0133856 0.4556254 0.2645219 0.2664671 
0.02048231 0.3660162 0.2594134 0.3540882 
4.146651e-06 0.3897808 0.3071361 0.303079 
0.002264561 0.3949093 0.2918222 0.311004 
0.005084321 0.427451 0.320008 0.2474566 
0.01755234 0.3440472 0.3040648 0.3343357 
0.009526252 0.4388333 0.2023375 0.3493029 
0.0316136 0.3995305 0.2527925 0.3160633 
0.00150861 0.4366307 0.298515 0.2633457 
0.008277219 0.3916005 0.2635898 0.3365325 
0.009276538 0.381236 0.3806925 0.228795 
0.006491796 0.3013935 0.3663129 0.3258018 
0.02429508 0.1881183 0.4364505 0.3511362 
0.0004127979 0.3996493 0.21646 0.3834779 
0.01851339 0.4210476 0.2783835 0.2820555 
0.002876656 0.4437993 0.256819 0.2965051 
0.01572548 0.3985234 0.2813164 0.3044346 
0.01351062 0.3399777 0.3027538 0.3437578 
0.009174636 0.3581807 0.2806319 0.3520128 
0.0004128804 0.420017 0.3099229 0.2696472 
0.01204447 0.4711348 0.2752586 0.2415621 
0.05882798 0.4855134 0.2140558 0.2416028 
0.03002878 0.3935479 0.3070757 0.2693475 
0.05150448 0.3658899 0.3130274 0.2695782 
0.04464943 0.4195794 0.2790382 0.256733 
0.002621531 0.4370529 0.3055083 0.2548173 
0.002529603 0.4539113 0.2208053 0.3227538 
0.02126312 0.4134815 0.2233684 0.341887 
0.03668621 0.3880035 0.2390671 0.3362432 
0.002559337 0.4234655 0.2600473 0.3139279 
0.007620593 0.394152 0.2859085 0.3123189 
0.004045819 0.4462659 0.2787833 0.2709051 
0.02117854 0.4044019 0.2742385 0.300181 
0.002811436 0.4431446 0.2773963 0.2766477 
0.01032132 0.3756865 0.3102291 0.3037631 
0.06077765 0.3370161 0.281625 0.3205812 
0.00093809 0.3566063 0.308987 0.3334686 
0.02684482 0.3827048 0.2958229 0.2946275 
0.002420537 0.4476901 0.25013 0.2997594 
0.0003715982 0.4216772 0.3036888 0.2742624 
0.0004154683 0.4525861 0.2017788 0.3452196 
0.04818915 0.3145553 0.3233086 0.3139469 
0.0118467 0.4318067 0.2331405 0.323206 
0.01917161 0.45432 0.2343174 0.292191 
0.09161872 0.4047024 0.2464253 0.2572536 
0.008708509 0.4211216 0.2858992 0.2842706 
0.02265841 0.3768872 0.318826 0.2816285 
0.003528346 0.3346565 0.2501373 0.4116778 
0.002783786 0.4410515 0.2313935 0.3247712 
0.02346714 0.4241901 0.2482478 0.3040949 
0.02045585 0.3741743 0.3206384 0.2847314 
0.03193352 0.41776 0.2834971 0.2668094 
0.01038143 0.3824374 0.3232918 0.2838893 
0.007152429 0.3937505 0.3434283 0.2556688 
0.01996221 0.3790813 0.2724227 0.3285338 
0.007194064 0.4213709 0.2475636 0.3238715 
0.009607568 0.42959 0.3321976 0.2286048 
0.01294333 0.4225291 0.2568097 0.3077179 
0.02710465 0.4064076 0.3041845 0.2623032 
0.01441956 0.4568911 0.2740022 0.2546872 
0.002399525 0.4484062 0.2491484 0.3000458 
0.007453164 0.314624 0.2209817 0.4569411 
0.03259403 0.3872508 0.2686579 0.3114973 
0.02555586 0.3678325 0.2231451 0.3834665 
0.001930786 0.4657229 0.2664553 0.265891 
0.01562221 0.4227229 0.2637254 0.2979295 
0.008059768 0.3359749 0.357522 0.2984434 
0.02540471 0.4115139 0.2262559 0.3368255 
0.0004432029 0.3275497 0.29227 0.3797372 
0.0271829 0.4555349 0.2177878 0.2994944 
0.04060401 0.3416775 0.2600365 0.3576819 
0.001632398 0.4109554 0.3207807 0.2666315 
0.0317252 0.3415092 0.3326585 0.2941071 
0.02056071 0.3816166 0.3545355 0.2432872 
0.001946806 0.3924251 0.327185 0.2784431 
0.03973949 0.4456292 0.2580899 0.2565414 
0.01715623 0.405271 0.271377 0.3061958 
0.02093958 0.4213975 0.2331054 0.3245575 
0.02297606 0.3462565 0.3732975 0.2574699 
0.02197166 0.3684785 0.2398185 0.3697313 
0.01619905 0.3502097 0.3011007 0.3324905 
0.008343533 0.4520282 0.2721448 0.2674835 
0.00254121 0.3458889 0.3893061 0.2622638 
0.013527 0.4055925 0.2408605 0.3400201 
0.0122782 0.4164875 0.2879475 0.2832868 
0.01576332 0.3862731 0.2759192 0.3220444 
0.01136691 0.4240958 0.2965492 0.2679881 
0.02231671 0.3780498 0.3296196 0.2700139 
0.04303454 0.4375188 0.2005656 0.3188811 
0.01731179 0.3218988 0.3106531 0.3501363 
0.05633535 0.3378072 0.3559462 0.2499113 
0.0005785455 0.4218998 0.2749533 0.3025684 
0.007629539 0.4427353 0.2483064 0.3013287 
0.002931182 0.2971107 0.4054867 0.2944715 
0.004676906 0.4335678 0.3115548 0.2502005 
0.0123974 0.4263187 0.2269016 0.3343823 
0.02016482 0.3732212 0.2873676 0.3192463 
0.01236989 0.3516992 0.3074104 0.3285205 
0.02455917 0.3634747 0.3072622 0.3047039 
0.01859863 0.3900471 0.2332986 0.3580557 
0.02582744 0.4062305 0.2538455 0.3140966 
0.01775521 0.4755731 0.2967778 0.2098939 
0.008146742 0.4777619 0.238005 0.2760863 
0.01258862 0.4684291 0.2959764 0.2230059 
0.03208961 0.3975059 0.2113139 0.3590906 
0.001367965 0.426855 0.2279074 0.3438697 
0.008718024 0.4172808 0.3014906 0.2725106 
0.002208287 0.4497232 0.2187626 0.3293059 
0.008796096 0.4376266 0.2153122 0.3382651 
0.004603282 0.3770069 0.26675 0.3516398 
0.0050882 0.3389849 0.2964729 0.359454 
0.000158346 0.3943663 0.2322344 0.373241 
0.002417964 0.3844489 0.291302 0.3218312 
0.03591391 0.3303616 0.298009 0.3357155 
0.01665519 0.4756267 0.1911449 0.3165733 
0.01966701 0.4251514 0.2344572 0.3207244 
0.01743484 0.4001157 0.2881121 0.2943373 
0.05592902 0.3604409 0.2579765 0.3256536 
0.02533823 0.3326285 0.3211312 0.3209021 
0.00766066 0.3867912 0.3047095 0.3008386 
0.008805384 0.3987274 0.2970091 0.2954581 
0.03366142 0.3906076 0.2312629 0.3444681 
0.00491702 0.4376338 0.2362851 0.3211641 
0.003840167 0.4672167 0.2654201 0.2635231 
0.00737997 0.3754816 0.2432289 0.3739095 
0.006749808 0.3654388 0.2468544 0.380957 
0.03113761 0.3921368 0.3548872 0.2218384 
0.0391393 0.464318 0.2448532 0.2516895 
0.04661379 0.4455328 0.2292702 0.2785832 
0.03628226 0.3884535 0.2941637 0.2811005 
0.05249729 0.4302276 0.2597161 0.257559 
0.01831647 0.3880052 0.1877519 0.4059264 
0.0123786 0.4000049 0.3146769 0.2729396 
0.05151998 0.4578786 0.2032662 0.2873353 
0.006432593 0.3827415 0.3086831 0.3021427 
0.04870437 0.4104896 0.2640646 0.2767415 
0.008911721 0.3784207 0.392277 0.2203906 
0.001283566 0.4554237 0.2742404 0.2690523 
0.006891961 0.4944843 0.2339679 0.2646558 
0.04189413 0.4561275 0.2912521 0.2107263 
0.006301426 0.427694 0.2891491 0.2768555 
0.03410407 0.3963278 0.3168007 0.2527674 
0.03003689 0.4093659 0.2888649 0.2717323 
0.0007656654 0.3949626 0.2988726 0.3053991 
0.00388052 0.4638329 0.2713176 0.260969 
0.01118604 0.3648442 0.3577243 0.2662454 
0.02031329 0.3976354 0.3109299 0.2711214 
0.01103111 0.3587838 0.3489153 0.2812698 
0.04025871 0.4743079 0.2293698 0.2560635 
0.01840957 0.3884737 0.2658072 0.3273095 
0.010377 0.4294272 0.2618247 0.298371 
0.04611113 0.3942592 0.248354 0.3112757 
0.002371185 0.4516755 0.2738863 0.272067 
0.02972446 0.3713998 0.2240603 0.3748154 
0.02747746 0.3918796 0.2798058 0.3008371 
0.02287205 0.4341616 0.2887015 0.2542648 
0.03385748 0.3523004 0.2272126 0.3866296 
0.0639911 0.3510829 0.2758879 0.309038 
0.009843549 0.4109846 0.227491 0.3516808 
0.01380734 0.4588009 0.2556462 0.2717456 
0.03440597 0.3302553 0.3014914 0.3338472 
0.04427883 0.3329185 0.2830576 0.339745 
0.00240918 0.5026016 0.2285422 0.2664471 
0.02474986 0.4006647 0.2589842 0.3156012 
0.003121531 0.4533337 0.3418654 0.2016794 
0.05185489 0.372068 0.3210759 0.2550012 
0.0124826 0.3781542 0.2071094 0.4022537 
0.02083493 0.3869612 0.3656386 0.2265653 
0.02059413 0.3701793 0.2415318 0.3676948 
0.01059174 0.317404 0.27796 0.3940442 
0.01721547 0.3537459 0.2072274 0.4218112 
0.002486846 0.391437 0.2989003 0.3071759 
0.01295782 0.415489 0.269496 0.3020572 
0.01413277 0.4850779 0.2495919 0.2511974 
0.0161718 0.4213019 0.3207223 0.2418039 
0.0009456075 0.3321595 0.3705773 0.2963176 
0.01197136 0.4195117 0.2307358 0.3377812 
0.03579778 0.3654469 0.2788637 0.3198916 
0.0003802208 0.4086713 0.297039 0.2939095 
0.0008694308 0.4408505 0.2670553 0.2912247 
0.005071685 0.4285355 0.2224958 0.343897 
0.06147285 0.3103899 0.2887995 0.3393377 
0.001174439 0.3666545 0.244463 0.3877081 
0.001416208 0.4144877 0.3242397 0.2598563 
0.01670482 0.4253797 0.2665299 0.2913856 
0.00640012 0.3373877 0.3644564 0.2917557 
0.03553536 0.3505751 0.3014579 0.3124316 
0.04884863 0.3883539 0.2852397 0.2775578 
0.002908037 0.423126 0.2859901 0.2879758 
0.03452041 0.3508316 0.2633654 0.3512826 
0.009903666 0.4493877 0.3071527 0.2335559 
0.01053095 0.4428363 0.2672381 0.2793947 
0.02863463 0.3595934 0.2994102 0.3123618 
0.004632147 0.4353948 0.2407063 0.3192667 
0.01235604 0.4357799 0.3001104 0.2517537 
0.002024474 0.3965154 0.2712064 0.3302537 
0.01658079 0.4645732 0.2411007 0.2777453 
0.02148492 0.4904043 0.200156 0.2879547 
0.008039178 0.3444951 0.3213826 0.3260831 
0.00702156 0.4223001 0.2949838 0.2756945 
0.02973276 0.3105397 0.3187623 0.3409653 
0.00424287 0.3837398 0.2822933 0.3297239 
0.0412003 0.3672718 0.2423396 0.3491883 
0.02372507 0.3545335 0.335784 0.2859575 
0.0005692145 0.3782475 0.2255452 0.3956381 
0.01616093 0.4008059 0.25477 0.3282632 
0.01280333 0.349889 0.2895954 0.3477122 
0.003780335 0.38018 0.2973473 0.3186923 
0.02427828 0.4279807 0.2678145 0.2799265 
0.008291995 0.4214384 0.3017461 0.2685235 
0.007846521 0.4416764 0.241544 0.3089331 
0.0004287654 0.4798942 0.2488993 0.2707777 
0.01263979 0.4993721 0.1878177 0.3001704 
0.0278062 0.3740115 0.2651588 0.3330235 
0.03833141 0.3463406 0.2815798 0.3337482 
0.004890191 0.3898215 0.3007209 0.3045674 
0.008491942 0.4595879 0.2287971 0.3031231 
0.002842915 0.2855731 0.4024664 0.3091176 
0.005335077 0.4016235 0.2905343 0.3025072 
0.00670044 0.4295702 0.2884919 0.2752375 
0.0392206 0.3311846 0.3377664 0.2918284 
0.0132872 0.48384 0.2250328 0.27784 
0.01750685 0.3711621 0.3133144 0.2980167 
0.02594322 0.3820091 0.2905374 0.3015103 
0.001621914 0.455551 0.2573287 0.2854984 
0.02288794 0.4421916 0.2324247 0.3024958 
0.01001043 0.4188303 0.2481626 0.3229967 
0.01401842 0.3625112 0.3097779 0.3136924 
0.006061297 0.3599563 0.2826369 0.3513456 
0.01885873 0.3566124 0.2782263 0.3463026 
0.002745278 0.2876672 0.3531577 0.3564298 
0.008308339 0.4294254 0.3055387 0.2567275 
0.01650406 0.4372103 0.2308204 0.3154653 
0.001251203 0.3599094 0.2501719 0.3886675 
0.001768545 0.4925556 0.2165598 0.289116 
0.006955811 0.3375913 0.3076837 0.3477692 
0.01169232 0.2895898 0.2703787 0.4283392 
0.01533354 0.3966596 0.2963944 0.2916124 
0.009134785 0.2671351 0.3166048 0.4071253 
0.005670047 0.3934725 0.2522566 0.3486009 
0.002587355 0.4093372 0.2063157 0.3817598 
0.02314088 0.4199791 0.2783923 0.2784878 
0.001353895 0.4446754 0.2221912 0.3317795 
0.008934151 0.3974486 0.2820735 0.3115437 
0.001861378 0.4283432 0.2909621 0.2788333 
0.06028623 0.3761 0.2706732 0.2929406 
0.01438678 0.3786056 0.3459527 0.261055 
0.008758289 0.4566122 0.2839345 0.250695 
0.01476181 0.3833397 0.2892106 0.3126879 
0.0011751 0.3939905 0.3082233 0.296611 
0.007655289 0.3780649 0.3153826 0.2988972 
0.0100777 0.4102612 0.2684028 0.3112583 
0.009029823 0.4091841 0.2492757 0.3325103 
0.02851418 0.3922648 0.2768699 0.3023511 
0.01001807 0.3042441 0.3577848 0.327953 
0.06545389 0.3298967 0.2733804 0.3312691 
0.03144928 0.3592395 0.2954907 0.3138205 
0.01004991 0.406463 0.3070463 0.2764408 
0.001414715 0.4074664 0.3389673 0.2521516 
0.02551455 0.410952 0.1942049 0.3693285 
0.05730081 0.4422554 0.1931464 0.3072974 
0.0008663774 0.3995784 0.3147728 0.2847824 
0.02283868 0.4044546 0.2597145 0.3129923 
0.01100535 0.3617248 0.237906 0.3893639 
0.001294267 0.4491606 0.2625124 0.2870327 
0.001657155 0.4343784 0.2986129 0.2653515 
0.02177931 0.3161978 0.2668722 0.3951507 
0.01916211 0.3776545 0.2532331 0.3499502 
0.005417978 0.4323108 0.253149 0.3091222 
0.01733419 0.433178 0.2015573 0.3479305 
0.003023698 0.4108268 0.3319651 0.2541844 
0.001608289 0.3694537 0.2688106 0.3601274 
0.02289745 0.379217 0.2400573 0.3578283 
0.005243851 0.4361173 0.2955774 0.2630614 
0.01323614 0.3128467 0.2538653 0.4200518 
0.01124378 0.4661773 0.2495726 0.2730064 
0.009654064 0.4327626 0.2727993 0.2847841 
0.001556097 0.395915 0.2292494 0.3732796 
0.006201262 0.3919024 0.3468239 0.2550724 
0.00964774 0.3824554 0.2544934 0.3534034 
0.02950726 0.3819601 0.2876765 0.3008561 
0.0264042 0.5132324 0.2833514 0.177012 
0.02234863 0.3376599 0.332303 0.3076884 
0.0194875 0.3603587 0.2755724 0.3445814 
0.0008226179 0.3978094 0.30028 0.3010879 
0.06388329 0.4767982 0.275004 0.1843145 
0.02007933 0.3856844 0.2834192 0.3108171 
0.02647259 0.3650108 0.2611297 0.3473869 
0.05999042 0.3725846 0.2801786 0.2872463 
0.01406338 0.416761 0.3053638 0.2638118 
0.01383856 0.394785 0.2480163 0.3433602 
0.0008383962 0.3878856 0.3053137 0.3059623 
0.0002381582 0.4330363 0.2482859 0.3184397 
0.004392128 0.4353088 0.2543107 0.3059884 
0.02258458 0.3858285 0.2914224 0.3001646 
0.0006372774 0.3945031 0.3012735 0.3035861 
0.02256909 0.3360424 0.3681306 0.273258 
0.03005677 0.3341251 0.2593092 0.376509 
0.04589139 0.3314193 0.2919652 0.3307241 
0.003180219 0.3853872 0.2933912 0.3180414 
0.01165973 0.3133383 0.3459998 0.3290021 
0.0111318 0.4437246 0.2196758 0.3254678 
0.03753096 0.4425129 0.1919734 0.3279827 
0.004591912 0.4278344 0.2559408 0.3116329 
0.04431922 0.3364541 0.3469822 0.2722445 
0.03992767 0.3739062 0.3057459 0.2804203 
0.0238058 0.3738263 0.2173039 0.3850641 
0.0003610013 0.4260911 0.2457198 0.3278281 
0.01799974 0.4155236 0.3138494 0.2526273 
0.01954918 0.3308891 0.297278 0.3522838 
0.01240568 0.4045863 0.3445809 0.2384271 
0.01033716 0.4366303 0.2186305 0.334402 
0.01901634 0.3863788 0.2541396 0.3404653 
0.0174628 0.4184854 0.2816009 0.2824509 
0.03271842 0.4168867 0.2714433 0.2789516 
0.01258636 0.3937099 0.2391608 0.3545429 
0.01810454 0.3554051 0.3261396 0.3003507 
0.03212936 0.4422688 0.1981626 0.3274392 
0.005420564 0.4598418 0.2203905 0.3143471 
0.00198265 0.489824 0.2287273 0.279466 
0.001697189 0.4414099 0.3122112 0.2446817 
0.01564355 0.4251382 0.2783835 0.2808347 
0.03115749 0.4173837 0.2982043 0.2532546 
0.005691532 0.4061425 0.2709623 0.3172036 
0.01247369 0.396531 0.2571623 0.333833 
0.02097237 0.4743809 0.2087633 0.2958835 
0.008097392 0.466769 0.2366683 0.2884654 
0.004506851 0.4067213 0.2211881 0.3675837 
0.02081435 0.3816125 0.2884766 0.3090965 
0.02053519 0.3593525 0.2825596 0.3375527 
0.004643128 0.4373406 0.3309185 0.2270978 
0.00525605 0.2834498 0.2504281 0.460866 
0.01138588 0.3959008 0.266347 0.3263662 
0.005448155 0.3549531 0.2702745 0.3693243 
0.02548959 0.4071662 0.2524391 0.3149051 
0.001023606 0.3761387 0.2113001 0.4115377 
0.008597656 0.3560878 0.3388349 0.2964796 
0.03322289 0.3494642 0.3055612 0.3117517 
0.006206016 0.3744664 0.3316498 0.2876779 
0.02230356 0.4065764 0.3070954 0.2640247 
0.02982764 0.324499 0.3047271 0.3409463 
0.008932632 0.4560534 0.2858934 0.2491206 
0.05003938 0.4145237 0.2581792 0.2772577 
0.02534008 0.3365445 0.2804958 0.3576197 
0.006654697 0.3441922 0.2868084 0.3623447 
0.02717318 0.3846723 0.3125014 0.2756531 
0.07889878 0.3495918 0.2839948 0.2875146 
0.009722698 0.4085514 0.2718749 0.309851 
0.001381193 0.3694415 0.3504017 0.2787756 
0.004063933 0.4707611 0.2558029 0.2693721 
0.02145131 0.3857734 0.3102149 0.2825603 
0.07128924 0.311205 0.2617533 0.3557525 
0.001197891 0.4042327 0.2451776 0.3493919 
0.02691839 0.4377093 0.2359798 0.2993925 
0.02886647 0.4084418 0.3323005 0.2303912 
0.05184091 0.3765843 0.3458953 0.2256795 
0.03539061 0.4923458 0.2421165 0.2301471 
0.01489113 0.3987571 0.3321992 0.2541526 
0.008845402 0.271819 0.3971566 0.3221791 
0.01186558 0.4498868 0.2938496 0.244398 
0.03153252 0.3359516 0.2955705 0.3369454 
0.0007583163 0.433525 0.2387247 0.326992 
0.0119881 0.3297911 0.3497174 0.3085035 
0.002709376 0.4610624 0.2656088 0.2706194 
0.004659999 0.4274473 0.2812014 0.2866913 
0.007457976 0.4148105 0.2935533 0.2841782 
0.01122759 0.465632 0.253745 0.2693953 
0.04818827 0.3666549 0.2198186 0.3653382 
0.08120082 0.3980126 0.2392102 0.2815764 
0.05720671 0.343323 0.322301 0.2771693 
0.003204993 0.4259921 0.2869119 0.283891 
0.01850135 0.3632398 0.3361704 0.2820884 
0.04700544 0.4110106 0.2106453 0.3313387 
0.0171764 0.40227 0.3024654 0.2780881 
0.001436083 0.3768427 0.2836212 0.3381 
0.008058268 0.40582 0.2804338 0.3056879 
0.02722278 0.3498156 0.2779965 0.3449651 
0.01628547 0.3696745 0.3105918 0.3034481 
0.005857979 0.4415164 0.2577251 0.2949005 
0.04490527 0.455829 0.2732349 0.2260308 
0.001050791 0.4872951 0.2303323 0.2813218 
0.02391486 0.4113792 0.2309026 0.3338033 
0.02559493 0.3064914 0.3059021 0.3620115 
0.006578713 0.4118847 0.202226 0.3793106 
0.003095356 0.3655618 0.3149243 0.3164185 
0.04405971 0.4293932 0.2445937 0.2819534 
0.01969734 0.4375052 0.2642092 0.2785883 
0.02601848 0.447216 0.2254269 0.3013386 
0.000260482 0.3883115 0.2643812 0.3470468 
0.03160565 0.4434927 0.2421916 0.28271 
0.00114427 0.2954971 0.3184163 0.3849423 
0.0250072 0.3857706 0.3044438 0.2847784 
0.0164599 0.4017406 0.225784 0.3560155 
0.002780157 0.3672286 0.3653639 0.2646274 
0.002663251 0.3943034 0.3416287 0.2614047 
0.0001465564 0.3560985 0.3505651 0.2931899 
0.02119052 0.4089725 0.3119433 0.2578937 
0.009218884 0.4096415 0.2082234 0.3729163 
0.01436353 0.3291399 0.3017613 0.3547353 
0.01979506 0.3750219 0.3398372 0.2653458 
0.0004724191 0.4688777 0.3136957 0.2169542 
0.007296592 0.4491556 0.2757815 0.2677663 
0.007053142 0.48661 0.2489133 0.2574235 
0.01136891 0.4000457 0.2598249 0.3287605 
0.02185323 0.3591627 0.3605312 0.2584529 
0.002088114 0.3955112 0.2915361 0.3108645 
0.001373296 0.3810396 0.2992316 0.3183555 
0.02350522 0.496539 0.2544645 0.2254912 
0.01702413 0.3918113 0.2164159 0.3747487 
0.0257755 0.3099896 0.3435099 0.3207251 
0.03229689 0.383111 0.2839475 0.3006447 
0.01334644 0.4003469 0.3045544 0.2817523 
0.0311718 0.3951725 0.2367408 0.3369149 
0.0181945 0.4759169 0.2946582 0.2112303 
0.004607631 0.3887732 0.2748485 0.3317707 
0.01556878 0.3661557 0.270025 0.3482505 
0.01344364 0.3912113 0.275449 0.3198961 
0.04652994 0.4083226 0.2694217 0.2757257 
0.005232069 0.3999369 0.3151787 0.2796523 
0.02457022 0.4899451 0.2521673 0.2333175 
0.006643055 0.3309003 0.2794383 0.3830183 
0.02631118 0.379212 0.3597915 0.2346854 
0.01135421 0.3521652 0.2697028 0.3667778 
0.01719418 0.3593919 0.3105789 0.312835 
0.005182055 0.4514901 0.2968901 0.2464377 
0.02248836 0.4274205 0.237625 0.3124661 
0.04706995 0.3387617 0.2653002 0.3488682 
0.007721147 0.5014192 0.2356184 0.2552413 
0.008153443 0.3895078 0.3030398 0.299299 
0.001817271 0.3745974 0.3703321 0.2532532 
0.009751811 0.4265094 0.2580436 0.3056952 
0.01808681 0.4390483 0.3032796 0.2395852 
0.02300892 0.4135216 0.3326572 0.2308123 
0.0006369186 0.4065995 0.2949496 0.297814 
0.01590452 0.3819609 0.3080288 0.2941058 
0.0238887 0.4197444 0.2514602 0.3049066 
0.0137971 0.424085 0.2648456 0.2972723 
0.0009301116 0.3788496 0.3128114 0.307409 
0.01549983 0.4768946 0.2933732 0.2142324 
0.008875469 0.4660097 0.2094922 0.3156226 
0.04452544 0.4425139 0.2342356 0.2787251 
0.06434528 0.3497436 0.2572867 0.3286244 
0.02710922 0.4060672 0.2685823 0.2982414 
0.01145939 0.3742264 0.2464355 0.3678787 
0.004521993 0.4324171 0.2258039 0.337257 
0.0008619685 0.4550894 0.2438081 0.3002405 
0.02361886 0.3268889 0.2903598 0.3591324 
0.009326521 0.343159 0.2086057 0.4389087 
0.01216543 0.4073382 0.2795698 0.3009266 
0.03832631 0.4463239 0.2827085 0.2326413 
0.002891173 0.5435268 0.2391515 0.2144306 
0.007077482 0.3995895 0.3534312 0.2399018 
0.02061108 0.4095144 0.2798326 0.290042 
0.001841437 0.3477398 0.3210313 0.3293875 
0.02943822 0.324747 0.3713287 0.2744861 
0.005988277 0.4587048 0.2323419 0.302965 
0.003745668 0.327619 0.3129502 0.3556851 
0.004480597 0.347185 0.3756936 0.2726407 
0.04545225 0.4360183 0.2413237 0.2772058 
0.02172719 0.4504663 0.2411004 0.2867061 
0.008838563 0.3752585 0.362443 0.25346 
0.01310576 0.4146152 0.3390045 0.2332745 
0.01032377 0.4315781 0.2801745 0.2779237 
0.01328466 0.3303201 0.3437216 0.3126737 
0.02247188 0.437813 0.2147325 0.3249826 
0.000744037 0.3388714 0.2754001 0.3849845 
0.04876615 0.3623425 0.2678418 0.3210495 
0.01335168 0.405624 0.2384865 0.3425378 
0.002811883 0.3770067 0.3091735 0.311008 
0.008046838 0.3859103 0.2950484 0.3109944 
0.02631687 0.481974 0.2004701 0.291239 
0.006168284 0.4317482 0.265086 0.2969975 
0.006792018 0.4155043 0.238979 0.3387246 
0.03005034 0.4197053 0.2628632 0.2873812 
0.06914778 0.4323138 0.276452 0.2220864 
0.003183611 0.3349142 0.3045589 0.3573433 
0.07014826 0.3246489 0.2596546 0.3455483 
0.01408994 0.3427198 0.3229665 0.3202237 
0.0152488 0.3667172 0.2714461 0.3465879 
0.01943018 0.3834784 0.2734628 0.3236286 
0.05082894 0.3307632 0.2496121 0.3687957 
0.002008878 0.4123404 0.2970371 0.2886137 
0.01971329 0.3520702 0.3297236 0.2984929 
0.008771372 0.4961455 0.2746483 0.2204348 
0.01145768 0.411669 0.2273429 0.3495304 
0.01441183 0.3654104 0.3045846 0.3155931 
0.005263586 0.4330482 0.2135967 0.3480915 
0.02563526 0.4080836 0.364483 0.2017981 
0.02129597 0.3434854 0.3266044 0.3086142 
0.008068719 0.3381108 0.364133 0.2896874 
0.01615034 0.4198617 0.2591084 0.3048795 
0.01595221 0.4105073 0.2727272 0.3008133 
0.005968107 0.3293175 0.3352449 0.3294695 
0.003247707 0.4431763 0.2399975 0.3135785 
0.009036306 0.338474 0.2677074 0.3847823 
0.0007023076 0.3193972 0.3133795 0.366521 
0.01053255 0.354242 0.3379503 0.2972752 
0.001738855 0.4972562 0.3020468 0.1989581 
0.02538828 0.4124327 0.2107924 0.3513866 
0.001012171 0.4171057 0.2291098 0.3527723 
0.01229818 0.4284214 0.2955059 0.2637745 
0.009877418 0.3824252 0.2608728 0.3468246 
0.002158524 0.3952836 0.2660845 0.3364734 
0.009012061 0.3989388 0.3213345 0.2707146 
0.007783044 0.3495494 0.2841697 0.3584979 
0.04651789 0.3620135 0.28425 0.3072186 
0.00118141 0.4720008 0.2668483 0.2599694 
0.01123628 0.4317746 0.2844344 0.2725547 
0.009896114 0.3611828 0.3329776 0.2959434 
0.01790081 0.4540042 0.1918358 0.3362592 
0.004452889 0.3700903 0.2995388 0.325918 
0.008314254 0.4719864 0.2947561 0.2249432 
0.1005897 0.4070626 0.1911278 0.3012198 
0.006290289 0.4013791 0.2670146 0.325316 
0.02591007 0.4308512 0.2723026 0.2709362 
0.01757475 0.3886907 0.146063 0.4476715 
0.01166266 0.4247791 0.3073438 0.2562144 
0.005454298 0.4147858 0.3421693 0.2375906 
0.005652422 0.4108679 0.2892041 0.2942756 
0.01873888 0.4701236 0.2579268 0.2532107 
0.01630222 0.4052065 0.247216 0.3312753 
0.01048525 0.3065 0.3615753 0.3214394 
0.03678621 0.37197 0.3325343 0.2587095 
0.02389779 0.3455659 0.343076 0.2874604 
0.01219055 0.4014866 0.2799793 0.3063435 
0.01592526 0.3864708 0.2396789 0.357925 
0.02290893 0.3393318 0.2826045 0.3551547 
0.0550505 0.3779591 0.292746 0.2742443 
0.009646732 0.4089907 0.2609272 0.3204353 
0.03880336 0.5019629 0.233399 0.2258347 
0.07850958 0.2377367 0.2512636 0.4324901 
0.007112201 0.4204027 0.297469 0.2750161 
0.000411999 0.4354129 0.292458 0.271717 
0.01887145 0.4065236 0.2334398 0.3411651 
0.001109638 0.4521887 0.2192426 0.3274591 
0.04659584 0.3907104 0.311563 0.2511308 
0.008632228 0.4232214 0.2531713 0.3149751 
0.04244135 0.3745279 0.3129381 0.2700926 
0.0510642 0.3764188 0.2769764 0.2955406 
0.02792433 0.4400825 0.2349586 0.2970346 
0.07421227 0.3963873 0.2239558 0.3054446 
0.003859942 0.4189892 0.277188 0.2999629 
0.0005228428 0.349626 0.4092542 0.2405969 
0.007137533 0.396372 0.2772797 0.3192108 
9.340457e-05 0.3855468 0.303608 0.3107517 
0.02646474 0.4003057 0.2699433 0.3032863 
0.02387408 0.3886587 0.2700157 0.3174515 
0.001686849 0.3366285 0.3243766 0.3373081 
0.0003632471 0.3983328 0.32029 0.281014 
0.004394096 0.3776822 0.3125394 0.3053843 
0.003849601 0.4857459 0.2054142 0.3049903 
0.04166885 0.2863348 0.3366528 0.3353435 
0.01285565 0.3136301 0.3010152 0.372499 
0.002589355 0.442087 0.2367236 0.3186 
0.003394802 0.4287437 0.3115423 0.2563192 
0.003281432 0.3448057 0.2782831 0.3736297 
0.01367523 0.4021974 0.2170973 0.3670301 
0.006022269 0.3804788 0.3340032 0.2794957 
0.02382737 0.3781097 0.2842696 0.3137933 
0.0005737681 0.4023557 0.2873392 0.3097313 
0.000522627 0.4111249 0.3271072 0.2612453 
0.01123487 0.3189757 0.3225469 0.3472426 
0.009926466 0.3645149 0.2902658 0.3352928 
0.05882098 0.4250189 0.2591936 0.2569666 
0.03588806 0.3867023 0.28848 0.2889296 
0.0245572 0.4413664 0.2291746 0.3049018 
0.004426446 0.4323266 0.265049 0.2981979 
0.01067707 0.324273 0.2724301 0.3926198 
0.02864041 0.3915975 0.2883568 0.2914053 
0.007653548 0.3533825 0.3843309 0.254633 
0.002105032 0.3839173 0.3011556 0.312822 
0.0005875398 0.3512319 0.339575 0.3086056 
0.02059028 0.4024821 0.3212372 0.2556904 
0.002172015 0.3862527 0.2776573 0.333918 
0.01315733 0.4096338 0.3528508 0.2243581 
0.0443333 0.3963457 0.2522018 0.3071192 
0.0181486 0.4071761 0.2448786 0.3297967 
0.009001507 0.4838595 0.2080471 0.2990919 
0.0320275 0.3839303 0.2937601 0.2902821 
0.0472068 0.2966839 0.3598415 0.2962678 
0.003140967 0.4025074 0.3055115 0.2888402 
0.0114099 0.4151511 0.2675335 0.3059055 
0.02681303 0.3573102 0.2915949 0.3242819 
0.005756306 0.4142392 0.2830274 0.2969771 
0.05421653 0.4433394 0.2436179 0.2588261 
0.04298288 0.4567005 0.2583768 0.2419398 
0.01317396 0.3803415 0.2800423 0.3264422 
0.01115036 0.4020478 0.3042826 0.2825193 
0.003558035 0.3132693 0.311611 0.3715616 
0.02374942 0.336416 0.3018092 0.3380254 
0.0003915528 0.4289097 0.3024324 0.2682663 
0.03152094 0.3858239 0.2741093 0.3085459 
0.01308899 0.3270669 0.2864759 0.3733682 
0.001682193 0.4458703 0.2971527 0.2552947 
0.0004090715 0.4210186 0.2731834 0.3053889 
0.01019285 0.3595061 0.3468846 0.2834165 
0.007169427 0.4500343 0.318759 0.2240372 
0.007799501 0.3935196 0.356186 0.2424949 
0.004379976 0.3678912 0.2235295 0.4041994 
0.01743047 0.4095997 0.2203927 0.3525771 
0.009637916 0.4110191 0.3389101 0.2404329 
0.00483555 0.5240377 0.231526 0.2396008 
0.002380752 0.3721153 0.3204744 0.3050295 
0.004722194 0.3858264 0.2747843 0.3346671 
0.01077068 0.4021639 0.2305718 0.3564937 
0.007165923 0.3859881 0.2752483 0.3315977 
0.002071104 0.4717103 0.20297 0.3232485 
0.01605646 0.4541846 0.2885274 0.2412315 
0.02102542 0.4755771 0.2561253 0.2472722 
0.03361742 0.3796196 0.2477122 0.3390508 
0.03322957 0.4835725 0.246062 0.2371359 
0.003637229 0.3892754 0.3542585 0.2528289 
0.02453262 0.3461249 0.3193685 0.309974 
0.01382832 0.3831021 0.2462933 0.3567763 
0.04852038 0.3889923 0.2688371 0.2936502 
0.00948634 0.3303242 0.2404195 0.4197699 
0.01694935 0.4099086 0.2602394 0.3129026 
0.006702959 0.3663303 0.285998 0.3409687 
0.02742705 0.3433948 0.3024499 0.3267283 
0.003442321 0.3463949 0.2968069 0.3533559 
0.008520178 0.3960683 0.2635286 0.331883 
0.01573807 0.3345133 0.3425051 0.3072436 
0.001077997 0.3812759 0.2885849 0.3290612 
0.008174911 0.3637932 0.3379476 0.2900842 
0.001590501 0.3958247 0.2956285 0.3069562 
0.02473704 0.4552713 0.2641092 0.2558824 
0.0271879 0.4525623 0.2609309 0.2593188 
0.009208805 0.4595093 0.2378815 0.2934004 
0.02958846 0.4298093 0.2668462 0.2737561 
0.02128168 0.3878593 0.2439429 0.3469161 
0.0194029 0.4485025 0.3186132 0.2134814 
0.03037014 0.3902331 0.2856711 0.2937257 
0.01816639 0.3607182 0.2956844 0.325431 
0.002483721 0.4385172 0.293914 0.2650851 
0.00687696 0.3883568 0.3057726 0.2989937 
