p_1 p_2 p_3 p_4 
0.1922573 0.2932522 0.01286638 0.5016241 
0.3329127 0.3049327 0.003378662 0.358776 
0.2683545 0.2794907 0.01438948 0.4377653 
0.2172335 0.3291347 0.01110487 0.4425269 
0.3154654 0.2174801 0.01159118 0.4554632 
0.3785429 0.3032467 0.01722288 0.3009875 
0.2806086 0.3196586 0.01802011 0.3817128 
0.4054421 0.2673785 0.007158728 0.3200207 
0.2734884 0.2374307 0.04008953 0.4489914 
0.348633 0.2794645 0.03026324 0.3416393 
0.2921444 0.3062217 0.0002788571 0.4013551 
0.3178631 0.2456444 0.004810895 0.4316815 
0.250202 0.287927 0.00518978 0.4566812 
0.3271711 0.3367355 0.002060765 0.3340327 
0.2623305 0.321773 0.02968484 0.3862117 
0.2829165 0.2576351 0.003189621 0.4562588 
0.2799066 0.2720949 0.02645826 0.4215402 
0.3021707 0.3527141 0.009718819 0.3353964 
0.2258147 0.3091977 0.04531914 0.4196685 
0.2884788 0.283535 0.005509935 0.4224763 
0.3602638 0.3142789 0.02108323 0.3043741 
0.3165669 0.2720458 0.009043943 0.4023434 
0.2860944 0.2821343 0.01028707 0.4214843 
0.2803195 0.2850324 0.05684776 0.3778004 
0.2382027 0.3153009 0.008977702 0.4375187 
0.2659898 0.3316617 0.01544996 0.3868986 
0.3775323 0.2351898 0.01960242 0.3676755 
0.317316 0.2714233 0.005672466 0.4055883 
0.2570177 0.3402437 0.002454546 0.4002841 
0.2742183 0.2419216 0.02170563 0.4621545 
0.3957614 0.20058 0.002139419 0.4015191 
0.2873476 0.3206832 0.002405036 0.3895641 
0.3949583 0.23609 0.01023855 0.3587131 
0.3557909 0.279351 0.009554369 0.3553038 
0.2690888 0.2459357 0.06037694 0.4245986 
0.2364427 0.1840718 0.002269655 0.5772159 
0.3265353 0.2529017 0.002371605 0.4181914 
0.2532312 0.3620139 0.01790983 0.3668451 
0.4122743 0.1967902 0.006705508 0.38423 
0.2776505 0.3239724 0.007031933 0.3913452 
0.2588492 0.2410881 0.01794391 0.4821188 
0.3768029 0.2056014 0.0002685856 0.4173272 
0.2963864 0.234152 0.008521925 0.4609397 
0.3155921 0.2439719 0.0007968492 0.4396391 
0.3067959 0.1788635 0.0215762 0.4927644 
0.330541 0.2957105 0.003509442 0.370239 
0.278577 0.3021878 0.01474155 0.4044936 
0.3224054 0.3402892 0.02106999 0.3162354 
0.2846867 0.3549982 0.006114543 0.3542005 
0.220179 0.2797841 0.05003823 0.4499987 
0.2909119 0.3228434 0.01368048 0.3725641 
0.3318004 0.2676204 0.0306646 0.3699146 
0.215579 0.3420371 0.0003041531 0.4420797 
0.2464151 0.3591346 0.03286368 0.3615866 
0.2984136 0.3763245 0.003397517 0.3218644 
0.2704243 0.3256131 0.01365019 0.3903125 
0.2490247 0.2803275 0.0219144 0.4487334 
0.2926891 0.23408 0.03294872 0.4402822 
0.2995012 0.3009431 0.007895238 0.3916605 
0.3630823 0.2089804 0.01330324 0.4146341 
0.2140164 0.4202266 0.02699354 0.3387634 
0.3699426 0.2521529 0.002633538 0.375271 
0.2557426 0.2001 0.04240089 0.5017565 
0.2928475 0.2845774 0.003575353 0.4189998 
0.31687 0.279868 0.01294488 0.3903171 
0.3438788 0.2250155 0.02490926 0.4061965 
0.2874461 0.3277304 0.006757078 0.3780664 
0.3384498 0.248097 0.0009867844 0.4124665 
0.4171782 0.214938 0.003862947 0.3640208 
0.2803443 0.2917602 0.003883559 0.424012 
0.3470909 0.2772312 0.008653879 0.3670241 
0.3543015 0.2372014 0.01045906 0.398038 
0.3625027 0.2466935 0.05001721 0.3407866 
0.3043337 0.2553642 0.05886027 0.3814418 
0.2764725 0.3200057 0.03867287 0.3648489 
0.2599163 0.2000564 0.01459419 0.5254331 
0.2472965 0.268742 0.03149043 0.4524711 
0.2590318 0.3207914 0.01646514 0.4037116 
0.2944485 0.278681 0.00236256 0.4245079 
0.2605693 0.2706381 0.03743892 0.4313537 
0.2439355 0.3915496 0.002259917 0.362255 
0.2530422 0.2728373 0.01264275 0.4614778 
0.3018908 0.2771869 0.006360094 0.4145622 
0.3469706 0.2556442 0.02376736 0.3736179 
0.3431775 0.298638 0.001000435 0.3571841 
0.315228 0.2769905 0.01465073 0.3931308 
0.1798603 0.3180233 0.02382983 0.4782865 
0.3539001 0.2572292 0.02761942 0.3612513 
0.2627716 0.2815889 0.02953858 0.426101 
0.3322644 0.2122868 0.006043503 0.4494052 
0.3496256 0.3379141 0.003720812 0.3087395 
0.3109467 0.3151072 0.008698017 0.3652481 
0.3538597 0.2672156 0.006795238 0.3721294 
0.3124911 0.2243799 0.02433963 0.4387893 
0.2539109 0.3499783 0.03098089 0.3651299 
0.3495348 0.2191725 0.004698889 0.4265938 
0.3391672 0.2647105 0.02756471 0.3685576 
0.3464344 0.3267993 0.01363113 0.3131352 
0.2362338 0.333301 0.008000403 0.4224648 
0.3576339 0.3211293 0.002662672 0.3185741 
0.2886369 0.2802607 0.01095459 0.4201478 
0.3075263 0.2966281 0.02475176 0.3710938 
0.3838209 0.3097561 0.004752752 0.3016702 
0.3072299 0.2744417 0.001590443 0.4167379 
0.2378996 0.3164051 0.02814876 0.4175465 
0.2737679 0.288843 0.008948953 0.4284401 
0.3658282 0.2494404 0.008659056 0.3760723 
0.315109 0.3092915 0.01396113 0.3616383 
0.2937414 0.3316684 0.002092641 0.3724975 
0.2411467 0.2431595 0.00427887 0.5114149 
0.3587676 0.2273724 0.01234649 0.4015135 
0.3267532 0.2637935 0.03023758 0.3792157 
0.3064764 0.2952658 0.004994141 0.3932637 
0.2682542 0.2133472 0.01021514 0.5081835 
0.2762367 0.2785963 0.003655501 0.4415115 
0.2847455 0.2694935 0.000201253 0.4455597 
0.265455 0.2504283 0.01132417 0.4727926 
0.3168437 0.2524762 0.01751918 0.4131608 
0.3380582 0.2286799 0.05470746 0.3785544 
0.3202278 0.2182349 0.06893984 0.3925974 
0.2958867 0.3004214 0.007625988 0.396066 
0.3157653 0.2705262 0.00981277 0.4038957 
0.2207301 0.3049643 0.006193942 0.4681117 
0.2736907 0.283318 0.05706324 0.3859281 
0.3961407 0.2749237 0.01835838 0.3105772 
0.2783536 0.206777 0.01652972 0.4983397 
0.3279043 0.3083785 0.02586434 0.3378529 
0.3441119 0.2154349 0.02367162 0.4167816 
0.310771 0.2643923 0.0004453258 0.4243914 
0.3315789 0.2811651 0.01069774 0.3765583 
0.3531397 0.2623168 0.008309085 0.3762344 
0.2099581 0.29598 0.02274136 0.4713205 
0.3563675 0.295618 0.03878864 0.3092259 
0.3343647 0.2297292 0.003410909 0.4324952 
0.3175661 0.2671463 0.04492152 0.3703661 
0.3194893 0.2534446 0.01256349 0.4145026 
0.2878545 0.2764684 0.03208798 0.4035892 
0.3267336 0.2198135 0.03403805 0.4194149 
0.2877134 0.3243198 0.0005223869 0.3874445 
0.3112121 0.2750381 0.03565355 0.3780962 
0.325233 0.3106005 0.01154748 0.352619 
0.3383975 0.3054854 0.006139496 0.3499776 
0.3125072 0.2339403 0.02903975 0.4245127 
0.2780271 0.2481039 0.003034077 0.4708349 
0.2624323 0.3237051 0.03328218 0.3805804 
0.2287878 0.3527931 0.04678771 0.3716314 
0.2618446 0.2545688 0.01034575 0.4732409 
0.2573479 0.2605054 0.01106991 0.4710768 
0.2411972 0.2400528 0.00461316 0.5141368 
0.2999119 0.2626281 0.00909076 0.4283692 
0.2591182 0.3521303 0.007820165 0.3809313 
0.3471238 0.2402412 0.06981067 0.3428243 
0.3089374 0.3959463 0.002154638 0.2929616 
0.2919335 0.2803103 0.003493134 0.4242631 
0.233038 0.3068609 0.0002306224 0.4598705 
0.3898856 0.1958613 0.009154133 0.4050989 
0.3021875 0.2279989 0.02357607 0.4462375 
0.2355721 0.2810258 0.005154954 0.4782471 
0.3207962 0.2564498 0.0008212041 0.4219328 
0.3006815 0.2435338 0.0002635159 0.4555211 
0.3062573 0.2500213 0.004426602 0.4392948 
0.339825 0.2858725 0.01826533 0.3560372 
0.4168086 0.2184973 0.006621634 0.3580725 
0.3079102 0.3268342 0.004880128 0.3603754 
0.2950539 0.2895138 0.02625005 0.3891823 
0.3125584 0.3284794 0.005141871 0.3538203 
0.3371085 0.2666997 0.04082042 0.3553714 
0.3194976 0.254634 0.001398318 0.4244701 
0.3564545 0.3355569 0.003414648 0.304574 
0.3518603 0.311104 0.001585062 0.3354506 
0.2996822 0.3779019 0.0002248091 0.3221911 
0.341505 0.2636904 0.01848677 0.3763178 
0.2392019 0.2492707 0.007217458 0.5043099 
0.2768078 0.284401 0.03721484 0.4015764 
0.2569483 0.327678 0.05327871 0.362095 
0.381729 0.2942379 0.007273562 0.3167595 
0.2943814 0.2692738 0.006778629 0.4295662 
0.2955344 0.3651677 0.01430824 0.3249896 
0.1992872 0.3137421 0.003418774 0.4835519 
0.2272785 0.2927847 0.04393137 0.4360054 
0.3734368 0.2613933 0.0205261 0.3446439 
0.3020679 0.1890935 0.01427714 0.4945614 
0.3614857 0.2606452 0.0105343 0.3673348 
0.3176817 0.227376 7.783272e-05 0.4548645 
0.2796652 0.2183792 0.02911431 0.4728413 
0.2660387 0.3155253 0.04169109 0.3767448 
0.2889154 0.2849926 0.02841915 0.3976728 
0.2479123 0.2684564 0.006167385 0.477464 
0.321901 0.3308476 0.005770497 0.3414809 
0.2634418 0.2462136 0.01293378 0.4774109 
0.3386773 0.2095211 0.04237919 0.4094224 
0.2766293 0.2502455 0.002897019 0.4702282 
0.3020418 0.2731906 0.03402645 0.3907412 
0.2446501 0.3315245 0.01541297 0.4084125 
0.201811 0.3473559 0.006439472 0.4443936 
0.3184334 0.2070542 0.02771513 0.4467972 
0.3269105 0.3303998 0.001163067 0.3415266 
0.3432704 0.3057985 0.008244866 0.3426862 
0.2125075 0.2754522 0.001338151 0.5107022 
0.2658433 0.249941 0.001272611 0.4829431 
0.3450494 0.2458609 0.01542114 0.3936686 
0.2631142 0.233323 0.01435968 0.4892031 
0.2803896 0.2431468 0.01691111 0.4595524 
0.3388787 0.2786365 0.003744875 0.3787399 
0.3505112 0.2646719 0.006474201 0.3783428 
0.2979129 0.2962021 0.0347712 0.3711138 
0.3048015 0.3769678 0.0040171 0.3142136 
0.2873696 0.213485 0.01950877 0.4796366 
0.3166845 0.2774949 0.006226361 0.3995942 
0.2507449 0.2889404 0.007371717 0.4529429 
0.3192395 0.2452217 0.01256767 0.4229712 
0.3024865 0.1982784 0.00372651 0.4955086 
0.3421212 0.2545798 0.009940976 0.393358 
0.2299431 0.3317144 0.003764524 0.434578 
0.2938342 0.3158848 0.00672716 0.3835538 
0.2890069 0.2706236 0.0166195 0.42375 
0.2996159 0.2536526 0.008399554 0.438332 
0.239093 0.2873095 0.01615387 0.4574437 
0.285906 0.3087211 0.008855855 0.3965171 
0.248262 0.3129704 0.004721049 0.4340466 
0.325651 0.2845484 0.006869877 0.3829307 
0.2835044 0.3202653 0.01014554 0.3860847 
0.3416602 0.2494708 0.008868234 0.4000008 
0.2763488 0.2002352 0.00508746 0.5183285 
0.4205654 0.2794464 0.0005384145 0.2994498 
0.3292479 0.307107 0.008463738 0.3551813 
0.4008595 0.2579994 0.00261873 0.3385224 
0.210363 0.3294889 0.01095285 0.4491953 
0.3420594 0.295836 0.001285401 0.3608192 
0.377338 0.2555014 0.0287654 0.3383952 
0.33116 0.2675514 0.01195786 0.3893308 
0.2517471 0.2615316 0.02022327 0.466498 
0.3613608 0.2316549 0.001605737 0.4053786 
0.3734819 0.1847086 0.02562162 0.4161878 
0.3166637 0.2015085 0.01979988 0.4620279 
0.414463 0.2582861 0.01361311 0.3136378 
0.269588 0.3613438 0.00123338 0.3678348 
0.3490518 0.2899143 0.02580224 0.3352317 
0.3119314 0.2329388 0.02403491 0.4310949 
0.3444842 0.2985193 0.007022814 0.3499737 
0.2586587 0.3862532 0.008516068 0.346572 
0.2893133 0.2382453 0.007688721 0.4647527 
0.2492175 0.3077422 0.006154198 0.4368861 
0.2862986 0.3052189 0.0006451448 0.4078374 
0.3008875 0.2633395 0.00962909 0.4261438 
0.3059955 0.3600856 0.0122115 0.3217074 
0.2857287 0.217518 0.05724241 0.4395109 
0.3258219 0.256561 0.004400434 0.4132167 
0.2867643 0.286013 0.01136613 0.4158566 
0.3603004 0.2137114 0.03352315 0.3924651 
0.2005554 0.4057199 0.02770426 0.3660204 
0.3311003 0.275996 0.03381919 0.3590845 
0.2619907 0.3775177 0.01051113 0.3499805 
0.3529638 0.292325 0.001927307 0.3527839 
0.3328478 0.2601695 0.0175256 0.3894571 
0.3956504 0.2676772 0.003611572 0.3330608 
0.3087303 0.3144934 0.0006518578 0.3761244 
0.2940448 0.2468589 0.001487553 0.4576088 
0.359568 0.2624768 0.03997631 0.337979 
0.1972545 0.28809 0.0275454 0.4871102 
0.3004972 0.2929212 0.007100955 0.3994807 
0.286009 0.2653368 0.009505828 0.4391484 
0.2719535 0.3589254 0.01530926 0.3538119 
0.4521789 0.2141738 0.01672907 0.3169183 
0.3064558 0.3121897 0.01154619 0.3698082 
0.2702027 0.2624128 0.01373469 0.4536499 
0.1962657 0.3429512 0.02794672 0.4328364 
0.3165695 0.2738205 0.003731039 0.405879 
0.3390666 0.2826493 0.006049465 0.3722346 
0.3448156 0.2834858 0.04862182 0.3230767 
0.3694954 0.2335594 0.02434273 0.3726024 
0.3057286 0.2658093 0.02089825 0.4075638 
0.2865428 0.2835349 0.03079403 0.3991282 
0.2347116 0.340867 0.006095486 0.4183259 
0.2237118 0.3441221 0.01894661 0.4132195 
0.3735367 0.2380166 0.01640452 0.3720422 
0.3697234 0.2686948 0.01669298 0.3448888 
0.2275324 0.3490418 0.007284827 0.4161409 
0.272659 0.2620545 0.0686151 0.3966714 
0.3140392 0.3041264 0.02872553 0.3531089 
0.2754569 0.2153399 0.01639999 0.4928031 
0.3325126 0.2499388 0.01295278 0.4045959 
0.3010553 0.3374926 0.01419212 0.34726 
0.3926989 0.2208523 0.02970872 0.3567401 
0.2959101 0.3097022 0.002782313 0.3916053 
0.2659292 0.2815609 0.01746903 0.4350409 
0.2772328 0.2367209 0.04442613 0.4416202 
0.3450928 0.2430102 0.0156647 0.3962323 
0.3065517 0.3152744 0.01826441 0.3599095 
0.2838157 0.3166721 0.02691753 0.3725947 
0.2821629 0.2678011 0.006878979 0.4431571 
0.2466371 0.2896424 0.04642473 0.4172957 
0.2429965 0.2722559 0.06086995 0.4238776 
0.319894 0.2610178 0.03452244 0.3845658 
0.27834 0.3254564 0.008855619 0.3873479 
0.353612 0.2533352 0.002200823 0.3908519 
0.2613237 0.2876776 0.00730416 0.4436945 
0.2070351 0.2821232 0.01173453 0.4991072 
0.3966842 0.2455524 0.02441794 0.3333455 
0.3156926 0.282041 0.03966833 0.3625981 
0.2956958 0.2615931 0.006527738 0.4361833 
0.2627211 0.2818041 0.00330379 0.452171 
0.315533 0.3187738 0.01341239 0.3522809 
0.3789361 0.2237958 0.0009859959 0.3962822 
0.315856 0.2383337 0.02108217 0.424728 
0.3037328 0.202237 0.04081289 0.4532173 
0.3097896 0.2871606 0.01661772 0.3864321 
0.3087114 0.260414 0.05450625 0.3763684 
0.2911162 0.2347828 0.01174007 0.4623609 
0.3311783 0.2943232 0.00259192 0.3719066 
0.3020107 0.2366043 0.002139958 0.4592451 
0.2787001 0.2961764 0.0138597 0.4112638 
0.3114886 0.3167409 0.009009868 0.3627606 
0.3171353 0.3106643 0.002597472 0.369603 
0.3051867 0.2241926 0.01844988 0.4521708 
0.269069 0.2233591 0.01378405 0.4937879 
0.3352054 0.2557714 0.01156939 0.3974539 
0.2943018 0.1767118 0.003943324 0.525043 
0.2061799 0.2477058 0.02156899 0.5245453 
0.2323957 0.3182214 0.03673744 0.4126454 
0.2687214 0.2797499 0.01008645 0.4414423 
0.3188633 0.1896857 0.0007146765 0.4907363 
0.2763056 0.1728762 0.02796631 0.5228519 
0.3365554 0.2576457 0.003569723 0.4022292 
0.3005552 0.284914 0.03153118 0.3829996 
0.2976068 0.2757979 0.01379673 0.4127986 
0.3891223 0.2476623 0.01774396 0.3454714 
0.3138358 0.2132296 0.0620223 0.4109123 
0.3626781 0.2648214 0.02265449 0.349846 
0.3151277 0.2881275 0.001052567 0.3956922 
0.4023721 0.2367836 0.014104 0.3467403 
0.2544576 0.3174608 0.009701458 0.4183801 
0.3314674 0.2697591 0.003319808 0.3954537 
0.2921641 0.2548283 0.008599332 0.4444083 
0.3127336 0.2838608 0.006906611 0.3964991 
0.2770041 0.3116547 0.0003503672 0.4109908 
0.221185 0.2871958 0.01253159 0.4790877 
0.2940141 0.3067764 0.08853123 0.3106783 
0.2998845 0.2731454 0.01931561 0.4076545 
0.260988 0.3705086 0.01449391 0.3540094 
0.2421233 0.240716 0.04088534 0.4762753 
0.3132354 0.265551 0.008265199 0.4129484 
0.2643758 0.3556708 0.04485227 0.3351011 
0.2841929 0.2713536 0.006253862 0.4381996 
0.3546342 0.2816631 0.001216322 0.3624865 
0.3351972 0.2815121 0.01396034 0.3693303 
0.2560417 0.3742687 0.03057191 0.3391178 
0.3263798 0.3342547 0.003750818 0.3356147 
0.3382409 0.2755459 0.011105 0.3751082 
0.3448217 0.2258649 0.02467273 0.4046407 
0.2713333 0.2883337 0.001164635 0.4391684 
0.3295031 0.2405937 0.03904222 0.390861 
0.4248607 0.2760373 0.02562213 0.2734798 
0.3094299 0.2273123 0.001681704 0.4615761 
0.2233056 0.2508777 0.04427256 0.4815441 
0.2415521 0.3332283 0.005849421 0.4193701 
0.2660815 0.2922607 0.006340002 0.4353178 
0.3444611 0.273224 0.006641838 0.375673 
0.208065 0.3646032 0.01249827 0.4148335 
0.4092973 0.2874301 0.0002087329 0.3030638 
0.2520173 0.2652641 0.03516143 0.4475572 
0.2539295 0.336083 0.0003172353 0.4096703 
0.2703065 0.2815103 0.002657456 0.4455258 
0.2663567 0.289349 0.03246198 0.4118323 
0.2906119 0.2408872 0.009627788 0.4588731 
0.3106634 0.2408941 0.01716379 0.4312787 
0.348669 0.3066634 0.1075883 0.2370794 
0.2400117 0.34425 0.003343887 0.4123945 
0.3003948 0.2089043 0.02904781 0.4616531 
0.2546598 0.2816193 0.03636527 0.4273557 
0.346086 0.2370249 0.004873956 0.4120152 
0.327074 0.2968655 0.008953253 0.3671073 
0.2926235 0.2525095 0.009052125 0.4458148 
0.2909091 0.327882 0.002294242 0.3789147 
0.3216708 0.2582207 0.006158382 0.4139502 
0.3457855 0.2314638 0.02961988 0.3931308 
0.2959511 0.2346998 0.06271378 0.4066353 
0.2782268 0.3054197 0.0002240141 0.4161294 
0.2617456 0.3190555 0.009923707 0.4092751 
0.291192 0.2602003 0.01207214 0.4365356 
0.3229432 0.2460587 0.01537859 0.4156195 
0.2815857 0.2527377 0.01387947 0.4517971 
0.3262637 0.2634278 0.009488573 0.4008199 
0.2903941 0.3463009 0.0020508 0.3612543 
0.2647659 0.2413939 0.0162589 0.4775813 
0.1866445 0.2752032 0.06033073 0.4778216 
0.3058316 0.2529574 0.01398906 0.4272219 
0.3429941 0.1806234 0.002626331 0.4737562 
0.2908423 0.3056369 0.009764572 0.3937562 
0.2787685 0.2548804 0.00808105 0.4582701 
0.3144324 0.2779026 0.003600946 0.404064 
0.2134862 0.3334425 0.00930296 0.4437684 
0.3302281 0.3092228 0.001966829 0.3585822 
0.2567625 0.2491355 0.06226732 0.4318346 
0.3229683 0.2490025 0.005910249 0.422119 
0.334563 0.2372164 0.02852661 0.399694 
0.2567316 0.2665688 0.006647701 0.4700519 
0.277973 0.2048844 0.01528687 0.5018557 
0.3069278 0.2418339 0.03523243 0.4160059 
0.3164571 0.3335435 0.002394504 0.3476049 
0.3646529 0.2537252 0.008778707 0.3728432 
0.3300366 0.2240722 0.01164863 0.4342426 
0.3332398 0.3037404 0.02638182 0.3366379 
0.302904 0.2363427 0.005015765 0.4557375 
0.3418292 0.2223607 0.005049015 0.430761 
0.3112181 0.3234003 0.01216467 0.3532169 
0.2820382 0.3751432 0.01263815 0.3301804 
0.3198714 0.2264166 0.01125374 0.4424582 
0.2637671 0.3080605 0.01334813 0.4148243 
0.3011016 0.2211167 0.03082978 0.4469519 
0.4099641 0.2022154 0.004698624 0.3831219 
0.3168561 0.2168789 0.01177784 0.4544872 
0.2422637 0.3651927 0.01425865 0.3782849 
0.2592895 0.3231624 0.009020093 0.408528 
0.334471 0.2656062 0.005102394 0.3948204 
0.2965454 0.268174 0.03397293 0.4013077 
0.3376437 0.2280547 0.004929231 0.4293723 
0.2833403 0.2705121 0.0231008 0.4230468 
0.3168968 0.2719963 0.0009318285 0.4101751 
0.3155705 0.3382274 0.01479784 0.3314043 
0.3065029 0.2928972 0.01497338 0.3856265 
0.3290996 0.3098703 0.01413787 0.3468922 
0.2178636 0.2960045 0.02178031 0.4643516 
0.348002 0.220521 0.01600501 0.415472 
0.4034336 0.2268534 0.005361933 0.364351 
0.324566 0.234417 0.06122507 0.3797919 
0.3299212 0.2925961 0.003125752 0.3743569 
0.2495365 0.3083767 0.002000673 0.4400861 
0.337163 0.304138 0.01975584 0.3389432 
0.3292587 0.2913485 0.007361969 0.3720308 
0.3279204 0.3099973 0.004101826 0.3579805 
0.312132 0.2525159 0.007510611 0.4278415 
0.3316141 0.2420798 0.009327147 0.416979 
0.3021285 0.232058 0.002103414 0.4637101 
0.3540748 0.299492 0.005974617 0.3404585 
0.325991 0.2336487 0.02991998 0.4104403 
0.2767551 0.3563973 0.009523026 0.3573246 
0.2681086 0.2977366 4.376301e-05 0.434111 
0.2400666 0.3803704 0.003955554 0.3756075 
0.261282 0.3044098 0.01313288 0.4211753 
0.3476573 0.3188685 0.00986535 0.3236089 
0.2841732 0.2828488 0.03307448 0.3999036 
0.3059293 0.3159274 0.001665208 0.3764781 
0.2338783 0.2998075 0.03813574 0.4281785 
0.3806185 0.2324225 0.01323346 0.3737255 
0.3387724 0.2886349 0.01600148 0.3565913 
0.2894341 0.3316136 0.01053242 0.3684199 
0.3281777 0.2434822 0.0261395 0.4022006 
0.2254919 0.3290474 0.003848024 0.4416127 
0.3236012 0.2538643 0.01353835 0.4089962 
0.2851528 0.323442 0.008671204 0.382734 
0.2871161 0.2260917 0.01467948 0.4721128 
0.333115 0.3176668 0.001195871 0.3480223 
0.3681034 0.2630148 0.01524735 0.3536345 
0.2695137 0.2641584 0.0002910587 0.4660369 
0.2868928 0.278287 0.003178856 0.4316414 
0.3483279 0.1789838 0.03031136 0.4423769 
0.3407575 0.2593375 0.001240375 0.3986647 
0.3166521 0.2817852 0.01024636 0.3913163 
0.2193817 0.2868592 0.03425261 0.4595064 
0.2788957 0.3160141 0.007659274 0.3974309 
0.3296493 0.2899991 0.01680672 0.3635449 
0.2905165 0.3190106 0.005258019 0.3852149 
0.2456813 0.2864002 0.02493347 0.4429851 
0.2838908 0.2985133 0.003719782 0.4138761 
0.228353 0.3435034 0.02197387 0.4061697 
0.2942651 0.2781347 0.03993709 0.3876631 
0.3517437 0.2205192 0.04892309 0.3788139 
0.3027986 0.2864125 0.0259949 0.384794 
0.2612317 0.3173234 0.3659871 0.05545785 
0.2716115 0.2336952 0.4940925 0.0006007888 
0.2597376 0.3062799 0.4230865 0.01089604 
0.2648512 0.3011088 0.4210928 0.01294714 
0.3321046 0.2716212 0.3880583 0.00821592 
0.2507521 0.3008502 0.4234887 0.02490899 
0.3000264 0.220245 0.4684899 0.01123874 
0.3128639 0.2846671 0.3832213 0.01924771 
0.3001891 0.28056 0.409949 0.009301831 
0.2557272 0.3246943 0.3439667 0.0756118 
0.3050098 0.2071921 0.4796181 0.008179979 
0.3093461 0.2603212 0.4145425 0.01579016 
0.3790272 0.2997283 0.307141 0.0141034 
0.3344929 0.3165891 0.3286664 0.0202515 
0.2576852 0.2911756 0.3790393 0.07209993 
0.379449 0.2757595 0.3370766 0.007714917 
0.2572094 0.3206729 0.3807946 0.0413231 
0.2890822 0.2909942 0.4165747 0.003348908 
0.3353576 0.2569445 0.4051993 0.002498557 
0.3281759 0.3136225 0.3561963 0.002005238 
0.2287818 0.2368875 0.4757275 0.05860314 
0.3617926 0.2210119 0.3826592 0.03453624 
0.2972675 0.3214269 0.3574608 0.02384491 
0.2836024 0.2581024 0.4578398 0.000455438 
0.2858868 0.2861685 0.3973793 0.03056548 
0.2846525 0.2860384 0.4278089 0.001500221 
0.3429224 0.3145471 0.3133992 0.02913132 
0.256012 0.2668458 0.4454736 0.03166866 
0.2501559 0.2669231 0.457455 0.02546597 
0.2377181 0.3019246 0.4591624 0.001194961 
0.2462647 0.3377572 0.3894747 0.02650345 
0.3250757 0.1575523 0.5114573 0.005914751 
0.308363 0.2974651 0.3805318 0.01364003 
0.362073 0.2812448 0.3552815 0.001400686 
0.3588192 0.2632597 0.3644559 0.01346518 
0.2927258 0.2149028 0.4844064 0.007964942 
0.3390766 0.2183822 0.4119775 0.03056366 
0.2607159 0.2560574 0.450157 0.03306973 
0.3119218 0.2311105 0.4450647 0.01190299 
0.3133106 0.2771208 0.3961419 0.01342672 
0.2997447 0.3221795 0.3598841 0.01819172 
0.3157931 0.2866789 0.3843688 0.01315922 
0.2426281 0.231296 0.4784419 0.04763411 
0.2888792 0.248599 0.3877676 0.07475409 
0.3172124 0.2056554 0.4605368 0.01659535 
0.2741614 0.2635232 0.4220925 0.04022285 
0.2497545 0.2477263 0.4708597 0.03165943 
0.268651 0.3469173 0.3543184 0.03011335 
0.3039177 0.2540468 0.4284941 0.01354133 
0.3760224 0.2671999 0.346563 0.01021479 
0.2258616 0.3660731 0.3972172 0.01084813 
0.3240758 0.2679555 0.3597303 0.04823839 
0.2581903 0.2966765 0.4386316 0.006501564 
0.2678082 0.2254859 0.4962777 0.01042816 
0.3659158 0.1984585 0.4246736 0.0109521 
0.2789656 0.2649125 0.4363719 0.01974991 
0.3161276 0.2603611 0.4122905 0.01122077 
0.3553454 0.2669498 0.3658648 0.01184005 
0.2288053 0.336938 0.4338953 0.0003613898 
0.3013288 0.2747037 0.4237805 0.0001869566 
0.345318 0.3155873 0.32908 0.01001477 
0.3743068 0.3240134 0.2958406 0.005839201 
0.3593994 0.2168151 0.4172895 0.006495959 
0.3119947 0.2682624 0.403235 0.01650791 
0.2935311 0.3422293 0.3515602 0.01267944 
0.2570759 0.3312659 0.3999645 0.01169378 
0.2878788 0.2993608 0.3922358 0.02052452 
0.3156109 0.3096971 0.3565848 0.01810724 
0.3805933 0.2305168 0.3785821 0.01030778 
0.3139601 0.189845 0.4877199 0.008475082 
0.225853 0.3031598 0.4507101 0.02027706 
0.3115393 0.2787486 0.3999942 0.009717989 
0.264482 0.2609056 0.4505686 0.02404391 
0.3220715 0.2539092 0.4011504 0.02286886 
0.2906753 0.3189965 0.3706595 0.01966867 
0.251789 0.2778013 0.4483939 0.02201577 
0.3199298 0.2943792 0.3734555 0.01223545 
0.236796 0.2848135 0.4723493 0.00604123 
0.3800068 0.254914 0.3642358 0.0008433713 
0.360354 0.2890751 0.3487323 0.001838512 
0.3168843 0.2891454 0.368243 0.02572729 
0.3300436 0.2738041 0.3880754 0.008076939 
0.3481858 0.2640218 0.3540566 0.03373582 
0.3131767 0.2497465 0.4289555 0.00812127 
0.3079927 0.2502734 0.4336576 0.008076266 
0.2439284 0.4016967 0.3382952 0.01607976 
0.2687723 0.2795866 0.3876868 0.06395432 
0.2989158 0.2767874 0.4022195 0.02207735 
0.284318 0.2768312 0.4080315 0.03081939 
0.2967349 0.2969105 0.3797542 0.02660036 
0.3010284 0.200998 0.4659321 0.03204151 
0.3152656 0.262258 0.4159045 0.006571895 
0.2945706 0.3259389 0.3697684 0.009722048 
0.3124736 0.2887305 0.3774089 0.021387 
0.2368983 0.2626671 0.4838707 0.01656384 
0.3562073 0.2628627 0.3671075 0.0138225 
0.2874156 0.2831983 0.4244117 0.004974308 
0.2848895 0.2886186 0.4257979 0.0006940623 
0.2633906 0.2860649 0.4447961 0.005748442 
0.3304155 0.2805631 0.3398503 0.04917111 
0.3123756 0.2306351 0.3976538 0.05933555 
0.3093461 0.2543873 0.4225668 0.01369971 
0.3181741 0.2368834 0.4172939 0.0276487 
0.2777983 0.3078038 0.3980811 0.01631683 
0.3363077 0.2531752 0.3447891 0.06572806 
0.3449034 0.3067841 0.3372151 0.01109743 
0.378039 0.2922307 0.3224908 0.007239478 
0.3338071 0.2120107 0.4270396 0.02714257 
0.2997983 0.2244446 0.4647773 0.01097983 
0.2689893 0.3501643 0.2946566 0.08618979 
0.228092 0.2742103 0.4973569 0.0003408777 
0.2684226 0.2217472 0.4824104 0.0274198 
0.3302318 0.279013 0.3804478 0.01030736 
0.2202577 0.2625039 0.5075882 0.009650189 
0.2586686 0.2981042 0.4390647 0.004162436 
0.3355202 0.2950206 0.3584826 0.01097661 
0.3006191 0.2556275 0.4423782 0.001375211 
0.246026 0.3230187 0.4272889 0.003666331 
0.2237684 0.3291207 0.4438878 0.00322303 
0.3111353 0.2730528 0.3630944 0.0527175 
0.1877791 0.3652641 0.4337163 0.01324048 
0.361976 0.277625 0.3588307 0.001568328 
0.3241386 0.2563839 0.4125499 0.006927645 
0.2785864 0.2978118 0.4109393 0.01266246 
0.3068384 0.31192 0.3792918 0.001949765 
0.2975201 0.2009183 0.4932239 0.008337722 
0.3270226 0.2248601 0.4395467 0.008570535 
0.3179147 0.2554615 0.4018992 0.02472458 
0.258084 0.2520416 0.4258047 0.0640697 
0.2847893 0.2674841 0.3936802 0.0540464 
0.3371444 0.2932706 0.3675741 0.002010856 
0.264225 0.2858303 0.4354487 0.01449593 
0.3561556 0.2272083 0.4107225 0.005913551 
0.2698083 0.3456869 0.3795013 0.005003523 
0.2919039 0.2883152 0.4151293 0.004651639 
0.3156111 0.2766139 0.3691595 0.03861545 
0.2636661 0.3078101 0.4210848 0.007439043 
0.2694695 0.3169372 0.3948992 0.0186941 
0.2112819 0.3159603 0.4525151 0.02024275 
0.4195408 0.2494325 0.3305276 0.0004991797 
0.3327806 0.2354731 0.4304593 0.001286988 
0.2207059 0.2590107 0.5138128 0.006470599 
0.3654237 0.2811512 0.3466866 0.006738427 
0.2978865 0.2604123 0.4310538 0.01064744 
0.3406218 0.2489144 0.4097768 0.000687041 
0.3148343 0.2778173 0.4057154 0.001632887 
0.3691114 0.2992137 0.3149245 0.01675038 
0.3065943 0.2120445 0.4604573 0.0209038 
0.3129751 0.243728 0.4327401 0.01055682 
0.4175631 0.2607334 0.3165707 0.00513287 
0.2281696 0.3071737 0.4595038 0.005152975 
0.2749168 0.2847536 0.4317426 0.008586948 
0.3326122 0.2101381 0.4462807 0.01096898 
0.2818755 0.2369499 0.4748182 0.006356397 
0.2785661 0.25198 0.4674268 0.002027075 
0.3147421 0.3000802 0.3508537 0.03432407 
0.3105614 0.2822628 0.4060355 0.001140282 
0.3986203 0.273703 0.2991116 0.02856508 
0.332812 0.2985033 0.325884 0.0428006 
0.2677719 0.2458477 0.4359231 0.05045732 
0.2971758 0.3017148 0.375396 0.02571332 
0.3024809 0.2960752 0.3985929 0.002850966 
0.3175255 0.3152362 0.3582383 0.008999944 
0.2762179 0.2876627 0.4279237 0.008195677 
0.2961624 0.2109374 0.4690472 0.02385294 
0.3262133 0.2885218 0.3390656 0.04619931 
0.2279889 0.3749789 0.3776598 0.01937244 
0.314512 0.2428911 0.4258064 0.01679054 
0.3464824 0.1967868 0.4291197 0.02761117 
0.2724745 0.367123 0.3537933 0.006609142 
0.2694963 0.2472209 0.4502985 0.03298426 
0.3222201 0.3310897 0.3364708 0.01021944 
0.3734753 0.1895971 0.4099547 0.02697297 
0.2844402 0.264506 0.4474665 0.003587367 
0.3602581 0.238431 0.3989061 0.002404747 
0.2972207 0.2403244 0.4449744 0.01748053 
0.299318 0.2589266 0.4410843 0.0006710981 
0.3183416 0.2610456 0.4104581 0.01015467 
0.2667786 0.276768 0.4237279 0.03272547 
0.2632918 0.3000767 0.4074397 0.02919173 
0.2743977 0.3003884 0.4193148 0.0058992 
0.377481 0.2152055 0.4041386 0.003174957 
0.2593595 0.2985898 0.4413329 0.0007177069 
0.1944214 0.4093502 0.3939413 0.00228702 
0.3163214 0.2624344 0.3853216 0.0359226 
0.2012816 0.3236509 0.471221 0.003846513 
0.3024156 0.3122603 0.3832788 0.002045313 
0.383627 0.2595845 0.3425243 0.01426412 
0.2317109 0.2946371 0.4662902 0.007361761 
0.3096793 0.2266812 0.4347516 0.02888789 
0.2920069 0.296682 0.3361823 0.07512885 
0.3365526 0.2588819 0.3767379 0.02782757 
0.3041594 0.2850044 0.4001797 0.01065641 
0.323318 0.2479619 0.4176624 0.01105765 
0.3175434 0.2209983 0.3749608 0.08649753 
0.255581 0.2977395 0.4441581 0.00252147 
0.2756147 0.3704393 0.3347739 0.019172 
0.2903 0.3207274 0.3835904 0.005382245 
0.3339814 0.2302693 0.4330078 0.002741433 
0.3529893 0.2316479 0.3951228 0.02024006 
0.3404241 0.3087596 0.3358665 0.01494975 
0.3023023 0.2181652 0.4727596 0.006772895 
0.1613311 0.2682367 0.455456 0.1149762 
0.2464846 0.3052897 0.4088987 0.03932699 
0.4047795 0.2182688 0.3763808 0.0005709974 
0.2336219 0.332398 0.4192964 0.01468367 
0.334367 0.2721589 0.3891845 0.004289666 
0.2919774 0.2507023 0.4569947 0.0003255607 
0.2089269 0.3171701 0.4584113 0.01549174 
0.261402 0.3232128 0.3839585 0.03142673 
0.232049 0.2999909 0.4647728 0.003187354 
0.2823427 0.389445 0.3171651 0.01104719 
0.2968863 0.3047242 0.3969524 0.001437055 
0.2923221 0.2589272 0.4455731 0.003177657 
0.347688 0.2526652 0.3820416 0.01760517 
0.3502493 0.2792008 0.3671439 0.003405987 
0.2912614 0.219961 0.4716038 0.01717386 
0.3548027 0.2380024 0.3910093 0.01618559 
0.3275682 0.2885732 0.381469 0.002389613 
0.2914388 0.2615723 0.4084553 0.03853354 
0.2336045 0.2933674 0.4690087 0.004019424 
0.398915 0.2680791 0.322219 0.01078692 
0.3373156 0.2843897 0.3663337 0.01196097 
0.3177953 0.2969364 0.371709 0.01355936 
0.2766747 0.2357309 0.4875781 1.625426e-05 
0.3896578 0.2639948 0.3389154 0.007431914 
0.3069091 0.2883284 0.3771315 0.02763111 
0.4484107 0.267812 0.2836613 0.0001159244 
0.2655577 0.2630854 0.4498579 0.02149895 
0.2882175 0.3267271 0.3665849 0.01847055 
0.2725732 0.3446058 0.3801705 0.002650502 
0.2985663 0.2814556 0.4189475 0.001030643 
0.3172497 0.2573795 0.3972788 0.02809209 
0.2916576 0.2882802 0.4141372 0.005925037 
0.3127585 0.2358249 0.4202202 0.0311964 
0.3209589 0.2946861 0.3638961 0.02045893 
0.3713218 0.2614317 0.3480264 0.01922009 
0.3759349 0.2102152 0.3858189 0.02803099 
0.2975731 0.2205155 0.4571952 0.02471626 
0.3660912 0.2561423 0.373259 0.004507477 
0.2751935 0.3165866 0.4017341 0.006485783 
0.3059507 0.2522597 0.4219984 0.01979125 
0.2500838 0.2901423 0.4556168 0.004157052 
0.2789323 0.2738984 0.4438725 0.003296766 
0.3340383 0.3212026 0.3394749 0.0052842 
0.2866628 0.2870261 0.4075083 0.01880277 
0.302232 0.2645407 0.4088437 0.02438359 
0.2908358 0.3660103 0.3204344 0.02271944 
0.3518431 0.2514164 0.3954975 0.001243021 
0.2884 0.2439017 0.4589648 0.008733486 
0.2162505 0.3207567 0.4510599 0.01193286 
0.3506423 0.1803309 0.4501217 0.0189051 
0.4046327 0.1563362 0.4363814 0.002649612 
0.2856047 0.2892771 0.412423 0.0126952 
0.2881719 0.2335624 0.476715 0.001550714 
0.2950536 0.2628698 0.4321299 0.009946769 
0.2886997 0.3052814 0.3959707 0.0100482 
0.3039135 0.2388663 0.449505 0.007715237 
0.3923206 0.2372155 0.3700775 0.0003863823 
0.387196 0.222082 0.3807895 0.009932408 
0.2613041 0.3036136 0.4277315 0.007350769 
0.336541 0.271377 0.3830039 0.009078124 
0.3335411 0.2287754 0.4074998 0.03018372 
0.3533284 0.2689924 0.3754259 0.002253233 
0.2758452 0.351095 0.3723969 0.0006629409 
0.3264135 0.2789835 0.3904005 0.004202539 
0.2638237 0.321393 0.4064079 0.008375461 
0.3591277 0.2695086 0.3363496 0.03501418 
0.2876134 0.2665888 0.4404282 0.005369623 
0.263202 0.2989575 0.4366308 0.001209744 
0.3425446 0.2629424 0.3906059 0.003907019 
0.3276229 0.3106566 0.3615986 0.0001219027 
0.3352682 0.2608628 0.4034239 0.0004450373 
0.3185018 0.2433702 0.4262913 0.01183675 
0.2903053 0.2445238 0.4563865 0.008784426 
0.4156707 0.2341779 0.3363869 0.0137645 
0.3351766 0.2772465 0.3862024 0.001374446 
0.2916366 0.2527609 0.4481032 0.007499325 
0.2571708 0.2766341 0.4404244 0.02577069 
0.240053 0.2809578 0.4703765 0.008612667 
0.3026966 0.2776506 0.416649 0.003003808 
0.3572402 0.2491103 0.3833185 0.01033108 
0.3281676 0.3215613 0.3475415 0.002729674 
0.2563686 0.3505625 0.3885882 0.004480686 
0.3075629 0.2963212 0.3951627 0.0009531414 
0.3077528 0.276821 0.4130986 0.002327583 
0.3344045 0.3167093 0.3291408 0.01974534 
0.2903039 0.2988115 0.3900344 0.02085024 
0.317281 0.2145526 0.4600561 0.008110202 
0.260902 0.3957749 0.3379934 0.005329745 
0.2508004 0.332694 0.3694311 0.04707449 
0.2702788 0.2911921 0.4143737 0.02415541 
0.2479968 0.2805342 0.4626038 0.008865231 
0.3148396 0.2994213 0.3788665 0.006872638 
0.2740491 0.3022376 0.3957332 0.02798006 
0.289213 0.3156981 0.3837368 0.01135207 
0.3020844 0.2982322 0.3575269 0.04215651 
0.2915604 0.3341473 0.3717877 0.002504662 
0.3053253 0.2855335 0.4071169 0.002024214 
0.3638861 0.2050496 0.4295169 0.001547454 
0.2347353 0.2604299 0.4693601 0.03547472 
0.2981048 0.3117502 0.3792711 0.01087387 
0.3497946 0.2366757 0.4009169 0.01261288 
0.3046595 0.2802288 0.4082574 0.006854263 
0.2889338 0.2853553 0.4048706 0.0208403 
0.2490773 0.2829003 0.4438751 0.02414728 
0.313912 0.261519 0.4056499 0.01891911 
0.2516029 0.282601 0.4364909 0.02930515 
0.253808 0.2489186 0.4958801 0.001393254 
0.3374596 0.2604019 0.399652 0.0024865 
0.2912992 0.2595185 0.4403117 0.008870633 
0.3336224 0.2778934 0.3761796 0.01230464 
0.313953 0.2756965 0.4008563 0.009494195 
0.2749146 0.3141063 0.406429 0.004550098 
0.2649828 0.2829653 0.4470245 0.005027447 
0.3728129 0.3006296 0.3181423 0.008415075 
0.3101641 0.3017185 0.3794547 0.008662711 
0.2320852 0.3066209 0.4491575 0.01213644 
0.3342969 0.279456 0.3810012 0.005245873 
0.3261872 0.2402043 0.4227224 0.01088603 
0.3251951 0.2837432 0.3909117 0.0001500289 
0.2827226 0.2709225 0.4303997 0.01595518 
0.2774297 0.3074619 0.4066572 0.008451257 
0.2537597 0.3041162 0.4377352 0.004388889 
0.3090352 0.3486957 0.334207 0.008062047 
0.2996182 0.2508802 0.4389008 0.01060076 
0.3928177 0.2614012 0.3359214 0.009859678 
0.2744495 0.2182938 0.4962443 0.01101243 
0.3526572 0.2527037 0.3885356 0.006103431 
0.353603 0.3031055 0.3423419 0.0009495346 
0.3112564 0.3207328 0.3637912 0.004219561 
0.31453 0.2607015 0.4079983 0.01677014 
0.2589748 0.2476744 0.4875773 0.005773515 
0.2891533 0.2222513 0.4854152 0.003180236 
0.2869791 0.2864677 0.4245058 0.002047332 
0.2593812 0.2966468 0.4387278 0.005244183 
0.3267971 0.2506389 0.4190446 0.003519322 
0.2339877 0.2709533 0.4349718 0.06008715 
0.3492117 0.179516 0.4577885 0.01348382 
0.28944 0.2698063 0.4079782 0.03277538 
0.2890847 0.2598104 0.4415898 0.009515105 
0.248363 0.2894511 0.4451466 0.0170393 
0.2476929 0.3481449 0.401121 0.003041235 
0.3062364 0.2415956 0.4251247 0.02704335 
0.2349462 0.2830652 0.481307 0.0006815622 
0.3081986 0.3182924 0.3723928 0.001116236 
0.3813117 0.2293922 0.3751457 0.01415034 
0.3582142 0.2844388 0.3571159 0.0002311107 
0.3053455 0.3005187 0.3881574 0.00597836 
0.2986471 0.2567709 0.439701 0.00488102 
0.3173431 0.3257503 0.353006 0.003900588 
0.3466193 0.2926123 0.3589978 0.001770617 
0.3662432 0.1973543 0.4339963 0.002406153 
0.2976393 0.2510215 0.406751 0.0445881 
0.4195822 0.2138176 0.3627521 0.003848074 
0.2710871 0.284005 0.4362043 0.008703649 
0.2552899 0.2912767 0.4476338 0.005799575 
0.2936712 0.3338341 0.355705 0.01678974 
0.2440104 0.29359 0.3948797 0.0675198 
0.2993597 0.2919406 0.4059503 0.002749395 
0.2701935 0.2635751 0.4487236 0.01750776 
0.3650281 0.2766369 0.3563601 0.00197496 
0.2654196 0.3413853 0.389273 0.00392212 
0.3240995 0.2535559 0.4130556 0.009289015 
0.2813358 0.2630005 0.4484008 0.007262868 
0.3752946 0.2765955 0.3441158 0.003994067 
0.3369672 0.2328542 0.4246631 0.005515435 
0.3156502 0.3320045 0.34326 0.009085381 
0.2484068 0.2499494 0.4480182 0.05362551 
0.3896757 0.243783 0.3638723 0.002668929 
0.2951631 0.3066052 0.37868 0.01955166 
0.3353357 0.2119546 0.4234151 0.02929463 
0.2671801 0.3410816 0.3825255 0.009212815 
0.3691535 0.2270992 0.3774162 0.02633114 
0.3147584 0.2646315 0.4197336 0.0008765197 
0.2755995 0.2023961 0.517029 0.004975398 
0.3472271 0.286963 0.3339956 0.0318143 
0.3806555 0.2721957 0.3209703 0.02617856 
0.3805977 0.2298451 0.33665 0.05290728 
0.2971666 0.2632698 0.4153458 0.02421786 
0.2866345 0.3386626 0.372699 0.002003971 
0.2821998 0.29451 0.4214122 0.001877961 
0.2925763 0.2467239 0.4572331 0.003466642 
0.2594827 0.2861732 0.4171411 0.03720312 
0.1941954 0.3217077 0.4760062 0.008090794 
0.269345 0.2620148 0.4616599 0.006980332 
0.2235784 0.3302385 0.4300687 0.0161144 
0.2210803 0.3284806 0.4283308 0.02210834 
0.292561 0.2423843 0.4477335 0.01732124 
0.2939614 0.3244044 0.373008 0.008626147 
0.2187442 0.3529514 0.4270619 0.001242548 
0.3618963 0.188399 0.4240999 0.0256048 
0.3478004 0.23618 0.3811283 0.03489126 
0.320051 0.2556029 0.4035011 0.02084498 
0.2899507 0.2363006 0.4441542 0.02959452 
0.2222602 0.3459906 0.4201149 0.0116342 
0.4071065 0.2593286 0.3297984 0.003766566 
0.3505153 0.3120296 0.3288626 0.008592534 
0.3920685 0.2380334 0.3686967 0.001201418 
0.2883328 0.2388243 0.4722719 0.000571013 
0.2883128 0.2950904 0.3972515 0.0193453 
0.3116815 0.2136529 0.4701234 0.004542212 
0.3482323 0.3163859 0.3067491 0.02863264 
0.2235666 0.3515457 0.3983051 0.02658263 
0.330066 0.2772868 0.3796673 0.01297993 
0.2353789 0.314498 0.4109018 0.03922135 
0.2622287 0.3450049 0.3816428 0.01112353 
0.2761924 0.2908231 0.4284194 0.004565121 
0.288633 0.3248423 0.3776698 0.008854849 
0.3392494 0.285582 0.3655148 0.009653758 
0.2822993 0.2792782 0.4332351 0.005187376 
0.2591679 0.2951978 0.4121148 0.03351949 
0.3808956 0.277709 0.339899 0.001496517 
0.368197 0.2340863 0.3599981 0.03771865 
0.2769014 0.2834376 0.4373281 0.002332885 
0.4265254 0.1874416 0.3745403 0.01149269 
0.3061051 0.3013441 0.3765351 0.01601563 
0.27963 0.3150601 0.3964998 0.008810089 
0.277601 0.2355229 0.4797334 0.007142699 
0.2781195 0.2588009 0.4579953 0.005084323 
0.2638483 0.3452815 0.3696684 0.02120183 
0.2216848 0.2843218 0.4608132 0.03318021 
0.3294813 0.2368475 0.4315831 0.002088151 
0.3594309 0.2899312 0.3300255 0.02061234 
0.3480783 0.3002579 0.3367144 0.01494938 
0.2987659 0.2886951 0.3921472 0.02039177 
0.4105866 0.2481342 0.3148996 0.0263796 
0.2197671 0.2828502 0.4914923 0.005890414 
0.3036532 0.2457762 0.4496207 0.00094987 
0.3158205 0.2582424 0.4242123 0.001724775 
0.269014 0.3915269 0.3311571 0.008301924 
0.3910202 0.2617277 0.3147722 0.03247983 
0.3291331 0.3004076 0.3620814 0.008377818 
0.2875535 0.313479 0.3879573 0.01101023 
0.2563651 0.2253911 0.4961358 0.02210799 
0.2759042 0.2555682 0.4517832 0.01674445 
0.3069908 0.3318803 0.3406715 0.02045738 
0.2647619 0.2818007 0.4348933 0.01854403 
0.3362979 0.2975374 0.3502357 0.01592903 
0.3060288 0.2153017 0.4779434 0.0007261144 
0.2650773 0.2366146 0.4662988 0.0320093 
0.3274001 0.2851892 0.3511403 0.03627045 
0.2541085 0.3605811 0.3832274 0.002082965 
0.3164916 0.2779939 0.3904266 0.01508788 
0.3128192 0.2466945 0.4328622 0.007624126 
0.2441324 0.2911562 0.43388 0.03083134 
0.3489203 0.2239978 0.4182322 0.008849765 
0.2796908 0.2304624 0.4802053 0.009641548 
0.3408546 0.3019552 0.3505039 0.006686261 
0.300886 0.2658443 0.4052485 0.02802117 
0.2802741 0.2718187 0.4373221 0.01058516 
0.3343719 0.2676058 0.3956523 0.002370055 
0.296852 0.2556486 0.4431077 0.004391747 
0.3228276 0.2980881 0.3662697 0.01281463 
0.3942667 0.1994096 0.3967285 0.009595136 
0.2864715 0.335813 0.3553698 0.02234577 
0.3700113 0.220787 0.4080781 0.00112354 
0.2333074 0.2773379 0.4530946 0.03626017 
0.3013878 0.323889 0.3741796 0.0005436196 
0.2759651 0.3297963 0.3782513 0.01598734 
0.3760671 0.2696481 0.3527591 0.00152578 
0.3771219 0.2216455 0.3844303 0.01680228 
0.2968113 0.2584008 0.3822199 0.06256802 
0.2735629 0.3074041 0.4153776 0.003655377 
0.3567322 0.2465475 0.3460263 0.05069397 
0.2793146 0.2842703 0.4326649 0.003750175 
0.2922444 0.2432283 0.4354536 0.02907369 
0.2755106 0.2626744 0.4513837 0.0104312 
0.3631147 0.2776404 0.3149551 0.04428981 
0.3724715 0.3093362 0.3114187 0.006773552 
0.3225671 0.3262324 0.3440036 0.007196823 
0.2643552 0.3224666 0.4074307 0.005747496 
0.3037498 0.2624954 0.4302338 0.00352103 
0.2698717 0.2566939 0.4660976 0.007336791 
0.2450027 0.3148328 0.4067121 0.03345239 
0.3504086 0.2402733 0.4084645 0.000853585 
0.3360398 0.2531829 0.4005243 0.01025296 
0.2164905 0.3159418 0.4539297 0.01363798 
0.290515 0.1936938 0.4981072 0.01768398 
0.2524528 0.2530399 0.4941338 0.000373493 
0.2689916 0.2815614 0.4348011 0.01464592 
