"p_1" "p_2" "p_3" "p_4"
0.7758674 0.1716624 0.001083597 0.05138661
0.776118 0.1652725 0.0005774876 0.05803197
0.7911978 0.1592267 0.006132095 0.04344334
0.7977962 0.1583939 0.0001047661 0.04370505
0.7799906 0.1682924 0.002687964 0.04902907
0.7884295 0.1539226 2.305089e-05 0.05762489
0.7714748 0.1678465 0.005701411 0.05497724
0.7771963 0.170246 0.002066749 0.05049094
0.796142 0.1555976 0.00116018 0.04710027
0.7841747 0.1625842 0.0005841736 0.05265698
0.7950658 0.1572187 0.002895056 0.04482044
0.7908483 0.1696088 0.0008289622 0.0387139
0.7900034 0.1470337 0.0007489028 0.06221403
0.7865497 0.161498 0.001538275 0.05041401
0.7660718 0.1913788 0.0003700985 0.04217933
0.7835655 0.1621203 0.004303486 0.05001068
0.7826257 0.1722714 0.001151728 0.04395125
0.7863396 0.1570402 0.0009326598 0.05568757
0.776372 0.1630903 0.0004325204 0.06010522
0.7830591 0.1537283 0.003050634 0.060162
0.7815606 0.1552364 0.002894625 0.06030835
0.7823479 0.1689447 0.002491057 0.04621634
0.7778805 0.1718156 0.0007258839 0.04957803
0.7907967 0.1621466 0.004020996 0.04303563
0.7932602 0.1535124 0.002424106 0.05080323
0.7848075 0.1634529 0.001452718 0.05028689
0.7953109 0.1519228 0.0001095819 0.05265676
0.7702251 0.1748945 0.002973887 0.05190648
0.7792798 0.1650002 0.0007232037 0.0549968
0.7842095 0.1584055 0.004047735 0.05333729
0.7666661 0.1693868 0.0001855698 0.06376153
0.7661834 0.1812817 0.0003435994 0.05219127
0.7827264 0.1671145 0.006686605 0.04347247
0.7778945 0.1639933 0.0004130029 0.05769919
0.7767815 0.1753146 3.659822e-05 0.04786732
0.7676281 0.1757254 0.004673644 0.05197279
0.7841654 0.1590784 0.002509609 0.05424663
0.7785992 0.1630435 0.0008958596 0.0574615
0.7520374 0.1660354 0.001855453 0.08007176
0.7941813 0.1516594 0.001504845 0.05265441
0.772269 0.1826668 0.001870371 0.04319379
0.78468 0.1759611 0.002752233 0.03660671
0.7876235 0.157545 0.0003742371 0.05445721
0.7764202 0.1666295 0.0001241037 0.05682618
0.8016799 0.1605388 0.002477466 0.03530384
0.7769841 0.1638782 0.005054893 0.05408286
0.7829665 0.1762945 0.0009069424 0.039832
0.7760206 0.1672924 0.003318165 0.05336878
0.7792035 0.171206 0.0003190145 0.04927153
0.7780348 0.1614842 9.922165e-05 0.06038175
0.7665523 0.1770983 0.001248606 0.0551008
0.771134 0.1750681 0.00271298 0.05108496
0.7828973 0.1607168 4.28812e-05 0.05634308
0.7904889 0.15139 0.0001917036 0.0579294
0.7574674 0.1935311 0.005020851 0.04398068
0.7847532 0.1656704 0.0005903408 0.04898609
0.7835992 0.1452231 0.0001694485 0.07100833
0.7784312 0.1549926 0.001116214 0.06545997
0.7942952 0.1578562 0.00333311 0.04451554
0.7684354 0.1799823 0.0001523848 0.05142994
0.7946551 0.1614789 0.001327246 0.04253882
0.7729414 0.1717856 0.00076911 0.05450391
0.7876902 0.1546339 0.001499212 0.0561767
0.7994758 0.1529663 0.0006041385 0.0469538
0.7802634 0.1651147 0.0002759022 0.05434599
0.7694767 0.1803599 0.0008944149 0.04926903
0.7714909 0.1744703 0.001027613 0.05301117
0.7994703 0.1546778 0.001538225 0.04431366
0.7641496 0.1772277 0.0009332898 0.05768935
0.7896269 0.1485964 0.0002588078 0.06151788
0.8074946 0.1532803 0.001468912 0.03775618
0.7997854 0.1551463 0.001389653 0.04367858
0.7608203 0.1886428 0.005124413 0.04541243
0.7789625 0.1704469 0.001833554 0.04875709
0.7611396 0.17499 0.002039968 0.06183046
0.7598757 0.1732895 0.001332305 0.06550248
0.7641121 0.1813411 0.001119093 0.05342767
0.7540954 0.1775191 0.005573137 0.06281236
0.7471254 0.1945829 0.0004213613 0.05787034
0.7802072 0.1611966 0.0003148942 0.05828133
0.7593432 0.1739834 0.003045555 0.06362783
0.7943441 0.1621611 0.001238089 0.04225671
0.7773456 0.171209 0.000605918 0.05083948
0.783389 0.1503861 0.001214058 0.0650109
0.7527738 0.1911882 0.008286077 0.04775185
0.7790758 0.1702264 0.0005377971 0.05015994
0.744869 0.1971414 0.0005180302 0.05747157
0.7779542 0.1605199 0.001475243 0.06005066
0.7890422 0.1547754 9.833899e-05 0.05608405
0.7550663 0.171325 0.002003536 0.07160518
0.7963592 0.1520582 0.0003834526 0.05119918
0.7839881 0.1615972 0.003652728 0.05076196
0.7677317 0.1633567 0.004279041 0.06463258
0.7627928 0.1733994 0.001203071 0.06260469
0.7895716 0.1604224 0.002654458 0.04735151
0.7768297 0.1748893 0.000790623 0.04749036
0.767681 0.1681809 0.0003629103 0.06377521
0.7678849 0.1573469 0.01749968 0.05726854
0.7902035 0.1082621 0.05380366 0.0477307
0.7628854 0.03305686 0.1484741 0.05558369
0.7894027 0.0993037 0.04765142 0.06364214
0.7672291 0.1479172 0.02076279 0.06409087
0.7751739 0.1727378 0.002457597 0.04963069
0.7714556 0.1850635 0.003346139 0.0401348
0.7888753 0.1599663 0.000201836 0.05095653
0.793962 0.152018 0.002593957 0.05142608
0.7681154 0.1735157 0.003248613 0.05512025
0.7766273 0.1685745 0.001140878 0.05365736
0.7773597 0.1658973 0.002771843 0.05397125
0.7756148 0.1604381 0.003656926 0.06029018
0.7733396 0.1813976 0.002125399 0.04313742
0.7890572 0.15795 0.000432283 0.0525605
0.787836 0.1493294 0.001678445 0.06115623
0.7809106 0.1614622 0.002588244 0.05503899
0.7700023 0.1830685 0.0010787 0.04585054
0.7849429 0.1665019 0.003448495 0.04510674
0.7954411 0.154385 0.001648569 0.04852534
0.7830909 0.1625579 0.0001598537 0.0541913
0.7924229 0.1581441 0.0001772416 0.04925579
0.785064 0.1639641 0.001976603 0.04899531
0.7715766 0.1737093 0.0005662243 0.05414796
0.7884197 0.1659157 1.969026e-05 0.04564487
0.7850009 0.1575055 0.001864334 0.05562926
0.7755882 0.1743888 0.001123572 0.04889938
0.8070031 0.1547666 0.0002849302 0.03794529
0.7532338 0.1779139 0.0001198365 0.06873247
0.776175 0.1651514 0.000135935 0.05853768
0.7686716 0.1732996 0.001877832 0.05615094
0.7766046 0.1634067 0.001812876 0.05817574
0.772803 0.1739394 0.001625239 0.05163229
0.7835503 0.1661687 0.0008261849 0.04945486
0.7707941 0.1721285 0.002512633 0.05456471
0.7872846 0.1585127 0.0006559863 0.05354671
0.7647769 0.1731206 0.003963663 0.05813881
0.7540018 0.1832574 0.0001902927 0.06255046
0.792277 0.1594759 0.001087949 0.04715912
0.7473367 0.1794387 0.006598092 0.06662651
0.7862608 0.1659395 0.001981007 0.04581869
0.7730468 0.1644979 0.001457327 0.06099801
0.7680184 0.1775461 0.0001251948 0.05431027
0.7783056 0.1538261 0.0003207933 0.06754756
0.7919117 0.1638153 0.001577691 0.04269532
0.7523099 0.1951193 0.0006731934 0.05189763
0.790936 0.1498769 0.005301334 0.05388568
0.768322 0.1879797 0.001082382 0.04261596
0.7483499 0.1927038 0.0004210693 0.05852518
0.7922773 0.1646927 0.0004111699 0.04261878
0.7768707 0.1753886 0.0001613912 0.04757926
0.7652814 0.1749407 0.0001065133 0.05967142
0.7760911 0.1769666 0.0003800107 0.04656222
0.7807874 0.1692402 0.001093579 0.04887877
0.759912 0.1874078 0.002876495 0.04980372
0.7876271 0.149384 0.002241498 0.06074741
0.7771172 0.1751021 0.002143766 0.04563693
0.7647128 0.1788102 5.392767e-05 0.05642306
0.7938405 0.1430292 0.002734784 0.0603955
0.771582 0.1712603 0.0004433582 0.05671433
0.7768255 0.1722588 0.0001223642 0.0507933
0.7730701 0.1801041 0.0009158653 0.04590993
0.7822017 0.1571153 0.009718211 0.0509648
0.7911434 0.1585265 0.002140594 0.04818957
0.780992 0.1562676 0.007611488 0.05512886
0.7632867 0.1865944 0.0009274485 0.04919146
0.7921703 0.1629998 0.0001345354 0.04469537
0.7471883 0.1853126 0.0006945427 0.06680458
0.7900328 0.151307 0.004336717 0.05432348
0.7919125 0.1541778 0.002574401 0.05133523
0.7601465 0.183479 0.001239662 0.05513478
0.7885279 0.1469134 0.002133979 0.06242474
0.7710777 0.1880632 0.001239462 0.03961968
0.7747164 0.1675375 0.00146592 0.05628019
0.7616369 0.1846577 0.001450567 0.0522548
0.7873781 0.1534672 0.0004987411 0.05865597
0.7771892 0.1614136 0.001320469 0.0600768
0.7656647 0.1824839 0.0009361268 0.05091531
0.7695333 0.1783653 0.002445441 0.04965592
0.7767773 0.1631149 0.002507759 0.05760001
0.7829541 0.166234 0.0009816104 0.04983022
0.7793986 0.1607505 0.001719362 0.05813153
0.7870129 0.1629364 0.0005566199 0.04949406
0.7826886 0.1561251 4.882262e-05 0.06113744
0.790774 0.1629341 0.0005310872 0.04576079
0.8029801 0.1492316 0.0008428741 0.04694545
0.7892706 0.1625319 0.001180069 0.04701744
0.785432 0.1585931 0.001878819 0.054096
0.7975393 0.1578238 0.0007706154 0.04386629
0.768838 0.1724514 0.002057699 0.05665295
0.7666867 0.1814515 0.005103738 0.04675806
0.789688 0.1628694 0.002236004 0.04520659
0.8057897 0.1589184 0.0004999344 0.03479203
0.7994183 0.1512191 5.188358e-05 0.04931072
0.7904643 0.1598422 0.001449894 0.04824361
0.7636106 0.1823818 0.001044041 0.0529635
0.7742701 0.1629917 0.001714411 0.06102382
0.8041989 0.1478022 0.002022827 0.04597607
0.7795145 0.1739689 0.001391054 0.04512553
0.782077 0.1680438 0.0001314994 0.04974775
0.786291 0.1669933 0.0005278204 0.0461879
0.7773824 0.175059 0.003135611 0.044423
0.7568881 0.183131 0.0009465553 0.0590344
0.7332205 0.1706323 0.02778655 0.06836066
0.7962159 0.1438834 0.002113901 0.0577868
0.7944616 0.1612321 9.614445e-05 0.04421017
0.7628922 0.175741 0.0001507695 0.06121599
0.7769554 0.155714 0.001440784 0.06588975
0.7633718 0.1775778 0.0003855365 0.05866482
0.790734 0.1648125 0.0001923736 0.04426114
0.8125476 0.1485739 0.0008733867 0.03800514
0.7644536 0.1692606 0.0001111285 0.06617468
0.7828582 0.1588832 0.003844763 0.05441382
0.7699296 0.1767125 0.0008804228 0.05247745
0.7961819 0.1532088 0.001267811 0.04934152
0.7914989 0.1351227 0.00495427 0.06842418
0.7600763 0.186899 0.0001136486 0.05291104
0.8014021 0.1432115 0.0001394033 0.055247
0.7391363 0.2012628 0.00287626 0.05672465
0.7928268 0.1623949 4.540898e-05 0.0447329
0.7606306 0.1877322 0.0004203414 0.05121689
0.7755084 0.1658627 0.002675425 0.05595352
0.7447613 0.1731105 0.02131118 0.06081707
0.759402 0.1723528 0.01573224 0.05251289
0.7828404 0.1740892 0.001442514 0.04162792
0.7934985 0.1555075 0.0003340226 0.05066001
0.7775381 0.1742586 0.002362832 0.04584043
0.776322 0.1558707 0.001956608 0.0658507
0.7934718 0.1549153 0.005322833 0.04629001
0.8037336 0.1543109 0.0005580353 0.04139747
0.7976474 0.1455279 0.001643618 0.05518109
0.7688431 0.1683598 0.0002876407 0.06250947
0.7847858 0.1681104 0.002039573 0.04506421
0.7676741 0.1725865 0.001493116 0.05824623
0.7785504 0.162211 0.0006570345 0.0585816
0.7903498 0.1578913 0.000610916 0.051148
0.7706324 0.1676792 0.0008397401 0.06084861
0.7685111 0.1647159 0.002089914 0.06468303
0.7926697 0.1600868 0.000533559 0.04670994
0.7920274 0.151592 0.0008214157 0.0555592
0.7903112 0.141852 0.007233566 0.0606033
0.8015513 0.136528 0.002758509 0.05916212
0.7866515 0.1663364 0.001385704 0.04562635
0.7918754 0.1467683 0.002642637 0.05871367
0.7948496 0.1609392 0.0003488251 0.04386235
0.7924694 0.1387628 0.01412745 0.05464031
0.7611096 0.1782284 0.006804901 0.05385708
0.795407 0.1532792 0.001943007 0.04937081
0.7793878 0.1628831 0.002531183 0.05519798
0.7698402 0.1745193 0.003195143 0.05244541
0.7957331 0.1491494 0.006601903 0.04851566
0.7721917 0.1648963 0.003473688 0.05943829
0.7919149 0.15983 0.001343102 0.04691206
0.7692898 0.1551832 0.002667955 0.07285903
0.7847112 0.1575649 0.002885268 0.05483858
0.7822577 0.166881 0.00284668 0.04801458
0.7662969 0.180758 0.002714263 0.05023085
0.7892847 0.1598513 0.0001471765 0.05071678
0.7857997 0.1534616 0.001317307 0.05942144
0.7932114 0.1515222 0.001033837 0.05423256
0.8007999 0.1477458 0.003493496 0.04796088
0.7761801 0.1654477 0.001426716 0.05694557
0.7916379 0.1540984 0.0002342513 0.05402945
0.7865149 0.1517021 0.000909692 0.06087331
0.7787581 0.1707765 0.002179903 0.04828546
0.7702935 0.1581421 0.003707607 0.06785686
0.7672212 0.1714458 0.003331825 0.05800121
0.7862123 0.161097 0.006174056 0.04651665
0.7772499 0.1596419 0.001226423 0.06188177
0.7816057 0.1566489 0.001365383 0.06038004
0.7875621 0.1576286 0.00283504 0.05197421
0.8148078 0.1474965 0.0006417217 0.03705395
0.7712074 0.1752137 0.001728456 0.05185042
0.7708578 0.1655374 0.0005159869 0.06308883
0.7876656 0.1593424 0.001801013 0.05119096
0.7800564 0.1718179 0.000827931 0.04729779
0.7979727 0.1589976 0.0008280209 0.04220169
0.806988 0.1470854 0.0003810338 0.04554561
0.7786324 0.1661327 0.0005792461 0.0546556
0.7696312 0.1655683 0.0004429531 0.06435752
0.7966648 0.1473689 0.003168583 0.05279771
0.7883626 0.1623943 0.000940439 0.04830256
0.7944807 0.1570178 0.0007710971 0.04773039
0.7715307 0.1745866 7.424739e-05 0.05380848
0.7973991 0.1453298 0.002318662 0.0549524
0.7951476 0.1576266 0.007258259 0.03996751
0.7684051 0.184652 0.0004766449 0.04646621
0.7770154 0.1650112 0.001727375 0.056246
0.7668415 0.1558311 0.0005252124 0.07680216
0.7396475 0.1755137 0.0004061866 0.08443259
0.7856255 0.1672158 0.0002004539 0.04695821
0.7850769 0.1539803 6.659103e-05 0.06087623
0.8043298 0.141041 0.0008715638 0.05375766
0.7886586 0.158236 0.001236668 0.05186876
0.7736367 0.1687411 0.001446469 0.05617571
0.7744881 0.1701657 0.000523372 0.05482281
0.7742506 0.1721709 0.004317961 0.04926059
0.7870438 0.1100143 0.04667402 0.05626794
0.7865197 0.1313936 0.03071281 0.0513739
0.7588271 0.1506877 0.03523394 0.05525125
0.7709516 0.1523957 0.00651352 0.0701392
0.7961566 0.1537678 0.0003751265 0.04970049
0.7762899 0.1726741 0.0003960536 0.05063998
0.7862387 0.163133 0.0004358578 0.05019246
0.7608074 0.1794762 0.0007748874 0.05894154
0.80659 0.1467724 0.0007396198 0.04589793
0.7818984 0.1558523 0.001233505 0.06101583
0.7817602 0.1684964 7.524566e-07 0.04974262
0.7721852 0.1665208 0.000845885 0.06044812
0.7973902 0.1396602 0.01034775 0.0526018
0.7556956 0.1594957 0.02417302 0.06063567
0.7821549 0.1593278 0.008847522 0.04966971
0.7767045 0.1696866 0.001580958 0.05202793
0.7551477 0.1936313 0.003117102 0.04810381
0.8059856 0.1447316 0.000420829 0.04886198
0.7791141 0.1743198 0.0002684634 0.04629761
0.7818071 0.1584955 0.0004414303 0.05925589
0.7685658 0.1671637 0.0003162972 0.06395423
0.7912065 0.1639971 0.0006844844 0.04411196
0.786913 0.143738 0.0006155962 0.06873333
0.764559 0.1541551 0.003881851 0.07740401
0.7792778 0.1618761 0.000609406 0.05823666
0.780018 0.1626813 0.001767989 0.05553278
0.7934997 0.1631951 0.0003523073 0.04295296
0.7795848 0.1640869 0.00174467 0.05458361
0.7723745 0.1626244 0.001085536 0.06391552
0.7802492 0.1684623 0.003296271 0.0479922
0.7826311 0.1728093 0.001728856 0.04283075
0.7734078 0.1683601 0.0004946317 0.05773748
0.7721106 0.1638398 0.001840661 0.06220889
0.7942435 0.1636194 0.0008522533 0.04128482
0.7663463 0.174453 0.0008906936 0.05831002
0.7567624 0.1776407 0.0006589585 0.06493793
0.7922273 0.1587821 0.004206216 0.04478437
0.803586 0.1509644 0.0003963251 0.04505318
0.7660563 0.1744489 0.001258416 0.05823638
0.7890912 0.1538703 0.000759933 0.05627864
0.8070298 0.1407122 0.000481033 0.05177699
0.7780915 0.1636839 0.0005836621 0.05764099
0.7780236 0.1643812 0.001393765 0.05620145
0.77462 0.1817141 0.0003631189 0.04330284
0.7823638 0.1625763 0.001788786 0.05327115
0.78166 0.1719906 0.0007821218 0.04556734
0.7983999 0.1561917 0.0003921576 0.0450163
0.7756628 0.1562273 0.004754324 0.06335566
0.787562 0.1688999 0.001788833 0.04174922
0.7855213 0.1592144 0.0009724418 0.05429189
0.7830764 0.1673779 0.00231859 0.0472271
0.7659503 0.172887 0.00108358 0.0600792
0.7533709 0.17657 0.001305793 0.06875335
0.7892821 0.1655001 0.001574494 0.04364322
0.7710357 0.186837 0.004018969 0.03810835
0.7614291 0.1759165 0.0005007915 0.06215359
0.7803717 0.1557804 0.008711568 0.05513632
0.8135247 0.1420806 0.001920869 0.04247383
0.7731522 0.1862924 0.0002276524 0.04032779
0.7823845 0.1703952 6.215046e-05 0.04715815
0.7962636 0.1561077 0.001338194 0.04629047
0.7661315 0.183091 0.001807291 0.0489702
0.7618205 0.1776868 0.0002212064 0.06027145
0.7717963 0.1578846 0.001987098 0.06833203
0.7920918 0.1633729 0.000416791 0.04411854
0.7889976 0.1548804 0.008814524 0.04730739
0.7837199 0.1683829 0.001931903 0.0459653
0.7680016 0.1745057 0.006855061 0.05063763
0.7830227 0.1536934 0.002598329 0.06068556
0.7761432 0.1720273 0.001795333 0.05003418
0.7662816 0.1761329 0.001048131 0.05653739
0.7983313 0.146117 0.002409665 0.05314207
0.760645 0.1821124 0.002534361 0.05470824
0.7858519 0.1580307 0.0005748938 0.05554245
0.7717872 0.1775615 0.003496791 0.04715452
0.779235 0.1630547 0.002330019 0.05538029
0.7997552 0.1533393 0.001851755 0.04505376
0.7572078 0.186867 0.001746504 0.05417878
0.7937116 0.1547373 0.001851149 0.04969987
0.7743643 0.1683967 0.004037226 0.05320181
0.7719093 0.1623297 0.001194326 0.06456662
0.7725884 0.1746471 0.001552601 0.05121187
0.8062174 0.1390019 0.000658228 0.05412248
0.7806364 0.1623732 0.003520517 0.05346987
0.7896501 0.1595221 0.00128488 0.04954292
0.7940353 0.1532747 0.0009238115 0.05176622
0.7876243 0.1609078 0.0004815562 0.05098634
0.7817242 0.1775902 0.000479752 0.04020586
0.747231 0.1876984 0.006815726 0.05825489
0.7749977 0.1643254 0.001440179 0.05923666
0.7866087 0.1600338 0.003940397 0.04941712
0.7595162 0.1857257 0.0002343929 0.05452372
0.8017147 0.1586325 0.0002570919 0.03939569
0.7656349 0.1853824 0.0002741733 0.04870849
0.7951994 0.1465065 0.00419107 0.05410305
0.7621698 0.1904107 0.0001200454 0.04729951
0.7908757 0.1612705 0.0001510054 0.04770275
0.7637133 0.1816122 0.000564055 0.05411043
0.7908348 0.1499506 0.00139455 0.05782002
0.7674428 0.1798472 0.001809559 0.0509004
0.7831482 0.1584441 0.001011748 0.05739592
0.7709406 0.1704659 0.001911005 0.05668249
0.795021 0.1208139 0.03920494 0.04496013
0.7712604 0.1348945 0.03438168 0.05946347
0.7579219 0.131191 0.05928098 0.05160616
0.7907891 0.1144514 0.04460167 0.05015781
0.7800002 0.1371009 0.04225984 0.04063909
0.7780095 0.109889 0.05691562 0.0551859
0.7961894 0.1235931 0.02227479 0.05794272
0.7817798 0.1256711 0.03514381 0.05740524
0.7895802 0.1578611 0.0004022707 0.05215644
0.7880503 0.160295 0.00316309 0.04849162
0.7716794 0.1660807 0.002082172 0.06015778
0.7837568 0.1677828 0.0001138248 0.04834656
0.7602971 0.1650598 0.003470432 0.07117263
0.7794206 0.1742524 0.0001845526 0.04614247
0.7764114 0.1665006 0.001832879 0.05525519
0.7753791 0.1656818 0.003976282 0.0549628
0.7682464 0.1736138 0.0001694692 0.05797033
0.7749454 0.1647462 0.003957574 0.05635077
0.752273 0.1912482 0.001204685 0.05527418
0.7839333 0.1564284 0.001382024 0.05825631
0.7645938 0.1877369 0.001552892 0.04611649
0.789055 0.1501813 0.003671741 0.05709192
0.7638386 0.1714599 0.003011901 0.06168958
0.7883573 0.1552677 0.0004739747 0.05590106
0.7629945 0.1757155 0.003670543 0.05761952
0.7654182 0.1841207 0.004041428 0.04641968
0.7931163 0.1570749 0.001728507 0.04808031
0.7779141 0.1661703 0.002396024 0.0535196
0.7779805 0.1626993 0.001387183 0.0579331
0.7709872 0.1730691 0.001485674 0.05445799
0.7765304 0.1745317 0.00216232 0.04677559
0.7566212 0.1750406 0.0008438854 0.06749434
0.7695073 0.1668224 0.004205971 0.05946429
0.7672262 0.1737755 0.007664339 0.05133392
0.7788038 0.158299 0.006312904 0.05658439
0.7744494 0.1612968 0.0003195588 0.06393425
0.7841733 0.1633307 0.0004153287 0.05208072
0.7778423 0.1763923 0.002006402 0.04375895
0.7669732 0.1731874 0.001322303 0.05851715
0.7832195 0.1543264 0.005935902 0.05651819
0.7560511 0.1862246 0.001760222 0.05596403
0.7908279 0.1610245 0.001776583 0.04637101
0.7941651 0.1424791 7.222659e-05 0.06328352
0.772342 0.1689931 0.001268231 0.05739671
0.7369442 0.2098697 0.0008960894 0.05228995
0.7809959 0.1672687 4.09712e-05 0.05169451
0.7964808 0.153704 0.0004830522 0.04933223
0.7722115 0.1686594 0.002668888 0.05646021
0.7591437 0.17727 0.002380983 0.0612053
0.7730956 0.1682413 0.0006115364 0.05805154
0.7687134 0.1711747 8.832333e-05 0.06002364
0.7886239 0.171553 0.0004677561 0.03935528
0.7648966 0.1624812 0.002456157 0.07016597
0.7917064 0.1613341 0.0003510737 0.04660845
0.778326 0.1817283 7.108412e-05 0.03987456
0.7765981 0.169663 2.276889e-05 0.05371612
0.8071112 0.1423732 0.001101211 0.04941441
0.7868285 0.1655954 0.002086609 0.04548953
0.7758476 0.1700298 0.009087997 0.04503461
0.7831027 0.1517676 0.001693604 0.06343606
0.7862283 0.1628869 0.003718011 0.04716679
0.7763446 0.1678207 0.0005632055 0.05527158
0.7809502 0.1707723 0.007840586 0.04043691
0.7704687 0.1741587 0.001135374 0.05423727
0.7748692 0.1707313 0.001210481 0.05318902
0.7572685 0.1859793 0.0002424115 0.05650976
0.8080346 0.1473883 7.088629e-05 0.04450623
0.7435078 0.1773512 0.006349723 0.07279128
0.7918776 0.1482849 0.0001293197 0.05970816
0.7966129 0.1596583 0.001018037 0.04271078
0.7871464 0.1650081 0.001924826 0.0459207
0.7890638 0.1563879 0.001240927 0.05330739
0.7679122 0.1686511 0.000198018 0.06323871
0.7932892 0.1487318 0.00715798 0.050821
0.7900415 0.1551542 0.001071439 0.05373284
0.7510081 0.2002951 0.0004438224 0.04825297
0.7901142 0.1623517 0.006890038 0.04064413
0.7901181 0.1463417 0.0005049628 0.06303532
0.7750714 0.1678079 0.002647459 0.0544733
0.7985585 0.1511983 0.0001259901 0.05011713
0.7907832 0.1559413 0.0001010699 0.05317448
0.779234 0.1636897 0.001550322 0.05552597
0.7753744 0.1516007 0.003978654 0.0690463
0.7681921 0.1704193 0.001780922 0.05960761
0.8037927 0.1475736 0.0005905673 0.04804313
0.7947417 0.1567157 6.745981e-05 0.04847513
0.7985167 0.1498798 0.001120782 0.05048274
0.7868866 0.1557194 0.0007125598 0.05668147
0.7582507 0.1752064 0.001424412 0.06511847
0.7687742 0.1649669 0.006835992 0.0594229
0.7748939 0.1748944 0.0006642668 0.04954751
0.7773166 0.1647124 0.002429992 0.05554104
0.7784694 0.1766831 0.001293577 0.0435539
0.7768599 0.1680529 0.0006573921 0.05442984
0.7922734 0.1569611 0.001878408 0.04888707
0.7846759 0.1490693 0.003379535 0.06287522
0.7903782 0.1575033 0.0007995769 0.05131889
0.7733043 0.1592182 0.001196784 0.06628072
0.7514598 0.1702089 0.01085664 0.0674746
0.7843159 0.1477979 0.001606878 0.06627934
0.7798807 0.1795438 0.001779893 0.03879557
0.7490663 0.190774 0.001207047 0.05895263
0.7673446 0.1857417 0.001466187 0.04544759
0.7987541 0.1551221 0.001495354 0.04462847
0.7795951 0.1625922 0.003519985 0.05429278
0.8010699 0.1593032 0.0005224211 0.03910448
0.7702381 0.1717982 0.0009609186 0.05700272
0.7797953 0.1638804 0.007129819 0.04919451
0.7904362 0.1628454 0.004814064 0.04190438
0.758121 0.1903043 0.0007015114 0.05087317
0.7882998 0.1653985 0.0003193461 0.04598237
0.7585215 0.1732852 0.002233674 0.0659596
0.7683339 0.171391 0.003053627 0.05722147
0.7720319 0.1722823 0.0003477863 0.05533798
0.765514 0.1641429 0.001516098 0.06882698
0.7890661 0.1596009 0.0003623413 0.0509707
0.7912896 0.162017 0.0003289636 0.04636445
0.7633986 0.1787568 7.863405e-05 0.05776587
0.780655 0.1732946 0.00101996 0.0450305
0.7682971 0.1812944 0.002759956 0.04764851
0.7994281 0.1508117 0.00111494 0.04864528
0.7845271 0.158627 0.002452584 0.05439324
0.7761226 0.1715364 0.0008681374 0.05147288
0.7903887 0.1592228 0.00054064 0.04984789
0.7690704 0.1575676 0.02022921 0.05313278
0.7811546 0.09334778 0.06102943 0.06446815
0.780915 0.05585249 0.1007429 0.06248963
0.7628428 0.001814657 0.1896007 0.04574188
0.780378 0.004002749 0.1672887 0.04833059
0.7865153 0.001136872 0.1588489 0.05349895
0.7984561 0.0002085387 0.1636318 0.03770349
0.7867969 0.000322068 0.1652961 0.047585
0.7904498 0.0006036016 0.1600932 0.04885339
0.7728463 0.01118918 0.1746343 0.04133021
0.7454286 0.000249253 0.1888316 0.06549063
0.7787611 0.001295521 0.1711276 0.0488158
0.7757267 0.004650643 0.1660087 0.05361388
0.7740209 0.002036051 0.1783498 0.04559329
0.7646204 0.001593072 0.1741022 0.05968432
0.7677197 0.000148331 0.18345 0.04868189
0.7787162 0.002833546 0.1648945 0.05355576
0.7902094 0.000955616 0.1596642 0.04917086
0.7915194 2.346526e-05 0.1630423 0.0454148
0.7745994 0.0001882273 0.1687559 0.05645651
0.7670336 0.002827788 0.169449 0.06068957
0.7781046 9.397335e-06 0.1804151 0.04147092
0.7957877 0.007215221 0.1427382 0.05425882
0.7653465 0.006284677 0.1630693 0.06529956
0.798678 0.001792422 0.1501409 0.04938868
0.7626502 0.001833755 0.1798043 0.05571171
0.7715458 0.003781207 0.1809228 0.04375018
0.7861232 0.00256022 0.155186 0.05613066
0.7923538 0.0005725468 0.1539685 0.05310514
0.7782534 0.0001158625 0.1516202 0.07001053
0.7788567 0.001069347 0.1618811 0.05819283
0.7790364 0.001680742 0.1650679 0.05421495
0.7730796 0.00676528 0.16747 0.05268517
0.7565411 0.001072974 0.1898192 0.0525667
0.7738358 0.001879626 0.1668282 0.05745637
0.7689079 0.0056563 0.1731192 0.0523166
0.7628616 0.0007800782 0.1790873 0.05727102
0.7620042 0.0008870621 0.1722448 0.06486392
0.7754314 0.0007527126 0.1642686 0.05954722
0.7695002 0.0003958714 0.1592128 0.0708911
0.7771715 0.0008560778 0.1719692 0.05000322
0.7776896 0.0004532147 0.1684184 0.05343875
0.7777095 0.003277399 0.158356 0.06065706
0.8008031 0.0006633993 0.1426122 0.05592127
0.7818471 0.0007372882 0.1692078 0.04820782
0.7617967 0.001822417 0.1842678 0.05211313
0.7911147 0.00314138 0.1640513 0.04169253
0.7825372 0.0001347799 0.1618319 0.05549605
0.7937665 0.0006504197 0.1597833 0.04579979
0.7747206 0.001484654 0.1684093 0.05538541
0.7870898 0.00802619 0.156186 0.04869804
0.782708 0.0002833149 0.1526526 0.06435609
0.7905821 0.007211318 0.1385475 0.06365907
0.76181 0.0006973728 0.185189 0.05230362
0.7622495 0.000669344 0.1822422 0.05483897
0.8188878 0.003571062 0.135125 0.04241614
0.758192 0.0002590625 0.1886342 0.05291478
0.7993954 0.001778183 0.1540674 0.04475894
0.7959788 0.001761897 0.1603548 0.04190449
0.7799792 0.0008773812 0.1674716 0.05167175
0.7934411 0.001090867 0.1383597 0.06710829
0.7847384 0.0008441322 0.1648453 0.04957219
0.7808586 0.01715154 0.1503279 0.05166192
0.775192 0.003822648 0.1696905 0.05129483
0.7886004 0.005986031 0.1462846 0.05912899
0.7784645 0.0002064488 0.1657008 0.05562818
0.7618065 0.005977448 0.1773348 0.05488122
0.7644213 0.003487457 0.1699564 0.06213481
0.773486 0.0005620917 0.1653013 0.06065063
0.7767088 0.002177465 0.177393 0.04372081
0.7865255 0.0002474126 0.1529641 0.060263
0.7827198 8.664845e-05 0.1564892 0.06070429
0.7731399 0.0006010459 0.1680641 0.05819496
0.7881696 0.0005619616 0.161612 0.04965642
0.7673127 0.001837957 0.1732414 0.05760799
0.7638489 0.003502628 0.1678967 0.06475172
0.7780506 0.006024545 0.1598032 0.05612169
0.779917 0.001299554 0.1618602 0.05692328
0.7923113 0.0009986773 0.1515782 0.05511183
0.7811298 0.0005273794 0.1618923 0.05645062
0.7891927 0.00414186 0.1523481 0.05431737
0.7948625 0.01018476 0.1454272 0.04952559
0.8100162 0.001448759 0.1388555 0.04967951
0.7865789 0.0003690756 0.1646101 0.0484419
0.7880944 0.000737622 0.1568396 0.0543284
0.7846395 0.0009231639 0.1585551 0.05588224
0.7859604 0.001868717 0.1636703 0.04850055
0.7904703 0.0001326477 0.155801 0.053596
0.791053 0.0003878338 0.1582458 0.05031337
0.7834671 0.0007100837 0.1731091 0.04271376
0.7633259 0.0008885777 0.177581 0.0582046
0.7918202 0.002474886 0.1651372 0.04056774
0.7930255 0.002443456 0.1459433 0.05858771
0.7650638 0.001540323 0.1756372 0.05775864
0.7533419 0.0259607 0.1538134 0.06688407
0.7840065 0.002723767 0.1631298 0.05013988
0.7944298 0.0006403634 0.1498404 0.05508942
0.7582554 0.002133043 0.1701165 0.06949504
0.7768973 0.003303364 0.1668691 0.05293018
0.7915584 4.493501e-05 0.1645708 0.04382593
0.773716 0.005191761 0.1657761 0.05531619
0.7813722 0.001190404 0.157415 0.06002236
0.7373562 0.002709613 0.2076203 0.05231395
0.7882281 0.001888387 0.1516307 0.05825275
0.7820142 0.003616762 0.168569 0.04579997
0.7969132 0.001429679 0.1531884 0.04846867
0.760226 0.001681837 0.1801418 0.05795042
0.7608026 0.0002834507 0.1814459 0.05746801
0.7836568 0.009470758 0.1631771 0.04369528
0.7835164 0.0009773083 0.1507253 0.06478095
0.7720293 0.0006643795 0.1705884 0.05671789
0.7899536 0.001407941 0.1704108 0.03822764
0.7759136 2.8482e-05 0.1658296 0.05822833
0.7814343 0.002134011 0.1547122 0.06171943
0.8110951 0.03004166 0.1103634 0.04849987
0.7828459 0.02364264 0.1282048 0.06530665
0.7862823 0.01963273 0.1447905 0.04929451
0.7844525 0.002590529 0.1674098 0.04554708
0.7848315 0.001205095 0.1559441 0.05801931
0.7842842 0.001425921 0.1535931 0.06069675
0.7800459 0.01830602 0.1455038 0.0561443
0.7846155 0.0001697968 0.1590687 0.05614601
0.7767725 0.0003318147 0.1686588 0.05423684
0.7636159 0.0001450263 0.1760659 0.06017318
0.7886883 0.0003324746 0.1534617 0.05751753
0.783724 0.0009357511 0.1637487 0.05159157
0.7889057 0.002034847 0.1599187 0.04914077
0.7942837 0.001104213 0.1604451 0.04416693
0.7617666 0.0001292801 0.1740513 0.0640528
0.7875193 0.0014308 0.1610281 0.0500218
0.7738468 0.0008951602 0.1549633 0.07029482
0.7917185 6.905565e-05 0.1506832 0.05752918
0.7814565 0.007062939 0.1519387 0.05954182
0.772897 0.01369084 0.1659463 0.04746578
0.7726935 0.003510849 0.1602253 0.06357037
0.7728164 0.0008426778 0.1642261 0.06211474
0.805014 0.0002603316 0.1374332 0.05729248
0.7889015 0.002136693 0.1605275 0.0484343
0.7766931 0.006039799 0.1668453 0.05042185
0.7772894 0.004765502 0.1626829 0.0552622
0.7681066 0.001503669 0.177737 0.05265274
0.7869726 0.004273378 0.1452611 0.06349294
0.766578 0.0039309 0.1831014 0.04638974
0.7864068 0.0007289817 0.1690885 0.04377571
0.7777728 0.0009274284 0.1592131 0.06208667
0.786889 0.0009266314 0.1604445 0.05173987
0.7496716 0.003485012 0.1673199 0.07952346
0.7843515 0.0006894539 0.1695004 0.04545871
0.798779 0.003727351 0.1449701 0.05252357
0.7838704 0.0008522295 0.1532864 0.06199095
0.7806085 0.0003444266 0.1712783 0.04776877
0.777078 0.0005948818 0.1689026 0.05342455
0.7762594 0.002580031 0.1638722 0.05728838
0.7792313 0.003996669 0.1633868 0.05338519
0.7755534 0.0008778698 0.1600569 0.06351177
0.7659989 0.0002184625 0.1813204 0.05246222
0.7549587 0.006639371 0.1738268 0.06457513
0.7579245 0.0008298441 0.1820461 0.05919958
0.7911359 0.001629433 0.1565129 0.0507218
0.7899114 0.002867911 0.1466737 0.06054695
0.7728138 0.004842478 0.1749783 0.04736551
0.7836279 0.002858217 0.1556599 0.05785391
0.7909964 0.002564542 0.1574121 0.04902698
0.7629419 0.006151551 0.1585616 0.07234501
0.8077778 0.0009168392 0.1436375 0.04766781
0.7933121 0.0008876425 0.1674996 0.03830058
0.7681389 0.000562888 0.1806865 0.0506118
0.7874949 0.0005572599 0.1702508 0.04169705
0.7683184 0.001910026 0.1729154 0.05685621
0.7841331 0.004300767 0.1648353 0.04673075
0.7843061 0.0008351666 0.1635495 0.05130922
0.7978709 0.001450331 0.1505089 0.05016984
0.771407 0.001901882 0.1787749 0.04791623
0.7622634 0.003459158 0.1691503 0.06512711
0.7829955 0.0008842121 0.1639363 0.05218399
0.767351 0.002603387 0.1736961 0.05634953
0.7976839 0.0003490998 0.1533938 0.04857323
0.7735249 0.0003184521 0.1657581 0.06039856
0.7694346 0.000221525 0.175575 0.0547689
0.7587515 0.005751636 0.1857894 0.04970745
0.7901323 0.001633545 0.1589153 0.04931882
0.7694838 0.002865174 0.1644128 0.06323815
0.7766357 0.0008669249 0.1716451 0.05085232
0.7868686 0.0005934723 0.1658589 0.04667912
0.7956732 0.001142177 0.156391 0.04679364
0.7998708 0.0004326207 0.1470012 0.05269537
0.7925247 6.519007e-06 0.1559479 0.05152097
0.7821479 0.0008363839 0.1700299 0.04698581
0.7853203 0.002142223 0.1596005 0.05293688
0.7924825 0.0004458364 0.1601045 0.04696722
0.7738623 0.006255175 0.1620347 0.05784782
0.7985662 0.000970704 0.1620713 0.03839185
0.7985494 0.0001555707 0.1483777 0.05291741
0.7813177 0.001438072 0.1652403 0.05200394
0.7972447 0.003052296 0.1449889 0.05471406
0.7920849 2.518255e-05 0.1516368 0.05625314
0.7758108 0.0008618377 0.1697692 0.05355811
0.7775486 0.0007198475 0.1802013 0.04153022
0.7778952 0.002462706 0.1678792 0.05176291
0.7866356 0.00759013 0.1591585 0.04661575
0.7762216 0.0006331147 0.1678697 0.05527559
0.7812829 0.0001106083 0.1699135 0.04869296
0.7728264 0.0004564886 0.1654803 0.06123684
0.7563129 0.0007809073 0.1795784 0.06332778
0.7842577 0.0001220868 0.165134 0.05048623
0.7837674 0.004972064 0.1558036 0.05545693
0.7654288 0.00362203 0.1784012 0.05254797
0.7863542 0.0008045587 0.1647124 0.04812882
0.770507 0.001919539 0.1789544 0.04861912
0.7938689 0.001317333 0.1599219 0.0448919
0.7674478 0.003513248 0.1645254 0.06451359
0.7702613 8.624215e-05 0.1736338 0.05601874
0.7912948 0.001981091 0.1480022 0.05872183
0.7577281 0.0004732628 0.1961645 0.04563409
0.7573467 0.002114561 0.1794262 0.0611125
0.7641712 0.003712041 0.1813737 0.05074305
0.7797919 0.0001462701 0.1541685 0.06589331
0.7844025 0.0002352672 0.1654558 0.04990637
0.7696922 0.0009767755 0.1768777 0.05245331
0.7748539 0.002504173 0.1614929 0.06114903
0.8024499 0.001641503 0.1487408 0.04716775
0.7678799 0.001126937 0.1735825 0.05741068
0.8065223 0.0001859693 0.1470669 0.04622484
0.7849931 0.003276839 0.1566874 0.0550427
0.7724247 0.001898681 0.1784062 0.04727042
0.7877605 0.002747659 0.1558812 0.05361062
0.7635789 0.001010794 0.1825871 0.05282319
0.7661201 0.0001014242 0.1723399 0.06143855
0.7952273 0.0003642996 0.1531957 0.05121269
0.8055742 0.0006629996 0.1459552 0.0478076
0.7795968 0.003075253 0.1549818 0.06234614
0.7741599 0.0004871687 0.1638582 0.06149479
0.7785371 0.0003616408 0.1672907 0.05381049
0.7737099 7.246777e-05 0.1737555 0.05246221
0.771824 0.003820181 0.1688129 0.05554291
0.7707465 0.004886873 0.1547473 0.06961935
0.7661141 0.003274697 0.167421 0.06319018
0.7444395 0.0002737681 0.1867913 0.06849539
0.7906009 0.002219572 0.1639804 0.04319918
0.7770358 0.001886266 0.1689202 0.05215779
0.7809561 0.00237262 0.1601043 0.05656697
0.7800068 0.009979419 0.1590765 0.05093737
0.7522782 0.0007683338 0.184922 0.06203141
0.7695964 0.001026388 0.184885 0.04449215
0.7632536 0.003415154 0.1700307 0.06330064
0.7866871 0.004130496 0.1623778 0.04680458
0.8161943 0.000278819 0.1375996 0.04592725
0.7751601 0.002391382 0.165897 0.05655151
0.8170877 3.861606e-05 0.144782 0.03809169
0.8000416 0.0005226823 0.1502789 0.04915683
0.7889195 0.0005711807 0.1542779 0.05623145
0.7494371 0.0005301881 0.1943531 0.05567957
0.7835318 0.002430138 0.1674684 0.04656963
0.7818021 0.002617743 0.1663801 0.04920009
0.7691176 0.0003937192 0.1620033 0.0684854
0.761899 0.001983867 0.183311 0.0528061
0.7718192 0.001454575 0.1820079 0.04471835
0.7629197 0.00446229 0.1723574 0.06026063
0.769039 0.001264802 0.1644968 0.06519939
0.7907358 0.003242577 0.1512795 0.05474211
0.7838509 0.0006816533 0.1593805 0.05608694
0.784544 0.003922578 0.1532781 0.05825532
0.7500771 0.0008556911 0.194424 0.05464317
0.7751738 0.0007138373 0.1701231 0.05398925
0.8009406 4.08325e-05 0.1500885 0.04893004
0.7773774 0.0006068947 0.1658267 0.05618899
0.7714954 0.0008093821 0.1691916 0.05850357
0.7829223 0.002364673 0.1624966 0.05221649
0.7775643 0.0005750025 0.1677819 0.0540788
0.767994 0.001562608 0.1699505 0.06049285
0.7550964 0.0006999608 0.1767955 0.06740815
0.7830339 0.0007337727 0.1671364 0.04909592
0.7647546 0.0003116213 0.1822444 0.05268938
0.7868099 0.0004973365 0.1640831 0.04860971
0.7630443 0.001844827 0.1821267 0.05298417
0.7808883 0.001136219 0.1658131 0.05216234
0.796952 0.0001482507 0.1567428 0.04615694
0.7646043 0.00531782 0.1717546 0.05832328
0.7851892 0.0001094449 0.1654468 0.0492545
0.7476839 0.0003506894 0.1991246 0.05284086
0.7700001 0.0008264012 0.1609059 0.06826765
0.7919494 0.001700437 0.1529145 0.05343566
0.7711707 0.001340696 0.1750518 0.05243681
0.7715796 0.001767218 0.1713401 0.05531305
0.749344 0.001001895 0.1824382 0.06721595
0.7820984 0.002797556 0.1517411 0.06336296
0.7931217 0.0005417748 0.1496582 0.05667838
0.7700413 0.00247145 0.1713592 0.05612806
0.7538122 0.0001563658 0.1921201 0.0539113
0.7806603 0.002973113 0.1597838 0.05658271
0.7623056 0.0005708153 0.1756163 0.06150727
0.7781816 0.0002081769 0.1738608 0.04774944
0.7767292 0.0007045359 0.175928 0.04663832
0.7754745 5.508814e-05 0.1666919 0.05777853
0.7908408 0.0003419327 0.1523929 0.05642438
0.763699 0.0003393641 0.1719654 0.06399619
0.7726268 0.0004371914 0.1756458 0.05129018
0.790772 0.008042135 0.1511516 0.05003433
0.7739114 0.01014294 0.1660881 0.04985749
0.7994006 0.0001144288 0.1493652 0.05111973
0.7508417 0.003873655 0.1802114 0.0650733
0.7631615 0.001382262 0.1828668 0.0525894
0.7721445 0.009823424 0.1505864 0.06744566
0.7707534 0.01006914 0.1516855 0.06749193
0.7732121 0.001206343 0.188317 0.03726457
0.7743388 0.002294114 0.1665287 0.05683842
0.7798974 0.002837437 0.1615387 0.05572648
0.7965797 0.0005624242 0.153139 0.04971884
0.778745 0.003189288 0.1542706 0.06379514
0.7855742 0.003061153 0.1514219 0.05994275
0.7732299 1.038928e-05 0.1846253 0.04213443
0.7685175 0.002949453 0.1720765 0.05645654
0.7838478 0.02349829 0.1466712 0.04598266
0.7868833 0.01867519 0.1325015 0.06194001
0.7711859 0.03488502 0.1427467 0.05118237
0.7879945 0.03453372 0.1242898 0.05318201
0.7999442 0.009317635 0.1384921 0.05224602
0.7739709 0.001728302 0.1668039 0.05749694
0.7994822 0.004386401 0.1535797 0.04255169
0.7958651 0.009112619 0.1444658 0.05055648
0.7744226 0.002689263 0.1691463 0.05374182
0.8059693 0.002454008 0.1507901 0.04078663
0.7814457 0.01627454 0.1417761 0.06050365
0.7839033 0.001463008 0.1678573 0.04677641
0.7802765 0.0001205498 0.1621861 0.05741687
0.7927746 0.001681308 0.1586889 0.04685523
0.7839348 0.0004212741 0.1699354 0.04570859
0.7695439 0.0008115447 0.1734314 0.05621315
0.7907456 0.004208688 0.1496765 0.05536924
0.8036675 0.0001326785 0.1484811 0.0477187
0.7660508 5.669454e-05 0.1764003 0.05749227
0.7863238 0.005725708 0.160399 0.04755147
0.7906484 0.002463366 0.1606838 0.04620446
0.7974086 0.0002055859 0.1528837 0.04950206
0.7631198 0.002310702 0.1810024 0.0535671
0.769192 0.003770432 0.1501312 0.07690636
0.7950214 0.001637123 0.1488477 0.05449375
0.7765355 0.000447904 0.175209 0.04780757
0.764277 0.004137734 0.167616 0.06396925
0.7727088 0.001837702 0.1641545 0.061299
0.7792335 0.001828459 0.1640261 0.0549119
0.7851314 0.007120664 0.1628001 0.04494785
0.7672397 0.0001222538 0.1814508 0.05118728
0.8033449 0.002317656 0.1439092 0.0504282
0.7802629 0.0004482268 0.162061 0.0572278
0.7886482 5.625753e-05 0.1620752 0.04922036
0.8051027 0.001963402 0.1530986 0.03983535
0.7882502 0.008108518 0.161716 0.04192529
0.7864562 0.001379655 0.1611329 0.0510313
0.7795045 0.003546982 0.1647063 0.05224223
0.7754743 0.00231696 0.1607883 0.06142046
0.781832 0.0002418069 0.1634838 0.05444248
0.7643462 0.0002863803 0.1671292 0.06823817
0.7618946 0.003783377 0.1816593 0.05266272
0.7909772 0.001848867 0.1613393 0.04583461
0.7653575 0.002211513 0.1784784 0.05395255
0.7918736 0.000110323 0.1580482 0.04996782
0.7839433 0.002004807 0.1687876 0.04526432
0.7863209 0.0002903766 0.1650104 0.04837833
0.7787902 0.003519682 0.1575396 0.06015046
0.7851573 0.003153639 0.1680274 0.04366165
0.7639273 0.005036148 0.1688941 0.06214248
0.8036773 0.0005698509 0.1532757 0.04247712
0.7649483 0.0007383459 0.180864 0.0534493
0.7631718 0.001886705 0.16737 0.06757153
0.7817873 0.004820772 0.1640129 0.04937896
0.7892427 0.00169403 0.1580405 0.05102275
0.7717324 0.0007833435 0.1730597 0.05442459
0.7826663 0.0002588654 0.1601063 0.05696857
0.780977 0.00104668 0.157455 0.06052132
0.7710181 0.0009396199 0.1585958 0.06944649
0.7816627 0.001171662 0.1657467 0.05141891
0.7739947 3.827211e-05 0.1713361 0.05463091
0.7873308 0.003512387 0.166363 0.04279378
0.7784923 0.002473805 0.1625018 0.05653207
0.7839488 0.0002664841 0.162071 0.05371371
0.7673651 0.005155928 0.1774875 0.04999142
0.7664723 0.003562635 0.1740081 0.05595692
0.7737921 0.0008104733 0.1620852 0.06331216
0.7797219 0.001285688 0.1639593 0.05503315
0.7820376 0.003044954 0.1581793 0.05673815
0.7870309 0.0001745502 0.1582575 0.05453702
0.7941483 0.0002612332 0.1539841 0.05160636
0.7801051 0.001523681 0.1668347 0.05153654
0.7861534 0.002507726 0.1578446 0.05349429
0.7841019 0.001384976 0.1634475 0.05106564
0.7642201 0.003587637 0.1780763 0.05411596
0.7913263 0.00910107 0.144141 0.05543168
0.7898315 0.005047844 0.1609249 0.0441957
0.7910428 0.001384383 0.1546771 0.05289577
0.7980938 0.0002610554 0.151972 0.04967318
0.7620941 0.001645332 0.1676891 0.06857144
0.7671096 0.0009757127 0.1721057 0.05980904
0.8126356 0.001992635 0.127841 0.05753078
0.775405 0.02779178 0.141886 0.05491719
0.7997166 0.007563769 0.1331506 0.0595691
0.7950012 0.0002479747 0.1561414 0.04860945
0.7915515 0.000364366 0.1601051 0.04797904
0.7858204 0.00236329 0.1682408 0.04357559
0.7823425 0.0001247878 0.1715826 0.04595007
0.7775625 0.0001888591 0.1651661 0.05708255
0.7873199 1.598735e-05 0.1580022 0.05466185
0.7634221 0.0039348 0.1759595 0.05668368
0.7844759 0.00079618 0.1662189 0.04850901
0.7750057 0.002540127 0.1702729 0.05218128
0.7785852 0.0006582161 0.1584592 0.0622974
0.7566115 0.009523434 0.1703411 0.06352396
0.7795059 0.0001693753 0.1652583 0.05506644
0.7683201 0.0005887136 0.1839998 0.04709144
0.7962584 0.001111325 0.1382384 0.06439189
0.7710601 9.464169e-05 0.1759901 0.05285515
