p_1 p_2 p_3 
0.0467199 0.8060312 0.1472489 
0.06199206 0.7890238 0.1489841 
0.0435688 0.8325471 0.1238841 
0.07809341 0.7576471 0.1642595 
0.04000586 0.7987328 0.1612614 
0.04635629 0.8256696 0.1279741 
0.05655762 0.8214194 0.122023 
0.06361573 0.7498326 0.1865517 
0.0589411 0.8136713 0.1273876 
0.02736243 0.79433 0.1783075 
0.06352106 0.8335147 0.1029643 
0.08260429 0.8030655 0.1143302 
0.02875727 0.7711839 0.2000588 
0.1254233 0.810635 0.06394169 
0.06309888 0.795541 0.1413601 
0.09745469 0.7458462 0.1566991 
0.09591572 0.7171451 0.1869391 
0.07394745 0.8124396 0.1136129 
0.05431941 0.8133695 0.1323111 
0.06846698 0.7990561 0.132477 
0.06816254 0.8100082 0.1218293 
0.06432995 0.8047824 0.1308877 
0.02641629 0.7656704 0.2079133 
0.1210208 0.7001686 0.1788107 
0.08992518 0.7750475 0.1350273 
0.09341765 0.7610409 0.1455414 
0.1392906 0.7742185 0.08649095 
0.1086695 0.7668472 0.1244833 
0.05302757 0.8049931 0.1419793 
0.07628621 0.8143998 0.109314 
0.07017673 0.815378 0.1144453 
0.04457235 0.8234868 0.1319408 
0.04273984 0.8171182 0.140142 
0.06424597 0.7851148 0.1506392 
0.03576893 0.8601557 0.1040754 
0.06511291 0.7905331 0.144354 
0.03645577 0.7737137 0.1898305 
0.07471696 0.844525 0.08075806 
0.1229807 0.748409 0.1286104 
0.06143728 0.7916297 0.146933 
0.07558265 0.7850616 0.1393558 
0.06346059 0.8344667 0.1020728 
0.03234113 0.8633134 0.1043454 
0.0756517 0.7936535 0.1306948 
0.08174139 0.8509242 0.06733443 
0.1115929 0.7855455 0.1028615 
0.08077585 0.8035118 0.1157123 
0.0530257 0.8984916 0.04848265 
0.06592025 0.8346137 0.09946608 
0.08184439 0.8300255 0.08813011 
0.04692553 0.7832282 0.1698463 
0.0487769 0.8278334 0.1233897 
0.01623204 0.8779522 0.1058158 
0.09658655 0.7662245 0.137189 
0.02878497 0.8524187 0.1187963 
0.0320263 0.8543151 0.1136587 
0.04624344 0.8070842 0.1466724 
0.04230563 0.8215018 0.1361926 
0.03203449 0.7885524 0.1794131 
0.06996269 0.8155802 0.1144571 
0.07752052 0.8295879 0.09289157 
0.07533385 0.8051223 0.1195438 
0.03707055 0.877102 0.08582743 
0.05892211 0.8197594 0.1213185 
0.05156398 0.8282965 0.1201396 
0.05549658 0.84941 0.09509341 
0.02266226 0.8515592 0.1257785 
0.02414773 0.838709 0.1371433 
0.08614784 0.7969653 0.1168869 
0.07756108 0.7515696 0.1708693 
0.05195545 0.8574527 0.09059187 
0.06406695 0.7682297 0.1677034 
0.05950684 0.6828182 0.257675 
0.05665646 0.8317001 0.1116434 
0.06450477 0.8190032 0.116492 
0.06799048 0.8065681 0.1254414 
0.07000671 0.8448593 0.08513399 
0.05397507 0.7810677 0.1649572 
0.1145843 0.7671745 0.1182411 
0.08757619 0.75396 0.1584638 
0.0693544 0.8032956 0.12735 
0.04216917 0.7738158 0.184015 
0.06457793 0.7618935 0.1735286 
0.06787664 0.8396273 0.09249605 
0.07844881 0.7960939 0.1254572 
0.04458972 0.8317747 0.1236356 
0.07113843 0.8287643 0.1000973 
0.05180456 0.813479 0.1347164 
0.04618047 0.8149635 0.138856 
0.09880073 0.8315611 0.06963818 
0.04898516 0.8090792 0.1419356 
0.02813376 0.8656132 0.1062531 
0.02792462 0.8828639 0.08921144 
0.07331559 0.7824966 0.1441878 
0.05562693 0.7802458 0.1641273 
0.05194466 0.821904 0.1261513 
0.100254 0.7653071 0.134439 
0.07652224 0.7804309 0.1430469 
0.04123825 0.8464535 0.1123083 
0.06495503 0.8173667 0.1176783 
0.05643529 0.8413941 0.1021706 
0.05000886 0.859165 0.09082615 
0.07078004 0.8003516 0.1288684 
0.03836811 0.8329903 0.1286416 
0.02768928 0.8121117 0.1601991 
0.03170397 0.8056578 0.1626382 
0.01873451 0.8793226 0.1019429 
0.06173217 0.7585417 0.1797262 
0.06130483 0.8393038 0.09939139 
0.05514519 0.8289758 0.115879 
0.0476205 0.7822096 0.1701699 
0.09956558 0.8026007 0.09783372 
0.05298322 0.7680774 0.1789394 
0.06448821 0.7475319 0.1879799 
0.04185116 0.7737938 0.184355 
0.08524234 0.8088074 0.1059502 
0.04349949 0.7178429 0.2386576 
0.08929604 0.7401448 0.1705592 
0.04100884 0.7888799 0.1701113 
0.0540903 0.7995528 0.1463569 
0.03710107 0.8390345 0.1238644 
0.04705012 0.7928922 0.1600576 
0.04083699 0.8152459 0.1439171 
0.0507294 0.8289581 0.1203125 
0.0608665 0.7992255 0.139908 
0.05679281 0.8492994 0.0939078 
0.05107349 0.7889232 0.1600033 
0.1041554 0.7985468 0.09729774 
0.06428758 0.7537703 0.1819421 
0.07722166 0.8363751 0.08640328 
0.1041762 0.791795 0.1040288 
0.05490131 0.7722969 0.1728018 
0.07340692 0.8031998 0.1233933 
0.07599269 0.790363 0.1336443 
0.04707152 0.8268213 0.1261072 
0.04937079 0.7935821 0.1570471 
0.05807068 0.8009942 0.1409351 
0.06615701 0.7956543 0.1381887 
0.04106281 0.8562049 0.1027322 
0.0646721 0.8385485 0.09677944 
0.06205286 0.7792659 0.1586812 
0.08784401 0.7761105 0.1360455 
0.02989909 0.8544312 0.1156697 
0.08031337 0.7887122 0.1309745 
0.05459969 0.7896134 0.155787 
0.05687865 0.8263311 0.1167903 
0.04245709 0.7923533 0.1651896 
0.0638414 0.818326 0.1178326 
0.04999044 0.8528398 0.09716976 
0.07530179 0.7857071 0.1389911 
0.05293953 0.8434948 0.1035657 
0.0747402 0.8190719 0.1061879 
0.05281541 0.7567773 0.1904073 
0.01990836 0.799744 0.1803476 
0.0281216 0.7724896 0.1993888 
0.04702787 0.8649785 0.08799359 
0.09748329 0.7927433 0.1097734 
0.06981767 0.7862933 0.1438891 
0.03955693 0.8678269 0.09261612 
0.06734428 0.7341571 0.1984986 
0.04739096 0.8578128 0.09479624 
0.1178105 0.7737104 0.1084791 
0.02520055 0.7655316 0.2092679 
0.04003788 0.8339824 0.1259798 
0.03613389 0.8385621 0.125304 
0.06856505 0.7376053 0.1938296 
0.07140382 0.8371214 0.09147482 
0.01039806 0.8418209 0.147781 
0.1379365 0.746784 0.1152795 
0.05666059 0.800481 0.1428584 
0.04028261 0.7816887 0.1780287 
0.07141539 0.8345259 0.09405871 
0.0391832 0.8265866 0.1342302 
0.05985409 0.8057656 0.1343803 
0.04956691 0.8363235 0.1141096 
0.0341596 0.8901965 0.07564388 
0.0847901 0.7981611 0.1170488 
0.06663592 0.7671837 0.1661804 
0.06896235 0.8253503 0.1056874 
0.1148657 0.7943498 0.09078445 
0.03204888 0.8454301 0.122521 
0.06077178 0.8063327 0.1328955 
0.07188036 0.794093 0.1340266 
0.06118025 0.7516288 0.187191 
0.03362036 0.8244161 0.1419635 
0.08960611 0.8455765 0.06481738 
0.04751589 0.8101688 0.1423153 
0.04900521 0.8572834 0.09371135 
0.03188257 0.8534157 0.1147017 
0.07507311 0.8342656 0.09066132 
0.04817719 0.7895568 0.162266 
0.04487048 0.7545082 0.2006213 
0.0434637 0.8196366 0.1368997 
0.04679245 0.7845972 0.1686103 
0.03201602 0.7626254 0.2053586 
0.04366175 0.8203341 0.1360041 
0.06461555 0.8109651 0.1244193 
0.05404901 0.8137919 0.1321591 
0.07589547 0.7795663 0.1445382 
0.07670014 0.7201616 0.2031383 
0.1211644 0.759474 0.1193616 
0.03853205 0.8386034 0.1228646 
0.06228226 0.7917538 0.145964 
0.1083547 0.7764325 0.1152128 
0.08626056 0.7904794 0.1232601 
0.0704394 0.7628006 0.16676 
0.05715237 0.850108 0.09273967 
0.0624129 0.8150285 0.1225586 
0.0484553 0.8282958 0.1232489 
0.05892799 0.7754096 0.1656625 
0.08110458 0.8053085 0.1135869 
0.05890211 0.8273246 0.1137733 
0.04682051 0.8285726 0.1246068 
0.03521596 0.7982528 0.1665312 
0.02892889 0.8057463 0.1653248 
0.02288433 0.8033301 0.1737856 
0.07975601 0.766156 0.154088 
0.05719432 0.7341023 0.2087034 
0.03553922 0.8296191 0.1348416 
0.06576008 0.7555108 0.1787291 
0.04715852 0.7908302 0.1620113 
0.07040859 0.802561 0.1270304 
0.02910588 0.8790009 0.09189318 
0.07644445 0.8031369 0.1204187 
0.03674706 0.8866186 0.07663431 
0.02791626 0.8484874 0.1235964 
0.08200201 0.8036238 0.1143742 
0.07616764 0.8289533 0.09487905 
0.07496533 0.7987099 0.1263248 
0.07914596 0.8135893 0.1072648 
0.07087472 0.8348559 0.09426941 
0.03262494 0.8318693 0.1355058 
0.09095968 0.7618479 0.1471924 
0.02468903 0.8678822 0.1074288 
0.01450759 0.8423803 0.1431122 
0.08420144 0.7994437 0.1163549 
0.04914319 0.8017446 0.1491123 
0.04152026 0.808084 0.1503958 
0.066782 0.8188209 0.1143971 
0.03692165 0.8587912 0.1042871 
0.05175181 0.7909267 0.1573215 
0.03958918 0.8512821 0.1091287 
0.05634177 0.8371084 0.1065499 
0.05474293 0.8288084 0.1164487 
0.1457225 0.710365 0.1439124 
0.1393025 0.7060574 0.1546401 
0.07302827 0.7560453 0.1709264 
0.1071429 0.7735533 0.1193037 
0.05055729 0.8230009 0.1264418 
0.07526901 0.8347748 0.0899562 
0.01983448 0.8377833 0.1423822 
0.06824216 0.757843 0.1739149 
0.1171986 0.7805118 0.1022896 
0.0977029 0.7048883 0.1974088 
0.03181736 0.9090353 0.05914731 
0.05493629 0.8607847 0.08427903 
0.1242398 0.7622296 0.1135307 
0.0318468 0.7778939 0.1902593 
0.07608641 0.7798635 0.1440501 
0.05204824 0.7859746 0.1619772 
0.0448189 0.8194205 0.1357606 
0.0671673 0.7913506 0.1414821 
0.03607382 0.7921015 0.1718247 
0.08632861 0.7925926 0.1210788 
0.05890167 0.8227964 0.118302 
0.04560317 0.7998303 0.1545665 
0.02114217 0.8048529 0.1740049 
0.05011965 0.8237085 0.1261718 
0.01889199 0.8416654 0.1394426 
0.0267012 0.7838135 0.1894853 
0.06069425 0.7086965 0.2306093 
0.04261445 0.8147805 0.1426051 
0.06014364 0.8479778 0.09187859 
0.05127175 0.8488793 0.09984894 
0.04001542 0.8310425 0.1289421 
0.02847753 0.7710231 0.2004994 
0.04126815 0.7680406 0.1906912 
0.04104488 0.849547 0.1094081 
0.03306722 0.8150604 0.1518724 
0.06287207 0.8506875 0.08644043 
0.09221812 0.8090946 0.09868726 
0.06553139 0.8070772 0.1273914 
0.07194252 0.797335 0.1307224 
0.0500128 0.7779106 0.1720766 
0.05164098 0.8272543 0.1211047 
0.04744374 0.8591762 0.09338002 
0.03354025 0.8215067 0.1449531 
0.03786792 0.7577418 0.2043903 
0.0413203 0.7545511 0.2041286 
0.07219382 0.7835604 0.1442457 
0.03477013 0.835321 0.1299088 
0.05280033 0.8211282 0.1260714 
0.04946294 0.8010119 0.1495252 
0.04066796 0.7920229 0.1673091 
0.06945188 0.7749557 0.1555924 
0.06825568 0.8046906 0.1270537 
0.07639105 0.7886685 0.1349405 
0.04903725 0.79997 0.1509928 
0.04696612 0.8031199 0.149914 
0.0388438 0.7696191 0.1915371 
0.03907265 0.8318094 0.1291179 
0.04874861 0.8114303 0.1398211 
0.05473494 0.8054347 0.1398303 
0.04514653 0.8324605 0.122393 
0.05386043 0.7769647 0.1691748 
0.0658419 0.8283357 0.1058224 
0.06990318 0.7958719 0.1342249 
0.08539231 0.8194435 0.09516423 
0.06852152 0.8044184 0.1270601 
0.03465856 0.8184933 0.1468481 
0.0594808 0.7998528 0.1406664 
0.05356765 0.7885741 0.1578582 
0.02815143 0.8460051 0.1258435 
0.09753063 0.759955 0.1425144 
0.06112955 0.7972453 0.1416252 
0.07497445 0.8109453 0.1140802 
0.02846662 0.7553097 0.2162237 
0.06201573 0.8439634 0.09402092 
0.08166132 0.7861526 0.132186 
0.06028723 0.830874 0.1088388 
0.04836175 0.7613333 0.190305 
0.04720464 0.7400212 0.2127742 
0.03804261 0.8100726 0.1518848 
0.02912671 0.8336883 0.137185 
0.07463312 0.8234698 0.1018971 
0.08650041 0.8344383 0.07906132 
0.06028663 0.8312615 0.1084519 
0.0388367 0.858873 0.1022903 
0.08732679 0.8511504 0.06152278 
0.02996524 0.7523438 0.217691 
0.05786366 0.8515936 0.09054272 
0.1119364 0.8262775 0.0617861 
0.0470852 0.8705845 0.08233033 
0.1376077 0.7711922 0.09120019 
0.08307034 0.7830748 0.1338548 
0.04603088 0.857024 0.09694512 
0.04891218 0.7839117 0.1671761 
0.03670694 0.8528787 0.1104144 
0.06324878 0.7949752 0.141776 
0.05554189 0.8067165 0.1377416 
0.07404778 0.7140912 0.211861 
0.05181769 0.8005775 0.1476049 
0.04991893 0.7494316 0.2006495 
0.02684397 0.8646146 0.1085415 
0.05198338 0.7947175 0.1532991 
0.03217501 0.8559611 0.1118639 
0.04476931 0.8198305 0.1354002 
0.03381064 0.8438528 0.1223365 
0.05530286 0.8000177 0.1446794 
0.09608272 0.7739028 0.1300145 
0.1072199 0.7543644 0.1384157 
0.05017165 0.7814841 0.1683443 
0.02393012 0.8775997 0.09847019 
0.04259467 0.7949289 0.1624765 
0.03745845 0.832504 0.1300376 
0.05081775 0.8480683 0.101114 
0.08834208 0.8046664 0.1069915 
0.0417147 0.8547122 0.1035731 
0.08869469 0.7885022 0.1228031 
0.103555 0.7686979 0.1277471 
0.04090445 0.7590385 0.200057 
0.04770065 0.7998364 0.152463 
0.05632666 0.7878453 0.155828 
0.03750117 0.8220358 0.140463 
0.1273881 0.7593488 0.1132631 
0.1003105 0.746518 0.1531715 
0.04749711 0.8368139 0.115689 
0.08616371 0.7741081 0.1397282 
0.04291553 0.8216338 0.1354507 
0.06239552 0.7825852 0.1550193 
0.08191308 0.7979642 0.1201227 
0.06001626 0.8486488 0.09133495 
0.04988768 0.8151474 0.1349649 
0.09313051 0.7737665 0.133103 
0.07166004 0.8343776 0.09396233 
0.1308179 0.7216715 0.1475106 
0.07283366 0.7832093 0.143957 
0.0823351 0.7234066 0.1942583 
0.03111608 0.8660755 0.1028084 
0.04141566 0.8193921 0.1391922 
0.06641869 0.8400157 0.09356565 
0.05290004 0.8405787 0.1065212 
0.04312397 0.8378482 0.1190278 
0.0737983 0.7958673 0.1303344 
0.07273756 0.8499189 0.07734359 
0.06124619 0.785263 0.1534908 
0.04868929 0.7942586 0.1570521 
0.09896613 0.780509 0.1205249 
0.08110664 0.801709 0.1171844 
0.05898519 0.8397093 0.1013055 
0.1009014 0.7137563 0.1853424 
0.07255806 0.7567849 0.1706571 
0.09182592 0.7945441 0.11363 
0.09734798 0.8013453 0.1013067 
0.06827991 0.7965725 0.1351475 
0.07090432 0.8403691 0.08872656 
0.08491065 0.808667 0.1064223 
0.1295841 0.764672 0.1057439 
0.05069154 0.7269026 0.2224059 
0.06227142 0.8110781 0.1266504 
0.06888398 0.7884472 0.1426688 
0.03578065 0.8897368 0.07448251 
0.06025727 0.8349285 0.1048142 
0.07508927 0.7992474 0.1256633 
0.05102468 0.8025085 0.1464668 
0.07351342 0.8086291 0.1178575 
0.08302688 0.7779078 0.1390653 
0.07216191 0.7794647 0.1483734 
0.03133002 0.787582 0.181088 
0.06025364 0.8094504 0.1302959 
0.08919419 0.8184141 0.09239172 
0.04417011 0.8058339 0.1499959 
0.04699928 0.8440701 0.1089306 
0.02931154 0.8443217 0.1263668 
0.1053439 0.7264736 0.1681825 
0.04774188 0.8052426 0.1470155 
0.0565938 0.8220075 0.1213987 
0.0437254 0.8275344 0.1287402 
0.07208753 0.8432582 0.08465423 
0.02981827 0.8611943 0.1089874 
0.0783359 0.7985658 0.1230982 
0.06064944 0.81198 0.1273705 
0.0440629 0.7791186 0.1768185 
0.04559965 0.8562605 0.09813985 
0.05926065 0.790212 0.1505273 
0.05170879 0.7824811 0.1658101 
0.02300722 0.8374484 0.1395444 
0.07052864 0.8681267 0.06134465 
0.06328672 0.8060369 0.1306764 
0.105482 0.7036895 0.1908285 
0.05288075 0.8466929 0.1004263 
0.06958773 0.7280996 0.2023126 
0.02299873 0.8170333 0.159968 
0.03738959 0.802344 0.1602665 
0.04064971 0.8518141 0.1075362 
0.07423134 0.8400356 0.08573308 
0.08626842 0.7587874 0.1549441 
0.04394076 0.7825827 0.1734765 
0.07326152 0.8087193 0.1180191 
0.04052393 0.8278397 0.1316364 
0.05117927 0.7553377 0.193483 
0.03857318 0.8651143 0.09631249 
0.07125512 0.7719228 0.1568221 
0.02613255 0.7948534 0.1790141 
0.04612045 0.8351734 0.1187061 
0.1264604 0.7584391 0.1151005 
0.09551784 0.7620179 0.1424642 
0.06984239 0.7591389 0.1710187 
0.02627547 0.8416703 0.1320542 
0.08512048 0.811837 0.1030425 
0.03485612 0.8196685 0.1454754 
0.0374193 0.8756745 0.08690618 
0.04835249 0.7720151 0.1796324 
0.04367967 0.8164905 0.1398299 
0.03212506 0.8230163 0.1448587 
0.07770788 0.7563835 0.1659086 
0.04915515 0.8192803 0.1315645 
0.06305665 0.8395361 0.09740728 
0.03208978 0.8163229 0.1515873 
0.1051409 0.8820702 0.01278888 
0.226326 0.7643865 0.009287467 
0.1608578 0.8148752 0.02426704 
0.170268 0.8294673 0.0002646631 
0.08192745 0.8387756 0.07929699 
0.1509781 0.7309917 0.1180302 
0.173996 0.7546677 0.07133624 
0.1974682 0.7918457 0.01068615 
0.1554491 0.8285441 0.01600682 
0.2140259 0.7783229 0.007651201 
0.1653144 0.7792487 0.05543683 
0.1515344 0.8401102 0.008355377 
0.1659352 0.7701377 0.06392712 
0.2231062 0.7450513 0.03184252 
0.1552915 0.831142 0.01356644 
0.2040607 0.7947035 0.001235812 
0.1723233 0.799786 0.02789075 
0.1289901 0.8296655 0.04134442 
0.2186615 0.7754917 0.005846838 
0.1104588 0.8494022 0.04013896 
0.1644936 0.7945517 0.04095467 
0.1530933 0.8251028 0.02180391 
0.1415084 0.8211212 0.0373704 
0.0950825 0.8889952 0.01592228 
0.2106797 0.7809213 0.008399013 
0.1379721 0.7451067 0.1169212 
0.1032322 0.8452001 0.05156769 
0.1690614 0.7389611 0.09197747 
0.1361172 0.8227022 0.04118059 
0.1436992 0.7522484 0.1040524 
0.1874157 0.7297272 0.08285705 
0.07320715 0.8330719 0.09372094 
0.1276263 0.8118928 0.06048094 
0.1018931 0.8242238 0.07388311 
0.1810126 0.7052156 0.1137718 
0.09293987 0.8621141 0.04494599 
0.1666225 0.8045176 0.02885995 
0.1083238 0.8461295 0.04554666 
0.1013614 0.8329577 0.06568093 
0.1482999 0.8038177 0.04788249 
0.1385466 0.8024553 0.05899807 
0.08684116 0.8324321 0.08072676 
0.1012536 0.8576293 0.04111712 
0.09162312 0.8709071 0.03746978 
0.09724263 0.8566938 0.04606355 
0.1169763 0.816372 0.06665178 
0.1582219 0.8163164 0.02546178 
0.2184987 0.7477136 0.03378775 
0.09130116 0.8694731 0.03922574 
0.09814055 0.853442 0.04841748 
0.1282756 0.8338855 0.03783892 
0.09758184 0.8672337 0.03518449 
0.1198826 0.8121131 0.06800436 
0.1587375 0.7366324 0.1046301 
0.1324087 0.8326229 0.03496849 
0.1285241 0.8210802 0.05039577 
0.1313101 0.8259903 0.0426996 
0.142468 0.7920371 0.0654949 
0.1159839 0.8397526 0.04426345 
0.1356226 0.8244765 0.0399009 
0.1375577 0.8065673 0.05587502 
0.1137766 0.8091109 0.07711251 
0.1871966 0.7626224 0.05018098 
0.171029 0.7615934 0.0673776 
0.1660488 0.7516721 0.08227904 
0.2130125 0.7181971 0.06879045 
0.1525797 0.820454 0.02696629 
0.1980346 0.7428082 0.05915727 
0.1056132 0.8255791 0.06880774 
0.1599682 0.7660403 0.07399157 
0.09148678 0.8659316 0.04258158 
0.09779419 0.847057 0.05514884 
0.1263466 0.8347696 0.03888379 
0.1616342 0.8102699 0.02809586 
0.1495714 0.8307698 0.01965883 
0.1690351 0.7757671 0.05519786 
0.1252446 0.8477773 0.02697816 
0.1492168 0.8007967 0.04998643 
0.1352394 0.8333934 0.03136726 
0.06622104 0.8926953 0.04108363 
0.1375481 0.7762436 0.08620824 
0.212733 0.7367999 0.05046712 
0.1424057 0.8048538 0.05274055 
0.1610454 0.7784143 0.06054031 
0.1058882 0.8348186 0.05929321 
0.09197372 0.8688245 0.03920182 
0.1332986 0.8376635 0.02903797 
0.163319 0.7505673 0.08611366 
0.04988252 0.8911136 0.05900387 
0.1752325 0.7652832 0.05948426 
0.1506667 0.8129765 0.03635679 
0.20394 0.7471259 0.04893415 
0.1794782 0.7491294 0.07139241 
0.130658 0.8334262 0.03591583 
0.1254527 0.8349528 0.03959444 
0.1469877 0.7853291 0.0676832 
0.1426896 0.8141255 0.04318488 
0.1075612 0.7892628 0.1031759 
0.1207921 0.8492889 0.02991902 
0.08715211 0.8445381 0.06830983 
0.1299869 0.7840296 0.08598345 
0.09360869 0.8370421 0.06934924 
0.1473986 0.7649004 0.08770097 
0.1371271 0.8230744 0.03979844 
0.1379885 0.8174248 0.04458677 
0.1108663 0.8344092 0.05472443 
0.121673 0.8236222 0.05470477 
0.122032 0.7975948 0.08037321 
0.1621367 0.8057909 0.03207245 
0.113043 0.8115079 0.07544909 
0.1294127 0.8188291 0.05175822 
0.101624 0.8220021 0.07637389 
0.09279882 0.8191852 0.08801597 
0.1524256 0.7505891 0.09698525 
0.06925309 0.8799293 0.05081757 
0.1771809 0.7341585 0.08866067 
0.1931387 0.7458318 0.06102941 
0.1446849 0.8237287 0.03158644 
0.09929931 0.8269222 0.07377852 
0.1182329 0.8231363 0.05863084 
0.1641709 0.8030418 0.0327873 
0.1518488 0.7706046 0.07754659 
0.1137329 0.8375605 0.04870655 
0.1173158 0.8552149 0.02746928 
0.1806326 0.7589316 0.06043584 
0.1186753 0.8108867 0.07043802 
0.0588202 0.8887945 0.05238531 
0.1586654 0.7811825 0.06015212 
0.1428873 0.7400458 0.117067 
0.1171854 0.8275839 0.05523065 
0.1313668 0.8096321 0.05900105 
0.1115073 0.8122868 0.07620589 
0.1729829 0.7778158 0.04920126 
0.1112974 0.8179536 0.07074902 
0.1061676 0.8208061 0.07302631 
0.1396451 0.8288225 0.03153245 
0.1041501 0.8089082 0.08694167 
0.1640284 0.7648165 0.07115519 
0.1007504 0.8454819 0.05376774 
0.1585571 0.8080254 0.03341747 
0.1870653 0.7640294 0.04890525 
0.1775109 0.7625261 0.05996297 
0.1044219 0.8171733 0.07840478 
0.1134277 0.8461656 0.04040672 
0.1262475 0.8560631 0.0176894 
0.1170094 0.8021607 0.08082984 
0.1369924 0.8209257 0.04208196 
0.09546022 0.790725 0.1138147 
0.1389486 0.8127262 0.04832525 
0.1427429 0.776841 0.08041605 
0.09615278 0.7768628 0.1269844 
0.1028096 0.8604223 0.03676814 
0.1698951 0.7663373 0.06376759 
0.1274902 0.8330663 0.03944347 
0.1216501 0.8283926 0.04995727 
0.2432485 0.6906199 0.06613158 
0.105618 0.8314289 0.0629531 
0.104113 0.7912186 0.1046683 
0.1464998 0.8035827 0.0499175 
0.1570554 0.7811723 0.0617722 
0.115655 0.8033046 0.08104043 
0.1260154 0.83528 0.03870461 
0.1210679 0.7855769 0.09335516 
0.1469242 0.7727525 0.08032326 
0.127092 0.8130841 0.05982391 
0.07429648 0.8294459 0.09625757 
0.09607732 0.8298141 0.07410855 
0.09429845 0.8425631 0.06313844 
0.1492106 0.8193555 0.03143388 
0.1904997 0.7140816 0.09541869 
0.1199915 0.8178462 0.06216235 
0.1423764 0.8005271 0.05709658 
0.1601724 0.7839496 0.055878 
0.1233974 0.7918497 0.08475287 
0.113968 0.8635984 0.02243363 
0.1274372 0.7978366 0.07472619 
0.159674 0.7752081 0.0651179 
0.1228576 0.8342234 0.04291896 
0.1666124 0.7836883 0.04969921 
0.1264695 0.8263912 0.04713929 
0.1445376 0.8067628 0.04869956 
0.1253294 0.8054312 0.06923939 
0.1215521 0.8040251 0.07442278 
0.1491476 0.7844321 0.06642026 
0.1316071 0.8228515 0.04554139 
0.1429763 0.7706662 0.08635751 
0.1512507 0.7528212 0.0959281 
0.2112213 0.7421268 0.04665182 
0.1259328 0.8268467 0.04722055 
0.08626884 0.8190472 0.09468399 
0.1648959 0.7765088 0.05859534 
0.1149199 0.8122275 0.07285258 
0.1712572 0.7285518 0.100191 
0.1010856 0.8716493 0.0272651 
0.1396326 0.7904778 0.06988967 
0.1438505 0.7931048 0.06304474 
0.1705941 0.781041 0.04836486 
0.1512621 0.7730077 0.07573024 
0.1212528 0.8168104 0.0619368 
0.1492653 0.8284977 0.02223698 
0.1471656 0.7942385 0.05859585 
0.1664829 0.7604469 0.07307023 
0.1126074 0.8271463 0.06024632 
0.1673088 0.720121 0.1125702 
0.1133777 0.7916019 0.09502036 
0.08094034 0.7843907 0.1346689 
0.1388869 0.8036401 0.05747296 
0.1244522 0.8160204 0.05952735 
0.1265296 0.820385 0.05308538 
0.08940426 0.8407583 0.06983744 
0.1085827 0.8561135 0.03530389 
0.1771288 0.8188912 0.003980023 
0.1770674 0.8215454 0.001387186 
0.1966553 0.7846162 0.01872853 
0.1607003 0.8185621 0.02073755 
0.124259 0.837574 0.038167 
0.2371597 0.7570827 0.005757587 
0.168557 0.8292955 0.002147478 
0.2278053 0.7437384 0.02845634 
0.1472539 0.7939447 0.05880146 
0.1320766 0.8590031 0.008920332 
0.07274536 0.8305197 0.09673493 
0.1143279 0.8136146 0.07205746 
0.1187644 0.7410727 0.1401629 
0.09366888 0.8656644 0.04066671 
0.129302 0.8540381 0.01665993 
0.1423367 0.7989996 0.05866372 
0.179016 0.7707215 0.05026252 
0.1540657 0.7749373 0.07099706 
0.1665521 0.799968 0.03347988 
0.1573199 0.7915732 0.05110696 
0.1591341 0.7426873 0.09817857 
0.0744703 0.7876703 0.1378594 
0.09930451 0.8450685 0.05562694 
0.07924525 0.7887818 0.1319729 
0.2041981 0.7391747 0.05662728 
0.1176078 0.8252925 0.05709966 
0.0986591 0.8086815 0.09265942 
0.1568545 0.8021445 0.04100104 
0.1005567 0.8732151 0.02622818 
0.08881175 0.8337965 0.07739173 
0.1171739 0.8588073 0.02401876 
0.1474961 0.8104078 0.04209609 
0.08097068 0.8915771 0.02745226 
0.1382823 0.8188805 0.04283723 
0.1137866 0.8473557 0.03885769 
0.1379802 0.8277554 0.03426441 
0.1770774 0.7782891 0.04463356 
0.1324963 0.799322 0.06818171 
0.1012675 0.850048 0.04868458 
0.1090455 0.7708288 0.1201257 
0.1147103 0.8530632 0.03222649 
0.1973198 0.7340885 0.06859164 
0.1188194 0.802991 0.07818965 
0.08607897 0.8265424 0.08737866 
0.106594 0.7573791 0.136027 
0.1479296 0.823431 0.02863933 
0.1912347 0.7430376 0.06572772 
0.1795705 0.7942337 0.02619576 
0.1494231 0.7907403 0.0598366 
0.1985896 0.7276976 0.07371276 
0.1775938 0.740606 0.08180016 
0.06452973 0.8676401 0.06783016 
0.1386432 0.7725071 0.08884977 
0.1614039 0.7900797 0.04851641 
0.120065 0.8378284 0.0421067 
0.2010485 0.7360908 0.06286077 
0.07737499 0.874802 0.04782297 
0.1247407 0.8095696 0.06568968 
0.1688543 0.7796421 0.05150358 
0.141094 0.8195968 0.0393092 
0.09192981 0.8291174 0.07895284 
0.1241652 0.7728686 0.1029661 
0.1234259 0.7823873 0.09418684 
0.1133164 0.8045559 0.08212772 
0.1187162 0.8019689 0.07931498 
0.1902082 0.7529684 0.05682341 
0.1572515 0.7554666 0.08728194 
0.1816192 0.7640538 0.05432705 
0.1087207 0.826116 0.06516323 
0.1488416 0.8059029 0.04525551 
0.09988665 0.8796424 0.02047092 
0.1375434 0.7923489 0.07010764 
0.08597288 0.8798673 0.03415986 
0.1185333 0.8165287 0.06493795 
0.1366812 0.7641881 0.09913064 
0.1251636 0.826031 0.0488054 
0.1591442 0.7742757 0.06658008 
0.1045379 0.8478852 0.0475769 
0.1651089 0.7672922 0.06759899 
0.1326989 0.7846216 0.0826795 
0.1149099 0.8067485 0.07834159 
0.120301 0.8122993 0.06739971 
0.1013759 0.7964986 0.1021255 
0.2186121 0.6863017 0.09508612 
0.174384 0.7193392 0.1062768 
0.1635504 0.7938963 0.04255328 
0.133649 0.8140544 0.05229662 
0.09956293 0.8709061 0.02953095 
0.1353925 0.8252552 0.03935234 
0.1091896 0.844032 0.04677843 
0.1280375 0.7988675 0.07309505 
0.1012977 0.845075 0.05362729 
0.1148639 0.8283963 0.05673978 
0.1050756 0.8370045 0.05791991 
0.1398833 0.798203 0.06191364 
0.1243278 0.836378 0.03929425 
0.08799456 0.851218 0.0607874 
0.141082 0.8030155 0.05590252 
0.1361983 0.834925 0.02887662 
0.1352695 0.7853017 0.07942881 
0.09994815 0.7617347 0.1383171 
0.1090192 0.8766208 0.01436001 
0.0929603 0.8433886 0.06365106 
0.179784 0.8053572 0.01485878 
0.1045745 0.8496435 0.04578197 
0.06577 0.8774124 0.0568176 
0.1962082 0.769292 0.03449981 
0.128648 0.780835 0.09051697 
0.08327998 0.8078921 0.1088279 
0.1642207 0.7853067 0.05047256 
0.1476332 0.8020311 0.05033573 
0.1427676 0.800711 0.05652138 
0.09695495 0.8420751 0.06096997 
0.08667237 0.8861305 0.02719717 
0.1268698 0.8125132 0.06061699 
0.07233091 0.8643156 0.06335348 
0.1426734 0.8302771 0.02704953 
0.1685426 0.7685488 0.06290856 
0.1091801 0.8513046 0.0395153 
0.128463 0.8432592 0.02827782 
0.1166679 0.8406805 0.04265165 
0.05785663 0.8775442 0.06459915 
0.1309813 0.8102301 0.05878854 
0.1199323 0.7783218 0.1017459 
0.08775016 0.7344963 0.1777536 
0.090901 0.8408818 0.06821721 
0.1077872 0.8276187 0.06459413 
0.1726311 0.7527772 0.07459177 
0.1344985 0.8316327 0.03386882 
0.1170436 0.8314366 0.05151982 
0.1555554 0.7841753 0.06026931 
0.09185944 0.8603013 0.04783924 
0.1557946 0.8176398 0.0265656 
0.1140573 0.8522913 0.03365139 
0.1621335 0.7567815 0.081085 
0.1549512 0.7469834 0.09806544 
0.1405147 0.7952579 0.06422739 
0.173328 0.7591174 0.06755457 
0.132827 0.8306084 0.03656459 
0.1266823 0.8204409 0.05287685 
0.07010545 0.89918 0.03071451 
0.1027928 0.8353341 0.0618731 
0.1127149 0.8223386 0.06494655 
0.1327916 0.7924911 0.07471731 
0.1166253 0.8362344 0.04714029 
0.1483824 0.8096679 0.04194971 
0.1431394 0.7693121 0.08754852 
0.1050678 0.8413847 0.05354759 
0.1243364 0.7869427 0.08872086 
0.1498326 0.8054801 0.04468735 
0.1803538 0.7739689 0.04567726 
0.1593024 0.8078007 0.03289695 
0.1630237 0.8153887 0.02158755 
0.2043415 0.7602894 0.03536907 
0.09362679 0.859376 0.04699716 
0.1331202 0.8149295 0.0519503 
0.1337061 0.8310305 0.0352634 
0.1452279 0.8101699 0.04460219 
0.08800387 0.8359696 0.07602656 
0.152539 0.7805015 0.06695944 
0.1335587 0.8104999 0.0559414 
0.1411217 0.828297 0.03058133 
0.096922 0.8505111 0.05256688 
0.1541021 0.8081967 0.03770128 
0.08797331 0.8590154 0.05301133 
0.1878135 0.7775545 0.03463201 
0.1210134 0.8072898 0.07169677 
0.2017866 0.733364 0.06484941 
0.1799167 0.7784443 0.04163905 
0.2136142 0.7650449 0.02134087 
0.2920842 0.7074916 0.0004242351 
0.146256 0.8207947 0.03294926 
0.1285474 0.8364576 0.03499497 
0.1023159 0.8347896 0.06289442 
0.1617003 0.7630672 0.07523247 
0.117009 0.8270312 0.05595987 
0.1623441 0.7895604 0.04809541 
0.0754072 0.9008472 0.02374565 
0.1306433 0.8103083 0.05904849 
0.1945942 0.7312112 0.07419457 
0.1806083 0.7780939 0.04129773 
0.1198683 0.805645 0.07448673 
0.194461 0.7347934 0.07074557 
0.1385248 0.7967064 0.06476875 
0.102261 0.8526421 0.0450969 
0.1706882 0.7714814 0.05783037 
0.1755608 0.7756631 0.04877614 
0.1430445 0.7913883 0.06556721 
0.1748283 0.7976446 0.02752705 
0.1012033 0.8552237 0.04357301 
0.1345507 0.818247 0.04720223 
0.1814433 0.774014 0.04454264 
0.1499054 0.8104687 0.03962593 
0.1542412 0.7581697 0.08758911 
0.1614397 0.7925074 0.04605283 
0.1290689 0.7970075 0.07392367 
0.1094151 0.8648612 0.02572365 
0.09342693 0.868959 0.03761408 
0.1581986 0.7978194 0.043982 
0.1766593 0.7865878 0.03675288 
0.1744522 0.7711348 0.05441302 
0.06961295 0.8823482 0.04803886 
0.08358105 0.8728585 0.04356046 
0.1160323 0.8231465 0.06082113 
0.07306203 0.8504436 0.07649437 
0.156427 0.776476 0.06709701 
0.1549332 0.7405446 0.1045222 
0.1944349 0.7527295 0.05283562 
0.1175559 0.8250847 0.05735941 
0.2145647 0.7511838 0.03425152 
0.0817452 0.8708889 0.04736592 
0.1329509 0.8305871 0.03646193 
0.133818 0.8272529 0.03892909 
0.07948604 0.8188404 0.1016735 
0.1196497 0.8209593 0.05939101 
0.09673825 0.8280736 0.07518819 
0.1261585 0.820362 0.05347951 
0.124324 0.815172 0.06050393 
0.1297808 0.8120932 0.05812598 
0.1590148 0.8068941 0.03409112 
0.1270219 0.8193994 0.05357869 
0.1939569 0.7767552 0.02928798 
0.1575272 0.8059236 0.03654922 
0.1254521 0.806654 0.0678939 
0.1194551 0.8239641 0.05658085 
0.1216122 0.8171617 0.0612261 
0.1664633 0.7029896 0.1305471 
0.2006882 0.751688 0.04762383 
0.1361274 0.8310295 0.03284305 
0.1445332 0.8414849 0.01398185 
0.1095279 0.834991 0.05548107 
0.1513418 0.7802745 0.06838365 
0.161475 0.7663161 0.07220884 
0.1792364 0.7510028 0.0697608 
0.1130659 0.8244317 0.06250235 
0.1213924 0.7374133 0.1411943 
0.137113 0.7947785 0.06810846 
0.1253634 0.7770709 0.0975657 
0.102563 0.8544009 0.04303618 
0.08060841 0.846261 0.07313061 
0.1207846 0.8307064 0.048509 
0.1080022 0.832026 0.05997185 
0.1204586 0.8298775 0.0496639 
0.1109961 0.8299137 0.05909015 
0.1907513 0.7117103 0.09753844 
0.09423225 0.8743511 0.03141667 
0.1194939 0.8261371 0.05436907 
0.1054751 0.7751392 0.1193856 
0.1469416 0.7282376 0.1248209 
0.06829537 0.8552709 0.07643372 
0.1224779 0.8189129 0.05860921 
0.139391 0.793781 0.06682793 
0.215399 0.7236756 0.06092536 
0.1290264 0.8087735 0.06220013 
0.1537396 0.7998015 0.04645884 
0.1478197 0.7998837 0.05229655 
0.1552108 0.7709088 0.07388038 
0.118485 0.7825943 0.09892071 
0.1176566 0.8283393 0.05400411 
0.1064117 0.7436085 0.1499799 
0.118041 0.8124311 0.06952785 
0.1774453 0.758719 0.06383568 
0.0777875 0.8867157 0.0354968 
0.1071497 0.8157121 0.07713826 
0.1491325 0.7636575 0.08720996 
0.1098557 0.8599336 0.03021062 
0.2206008 0.726604 0.0527952 
0.1407544 0.7839766 0.07526902 
0.1293809 0.8144519 0.05616718 
0.1593447 0.7729797 0.06767555 
0.1567493 0.7841379 0.05911284 
0.124326 0.8493805 0.02629349 
0.1357244 0.7756742 0.08860141 
0.09241741 0.8772501 0.03033249 
0.1345909 0.8078488 0.05756032 
0.1847901 0.7393294 0.07588053 
0.135022 0.7712931 0.09368486 
0.1623305 0.7488962 0.08877331 
0.1896112 0.7579323 0.05245653 
0.1313217 0.8430334 0.02564484 
0.1428229 0.8079499 0.04922721 
0.1349602 0.8127373 0.05230249 
0.2173655 0.7420136 0.04062084 
0.1115653 0.837124 0.05131073 
0.1135291 0.8139736 0.07249729 
0.1359539 0.8230022 0.04104391 
0.1444648 0.8197202 0.03581498 
0.1240716 0.8275511 0.04837731 
0.1110758 0.8081103 0.0808139 
0.2240841 0.762668 0.01324797 
0.2361127 0.7339964 0.0298909 
0.23194 0.7535328 0.01452716 
0.1258773 0.8209236 0.05319909 
0.138782 0.7917424 0.06947553 
0.08349555 0.8281601 0.08834438 
0.1234517 0.7940523 0.08249597 
0.05895616 0.9038149 0.03722896 
0.1419367 0.7926644 0.06539893 
0.1889631 0.7609391 0.05009785 
0.2238164 0.6482688 0.1279148 
0.1095613 0.827528 0.06291068 
0.1647358 0.8010727 0.03419153 
0.1627514 0.7957011 0.04154749 
0.1205985 0.8057125 0.07368903 
0.09615185 0.8273126 0.07653554 
0.1058432 0.8315662 0.06259051 
0.1565609 0.7756572 0.06778185 
0.1703825 0.7853794 0.0442381 
0.1692756 0.7169888 0.1137356 
0.1744187 0.768441 0.05714028 
0.1340483 0.7820537 0.083898 
0.1597141 0.7777869 0.06249895 
0.1172414 0.852331 0.03042762 
0.155958 0.8171692 0.0268728 
0.1207176 0.8141886 0.06509378 
0.1867509 0.7581827 0.05506638 
0.1490391 0.7413605 0.1096004 
0.1733088 0.7928731 0.03381805 
0.1303551 0.810856 0.05878894 
0.1897566 0.7681368 0.04210661 
0.114043 0.8217618 0.06419523 
0.130214 0.8226107 0.04717523 
0.1232174 0.8288306 0.04795198 
0.1126584 0.8383971 0.04894455 
0.1165395 0.8083838 0.0750767 
0.1318682 0.8051785 0.06295338 
0.1214575 0.8263595 0.05218302 
0.1832568 0.7540634 0.0626798 
0.1538523 0.7916113 0.05453636 
0.1851013 0.7523574 0.06254133 
0.08962935 0.8367733 0.07359739 
0.1713339 0.787932 0.04073412 
0.1841776 0.7545649 0.06125744 
0.149524 0.786923 0.06355298 
0.1518843 0.8061773 0.04193845 
0.1035181 0.8680691 0.02841273 
0.2067305 0.7332005 0.06006902 
0.170071 0.7814611 0.04846784 
0.1154894 0.85362 0.03089057 
0.1321431 0.7977941 0.07006283 
0.1504092 0.7739982 0.07559262 
0.1548014 0.8008607 0.04433785 
0.1090627 0.8486008 0.04233657 
0.2148435 0.7405436 0.04461288 
0.1329796 0.8251827 0.04183765 
0.1221911 0.8054462 0.07236272 
0.1412223 0.8229113 0.03586642 
0.1384738 0.8260767 0.03544953 
0.1356091 0.7597795 0.1046115 
0.1273206 0.8403493 0.03233006 
0.1281283 0.7919479 0.07992382 
0.1153885 0.8196943 0.06491711 
0.1229579 0.7621848 0.1148573 
0.1191482 0.814981 0.06587081 
0.1409861 0.7772267 0.08178722 
0.1214219 0.8215807 0.05699736 
0.1219944 0.8392513 0.0387543 
0.1351331 0.8197546 0.04511227 
0.2121907 0.7179263 0.06988304 
0.16609 0.767443 0.06646693 
0.164681 0.7901442 0.0451748 
0.1876751 0.729077 0.08324785 
0.0964696 0.8490807 0.0544497 
0.1501833 0.7806861 0.0691306 
0.1958198 0.7519817 0.05219848 
0.1242057 0.8148354 0.06095887 
0.09453872 0.8231496 0.08231164 
0.08389827 0.8522098 0.06389191 
0.19534 0.7239451 0.08071492 
0.1199945 0.8228492 0.05715637 
0.1870905 0.7794288 0.03348074 
0.1560638 0.8075401 0.0363961 
0.1685323 0.7798075 0.05166021 
0.0904761 0.7950218 0.1145021 
0.1217082 0.8577576 0.02053427 
0.1442103 0.8079603 0.0478293 
0.1730086 0.753656 0.07333534 
0.1779885 0.7557111 0.06630044 
0.1439695 0.7883795 0.06765097 
0.07844189 0.81044 0.1111181 
0.166318 0.8056613 0.02802067 
0.1041725 0.8531135 0.042714 
0.1419371 0.8559131 0.002149783 
0.1055007 0.8404192 0.05408005 
0.1077154 0.8131763 0.07910831 
0.1130679 0.8286715 0.05826062 
0.1756328 0.7764144 0.04795283 
0.1167147 0.8019804 0.0813049 
0.0998951 0.8579719 0.04213299 
0.1080572 0.8054528 0.08648999 
0.1802473 0.7823556 0.03739713 
0.1854664 0.7914309 0.02310267 
0.08460723 0.8900473 0.02534543 
0.1238518 0.7825886 0.09355961 
0.1254311 0.8264442 0.04812469 
0.1581657 0.8147715 0.02706273 
0.2068325 0.7577534 0.03541412 
0.1270231 0.8237628 0.04921411 
0.09582825 0.8054659 0.09870581 
0.1357274 0.831254 0.0330186 
0.1867942 0.7621378 0.05106801 
0.1024501 0.832759 0.06479088 
0.1126125 0.8228617 0.06452576 
0.09304648 0.8233502 0.08360334 
0.1242765 0.8156788 0.06004472 
0.1551802 0.7904516 0.05436822 
0.1019739 0.8451406 0.05288549 
0.1703361 0.758747 0.07091687 
0.1633185 0.7778834 0.05879816 
0.1150318 0.8225165 0.0624517 
0.1494906 0.7951078 0.05540154 
0.12145 0.8301655 0.04838451 
0.08996543 0.8786711 0.03136347 
0.1731413 0.7946631 0.03219558 
0.08488449 0.8562089 0.05890662 
0.1355145 0.8345223 0.02996322 
0.1409536 0.8222397 0.03680671 
0.09345438 0.8570665 0.04947908 
0.08370662 0.8490491 0.06724429 
0.1783889 0.7413477 0.08026339 
0.1219829 0.820846 0.05717106 
0.164773 0.7684273 0.06679971 
0.1547677 0.7954425 0.04978976 
0.1790618 0.7914103 0.02952792 
0.1736663 0.7740457 0.05228806 
0.1232364 0.8066127 0.07015087 
0.09192516 0.8322551 0.07581974 
0.1645362 0.7719605 0.06350325 
0.2098676 0.7453161 0.04481632 
0.1165764 0.7876426 0.09578098 
0.1396241 0.8362025 0.02417345 
0.1711625 0.8080956 0.02074191 
0.1053217 0.8430742 0.05160408 
0.1395969 0.7666083 0.09379477 
0.1517852 0.811841 0.03637383 
0.1413175 0.8017329 0.05694964 
0.1300343 0.783187 0.08677867 
0.2152221 0.7353371 0.0494408 
0.1302322 0.8250931 0.04467463 
0.1011875 0.8658867 0.03292584 
0.1533341 0.7757464 0.07091952 
0.1398608 0.8160696 0.04406958 
0.08405215 0.8615434 0.05440441 
0.1031728 0.8739078 0.02291938 
0.1481761 0.7656936 0.08613029 
0.09034302 0.8623469 0.04731004 
0.1479025 0.799902 0.05219546 
0.09673205 0.8575518 0.04571618 
0.1563914 0.7976215 0.04598717 
0.1365493 0.7884668 0.07498387 
0.1269619 0.8081448 0.06489325 
0.1352835 0.8273993 0.03731715 
0.1138713 0.8481931 0.03793559 
0.1567249 0.8008033 0.04247182 
0.1526396 0.7899519 0.0574085 
0.1283091 0.7936238 0.07806707 
0.1809203 0.7481116 0.07096814 
0.1197417 0.8242374 0.0560209 
0.1503224 0.8174738 0.03220374 
0.2010828 0.7675906 0.03132653 
0.1560106 0.7768234 0.06716594 
0.1184414 0.8464063 0.0351523 
0.1219383 0.8480237 0.03003805 
0.1298214 0.7998815 0.07029715 
0.09149994 0.8394454 0.06905461 
0.1097646 0.7964497 0.0937857 
0.1879452 0.755181 0.05687384 
0.148839 0.751061 0.1001 
0.1169658 0.8265732 0.056461 
0.1130136 0.8394224 0.04756397 
0.1435306 0.8178121 0.03865726 
0.1182935 0.8189401 0.06276642 
0.09430111 0.862331 0.04336785 
0.1633887 0.8200564 0.01655485 
0.1235971 0.8219983 0.05440469 
0.1226072 0.8161659 0.06122693 
0.1251345 0.822407 0.05245853 
0.118864 0.8393336 0.04180238 
0.1018819 0.863938 0.03418007 
0.1640901 0.7771828 0.05872706 
0.1478928 0.8151631 0.03694411 
0.1234426 0.7958289 0.08072849 
0.09219359 0.8393646 0.06844184 
0.1112587 0.8538514 0.03488986 
0.1050552 0.8802297 0.01471517 
0.1598293 0.7627092 0.07746151 
0.1538523 0.8048956 0.04125211 
0.1808356 0.7730712 0.04609314 
0.1506591 0.7625935 0.08674743 
0.07907699 0.8771434 0.04377961 
0.131437 0.7797596 0.08880341 
0.1989115 0.7332733 0.06781529 
0.137808 0.7840785 0.0781135 
0.2669803 0.7163821 0.01663753 
0.2733215 0.7228436 0.003834857 
0.1585351 0.7684187 0.07304617 
0.1014363 0.8305028 0.06806094 
0.1392942 0.7769329 0.08377295 
0.1340319 0.794817 0.07115115 
0.09419247 0.8802227 0.02558487 
0.1097332 0.809303 0.08096382 
0.1430645 0.8249866 0.03194889 
0.07524649 0.8665124 0.05824111 
0.1378992 0.8050638 0.057037 
0.08767457 0.7799988 0.1323266 
0.1079218 0.8301529 0.06192533 
0.1818699 0.7572436 0.06088655 
0.1303264 0.8109079 0.05876569 
0.1052154 0.8487362 0.0460484 
0.1329803 0.8400693 0.02695035 
0.1759213 0.7879272 0.03615151 
0.08652048 0.8656887 0.04779082 
0.08993154 0.7852358 0.1248326 
0.1535645 0.8001187 0.04631683 
0.1105739 0.8560357 0.03339034 
0.1117811 0.8616281 0.02659076 
0.1453887 0.8165338 0.03807756 
0.1179558 0.8212457 0.06079858 
0.1568818 0.7909311 0.05218709 
0.1343206 0.7439603 0.1217191 
0.1159964 0.8542471 0.02975644 
0.1229484 0.7860161 0.09103548 
0.1033304 0.8122017 0.08446796 
0.0786194 0.8341976 0.08718297 
0.1106072 0.8391569 0.05023596 
0.1846572 0.7710067 0.04433612 
0.1890274 0.7805684 0.03040425 
0.1318921 0.8126063 0.05550166 
0.2013955 0.7049414 0.09366311 
0.09753356 0.889294 0.01317248 
0.1089676 0.8187169 0.0723155 
0.1187183 0.8128602 0.06842154 
0.1423661 0.8385959 0.01903805 
0.142146 0.7576717 0.1001824 
0.2240271 0.7294459 0.04652699 
0.1442457 0.8004227 0.0553315 
0.1891369 0.6811572 0.1297059 
0.1283096 0.8166141 0.05507631 
0.1344825 0.7966359 0.0688816 
0.1011017 0.8454106 0.05348765 
0.0996338 0.8763386 0.02402761 
0.1029218 0.8535775 0.04350069 
0.1328539 0.7938731 0.07327299 
0.1752979 0.7565949 0.06810713 
0.2378342 0.7029938 0.05917201 
0.1095279 0.8481495 0.04232258 
0.1771137 0.7985033 0.02438299 
0.123492 0.8370435 0.0394645 
0.1849251 0.7720945 0.0429803 
0.2046296 0.730474 0.06489644 
0.09760076 0.8327054 0.06969381 
0.1298098 0.8201618 0.05002837 
0.136228 0.8224764 0.04129556 
0.128135 0.8304599 0.04140515 
0.1817625 0.7250685 0.09316903 
0.1278014 0.8121729 0.06002568 
0.09195774 0.8128179 0.09522431 
0.1374571 0.8071255 0.05541745 
0.1591606 0.7495373 0.09130203 
0.1191927 0.8195891 0.06121814 
0.1642316 0.7618731 0.07389533 
0.1602852 0.8070298 0.03268499 
0.1057963 0.8378063 0.05639737 
0.1514398 0.7909855 0.05757479 
0.176132 0.7305606 0.09330743 
0.1151059 0.8613285 0.02356562 
0.1025424 0.8504695 0.04698813 
0.1498419 0.7738337 0.07632439 
0.1774658 0.7475752 0.074959 
0.1200929 0.7965404 0.08336671 
0.1187606 0.8123806 0.06885878 
0.1534361 0.763823 0.08274092 
0.1530625 0.7872093 0.05972815 
0.09377112 0.8062793 0.09994959 
0.1564772 0.7965701 0.0469527 
0.2164715 0.7346824 0.04884612 
0.1017509 0.8246414 0.07360764 
0.1197399 0.8523779 0.02788221 
0.1502828 0.8016511 0.04806614 
0.1585809 0.7877085 0.05371062 
0.1010814 0.8351688 0.06374978 
0.1148067 0.7928288 0.09236451 
0.09308411 0.7996402 0.1072757 
0.06567894 0.8645217 0.06979932 
0.1523302 0.7906049 0.05706489 
0.1522468 0.7681172 0.07963596 
0.1619182 0.7631311 0.07495074 
0.1418803 0.7496613 0.1084584 
0.170358 0.7843858 0.04525619 
