"p_1" "p_2" "p_3" "p_4"
0.06516685 0.001246537 0.7780027 0.1555839
0.04274512 0.003917405 0.7902323 0.1631051
0.06028089 2.786511e-06 0.7854705 0.1542458
0.0566017 0.0004675289 0.7600255 0.1829053
0.04796712 0.0003919102 0.7749601 0.1766808
0.04929631 0.0036024 0.7808699 0.1662314
0.05546725 0.0009499786 0.775593 0.1679898
0.04808612 9.818584e-05 0.778638 0.1731777
0.04938759 0.001970161 0.7840616 0.1645807
0.05469531 0.004475436 0.7849289 0.1559003
0.06772783 0.0007380858 0.7710068 0.1605273
0.05584066 0.002166138 0.780184 0.1618092
0.05275735 0.0001095232 0.7663042 0.1808289
0.05331525 0.004861282 0.7680217 0.1738017
0.03802727 0.01776437 0.8075683 0.13664
0.05159587 0.01868361 0.777938 0.1517825
0.05445429 0.002144343 0.7978268 0.1455746
0.05625744 0.0004421429 0.7745498 0.1687506
0.04202886 0.00303448 0.7989078 0.1560289
0.06410999 4.483457e-05 0.7814901 0.1543551
0.06670691 0.001176379 0.7796755 0.1524412
0.0501351 0.0005368577 0.7762285 0.1730995
0.05010419 0.003239541 0.7791804 0.1674759
0.04815484 0.002855187 0.7882627 0.1607273
0.05017166 0.0005922295 0.7680469 0.1811892
0.0579618 0.0001679795 0.7737369 0.1681334
0.06276116 0.00118757 0.7632384 0.1728129
0.05659414 0.0008495135 0.7760781 0.1664782
0.05059653 0.002057386 0.7955797 0.1517664
0.04655604 0.003599735 0.78514 0.1647042
0.04713906 0.003669884 0.7826051 0.166586
0.04722721 0.0001236719 0.7973011 0.155348
0.06557429 0.001039409 0.7774078 0.1559785
0.05071989 0.0002401719 0.8099801 0.1390598
0.05694353 0.0007154083 0.7577733 0.1845677
0.04783624 0.0009768676 0.7801434 0.1710435
0.05416283 0.0101172 0.7837712 0.1519488
0.04500555 8.943411e-05 0.7956928 0.1592123
0.05233512 0.0005689139 0.7934928 0.1536031
0.05280572 0.001270324 0.7760829 0.1698411
0.05344867 0.000260026 0.7750099 0.1712814
0.04040096 0.01323888 0.7918177 0.1545424
0.05065883 0.002129168 0.7792719 0.1679401
0.03691976 0.004934739 0.7962884 0.1618571
0.05419996 0.009581449 0.7640949 0.1721236
0.05408006 0.001855751 0.7800074 0.1640568
0.05576982 0.0007276971 0.7733248 0.1701777
0.06248184 0.004417522 0.7645915 0.1685091
0.04470515 0.004493454 0.783674 0.1671274
0.04208708 0.000154956 0.8047167 0.1530412
0.05053977 0.0004314208 0.8034865 0.1455423
0.0441305 0.00313595 0.8141021 0.1386314
0.04673949 0.004128266 0.7884231 0.1607091
0.05754559 0.00402722 0.7856608 0.1527664
0.038365 0.00368398 0.7782904 0.1796607
0.05804829 0.003133516 0.7726526 0.1661656
0.06869826 0.006586349 0.7661337 0.1585817
0.06375383 0.002925485 0.7850757 0.148245
0.05855292 0.005707045 0.7882307 0.1475094
0.05056896 0.002063136 0.7849085 0.1624594
0.04765222 0.002383779 0.7938795 0.1560845
0.06293733 0.001664463 0.7862708 0.1491274
0.06380056 1.999733e-05 0.7734212 0.1627582
0.04597586 0.0008963601 0.7912736 0.1618541
0.04525747 0.0002931087 0.7882736 0.1661758
0.0594288 0.0015026 0.7608154 0.1782532
0.04123718 0.002094289 0.7715705 0.1850981
0.068906 0.0006310392 0.7728181 0.1576449
0.06187925 0.00628343 0.7718431 0.1599942
0.05878645 0.0004122416 0.7840994 0.1567019
0.05068049 0.001956473 0.7824722 0.1648908
0.05239532 0.0001671224 0.7597577 0.1876798
0.04583817 0.0004414967 0.800605 0.1531153
0.04756507 0.0004837005 0.7690822 0.182869
0.06549908 0.0002394013 0.7745033 0.1597582
0.04595037 1.131025e-05 0.7683774 0.1856609
0.06105632 0.001236069 0.7801151 0.1575925
0.04530217 0.0001994022 0.7861801 0.1683184
0.05101995 0.004618943 0.7910495 0.1533116
0.05106351 0.0008673627 0.7675671 0.180502
0.05330752 0.002324574 0.7781415 0.1662264
0.0589575 0.0001024562 0.7689879 0.1719521
0.05006263 0.001846011 0.7830017 0.1650897
0.0539518 0.0004501879 0.8013133 0.1442847
0.05647793 0.00337579 0.7870746 0.1530717
0.05239838 0.00399462 0.7913786 0.1522284
0.05407971 0.001196218 0.7775495 0.1671746
0.05429721 0.004729132 0.7729896 0.1679841
0.0473326 0.01286906 0.7827121 0.1570862
0.05248764 0.00373428 0.7684806 0.1752974
0.05428277 0.004254757 0.7833453 0.1581172
0.04781072 0.00584097 0.7878324 0.158516
0.06056353 0.0004577756 0.7722102 0.1667685
0.0598583 0.01228519 0.7847234 0.1431332
0.05516486 0.01584516 0.7974118 0.1315782
0.05687486 0.0001625425 0.7914527 0.1515099
0.05488212 0.0002906336 0.773466 0.1713612
0.05178175 0.001345997 0.7977649 0.1491073
0.05310418 0.0002529893 0.7824567 0.1641861
0.06054378 0.01060445 0.7765335 0.1523183
0.05001413 0.03525019 0.7973148 0.1174208
0.06603567 0.04461802 0.7635697 0.1257766
0.05586826 0.05878643 0.7768993 0.108446
0.06822242 0.04936767 0.7806656 0.1017443
0.05483733 0.05543029 0.7896105 0.1001218
0.04211969 0.03118514 0.7900496 0.1366456
0.06900718 0.02002868 0.761977 0.1489871
0.05588414 0.0104979 0.7751403 0.1584777
0.05084985 0.001157256 0.7887104 0.1592824
0.05285874 0.0004005171 0.7714347 0.175306
0.05082542 0.0002414427 0.7849514 0.1639817
0.06540321 0.000279021 0.7700774 0.1642404
0.05838196 0.002565854 0.7795648 0.1594874
0.04414523 0.0001642924 0.7747238 0.1809667
0.05415941 1.374613e-05 0.7841353 0.1616915
0.06084364 0.003546962 0.7821398 0.1534696
0.04653606 0.01655065 0.8037581 0.1331552
0.06014976 0.007077624 0.7656121 0.1671605
0.04916877 0.001244952 0.7882451 0.1613412
0.05690744 0.0008522554 0.7865255 0.1557148
0.05665613 0.002478057 0.7773812 0.1634846
0.04623658 0.002853863 0.7769345 0.173975
0.04774896 0.001810777 0.7795265 0.1709137
0.05043673 0.0003099386 0.7907389 0.1585144
0.04846719 0.002392428 0.7718533 0.1772871
0.05115704 0.001294597 0.7801409 0.1674075
0.05387037 0.001726743 0.7822932 0.1621097
0.05371327 0.0002414514 0.7738151 0.1722301
0.04033032 0.0001502004 0.7896878 0.1698317
0.04334924 0.0001159451 0.7748501 0.1816847
0.06130262 0.0007814453 0.7944009 0.1435151
0.04676254 0.001592277 0.7755022 0.176143
0.04893631 3.173463e-05 0.7758367 0.1751953
0.05074517 0.002286444 0.7883716 0.1585968
0.04924866 0.000436778 0.7698363 0.1804783
0.05554645 0.0005641943 0.7844273 0.1594621
0.0609825 0.007835328 0.7733064 0.1578758
0.04747641 0.004311298 0.7699752 0.1782371
0.05555101 0.006880677 0.7540655 0.1835028
0.06186776 0.0001982564 0.7717612 0.1661728
0.05742259 0.001407075 0.7823266 0.1588437
0.04388463 0.0004665268 0.7844592 0.1711896
0.0531022 0.002681204 0.7670119 0.1772047
0.04877452 0.0003390818 0.7669667 0.1839197
0.04878111 0.0008699905 0.7849835 0.1653654
0.03512222 0.003876854 0.7963959 0.1646051
0.05796543 0.001156955 0.7617869 0.1790907
0.05440542 0.0002200503 0.7983801 0.1469944
0.06106293 0.002107208 0.761689 0.1751408
0.05705484 0.002246899 0.7835603 0.157138
0.05095733 0.0001983194 0.7710318 0.1778126
0.05030143 0.002778 0.7833469 0.1635737
0.06830328 0.002850171 0.7757642 0.1530823
0.05868893 0.001960384 0.7855958 0.1537548
0.05499583 0.006635524 0.7640804 0.1742882
0.05087898 0.008007308 0.769798 0.1713157
0.05984441 0.0008245685 0.7984951 0.1408359
0.05515208 4.01107e-06 0.7801776 0.1646663
0.05410221 0.0001493269 0.7825432 0.1632053
0.04472039 0.0006765803 0.7882696 0.1663334
0.04161558 5.334697e-05 0.7871634 0.1711676
0.06327822 0.004844809 0.7629652 0.1689118
0.06318742 0.00282069 0.7594247 0.1745672
0.04825894 3.667348e-05 0.7874953 0.164209
0.05155028 0.003272525 0.7819881 0.1631891
0.0562007 0.0007370739 0.8066466 0.1364157
0.05800104 0.0007179348 0.7789996 0.1622814
0.05353394 0.001462963 0.7707895 0.1742136
0.05147801 0.001215225 0.7701715 0.1771353
0.05092591 0.001341874 0.764948 0.1827842
0.06113091 8.799241e-05 0.7722997 0.1664814
0.04163563 0.003896377 0.7828487 0.1716193
0.06221039 0.001552108 0.7656889 0.1705486
0.05356727 0.0007759993 0.7976352 0.1480216
0.0484445 0.001768682 0.782903 0.1668838
0.04939646 0.004350995 0.7830747 0.1631778
0.05095452 0.001089588 0.7747434 0.1732125
0.05365723 0.0006572672 0.7927311 0.1529544
0.06377307 0.002726053 0.7611378 0.172363
0.05324297 0.0002971119 0.7975576 0.1489024
0.04882201 0.0007553334 0.7609001 0.1895225
0.05915836 0.0008370948 0.7737618 0.1662428
0.04870413 0.0008548303 0.8038018 0.1466392
0.05119109 0.0009168116 0.7956099 0.1522822
0.05476014 0.0001878185 0.7956839 0.1493682
0.05534013 0.002743692 0.7778886 0.1640276
0.06435993 0.001926712 0.7722957 0.1614177
0.05694808 0.001369516 0.7752018 0.1664806
0.04538017 0.00345835 0.7930944 0.1580671
0.04985092 0.0001845624 0.7921694 0.1577951
0.04757264 0.001100813 0.7777224 0.1736041
0.05743577 0.0001422647 0.7777421 0.1646799
0.0604233 0.005370636 0.7785229 0.1556832
0.05285944 0.0001801588 0.7695414 0.177419
0.05476802 0.0035759 0.7672426 0.1744135
0.05410848 0.0003056841 0.790443 0.1551428
0.04245932 2.239814e-05 0.7863393 0.171179
0.04244325 0.002026282 0.7776583 0.1778722
0.04779304 0.00104784 0.7813579 0.1698012
0.05273511 0.003400506 0.7769996 0.1668648
0.03958089 0.001451718 0.7890181 0.1699493
0.05613928 0.001452836 0.7835081 0.1588998
0.06214263 2.896212e-05 0.7721375 0.1656909
0.04613471 0.001246575 0.7746259 0.1779929
0.06012213 0.03790345 0.7781158 0.1238586
0.04592921 0.0628674 0.774538 0.1166654
0.05402572 0.01797845 0.7659642 0.1620316
0.06151068 0.00877261 0.7855781 0.1441386
0.06170321 0.08418088 0.7531552 0.1009607
0.06441464 0.0488068 0.7702358 0.1165428
0.04651062 0.05024739 0.7783602 0.1248818
0.05715635 0.05157072 0.7753832 0.1158897
0.0419347 0.06560492 0.7797378 0.1127226
0.04362242 0.03710703 0.7793091 0.1399614
0.0581036 0.04220843 0.7709486 0.1287393
0.05124214 0.03639299 0.7841812 0.1281836
0.04686827 0.03794773 0.8015933 0.1135907
0.05116022 0.02071866 0.7914664 0.1366547
0.04968716 0.01698733 0.7764755 0.15685
0.05616478 0.01417616 0.7845501 0.145109
0.05356658 0.02554187 0.7897059 0.1311856
0.06156319 0.0366294 0.7598622 0.1419452
0.04858545 0.04273415 0.7789407 0.1297397
0.05328132 0.04615797 0.7795305 0.1210302
0.04918829 0.03800436 0.7852609 0.1275465
0.05479505 0.02563689 0.7925367 0.1270313
0.05237633 0.0007692777 0.7860032 0.1608511
0.05807046 0.001533706 0.7794545 0.1609414
0.04767546 0.001570441 0.7819432 0.1688109
0.05300662 5.165187e-05 0.7805171 0.1664247
0.04567426 0.0003259036 0.7901348 0.163865
0.04887114 0.008826868 0.7941289 0.1481731
0.05713024 4.91429e-06 0.7942892 0.1485757
0.04985798 0.002914957 0.763374 0.183853
0.0473746 0.005679236 0.7862095 0.1607366
0.05666714 0.0001851936 0.7839372 0.1592105
0.04794999 0.006784614 0.7802663 0.1649991
0.05796728 0.0003243525 0.7830452 0.1586632
0.06107052 0.0006037963 0.7736457 0.16468
0.05849083 0.0003311204 0.7708212 0.1703569
0.04763759 0.001632573 0.7752528 0.175477
0.0535784 0.001400447 0.7842544 0.1607667
0.04942173 0.005259392 0.7895743 0.1557446
0.04747087 0.0001051209 0.8011056 0.1513184
0.05584395 0.002119753 0.7924835 0.1495528
0.04500241 0.002157086 0.7837652 0.1690753
0.05466082 0.0002720352 0.7659747 0.1790925
0.05015768 0.0004491223 0.7663063 0.1830869
0.05672256 0.003050548 0.7824076 0.1578193
0.06468648 0.005974237 0.7803182 0.1490211
0.04189419 0.0004161161 0.7910578 0.1666319
0.05549374 2.720633e-05 0.7653227 0.1791564
0.04715714 0.004915147 0.7791754 0.1687523
0.06233003 0.001291487 0.7728151 0.1635634
0.05310656 0.001173317 0.7898772 0.1558429
0.05012408 0.00318493 0.7752847 0.1714063
0.06208528 5.672136e-05 0.7906755 0.1471825
0.05368835 0.0002246605 0.8004391 0.1456479
0.05285171 0.002581364 0.7666691 0.1778979
0.05947234 0.0002180929 0.7758682 0.1644414
0.057262 0.003917867 0.788021 0.1507992
0.05255176 0.001471617 0.7624075 0.1835691
0.04499971 0.003543025 0.8129336 0.1385237
0.06384784 0.0003822082 0.7677892 0.1679808
0.05313166 6.44676e-05 0.7824779 0.164326
0.04860372 0.0003589547 0.7818322 0.1692052
0.05100492 0.001598078 0.7956656 0.1517314
0.05418119 0.0003274433 0.7849862 0.1605052
0.06043092 0.0001858698 0.7818118 0.1575714
0.06007267 0.0005349725 0.765756 0.1736364
0.07003759 0.001817267 0.7734448 0.1547003
0.06074037 0.02824178 0.7649716 0.1460463
0.04865643 0.001274249 0.7892064 0.160863
0.0547309 0.004203858 0.7745246 0.1665406
0.04552777 0.0012972 0.8051455 0.1480295
0.05387325 0.0008984398 0.7886922 0.1565361
0.05766094 0.0009343742 0.7718992 0.1695055
0.05552646 0.001559075 0.7681122 0.1748022
0.06213804 0.002273397 0.7591355 0.1764531
0.04517705 0.004368347 0.7817055 0.1687491
0.05703698 0.0008909356 0.7871492 0.1549229
0.0544215 0.0002352382 0.7828304 0.1625129
0.05385985 0.0002456603 0.7677157 0.1781788
0.05600686 0.005111629 0.7817084 0.1571731
0.07262552 0.0008824417 0.7706208 0.1558713
0.05336449 0.0004671945 0.7698609 0.1763074
0.04916732 0.001116915 0.7864236 0.1632922
0.0530545 0.0002810725 0.7749983 0.1716661
0.0497828 0.002607162 0.7781664 0.1694436
0.04096238 0.002248186 0.812415 0.1443744
0.04747735 0.0005032765 0.7706509 0.1813685
0.04627609 0.001271143 0.801878 0.1505748
0.06499054 0.002503188 0.761275 0.1712313
0.04451716 0.001502743 0.7737004 0.1802797
0.05600576 8.750068e-05 0.7893307 0.1545761
0.0612392 0.002240446 0.770014 0.1665064
0.0580262 0.005503184 0.7867775 0.1496931
0.0558597 0.0008531245 0.7763576 0.1669296
0.05262156 0.001203386 0.758215 0.1879601
0.04382613 0.0001546088 0.801989 0.1540303
0.04810716 0.004796027 0.7796535 0.1674433
0.06222022 0.001148997 0.7810504 0.1555804
0.05380308 0.00134393 0.7664531 0.1783999
0.05333785 0.001306089 0.7852393 0.1601167
0.05471496 0.0001924784 0.7763951 0.1686974
0.0504594 0.006587312 0.7844435 0.1585098
0.0606471 0.0009133396 0.793106 0.1453335
0.05637669 0.0007161923 0.7890197 0.1538874
0.04911387 0.00223369 0.7994817 0.1491707
0.06621513 0.0002609389 0.7835369 0.149987
0.05488925 0.002156737 0.7682873 0.1746667
0.05492429 0.0005658842 0.7871255 0.1573843
0.05434121 0.002238267 0.7933436 0.1500769
0.05253976 0.001728178 0.7658075 0.1799245
0.04743924 0.0009338714 0.7847906 0.1668363
0.05812128 0.0004129749 0.7650902 0.1763755
0.05520345 0.0002701676 0.7678177 0.1767086
0.04396508 0.0001733381 0.7862214 0.1696402
0.04770052 0.005034829 0.7796067 0.1676579
0.05067333 0.00186917 0.7697574 0.1777001
0.05443637 0.00160542 0.7710899 0.1728683
0.04930564 0.001432608 0.7871064 0.1621554
0.05933841 6.484285e-05 0.7793359 0.1612609
0.05737653 0.0002865231 0.7671468 0.1751902
0.05201528 0.02116778 0.7654226 0.1613943
0.05569836 0.02245791 0.7585712 0.1632725
0.06118244 0.001761157 0.7792701 0.1577864
0.05180946 0.002169604 0.7503304 0.1956906
0.0548393 0.001978552 0.7746539 0.1685283
0.0521277 0.001454047 0.7767424 0.1696758
0.04332313 0.0005008741 0.7818561 0.1743199
0.05730322 0.003143867 0.7705919 0.168961
0.0556534 0.0004973431 0.7722745 0.1715748
0.04698181 9.888647e-07 0.804496 0.1485212
0.05298805 0.0005400937 0.779993 0.1664789
0.05094313 0.0009095355 0.7709951 0.1771523
0.05529595 2.153757e-05 0.7618489 0.1828336
0.05597931 0.005106404 0.7770635 0.1618508
0.06072068 0.03991803 0.7780801 0.1212812
0.04780816 0.04226371 0.7751495 0.1347787
0.05478159 0.1074171 0.7620245 0.07577678
0.05634607 0.06284866 0.7828601 0.0979452
0.05265047 0.09850125 0.7878463 0.06100195
0.04636134 0.1537435 0.7706207 0.02927449
0.05461966 0.07373429 0.7875862 0.08405989
0.05412087 0.1087734 0.7845975 0.05250827
0.03707816 0.1225428 0.7610847 0.07929429
0.05179389 0.1249369 0.7799106 0.04335863
0.04262059 0.1093146 0.7825283 0.06553659
0.04966577 0.1567039 0.7728994 0.02073095
0.04817685 0.1581396 0.7929834 0.0007000768
0.0526087 0.153076 0.7923949 0.001920367
0.05309295 0.1770714 0.7692271 0.0006084867
0.06104147 0.1551918 0.7709932 0.01277357
0.0608139 0.1682801 0.7576622 0.01324384
0.05550712 0.117879 0.7999835 0.02663039
0.04957803 0.1077438 0.8008612 0.04181696
0.06140739 0.1534945 0.761844 0.02325416
0.04923728 0.1454547 0.7988048 0.00650322
0.04615919 0.1722628 0.7794398 0.002138231
0.04942447 0.1617283 0.7886291 0.0002180795
0.05813149 0.1795119 0.7613112 0.001045388
0.05193752 0.165351 0.7790564 0.003655035
0.06172074 0.1342164 0.8021941 0.001868825
0.04750716 0.1737644 0.7784192 0.0003092692
0.05233297 0.1677909 0.7792001 0.0006759917
0.06364734 0.1605688 0.7710213 0.004762512
0.06124875 0.1433398 0.7950472 0.000364228
0.05461049 0.1815367 0.76265 0.001202803
0.04851951 0.1788717 0.7682446 0.00436419
0.04675744 0.15183 0.8002297 0.001182873
0.05607847 0.1439654 0.7995214 0.0004346339
0.06332523 0.1583936 0.7781863 9.490469e-05
0.05367902 0.1514534 0.7931845 0.001683137
0.05879343 0.1581627 0.7829557 8.823189e-05
0.05473006 0.1626831 0.7783587 0.0042281
0.06137014 0.1629164 0.7744851 0.001228337
0.05717733 0.174733 0.7662958 0.001793836
0.05257148 0.1488889 0.7966582 0.001881403
0.04443062 0.155335 0.799726 0.0005084176
0.05553541 0.1758448 0.7676057 0.001014133
0.04462716 0.173789 0.7803324 0.001251434
0.04528996 0.1538756 0.8006358 0.0001986326
0.04864839 0.1705097 0.7781349 0.002706991
0.05198668 0.1535247 0.7929371 0.001551586
0.03940699 0.1672555 0.7912077 0.002129817
0.05272934 0.1789841 0.7648782 0.003408356
0.05731701 0.1669403 0.7730251 0.002717567
0.04066287 0.1816926 0.77749 0.0001545469
0.04742366 0.1852446 0.7666958 0.0006358727
0.05430738 0.1634363 0.7821684 8.792361e-05
0.05173779 0.1764527 0.7713552 0.0004543262
0.05844469 0.1724072 0.7683512 0.000796893
0.05306808 0.1665073 0.7798552 0.0005694418
0.05347629 0.1544178 0.7916944 0.0004115696
0.04068689 0.1591075 0.8000554 0.0001501829
0.06162088 0.1655203 0.7702677 0.002591102
0.04754275 0.1712542 0.7793 0.001903076
0.05917348 0.1658469 0.7748718 0.0001078728
0.05969977 0.1728622 0.7654272 0.002010874
0.06588873 0.1650301 0.7687737 0.0003074802
0.05332972 0.1633447 0.7816941 0.001631464
0.06302764 0.154537 0.7816237 0.0008116205
0.05501622 0.1495632 0.7947617 0.0006588626
0.04990856 0.1770216 0.7717949 0.001274949
0.0398127 0.1559926 0.8017801 0.002414649
0.04759295 0.1646014 0.7875886 0.0002170079
0.04012076 0.1849209 0.7749278 3.056816e-05
0.04432996 0.1710941 0.7845129 6.301983e-05
0.05235877 0.1543021 0.7887263 0.004612877
0.04493542 0.1669613 0.7853876 0.002715675
0.05057844 0.176753 0.7712235 0.001445076
0.05427882 0.1609057 0.7826432 0.002172255
0.04842911 0.1593625 0.7858204 0.006387974
0.04596381 0.1569526 0.7848638 0.01221976
0.04984342 0.1407274 0.7924133 0.01701585
0.04660093 0.1836012 0.7694485 0.0003493347
0.05972688 0.1550756 0.7842916 0.000905843
0.0499907 0.1782688 0.7715284 0.0002121434
0.05905649 0.1758235 0.756844 0.008275975
0.0502515 0.1522992 0.795207 0.00224231
0.0509004 0.1526946 0.7867946 0.009610433
0.06880687 0.1585488 0.7725716 7.275397e-05
0.04879202 0.1623051 0.7884629 0.0004400169
0.05602336 0.163033 0.7791912 0.001752404
0.04505791 0.1680379 0.7834034 0.00350079
0.0470519 0.1480747 0.8007971 0.004076298
0.0573019 0.1679991 0.7661709 0.008528154
0.04977418 0.1786681 0.7713766 0.0001811757
0.04363409 0.1715255 0.7800464 0.004793995
0.04671389 0.1679911 0.784446 0.0008489974
0.05608378 0.1807366 0.7624662 0.0007133548
0.05256494 0.1745152 0.7642567 0.008663142
0.05312918 0.1546444 0.7896335 0.002592912
0.04841195 0.1744571 0.7753572 0.001773708
0.04792781 0.1731461 0.7787357 0.000190398
0.04810987 0.1696791 0.7807183 0.001492712
0.05905664 0.1497489 0.7842455 0.006948975
0.05020754 0.1532032 0.7924636 0.004125657
0.04479183 0.1719158 0.782976 0.0003163412
0.05738957 0.1824482 0.7560278 0.004134439
0.04698041 0.1549765 0.7979899 5.319766e-05
0.04372528 0.2005371 0.7538898 0.001847901
0.04589178 0.1562558 0.7945788 0.003273528
0.04692854 0.1802189 0.7725529 0.0002997304
0.0601682 0.1735778 0.7661266 0.0001273599
0.05882096 0.1584152 0.7821034 0.0006603763
0.04455046 0.1731666 0.7814264 0.0008564611
0.05625775 0.1831709 0.7600328 0.0005385184
0.04569463 0.1890441 0.7600036 0.005257648
0.05537294 0.1507091 0.7897849 0.00413297
0.04279347 0.1639611 0.7919529 0.001292486
0.05165183 0.1591617 0.7878444 0.001342043
0.05232417 0.15779 0.7892478 0.0006380593
0.06206042 0.1658424 0.7708267 0.001270512
0.05448688 0.172376 0.7731051 3.196518e-05
0.05737128 0.1660516 0.7761518 0.0004253503
0.05873626 0.1626549 0.7756538 0.002955045
0.06602173 0.1586725 0.7734355 0.001870315
0.05993726 0.1598512 0.7801149 9.662027e-05
0.06112452 0.1720512 0.7621095 0.00471481
0.0429165 0.1852907 0.7684528 0.003339917
0.06395439 0.1682768 0.7668842 0.0008845736
0.05443062 0.1509188 0.7941334 0.0005171904
0.04391369 0.166296 0.7893991 0.0003912205
0.05687568 0.1580941 0.7822846 0.002745555
0.05621341 0.16429 0.7793059 0.0001906554
0.04554045 0.1673804 0.7850053 0.002073857
0.04574493 0.1595581 0.792795 0.001901907
0.06231121 0.175264 0.7607804 0.001644357
0.04796158 0.1824959 0.7687958 0.0007467584
0.06510329 0.1498211 0.7826791 0.002396497
0.05836182 0.1697663 0.77113 0.0007418981
0.05413619 0.1489503 0.795979 0.0009345967
0.0604111 0.1535661 0.7620622 0.02396063
0.05702847 0.13399 0.7827044 0.0262771
0.04640716 0.1485773 0.795895 0.009120458
0.06016051 0.165145 0.7692182 0.005476356
0.04734671 0.1518107 0.798636 0.002206516
0.05521162 0.1623611 0.7809981 0.001429096
0.06297344 0.1596017 0.7764571 0.0009677997
0.05318205 0.1606063 0.7857722 0.0004394808
0.05230795 0.1646758 0.7826525 0.0003637766
0.05965138 0.1619714 0.7772583 0.001118906
0.05793064 0.1787643 0.762907 0.0003980747
0.06246016 0.154495 0.7823229 0.0007219114
0.05133808 0.1785925 0.7699581 0.0001113243
0.05825535 0.142656 0.7988818 0.0002068449
0.05506337 0.154294 0.7896519 0.0009906848
0.05066575 0.1697313 0.776727 0.002875931
0.05185142 0.1693027 0.7775612 0.001284684
0.04153569 0.1510479 0.7964677 0.01094865
0.05648894 0.1491803 0.7943183 1.245098e-05
0.04691857 0.178277 0.76879 0.006014446
0.04293603 0.1662438 0.7888741 0.001946039
0.06093324 0.1653655 0.7717867 0.001914555
0.0633773 0.1692782 0.7619396 0.005404884
0.05691183 0.1853452 0.7566796 0.001063321
0.05791424 0.149736 0.7923443 5.400549e-06
0.0596783 0.1674747 0.7703045 0.002542481
0.06355037 0.2004794 0.7359698 3.883321e-07
0.04953412 0.1659513 0.7842768 0.0002378283
0.04116842 0.1651711 0.7934582 0.0002022
0.05557865 0.1518991 0.7912816 0.001240667
0.05039891 0.1698906 0.7783411 0.001369447
0.0523188 0.15743 0.7901647 8.65459e-05
0.04347813 0.1748158 0.7815984 0.0001076324
0.05202997 0.1638466 0.7825736 0.001549795
0.05032957 0.1957354 0.7521462 0.001788793
0.05289055 0.1821705 0.762348 0.002591011
0.05237161 0.1567022 0.7896525 0.001273618
0.05536268 0.1609921 0.783531 0.0001141537
0.05023949 0.163157 0.783063 0.003540565
0.04910542 0.1433443 0.8000586 0.007491653
0.04608998 0.1738402 0.7776854 0.002384352
0.0537671 0.1457182 0.7953641 0.005150555
0.04559248 0.1814331 0.7724133 0.0005611638
0.04833412 0.1685925 0.7824562 0.0006172121
0.05082324 0.1599474 0.782843 0.006386411
0.05454555 0.1545617 0.7847463 0.006146513
0.06293224 0.1724629 0.7635689 0.001035904
0.05578279 0.171896 0.7713453 0.0009758149
0.04606038 0.1661956 0.7876355 0.0001085353
0.05064791 0.1730513 0.7760284 0.0002723621
0.04989375 0.1663996 0.7827476 0.0009590071
0.06538439 0.1659905 0.7677232 0.000901874
0.05784416 0.168091 0.7713902 0.002674648
0.04431694 0.1698042 0.7791243 0.00675455
0.05531099 0.1677342 0.7758342 0.001120594
0.0597317 0.1500509 0.7898236 0.0003937317
0.06140574 0.1497424 0.7866221 0.002229763
0.05919865 0.1601966 0.7793184 0.001286357
0.06990736 0.1409296 0.7874607 0.001702427
0.05049422 0.1735853 0.7715742 0.004346335
0.07192777 0.1591038 0.7627502 0.006218157
0.05165579 0.1776285 0.7707016 1.415437e-05
0.05910675 0.14807 0.7904662 0.002357053
0.05645656 0.1650216 0.7747166 0.003805216
0.04873094 0.1720859 0.7778981 0.00128506
0.04811037 0.1402437 0.7957833 0.0158626
0.04938677 0.1675809 0.7825914 0.000440969
0.04911855 0.1485711 0.8015273 0.0007831094
0.05585841 0.1719826 0.7718048 0.0003541565
0.05140435 0.1614797 0.786703 0.0004128977
0.05143204 0.1826033 0.7646998 0.001264899
0.05487161 0.1476908 0.7944449 0.002992674
0.05826689 0.1466809 0.765692 0.02936018
0.05392008 0.1390058 0.7844809 0.02259321
0.04658608 0.1632454 0.7884252 0.001743245
0.04453548 0.173318 0.7803389 0.001807661
0.06887926 0.1755273 0.753023 0.002570401
0.0432922 0.1827558 0.7729315 0.001020461
0.05446748 0.1612053 0.7830457 0.001281549
0.06365637 0.1652936 0.7708165 0.0002335933
0.04684762 0.1607531 0.791598 0.0008013445
0.051654 0.1551393 0.7925273 0.0006794034
0.05709314 0.1541452 0.7882225 0.0005391973
0.04704231 0.1662311 0.7856373 0.001089226
0.05228555 0.1610613 0.7863036 0.0003495744
0.05332608 0.147347 0.7989367 0.0003901741
0.04499994 0.1630495 0.7914508 0.0004997509
0.05135944 0.1676713 0.7804898 0.0004793906
0.0418539 0.1786727 0.7789809 0.0004925612
0.04931445 0.1490171 0.8003687 0.001299765
0.05010674 0.1683219 0.7807872 0.0007841665
0.05646927 0.1896031 0.7523465 0.001581185
0.05280718 0.1725261 0.7690479 0.005618816
0.05707483 0.1569478 0.7842614 0.001716052
0.0641105 0.1488945 0.7764399 0.01055515
0.05151679 0.1708117 0.7718213 0.005850214
0.05454745 0.1618716 0.780686 0.002895027
0.05203728 0.1910636 0.7562608 0.0006382628
0.0634786 0.1556575 0.7806212 0.0002426814
0.06147324 0.1538991 0.7743286 0.01029913
0.06090687 0.1489391 0.7848846 0.00526936
0.05120914 0.1757955 0.7673109 0.005684448
0.06585719 0.1362712 0.7928788 0.004992824
0.04523281 0.1514746 0.8022735 0.00101909
0.04955735 0.1717572 0.7753299 0.003355493
0.0507813 0.1595814 0.7891466 0.0004906518
0.05167555 0.1735005 0.7706971 0.004126875
0.05381327 0.1652206 0.7795174 0.001448779
0.05376074 0.1509142 0.7765545 0.01877055
0.05260283 0.1704313 0.7761043 0.0008615732
0.06447549 0.1654462 0.7649856 0.005092724
0.04919642 0.1691491 0.7805591 0.00109536
0.04787549 0.1572196 0.784838 0.01006687
0.04788919 0.1664782 0.7852939 0.0003387802
0.05110501 0.1738649 0.7748274 0.0002027743
0.04757577 0.1730905 0.7791691 0.000164623
0.04885299 0.1636564 0.7823826 0.005107979
0.04364282 0.1851712 0.7689579 0.002228142
0.04676545 0.1733552 0.7780426 0.001836781
0.04832141 0.1734227 0.7774097 0.0008461867
0.04853851 0.1798785 0.7690988 0.002484211
0.05188036 0.1772042 0.76966 0.001255467
0.06313504 0.1979912 0.7384528 0.000420981
0.05627318 0.1595262 0.7838028 0.0003978966
0.04948019 0.1378049 0.8108364 0.001878459
0.05921703 0.1599105 0.7782326 0.002639804
0.05191125 0.1616875 0.786158 0.0002433168
0.05272456 0.1836592 0.7618221 0.001794167
0.06820353 0.1619811 0.7685558 0.00125955
0.04495985 0.1725029 0.7807334 0.001803854
0.06223458 0.1560219 0.778344 0.003399497
0.05884379 0.180655 0.7565337 0.003967562
0.06395172 0.1526879 0.7827333 0.0006271166
0.05813014 0.1574365 0.777156 0.007277304
0.06055488 0.1469447 0.7739978 0.01850262
0.05276642 0.1815844 0.7637137 0.001935421
0.05475753 0.1785413 0.7657462 0.0009549036
0.05638443 0.1712382 0.7673451 0.005032254
0.04227641 0.1518087 0.8015316 0.004383268
0.05643358 0.1521652 0.7901038 0.00129738
0.042022 0.1634283 0.7943144 0.0002352721
0.04892066 0.1526481 0.7967781 0.001653105
0.0512555 0.142799 0.804591 0.00135449
0.05968887 0.1657964 0.773156 0.001358731
0.04777964 0.1628398 0.7874652 0.001915396
0.06016725 0.1715003 0.7669873 0.001345156
0.06562474 0.1591754 0.7676588 0.007541073
0.05286453 0.1500707 0.794504 0.002560708
0.04923661 0.1689983 0.7813611 0.0004040116
0.05418953 0.1504762 0.794815 0.0005192536
0.05062502 0.1656917 0.7832162 0.0004670483
0.05927878 0.1474116 0.7872143 0.006095337
0.07195103 0.1596206 0.766387 0.002041409
0.06093353 0.1559069 0.7806317 0.002527923
0.03876269 0.1504958 0.8099819 0.0007596109
0.04941813 0.1701526 0.7770785 0.003350765
0.06251281 0.1386896 0.7956613 0.003136289
0.04739466 0.1576338 0.7936647 0.00130688
0.04881245 0.1508192 0.8001749 0.0001934613
0.05807891 0.1531994 0.7862785 0.002443188
0.0574217 0.1619582 0.7771117 0.003508365
0.04587657 0.1448453 0.8031979 0.00608021
0.04468892 0.17233 0.7826646 0.0003165185
0.06124424 0.16692 0.7716429 0.0001928511
0.05807679 0.1603381 0.7796463 0.001938824
0.04531913 0.1786991 0.7758493 0.0001324909
0.04713554 0.1541919 0.79664 0.002032525
0.05508597 0.1596719 0.7788914 0.006350779
0.05601127 0.1213623 0.8206146 0.002011868
0.05145317 0.1668636 0.7816133 7.0006e-05
0.0485003 0.1639203 0.7841726 0.003406817
0.05272643 0.1651015 0.7791113 0.003060767
0.04493501 0.1675103 0.786182 0.001372642
0.04982266 0.1837366 0.7656905 0.0007502123
0.05234587 0.1639487 0.783497 0.0002084791
0.05350918 0.1772352 0.769018 0.0002375702
0.04224942 0.1824714 0.7743827 0.000896429
0.05146521 0.1819075 0.7655193 0.001107937
0.06077336 0.1621772 0.7764161 0.0006333384
0.04586356 0.1607746 0.792232 0.00112986
0.04701211 0.1734873 0.7789756 0.0005249056
0.05545666 0.1707611 0.7736556 0.0001266626
0.0588167 0.1688535 0.7716855 0.0006443618
0.06870635 0.1632331 0.7668278 0.001232736
0.04450838 0.1667889 0.7854377 0.003264995
0.05110924 0.167549 0.7796808 0.001660955
0.04791232 0.1506625 0.8006114 0.0008137751
0.06015463 0.1726504 0.7638146 0.003380412
0.06094351 0.1489441 0.7899819 0.000130445
0.06030202 0.1598036 0.7757033 0.004191081
0.05696598 0.1625233 0.7623643 0.01814645
0.05602221 0.1903683 0.7458946 0.007714908
0.05143547 0.1797251 0.763851 0.004988459
0.04502401 0.1644917 0.7896122 0.0008721415
0.05668612 0.168845 0.7741949 0.0002739687
0.05693217 0.1595041 0.7827482 0.0008155882
0.04821095 0.1604263 0.7896212 0.001741528
0.06210282 0.1586275 0.7789703 0.000299321
0.0459808 0.1663274 0.7874412 0.0002506876
0.05484176 0.159125 0.7858044 0.0002288302
0.05067927 0.1651734 0.7836389 0.000508408
0.0556861 0.1698712 0.7732339 0.001208839
0.06424272 0.1658931 0.7670271 0.002837096
0.05385581 0.1741177 0.7669636 0.00506289
0.06680185 0.1697953 0.763031 0.0003718632
0.07100278 0.1614225 0.7659614 0.00161329
0.0460399 0.1705162 0.7832715 0.0001723926
0.05138126 0.1747162 0.7734605 0.0004420467
0.05997042 0.1581517 0.7804796 0.00139833
0.04891514 0.165667 0.7845734 0.0008444349
0.0486844 0.1539953 0.7972063 0.0001139836
0.04980768 0.1498584 0.7992819 0.001052013
0.04922587 0.1759014 0.7707724 0.004100319
0.05685329 0.1686113 0.7641291 0.01040625
0.06405969 0.1717518 0.762078 0.002110549
0.06158597 0.1602275 0.7689893 0.009197182
0.05322514 0.1654914 0.7781203 0.003163184
0.04361154 0.1720854 0.781234 0.003068974
0.0439089 0.1721014 0.7787412 0.005248501
0.05189603 0.1785443 0.7669536 0.002606084
0.0475831 0.148754 0.7933866 0.01027636
0.05425375 0.1604574 0.7790417 0.006247114
0.06350357 0.1605661 0.7749605 0.0009698413
0.0561933 0.1674036 0.7755608 0.0008422658
0.04691872 0.1411834 0.8076553 0.004242649
0.04549739 0.1652975 0.7783931 0.01081204
0.0583947 0.1439541 0.7923553 0.005295956
0.05883165 0.1410284 0.7980808 0.002059179
0.04543816 0.1723252 0.7815997 0.0006370068
0.05599341 0.1492218 0.7918143 0.002970523
0.04827892 0.1884689 0.7613512 0.001901022
0.04825983 0.1686146 0.7821739 0.0009516236
0.06213921 0.1589727 0.777985 0.0009030682
0.05556992 0.1525916 0.7907213 0.001117234
0.05095799 0.1764461 0.7693731 0.003222814
0.06481124 0.1544037 0.7807219 6.318754e-05
0.05585414 0.1929118 0.7503982 0.0008359075
0.05836841 0.1752074 0.7656382 0.0007859685
0.05811182 0.15252 0.7862351 0.003133024
0.05103639 0.1844429 0.7637631 0.0007575837
0.05171573 0.1529506 0.7894551 0.005878637
0.06019983 0.1460062 0.7784877 0.01530627
0.04935891 0.1734319 0.7767514 0.0004577732
0.04687071 0.1481209 0.8025374 0.002471023
0.0534437 0.1507435 0.7914065 0.004406305
0.0424032 0.1599578 0.7974061 0.0002329508
0.05516087 0.1805244 0.7638584 0.0004563325
0.05451373 0.1607483 0.7699161 0.01482189
0.05579627 0.17589 0.7664062 0.00190753
0.04761909 0.1746861 0.77443 0.00326486
0.04314687 0.1704344 0.7838281 0.002590622
0.04546109 0.1502285 0.7987792 0.005531181
0.05360649 0.1517506 0.7945717 7.12283e-05
0.04400234 0.1397642 0.8089004 0.007333063
0.04200146 0.1487274 0.8074788 0.001792329
0.04796344 0.1679254 0.7827871 0.001324062
0.05738944 0.1617976 0.7804708 0.0003422005
0.04722535 0.1605969 0.789908 0.002269736
0.06213577 0.1721445 0.7655909 0.0001288125
0.04508384 0.1746745 0.7750409 0.005200762
0.05704436 0.1438765 0.7986417 0.0004374275
0.0628072 0.1730737 0.763987 0.0001320356
0.04774881 0.1626077 0.7729131 0.01673034
0.05387422 0.1560493 0.7845882 0.005488203
0.05349242 0.1794039 0.7660466 0.001057053
0.05018443 0.1498135 0.7985235 0.001478552
0.06069348 0.176952 0.7557027 0.006651729
0.04803057 0.191438 0.7593858 0.001145634
0.0502032 0.14949 0.7992204 0.001086319
0.05200862 0.1524666 0.7927669 0.002757888
0.04925885 0.1607011 0.7846806 0.00535941
0.06043171 0.1485405 0.7893389 0.001688952
0.06332702 0.170241 0.7642256 0.002206393
0.04627987 0.1675782 0.7859405 0.000201431
0.0423637 0.1765039 0.7805772 0.0005552392
0.06585072 0.1530734 0.7717805 0.009295356
0.05318284 0.1688925 0.7749006 0.003024157
0.05818496 0.1638285 0.7750917 0.002894858
0.05382747 0.1601318 0.7859494 9.127254e-05
0.04738121 0.1437419 0.8073051 0.001571809
0.0549967 0.1516167 0.7932462 0.0001404309
0.06624621 0.1609736 0.770848 0.001932201
0.04341799 0.1610526 0.7845668 0.01096263
0.04288945 0.1811554 0.774251 0.001704192
0.06847566 0.1388255 0.7770343 0.01566453
0.05504208 0.1675527 0.7745643 0.002840902
0.06032141 0.1507518 0.7593591 0.02956763
0.03838326 0.1489515 0.8120197 0.0006455633
0.05870302 0.1744149 0.7662361 0.0006459467
0.05394594 0.1571398 0.7832281 0.005686113
0.04422107 0.1851171 0.7686984 0.001963371
0.06058207 0.1694608 0.7688598 0.001097298
0.05725065 0.1552007 0.7835422 0.004006422
0.05499705 0.1499893 0.7941233 0.0008903713
0.04838333 0.1747845 0.7755779 0.001254261
0.05555249 0.1763756 0.7654188 0.002653109
0.05589366 0.1561432 0.7876706 0.0002924471
0.05294633 0.1661549 0.7802577 0.0006410837
0.05488004 0.1535916 0.7907806 0.0007477789
0.06483316 0.1392143 0.7951648 0.000787767
0.05283696 0.1724304 0.7742197 0.0005130141
0.04952144 0.1916076 0.7588485 2.245541e-05
0.0586069 0.167791 0.7730785 0.0005235913
0.05690774 0.1620887 0.7785664 0.002437125
0.05472879 0.1851848 0.7599544 0.0001320285
0.04526051 0.162732 0.7918839 0.0001235793
0.04618356 0.1799613 0.7734329 0.0004222324
0.04340365 0.1774975 0.7788862 0.0002126498
0.05549063 0.1682602 0.7759981 0.0002510117
0.05469399 0.1602393 0.7831444 0.001922305
0.06858569 0.1601787 0.7687072 0.002528337
0.04306868 0.1789442 0.7771521 0.0008350347
0.05567185 0.1827183 0.7544608 0.007149106
0.05792605 0.1840802 0.7562367 0.001757093
0.06542046 0.1478261 0.7864023 0.0003511796
0.05018863 0.1645533 0.7847541 0.0005040341
0.04285707 0.1524033 0.7995816 0.005158028
0.03999241 0.1675338 0.7922322 0.0002416302
0.0582665 0.170961 0.7699541 0.0008183932
0.06287699 0.1494976 0.7830357 0.004589764
0.05228567 0.1825293 0.7637505 0.001434577
0.04216448 0.1598931 0.7960332 0.001909204
0.04539168 0.1688658 0.783481 0.002261487
0.05526485 0.160435 0.7832856 0.001014533
0.04047299 0.1621297 0.7962492 0.001148057
0.06517255 0.149381 0.7854217 2.47232e-05
0.06508793 0.1788708 0.7557301 0.000311204
0.04745615 0.166387 0.7847018 0.001455061
0.05255421 0.1447712 0.7927765 0.009898018
0.06494581 0.1452467 0.789092 0.0007155296
0.05172965 0.1613041 0.7858706 0.001095691
0.05441649 0.1730855 0.7712264 0.001271621
0.06478166 0.1653417 0.7696797 0.000196917
0.05982581 0.1504853 0.7851515 0.004537384
0.04887445 0.1508571 0.7836819 0.01658648
0.04357668 0.1689392 0.7859024 0.001581749
0.06526725 0.1644962 0.7695695 0.0006670456
0.05319975 0.1781515 0.765388 0.003260689
0.04534369 0.1716739 0.7801515 0.00283087
0.05963019 0.1586769 0.7803409 0.001351997
0.05375877 0.1563824 0.7885538 0.001305031
0.05717689 0.1622227 0.7771343 0.003466099
0.05820754 0.1706427 0.7682771 0.002872728
0.04648538 0.1753357 0.7774323 0.000746659
0.0534124 0.1710803 0.7740015 0.001505837
0.05369355 0.1774828 0.7662487 0.002574913
0.04970218 0.168721 0.7812917 0.0002851599
0.05595539 0.1757991 0.7663267 0.001918781
0.05666132 0.1716166 0.7711826 0.0005394772
0.05463998 0.1760293 0.7685082 0.0008225359
0.04540957 0.1825143 0.7707093 0.001366798
0.04101397 0.1891546 0.769561 0.0002704269
0.04607002 0.1715904 0.7808818 0.001457841
0.05773028 0.1582827 0.7822083 0.001778788
0.04664005 0.1616323 0.7888307 0.002896989
0.05323553 0.1788972 0.7633286 0.004538675
0.04905064 0.1807412 0.770003 0.0002051147
0.07009174 0.1207018 0.7746149 0.0345916
0.05265831 0.1484965 0.7942852 0.004559976
0.05641016 0.1666303 0.7762404 0.0007192209
0.05850672 0.176387 0.7619309 0.003175338
0.03945866 0.1602314 0.7987991 0.001510821
0.06128679 0.1601473 0.7785004 6.559108e-05
0.03715966 0.1666566 0.7943783 0.001805433
0.05974348 0.1522277 0.786928 0.001100807
0.05023727 0.1823924 0.7649461 0.002424171
0.04984273 0.146129 0.7920963 0.01193197
0.0491449 0.1733098 0.7773147 0.0002305263
0.04452689 0.1707156 0.7840484 0.000709116
0.06711748 0.1756509 0.7522235 0.005008039
0.06467214 0.1442654 0.7902475 0.0008149725
0.05821154 0.1735352 0.767871 0.0003822928
0.04506049 0.1601873 0.790626 0.004126174
0.05522564 0.1727314 0.7713214 0.0007215877
0.03922687 0.1816921 0.7777064 0.0013747
0.06223663 0.1653407 0.7712577 0.001165022
0.0512204 0.1476062 0.7909436 0.01022973
0.04720721 0.173413 0.7793619 1.791853e-05
0.06862981 0.163956 0.766884 0.0005301648
0.07121937 0.1568486 0.7687115 0.003220529
0.05696769 0.178865 0.7599472 0.004220092
0.05584257 0.1830011 0.761152 4.376594e-06
0.04905729 0.1566113 0.793931 0.0004004583
0.05748916 0.1496622 0.7922001 0.000648558
0.05481982 0.159497 0.7812443 0.004438935
0.05306975 0.1771676 0.7688629 0.0008998077
0.05220673 0.1797585 0.7645102 0.003524562
0.04212143 0.1628792 0.7938376 0.001161826
0.04357576 0.1731135 0.7829398 0.0003709262
0.06134302 0.1626823 0.7759032 7.15517e-05
0.05513995 0.1778314 0.7612073 0.005821436
0.0462081 0.1416398 0.8101213 0.002030802
0.05628765 0.1582774 0.7851363 0.000298677
0.05689285 0.1754053 0.7662708 0.00143097
0.05855657 0.143278 0.7955166 0.00264885
0.05197939 0.163516 0.7835226 0.0009819655
0.05563423 0.1527098 0.7909442 0.0007116747
0.05238364 0.1769185 0.7645872 0.006110565
0.0517824 0.1686622 0.7776076 0.001947808
0.07328805 0.1467181 0.7775263 0.002467556
0.04474581 0.1804161 0.771844 0.002994136
0.04587565 0.1651316 0.7870578 0.001935014
0.05386397 0.1370269 0.8034203 0.005688875
0.05577942 0.1783146 0.7650306 0.0008753581
0.05701794 0.1690386 0.7512355 0.02270787
0.0532042 0.1511308 0.7924588 0.00320617
0.05698708 0.1763501 0.7633224 0.003340392
0.05796586 0.1507245 0.7897688 0.001540867
0.05446756 0.1811234 0.7604622 0.003946853
0.05469288 0.1637137 0.7787097 0.002883771
0.04625072 0.1786476 0.768099 0.007002743
0.04640211 0.1444535 0.7887519 0.02039249
0.05511664 0.1725957 0.7708256 0.001462067
0.06133633 0.1397621 0.7977811 0.001120482
0.07221626 0.1587468 0.7644269 0.004610034
0.04810269 0.1571587 0.7937692 0.0009694216
0.05945835 0.1648039 0.7730571 0.002680618
0.03639363 0.1635815 0.799795 0.0002298679
0.05617404 0.1547598 0.7885419 0.0005242951
0.05578102 0.164528 0.7770718 0.002619112
0.05438245 0.1682715 0.7769313 0.0004148011
0.04631981 0.1626488 0.7899611 0.001070261
0.05310443 0.150484 0.796111 0.0003005948
0.06282176 0.1696753 0.7662127 0.001290179
0.06113638 0.1507083 0.7875069 0.0006483843
0.05273624 0.1756442 0.7678559 0.003763627
0.05393216 0.1761392 0.7698378 9.083813e-05
0.05616109 0.1541459 0.7885176 0.001175391
0.04780716 0.1794955 0.7718507 0.0008466413
0.05455329 0.1656435 0.760368 0.01943528
0.06282389 0.1625775 0.7735314 0.001067224
0.04759546 0.1594224 0.7907347 0.002247438
0.04698299 0.1617528 0.7910133 0.000250955
0.06303711 0.1575785 0.777422 0.001962428
0.05061347 0.1559286 0.7924271 0.001030731
0.0557672 0.1649153 0.7703235 0.008994017
0.05470811 0.1699594 0.7742319 0.001100529
0.04464048 0.1700962 0.7816762 0.003587176
0.0484461 0.1820905 0.7684108 0.001052614
0.05943435 0.1691305 0.7686435 0.002791653
0.04468122 0.1476025 0.8009426 0.006773666
0.05839422 0.1618445 0.7797312 3.004055e-05
0.04870598 0.1613372 0.7868951 0.003061796
0.04679052 0.1644926 0.7884611 0.0002557793
0.05425828 0.1664441 0.777608 0.00168968
0.04317027 0.1847106 0.7713744 0.0007447258
0.05978025 0.1546694 0.7775463 0.00800406
0.06224871 0.1493428 0.7814146 0.006993879
0.0529438 0.1654119 0.7816104 3.391324e-05
0.05024922 0.1631363 0.7862804 0.0003341401
0.04389032 0.164785 0.790187 0.001137656
0.05021294 0.1783544 0.7695 0.001932624
0.04660675 0.1547476 0.7973488 0.001296784
0.04734868 0.1689156 0.7829716 0.0007641326
0.05880938 0.1776724 0.7617453 0.001772975
0.05421377 0.1746971 0.7702036 0.0008855309
0.05830278 0.144235 0.7969891 0.0004731852
0.04266006 0.1617926 0.7923111 0.003236223
