"p_1" "p_2" "p_3"
0.7726976 0.1762026 0.05109976
0.7685438 0.1812135 0.05024269
0.7781172 0.1782191 0.04366364
0.7709683 0.1686223 0.06040942
0.747078 0.1738199 0.07910212
0.7746659 0.171753 0.05358111
0.786391 0.1597369 0.05387211
0.7617409 0.1767258 0.06153338
0.794663 0.1564461 0.04889087
0.7994728 0.164157 0.03637019
0.784112 0.1603308 0.05555716
0.7818852 0.1624678 0.05564703
0.7753251 0.169427 0.05524789
0.7767834 0.1789726 0.04424407
0.7815042 0.1680227 0.05047306
0.8052006 0.1380982 0.0567012
0.7813042 0.1549315 0.06376435
0.7757342 0.1647101 0.0595557
0.7594962 0.1765782 0.06392563
0.7803784 0.1534408 0.06618077
0.7676579 0.1841446 0.04819749
0.7748756 0.1700532 0.05507119
0.7857621 0.1497165 0.06452142
0.7913271 0.1523637 0.05630919
0.8147731 0.1404201 0.04480677
0.7800563 0.1706803 0.04926346
0.7898429 0.1564862 0.05367094
0.7784758 0.1581258 0.06339844
0.764689 0.1707334 0.06457754
0.7670118 0.1706754 0.06231278
0.7660557 0.1809985 0.0529458
0.7777572 0.1824745 0.03976825
0.7789952 0.1572845 0.06372026
0.7620713 0.188097 0.04983168
0.794574 0.1602581 0.04516788
0.7876506 0.1637972 0.04855224
0.7754559 0.1693821 0.05516202
0.7841091 0.1643995 0.05149143
0.775918 0.1737231 0.05035894
0.775533 0.1756474 0.04881962
0.7741525 0.172546 0.05330154
0.7803829 0.1703514 0.04926575
0.7812276 0.1743161 0.04445632
0.7584103 0.1667733 0.07481635
0.7685414 0.1620564 0.06940216
0.7825407 0.1673185 0.05014079
0.7987424 0.1622197 0.03903794
0.7924893 0.1465515 0.06095915
0.7644855 0.1634325 0.07208201
0.7804563 0.1613679 0.05817586
0.785366 0.172269 0.04236508
0.7777296 0.168298 0.05397247
0.787699 0.1665836 0.0457174
0.7933668 0.1612167 0.04541649
0.7796924 0.1695251 0.05078242
0.7795535 0.1727502 0.04769625
0.7713703 0.16765 0.06097971
0.8038055 0.1411798 0.05501463
0.7845787 0.1520927 0.06332858
0.7831338 0.1757929 0.04107336
0.8005066 0.1580713 0.04142203
0.7859879 0.160065 0.05394715
0.7594549 0.1863896 0.0541555
0.7765675 0.1660743 0.05735817
0.7771828 0.1591389 0.06367831
0.782257 0.1571404 0.06060262
0.7850631 0.1730547 0.04188223
0.7684675 0.1741208 0.05741175
0.7713608 0.1754441 0.05319511
0.7788952 0.1780721 0.04303271
0.7738026 0.1681885 0.05800894
0.782106 0.1634115 0.0544825
0.7929336 0.1577925 0.04927393
0.7840729 0.1627914 0.05313568
0.7794343 0.1695008 0.05106486
0.7913763 0.1524705 0.05615324
0.7795415 0.1628593 0.05759915
0.7750074 0.1811053 0.04388734
0.7631396 0.1875164 0.04934395
0.7843039 0.1630182 0.05267784
0.7891289 0.1598258 0.0510453
0.7819744 0.1685984 0.04942721
0.7783693 0.1698228 0.05180789
0.776131 0.1582262 0.06564276
0.7577655 0.1917749 0.05045964
0.7876313 0.1693005 0.04306816
0.7852997 0.1568064 0.05789393
0.7732166 0.1765386 0.05024477
0.7946071 0.1525712 0.05282177
0.7854017 0.1527056 0.06189273
0.7836731 0.1702419 0.04608498
0.7603397 0.1797868 0.05987352
0.7637925 0.1865873 0.04962018
0.7941093 0.1574134 0.04847734
0.7818684 0.1670226 0.05110896
0.7882445 0.1661234 0.04563202
0.7691586 0.1660397 0.06480175
0.7678327 0.1710831 0.0610842
0.7695702 0.1719804 0.05844943
0.7696306 0.1720537 0.05831574
0.7941492 0.1542031 0.0516477
0.7754323 0.1502711 0.07429664
0.7623278 0.1736982 0.06397401
0.7687384 0.1686301 0.06263147
0.74902 0.188633 0.06234693
0.7811733 0.1558915 0.06293529
0.795905 0.1566979 0.0473971
0.7763759 0.1753386 0.04828552
0.7916113 0.152865 0.05552373
0.7631393 0.1768573 0.06000338
0.7901425 0.1531325 0.05672501
0.7960915 0.1618953 0.04201321
0.7863832 0.1536836 0.05993317
0.7713561 0.1671854 0.06145852
0.7658293 0.1730912 0.06107951
0.7776521 0.177656 0.04469189
0.7907592 0.1525325 0.05670827
0.7268347 0.1916234 0.0815419
0.7616343 0.1632023 0.0751634
0.7885336 0.1508107 0.06065568
0.7880303 0.1530741 0.05889562
0.7945309 0.1573904 0.04807871
0.7966184 0.1454402 0.05794138
0.7803442 0.1538339 0.0658219
0.7778928 0.1766615 0.0454457
0.7705911 0.1657595 0.0636494
0.793234 0.1507076 0.05605842
0.780926 0.162467 0.05660701
0.7989265 0.1431458 0.05792774
0.79958 0.1522433 0.04817664
0.7713321 0.1721106 0.05655728
0.7947063 0.1594835 0.04581027
0.7825532 0.1629946 0.05445221
0.7794888 0.1587844 0.06172677
0.7821117 0.1662202 0.05166807
0.7528332 0.1931174 0.0540494
0.7457653 0.186128 0.06810672
0.7935894 0.1534627 0.05294794
0.7700362 0.1918294 0.03813447
0.7796146 0.1632364 0.057149
0.775326 0.1627941 0.06187995
0.7730832 0.1726203 0.05429655
0.7706356 0.1701793 0.05918509
0.7889061 0.1700989 0.04099497
0.7798454 0.1684313 0.05172326
0.7800605 0.1707443 0.04919515
0.7773806 0.1633635 0.05925597
0.7903672 0.1526675 0.05696531
0.7902174 0.1568125 0.05297011
0.7704188 0.1576024 0.07197884
0.7929889 0.1618124 0.04519872
0.791308 0.1640789 0.04461313
0.7951123 0.1622832 0.04260452
0.7863461 0.1514369 0.06221695
0.7759281 0.1655723 0.05849957
0.7971391 0.147733 0.05512781
0.7600993 0.1763699 0.06353085
0.770846 0.1680307 0.06112331
0.7893712 0.1576707 0.05295812
0.7892044 0.1499356 0.06085999
0.7844075 0.1621498 0.05344267
0.7834124 0.1642088 0.05237875
0.7975096 0.1479471 0.05454328
0.7679051 0.1631706 0.06892422
0.7907586 0.1637523 0.0454891
0.7784423 0.1637883 0.0577694
0.7765165 0.1665594 0.0569241
0.7733219 0.1874603 0.03921781
0.7802155 0.1667677 0.05301689
0.7937011 0.1516061 0.05469284
0.8162577 0.1433235 0.04041879
0.7954094 0.1482183 0.05637238
0.7509329 0.1939618 0.05510539
0.7852074 0.1600897 0.05470282
0.7900991 0.1573853 0.05251559
0.7759794 0.1588051 0.06521551
0.793512 0.1575341 0.04895388
0.7634242 0.1741344 0.06244141
0.7770512 0.1532362 0.06971263
0.7786974 0.1702939 0.05100865
0.7644747 0.1732191 0.06230617
0.785059 0.1503725 0.06456853
0.7826081 0.174815 0.04257684
0.7852741 0.161295 0.05343084
0.7860911 0.1636768 0.05023212
0.7752323 0.167976 0.05679169
0.7845856 0.150584 0.06483042
0.800127 0.1526055 0.04726758
0.782328 0.1642147 0.05345728
0.7932071 0.162221 0.04457187
0.8124104 0.1443568 0.0432328
0.7986607 0.1454927 0.05584667
0.7856572 0.1640105 0.05033233
0.7897997 0.1643559 0.04584441
0.7795463 0.1664127 0.05404104
0.7711143 0.1670745 0.06181127
0.7902069 0.149512 0.06028114
0.7823003 0.1593785 0.05832113
0.7549467 0.1884947 0.05655862
0.79306 0.1554311 0.05150883
0.750244 0.190217 0.05953902
0.8041239 0.1567129 0.03916318
0.7786556 0.1693515 0.05199287
0.789356 0.1506249 0.06001911
0.7622335 0.1752971 0.0624694
0.7603751 0.1780456 0.06157925
0.8002994 0.1432535 0.05644703
0.7849982 0.1615689 0.05343283
0.7707963 0.1787682 0.05043551
0.8025293 0.14037 0.05710061
0.8105935 0.1380851 0.05132143
0.7902695 0.1492592 0.06047126
0.7797592 0.160761 0.05947981
0.7742397 0.1755463 0.05021404
0.7924405 0.1622497 0.04530981
0.7890529 0.1732166 0.03773052
0.7904976 0.1606061 0.04889625
0.7693991 0.174208 0.05639298
0.7870618 0.1596737 0.05326455
0.7890626 0.1533531 0.05758426
0.7819344 0.159635 0.05843054
0.7888292 0.1555711 0.05559969
0.7871447 0.1722056 0.04064975
0.7874121 0.1503228 0.0622651
0.7647046 0.1843877 0.05090769
0.7773893 0.1761122 0.04649851
0.7850818 0.167813 0.0471052
0.7819816 0.1467356 0.07128281
0.784431 0.1609703 0.0545987
0.7896107 0.1593479 0.05104135
0.7985802 0.1517385 0.04968134
0.7772779 0.1707426 0.05197956
0.7729631 0.1746734 0.05236351
0.7844807 0.1659091 0.04961026
0.7678 0.178294 0.05390604
0.7808072 0.1579382 0.06125461
0.7820232 0.1684252 0.04955158
0.7823459 0.1686096 0.04904453
0.7747752 0.1732439 0.05198084
0.7912858 0.1596485 0.04906566
0.8036547 0.1473507 0.04899458
0.7720838 0.1699552 0.05796098
0.7710379 0.158608 0.07035407
0.7806178 0.1774263 0.04195588
0.7677053 0.176194 0.0561007
0.7824706 0.1627362 0.05479325
0.7750051 0.1619698 0.06302511
0.7761114 0.1728311 0.05105747
0.7844684 0.1621741 0.05335745
0.7624113 0.1825208 0.05506782
0.8024608 0.1496305 0.04790873
0.7897973 0.1611274 0.04907533
0.7854638 0.161667 0.05286918
0.7513934 0.1890948 0.05951176
0.8056134 0.1430781 0.05130853
0.7724505 0.1613321 0.06621734
0.7706836 0.1742948 0.05502157
0.7797394 0.1683231 0.05193747
0.8097109 0.1327113 0.05757787
0.7871707 0.1590556 0.05377374
0.7689778 0.169539 0.06148327
0.7859754 0.1563969 0.05762773
0.7895121 0.1498278 0.06066011
0.7969311 0.1530161 0.05005284
0.7726699 0.1680936 0.05923652
0.8027253 0.152759 0.04451564
0.7864789 0.1518981 0.06162301
0.7817528 0.1698587 0.04838849
0.7994098 0.1413029 0.05928731
0.7849617 0.1643519 0.05068646
0.8041637 0.1477146 0.04812171
0.7962842 0.1521637 0.0515522
0.7659901 0.1781753 0.05583467
0.7927618 0.1538542 0.05338395
0.7870573 0.1572924 0.05565029
0.7657839 0.1755388 0.05867729
0.7795208 0.1679105 0.05256874
0.7980323 0.1571361 0.04483165
0.7926819 0.1443163 0.06300182
0.7926277 0.1478839 0.05948839
0.7920946 0.1451678 0.06273757
0.7811012 0.1710302 0.04786853
0.7745181 0.1730541 0.05242786
0.7927298 0.1460068 0.06126347
0.7828611 0.1676846 0.04945429
0.7847869 0.169403 0.04581009
0.7935601 0.1494124 0.05702745
0.8051751 0.1527697 0.04205522
0.7931942 0.1546593 0.05214657
0.7689829 0.1755328 0.05548428
0.7741957 0.1639356 0.06186866
0.8048944 0.1499229 0.04518262
0.7882831 0.1653584 0.04635848
0.7447411 0.1854839 0.06977503
0.7898125 0.1612763 0.04891126
0.7783907 0.1718454 0.0497639
0.7761638 0.1652372 0.05859902
0.7684582 0.1597045 0.07183736
0.7749218 0.1605485 0.06452971
0.7694075 0.168072 0.06252046
0.7939513 0.1557553 0.05029334
0.7879633 0.1512338 0.06080288
0.7775439 0.1616499 0.06080621
0.7697662 0.165282 0.06495177
0.7991938 0.1462562 0.05454999
0.777977 0.18051 0.04151294
0.8040916 0.133853 0.06205544
0.771294 0.1637421 0.06496386
0.7491724 0.2009345 0.04989314
0.7889827 0.1477809 0.06323637
0.764324 0.1770688 0.05860724
0.7514259 0.1826942 0.0658799
0.7732738 0.1677274 0.05899878
0.7668648 0.1807742 0.05236105
0.7600577 0.1731966 0.0667457
0.7846609 0.153272 0.06206713
0.7819498 0.1636272 0.05442306
0.7990777 0.1469322 0.05399013
0.7650837 0.1794402 0.0554761
0.7870483 0.1595862 0.05336549
0.7932747 0.1521731 0.05455215
0.7775335 0.1538449 0.06862163
0.7809864 0.1589975 0.06001605
0.7667874 0.177403 0.05580966
0.7714173 0.179063 0.04951969
0.785594 0.1513274 0.06307857
0.7680982 0.1736056 0.05829624
0.8134489 0.1257254 0.06082568
0.807727 0.1428851 0.04938787
0.7683345 0.1648373 0.06682817
0.7951817 0.1483972 0.05642113
0.7807631 0.1622074 0.05702958
0.7770981 0.1684328 0.05446905
0.7735142 0.1753036 0.05118215
0.7841036 0.170908 0.04498837
0.7882183 0.1558234 0.05595833
0.7807901 0.1673062 0.05190369
0.7656016 0.1742149 0.06018349
0.8120845 0.1448704 0.04304512
0.7743975 0.1695013 0.05610119
0.7700882 0.1764386 0.05347322
0.7540493 0.1921678 0.05378289
0.7841082 0.1704913 0.0454005
0.7723566 0.1754098 0.05223353
0.7870966 0.1552591 0.05764432
0.8045494 0.147303 0.04814751
0.7812365 0.1633569 0.05540655
0.789863 0.1566776 0.05345939
0.7650957 0.17564 0.05926437
0.8033251 0.1575347 0.03914026
0.7789444 0.1703352 0.05072046
0.7851843 0.1648917 0.04992404
0.7813487 0.1677201 0.05093112
0.7869052 0.1537291 0.05936571
0.7763381 0.1708952 0.05276673
0.8106371 0.1390583 0.05030467
0.7863367 0.170153 0.04351025
0.8078979 0.1616337 0.03046835
0.7797666 0.1580937 0.06213968
0.792211 0.1531346 0.05465445
0.7894383 0.1690477 0.04151403
0.7846238 0.1610585 0.0543177
0.7642485 0.1789818 0.05676971
0.7536536 0.1886652 0.05768123
0.7904381 0.1599073 0.04965463
0.7807945 0.1723641 0.04684143
0.7953939 0.1461747 0.05843132
0.7818487 0.1379534 0.08019792
0.7679006 0.1773663 0.05473309
0.7618772 0.1880561 0.05006673
0.7872434 0.1641903 0.04856629
0.7749071 0.1668513 0.05824161
0.7456955 0.1899594 0.06434513
0.7952724 0.1597597 0.04496783
0.7789087 0.1567587 0.06433264
0.7726617 0.1783257 0.04901261
0.7496948 0.1827229 0.06758233
0.7784326 0.1678491 0.05371831
0.7718126 0.1698757 0.0583117
0.7925384 0.1526527 0.05480892
0.7782367 0.1594041 0.06235914
0.7666386 0.1758675 0.0574939
0.793132 0.1541176 0.05275035
0.8068203 0.1425109 0.05066878
0.8188434 0.1394855 0.04167113
0.777551 0.1703349 0.05211407
0.7506434 0.1938394 0.0555172
0.7994681 0.1437319 0.05680003
0.8115901 0.1361246 0.05228529
0.7806774 0.160285 0.05903765
0.7849307 0.1634582 0.05161108
0.7863222 0.1470546 0.06662317
0.7831788 0.1625543 0.05426698
0.785536 0.1599869 0.05447713
0.7702888 0.1732601 0.05645116
0.7710368 0.1797065 0.04925673
0.7784105 0.1640125 0.05757697
0.7784646 0.1657032 0.05583212
0.7601332 0.1780077 0.06185907
0.773833 0.173719 0.05244798
0.7956579 0.1630201 0.04132196
0.7775116 0.1684554 0.05403295
0.7762737 0.1615505 0.06217577
0.7825171 0.166633 0.05084988
0.781626 0.1628616 0.05551238
0.7889112 0.167208 0.04388085
0.795735 0.1381961 0.06606897
0.7967101 0.1550124 0.04827748
0.7769245 0.1694768 0.05359871
0.7755913 0.1712807 0.05312792
0.7835778 0.1568299 0.05959237
0.7663016 0.1703124 0.06338595
0.7698274 0.168293 0.06187962
0.7760714 0.1833447 0.04058397
0.777192 0.1643815 0.05842646
0.7470767 0.1853471 0.0675762
0.7776007 0.1613178 0.06108146
0.7634469 0.1794404 0.05711268
0.781718 0.1691514 0.04913068
0.7867635 0.1615324 0.05170417
0.7636183 0.1773226 0.05905901
0.7469086 0.1877195 0.06537187
0.7839723 0.1676747 0.04835301
0.7794441 0.1670929 0.05346306
0.7824204 0.1564313 0.06114826
0.798585 0.1581538 0.04326117
0.7674228 0.1818025 0.05077466
0.7988821 0.1526439 0.04847401
0.7999746 0.1479686 0.05205679
0.7705597 0.1716066 0.05783375
0.7789169 0.1768656 0.04421752
0.7685695 0.1748885 0.05654196
0.7930937 0.1647454 0.04216095
0.7818415 0.1689797 0.04917875
0.7907246 0.1668665 0.04240888
0.7748773 0.1725914 0.05253126
0.7913946 0.1501008 0.05850466
0.7721068 0.1630898 0.06480346
0.7962725 0.1520514 0.05167608
0.7791642 0.1674675 0.05336834
0.7985176 0.1607468 0.0407356
0.7907755 0.1618778 0.04734675
0.7723056 0.1618168 0.06587759
0.7721511 0.1735404 0.05430856
0.7684836 0.1664411 0.06507527
0.7682665 0.1760186 0.05571491
0.7719532 0.1665641 0.06148271
0.7747531 0.1691871 0.05605984
0.7689675 0.1795336 0.05149887
0.7639527 0.1819108 0.05413654
0.7889618 0.1663386 0.04469959
0.7828778 0.1719089 0.04521333
0.7936194 0.1442795 0.06210106
0.7713996 0.165429 0.0631714
0.7847759 0.1579531 0.05727096
0.7839214 0.1620255 0.05405309
0.7679841 0.1834622 0.04855368
0.7598106 0.1745414 0.06564804
0.7841122 0.1678754 0.04801249
0.7924105 0.1490205 0.058569
0.7752378 0.1782201 0.04654214
0.7751033 0.1665213 0.05837531
0.7914524 0.1570313 0.0515163
0.776832 0.1594317 0.06373623
0.7842032 0.1661819 0.04961487
0.8083875 0.1319356 0.05967683
0.792232 0.1491067 0.05866128
0.7672307 0.1846527 0.04811662
0.7656125 0.1661236 0.0682639
0.7898515 0.1532155 0.056933
0.7724237 0.1833081 0.04426826
0.7829918 0.1616095 0.05539868
0.799972 0.1488379 0.05119012
0.7886648 0.1675711 0.04376411
0.7879909 0.1526774 0.05933174
0.7957713 0.1347999 0.06942873
0.78295 0.1596282 0.05742179
0.7789807 0.1625326 0.05848673
0.8009478 0.1482899 0.05076232
0.7523072 0.1922186 0.05547416
0.7722474 0.1804105 0.04734202
0.7763453 0.1654393 0.05821542
0.7881436 0.1628201 0.04903634
0.793602 0.152689 0.05370905
0.7762723 0.1736308 0.05009685
0.7920167 0.1388926 0.06909071
0.7801473 0.1587274 0.06112529
0.7809422 0.1706058 0.04845196
0.7785562 0.1664984 0.05494539
0.773593 0.1617198 0.06468717
0.7680101 0.1750899 0.05690002
0.7733832 0.1631362 0.06348064
0.7671311 0.1818327 0.05103616
0.7729727 0.1724887 0.05453862
0.7982896 0.1509043 0.05080602
0.7918428 0.1491735 0.05898375
0.7829832 0.1510255 0.06599129
0.7776882 0.1701142 0.05219754
0.76456 0.1821655 0.0532745
0.778288 0.1668323 0.05487971
0.8034766 0.151106 0.04541741
0.7715692 0.1735331 0.05489768
0.7661226 0.1814186 0.05245876
0.7953334 0.1440884 0.06057824
0.7743162 0.1609059 0.06477794
0.7936458 0.1483339 0.05802029
0.7842714 0.1637517 0.05197689
0.7772306 0.1719326 0.0508368
0.7705748 0.1594049 0.07002028
0.8039579 0.1469813 0.04906084
0.7784269 0.1803215 0.04125156
0.7745862 0.1874983 0.03791548
0.779515 0.159034 0.061451
0.77396 0.1773724 0.0486676
0.7478354 0.1955033 0.05666132
0.7847631 0.1615327 0.05370414
0.7680546 0.18538 0.0465654
0.7830855 0.1664388 0.05047566
0.7838877 0.1644263 0.05168597
0.7908858 0.1413325 0.06778172
0.7911088 0.150899 0.05799228
0.7842823 0.1650849 0.05063283
0.783935 0.1565341 0.05953085
0.789013 0.1652616 0.04572538
0.7870857 0.1543488 0.05856545
0.7929421 0.1574433 0.04961455
0.7743395 0.1644381 0.06122239
0.7811614 0.1560159 0.06282261
0.776904 0.1739348 0.04916119
0.7583751 0.1916954 0.04992947
0.7734311 0.1689097 0.05765919
0.8042383 0.1446997 0.05106196
0.7836886 0.1657259 0.05058546
0.7907877 0.158442 0.05077028
0.8063706 0.1464719 0.04715749
0.7902956 0.1603869 0.04931748
0.778749 0.1647372 0.05651385
0.7951656 0.1574118 0.04742257
0.7684102 0.171523 0.0600668
0.7724218 0.1776685 0.04990971
0.7866688 0.1528094 0.06052179
0.7803823 0.1559877 0.06363002
0.7813065 0.1675242 0.0511693
0.7561456 0.195341 0.04851338
0.7677299 0.1669073 0.06536287
0.7765314 0.1595681 0.06390052
0.7691114 0.1642386 0.06665
0.7995345 0.1546227 0.0458427
0.7847172 0.1536282 0.06165459
0.7885784 0.1694036 0.04201802
0.7900955 0.1498508 0.06005362
0.7821166 0.1647848 0.05309863
0.7867364 0.1751965 0.03806707
0.7831224 0.1594704 0.05740728
0.7774967 0.1630716 0.05943169
0.7651676 0.1743771 0.0604553
0.7601595 0.1827743 0.0570662
0.786992 0.1659335 0.04707449
0.7957269 0.148001 0.05627211
0.7780092 0.1682521 0.05373873
0.7639344 0.1744027 0.06166287
0.7648782 0.168545 0.06657682
0.8018914 0.1376382 0.06047042
0.7806325 0.1652216 0.05414592
0.7620265 0.1852786 0.05269496
0.7760788 0.1601116 0.0638096
0.7652799 0.1692862 0.06543395
0.7912398 0.1508324 0.05792773
0.7807837 0.1679926 0.05122371
0.76799 0.1644745 0.06753543
0.7725376 0.168987 0.05847544
0.7711213 0.1756142 0.05326449
0.779365 0.161916 0.05871902
0.7652404 0.1791722 0.05558749
0.7837434 0.1505035 0.0657531
0.7874614 0.153943 0.05859561
0.7911425 0.1448074 0.0640501
0.7771229 0.1711849 0.05169229
0.7952901 0.1551009 0.04960904
0.7905211 0.1452876 0.06419136
0.7917667 0.1552113 0.05302204
0.785384 0.158703 0.05591299
0.7651647 0.1832573 0.05157796
0.7744496 0.1584536 0.06709682
0.770621 0.1856046 0.04377441
0.7862358 0.1623941 0.05137014
0.7893784 0.160116 0.05050556
0.7846253 0.1692594 0.04611533
0.7964576 0.146693 0.0568494
0.7726643 0.1726419 0.05469382
0.7843167 0.1507976 0.06488565
0.7780434 0.1741289 0.04782766
0.7646299 0.1763876 0.05898254
0.7967961 0.1534966 0.04970734
0.7681022 0.1587049 0.07319292
0.7789962 0.1635361 0.05746771
0.7819321 0.1555667 0.06250124
0.7755367 0.1668598 0.05760352
0.7685441 0.1644177 0.0670382
0.7670264 0.1870675 0.04590613
0.7921808 0.1623625 0.0454567
0.7618032 0.1843325 0.05386427
0.7997429 0.1465384 0.05371861
0.789619 0.1722357 0.0381453
0.7834776 0.1604016 0.05612079
0.7608069 0.1702255 0.06896762
0.74696 0.1916404 0.06139963
0.7795657 0.1533286 0.06710564
0.7803633 0.1554283 0.06420836
0.7702432 0.1611013 0.0686555
0.7894049 0.1587797 0.05181546
0.7749998 0.1803662 0.044634
0.8071031 0.1380102 0.05488676
0.7959545 0.1664129 0.03763254
0.7611609 0.1858317 0.05300739
0.7892468 0.1468841 0.06386907
0.784271 0.165402 0.05032699
0.7916902 0.1603675 0.04794229
0.7882371 0.1607501 0.05101273
0.778929 0.1669145 0.05415647
0.7564156 0.1995341 0.04405033
0.7994971 0.148933 0.05156998
0.7776827 0.1643228 0.05799455
0.8063721 0.1384598 0.05516805
0.7730875 0.1703868 0.05652572
0.7796855 0.1684386 0.05187591
0.8024836 0.1436928 0.05382361
0.7789689 0.1745713 0.04645982
0.7848772 0.150652 0.06447081
0.7790956 0.1735522 0.04735221
0.7850064 0.1617897 0.05320392
0.778747 0.1633306 0.05792241
0.7815077 0.1735631 0.04492919
0.7802428 0.1694973 0.05025992
0.7746044 0.1649925 0.06040313
0.7770944 0.1713158 0.05158988
0.7802812 0.163532 0.05618681
0.7714662 0.1785529 0.0499809
0.7825988 0.1581114 0.05928984
0.7825461 0.1531835 0.06427044
0.782524 0.1505882 0.06688783
0.7926422 0.1592688 0.04808896
0.7705115 0.1846917 0.04479679
0.7725864 0.1644841 0.06292953
0.7674205 0.181258 0.05132148
0.7887491 0.1497879 0.06146293
0.8043547 0.1492623 0.04638298
0.7913609 0.1630762 0.04556289
0.7978187 0.1500619 0.05211937
0.762967 0.1740451 0.06298791
0.7773117 0.1693441 0.05334421
0.7769236 0.1728417 0.05023462
0.7628098 0.164041 0.07314923
0.7822081 0.1731218 0.04467019
0.7711887 0.1601985 0.06861283
0.8006471 0.1521679 0.04718496
0.8040667 0.1469079 0.04902543
0.7805325 0.1685617 0.0509058
0.7748458 0.1565042 0.06864998
0.7877475 0.1592615 0.05299099
0.7648319 0.1663213 0.06884682
0.7770169 0.1737212 0.04926185
0.7931047 0.1476202 0.05927508
0.7793846 0.1631686 0.05744684
0.7595172 0.1729513 0.06753144
0.7850474 0.1493052 0.06564732
0.757417 0.1761614 0.06642157
0.7805124 0.1640146 0.05547301
0.7684222 0.177815 0.05376281
0.7716942 0.1556061 0.07269976
0.763147 0.1670511 0.06980188
0.7843833 0.167731 0.04788565
0.8177405 0.1406893 0.04157028
0.7568724 0.1767359 0.06639166
0.7805766 0.172591 0.04683234
0.7654983 0.1832691 0.05123266
0.7928404 0.1633165 0.04384303
0.7774248 0.1737853 0.04878993
0.8046486 0.1478947 0.04745664
0.7801411 0.1600791 0.05977979
0.7987487 0.1446448 0.05660649
0.809022 0.1507657 0.04021233
0.7941083 0.1440025 0.06188923
0.794211 0.146671 0.05911801
0.806846 0.1483788 0.04477517
0.7733618 0.1706795 0.05595869
0.8027009 0.1398382 0.05746091
0.7832009 0.1702978 0.04650134
0.7893291 0.1616492 0.04902176
0.7829229 0.1638767 0.05320036
0.7682078 0.1755405 0.05625176
0.7892596 0.1687712 0.0419692
0.7738916 0.1691742 0.05693421
0.7840798 0.1762595 0.03966071
0.7718733 0.1710637 0.05706305
0.7901895 0.1625757 0.04723483
0.783444 0.1730994 0.04345659
0.7594484 0.1925955 0.04795608
0.7710742 0.1663929 0.06253292
0.7793696 0.1655561 0.05507431
0.7573397 0.1871697 0.05549059
0.80827 0.1316146 0.06011533
0.8067363 0.1525075 0.04075625
0.7854123 0.1580432 0.0565445
0.7823083 0.1732952 0.04439653
0.766258 0.1792747 0.0544673
0.7775363 0.155285 0.06717868
0.7810507 0.1534019 0.0655474
0.7803265 0.1574126 0.06226086
0.8097268 0.1367186 0.05355466
0.7902488 0.1575475 0.05220376
0.7611252 0.1660135 0.07286133
0.8006994 0.1579713 0.04132932
0.7942351 0.1642249 0.04154004
0.7921602 0.1672212 0.04061862
0.7538636 0.1789686 0.06716782
0.7894202 0.1620281 0.04855175
0.7780361 0.1652789 0.05668499
0.7918206 0.1510819 0.05709742
0.7786109 0.1640921 0.05729692
0.7919328 0.1535214 0.05454587
0.7839141 0.1635195 0.05256648
0.7798301 0.1637099 0.05646004
0.7622956 0.1775979 0.06010647
0.796089 0.1464297 0.05748124
0.770947 0.1613894 0.06766362
0.7727472 0.1733195 0.05393329
0.7971361 0.1436795 0.05918442
0.7708008 0.1729915 0.05620775
0.8012765 0.159828 0.03889545
0.8031281 0.1581645 0.03870735
0.7686235 0.1723388 0.05903764
0.7829528 0.1660163 0.05103086
0.7480536 0.1964303 0.05551615
0.7877789 0.1641329 0.04808822
0.7924699 0.1455803 0.06194986
0.7855063 0.1662441 0.04824963
0.7889184 0.1590241 0.0520575
0.7834206 0.1608958 0.05568352
0.755016 0.179102 0.06588206
0.770987 0.1636733 0.06533965
0.7791857 0.1696779 0.05113636
0.7530473 0.1943581 0.05259464
0.7833294 0.1596936 0.05697704
0.7900278 0.1572118 0.05276042
0.7762305 0.163931 0.05983847
0.7882074 0.1654943 0.0462983
0.757306 0.1949237 0.04777034
0.7837126 0.1567637 0.05952377
0.7780371 0.1530391 0.06892381
0.7724406 0.1805491 0.04701028
0.7751425 0.1693634 0.05549418
0.7829288 0.1589483 0.05812294
0.7709783 0.160695 0.06832669
0.7655953 0.183227 0.05117768
0.7761238 0.1767417 0.04713453
0.7828385 0.162908 0.05425345
0.7663959 0.1794876 0.05411655
0.7943751 0.1552154 0.0504095
0.7489795 0.1873875 0.06363301
0.781361 0.16936 0.04927899
0.7807003 0.1642915 0.05500825
0.7740489 0.1707953 0.05515573
0.7769723 0.1760812 0.04694645
0.7713077 0.1817695 0.04692279
0.7926592 0.1513379 0.05600289
0.809947 0.1381069 0.05194608
0.764367 0.1736503 0.06198268
0.7944013 0.1539196 0.05167911
0.788533 0.1453785 0.06608851
0.7857419 0.1538864 0.06037163
0.8045291 0.1520563 0.04341468
0.7620672 0.1691458 0.06878707
0.779822 0.1629353 0.05724275
0.7548971 0.1962302 0.04887273
0.774025 0.1777884 0.04818655
0.7795349 0.1650353 0.05542981
0.778781 0.1575424 0.06367658
0.7705404 0.1707793 0.05868028
0.77679 0.1678644 0.05534558
0.8091815 0.1443052 0.04651328
0.7617222 0.1753195 0.06295824
0.7699215 0.1616564 0.06842213
0.7681375 0.1608216 0.07104086
0.7946449 0.1481071 0.05724798
0.7972542 0.1417254 0.06102037
0.7719919 0.1723919 0.05561629
0.7750999 0.1812134 0.04368676
0.792085 0.158714 0.04920099
0.7989675 0.1531317 0.04790072
0.7752509 0.1579816 0.06676752
0.7937932 0.1542776 0.05192922
0.7696161 0.1852345 0.04514947
0.7697596 0.1777165 0.05252385
0.7784992 0.1720238 0.04947694
0.758996 0.1885703 0.05243374
0.7877949 0.1571354 0.05506975
0.8001665 0.1525167 0.0473168
0.8037462 0.148726 0.04752781
0.768891 0.1748175 0.05629148
0.7498139 0.1815683 0.06861777
0.7754052 0.1741692 0.05042555
0.7785836 0.1711479 0.05026852
0.7827658 0.1612774 0.05595679
0.8071197 0.1468316 0.04604875
0.8154674 0.1352515 0.04928113
0.7720628 0.169809 0.05812824
0.7665424 0.1774126 0.05604499
0.7992864 0.1590648 0.04164879
0.794181 0.1622186 0.04360041
0.7454935 0.1950484 0.05945806
0.7709863 0.1785976 0.05041609
0.7905459 0.1574673 0.05198684
0.789228 0.1530965 0.05767553
0.7880983 0.1629933 0.0489084
0.7810312 0.1664307 0.05253803
0.7582423 0.1880458 0.05371191
0.7891815 0.1478975 0.06292102
0.8047033 0.144276 0.05102073
0.792175 0.156225 0.05160002
0.8103691 0.1509914 0.03863954
0.7664931 0.1597275 0.07377943
0.7838426 0.1642254 0.05193199
0.7817401 0.1623726 0.05588731
0.7803426 0.1658625 0.05379494
0.788147 0.1512458 0.06060725
0.785143 0.152726 0.06213098
0.7944668 0.1546324 0.05090078
0.7968326 0.1563468 0.04682066
0.7738738 0.1665099 0.05961629
0.7958755 0.1396548 0.06446965
0.7996017 0.1457238 0.05467454
0.7853622 0.1712067 0.04343113
0.7746881 0.1734969 0.05181501
0.8100601 0.1353063 0.05463363
0.7761994 0.1688915 0.05490908
0.8014088 0.1470446 0.05154662
0.7838589 0.1562674 0.05987368
0.7746781 0.170877 0.05444493
0.7791442 0.158743 0.06211276
0.7712758 0.1702031 0.05852112
0.7760767 0.1636122 0.06031102
0.7932828 0.1548458 0.05187143
0.7720487 0.1728281 0.05512318
0.7487154 0.1863619 0.06492272
0.784244 0.1662281 0.04952788
0.8068011 0.1262109 0.06698796
0.7958483 0.1501086 0.0540431
0.7848209 0.1712259 0.04395324
0.7641489 0.1729814 0.06286972
0.7712816 0.1592378 0.06948063
0.7745407 0.1657948 0.05966446
0.7745845 0.1687614 0.05665412
0.7902621 0.1542879 0.05545002
0.7802319 0.1505193 0.0692488
0.7818558 0.1675075 0.0506367
0.7901701 0.1645808 0.04524906
0.7631808 0.1780833 0.05873592
0.7692166 0.1837854 0.04699795
0.758679 0.1766092 0.06471173
0.7912243 0.1588375 0.04993822
0.7755438 0.1701366 0.05431966
0.7758227 0.1658597 0.05831755
0.7780366 0.1744654 0.04749792
0.7618771 0.1773304 0.06079253
0.7871421 0.1605552 0.05230261
0.7848308 0.1669917 0.04817757
0.7766015 0.168934 0.05446451
0.8006784 0.1425913 0.0567303
0.7858458 0.1602402 0.05391407
0.7622737 0.1757525 0.06197382
0.7691229 0.1839669 0.04691018
0.7750275 0.1657013 0.05927117
0.763242 0.1723501 0.0644079
0.7733949 0.1644724 0.06213263
0.7630095 0.1725763 0.06441422
0.7890871 0.1546743 0.0562386
0.7646608 0.1787114 0.05662779
0.7829813 0.1667888 0.05022994
0.7792514 0.1706992 0.05004935
0.771837 0.1814649 0.04669815
0.7958936 0.1519353 0.05217102
0.7843421 0.1724765 0.04318139
0.78705 0.1604158 0.05253423
0.77614 0.1672453 0.0566148
0.7749883 0.1724987 0.05251301
0.7921613 0.1601495 0.04768922
0.7845671 0.1714717 0.04396126
0.7890309 0.1594812 0.05148792
0.7730906 0.1800481 0.04686123
0.8004348 0.1555022 0.04406306
0.7797602 0.1612182 0.05902157
0.8080721 0.1406241 0.05130386
0.7829482 0.1546064 0.06244544
0.7487004 0.2022949 0.04900476
0.8004246 0.1613301 0.03824522
0.7906285 0.1684603 0.0409112
0.77239 0.1772197 0.05039037
0.7662342 0.1833656 0.05040024
0.7941227 0.1561186 0.04975874
0.7704906 0.1694516 0.06005779
0.7704748 0.1712423 0.05828292
0.7586858 0.1818383 0.05947593
0.7857797 0.1553419 0.05887846
0.8108373 0.1404443 0.04871842
0.7710147 0.1691636 0.05982171
0.7974286 0.1543893 0.04818213
0.7758415 0.1650789 0.05907958
0.7778829 0.1597524 0.06236471
0.7812002 0.1591057 0.05969406
0.7753958 0.17336 0.05124425
0.7763536 0.1657731 0.05787332
0.7791218 0.1716314 0.0492468
0.7889448 0.1675359 0.04351926
0.7978991 0.141819 0.06028189
0.7662428 0.1752871 0.05847003
0.7866522 0.1565314 0.0568164
0.7794435 0.1596364 0.06092013
0.7907261 0.1646106 0.04466329
0.7956624 0.1600454 0.04429217
0.7711958 0.177368 0.05143615
0.7808503 0.156597 0.06255262
0.7926099 0.1598456 0.04754455
0.761564 0.1792489 0.05918711
0.7670687 0.1745013 0.05842999
0.7775321 0.1774636 0.04500428
0.7967002 0.1589384 0.04436139
0.7866785 0.1651864 0.04813502
0.7674728 0.1674793 0.06504797
0.7936837 0.144215 0.06210131
0.7854072 0.1502112 0.06438154
0.7761045 0.1694051 0.05449045
0.79446 0.1452652 0.06027483
0.7381785 0.186279 0.07554251
0.7825729 0.1720001 0.04542699
0.766746 0.158473 0.07478095
0.8038249 0.1517086 0.04446648
0.7184305 0.2198274 0.06174209
0.7872633 0.1636446 0.04909208
0.7851171 0.1710734 0.0438095
0.7804428 0.1666122 0.05294505
0.7823514 0.1584111 0.0592375
0.790444 0.164981 0.04457494
0.7787306 0.1741933 0.04707609
0.7952822 0.1600754 0.0446424
0.7590794 0.1890231 0.05189751
0.7645096 0.1745235 0.06096694
0.7678073 0.1598553 0.07233746
0.7940705 0.1512924 0.05463709
0.7708103 0.1780313 0.05115839
0.7914731 0.1495162 0.05901075
0.7810195 0.1705295 0.04845102
0.8175212 0.1265579 0.05592096
0.7717605 0.168676 0.05956353
0.7956655 0.1513639 0.05297063
0.788155 0.151133 0.06071207
0.7742667 0.1660043 0.05972906
0.7761524 0.1687288 0.0551188
0.7850956 0.1653343 0.0495701
0.7926955 0.1447024 0.06260205
0.7866171 0.1651278 0.04825514
0.7667689 0.1727986 0.06043244
0.790016 0.1606521 0.04933189
0.7878357 0.1541969 0.05796742
0.7880475 0.1637188 0.04823372
0.7687885 0.1648259 0.06638558
0.7928238 0.1518089 0.05536738
0.7854714 0.1652401 0.04928849
0.7984979 0.1440867 0.05741543
0.777839 0.1788673 0.04329371
0.7819892 0.1716375 0.04637324
0.7861248 0.162201 0.05167417
0.774134 0.1512615 0.0746045
0.7631367 0.1636202 0.07324312
0.7683509 0.1773954 0.05425371
0.7956965 0.1523251 0.0519784
0.7748475 0.1681009 0.05705167
0.7973272 0.1644693 0.03820349
0.7859125 0.1596833 0.05440418
0.7975743 0.1345078 0.06791788
0.7945162 0.1506551 0.05482869
0.798841 0.1476532 0.05350581
0.7957767 0.1540451 0.05017825
0.7590964 0.1688063 0.07209724
0.7776702 0.1704445 0.05188527
0.7885768 0.1621339 0.04928937
0.7744757 0.1655796 0.05994468
0.7944006 0.1525405 0.0530589
0.7532245 0.1853814 0.06139414
0.7919631 0.1590919 0.04894506
0.7740416 0.1581294 0.06782908
0.7685205 0.1693371 0.06214242
0.8151483 0.1382449 0.0466068
0.7749018 0.1731323 0.05196591
0.8028755 0.1345969 0.06252759
0.7798865 0.1531978 0.06691564
0.7962882 0.1574117 0.04630013
0.7823441 0.160793 0.05686286
0.7933695 0.1569324 0.04969812
0.7880484 0.1607391 0.05121251
0.7899751 0.1674519 0.04257307
0.7829442 0.1629982 0.0540576
0.7904 0.1646129 0.04498709
0.7723135 0.1781118 0.04957475
0.8003196 0.160019 0.03966141
0.7826804 0.1702591 0.04706046
0.7876932 0.1639978 0.04830898
0.7826394 0.1660354 0.05132518
0.8034685 0.1474573 0.04907422
0.7864736 0.1553299 0.05819653
0.7974659 0.154686 0.04784811
0.7989581 0.1443657 0.05667616
0.776883 0.1726827 0.05043434
0.7790795 0.1687985 0.05212203
0.7947655 0.1486336 0.05660085
0.7852432 0.1588924 0.05586443
0.7741995 0.1636747 0.06212581
0.7926247 0.1497063 0.05766898
0.7785105 0.1612021 0.06028744
0.7778042 0.1665688 0.055627
0.8041158 0.1517935 0.04409069
0.7773643 0.1702525 0.0523832
0.7960778 0.1622575 0.04166473
0.7687824 0.170473 0.06074459
0.7830756 0.1691069 0.04781758
0.7905828 0.1562503 0.05316696
0.7782059 0.1684649 0.05332929
0.7838647 0.1587198 0.0574155
0.7810561 0.1550165 0.06392746
0.7738032 0.1635631 0.0626337
0.7975181 0.1601785 0.04230333
0.7874073 0.1494772 0.06311549
0.7752434 0.1715816 0.05317496
0.7641688 0.1883405 0.04749075
0.7742044 0.1626284 0.0631672
0.7995684 0.1498426 0.05058901
0.7726171 0.174135 0.05324791
0.779891 0.1586591 0.06144989
0.805786 0.1385939 0.05562017
0.7836015 0.1619011 0.05449743
0.8001544 0.1371582 0.06268743
0.8092321 0.1503332 0.04043472
0.7525167 0.1899525 0.05753073
0.7630907 0.1694449 0.06746438
0.783951 0.1577454 0.0583036
0.7817654 0.1571235 0.06111112
0.7910183 0.1493202 0.05966153
0.773389 0.1673222 0.05928875
0.7727258 0.1815418 0.0457324
0.7839388 0.1595503 0.05651089
0.7853975 0.1564935 0.05810902
0.7923753 0.1484017 0.05922292
0.7975857 0.155023 0.04739126
0.7648782 0.1755999 0.05952197
0.7949077 0.1580802 0.04701209
0.8013116 0.1464707 0.05221772
0.7858665 0.1627377 0.05139575
0.7966386 0.1589641 0.04439725
0.7920213 0.1519266 0.05605215
0.7843147 0.1710801 0.04460519
0.7606359 0.1597948 0.07956935
0.7593918 0.1820626 0.05854558
0.7873826 0.1454546 0.06716282
0.7915125 0.15935 0.04913754
0.7642992 0.1826631 0.05303765
0.7956974 0.1565563 0.04774627
0.7815941 0.1691018 0.0493041
0.7714315 0.1780837 0.05048479
0.75749 0.1660989 0.07641114
0.7756859 0.1533635 0.07095059
0.7571638 0.1778941 0.06494213
0.7766191 0.1665945 0.05678645
0.8007214 0.1499822 0.04929645
0.7915494 0.1614536 0.04699708
0.7763268 0.1654808 0.05819238
0.7979555 0.1435789 0.0584656
0.7758146 0.1768376 0.04734785
0.7761469 0.1654611 0.05839202
0.7942483 0.1397844 0.06596728
0.7972781 0.1560297 0.04669223
0.7888782 0.1634063 0.04771549
0.7824153 0.1542799 0.06330478
0.7807015 0.1638947 0.05540382
0.7811812 0.1683805 0.05043826
0.787961 0.1524269 0.05961211
0.7732466 0.1771039 0.04964955
0.7622327 0.1722081 0.06555919
0.7958021 0.152189 0.0520089
0.7665426 0.1718613 0.0615961
0.7974444 0.1429243 0.05963133
0.7782477 0.1733693 0.04838302
0.7713413 0.1668629 0.06179583
0.7815109 0.1765681 0.04192095
0.7724353 0.1829596 0.04460512
0.7748512 0.1683818 0.056767
0.7829843 0.1726651 0.04435061
0.7729141 0.1655559 0.06152995
0.7956374 0.1513516 0.05301102
0.7881602 0.1548869 0.05695292
0.7718156 0.1777564 0.05042798
0.7919383 0.1506775 0.05738423
0.7775583 0.1550451 0.0673966
0.7607218 0.1810859 0.05819237
0.7869689 0.154478 0.05855306
0.775855 0.168064 0.05608095
0.7874696 0.1716471 0.04088335
0.7754902 0.1633522 0.06115765
0.7705232 0.1571045 0.07237233
0.7547298 0.1788361 0.0664341
0.7833846 0.1599279 0.05668756
0.7595248 0.1773224 0.06315276
0.7764298 0.1679234 0.05564686
0.7758692 0.1684855 0.05564527
0.7825267 0.1646363 0.05283707
0.7788697 0.1567154 0.06441487
0.7970993 0.1352552 0.0676455
0.8020283 0.1501777 0.047794
0.7734353 0.1802522 0.0463125
0.781477 0.1640117 0.0545113
0.7707434 0.1834759 0.04578076
0.8023505 0.1604248 0.03722471
0.7901712 0.1581552 0.05167354
0.7786459 0.1674431 0.05391101
0.7853831 0.1474816 0.06713532
0.7879053 0.1491368 0.06295792
0.791262 0.1526263 0.05611169
0.7867899 0.1603863 0.05282377
0.801171 0.1504418 0.04838727
0.7852241 0.1605634 0.05421249
0.7902076 0.1620477 0.04774472
0.7780194 0.1708649 0.05111568
0.7936472 0.153615 0.05273776
0.7651868 0.1713431 0.06347009
0.7820625 0.1597258 0.05821171
0.7722899 0.1675798 0.06013032
0.7936748 0.1551209 0.0512043
0.8012027 0.1595164 0.03928095
0.7956524 0.1516917 0.05265592
0.8021451 0.1354095 0.06244539
0.7852287 0.1611903 0.05358102
0.7699039 0.1774125 0.05268364
0.7822974 0.1749609 0.04274173
0.7716062 0.1817479 0.04664583
0.7541661 0.1894699 0.05636404
0.795706 0.1541882 0.05010585
0.794145 0.1587007 0.04715434
0.7850175 0.1574668 0.05751573
0.7855652 0.1673518 0.04708299
0.7664577 0.177052 0.05649028
0.7840082 0.1556324 0.06035937
0.775653 0.1710202 0.05332677
0.7872024 0.15355 0.05924757
0.7762916 0.1734334 0.05027491
0.8014044 0.1455656 0.05303002
0.7626858 0.1743455 0.06296863
0.7880592 0.1610722 0.05086858
0.7802998 0.1576818 0.06201842
0.7827309 0.1721968 0.04507225
0.774338 0.1777391 0.04792295
0.7798661 0.1643581 0.05577579
0.7674598 0.167833 0.0647072
0.7772178 0.1696287 0.05315349
0.750378 0.1977818 0.05184022
0.7766314 0.1582336 0.06513502
0.7868213 0.163053 0.05012569
0.7795617 0.168344 0.05209425
0.7599218 0.1866584 0.05341986
0.7787292 0.1634524 0.05781838
0.7935154 0.1506438 0.05584072
0.7712184 0.1568953 0.07188633
0.7864979 0.1586678 0.05483425
0.7705589 0.1713266 0.0581145
0.7661032 0.171032 0.06286478
0.7798586 0.1656973 0.05444406
0.7806278 0.1624635 0.05690868
0.7884362 0.168967 0.04259683
0.8028193 0.1381769 0.05900377
0.7995687 0.1575128 0.04291848
0.7926144 0.1593287 0.04805691
0.7668039 0.1729799 0.06021621
0.7706763 0.1679022 0.06142148
0.7711131 0.1640923 0.0647946
0.7994029 0.1454786 0.05511845
0.7723509 0.1693311 0.058318
0.7594456 0.1853271 0.05522723
0.7842684 0.1577529 0.05797876
0.7697587 0.1659841 0.06425728
0.7702387 0.1751025 0.05465883
0.8030153 0.1545115 0.04247313
0.7930464 0.1539292 0.05302443
0.7883258 0.1625141 0.0491601
0.780779 0.1743929 0.04482816
0.7663627 0.1717532 0.06188413
0.7701159 0.1803553 0.0495288
0.7760148 0.1530291 0.07095612
0.7904839 0.1577263 0.0517898
0.8025666 0.1474943 0.04993913
0.7783303 0.1622641 0.05940553
0.7855186 0.1655335 0.04894786
0.772736 0.1735818 0.0536822
0.7647739 0.1797355 0.05549063
0.7667579 0.1799252 0.05331682
0.7886614 0.1617847 0.0495539
0.7666643 0.1816828 0.05165287
0.7733456 0.1752314 0.05142295
0.7834857 0.1515232 0.0649911
0.803453 0.1381117 0.05843526
0.7894127 0.1539303 0.05665708
0.7671643 0.1820466 0.05078908
0.8023763 0.1500228 0.04760088
0.7874335 0.1517807 0.06078582
0.785604 0.162899 0.05149695
0.7933608 0.1485396 0.0580996
0.7853898 0.1566235 0.05798668
0.7850494 0.172793 0.04215755
0.7974996 0.1459582 0.05654218
0.7712585 0.1740924 0.05464913
0.7751763 0.1767446 0.04807912
0.7726794 0.1809738 0.04634677
0.7830915 0.1646138 0.05229466
0.7854558 0.1569576 0.05758658
0.7651495 0.1737242 0.06112632
0.7673014 0.1641275 0.06857117
0.7598964 0.1906654 0.04943823
0.783622 0.1789283 0.03744966
0.7986716 0.1510002 0.05032819
0.7945392 0.149232 0.05622882
0.7858164 0.15661 0.0575736
0.7947232 0.1529537 0.05232307
0.7891175 0.154823 0.05605953
0.7765224 0.1681729 0.05530467
0.7612177 0.1772611 0.0615212
0.7997841 0.1396997 0.06051614
0.7685405 0.173799 0.05766053
0.7700218 0.1764145 0.05356365
0.785373 0.1571347 0.05749223
0.7703584 0.1839269 0.0457147
0.7806884 0.1656208 0.0536908
0.776276 0.1713999 0.0523241
0.7842163 0.1619671 0.05381653
0.7904296 0.1561713 0.05339915
0.7792514 0.1497222 0.07102645
0.796032 0.1495593 0.05440878
0.7760123 0.1626903 0.06129741
0.7832023 0.1705188 0.0462789
0.7611222 0.1815234 0.05735445
0.7788085 0.1675401 0.05365134
0.7812179 0.1537732 0.06500893
0.7811003 0.165787 0.0531127
0.7888292 0.161231 0.04993984
0.7982333 0.1509605 0.05080613
0.7753768 0.1584469 0.06617636
0.8046502 0.1444066 0.05094319
0.7780739 0.1659776 0.05594848
0.7936765 0.1480931 0.05823033
0.7658623 0.1785098 0.0556279
0.775842 0.1767253 0.04743264
0.764809 0.1834986 0.0516924
0.7901548 0.1539047 0.05594051
0.7983466 0.1485928 0.05306059
0.7981339 0.1367015 0.06516457
0.7707836 0.1790759 0.05014055
0.7711464 0.1745167 0.05433686
0.7902836 0.1474923 0.06222414
0.785786 0.1537082 0.06050582
0.7793243 0.163005 0.05767065
0.7838773 0.1495576 0.06656518
0.7670132 0.1764006 0.05658613
0.7735553 0.1740791 0.05236555
0.7787727 0.1624841 0.05874315
0.7765859 0.1485379 0.07487616
0.7787085 0.1698599 0.05143159
0.7836916 0.1626857 0.05362277
0.7736297 0.1719784 0.05439196
0.7823317 0.1698334 0.04783493
0.7853965 0.1599685 0.05463502
0.7956353 0.1430234 0.06134135
0.7696849 0.1730876 0.05722748
0.7617377 0.1800014 0.05826091
0.783238 0.1648436 0.05191846
0.7746393 0.178565 0.04679576
0.7867134 0.1612539 0.05203274
0.7756209 0.1807724 0.04360666
0.7898465 0.1459023 0.06425125
0.8021999 0.1419193 0.05588076
0.7750869 0.1633206 0.06159257
0.7653143 0.1694471 0.06523867
0.7979941 0.1405685 0.0614374
0.7946239 0.1708854 0.03449074
0.7823347 0.1601171 0.05754815
0.7913002 0.1509368 0.05776302
0.7811051 0.1654618 0.05343311
0.7851581 0.1625519 0.05228997
0.8057372 0.1460817 0.04818107
0.7517929 0.1978686 0.05033852
0.7732604 0.1683259 0.05841368
0.7772312 0.1532771 0.06949167
0.755137 0.1816246 0.06323839
0.7848515 0.1557335 0.05941499
0.7935965 0.1613241 0.04507944
0.7883445 0.1446796 0.06697592
0.7734617 0.1764822 0.05005611
0.7939085 0.1562249 0.04986667
0.7709563 0.1803206 0.04872313
