"p_1" "p_2" "p_3"
0.1702383 0.05259041 0.7771713
0.171804 0.05643265 0.7717633
0.1541236 0.04982321 0.7960532
0.1645354 0.05335458 0.78211
0.1506296 0.05727849 0.7920919
0.1670448 0.05085979 0.7820954
0.1454778 0.05289915 0.8016231
0.1475521 0.04213099 0.8103169
0.160947 0.07446036 0.7645927
0.1629583 0.04996477 0.7870769
0.1487817 0.06206561 0.7891526
0.162651 0.05946191 0.777887
0.1597727 0.05835896 0.7818683
0.1681643 0.05716879 0.7746669
0.1969209 0.04841987 0.7546593
0.1651097 0.06103124 0.773859
0.1785812 0.0576445 0.7637743
0.1618926 0.04569519 0.7924122
0.1410642 0.05420418 0.8047316
0.1742012 0.06217398 0.7636248
0.1815753 0.04712074 0.771304
0.1654336 0.05973741 0.774829
0.1873112 0.05558818 0.7571007
0.1752852 0.0612421 0.7634727
0.1674816 0.04909847 0.78342
0.1944207 0.05440604 0.7511733
0.1767824 0.04464521 0.7785724
0.1806172 0.06200694 0.7573759
0.1550768 0.05660931 0.7883139
0.1582114 0.04815301 0.7936356
0.1559918 0.04931755 0.7946906
0.1569323 0.05371352 0.7893542
0.1643469 0.05526937 0.7803837
0.1667803 0.04925235 0.7839674
0.1611845 0.05159209 0.7872234
0.1804496 0.04189927 0.7776512
0.1540358 0.0427839 0.8031803
0.1579055 0.05544882 0.7866457
0.1611035 0.0483291 0.7905674
0.1574358 0.03869511 0.8038691
0.1620722 0.05024241 0.7876854
0.156855 0.06290079 0.7802442
0.180776 0.05540204 0.763822
0.1537482 0.06874238 0.7775094
0.1743911 0.04679416 0.7788148
0.1640836 0.04419377 0.7917227
0.1582222 0.05550114 0.7862767
0.1554511 0.05496614 0.7895827
0.1543881 0.05554988 0.790062
0.1583598 0.05821399 0.7834263
0.1463974 0.06533455 0.7882681
0.1510227 0.06425933 0.784718
0.1626967 0.04298846 0.7943149
0.1585999 0.06746463 0.7739355
0.1558242 0.03834491 0.8058309
0.1736184 0.05023125 0.7761504
0.1616412 0.04986033 0.7884985
0.1323533 0.04461909 0.8230276
0.1488412 0.04804671 0.8031121
0.1772752 0.04570264 0.7770222
0.17326 0.04773431 0.7790057
0.1645601 0.05653436 0.7789056
0.1691042 0.05362973 0.7772661
0.1435117 0.08753658 0.7689517
0.15856 0.0574736 0.7839664
0.158688 0.049155 0.792157
0.1762547 0.05881215 0.7649332
0.1528349 0.07166286 0.7755023
0.1596911 0.05445139 0.7858575
0.1677861 0.04571161 0.7865023
0.1719751 0.05138559 0.7766393
0.165379 0.05705738 0.7775636
0.1928363 0.05241016 0.7547536
0.1751174 0.04847026 0.7764123
0.1511116 0.07937253 0.7695159
0.1678131 0.05053507 0.7816519
0.1706069 0.04887686 0.7805163
0.1670936 0.04606952 0.7868369
0.1703924 0.07086789 0.7587397
0.1610516 0.0550379 0.7839105
0.1566588 0.06362317 0.7797181
0.1648164 0.04950094 0.7856827
0.16818 0.05033034 0.7814897
0.1616736 0.04722125 0.7911052
0.1700448 0.0665435 0.7634117
0.1516807 0.06444642 0.7838729
0.1711814 0.05641022 0.7724084
0.1593174 0.04968235 0.7910002
0.1783036 0.06596124 0.7557352
0.1502212 0.05158548 0.7981933
0.1655589 0.05024859 0.7841925
0.1841534 0.06291883 0.7529277
0.1636615 0.05380288 0.7825356
0.160629 0.04580709 0.7935639
0.1560008 0.04917171 0.7948275
0.1669267 0.04354168 0.7895316
0.1698555 0.04769904 0.7824454
0.1550029 0.06510339 0.7798937
0.1992075 0.0562498 0.7445427
0.160873 0.05621462 0.7829124
0.1691866 0.07454306 0.7562703
0.158543 0.0593284 0.7821286
0.1331629 0.04989553 0.8169416
0.1471125 0.0619335 0.790954
0.1745917 0.05594979 0.7694585
0.1634813 0.06315133 0.7733674
0.1504505 0.05566982 0.7938797
0.1690945 0.05205575 0.7788497
0.1586221 0.05344146 0.7879364
0.1638204 0.07224385 0.7639358
0.1706918 0.06876573 0.7605424
0.1538345 0.04939405 0.7967714
0.200779 0.05332269 0.7458983
0.167514 0.05895397 0.773532
0.2004855 0.04498432 0.7545302
0.1697147 0.05231578 0.7779695
0.1662087 0.06504094 0.7687503
0.1478851 0.05109503 0.8010199
0.1369971 0.08569766 0.7773053
0.1657206 0.05132979 0.7829496
0.1640444 0.04617523 0.7897804
0.1557279 0.05524821 0.7890239
0.1703213 0.04111975 0.7885589
0.1344426 0.05821072 0.8073467
0.1740255 0.04632164 0.7796528
0.1552141 0.04961302 0.7951729
0.1607012 0.06798369 0.7713151
0.1544705 0.04739576 0.7981338
0.1678946 0.0616701 0.7704353
0.1481544 0.05118065 0.8006649
0.1550271 0.05076846 0.7942044
0.1606393 0.04840727 0.7909534
0.1454362 0.05641745 0.7981463
0.1520735 0.05128908 0.7966374
0.1694688 0.05505254 0.7754787
0.1744757 0.03935115 0.7861732
0.1853904 0.04830146 0.7663081
0.1876723 0.04162453 0.7707031
0.1608381 0.04380909 0.7953529
0.1626688 0.05598069 0.7813505
0.1693007 0.05551605 0.7751833
0.1642247 0.04226099 0.7935143
0.1407671 0.0460767 0.8131562
0.1535146 0.04622984 0.8002556
0.148486 0.05353918 0.7979748
0.1648976 0.05281642 0.782286
0.1616318 0.05143567 0.7869325
0.1826266 0.04822571 0.7691477
0.1777339 0.05010155 0.7721646
0.1733904 0.06252162 0.764088
0.1758287 0.077271 0.7469003
0.1803729 0.06295972 0.7566674
0.1638266 0.05281559 0.7833578
0.1521985 0.05521891 0.7925826
0.163624 0.04673392 0.7896421
0.1711804 0.04804354 0.7807761
0.155935 0.05980618 0.7842588
0.1774836 0.04514177 0.7773746
0.1531386 0.05404567 0.7928158
0.1546992 0.05047041 0.7948304
0.163618 0.06090819 0.7754739
0.165546 0.05824159 0.7762124
0.1776785 0.04810799 0.7742135
0.1732877 0.04033949 0.7863728
0.1485673 0.05941356 0.7920192
0.1505084 0.06686696 0.7826246
0.1658047 0.05966145 0.7745339
0.147256 0.05715323 0.7955908
0.1771655 0.04217188 0.7806626
0.1534285 0.05336349 0.793208
0.1642388 0.04636416 0.789397
0.1582873 0.05101191 0.7907008
0.1824203 0.06135406 0.7562256
0.1789612 0.05569192 0.7653469
0.1662542 0.05318644 0.7805593
0.1732458 0.05740704 0.7693472
0.1624797 0.0578419 0.7796784
0.1700069 0.05064902 0.7793441
0.1553243 0.05124935 0.7934264
0.1750543 0.05495213 0.7699936
0.1756277 0.05303004 0.7713422
0.1635938 0.06060679 0.7757994
0.1618538 0.07425277 0.7638934
0.1815879 0.049421 0.7689911
0.1611237 0.04540132 0.7934749
0.176812 0.06720684 0.7559811
0.1991559 0.05516403 0.7456801
0.1635887 0.05365603 0.7827553
0.18029 0.04382783 0.7758822
0.1720847 0.05506406 0.7728513
0.1834473 0.05300958 0.7635431
0.164069 0.04998828 0.7859427
0.1582181 0.05074092 0.791041
0.1588535 0.04713388 0.7940126
0.1768451 0.04683985 0.776315
0.1830426 0.05313985 0.7638176
0.1796344 0.03959298 0.7807727
0.1503194 0.04931975 0.8003609
0.1523642 0.03860245 0.8090334
0.1802795 0.05531054 0.76441
0.1748322 0.06405834 0.7611095
0.1776965 0.04064015 0.7816633
0.1865423 0.04968618 0.7637715
0.1697712 0.06036203 0.7698668
0.1778069 0.07261599 0.7495771
0.1953672 0.04856837 0.7560644
0.1889225 0.05629844 0.754779
0.1548619 0.04903358 0.7961045
0.1582387 0.03567249 0.8060888
0.1628285 0.05960868 0.7775628
0.1761903 0.0450748 0.7787349
0.1781098 0.05010599 0.7717842
0.1552948 0.04060088 0.8041043
0.1724248 0.05052911 0.7770461
0.1552025 0.06112115 0.7836763
0.1462758 0.04977937 0.8039448
0.1588156 0.04649497 0.7946894
0.1419743 0.05624032 0.8017854
0.1789115 0.04337542 0.7777131
0.1605943 0.04820431 0.7912014
0.1479203 0.04990652 0.8021732
0.154672 0.05120756 0.7941204
0.1571849 0.05185816 0.790957
0.1463021 0.04827385 0.805424
0.1677234 0.04852305 0.7837536
0.1686278 0.04532129 0.7860509
0.1621805 0.04708427 0.7907352
0.1540203 0.06316406 0.7828156
0.1578425 0.05690778 0.7852498
0.1580738 0.06824583 0.7736804
0.1866276 0.0540459 0.7593265
0.1926555 0.05314416 0.7542003
0.1728901 0.0570436 0.7700663
0.1601651 0.04843391 0.791401
0.1628452 0.0547989 0.7823559
0.146201 0.05071446 0.8030845
0.1555834 0.0587316 0.785685
0.1583373 0.05529869 0.786364
0.1521289 0.04927753 0.7985936
0.1695953 0.05414478 0.7762599
0.1766757 0.05411927 0.7692051
0.1476769 0.05673702 0.7955861
0.1470988 0.07427696 0.7786242
0.1753111 0.05350968 0.7711792
0.1720375 0.04687773 0.7810848
0.1575211 0.05404897 0.78843
0.1770169 0.04969186 0.7732912
0.1495314 0.04808272 0.8023859
0.1590552 0.04732732 0.7936174
0.1699331 0.05367575 0.7763911
0.1767407 0.05769268 0.7655666
0.1575855 0.04970767 0.7927068
0.1814115 0.05175548 0.766833
0.1551934 0.05319374 0.7916129
0.1650052 0.05213012 0.7828647
0.176415 0.05523481 0.7683502
0.1614681 0.05278474 0.7857471
0.1854468 0.05118262 0.7633706
0.1712711 0.06153715 0.7671917
0.1740646 0.05017219 0.7757632
0.1538574 0.05185833 0.7942843
0.1831029 0.04708878 0.7698083
0.1619081 0.05582615 0.7822657
0.161313 0.05994993 0.7787371
0.1755468 0.04602398 0.7784292
0.1666192 0.03861069 0.7947701
0.1641558 0.05256709 0.7832771
0.1627266 0.06677252 0.7705009
0.1413985 0.0614912 0.7971103
0.1922336 0.04720262 0.7605638
0.16578 0.05342827 0.7807917
0.1665174 0.05842268 0.77506
0.1660758 0.06361301 0.7703112
0.1712555 0.04343573 0.7853088
0.1672035 0.05681168 0.7759849
0.1488071 0.05918096 0.792012
0.1537105 0.0519543 0.7943352
0.158504 0.05921783 0.7822782
0.1759554 0.04737028 0.7766743
0.1659854 0.05378054 0.7802341
0.1526592 0.04520367 0.8021371
0.1884836 0.05022373 0.7612927
0.1884087 0.0465046 0.7650867
0.1599608 0.0542736 0.7857656
0.1711737 0.06475005 0.7640762
0.1605369 0.05110708 0.7883561
0.1872596 0.05265742 0.760083
0.1600983 0.06284254 0.7770592
0.1673601 0.05585605 0.7767839
0.1525657 0.05952724 0.7879071
0.1797584 0.04923643 0.7710051
0.1616847 0.07347726 0.764838
0.1594669 0.04470837 0.7958247
0.1574311 0.04950615 0.7930627
0.1639981 0.06172752 0.7742744
0.1548588 0.06587665 0.7792645
0.1697379 0.06023629 0.7700258
0.1760287 0.04786974 0.7761016
0.1495897 0.06267532 0.787735
0.1602734 0.05179861 0.787928
0.1771383 0.0454157 0.777446
0.1712099 0.06060206 0.7681881
0.1671312 0.05038207 0.7824867
0.1703923 0.06066522 0.7689425
0.1642971 0.04254167 0.7931612
0.1554747 0.05909529 0.7854301
0.148232 0.06257651 0.7891915
0.182541 0.05906302 0.758396
0.1630999 0.06144195 0.7754582
0.1553766 0.06100316 0.7836202
0.1568989 0.04216965 0.8009314
0.1572495 0.0645556 0.7781949
0.1612293 0.0685315 0.7702392
0.1595535 0.05591958 0.784527
0.156475 0.05716658 0.7863585
0.1575134 0.0658732 0.7766135
0.1627884 0.05314883 0.7840628
0.1684082 0.04599739 0.7855945
0.1774715 0.06810653 0.754422
0.1574322 0.04895036 0.7936175
0.1680299 0.04228089 0.7896892
0.181036 0.05075532 0.7682087
0.1523865 0.05119705 0.7964165
0.154729 0.05779284 0.7874782
0.1885312 0.05142144 0.7600473
0.1877104 0.04997808 0.7623115
0.1668523 0.05398566 0.779162
0.1738835 0.05929396 0.7668226
0.1542063 0.05325284 0.7925408
0.1485359 0.05319088 0.7982732
0.1686294 0.06163138 0.7697392
0.1739753 0.04794084 0.7780839
0.1637835 0.04958425 0.7866323
0.1693112 0.05891799 0.7717708
0.1497287 0.04932044 0.8009508
0.1493113 0.06309784 0.7875909
0.181443 0.04249998 0.776057
0.1673376 0.04384026 0.7888221
0.1854748 0.04561137 0.7689138
0.1902465 0.04253543 0.7672181
0.1649722 0.05873801 0.7762898
0.1689906 0.04898755 0.7820219
0.1321383 0.06045006 0.8074116
0.1621255 0.07104961 0.7668249
0.1916073 0.03634807 0.7720447
0.1688881 0.04606846 0.7850434
0.1620057 0.05878909 0.7792052
0.1670112 0.0661996 0.7667892
0.1649773 0.04525807 0.7897646
0.1553089 0.06609021 0.7786009
0.1855165 0.04826623 0.7662172
0.1629183 0.06416062 0.7729211
0.1777346 0.04888211 0.7733833
0.1703444 0.05641545 0.7732401
0.162808 0.05990859 0.7772834
0.1716483 0.03894075 0.7894109
0.1591468 0.05151073 0.7893425
0.1702487 0.06406966 0.7656816
0.1714966 0.05324451 0.7752589
0.1842381 0.05672498 0.7590369
0.1613915 0.05830254 0.780306
0.1489151 0.04797675 0.8031081
0.1744706 0.0509424 0.774587
0.1661729 0.05504124 0.7787859
0.152742 0.0504276 0.7968304
0.1639265 0.05411244 0.781961
0.1497875 0.06069835 0.7895142
0.1631531 0.06013388 0.776713
0.1879109 0.03884543 0.7732437
0.1675179 0.04678936 0.7856927
0.1553073 0.06961851 0.7750741
0.1654889 0.05607743 0.7784337
0.1768487 0.04545414 0.7776972
0.1691328 0.05671788 0.7741493
0.1951386 0.05872448 0.7461369
0.1578307 0.05122184 0.7909475
0.1710145 0.05377288 0.7752127
0.1527795 0.05329416 0.7939263
0.1615708 0.07240193 0.7660273
0.1730151 0.05117866 0.7758062
0.1609629 0.04777301 0.7912641
0.1546133 0.05981706 0.7855697
0.1621989 0.04809297 0.7897082
0.1576848 0.04848446 0.7938308
0.1662161 0.05017566 0.7836083
0.1573433 0.04127503 0.8013817
0.1460891 0.05510539 0.7988055
0.1426905 0.0447378 0.8125717
0.171958 0.05167872 0.7763633
0.1611523 0.05888076 0.7799669
0.1392826 0.03621208 0.8245053
0.1536296 0.05662146 0.7897489
0.1742543 0.07278656 0.7529591
0.1892983 0.05387733 0.7568243
0.1877178 0.04354249 0.7687397
0.1532275 0.05016381 0.7966087
0.1404479 0.04849792 0.8110542
0.1682242 0.04896591 0.7828099
0.1673372 0.05951145 0.7731513
0.1609327 0.06145879 0.7776085
0.1640162 0.05020227 0.7857816
0.1566906 0.05389346 0.7894159
0.1857531 0.06072055 0.7535264
0.1629134 0.04876325 0.7883233
0.1745205 0.04940982 0.7760697
0.1829231 0.04562842 0.7714485
0.1833224 0.0461227 0.7705549
0.1595378 0.05508103 0.7853812
0.169752 0.08205516 0.7481928
0.1748675 0.04906862 0.7760638
0.1578791 0.06292307 0.7791978
0.1550627 0.05338468 0.7915526
0.1665759 0.05465397 0.7787701
0.1606146 0.05456646 0.784819
0.1651019 0.05150193 0.7833962
0.1772484 0.05370396 0.7690477
0.1573807 0.0557378 0.7868815
0.1760648 0.06852874 0.7554065
0.1683967 0.05449139 0.7771119
0.1581303 0.04830913 0.7935606
0.1376346 0.06272366 0.7996418
0.1550333 0.0529397 0.792027
0.1771886 0.05457395 0.7682375
0.1825393 0.05680646 0.7606543
0.1389636 0.06002819 0.8010082
0.1460862 0.0775383 0.7763755
0.179596 0.05906507 0.7613389
0.1486666 0.08052055 0.7708129
0.148256 0.05550147 0.7962425
0.1392126 0.05807107 0.8027163
0.1664219 0.04607327 0.7875048
0.1668447 0.04388975 0.7892655
0.1655517 0.05014395 0.7843044
0.1582328 0.05805952 0.7837077
0.1631505 0.06370296 0.7731466
0.1847608 0.05822633 0.7570129
0.1705985 0.06046577 0.7689357
0.1752333 0.05385631 0.7709104
0.1547355 0.05184693 0.7934176
0.152533 0.0595272 0.7879398
0.1523685 0.0619913 0.7856402
0.152222 0.06884501 0.778933
0.1726515 0.055967 0.7713815
0.1519512 0.0515716 0.7964772
0.1938094 0.06018199 0.7460087
0.1663053 0.04944934 0.7842454
0.1514256 0.05299675 0.7955777
0.1564539 0.05542237 0.7881237
0.1838583 0.05341171 0.76273
0.1840138 0.04648235 0.7695039
0.156578 0.04407607 0.799346
0.1764523 0.04433026 0.7792174
0.1836728 0.03803684 0.7782904
0.1580713 0.06509662 0.776832
0.1556485 0.04735095 0.7970006
0.1776227 0.05327453 0.7691028
0.1561528 0.0768496 0.7669976
0.1529639 0.05127187 0.7957642
0.1807668 0.05239391 0.7668392
0.1542048 0.04856476 0.7972305
0.162098 0.05219632 0.7857057
0.1592603 0.05910733 0.7816323
0.1759443 0.04650017 0.7775555
0.1534857 0.0536151 0.7928992
0.160692 0.04927366 0.7900344
0.156932 0.04384291 0.7992251
0.1574255 0.05878825 0.7837862
0.1938239 0.05697237 0.7492038
0.1690968 0.05587925 0.7750239
0.1482938 0.06178875 0.7899175
0.148542 0.05301475 0.7984432
0.151166 0.05644852 0.7923855
0.1663151 0.05562059 0.7780643
0.1592894 0.04593937 0.7947712
0.1704626 0.05553117 0.7740062
0.165562 0.05785891 0.776579
0.1519772 0.06689782 0.781125
0.1355835 0.05465641 0.8097601
0.159507 0.05870225 0.7817908
0.1489176 0.06629994 0.7847825
0.1503514 0.06135981 0.7882888
0.1810669 0.04854576 0.7703874
0.1626957 0.04212117 0.7951831
0.174242 0.04587182 0.7798862
0.1383555 0.06021014 0.8014343
0.1530043 0.05284637 0.7941493
0.1758674 0.05497416 0.7691585
0.1495148 0.05031492 0.8001703
0.1736093 0.04538997 0.7810007
0.1684465 0.04522343 0.7863301
0.1619593 0.05523382 0.7828069
0.1626686 0.05687703 0.7804544
0.1415768 0.04704615 0.8113771
0.1471075 0.05500609 0.7978864
0.1731355 0.06202747 0.764837
0.1826094 0.06273909 0.7546515
0.1802236 0.04510026 0.7746762
0.1629301 0.04509175 0.7919782
0.1391101 0.06418923 0.7967006
0.158151 0.05727482 0.7845742
0.1541384 0.0499132 0.7959485
0.1597655 0.05034301 0.7898915
0.1576156 0.06049889 0.7818855
0.1648352 0.04782139 0.7873434
0.1571137 0.04788858 0.7949978
0.1704767 0.04894178 0.7805815
0.1597571 0.05242781 0.7878151
0.143391 0.05477743 0.8018316
0.1725016 0.05084807 0.7766503
0.1931147 0.0407452 0.7661401
0.1610856 0.04955633 0.789358
0.164547 0.03750366 0.7979493
0.1638455 0.05389297 0.7822615
0.1542856 0.06119662 0.7845178
0.1665709 0.05849486 0.7749342
0.1748106 0.06187572 0.7633137
0.1676534 0.05228447 0.7800621
0.1974094 0.05278544 0.7498052
0.1920003 0.06285751 0.7451422
0.1666296 0.06715148 0.7662189
0.1717445 0.04218852 0.7860669
0.169724 0.06319452 0.7670815
0.1578538 0.05851427 0.783632
0.1864024 0.04921877 0.7643788
0.1456808 0.05355491 0.8007643
0.1640417 0.05289366 0.7830646
0.1807599 0.05212015 0.7671199
0.1503865 0.05156764 0.7980458
0.1723008 0.05506637 0.7726329
0.1504377 0.0556723 0.79389
0.1740615 0.04887234 0.7770662
0.1563727 0.05885098 0.7847763
0.1866805 0.03972421 0.7735953
0.1538657 0.04793238 0.7982019
0.1611572 0.04931127 0.7895315
0.1617205 0.0564517 0.7818278
0.1597546 0.06023355 0.7800118
0.1725266 0.04988983 0.7775836
0.1643023 0.05384877 0.7818489
0.153162 0.05884258 0.7879954
0.1635402 0.0471926 0.7892672
0.1574536 0.053275 0.7892714
0.1682636 0.04708393 0.7846525
0.1702333 0.04850083 0.7812658
0.1886898 0.04671175 0.7645984
0.1546425 0.06208761 0.7832698
0.1607894 0.04893792 0.7902727
0.1715345 0.04775878 0.7807067
0.1743713 0.0574242 0.7682045
0.1661686 0.05118492 0.7826465
0.153721 0.04916075 0.7971182
0.1606119 0.05783181 0.7815563
0.1410959 0.05103587 0.8078682
0.1723505 0.05876184 0.7688876
0.1689784 0.05266582 0.7783558
0.1631869 0.06306732 0.7737458
0.1744931 0.04712928 0.7783776
0.1590857 0.05006462 0.7908497
0.1628303 0.05817286 0.7789969
0.163342 0.06058826 0.7760697
0.1556205 0.0641693 0.7802102
0.1571841 0.04903284 0.793783
0.1440613 0.05936717 0.7965715
0.1670356 0.05184321 0.7811212
0.1543804 0.06047839 0.7851412
0.156783 0.04266451 0.8005525
0.1517394 0.06056441 0.7876962
0.166984 0.05949554 0.7735204
0.1598964 0.04457172 0.7955318
0.1695541 0.05002435 0.7804216
0.1513224 0.04431618 0.8043614
0.1546712 0.06685309 0.7784757
0.1551113 0.05920689 0.7856818
0.1762879 0.06279665 0.7609154
0.1518463 0.04496422 0.8031895
0.1705841 0.07136345 0.7580524
0.152288 0.0560988 0.7916131
0.1524366 0.04978008 0.7977833
0.1707767 0.03796555 0.7912577
0.1411236 0.06195008 0.7969263
0.1615568 0.03990985 0.7985333
0.1695252 0.06973905 0.7607357
0.1721004 0.05937289 0.7685267
0.1701289 0.05975144 0.7701197
0.1586405 0.05707242 0.7842871
0.1901036 0.05243327 0.7574632
0.1525937 0.05138958 0.7960167
0.154935 0.04665551 0.7984095
0.1779161 0.04753855 0.7745454
0.1606187 0.06036746 0.7790139
0.1870116 0.06030645 0.7526819
0.1517287 0.05382748 0.7944438
0.1516385 0.05480941 0.7935521
0.1830244 0.07006259 0.746913
0.1566277 0.04948787 0.7938845
0.1674994 0.05498571 0.7775149
0.1721763 0.05324803 0.7745757
0.1565124 0.06145693 0.7820307
0.1652299 0.04923107 0.785539
0.1666737 0.05553637 0.7777899
0.1916579 0.06078053 0.7475616
0.1651429 0.05020166 0.7846554
0.1540079 0.06687639 0.7791157
0.1701234 0.04804073 0.7818359
0.1894035 0.03458443 0.7760121
0.1814507 0.07055543 0.7479938
0.1486717 0.05797885 0.7933494
0.1630331 0.05747792 0.7794889
0.165105 0.05700147 0.7778936
0.1705603 0.04396122 0.7854785
0.1565831 0.05484451 0.7885724
0.1627609 0.05559699 0.7816421
0.172408 0.06290372 0.7646882
0.1638975 0.04789599 0.7882065
0.1526738 0.05813534 0.7891909
0.2015731 0.05293928 0.7454876
0.1650781 0.05726632 0.7776556
0.1887664 0.06045328 0.7507804
0.1974393 0.04734503 0.7552157
0.1611758 0.06237372 0.7764505
0.1651975 0.05613058 0.7786719
0.1494222 0.06002063 0.7905571
0.1693645 0.05360813 0.7770274
0.1797447 0.0630548 0.7572005
0.1660686 0.0449622 0.7889692
0.1727959 0.05186774 0.7753364
0.145369 0.05854223 0.7960888
0.1840266 0.04428901 0.7716844
0.1757452 0.04550032 0.7787545
0.1657337 0.05019586 0.7840704
0.1640449 0.04538578 0.7905694
0.1591901 0.05716591 0.783644
0.1648372 0.05232312 0.7828396
0.1702251 0.06458845 0.7651865
0.1546202 0.04951014 0.7958696
0.1592489 0.06716143 0.7735897
0.1540626 0.06142791 0.7845095
0.1565729 0.04630884 0.7971182
0.1512805 0.05838505 0.7903344
0.1397425 0.06017572 0.8000818
0.1609055 0.05715015 0.7819443
0.1728634 0.03821085 0.7889257
0.1569222 0.05197588 0.791102
0.1588951 0.04751597 0.7935889
0.1628346 0.05640834 0.780757
0.1373413 0.05931239 0.8033463
0.1667779 0.04837549 0.7848466
0.1441174 0.05937822 0.7965044
0.1556662 0.05043267 0.7939011
0.1711069 0.06716247 0.7617306
0.1592169 0.05028032 0.7905028
0.1754863 0.04680825 0.7777054
0.1668543 0.04517572 0.78797
0.1659609 0.05774485 0.7762943
0.1665531 0.06460453 0.7688424
0.1599095 0.04542143 0.7946691
0.15401 0.048517 0.797473
0.1704563 0.05211664 0.7774271
0.1793386 0.05467879 0.7659826
0.1475683 0.05965658 0.7927751
0.1669883 0.04850631 0.7845054
0.160323 0.04748002 0.792197
0.1365673 0.04962742 0.8138053
0.1753814 0.0604602 0.7641584
0.163062 0.07235654 0.7645814
0.1712423 0.05149628 0.7772614
0.1616211 0.04808561 0.7902932
0.1689658 0.07503053 0.7560037
0.1559007 0.04776253 0.7963368
0.1610141 0.06382108 0.7751649
0.1340264 0.05722527 0.8087483
0.1584968 0.06213265 0.7793705
0.1693894 0.0478924 0.7827182
0.1716113 0.05538104 0.7730076
0.1545706 0.04949151 0.7959379
0.1762672 0.08445574 0.739277
0.1627309 0.05866623 0.7786029
0.1604775 0.04463923 0.7948833
0.1780259 0.04701504 0.7749591
0.1621158 0.04537592 0.7925083
0.1654251 0.04017543 0.7943995
0.1530208 0.04733612 0.7996431
0.1618301 0.05451132 0.7836585
0.1479947 0.05502289 0.7969824
0.1881634 0.04532518 0.7665114
0.1647503 0.05224063 0.7830091
0.164687 0.06403232 0.7712807
0.1895671 0.04260223 0.7678307
0.1562614 0.06243592 0.7813027
0.1520432 0.05262905 0.7953277
0.1584928 0.05514145 0.7863658
0.2008138 0.0499003 0.7492859
0.1877507 0.05333087 0.7589184
0.1553924 0.0526605 0.7919471
0.1596478 0.06338347 0.7769687
0.1596792 0.05761983 0.7827009
0.1618029 0.05142187 0.7867752
0.1717532 0.04253961 0.7857072
0.1550702 0.07133943 0.7735903
0.1692857 0.0541672 0.7765471
0.1711823 0.05196765 0.77685
0.1504573 0.05557356 0.7939691
0.1621983 0.07342053 0.7643812
0.1845628 0.06508843 0.7503487
0.1569733 0.06881379 0.7742129
0.1614259 0.05811086 0.7804632
0.1361027 0.05703683 0.8068605
0.1587346 0.05227682 0.7889886
0.1681998 0.04331052 0.7884897
0.1558126 0.05546048 0.7887269
0.1535055 0.03946589 0.8070286
0.157593 0.04908314 0.7933238
0.1493886 0.05552618 0.7950852
0.1769365 0.04988763 0.7731758
0.1660273 0.05131788 0.7826548
0.1377124 0.05328308 0.8090045
0.1439371 0.04430727 0.8117556
0.1438701 0.06642248 0.7897074
0.1524652 0.0592682 0.7882666
0.1729351 0.05092863 0.7761362
0.1587094 0.05211918 0.7891714
0.1652161 0.06025055 0.7745333
0.1498431 0.05171934 0.7984375
0.1916708 0.04866786 0.7596613
0.1503389 0.05636508 0.793296
0.1480397 0.05556175 0.7963985
0.1609715 0.05412126 0.7849072
0.1786053 0.05040824 0.7709865
0.1527527 0.05178222 0.7954651
0.1585139 0.06636956 0.7751165
0.1563667 0.05692199 0.7867113
0.1903571 0.04133889 0.7683041
0.1475333 0.05144356 0.8010231
0.1931714 0.04685372 0.7599749
0.1575834 0.06873317 0.7736834
0.163635 0.05993042 0.7764346
0.1448307 0.05698115 0.7981882
0.1735111 0.05118319 0.7753058
0.1696865 0.05826954 0.772044
0.1616452 0.06083013 0.7775247
0.1731148 0.05230805 0.7745771
0.1639293 0.04947731 0.7865934
0.1743178 0.04933175 0.7763504
0.1767985 0.0562421 0.7669594
0.1839048 0.05691883 0.7591764
0.1714946 0.05857692 0.7699285
0.1650485 0.05349479 0.7814567
0.1665419 0.03795148 0.7955066
0.1754301 0.05197088 0.772599
0.1710359 0.05999303 0.7689711
0.1434143 0.05503102 0.8015546
0.1710917 0.04955491 0.7793534
0.1886758 0.04469915 0.766625
0.1651099 0.05702642 0.7778637
0.1629811 0.06678312 0.7702357
0.1979701 0.04577439 0.7562555
0.1800806 0.05539843 0.7645209
0.1410573 0.05654759 0.8023951
0.1707707 0.05022597 0.7790033
0.1823156 0.05508039 0.762604
0.158516 0.06681174 0.7746723
0.1598582 0.05517714 0.7849646
0.1714689 0.05539828 0.7731328
0.1889575 0.04717567 0.7638668
0.1764525 0.04243799 0.7811095
0.1637806 0.04842483 0.7877946
0.1581156 0.05997453 0.7819099
0.1562599 0.06047367 0.7832664
0.1838702 0.06108449 0.7550453
0.1686004 0.04340026 0.7879993
0.1684541 0.05105662 0.7804893
0.1717842 0.05373786 0.774478
0.161603 0.04610233 0.7922947
0.1825446 0.04842504 0.7690304
0.1597106 0.0451856 0.7951038
0.1501695 0.06844009 0.7813904
0.1672967 0.06260959 0.7700937
0.1510888 0.05350767 0.7954036
0.1783735 0.05862709 0.7629995
0.1608712 0.06176385 0.7773649
0.1823238 0.04684953 0.7708267
0.1688988 0.05977382 0.7713274
0.1480631 0.04743215 0.8045047
0.1518559 0.04809075 0.8000533
0.17032 0.06597751 0.7637025
0.1826413 0.03840368 0.778955
0.1604926 0.04976935 0.7897381
0.1532885 0.04792226 0.7987893
0.1625162 0.05903476 0.7784491
0.1529536 0.04928088 0.7977655
0.1672928 0.06449244 0.7682148
0.1582894 0.05199348 0.7897171
0.1586824 0.04599726 0.7953204
0.1736085 0.05271262 0.7736789
0.1586853 0.05694228 0.7843724
0.1650938 0.05226284 0.7826434
0.1564585 0.05013137 0.7934101
0.165891 0.05902456 0.7750844
0.152995 0.05684833 0.7901567
0.1836067 0.05236749 0.7640258
0.1759536 0.05469275 0.7693537
0.1590681 0.04645205 0.7944798
0.1599747 0.05797925 0.7820461
0.1460772 0.04717993 0.8067429
0.1527556 0.04207806 0.8051664
0.1590368 0.06008823 0.7808749
0.1442792 0.05766795 0.7980529
0.1528857 0.05755119 0.7895631
0.1506334 0.05448722 0.7948794
0.1821136 0.06083468 0.7570517
0.1745824 0.05354808 0.7718695
0.1349827 0.05631706 0.8087002
0.1555459 0.05769557 0.7867586
0.1814443 0.06396273 0.754593
0.1535418 0.06246633 0.7839918
0.1605675 0.05498506 0.7844475
0.1442724 0.06252561 0.793202
0.1597966 0.06773898 0.7724644
0.1507584 0.05183753 0.7974041
0.1557894 0.05865655 0.785554
0.1703142 0.05886061 0.7708251
0.1889478 0.051447 0.7596052
0.1551922 0.04753782 0.79727
0.1576556 0.08226781 0.7600766
0.1529161 0.05873719 0.7883467
0.1678898 0.04683707 0.7852732
0.1725773 0.0598917 0.767531
0.1506339 0.05058586 0.7987802
0.1670282 0.06623711 0.7667347
0.1633361 0.07051487 0.766149
0.1792654 0.05447601 0.7662586
0.1730322 0.05456569 0.7724021
0.176538 0.05236409 0.7710979
0.1546852 0.05149548 0.7938193
0.1740441 0.05982596 0.7661299
0.1727921 0.06059089 0.766617
0.1711652 0.04637253 0.7824622
0.1657085 0.05722558 0.7770659
0.1822241 0.04149768 0.7762782
0.152228 0.05010133 0.7976707
0.1688033 0.05304927 0.7781474
0.1684373 0.04936791 0.7821948
0.1802806 0.06297001 0.7567494
0.1641475 0.05510475 0.7807477
0.1566038 0.06465104 0.7787452
0.155596 0.06039175 0.7840122
0.1605537 0.0453882 0.7940581
0.1651428 0.05166676 0.7831904
0.1634893 0.04671826 0.7897924
0.1625487 0.0511901 0.7862612
0.1600293 0.06629465 0.7736761
0.1441321 0.06058667 0.7952812
0.1660243 0.05245727 0.7815185
0.1604391 0.06126561 0.7782953
0.1813035 0.05814123 0.7605553
0.1726666 0.05682346 0.7705099
0.1797093 0.05784148 0.7624492
0.1767214 0.05710686 0.7661717
0.1499089 0.04546179 0.8046293
0.1579215 0.041824 0.8002545
0.1722127 0.06740982 0.7603775
0.1492405 0.05012689 0.8006327
0.168211 0.05356864 0.7782204
0.1780681 0.0496906 0.7722413
0.1550203 0.06268523 0.7822945
0.1604758 0.05680167 0.7827225
0.1700701 0.04689945 0.7830305
0.1654089 0.05033547 0.7842556
0.1494527 0.05585786 0.7946895
0.1772573 0.05150734 0.7712353
0.1788368 0.05343805 0.7677251
0.1657341 0.06474993 0.769516
0.1571278 0.0648943 0.7779779
0.1656421 0.06373184 0.770626
0.1555605 0.05549742 0.7889421
0.1954607 0.0546428 0.7498966
0.1528396 0.05346455 0.7936959
0.1593774 0.06892172 0.7717008
0.1750166 0.04625478 0.7787287
0.1839298 0.04317375 0.7728965
0.1533348 0.04201065 0.8046546
0.1542025 0.0541802 0.7916173
0.1761174 0.06408463 0.759798
0.1765628 0.04971306 0.7737241
0.1654694 0.05200137 0.7825292
0.1440096 0.05285159 0.8031388
0.156688 0.05374085 0.7895712
0.1531642 0.0547851 0.7920507
0.1737208 0.04940394 0.7768753
0.1603556 0.05310718 0.7865372
0.1587409 0.05640093 0.7848582
0.1676593 0.05451152 0.7778292
0.1622602 0.05191804 0.7858218
0.1698978 0.06400522 0.766097
0.17212 0.05644725 0.7714328
0.14447 0.05635498 0.799175
0.1636836 0.05604907 0.7802673
0.1585564 0.05157879 0.7898648
0.1280765 0.05099943 0.820924
0.1683603 0.05410017 0.7775396
0.1509796 0.05633234 0.7926881
0.1805634 0.0455154 0.7739212
0.1680663 0.06841715 0.7635165
0.1593181 0.06618161 0.7745003
0.1727675 0.05970011 0.7675324
0.1481431 0.06144992 0.790407
0.1622707 0.05650449 0.7812248
0.170271 0.06462557 0.7651034
0.1564141 0.04638027 0.7972057
0.1657526 0.04718801 0.7870594
0.1408755 0.06563374 0.7934907
0.1670989 0.06492103 0.76798
0.1493473 0.05566817 0.7949846
0.1642795 0.05923952 0.7764809
0.1571641 0.06484362 0.7779923
0.1673148 0.06164564 0.7710395
0.1813947 0.05457013 0.7640352
0.1578435 0.04573164 0.7964249
0.1617601 0.06033853 0.7779014
0.1494079 0.05083291 0.7997592
0.1547032 0.05326313 0.7920337
0.1586111 0.04810222 0.7932866
0.1656239 0.03466476 0.7997114
0.1552848 0.05787865 0.7868366
0.1578151 0.03969605 0.8024889
0.1713644 0.0454145 0.7832211
0.1535473 0.0728043 0.7736484
0.16933 0.04476957 0.7859005
0.1962909 0.05427229 0.7494368
0.1492819 0.0637972 0.7869209
0.1667046 0.06094967 0.7723457
0.1813599 0.05704507 0.761595
0.1524607 0.04688237 0.8006569
0.1871491 0.06463513 0.7482158
0.1646477 0.04517381 0.7901785
0.1871711 0.05865454 0.7541743
0.163459 0.06141103 0.7751299
0.1658377 0.04738479 0.7867775
0.1591062 0.05565597 0.7852378
0.167214 0.06232428 0.7704617
0.1517262 0.05293895 0.7953349
0.1682532 0.06027676 0.77147
0.1599782 0.04990654 0.7901153
0.1571619 0.06459038 0.7782477
0.1498239 0.06269906 0.787477
0.1459557 0.05499875 0.7990456
0.1470796 0.06721288 0.7857075
0.1932024 0.05166289 0.7551347
0.1646847 0.05609056 0.7792247
0.1526099 0.06472374 0.7826663
0.1837967 0.06838695 0.7478164
0.1823062 0.06014241 0.7575514
0.1562072 0.07442265 0.7693702
0.1819067 0.07038272 0.7477106
0.1553724 0.05416896 0.7904586
0.1704602 0.06153305 0.7680067
0.1693737 0.04922863 0.7813976
0.1709603 0.0437536 0.7852861
0.1667481 0.05177426 0.7814777
0.1604624 0.05586762 0.78367
0.1561498 0.05475846 0.7890918
0.146277 0.05246511 0.8012579
0.1985265 0.04988457 0.751589
0.1552205 0.04387447 0.800905
0.1586954 0.04577274 0.7955318
0.1693788 0.05413054 0.7764907
0.160791 0.06359378 0.7756152
0.1551768 0.0563508 0.7884724
0.1786904 0.04281136 0.7784982
0.1695416 0.05195365 0.7785048
0.193923 0.06404679 0.7420302
0.1701088 0.05742697 0.7724642
0.1586046 0.04488899 0.7965064
0.1707968 0.0455354 0.7836678
0.156248 0.05324435 0.7905076
0.1663055 0.05387062 0.7798239
0.17219 0.04288047 0.7849296
0.1790341 0.05161923 0.7693467
0.1694296 0.05791164 0.7726587
0.173648 0.05786285 0.7684891
0.1389024 0.05767189 0.8034257
0.144218 0.08169709 0.7740849
0.1492783 0.06470845 0.7860132
0.1562405 0.05464905 0.7891105
0.1729568 0.06247144 0.7645717
0.1519018 0.05335524 0.794743
0.1694707 0.07175535 0.7587739
0.1619453 0.04927163 0.7887831
0.1924698 0.04476514 0.7627651
0.1652178 0.05182705 0.7829552
0.1600311 0.05754889 0.78242
0.1715355 0.04918626 0.7792782
0.1747549 0.06816056 0.7570845
0.1640517 0.04844936 0.787499
0.1756204 0.04918683 0.7751927
0.1584717 0.06358011 0.7779482
0.1541109 0.05892255 0.7869665
0.1682301 0.05852863 0.7732413
0.1669403 0.05630951 0.7767502
0.1711552 0.05667727 0.7721675
0.1709251 0.05937433 0.7697006
0.165871 0.05062705 0.783502
0.1761512 0.0458316 0.7780172
0.1549816 0.05059108 0.7944273
0.1618428 0.05266524 0.785492
0.1339022 0.05937612 0.8067217
0.162879 0.0524292 0.7846918
0.1472597 0.06964204 0.7830982
0.1710588 0.05615575 0.7727854
0.1695808 0.06691923 0.7635
0.1588761 0.05708246 0.7840415
0.1462341 0.0560972 0.7976687
0.1546269 0.05050459 0.7948685
0.1644691 0.04674675 0.7887841
0.1860155 0.05046687 0.7635177
0.1614218 0.05622536 0.7823528
0.1747773 0.05446887 0.7707538
0.156568 0.05666577 0.7867663
0.160348 0.06250455 0.7771475
0.1491458 0.04790623 0.8029479
0.1718538 0.04591457 0.7822316
0.1501824 0.08505203 0.7647656
0.1721369 0.06574451 0.7621186
0.1636519 0.05362693 0.7827212
0.1565339 0.05677248 0.7866936
0.1415829 0.05437807 0.804039
0.1778468 0.04530664 0.7768466
0.1668781 0.06003248 0.7730894
0.1605323 0.06599611 0.7734715
0.1538171 0.05715322 0.7890297
0.1568447 0.04499887 0.7981565
0.1567819 0.05430062 0.7889174
0.152246 0.05254298 0.795211
0.1490531 0.0624555 0.7884914
0.1514075 0.05332598 0.7952665
0.1648845 0.05668818 0.7784273
0.1511138 0.04845819 0.8004281
0.1361852 0.06743342 0.7963814
0.1717648 0.03998065 0.7882545
0.1591632 0.0547746 0.7860621
0.161634 0.06116093 0.777205
0.1543805 0.04885356 0.7967659
0.173948 0.04819423 0.7778577
0.1552678 0.05006003 0.7946721
0.1676346 0.046523 0.7858424
0.1618425 0.05793606 0.7802215
0.1541215 0.05094731 0.7949312
0.1713704 0.05882015 0.7698094
0.166951 0.05398539 0.7790636
0.1622795 0.04681772 0.7909027
0.1750023 0.05196899 0.7730287
0.1621843 0.04714612 0.7906696
0.158678 0.05457191 0.78675
0.165759 0.04543244 0.7888086
0.1390628 0.06439819 0.796539
0.1739797 0.05306076 0.7729595
0.1746339 0.06454034 0.7608258
0.1439273 0.05327172 0.802801
0.1632102 0.05659923 0.7801906
0.1487176 0.0597525 0.7915299
0.1696253 0.04260062 0.7877741
0.1733909 0.05118464 0.7754244
0.1631597 0.0663403 0.7705
0.1551732 0.05607426 0.7887525
0.1635338 0.06074851 0.7757177
0.1616498 0.04944833 0.7889018
0.1706196 0.06470019 0.7646802
0.1778875 0.06199366 0.7601189
0.175712 0.04702036 0.7772677
0.1573225 0.05321113 0.7894664
0.1632545 0.05003437 0.7867111
0.1724253 0.04968101 0.7778937
0.1784418 0.05301974 0.7685384
0.1592318 0.06087841 0.7798898
0.1554033 0.05250873 0.792088
0.162465 0.06811529 0.7694197
0.1877589 0.07212316 0.740118
0.1691651 0.05291641 0.7779185
0.1544277 0.05141506 0.7941572
0.1910794 0.05045388 0.7584667
0.141742 0.05545373 0.8028042
0.1793893 0.05200646 0.7686042
0.1631116 0.05932303 0.7775654
0.1632631 0.05626736 0.7804695
0.1513187 0.05651122 0.7921701
0.1647532 0.05981233 0.7754344
0.160274 0.04917087 0.7905551
0.1897026 0.04174636 0.768551
0.1654682 0.06046432 0.7740675
0.1539753 0.05889191 0.7871328
0.1791151 0.0559757 0.7649092
0.1573756 0.05121898 0.7914054
0.1816633 0.0600222 0.7583145
0.1726849 0.05992623 0.7673889
0.160826 0.05751675 0.7816572
0.1495961 0.05108629 0.7993176
0.2043417 0.05143624 0.744222
0.1888101 0.05375887 0.7574311
0.1851332 0.05718541 0.7576814
0.1837107 0.0543894 0.7618999
0.1600629 0.05998789 0.7799492
0.1541808 0.05641728 0.7894019
0.1608784 0.05213239 0.7869892
0.1277239 0.06263654 0.8096396
0.1708719 0.06015892 0.7689692
0.1566778 0.05824804 0.7850741
0.1742947 0.06209176 0.7636136
0.1487387 0.05040173 0.8008595
0.1628371 0.05010825 0.7870547
0.1329787 0.0628874 0.8041339
0.1779389 0.05809278 0.7639683
0.1888037 0.05393719 0.7572592
0.1428676 0.05610022 0.8010322
0.1572996 0.06745405 0.7752464
0.1593475 0.05988835 0.7807641
0.1522372 0.06932019 0.7784426
0.1481609 0.06553564 0.7863034
0.157749 0.04885715 0.7933939
0.1632044 0.04873535 0.7880602
0.1817696 0.05027657 0.7679538
0.199656 0.04576762 0.7545764
0.1549507 0.05964363 0.7854057
0.164661 0.05026941 0.7850696
0.142752 0.05906068 0.7981873
0.1751929 0.04868156 0.7761255
0.1719437 0.05421781 0.7738384
0.1778183 0.05196652 0.7702152
0.1775443 0.05328107 0.7691746
0.1768879 0.04996941 0.7731427
0.1547304 0.05116601 0.7941036
0.1573401 0.05366482 0.7889951
0.1451279 0.05982216 0.7950499
0.1605456 0.0840561 0.7553983
0.1501521 0.06308634 0.7867616
0.153368 0.05946146 0.7871705
0.1499597 0.04930645 0.8007338
0.1469685 0.06534922 0.7876822
0.1525613 0.0579689 0.7894698
0.1654425 0.0523764 0.7821811
0.169723 0.06192618 0.7683508
0.1691679 0.05092461 0.7799075
0.1692419 0.04562654 0.7851316
0.1534778 0.04781232 0.7987099
0.1343249 0.04786479 0.8178103
0.1761447 0.05725705 0.7665982
0.1728721 0.0445675 0.7825604
0.1565802 0.0643881 0.7790317
0.138976 0.08037724 0.7806467
0.1519802 0.05485962 0.7931602
0.1631942 0.05808835 0.7787174
0.1671335 0.05208817 0.7807783
0.172837 0.04959997 0.7775631
0.1522105 0.05866928 0.7891202
0.1787704 0.05972421 0.7615054
0.1468733 0.05437208 0.7987546
0.160682 0.04877367 0.7905443
0.1533371 0.03920105 0.8074619
0.1697996 0.05125123 0.7789492
0.1734673 0.06299717 0.7635356
0.1689685 0.05839904 0.7726325
0.1754996 0.05480023 0.7697002
0.1518855 0.05898936 0.7891251
0.1742492 0.05331355 0.7724373
0.187261 0.06446531 0.7482737
0.1777517 0.05671033 0.765538
0.1688041 0.0568018 0.7743941
0.1722269 0.06044699 0.7673261
0.1797274 0.05760287 0.7626698
0.154151 0.05328121 0.7925678
0.1678776 0.05120488 0.7809175
0.1679033 0.05253021 0.7795665
0.1633134 0.06013445 0.7765522
0.1462115 0.05367554 0.8001129
0.1678017 0.05495104 0.7772472
0.1719369 0.03067118 0.7973919
0.1520705 0.05907806 0.7888514
0.142479 0.0622906 0.7952304
0.1513404 0.04655547 0.8021042
0.1681876 0.06980049 0.7620119
0.1471124 0.05035989 0.8025277
0.1578314 0.05047396 0.7916947
0.1952659 0.05575158 0.7489825
0.1754061 0.0485511 0.7760428
0.1499158 0.04968878 0.8003954
0.1793745 0.0470994 0.7735261
0.1622389 0.0435821 0.794179
0.1920217 0.05289545 0.7550828
0.1461792 0.05400197 0.7998188
0.1439343 0.05325434 0.8028114
0.1744697 0.04766568 0.7778647
0.1581608 0.05622819 0.785611
0.1628191 0.04941281 0.787768
0.1729162 0.06219574 0.7648881
0.1653917 0.04745707 0.7871512
0.1865229 0.05331711 0.76016
0.160324 0.05604385 0.7836321
0.18102 0.05732079 0.7616592
0.1628892 0.04461631 0.7924945
0.1696953 0.04599537 0.7843093
0.1528872 0.0552516 0.7918612
0.1814317 0.04922451 0.7693438
0.1734168 0.04581942 0.7807638
0.1703781 0.07238862 0.7572333
0.1641401 0.06297455 0.7728853
0.164027 0.05329379 0.7826792
0.1633331 0.05787255 0.7787943
0.1591656 0.07466533 0.7661691
0.1648552 0.06995102 0.7651937
0.1575197 0.0504801 0.7920002
0.1593747 0.04768053 0.7929448
0.1563854 0.04968747 0.7939272
0.1582404 0.05069025 0.7910693
0.1646625 0.0488899 0.7864476
0.1664078 0.05242652 0.7811656
0.1533784 0.05182671 0.7947948
0.168519 0.05334753 0.7781335
0.1545714 0.05375573 0.7916729
0.1591649 0.05134479 0.7894904
0.1715466 0.04570925 0.7827442
0.1456512 0.04760139 0.8067474
0.1706519 0.05054143 0.7788067
0.1596865 0.05156504 0.7887485
0.1686782 0.05158797 0.7797338
0.1733364 0.04672777 0.7799358
0.187879 0.052739 0.759382
0.1604041 0.05114112 0.7884548
0.1718746 0.05816575 0.7699597
0.1756811 0.06055834 0.7637605
0.1669004 0.05732618 0.7757734
0.182462 0.04158556 0.7759524
0.1715907 0.07192445 0.7564849
0.1576768 0.05694929 0.7853739
0.1780137 0.06231742 0.7596689
0.1674071 0.05512343 0.7774695
0.1516731 0.0508653 0.7974616
0.1487308 0.06203875 0.7892305
0.1481893 0.05143532 0.8003754
0.1692151 0.05072978 0.7800551
0.1548637 0.07210022 0.7730361
0.1726183 0.06357463 0.763807
0.1526975 0.04980106 0.7975014
0.1830308 0.05698065 0.7599885
0.1518741 0.06351494 0.784611
0.1585888 0.04262887 0.7987824
0.1620415 0.05157775 0.7863807
0.145525 0.05110681 0.8033682
0.1594071 0.06675331 0.7738396
0.1502747 0.04072106 0.8090043
0.1716717 0.05888885 0.7694395
0.1541263 0.04816816 0.7977056
0.1707949 0.0647622 0.7644429
0.1612641 0.05513726 0.7835986
0.182409 0.0521161 0.7654749
0.1496898 0.04929366 0.8010165
0.1678949 0.0655264 0.7665787
0.1566752 0.05710001 0.7862248
0.1471637 0.04949564 0.8033407
0.1323256 0.05447221 0.8132022
0.1634624 0.0681451 0.7683925
0.1722752 0.05021948 0.7775053
0.1679915 0.06147632 0.7705322
0.1657893 0.05084557 0.7833652
0.1684901 0.05254271 0.7789672
0.1515953 0.05374822 0.7946565
0.161057 0.04277692 0.7961661
0.1556698 0.0561745 0.7881557
0.1756571 0.05183875 0.7725041
0.17934 0.05931694 0.7613431
0.1494925 0.04221234 0.8082952
0.1517759 0.0468585 0.8013656
0.1801866 0.05816405 0.7616493
0.1859462 0.0476842 0.7663696
0.1624772 0.05558352 0.7819393
0.1661329 0.05736927 0.7764979
0.1728385 0.05838164 0.7687798
0.1887263 0.05644083 0.7548329
0.160569 0.06178486 0.7776462
0.1574019 0.0519715 0.7906266
0.161446 0.04392364 0.7946304
0.1738096 0.05807707 0.7681134
0.1738115 0.06868063 0.7575079
0.1653517 0.05422495 0.7804233
0.1579059 0.05483667 0.7872574
0.1773452 0.05351832 0.7691365
0.1647092 0.05884991 0.7764408
0.1619608 0.05254858 0.7854907
0.1855447 0.04315889 0.7712964
0.1607546 0.05715832 0.7820871
0.1555026 0.06556171 0.7789357
0.1658031 0.06583691 0.76836
0.1743658 0.05777293 0.7678613
0.1630766 0.04439761 0.7925257
0.1715607 0.0567702 0.7716691
0.1576949 0.04742986 0.7948753
0.1605565 0.04933685 0.7901067
0.152832 0.05436764 0.7928004
0.1449189 0.05366337 0.8014177
0.1814027 0.05516669 0.7634306
0.1696804 0.05106345 0.7792561
0.1879603 0.05200005 0.7600396
0.1582547 0.0668524 0.7748929
0.1635011 0.05210319 0.7843957
0.1504015 0.06143741 0.7881611
