"p_1" "p_2" "p_3"
0.08030989 0.7431062 0.1765839
0.1059285 0.8244704 0.06960111
0.08013319 0.7194451 0.2004217
0.0351356 0.8436359 0.1212285
0.06213363 0.7702903 0.1675761
0.01884038 0.8224134 0.1587462
0.0506461 0.7996906 0.1496633
0.07821865 0.8268746 0.09490675
0.08768668 0.7630025 0.1493108
0.1039069 0.8128481 0.08324508
0.05922197 0.7722158 0.1685623
0.0125758 0.7503896 0.2370346
0.03790317 0.8322047 0.1298922
0.2007519 0.7603953 0.03885284
0.1080688 0.7124949 0.1794364
0.07671339 0.8353358 0.08795084
0.0987174 0.8172776 0.08400504
0.1871647 0.6811149 0.1317205
0.1648655 0.7939791 0.04115538
0.02544088 0.8152062 0.1593529
0.117626 0.7505689 0.1318051
0.05983909 0.8169113 0.1232497
0.04647772 0.8331507 0.1203716
0.03623003 0.8466126 0.1171574
0.02059919 0.8661892 0.1132116
0.07895884 0.7986546 0.1223866
0.09215902 0.8033341 0.1045069
0.08279937 0.7606207 0.1565799
0.06548767 0.7740221 0.1604902
0.0751804 0.7836883 0.1411313
0.08179192 0.821478 0.09673011
0.05239325 0.7617735 0.1858333
0.02936357 0.8200682 0.1505683
0.03839073 0.7565459 0.2050633
0.08137157 0.8331311 0.08549733
0.08152853 0.7641197 0.1543517
0.05097121 0.7769338 0.172095
0.03394223 0.857626 0.1084318
0.02187332 0.8383242 0.1398024
0.08703879 0.7793972 0.133564
0.1053617 0.7549706 0.1396676
0.07246271 0.7438596 0.1836776
0.1522607 0.7125966 0.1351426
0.1097875 0.8042173 0.08599517
0.04416191 0.7789308 0.1769073
0.09601862 0.8068476 0.09713377
0.04529215 0.7881377 0.1665702
0.03230662 0.8063395 0.1613539
0.02991534 0.8261427 0.1439419
0.03064498 0.7929757 0.1763793
0.0549771 0.8239262 0.1210967
0.06905399 0.6903471 0.2405989
0.07195085 0.77747 0.1505791
0.09603112 0.7258888 0.1780801
0.05082089 0.7729006 0.1762786
0.05515881 0.8081619 0.1366793
0.08116273 0.8163068 0.1025305
0.07446718 0.7837072 0.1418256
0.04173781 0.799513 0.1587492
0.03838512 0.8525238 0.1090911
0.04971953 0.8105806 0.1396999
0.04417714 0.6987038 0.2571191
0.05919668 0.8368076 0.1039957
0.03821961 0.8277667 0.1340136
0.03564866 0.7969804 0.1673709
0.08172086 0.752762 0.1655172
0.06575033 0.7862057 0.148044
0.08546609 0.7306256 0.1839083
0.0650479 0.6992937 0.2356584
0.05975841 0.7753728 0.1648688
0.08710495 0.7758577 0.1370373
0.07594031 0.8083367 0.115723
0.073033 0.8246209 0.1023461
0.07013962 0.8333823 0.09647809
0.1003959 0.8085297 0.0910744
0.07444654 0.8189145 0.106639
0.04069657 0.846856 0.1124474
0.08871476 0.7595581 0.1517271
0.03066828 0.7491001 0.2202316
0.09140433 0.7874846 0.121111
0.06638781 0.7771111 0.1565011
0.05529754 0.7762616 0.1684409
0.1027017 0.7720479 0.1252504
0.03149459 0.7899235 0.1785819
0.0767599 0.8369047 0.08633539
0.02990977 0.8283462 0.141744
0.08072103 0.7793807 0.1398983
0.0294476 0.741133 0.2294194
0.06364442 0.7444895 0.191866
0.0687334 0.8323838 0.09888276
0.04813167 0.8523375 0.09953079
0.05163701 0.7514923 0.1968707
0.06587786 0.8208117 0.1133105
0.02694433 0.7938393 0.1792164
0.02928161 0.8668373 0.1038811
0.08804636 0.8055823 0.1063713
0.06782492 0.8421167 0.09005842
0.03350301 0.8607421 0.1057549
0.04250358 0.800412 0.1570844
0.1077089 0.7839303 0.1083608
0.06811432 0.8325106 0.09937513
0.09869145 0.7585434 0.1427651
0.05626832 0.8145472 0.1291845
0.1360453 0.7882014 0.07575332
0.1284013 0.6977421 0.1738566
0.07893066 0.7296655 0.1914038
0.04094619 0.7397541 0.2192998
0.0252332 0.8339385 0.1408283
0.05267949 0.8436294 0.1036911
0.07143132 0.7562658 0.1723029
0.08277279 0.7534623 0.163765
0.04518101 0.8405875 0.1142315
0.07145284 0.7875852 0.140962
0.05123876 0.8126761 0.1360851
0.0369174 0.8679478 0.09513481
0.1024116 0.7897574 0.1078309
0.04896957 0.8144972 0.1365332
0.0753936 0.8219424 0.102664
0.0374318 0.8417364 0.1208318
0.07930406 0.7258964 0.1947995
0.0827433 0.7212193 0.1960374
0.02857453 0.8710597 0.1003658
0.05647837 0.7315978 0.2119238
0.05009786 0.7930761 0.1568261
0.07457305 0.7074587 0.2179682
0.03646989 0.8705537 0.09297639
0.07374905 0.7331023 0.1931486
0.06922104 0.7465137 0.1842652
0.03938857 0.8289321 0.1316793
0.0956183 0.7871744 0.1172073
0.06020603 0.8447497 0.09504429
0.04166583 0.7989049 0.1594292
0.02922296 0.8934422 0.07733481
0.02760404 0.8378345 0.1345615
0.03726969 0.7534357 0.2092946
0.03673545 0.7428498 0.2204148
0.06907159 0.7619096 0.1690188
0.07007125 0.7971559 0.1327728
0.02693831 0.8349206 0.1381411
0.06203817 0.745332 0.1926298
0.08419333 0.7698454 0.1459613
0.08383781 0.7179336 0.1982286
0.07709108 0.7700882 0.1528207
0.03823367 0.8192881 0.1424782
0.08817856 0.8177626 0.09405881
0.03482912 0.838828 0.1263428
0.03716869 0.8480803 0.114751
0.02870273 0.816921 0.1543762
0.07488884 0.750057 0.1750542
0.06578734 0.8493043 0.08490832
0.03501207 0.8647921 0.1001959
0.04271242 0.7362203 0.2210673
0.03902526 0.8150429 0.1459318
0.04227144 0.872547 0.08518153
0.0347114 0.8577942 0.1074944
0.04297087 0.791272 0.1657571
0.02838316 0.8599011 0.1117157
0.07761067 0.743601 0.1787884
0.05694812 0.8133723 0.1296795
0.0615364 0.8220233 0.1164403
0.04190945 0.8101401 0.1479505
0.07023265 0.822906 0.1068613
0.04731257 0.8714704 0.08121707
0.06187153 0.8138176 0.1243109
0.09058778 0.8310551 0.07835714
0.1117721 0.7782566 0.1099713
0.1200857 0.7736758 0.1062384
0.1372554 0.703369 0.1593756
0.06218426 0.7589938 0.1788219
0.004450541 0.7188725 0.2766769
0.06763173 0.8284293 0.103939
0.03635675 0.7561438 0.2074995
0.04360761 0.791915 0.1644774
0.09041128 0.8270981 0.08249063
0.07818215 0.785647 0.1361709
0.07151468 0.8478801 0.08060521
0.08808635 0.80534 0.1065736
0.0574495 0.8121201 0.1304304
0.03927138 0.74957 0.2111586
0.09643306 0.8104518 0.09311512
0.06859941 0.7923574 0.1390432
0.07920074 0.7993604 0.1214388
0.1083296 0.7847857 0.1068848
0.06130483 0.7733707 0.1653245
0.0513657 0.8109908 0.1376435
0.05109497 0.7524774 0.1964276
0.08604089 0.7883769 0.1255822
0.06523075 0.7858645 0.1489048
0.03535599 0.7780848 0.1865592
0.07116995 0.8301518 0.09867821
0.05183939 0.7798016 0.168359
0.03991976 0.8309497 0.1291306
0.07084829 0.8186243 0.1105275
0.07191442 0.8036862 0.1243993
0.03099042 0.7802502 0.1887594
0.07205877 0.7918142 0.1361271
0.04832328 0.813931 0.1377458
0.1325897 0.7396879 0.1277225
0.09589035 0.749503 0.1546067
0.157446 0.7426259 0.09992809
0.03397927 0.7859204 0.1801003
0.06620343 0.8030466 0.13075
0.05985788 0.7538065 0.1863356
0.06843804 0.7454737 0.1860883
0.01162671 0.7916399 0.1967334
0.02825072 0.7435986 0.2281507
0.0752441 0.8095237 0.1152322
0.04781925 0.8033011 0.1488796
0.07874331 0.8052513 0.1160054
0.01749218 0.7547968 0.227711
0.05525345 0.8130084 0.1317382
0.04816006 0.8224969 0.129343
0.06688788 0.8033698 0.1297423
0.09440077 0.7785326 0.1270666
0.06163316 0.7901967 0.1481701
0.09369994 0.7681225 0.1381776
0.06380338 0.8072024 0.1289943
0.0488631 0.8428801 0.1082568
0.04177803 0.779111 0.179111
0.09393657 0.7440368 0.1620267
0.08252692 0.7798236 0.1376495
0.04604721 0.7651121 0.1888407
0.05197422 0.8157907 0.1322351
0.03249862 0.8111714 0.15633
0.02539783 0.7826155 0.1919866
0.03984938 0.8229357 0.1372149
0.09784152 0.8263087 0.07584975
0.04912862 0.7746238 0.1762476
0.03231642 0.8630123 0.1046712
0.06300783 0.7560556 0.1809365
0.07231307 0.7929872 0.1346997
0.07098301 0.8424378 0.0865792
0.08794011 0.8560062 0.05605365
0.07675174 0.6686733 0.254575
0.05728437 0.8133643 0.1293513
0.0556592 0.7838531 0.1604877
0.04302411 0.7929691 0.1640068
0.05130512 0.8246192 0.1240757
0.03114783 0.8087002 0.160152
0.0737437 0.836901 0.08935531
0.03619265 0.8340203 0.129787
0.04599708 0.8345478 0.1194551
0.06382344 0.851328 0.08484857
0.09065495 0.6506298 0.2587152
0.07305597 0.7800299 0.1469141
0.05838232 0.8314907 0.1101269
0.07506709 0.7470317 0.1779012
0.04825872 0.8093244 0.1424168
0.06953818 0.6387546 0.2917072
0.02330627 0.8643996 0.1122941
0.1029805 0.7550322 0.1419873
0.03376165 0.7963871 0.1698513
0.04635653 0.8261544 0.1274891
0.03532806 0.8305199 0.134152
0.07382203 0.7968126 0.1293654
0.04263057 0.7883983 0.1689712
0.0821316 0.7721061 0.1457623
0.07311064 0.7234383 0.2034511
0.076567 0.8225174 0.1009156
0.08774184 0.7547513 0.1575068
0.08190756 0.7878295 0.1302629
0.07488299 0.8074703 0.1176467
0.1028786 0.7739076 0.1232137
0.070768 0.7885716 0.1406604
0.1275145 0.7050597 0.1674258
0.0307444 0.8198383 0.1494173
0.1283674 0.7689024 0.1027302
0.05578406 0.8039448 0.1402712
0.03333391 0.8329753 0.1336908
0.05738672 0.8059127 0.1367006
0.1613853 0.7320778 0.1065369
0.1597705 0.7113435 0.128886
0.06654172 0.825345 0.1081133
0.05593517 0.7997883 0.1442765
0.04391949 0.8131565 0.142924
0.05355959 0.7742364 0.1722041
0.1528661 0.7735827 0.07355124
0.08707634 0.816967 0.0959567
0.07856975 0.8505838 0.07084648
0.106624 0.7850379 0.1083381
0.07165237 0.8073056 0.1210421
0.05467524 0.815213 0.1301117
0.09143193 0.7492623 0.1593057
0.04922465 0.73573 0.2150453
0.09918298 0.8059453 0.09487173
0.04914891 0.8147109 0.1361402
0.1348247 0.7101551 0.1550202
0.05739538 0.812562 0.1300426
0.06890036 0.8244529 0.1066467
0.08790861 0.7898539 0.1222375
0.1028057 0.7747788 0.1224156
0.06068269 0.8327212 0.1065961
0.03467662 0.7178472 0.2474762
0.03309202 0.8028099 0.1640981
0.05074099 0.7717553 0.1775037
0.04347047 0.7620491 0.1944804
0.1028756 0.7986937 0.09843062
0.04936703 0.8564563 0.0941767
0.04231937 0.8546083 0.1030723
0.04876307 0.7791538 0.1720831
0.08087255 0.7760029 0.1431245
0.06127672 0.7455831 0.1931401
0.08077436 0.7873412 0.1318844
0.06612119 0.7889543 0.1449245
0.06115326 0.781381 0.1574657
0.07266608 0.7889727 0.1383612
0.01726994 0.857811 0.124919
0.02894359 0.8605944 0.110462
0.1555706 0.7179946 0.1264348
0.01802609 0.7737553 0.2082187
0.06115289 0.7975072 0.1413399
0.07684232 0.7557641 0.1673935
0.04162985 0.8086394 0.1497308
0.09362186 0.7656433 0.1407348
0.05213078 0.7406072 0.207262
0.06241427 0.8139683 0.1236175
0.09002872 0.7848936 0.1250777
0.03157349 0.8180907 0.1503358
0.04748661 0.7257278 0.2267855
0.07204274 0.8010187 0.1269385
0.06345692 0.7837422 0.1528009
0.06931952 0.767943 0.1627375
0.06141169 0.7655198 0.1730685
0.1211753 0.7683612 0.1104635
0.07185468 0.7388184 0.1893269
0.079667 0.7835832 0.1367498
0.06535711 0.8043606 0.1302823
0.03530396 0.7558495 0.2088465
0.09510743 0.7486888 0.1562038
0.03114889 0.8748341 0.09401703
0.1518708 0.7583186 0.08981055
0.06695617 0.7998226 0.1332213
0.07441368 0.7405865 0.1849999
0.09432556 0.7434102 0.1622643
0.09217057 0.8197781 0.08805136
0.03789092 0.87573 0.08637909
0.04008888 0.7980315 0.1618796
0.1131814 0.7493419 0.1374767
0.06705515 0.7789721 0.1539727
0.04772843 0.7333859 0.2188856
0.05680657 0.7858806 0.1573129
0.07550569 0.7773064 0.1471879
0.07517936 0.780555 0.1442657
0.05330284 0.7864877 0.1602094
0.07652206 0.8326323 0.0908456
0.07503529 0.8207123 0.1042524
0.04012877 0.8030449 0.1568263
0.03272557 0.8043726 0.1629018
0.03449629 0.8317162 0.1337875
0.03857244 0.7551006 0.2063269
0.0584471 0.8111479 0.130405
0.05412746 0.8039924 0.1418802
0.08256913 0.8137113 0.1037196
0.1046431 0.7813208 0.1140361
0.06597602 0.8132339 0.1207901
0.06049542 0.7546748 0.1848298
0.1125263 0.7647011 0.1227726
0.0642375 0.7389234 0.1968391
0.09391847 0.7965229 0.1095586
0.09055573 0.7852423 0.124202
0.08689228 0.8066913 0.1064165
0.1070924 0.7506556 0.142252
0.07248775 0.7552526 0.1722596
0.009101784 0.8065641 0.1843342
0.05242143 0.8255905 0.1219881
0.06773295 0.7652405 0.1670265
0.05911552 0.7886148 0.1522697
0.06234537 0.7764844 0.1611702
0.08553635 0.7209269 0.1935368
0.09344586 0.7831789 0.1233752
0.03246259 0.7525656 0.2149719
0.04175512 0.7727961 0.1854487
0.07898124 0.8263955 0.09462326
0.05373134 0.830365 0.1159036
0.05178794 0.7996766 0.1485354
0.06078355 0.7712897 0.1679267
0.06798686 0.7810442 0.1509689
0.04102192 0.8191064 0.1398716
0.05098068 0.7871894 0.1618299
0.06501475 0.7594791 0.1755061
0.06284604 0.8222154 0.1149385
0.02817026 0.7726482 0.1991815
0.1014548 0.7349129 0.1636323
0.02328501 0.8256824 0.1510326
0.07104482 0.8025488 0.1264063
0.144401 0.6970795 0.1585195
0.109432 0.7593593 0.1312087
0.0461386 0.7667209 0.1871405
0.04763995 0.810631 0.141729
0.07712193 0.7291172 0.1937608
0.1017664 0.7277463 0.1704873
0.03211347 0.8076562 0.1602303
0.06301145 0.8405201 0.09646844
0.07985816 0.7758181 0.1443238
0.0221588 0.847367 0.1304742
0.05074994 0.7970988 0.1521513
0.0492228 0.8516103 0.09916689
0.02959516 0.8089097 0.1614951
0.05303233 0.783098 0.1638697
0.03071644 0.8509126 0.118371
0.04873216 0.8302062 0.1210617
0.09216207 0.784264 0.1235739
0.06224913 0.751915 0.1858359
0.0708441 0.745893 0.1832629
0.09687852 0.7670453 0.1360762
0.09063323 0.8107634 0.09860341
0.08880222 0.7472886 0.1639092
0.04236753 0.8779604 0.07967204
0.09443904 0.8275819 0.07797905
0.06563834 0.7190517 0.21531
0.07619293 0.7359677 0.1878393
0.0541143 0.8068244 0.1390613
0.0513016 0.7715245 0.1771739
0.04733536 0.7912911 0.1613735
0.06852757 0.8181621 0.1133103
0.06569122 0.8257077 0.1086011
0.02505708 0.8400724 0.1348705
0.04558604 0.8534908 0.1009232
0.03121331 0.7705703 0.1982163
0.07009494 0.8327037 0.0972014
0.05308201 0.7869388 0.1599792
0.06403434 0.7906279 0.1453377
0.06487894 0.8115907 0.1235303
0.08263156 0.7890137 0.1283548
0.03997155 0.8709001 0.0891283
0.07983426 0.7422197 0.177946
0.0574557 0.8079352 0.1346091
0.127623 0.7577936 0.1145834
0.1282935 0.7095556 0.1621509
0.07185533 0.7439068 0.1842379
0.09091565 0.8057576 0.1033268
0.0210522 0.8645842 0.1143636
0.03225532 0.810437 0.1573076
0.05591859 0.8016799 0.1424015
0.03924071 0.776124 0.1846353
0.07260912 0.8293165 0.09807442
0.09275756 0.802684 0.1045584
0.04342172 0.8331745 0.1234038
0.08764438 0.8423383 0.07001736
0.1404583 0.7713839 0.08815786
0.0828926 0.7057282 0.2113792
0.04059417 0.7903913 0.1690145
0.04776239 0.7756755 0.1765621
0.08029258 0.7643254 0.155382
0.04054957 0.7700612 0.1893892
0.08422936 0.7363356 0.1794351
0.07384803 0.7759161 0.1502359
0.06977885 0.8389398 0.09128136
0.08524696 0.7507298 0.1640233
0.1044981 0.6866387 0.2088632
0.07376763 0.7826501 0.1435823
0.05696236 0.802161 0.1408766
0.02580237 0.8400684 0.1341292
0.06042928 0.79433 0.1452408
0.08247337 0.7123234 0.2052033
0.1375944 0.7366926 0.125713
0.07300167 0.7856174 0.141381
0.08180275 0.7768434 0.1413538
0.1198043 0.7290856 0.1511101
0.04170561 0.8144866 0.1438078
0.07044679 0.7615053 0.1680479
0.0631547 0.789119 0.1477263
0.1039751 0.7547394 0.1412856
0.06491841 0.8401046 0.09497704
0.06808654 0.8232889 0.1086245
0.05925137 0.8496151 0.09113354
0.06660246 0.8124594 0.1209382
0.03059307 0.7627633 0.2066436
0.05199275 0.7791025 0.1689048
0.05033956 0.7855199 0.1641405
0.04991655 0.7787358 0.1713477
0.05008917 0.8074262 0.1424846
0.07420784 0.7883484 0.1374438
0.07521309 0.8078891 0.1168978
0.04555707 0.8054731 0.1489698
0.1084751 0.733441 0.1580839
0.04448014 0.8145829 0.140937
0.05751852 0.809358 0.1331235
0.06734633 0.7863546 0.1462991
0.06790516 0.8427321 0.08936274
0.04271136 0.8862374 0.07105122
0.04535339 0.7714075 0.1832391
0.116507 0.6620242 0.2214688
0.07046215 0.7181166 0.2114213
0.05094006 0.849689 0.09937094
0.04512354 0.8425108 0.1123656
0.1214691 0.802021 0.07650988
0.05000031 0.8139032 0.1360965
0.1339712 0.7320253 0.1340035
0.1121476 0.7680832 0.1197692
0.08792732 0.770714 0.1413587
0.03231141 0.858407 0.1092816
0.04276657 0.8876878 0.06954567
0.07550343 0.8385603 0.08593626
0.0672196 0.7945487 0.1382317
0.07368088 0.7468366 0.1794825
0.03754504 0.789847 0.172608
0.04307471 0.8141451 0.1427802
0.06647542 0.8791645 0.05436011
0.1131995 0.762401 0.1243995
0.1198996 0.6994547 0.1806458
0.08095327 0.8239316 0.09511512
0.03177342 0.7388652 0.2293613
0.04006344 0.8787804 0.08115611
0.05946737 0.7702495 0.1702831
0.05589264 0.7857121 0.1583953
0.1120464 0.7585656 0.1293879
0.02300411 0.7914992 0.1854967
0.07393358 0.7573281 0.1687383
0.05573286 0.802718 0.1415492
0.05554306 0.8119836 0.1324733
0.03423972 0.8135455 0.1522148
0.05655328 0.7341267 0.2093201
0.05976944 0.8172883 0.1229423
0.05049669 0.8015342 0.1479691
0.05750271 0.7721566 0.1703407
0.06189461 0.8233126 0.1147928
0.03396891 0.8708486 0.09518251
0.03030888 0.792788 0.1769031
0.03194411 0.8021094 0.1659465
0.06119742 0.8315963 0.1072063
0.05395144 0.7536714 0.1923771
0.05912394 0.7374953 0.2033807
0.0450499 0.7644472 0.1905029
0.05280882 0.7696295 0.1775617
0.03011846 0.8179402 0.1519414
0.1510471 0.710437 0.1385158
0.05042749 0.8808691 0.06870337
0.07821882 0.7936278 0.1281534
0.05060988 0.8831862 0.06620397
0.08117546 0.7660906 0.152734
0.05595154 0.8506729 0.09337559
0.08249142 0.8403352 0.07717343
0.01761066 0.8721446 0.1102448
0.07674188 0.7719467 0.1513114
0.06060432 0.841058 0.09833763
0.05776257 0.864342 0.07789541
0.07425714 0.77332 0.1524229
0.04717725 0.7263496 0.2264732
0.1508983 0.7998195 0.0492822
0.1028195 0.7956046 0.1015759
0.0637432 0.7669661 0.1692907
0.03047533 0.8220879 0.1474368
0.07685216 0.795827 0.1273209
0.05464505 0.8220508 0.1233041
0.04483809 0.8632882 0.09187372
0.1282081 0.7236997 0.1480921
0.09507612 0.787797 0.1171269
0.02838186 0.8670129 0.1046053
0.01749985 0.8232231 0.159277
0.08090007 0.8179014 0.1011986
0.06401773 0.7739754 0.1620069
0.05300005 0.7195068 0.2274932
0.09542975 0.7557643 0.1488059
0.0866529 0.7885038 0.1248433
0.07034665 0.7852504 0.144403
0.05927505 0.8079516 0.1327734
0.06583334 0.775193 0.1589737
0.08129844 0.8031549 0.1155466
0.07794113 0.7957666 0.1262923
0.08721576 0.7797574 0.1330269
0.05955231 0.8070322 0.1334154
0.04784514 0.8068533 0.1453016
0.0656194 0.7204978 0.2138828
0.1299941 0.704429 0.1655769
0.03229174 0.8197426 0.1479656
0.06428745 0.8447158 0.09099679
0.02921719 0.8005014 0.1702814
0.04828131 0.8453743 0.1063444
0.08983187 0.7277221 0.1824461
0.09592318 0.7206987 0.1833781
0.05638108 0.8483233 0.09529567
0.03245149 0.8023889 0.1651596
0.06002282 0.7982612 0.141716
0.03940592 0.8151889 0.1454051
0.08772011 0.7670977 0.1451822
0.0353957 0.8338013 0.130803
0.04540037 0.8399883 0.1146113
0.08639385 0.742973 0.1706331
0.04435629 0.7688377 0.186806
0.03927059 0.8678407 0.09288873
0.04536757 0.7842161 0.1704164
0.06635575 0.8318471 0.1017971
0.04115942 0.8494357 0.1094049
0.04054175 0.848127 0.1113312
0.03527349 0.8093187 0.1554078
0.09818439 0.7826139 0.1192017
0.0492995 0.8334347 0.1172658
0.05819322 0.7824002 0.1594066
0.0534268 0.7940333 0.1525399
0.1061055 0.7085446 0.1853498
0.04794572 0.8634739 0.0885804
0.1271673 0.7543653 0.1184674
0.01868196 0.857419 0.123899
0.06645318 0.8020352 0.1315117
0.063262 0.7795121 0.1572259
0.04178855 0.804996 0.1532154
0.02819672 0.8171074 0.1546959
0.06071543 0.7296414 0.2096432
0.08314767 0.7201091 0.1967432
0.03206652 0.7929189 0.1750145
0.06268454 0.8074966 0.1298189
0.0504767 0.7990322 0.1504911
0.08706004 0.7309137 0.1820263
0.04736709 0.7978857 0.1547473
0.04320465 0.7402307 0.2165646
0.05947438 0.7698076 0.170718
0.04555977 0.7883321 0.1661081
0.04322232 0.8048433 0.1519344
0.08919358 0.7625941 0.1482123
0.07984182 0.8167893 0.1033689
0.03638903 0.8135164 0.1500946
0.04892291 0.8333382 0.1177389
0.0370827 0.82757 0.1353473
0.02366117 0.7421252 0.2342136
0.06779464 0.851496 0.08070937
0.03784031 0.784269 0.1778907
0.06287544 0.7408345 0.1962901
0.08471244 0.7418844 0.1734032
0.06140929 0.7280989 0.2104918
0.02859566 0.8024379 0.1689664
0.05325846 0.7546232 0.1921184
0.0772224 0.7433951 0.1793825
0.06167669 0.7326787 0.2056446
0.06306921 0.8197013 0.1172295
0.07382514 0.8010839 0.1250909
0.09212142 0.7550177 0.1528609
0.05756914 0.751378 0.1910528
0.1042326 0.7862113 0.1095561
0.06001937 0.8571473 0.0828333
0.04961043 0.8212809 0.1291087
0.1220436 0.7288623 0.1490941
0.06211186 0.7571468 0.1807413
0.06100518 0.7765211 0.1624737
0.05832412 0.8280114 0.1136644
0.05068264 0.8327178 0.1165996
0.05796038 0.8280312 0.1140084
0.0802947 0.7847394 0.1349659
0.03914718 0.7886629 0.1721899
0.04245781 0.8178673 0.1396749
0.06485977 0.7890489 0.1460913
0.03642299 0.7590136 0.2045634
0.02807449 0.7746394 0.1972861
0.1036666 0.7541613 0.1421721
0.02797199 0.8088346 0.1631934
0.04860498 0.7990958 0.1522992
0.03290771 0.8329123 0.13418
0.04084567 0.8520401 0.1071142
0.01363819 0.8473334 0.1390284
0.06934524 0.7274829 0.2031719
0.04819534 0.7398911 0.2119136
0.06304578 0.7653575 0.1715967
0.09096755 0.7964775 0.112555
0.06907996 0.7205508 0.2103693
0.05640251 0.8068292 0.1367683
0.04640311 0.751558 0.2020389
0.1030616 0.7667146 0.1302237
0.06670404 0.8261333 0.1071627
0.09591527 0.7810942 0.1229906
0.075439 0.7899079 0.1346531
0.1142441 0.7555458 0.1302101
0.05256144 0.766466 0.1809725
0.03732876 0.8298455 0.1328257
0.03844394 0.7806739 0.1808822
0.08032393 0.771174 0.148502
0.04078852 0.7659401 0.1932713
0.03947494 0.8459 0.1146251
0.07940712 0.7810477 0.1395452
0.05560359 0.7941719 0.1502245
0.06044804 0.8235034 0.1160486
0.07745632 0.7440369 0.1785068
0.03839384 0.847656 0.1139502
0.02843303 0.8966305 0.07493646
0.06710063 0.8164889 0.1164105
0.07131423 0.7916747 0.1370111
0.05908517 0.7870557 0.1538592
0.1632774 0.659657 0.1770656
0.02512944 0.858671 0.1161996
0.06881204 0.7809613 0.1502267
0.01050027 0.8602726 0.1292272
0.0879238 0.7921259 0.1199503
0.0506773 0.8321504 0.1171723
0.04242853 0.7705083 0.1870632
0.04579843 0.8456092 0.1085924
0.05596363 0.7947034 0.149333
0.04981413 0.8148706 0.1353153
0.02395495 0.8665066 0.1095384
0.1292814 0.745562 0.1251566
0.05176899 0.794937 0.153294
0.07401453 0.8488445 0.07714098
0.05567681 0.7974438 0.1468794
0.09796504 0.7813655 0.1206695
0.03471574 0.8534379 0.1118464
0.03695504 0.8721887 0.09085623
0.1216094 0.6907653 0.1876253
0.1229492 0.7628822 0.1141687
0.03509946 0.8919519 0.07294864
0.04153752 0.7841481 0.1743144
0.05533576 0.8016657 0.1429985
0.1021183 0.8129891 0.08489264
0.04057867 0.8622805 0.09714087
0.06257491 0.7600561 0.177369
0.03694137 0.8101798 0.1528788
0.09310125 0.7964971 0.1104017
0.04492853 0.791089 0.1639825
0.05396847 0.8439937 0.1020378
0.0476484 0.8352358 0.1171158
0.0676268 0.7828199 0.1495533
0.05772671 0.8369966 0.1052767
0.1408151 0.792147 0.06703788
0.1586397 0.6324275 0.2089328
0.0855263 0.759532 0.1549417
0.04090221 0.7999923 0.1591055
0.07561387 0.7053401 0.219046
0.07267471 0.794667 0.1326583
0.04320059 0.8442633 0.1125361
0.0497309 0.8494215 0.1008476
0.06025305 0.8367327 0.1030142
0.06409021 0.8102171 0.1256927
0.03767364 0.8143704 0.147956
0.0793636 0.7851441 0.1354923
0.07719797 0.7816077 0.1411943
0.05873972 0.790037 0.1512232
0.0563478 0.7767489 0.1669033
0.05427782 0.7150512 0.230671
0.02212904 0.835016 0.142855
0.04617117 0.7615252 0.1923036
0.07128004 0.822098 0.106622
0.07600739 0.8018449 0.1221477
0.02862052 0.7696612 0.2017183
0.1005807 0.7535241 0.1458951
0.0730332 0.8448501 0.08211674
0.06670636 0.8263189 0.1069748
0.09526124 0.8185478 0.08619092
0.07591562 0.8002703 0.1238141
0.03207217 0.8369801 0.1309477
0.07058598 0.7524438 0.1769703
0.07428586 0.7970359 0.1286782
0.02163453 0.800452 0.1779135
0.09528873 0.7929884 0.1117228
0.1181903 0.6910767 0.190733
0.03356001 0.8396844 0.1267556
0.1150664 0.8061198 0.07881383
0.03919097 0.8289516 0.1318574
0.05223445 0.7412818 0.2064837
0.07298676 0.7959427 0.1310705
0.02378807 0.8932368 0.08297516
0.1487095 0.7602292 0.09106127
0.1470228 0.7458325 0.1071447
0.06237363 0.7437488 0.1938776
0.04473656 0.7632458 0.1920176
0.0570929 0.7341997 0.2087074
0.05577819 0.8214615 0.1227603
0.06326001 0.7831435 0.1535965
0.03533644 0.8168967 0.1477669
0.1033903 0.7678474 0.1287623
0.08987578 0.8150956 0.09502861
0.06314575 0.8005957 0.1362585
0.06269612 0.778189 0.1591149
0.06479898 0.7110768 0.2241242
0.1453185 0.7686393 0.0860422
0.09268632 0.7820513 0.1252624
0.06456865 0.8255337 0.1098976
0.03154781 0.7691702 0.1992819
0.0480405 0.8684724 0.08348705
0.06753922 0.7241356 0.2083252
0.04929374 0.8249726 0.1257337
0.06049406 0.8042901 0.1352159
0.09859616 0.770886 0.1305178
0.04529423 0.8190144 0.1356914
0.03460805 0.8184279 0.146964
0.05554777 0.8194757 0.1249766
0.03574338 0.7638962 0.2003604
0.08216094 0.8035198 0.1143192
0.09081653 0.7613891 0.1477944
0.02455395 0.8569046 0.1185414
0.0440225 0.826876 0.1291015
0.0603972 0.8077598 0.131843
0.04718291 0.8144212 0.1383959
0.05082368 0.8023495 0.1468269
0.03142304 0.8483451 0.1202319
0.07144143 0.7849816 0.143577
0.05199232 0.813231 0.1347767
0.03110147 0.8527822 0.1161164
0.1081125 0.767543 0.1243446
0.05907627 0.819233 0.1216908
0.01114716 0.7661946 0.2226582
0.05272823 0.796142 0.1511297
0.08386857 0.7892646 0.1268669
0.0527998 0.8071462 0.140054
0.06512216 0.7888554 0.1460224
0.06535843 0.7550016 0.1796399
0.1106003 0.7579728 0.1314269
0.07002757 0.8005482 0.1294242
0.048054 0.8324584 0.1194876
0.0530154 0.8324739 0.1145107
0.08793127 0.8033091 0.1087596
0.05655509 0.8071605 0.1362845
0.06834807 0.7473016 0.1843504
0.09995704 0.7711197 0.1289232
0.0677697 0.796813 0.1354173
0.04281239 0.8521513 0.1050363
0.04707749 0.7614634 0.1914591
0.02454953 0.8998336 0.07561691
0.04530865 0.8114804 0.143211
0.09292459 0.7584774 0.148598
0.07593525 0.7591726 0.1648922
0.08578455 0.8292006 0.08501485
0.07743627 0.7483447 0.1742191
0.1075349 0.7762749 0.1161902
0.05371183 0.7735706 0.1727175
0.04332227 0.8213069 0.1353708
0.04249288 0.745854 0.2116532
0.07022773 0.7880891 0.1416831
0.0348073 0.8228982 0.1422945
0.05259869 0.87398 0.07342126
0.05458203 0.7988889 0.1465291
0.0449129 0.8388141 0.116273
0.05596755 0.7745935 0.169439
0.07375605 0.8317899 0.09445403
0.09935678 0.740502 0.1601412
0.02371869 0.8499068 0.1263745
0.06552971 0.7505035 0.1839668
0.02202197 0.8904322 0.08754584
0.03901792 0.7658057 0.1951764
0.03886282 0.7483797 0.2127575
0.1046832 0.7053704 0.1899463
0.04796292 0.8034763 0.1485608
0.08395554 0.7671662 0.1488783
0.06810347 0.8049499 0.1269466
0.08013675 0.7279573 0.191906
0.06045863 0.7738649 0.1656765
0.05394146 0.8177013 0.1283573
0.07595841 0.7841733 0.1398683
0.09000807 0.8146285 0.09536344
0.05334835 0.8208832 0.1257685
0.02799107 0.8332728 0.1387361
0.1412381 0.7228516 0.1359103
0.02369784 0.8759839 0.1003182
0.110083 0.7993835 0.09053358
0.08060165 0.7955118 0.1238866
0.05805206 0.7924899 0.1494581
0.06741785 0.737483 0.1950991
0.05146345 0.7984952 0.1500414
0.0559658 0.752715 0.1913192
0.1119015 0.7250535 0.1630449
0.08662613 0.7663758 0.1469981
0.05340129 0.8302908 0.1163079
0.03018544 0.8795679 0.09024663
0.09601553 0.7691815 0.134803
0.08590004 0.7673678 0.1467322
0.0645611 0.7680634 0.1673755
0.049079 0.7511075 0.1998135
0.126917 0.7283431 0.1447399
0.0378925 0.8315509 0.1305566
0.04094948 0.7925781 0.1664724
0.03811472 0.7538436 0.2080417
0.06672 0.8007751 0.1325049
0.1464788 0.715471 0.1380502
0.0665201 0.7780062 0.1554737
0.05804055 0.7610126 0.1809469
0.07898027 0.7918692 0.1291505
0.05167668 0.7942581 0.1540652
0.09451318 0.7516749 0.153812
0.07286825 0.7674681 0.1596637
0.07308487 0.8272829 0.09963223
0.08434993 0.7846431 0.131007
0.02075632 0.7395013 0.2397424
0.06056608 0.8127301 0.1267039
0.07696622 0.8202225 0.1028113
0.0582488 0.7691003 0.1726509
0.07166923 0.7814479 0.1468829
0.07217374 0.7999092 0.1279171
0.04946205 0.7987343 0.1518037
0.04572271 0.7671588 0.1871185
0.07840876 0.7700831 0.1515081
0.04407284 0.8333798 0.1225474
0.03151162 0.8236642 0.1448242
0.09985443 0.7734323 0.1267133
0.04340676 0.8102242 0.146369
0.04477396 0.8012088 0.1540172
0.07258859 0.7913526 0.1360588
0.02687311 0.7921286 0.1809983
0.03989248 0.8568742 0.1032333
0.03159789 0.869673 0.09872912
0.03463401 0.8337927 0.1315733
0.09913091 0.8047289 0.09614017
0.05373553 0.8248426 0.1214219
0.05622742 0.8400008 0.1037717
0.03001575 0.8063309 0.1636533
0.04438761 0.747618 0.2079944
0.05684377 0.8317736 0.1113826
0.08122838 0.8408871 0.07788449
0.08987907 0.753778 0.1563429
0.06635207 0.741574 0.1920739
0.02163443 0.8639527 0.1144129
0.07280088 0.7889919 0.1382072
0.06010704 0.7927077 0.1471852
0.07595374 0.7589206 0.1651257
0.04897813 0.7076561 0.2433658
0.06986282 0.7375063 0.1926309
0.05072649 0.8393866 0.1098869
0.03084927 0.7857021 0.1834487
0.06740396 0.8501198 0.08247627
0.0550306 0.8471439 0.09782553
0.05360072 0.8190827 0.1273166
0.08742124 0.7746089 0.1379699
0.04476166 0.8430017 0.1122366
0.0796386 0.7656122 0.1547492
0.05107557 0.8055284 0.143396
0.05836578 0.8243435 0.1172907
0.1027587 0.8078846 0.08935673
0.06613511 0.8162217 0.1176432
0.1229425 0.7585617 0.1184958
0.1393077 0.7363645 0.1243277
0.08621041 0.8089461 0.1048435
0.09117449 0.8134125 0.095413
0.02875827 0.836615 0.1346267
0.03970845 0.8379711 0.1223204
0.054894 0.7582342 0.1868718
0.08030311 0.7508246 0.1688723
0.05044784 0.8549835 0.09456862
0.04058618 0.8224748 0.136939
0.05109888 0.7962164 0.1526847
0.07391778 0.8085303 0.1175519
0.06276785 0.8395536 0.09767858
0.08742354 0.7672488 0.1453277
0.1058081 0.7551086 0.1390832
0.0420526 0.8366717 0.1212757
0.0249556 0.8393025 0.1357419
0.04859821 0.8408138 0.110588
0.04722773 0.8423294 0.1104428
0.1339974 0.7320987 0.1339039
0.06357531 0.8513961 0.0850286
0.07984879 0.7978321 0.1223191
0.05467773 0.8235984 0.1217238
0.06998591 0.7891438 0.1408703
0.07196579 0.8058212 0.122213
0.1151775 0.7578633 0.1269592
0.07331792 0.7519391 0.1747429
0.05798726 0.7944349 0.1475779
0.02800226 0.8041206 0.1678771
0.04813749 0.7446329 0.2072297
0.05050179 0.8669481 0.08255008
0.1412075 0.6771991 0.1815934
0.0837339 0.7824548 0.1338113
0.07347714 0.7604989 0.166024
0.03517291 0.7717122 0.1931149
0.02592573 0.8406854 0.1333888
0.04011695 0.7892847 0.1705984
0.04379462 0.8036219 0.1525834
0.05842337 0.8546177 0.08695893
0.07353889 0.7747177 0.1517434
0.09675453 0.7479269 0.1553185
0.100671 0.7676765 0.1316526
0.05446052 0.8036339 0.1419055
0.0629396 0.803764 0.1332964
0.09837366 0.8004576 0.1011687
0.09003344 0.7454312 0.1645354
0.03734613 0.8701453 0.09250852
0.03621214 0.7485037 0.2152841
0.0550425 0.8175859 0.1273716
0.03915026 0.7950405 0.1658093
0.04424036 0.8168503 0.1389094
0.06105598 0.7734792 0.1654648
0.08333777 0.8087369 0.1079254
0.05457999 0.8336774 0.1117426
0.05600189 0.8073451 0.136653
0.04570551 0.7795609 0.1747336
0.04252705 0.8756079 0.08186501
0.03631978 0.7841397 0.1795405
0.04615762 0.832924 0.1209184
0.09592577 0.7678388 0.1362354
0.03911415 0.8264033 0.1344825
0.08761287 0.778271 0.1341161
0.07248202 0.7680129 0.1595051
0.03780116 0.8148945 0.1473043
0.05612178 0.8150123 0.1288659
0.07496575 0.7991328 0.1259015
0.02981031 0.8679876 0.1022021
0.07786078 0.8215486 0.1005907
0.07111554 0.6979521 0.2309324
0.07582141 0.8123318 0.1118468
0.06284293 0.7838512 0.1533059
0.03020068 0.852672 0.1171273
0.08270386 0.7900677 0.1272284
0.06839691 0.8424128 0.08919031
0.03843678 0.8015411 0.1600221
0.02804776 0.821965 0.1499873
0.06694842 0.7530551 0.1799965
0.04133957 0.7323692 0.2262913
0.1268739 0.7638559 0.1092702
0.07426855 0.8057135 0.1200179
0.03465942 0.8172362 0.1481044
0.06424469 0.7420877 0.1936676
0.07625074 0.8248818 0.09886743
0.109323 0.7275721 0.1631049
0.09173093 0.8013718 0.1068973
0.04929365 0.7256338 0.2250725
0.05861029 0.8004637 0.140926
0.06325083 0.8687573 0.06799186
0.05453348 0.8651984 0.08026808
0.0851351 0.7839917 0.1308732
0.09787509 0.7515554 0.1505695
0.03343566 0.8378992 0.1286651
0.03277655 0.8183287 0.1488948
0.06269008 0.7957514 0.1415585
0.1698304 0.7558672 0.0743024
0.08557518 0.7727556 0.1416693
0.03195489 0.8509775 0.1170676
0.04620047 0.8424493 0.1113503
0.08375975 0.7751898 0.1410504
0.1032259 0.7221674 0.1746067
0.04207582 0.818329 0.1395952
0.06901841 0.7701366 0.160845
0.0426683 0.7928614 0.1644703
0.0368493 0.7991086 0.1640421
0.05185816 0.8144324 0.1337095
0.04777863 0.7928599 0.1593615
0.02215919 0.8500837 0.1277572
0.05605626 0.7342308 0.209713
0.07156037 0.7883955 0.1400442
0.04651106 0.7928263 0.1606626
0.06523398 0.812509 0.122257
0.03368876 0.8345703 0.131741
0.07929467 0.7720243 0.148681
0.03662892 0.7518546 0.2115165
0.06203017 0.8035847 0.1343851
0.07386749 0.766124 0.1600085
0.09985609 0.7884746 0.1116693
0.04411888 0.8032252 0.1526559
0.02525952 0.787005 0.1877355
0.04699961 0.7308919 0.2221085
0.04653202 0.8714576 0.08201037
0.07219626 0.7751073 0.1526965
0.09519074 0.7814948 0.1233144
0.04555323 0.7750534 0.1793933
0.09117338 0.7309486 0.177878
0.0421621 0.7804343 0.1774036
0.05255264 0.7217964 0.225651
0.09320215 0.8024964 0.1043014
0.09270348 0.8287133 0.07858322
0.07970285 0.7582391 0.1620581
0.04243761 0.8101114 0.147451
0.06394238 0.7801903 0.1558673
0.03179129 0.8178939 0.1503148
0.0984577 0.7261674 0.1753749
0.05325241 0.8019854 0.1447622
0.06129443 0.7829664 0.1557392
0.04529014 0.8186135 0.1360964
0.04953825 0.8038393 0.1466224
0.0668863 0.7677214 0.1653923
0.03843465 0.8057505 0.1558148
0.04778411 0.7740706 0.1781453
0.1842652 0.7354836 0.08025115
0.05805353 0.7813325 0.1606139
0.04895646 0.8254906 0.1255529
0.01491224 0.7633008 0.221787
0.07182455 0.8023873 0.1257881
0.02083206 0.8454989 0.133669
0.0424889 0.8553474 0.1021637
0.136976 0.7606758 0.1023482
0.06635425 0.7967483 0.1368975
0.08466353 0.6425577 0.2727788
0.07865923 0.7284593 0.1928814
0.03171968 0.7937473 0.1745331
0.08875772 0.6864667 0.2247755
0.03917712 0.8038469 0.156976
0.05667253 0.7870426 0.1562849
0.1252795 0.7471663 0.1275542
0.05348917 0.8168162 0.1296947
0.09607007 0.766 0.1379299
0.08407739 0.7676847 0.1482379
0.1583801 0.753799 0.08782089
0.1008797 0.8117043 0.08741592
0.08093859 0.8172298 0.1018316
0.07721956 0.7741779 0.1486025
0.05243682 0.7748082 0.172755
0.1338415 0.7906339 0.07552458
0.05884943 0.8310129 0.1101376
0.04783451 0.7938763 0.1582892
0.06660199 0.8156575 0.1177405
0.03742342 0.7597955 0.202781
0.04559834 0.8368166 0.117585
0.05320838 0.7751926 0.1715991
0.06687845 0.8329739 0.1001476
0.03664367 0.7805754 0.1827809
0.03531032 0.741454 0.2232356
0.1481193 0.7505161 0.1013646
0.1007584 0.8348402 0.06440135
0.04822226 0.7868873 0.1648904
0.0683694 0.8414884 0.09014215
0.06485805 0.8274041 0.1077379
0.04960536 0.7853979 0.1649968
0.06387779 0.7971256 0.1389967
0.03966622 0.8225254 0.1378084
0.07597732 0.7896157 0.134407
0.1094345 0.7447389 0.1458266
0.07130721 0.7692615 0.1594313
0.07357901 0.8360623 0.0903587
0.08263657 0.7266628 0.1907007
0.06356244 0.8075406 0.128897
0.1131104 0.7749383 0.1119513
0.1403415 0.7722446 0.08741393
0.07667685 0.8452442 0.07807898
0.05260401 0.7855496 0.1618464
0.08660968 0.7477987 0.1655916
0.07978625 0.8164737 0.10374
0.1203464 0.7060508 0.1736027
0.06528801 0.8023121 0.1323999
0.02056974 0.840403 0.1390272
0.07134098 0.8201365 0.1085225
0.03361666 0.8264916 0.1398917
0.1335655 0.7654537 0.1009808
0.05916089 0.7663568 0.1744823
0.05324744 0.8365608 0.1101917
0.08992375 0.7429188 0.1671575
0.06121208 0.787989 0.1507989
0.03164307 0.8355302 0.1328267
0.1015668 0.7134645 0.1849687
0.06188291 0.8217419 0.1163752
0.05334064 0.7903111 0.1563482
0.08785328 0.7961595 0.1159872
0.08803787 0.7661717 0.1457905
0.05992595 0.8013542 0.1387198
0.09011382 0.8196945 0.09019168
0.06601816 0.872979 0.06100289
0.06514981 0.8171612 0.117689
0.03863554 0.8066336 0.1547309
0.0415851 0.7823541 0.1760608
0.0595212 0.8075132 0.1329656
0.06103082 0.7694286 0.1695406
0.06789898 0.8336087 0.09849233
0.03509376 0.784252 0.1806542
0.05740091 0.8348792 0.1077199
0.09103576 0.8144553 0.09450891
0.1309477 0.73549 0.1335623
0.08652304 0.7680898 0.1453871
0.08347665 0.7960706 0.1204527
0.06513455 0.8225402 0.1123253
0.0948004 0.8270578 0.07814175
0.04553419 0.8167915 0.1376743
0.03507363 0.7652419 0.1996845
0.07476525 0.8079408 0.1172939
0.06652859 0.7778286 0.1556428
0.04100961 0.8765969 0.08239352
0.09444619 0.7512469 0.1543069
0.04215733 0.8505871 0.1072556
0.1404317 0.7410494 0.1185189
0.03589963 0.8412179 0.1228825
0.02441569 0.81195 0.1636343
0.1290048 0.7728541 0.09814112
0.08624915 0.7719762 0.1417747
0.08736846 0.784656 0.1279755
0.0765438 0.7515563 0.1718999
0.1446028 0.7423358 0.1130614
0.0743535 0.7908733 0.1347732
0.03740937 0.8352402 0.1273504
0.1182888 0.7490861 0.1326251
0.1083137 0.8041919 0.0874944
0.1214671 0.8085648 0.0699682
0.09599437 0.8238816 0.08012407
0.08187321 0.7636428 0.154484
0.1606515 0.7764485 0.06290002
0.07672498 0.7954855 0.1277895
0.06547098 0.7553044 0.1792246
0.05182663 0.8141678 0.1340055
0.09299702 0.7819122 0.1250908
0.05164421 0.7849249 0.1634309
0.06805364 0.8149102 0.1170362
0.07691444 0.8285221 0.0945635
0.0472283 0.7784322 0.1743395
0.02558189 0.8412633 0.1331548
0.0631654 0.8130074 0.1238272
0.08397188 0.7690276 0.1470005
0.08227813 0.8117133 0.1060085
0.07088372 0.7925506 0.1365657
0.04806746 0.7338107 0.2181218
0.09706483 0.8066742 0.09626094
0.06546309 0.756196 0.1783409
0.06821679 0.8163397 0.1154435
0.09384164 0.8339067 0.07225165
0.07640024 0.7195836 0.2040161
0.05127477 0.8507591 0.09796617
0.06448632 0.8302896 0.105224
0.05828361 0.7931198 0.1485965
0.04939162 0.8013558 0.1492526
0.04505584 0.7263639 0.2285802
0.04062054 0.7868251 0.1725544
0.06791474 0.7578821 0.1742032
0.09369156 0.7577149 0.1485936
0.06160959 0.7722858 0.1661046
0.09508189 0.782201 0.1227171
0.04145701 0.7456622 0.2128808
0.08059659 0.6624129 0.2569905
0.0350269 0.8686191 0.09635395
0.04825983 0.8347224 0.1170178
0.03757566 0.8229146 0.1395097
0.0493611 0.7868581 0.1637809
0.05219141 0.8129274 0.1348812
0.06673121 0.812127 0.1211418
0.07227781 0.7646943 0.1630279
0.05085721 0.747642 0.2015008
0.05217213 0.7948082 0.1530197
0.07015421 0.8280179 0.1018279
0.05408512 0.7989307 0.1469841
0.122888 0.717288 0.1598241
0.05349767 0.7421717 0.2043306
0.07508087 0.7380924 0.1868267
0.04936068 0.8119833 0.138656
0.07732398 0.7725453 0.1501307
0.06861052 0.7911677 0.1402218
0.1232755 0.6623852 0.2143392
0.06218582 0.775744 0.1620702
0.03948752 0.8513476 0.1091648
0.08636183 0.760694 0.1529442
0.01444499 0.8233717 0.1621833
0.00935215 0.7954823 0.1951655
0.03874029 0.7885213 0.1727384
0.1553627 0.7979255 0.04671176
0.1115944 0.6551529 0.2332527
0.05000683 0.8258079 0.1241852
0.07706571 0.8158427 0.1070916
0.1118669 0.7794779 0.1086552
0.05226827 0.7616132 0.1861186
0.07096872 0.776419 0.1526123
0.07401346 0.7616029 0.1643836
0.04200021 0.7894146 0.1685851
0.1421829 0.7634482 0.09436891
0.08237271 0.7346624 0.1829649
0.06584203 0.7955208 0.1386371
0.09395857 0.787438 0.1186034
0.09031101 0.7874125 0.1222765
0.09256943 0.7918547 0.1155759
0.08318611 0.8396053 0.07720855
0.1148531 0.8204089 0.064738
0.0787543 0.7409948 0.1802509
0.07501993 0.735617 0.1893631
0.06007958 0.7853203 0.1546001
0.03752515 0.8248103 0.1376645
0.09845844 0.8341243 0.06741729
0.05508557 0.7672751 0.1776394
0.05819757 0.7507778 0.1910247
0.05454369 0.8084848 0.1369715
0.06585156 0.8491743 0.08497416
0.05429514 0.7893353 0.1563695
0.03734443 0.8334836 0.129172
0.07453805 0.8431327 0.08232925
0.07850444 0.7737895 0.1477061
0.05287989 0.791631 0.1554892
0.0796164 0.8181086 0.102275
0.05287605 0.8367125 0.1104114
0.04193073 0.7997014 0.1583678
0.08374966 0.8062104 0.11004
0.0784298 0.8044402 0.11713
0.08966376 0.8020048 0.1083315
0.04561754 0.8174748 0.1369076
0.04256639 0.7957461 0.1616875
0.07680119 0.8012317 0.1219671
0.04657989 0.77118 0.1822401
0.09087257 0.807042 0.1020854
0.06945895 0.8101791 0.1203619
0.04557298 0.8585599 0.09586709
0.03677772 0.787469 0.1757533
0.03139256 0.8448225 0.1237849
0.04992738 0.8149624 0.1351102
0.05426626 0.683717 0.2620167
0.0725892 0.7713134 0.1560974
0.05666594 0.7272551 0.216079
0.1874597 0.7223598 0.09018042
0.1210317 0.7725131 0.1064552
0.0382805 0.7134107 0.2483088
0.06709239 0.7206765 0.2122311
0.04507107 0.7291451 0.2257838
0.06580313 0.8426295 0.09156736
0.04445495 0.8154933 0.1400518
0.05124217 0.8109639 0.1377939
0.02381758 0.7967147 0.1794677
0.04512125 0.8211119 0.1337668
0.06812595 0.7750322 0.1568419
0.04612402 0.8745028 0.07937314
0.06161763 0.8058796 0.1325027
0.08271755 0.7960371 0.1212454
0.04610056 0.8223448 0.1315547
0.0629705 0.7240653 0.2129642
0.09522645 0.7787022 0.1260714
0.04124145 0.8091806 0.1495779
0.03987384 0.8260942 0.134032
0.1232375 0.7460606 0.1307018
0.03304953 0.8473923 0.1195582
0.07908572 0.7349885 0.1859258
0.07147564 0.817128 0.1113964
0.08383416 0.7664197 0.1497462
0.1049635 0.7663839 0.1286526
0.04474692 0.8290249 0.1262282
0.05345625 0.757481 0.1890628
0.04003703 0.7727174 0.1872456
0.08146952 0.7502202 0.1683102
0.0483021 0.8019969 0.149701
0.0820683 0.7392066 0.1787251
0.02981575 0.8348285 0.1353557
0.04198904 0.8362249 0.1217861
