"p_1" "p_2" "p_3"
0.780066 0.1638494 0.05608459
0.7796526 0.1620179 0.05832945
0.7911715 0.1527796 0.05604896
0.7822773 0.1570048 0.06071786
0.788341 0.1555608 0.05609822
0.7687638 0.165878 0.06535821
0.8027412 0.1446571 0.05260167
0.7882943 0.1520455 0.05966021
0.7746453 0.1719823 0.05337242
0.7795228 0.161544 0.05893317
0.7877304 0.1648032 0.04746642
0.7698541 0.1622716 0.06787429
0.7735139 0.1803315 0.0461546
0.7765093 0.1700939 0.05339686
0.7988668 0.14651 0.05462321
0.7947963 0.1518355 0.05336812
0.7923743 0.1398307 0.06779496
0.7754193 0.180167 0.04441374
0.7763601 0.1694526 0.05418737
0.7929241 0.1514854 0.0555905
0.7892823 0.1554625 0.05525516
0.7861767 0.1595229 0.0543004
0.7928783 0.1459124 0.06120925
0.7971535 0.1507977 0.05204886
0.7841068 0.1613778 0.05451538
0.7864638 0.1590391 0.05449713
0.7610895 0.1680559 0.07085459
0.7936029 0.1514218 0.05497536
0.7837348 0.1532105 0.0630547
0.7627771 0.1771716 0.06005132
0.7889382 0.158507 0.05255479
0.7614432 0.1900455 0.04851132
0.7648248 0.1777 0.05747519
0.7738119 0.1685367 0.05765136
0.7534233 0.1924802 0.05409644
0.7955662 0.1466689 0.05776495
0.7761955 0.1722442 0.05156026
0.7980729 0.1571603 0.04476683
0.7896446 0.1655841 0.04477128
0.7673807 0.1775618 0.05505754
0.7910062 0.1504786 0.0585152
0.7925979 0.1612419 0.04616014
0.7678024 0.184429 0.04776857
0.7714545 0.1800987 0.04844678
0.7609282 0.1773188 0.06175302
0.7777594 0.1794688 0.04277178
0.7916862 0.1559933 0.05232051
0.7711918 0.1843546 0.04445359
0.7843626 0.1643432 0.05129419
0.772053 0.1642372 0.0637098
0.7840467 0.1598252 0.05612811
0.7873263 0.1487984 0.06387539
0.7626258 0.1801904 0.05718383
0.7759362 0.1753878 0.04867593
0.7940755 0.1687371 0.03718741
0.778333 0.1714029 0.05026419
0.781454 0.1494875 0.06905849
0.7702438 0.1702691 0.05948711
0.7742674 0.16741 0.05832262
0.7600388 0.1840643 0.05589692
0.784761 0.1565782 0.0586608
0.7780245 0.1710377 0.05093773
0.7869122 0.1517078 0.06137999
0.7587598 0.1769873 0.06425288
0.7855482 0.1631401 0.05131164
0.7946179 0.1508678 0.05451427
0.7843286 0.1664857 0.04918569
0.7804539 0.1634592 0.0560869
0.7967073 0.1561833 0.04710949
0.7998171 0.1606148 0.03956811
0.795733 0.1505697 0.05369739
0.7906645 0.1573931 0.05194234
0.7819272 0.1534932 0.06457961
0.7901867 0.1615457 0.0482676
0.7778185 0.1642555 0.05792602
0.7827112 0.1647797 0.05250902
0.7988009 0.14961 0.05158906
0.7810959 0.1658848 0.05301936
0.8093744 0.1501197 0.04050589
0.7885345 0.1614561 0.05000941
0.7787523 0.1672803 0.05396734
0.7449109 0.180003 0.0750861
0.7749547 0.1648699 0.06017535
0.7869005 0.1515053 0.06159417
0.7919969 0.1518168 0.05618622
0.7698139 0.1761596 0.05402651
0.7950607 0.1471346 0.05780474
0.7641131 0.1831444 0.05274253
0.785572 0.1555946 0.05883339
0.7687496 0.1747248 0.05652558
0.8140995 0.1391361 0.04676437
0.8111348 0.1343223 0.05454289
0.7703163 0.1685295 0.06115421
0.7845542 0.1591898 0.05625597
0.811374 0.1395747 0.04905123
0.7657596 0.1790192 0.05522117
0.7533784 0.1895938 0.05702778
0.7702683 0.1694014 0.06033029
0.7853323 0.1632434 0.05142434
0.7661977 0.1685646 0.06523776
0.774233 0.1591299 0.06663706
0.7862953 0.1500088 0.0636959
0.7929233 0.1532473 0.05382937
0.7736119 0.1544409 0.0719472
0.7666309 0.1775068 0.05586226
0.7665015 0.1850819 0.04841657
0.8046586 0.151289 0.04405239
0.7836703 0.1551723 0.0611574
0.7820348 0.1528055 0.06515975
0.7937343 0.1512383 0.05502737
0.7707806 0.1621178 0.06710161
0.797266 0.149293 0.05344101
0.7680056 0.168227 0.06376746
0.7989902 0.1488567 0.05215313
0.7739101 0.1805971 0.04549281
0.7583864 0.1865029 0.0551107
0.791481 0.1522063 0.05631269
0.7949146 0.1549055 0.05017989
0.7723181 0.1598885 0.06779343
0.7754896 0.1626925 0.06181786
0.7755193 0.1760005 0.0484802
0.7646347 0.1608646 0.07450069
0.7885383 0.1492983 0.06216337
0.7832946 0.1646032 0.05210218
0.7741295 0.1780772 0.04779333
0.8146545 0.1502105 0.03513501
0.7730451 0.1549886 0.07196636
0.7681515 0.1787018 0.05314664
0.792874 0.1598168 0.04730922
0.7733607 0.1726831 0.05395626
0.7878573 0.162404 0.04973865
0.7729915 0.1633976 0.06361088
0.7689486 0.1722786 0.05877282
0.7798065 0.1712278 0.04896577
0.7991933 0.1580142 0.04279253
0.8109277 0.1372715 0.05180073
0.8019497 0.1402023 0.05784797
0.7470907 0.193496 0.05941327
0.7743799 0.1555878 0.07003234
0.7626414 0.1769429 0.06041576
0.7875242 0.1533264 0.05914938
0.775755 0.1767542 0.04749083
0.7756557 0.1642257 0.06011857
0.8028427 0.1431358 0.05402145
0.7829961 0.1585617 0.05844212
0.7743459 0.1640763 0.06157779
0.786895 0.1612703 0.05183475
0.7928804 0.1527432 0.05437649
0.7764668 0.1768613 0.04667181
0.7993673 0.1478771 0.05275566
0.7678688 0.1751659 0.05696529
0.7781356 0.1668485 0.05501583
0.7786444 0.1540011 0.06735451
0.7981088 0.1589695 0.04292177
0.7989312 0.1563764 0.04469238
0.7954764 0.1416494 0.0628742
0.7651873 0.1877358 0.04707686
0.7826917 0.1528729 0.06443541
0.7835863 0.1585971 0.05781652
0.7736587 0.1715822 0.05475907
0.7831955 0.1587712 0.05803324
0.7860642 0.166194 0.04774181
0.7786111 0.1651135 0.05627545
0.7947479 0.1464399 0.05881216
0.782753 0.1710099 0.04623706
0.7505557 0.1792831 0.07016121
0.7794043 0.1649848 0.05561093
0.781907 0.1659963 0.05209664
0.7891206 0.1659012 0.0449782
0.7934946 0.1569569 0.04954846
0.7567985 0.1857217 0.05747985
0.7618696 0.1814889 0.05664145
0.7869822 0.1602231 0.05279468
0.7517952 0.1829205 0.06528433
0.7845242 0.1552383 0.06023752
0.7634831 0.1817578 0.05475915
0.7805913 0.1603018 0.05910689
0.7813639 0.1562967 0.06233943
0.7907673 0.1537578 0.05547491
0.7721526 0.1785701 0.04927731
0.7882245 0.1565525 0.05522305
0.782338 0.1608787 0.0567833
0.8006611 0.1521673 0.04717156
0.7796632 0.1704871 0.0498497
0.7858711 0.1564162 0.05771268
0.7921597 0.1603879 0.04745245
0.7710731 0.1713653 0.05756166
0.7963564 0.1478034 0.05584028
0.7826115 0.1662796 0.05110886
0.7787952 0.1738065 0.0473984
0.7851346 0.163789 0.05107633
0.779298 0.1656374 0.05506453
0.7755632 0.1771911 0.04724568
0.7732603 0.1775668 0.0491729
0.7860823 0.1651729 0.04874486
0.7790985 0.1724511 0.04845039
0.7698027 0.1791752 0.0510221
0.7694164 0.1753232 0.05526037
0.78553 0.1572349 0.05723512
0.8034581 0.1497329 0.04680903
0.8024483 0.1460655 0.05148623
0.7532027 0.194494 0.05230329
0.7558057 0.1802273 0.06396697
0.7887195 0.1648227 0.04645785
0.7992152 0.1444217 0.0563631
0.7751819 0.1762961 0.04852198
0.7834288 0.1610195 0.05555175
0.7823419 0.1616065 0.05605156
0.7594265 0.1860475 0.05452606
0.7931432 0.1555508 0.05130598
0.7852942 0.1532842 0.06142161
0.7809252 0.1630406 0.05603414
0.8040808 0.1498358 0.04608338
0.7842757 0.1606086 0.05511566
0.7868426 0.1661529 0.04700452
0.7816771 0.1615993 0.05672352
0.769472 0.1734662 0.05706181
0.7964781 0.1440014 0.05952052
0.7748045 0.1637959 0.06139962
0.8025855 0.1548815 0.04253303
0.7399837 0.1991814 0.06083489
0.7902897 0.1572024 0.0525079
0.7924415 0.1611589 0.04639965
0.7751457 0.1741555 0.05069878
0.7896023 0.162374 0.04802373
0.7924566 0.1532424 0.05430103
0.7601781 0.1736222 0.06619972
0.788909 0.1607914 0.05029958
0.7743204 0.1665216 0.05915799
0.7964652 0.1454486 0.05808615
0.7676737 0.1876629 0.04466338
0.7770891 0.1671284 0.05578251
0.7629941 0.1831119 0.053894
0.795079 0.1579639 0.04695709
0.7772029 0.1664026 0.0563945
0.7945643 0.157446 0.04798964
0.7892956 0.1637994 0.04690506
0.7654039 0.1791825 0.05541359
0.7740547 0.1740204 0.05192485
0.7984949 0.1412427 0.06026236
0.7650678 0.1906309 0.04430126
0.766893 0.1666372 0.06646975
0.7962347 0.1455918 0.05817354
0.8049457 0.1399181 0.05513615
0.7818748 0.1640896 0.05403556
0.7954375 0.1516427 0.05291976
0.7725577 0.158428 0.06901427
0.7873893 0.1605312 0.05207943
0.7908243 0.1576109 0.05156485
0.7945602 0.1462045 0.05923538
0.7869304 0.1626655 0.05040408
0.793251 0.1595192 0.04722981
0.7700061 0.1611309 0.06886297
0.7691082 0.1728452 0.05804657
0.7681206 0.1712833 0.06059611
0.7804513 0.1631229 0.05642582
0.7903141 0.1622701 0.04741577
0.7760415 0.1799927 0.04396584
0.7825607 0.1608338 0.05660553
0.8125716 0.1365206 0.05090781
0.795814 0.1499198 0.05426627
0.7815416 0.1723663 0.04609217
0.7880389 0.1609414 0.05101972
0.7680836 0.1667603 0.06515612
0.7687285 0.1643783 0.06689311
0.7711951 0.1671957 0.0616092
0.7860018 0.1568247 0.05717355
0.7869048 0.1620921 0.05100309
0.794967 0.1490333 0.05599977
0.7806207 0.17254 0.04683935
0.7950346 0.1547454 0.05022001
0.7871109 0.1608298 0.05205931
0.778724 0.1813394 0.03993659
0.7751 0.1558404 0.06905959
0.7406022 0.1914125 0.06798533
0.770808 0.1723347 0.05685729
0.8014703 0.1488349 0.04969483
0.7872259 0.165138 0.04763613
0.7945605 0.1560916 0.04934789
0.7710148 0.1688486 0.06013663
0.7757649 0.1700651 0.05417002
0.7920053 0.1558 0.0521947
0.7833081 0.1667925 0.04989937
0.792795 0.1594876 0.04771736
0.75905 0.1794325 0.06151749
0.7696984 0.1594626 0.07083897
0.7942613 0.1433801 0.06235868
0.7968352 0.1513062 0.05185864
0.7770954 0.1698244 0.05308025
0.7748687 0.1532488 0.07188249
0.809561 0.1439947 0.04644423
0.7804247 0.1660085 0.0535668
0.8039403 0.1454835 0.05057614
0.7738692 0.1765608 0.04957008
0.7892612 0.1561369 0.05460191
0.7662682 0.184352 0.04937973
0.7898826 0.1581831 0.05193432
0.7698819 0.1780651 0.05205292
0.7567434 0.1698246 0.07343202
0.7526675 0.1900207 0.0573118
0.7877084 0.1565891 0.05570246
0.7834545 0.1655195 0.051026
0.7709639 0.1792349 0.04980121
0.7993453 0.1604282 0.04022652
0.7994831 0.1504995 0.05001742
0.7671318 0.1696428 0.06322544
0.8105097 0.1438763 0.04561401
0.781108 0.1588554 0.06003659
0.7760362 0.1720231 0.05194073
0.7752223 0.1697869 0.05499074
0.7768478 0.1686469 0.05450528
0.7741497 0.166912 0.05893828
0.786183 0.1526569 0.06116005
0.7869511 0.1617891 0.05125985
0.7751673 0.1649969 0.05983582
0.7775571 0.1696679 0.05277505
0.7694923 0.16065 0.0698577
0.7726071 0.1825598 0.04483307
0.7627952 0.1750468 0.06215797
0.7554228 0.1709107 0.07366652
0.7581488 0.175229 0.06662227
0.7597289 0.1825125 0.05775858
0.7690503 0.1750405 0.05590924
0.7664975 0.1754477 0.05805481
0.7603505 0.1875954 0.05205409
0.7634253 0.1666502 0.06992451
0.815474 0.1323388 0.05218726
0.7692819 0.1794888 0.05122936
0.7994442 0.1564934 0.04406236
0.7971749 0.1567376 0.04608746
0.7823325 0.1525811 0.06508644
0.794153 0.1632849 0.04256211
0.7896236 0.157073 0.05330337
0.7920716 0.1693841 0.03854428
0.7889844 0.1671443 0.04387138
0.7913636 0.1423508 0.06628553
0.7935108 0.1533934 0.05309589
0.7829757 0.1621933 0.05483095
0.7816871 0.1617485 0.05656442
0.7823868 0.1695437 0.04806945
0.8007473 0.1483253 0.05092743
0.7654362 0.1778167 0.05674708
0.7882988 0.1587868 0.05291441
0.769407 0.1735328 0.05706011
0.7755758 0.1643259 0.06009838
0.7856015 0.1688424 0.04555609
0.7772152 0.1641555 0.0586293
0.7735753 0.1748203 0.05160442
0.7615248 0.1830807 0.05539447
0.7832885 0.1685703 0.04814127
0.7854208 0.17323 0.04134929
0.7722718 0.1746377 0.0530905
0.7660745 0.1781799 0.05574555
0.7819099 0.1496283 0.06846184
0.7890256 0.1646332 0.04634124
0.7828051 0.1567119 0.06048298
0.7842383 0.1555779 0.06018382
0.7830949 0.1744008 0.04250428
0.7932072 0.1537049 0.0530879
0.7738129 0.1781593 0.04802775
0.7894635 0.1497573 0.06077927
0.7750813 0.1631614 0.06175727
0.7790404 0.1699167 0.05104292
0.7932496 0.1696113 0.0371391
0.7918473 0.153742 0.05441073
0.8074768 0.1435072 0.04901605
0.7740501 0.1694956 0.0564543
0.7830549 0.1604167 0.05652844
0.7782872 0.1578235 0.06388928
0.7935347 0.1502533 0.05621196
0.7799188 0.1723058 0.04777544
0.7791958 0.1660862 0.05471801
0.769486 0.1736077 0.0569063
0.7783273 0.1614682 0.0602045
0.7935735 0.1519421 0.05448443
0.7914264 0.1542791 0.0542945
0.7844067 0.1661224 0.04947087
0.7787228 0.1710644 0.05021283
0.7850291 0.1639087 0.05106221
0.7775985 0.1753899 0.04701155
0.7829324 0.1713343 0.04573338
0.7958468 0.1543645 0.04978867
0.7958805 0.1486088 0.05551069
0.8089534 0.1406135 0.05043306
0.7781777 0.1610542 0.0607681
0.7523435 0.203476 0.04418046
0.7713388 0.170197 0.05846425
0.8070901 0.1516949 0.04121505
0.7676594 0.1812928 0.05104777
0.7921683 0.156047 0.05178466
0.7893393 0.1556971 0.05496355
0.7779998 0.1526721 0.06932811
0.7739911 0.1618463 0.06416257
0.8137051 0.1437261 0.04256881
0.7619149 0.1723269 0.06575816
0.7808878 0.1531228 0.06598942
0.7820785 0.1591457 0.05877585
0.7998588 0.1533859 0.04675529
0.7458465 0.1944008 0.05975275
0.7734928 0.1682681 0.05823915
0.7866884 0.1650183 0.04829328
0.7769922 0.1674928 0.05551502
0.7889285 0.1690064 0.04206503
0.783071 0.1783844 0.03854461
0.7987733 0.147674 0.05355269
0.7584072 0.1828005 0.05879229
0.7997676 0.1607462 0.03948613
0.7876713 0.1510512 0.06127758
0.7469022 0.1914184 0.06167941
0.7903529 0.1478915 0.06175561
0.7840659 0.1587446 0.05718949
0.790992 0.1561437 0.0528643
0.7754704 0.1619907 0.0625389
0.7982955 0.1516642 0.0500403
0.7792518 0.1625869 0.0581613
0.7786542 0.1553397 0.06600614
0.7678187 0.1739674 0.05821399
0.7945552 0.1590095 0.04643524
0.7822533 0.1602913 0.05745531
0.8111793 0.1474506 0.04137011
0.7894449 0.1530343 0.05752079
0.7679391 0.1766611 0.05539976
0.7794962 0.1657769 0.05472694
0.7802891 0.16547 0.05424081
0.7705864 0.1746446 0.054769
0.7965369 0.1513142 0.05214892
0.7902426 0.168437 0.04132041
0.711821 0.2145094 0.07366954
0.7815373 0.1570219 0.06144085
0.7807024 0.1469784 0.0723192
0.7600878 0.1711297 0.06878253
0.7907885 0.1514126 0.05779886
0.7875334 0.1480922 0.06437435
0.7716396 0.1798751 0.04848531
0.7848297 0.1432386 0.07193178
0.758749 0.1878059 0.05344513
0.7857648 0.1592924 0.05494285
0.8087685 0.1500697 0.04116174
0.7553677 0.1834704 0.06116188
0.7843521 0.1554222 0.06022574
0.8090118 0.1368633 0.0541249
0.7766666 0.16043 0.06290338
0.7644057 0.1830723 0.05252194
0.7945943 0.1561095 0.04929619
0.7928736 0.1644561 0.04267036
0.7416166 0.1929746 0.06540873
0.7700559 0.1665677 0.06337637
0.774088 0.1670534 0.05885855
0.7909353 0.1579915 0.05107328
0.7615933 0.1812751 0.05713163
0.7953676 0.149834 0.05479845
0.7765927 0.1661325 0.05727475
0.7666713 0.1786502 0.05467851
0.7706636 0.1870443 0.04229213
0.7846802 0.153035 0.0622848
0.7861814 0.1707357 0.04308294
0.7559425 0.1856921 0.05836545
0.7731293 0.1635188 0.06335182
0.7794177 0.1641514 0.05643093
0.786683 0.1625811 0.05073584
0.775894 0.1784782 0.04562784
0.7906889 0.1459076 0.06340351
0.7913942 0.1521468 0.05645907
0.7860163 0.1671341 0.04684959
0.7821291 0.1727383 0.04513262
0.7981892 0.1335356 0.06827523
0.7941257 0.1646764 0.04119786
0.7947406 0.1518597 0.0533997
0.7776735 0.1705845 0.05174191
0.779482 0.166522 0.05399593
0.7667613 0.1556032 0.0776356
0.8015832 0.1507877 0.04762908
0.792172 0.1518587 0.05596925
0.7509938 0.1977416 0.05126466
0.7859907 0.1584414 0.05556793
0.7836967 0.1579538 0.05834944
0.7734559 0.166288 0.0602561
0.7813045 0.1697642 0.04893124
0.7934046 0.1542008 0.05239463
0.7770195 0.1729171 0.05006335
0.7668158 0.1715274 0.06165677
0.7849419 0.1607709 0.05428715
0.7680988 0.1542024 0.07769886
0.8075684 0.1410618 0.05136981
0.7907526 0.151923 0.05732437
0.7663296 0.1695387 0.06413169
0.7838769 0.1667448 0.04937828
0.761397 0.1840767 0.05452628
0.7674771 0.167954 0.06456888
0.791122 0.1573216 0.05155641
0.7860766 0.1584558 0.0554676
0.7720124 0.166709 0.06127865
0.7711422 0.1761411 0.05271671
0.7832433 0.1689335 0.04782322
0.7911256 0.1592724 0.04960198
0.7956695 0.1469393 0.05739124
0.7824637 0.1770802 0.04045609
0.7764836 0.1702576 0.05325883
0.809854 0.1437025 0.04644348
0.7762694 0.1655931 0.05813746
0.7665085 0.1766131 0.05687844
0.8128553 0.1386714 0.04847329
0.7710248 0.1656834 0.06329184
0.7685109 0.1818956 0.04959345
0.784316 0.1652395 0.05044454
0.789138 0.1519575 0.05890451
0.7850251 0.173192 0.04178287
0.7784799 0.1698366 0.05168345
0.7618493 0.1767156 0.06143513
0.7776226 0.1813627 0.04101475
0.7928618 0.1610214 0.04611688
0.7900853 0.1452613 0.06465337
0.7863472 0.1733524 0.04030046
0.7875678 0.1548578 0.05757431
0.8034585 0.1442146 0.05232685
0.7839657 0.158963 0.05707133
0.7613022 0.1824973 0.0562005
0.7676404 0.1690553 0.06330429
0.7828606 0.1623709 0.05476853
0.7829211 0.1691952 0.0478837
0.7570594 0.1819481 0.0609925
0.7676642 0.168356 0.06397976
0.7950244 0.1598999 0.0450757
0.7846866 0.1669775 0.04833592
0.7863112 0.1638045 0.04988429
0.7686836 0.1726827 0.05863368
0.7799511 0.1701151 0.04993382
0.7849228 0.1563828 0.05869442
0.7926354 0.161652 0.04571251
0.7784033 0.1666516 0.05494515
0.7719926 0.1845348 0.04347261
0.7679759 0.1719389 0.06008519
0.7542087 0.1851559 0.06063548
0.7627094 0.1756143 0.06167637
0.7996203 0.1367016 0.0636781
0.7867046 0.1538533 0.05944211
0.7631295 0.1808741 0.05599636
0.7868566 0.1606228 0.05252065
0.7976155 0.144915 0.05746945
0.761503 0.191688 0.04680903
0.7878319 0.153456 0.0587121
0.7832221 0.1670965 0.0496814
0.7940878 0.147707 0.05820521
0.8044243 0.1512135 0.04436224
0.783387 0.1508988 0.06571427
0.7685174 0.1706068 0.06087577
0.8019024 0.1501885 0.04790912
0.7841665 0.1496699 0.06616361
0.7670329 0.1801398 0.05282729
0.7870508 0.1593565 0.05359276
0.8108389 0.1422291 0.046932
0.7720372 0.1651311 0.06283164
0.793856 0.1521662 0.05397777
0.778441 0.1670089 0.05455014
0.79089 0.1613879 0.04772209
0.7997193 0.1411907 0.05908996
0.7648175 0.1847446 0.05043788
0.7767187 0.1732791 0.05000226
0.7949181 0.1433815 0.06170046
0.8031554 0.1412047 0.05563996
0.7858427 0.1652512 0.04890609
0.7619701 0.1669547 0.07107517
0.7954128 0.1464058 0.05818143
0.780943 0.1611285 0.05792858
0.7725192 0.1601582 0.06732264
0.7842939 0.1643164 0.05138974
0.7948893 0.1313035 0.07380716
0.8008387 0.1479054 0.05125586
0.801305 0.139842 0.05885297
0.777939 0.1727227 0.04933832
0.7820971 0.1618836 0.05601932
0.779886 0.1658457 0.05426827
0.7837919 0.1545084 0.06169977
0.7916452 0.1559726 0.05238222
0.8009683 0.1485125 0.05051924
0.7753241 0.1618943 0.06278154
0.8020176 0.1490955 0.04888694
0.7738296 0.1703643 0.05580614
0.7924036 0.160802 0.04679443
0.7848537 0.1568118 0.05833455
0.7758407 0.1797441 0.04441517
0.7828164 0.160913 0.0562706
0.7762584 0.1609344 0.06280718
0.7555387 0.1933508 0.05111045
0.7569545 0.1752115 0.067834
0.7764894 0.157023 0.06648754
0.7894612 0.1563197 0.05421904
0.781148 0.1647653 0.05408671
0.7800174 0.1523518 0.0676308
0.8028795 0.1458718 0.05124864
0.7713963 0.177633 0.05097069
0.7771987 0.1683637 0.05443764
0.7806601 0.1781361 0.04120382
0.8034631 0.1437695 0.05276734
0.7784928 0.1738037 0.04770345
0.7796567 0.163794 0.05654938
0.7808662 0.1646912 0.05444262
0.7789143 0.1658362 0.05524957
0.7802906 0.160435 0.05927438
0.8076335 0.1394031 0.05296342
0.7610878 0.1721109 0.06680132
0.8137676 0.1389517 0.04728069
0.7871857 0.1608066 0.05200772
0.7722213 0.1703077 0.0574709
0.788051 0.1640566 0.04789242
0.7802756 0.150097 0.06962742
0.8010255 0.1362707 0.06270379
0.7727324 0.1799859 0.04728162
0.7838299 0.1643837 0.05178643
0.7867516 0.1670331 0.04621537
0.7853342 0.1596711 0.0549947
0.780813 0.159483 0.05970406
0.7786236 0.1775651 0.04381132
0.8039667 0.1497614 0.04627185
0.7989455 0.149794 0.05126047
0.7818143 0.1597127 0.058473
0.7706985 0.1775093 0.05179217
0.7768189 0.1729463 0.0502348
0.8011669 0.1414197 0.05741336
0.7943763 0.1573377 0.04828592
0.7925114 0.1630698 0.04441881
0.8102212 0.1372143 0.05256449
0.7950851 0.1424416 0.06247331
0.7711311 0.171428 0.05744095
0.7915228 0.1500889 0.05838827
0.7896169 0.1437085 0.06667456
0.7940526 0.1575816 0.04836585
0.7906784 0.1587513 0.05057033
0.766172 0.1744768 0.05935121
0.7625567 0.1781564 0.05928699
0.7788407 0.1601162 0.06104312
0.7861312 0.1469809 0.06688786
0.782291 0.1531838 0.06452525
0.7966393 0.1450987 0.05826207
0.7926357 0.1502917 0.05707263
0.7792979 0.1649673 0.05573476
0.7781644 0.1692252 0.05261043
0.7720751 0.1716014 0.05632353
0.7888699 0.1611117 0.05001848
0.8025366 0.1443071 0.0531563
0.7936645 0.1600163 0.04631923
0.8041498 0.1513767 0.04447348
0.778477 0.1604999 0.06102312
0.7882394 0.1597954 0.05196522
0.7903753 0.149999 0.05962572
0.7963564 0.1461605 0.05748308
0.7940221 0.1486534 0.05732447
0.7707712 0.1685966 0.06063219
0.7860147 0.1539466 0.06003869
0.7929379 0.1551637 0.05189834
0.7693229 0.1749381 0.05573898
0.8050548 0.1430202 0.05192496
0.7840567 0.1563565 0.05958675
0.7924134 0.1461531 0.06143354
0.7785487 0.1540068 0.06744453
0.7727704 0.1658631 0.06136652
0.7799937 0.1565231 0.06348316
0.796505 0.1467559 0.05673912
0.7910403 0.1483461 0.0606136
0.7657058 0.1816729 0.05262127
0.7895817 0.1507124 0.05970589
0.7615958 0.1753157 0.06308846
0.7680096 0.1667041 0.06528624
0.7830472 0.1605914 0.05636133
0.7772054 0.1728892 0.0499054
0.7591522 0.1792006 0.06164713
0.7618473 0.184438 0.05371477
0.8009273 0.1388641 0.06020855
0.7807889 0.1488212 0.07038999
0.7872942 0.1627175 0.04998836
0.7907856 0.1601884 0.049026
0.7820313 0.1647594 0.0532093
0.8002597 0.1633989 0.03634135
0.754146 0.1828981 0.06295591
0.7828474 0.1596386 0.05751399
0.7706599 0.1806701 0.04867007
0.7831744 0.1674157 0.04940995
0.7944072 0.1422139 0.06337895
0.7811252 0.1704116 0.04846328
0.7737674 0.1667799 0.05945276
0.7791098 0.1570827 0.06380756
0.7990686 0.1523863 0.04854508
0.7647389 0.1658246 0.06943652
0.7653363 0.1720459 0.06261783
0.7868247 0.1548322 0.05834308
0.781116 0.1716843 0.04719968
0.7905112 0.1620098 0.04747903
0.7583406 0.175037 0.0666224
0.797406 0.1522331 0.05036088
0.7912323 0.1639303 0.04483734
0.7723793 0.1682956 0.0593251
0.7585121 0.1910117 0.0504762
0.7749047 0.1742026 0.0508927
0.7677723 0.1703712 0.06185648
0.7936619 0.1466784 0.05965979
0.7865743 0.1515982 0.06182753
0.7524567 0.1891768 0.05836646
0.7889789 0.1587231 0.05229802
0.7653015 0.1761285 0.05856993
0.7762053 0.1693353 0.05445937
0.7880965 0.1589682 0.05293522
0.7806971 0.1625778 0.05672507
0.7758883 0.1703972 0.05371448
0.763377 0.1587873 0.07783569
0.7751929 0.1779649 0.04684219
0.7675259 0.1733369 0.05913718
0.7763982 0.1667849 0.05681694
0.7843889 0.1511813 0.06442986
0.7886356 0.1607027 0.05066171
0.7558993 0.1703668 0.07373393
0.7846589 0.1596685 0.05567253
0.7683777 0.1716552 0.05996712
0.7737727 0.1563135 0.06991378
0.7834759 0.1519086 0.06461543
0.7661804 0.173697 0.0601226
0.7774729 0.1688069 0.05372026
0.7940822 0.1534369 0.05248095
0.7936186 0.1466935 0.05968785
0.7782401 0.1629369 0.05882306
0.7768972 0.1593062 0.06379664
0.7603221 0.1760771 0.06360076
0.7763715 0.1759592 0.04766935
0.7668443 0.1760418 0.05711393
0.7787428 0.1717364 0.0495208
0.7712745 0.1854014 0.04332409
0.7755193 0.1550489 0.06943184
0.8166883 0.1307097 0.05260196
0.7981167 0.1488364 0.0530469
0.7942664 0.1489971 0.05673653
0.7688782 0.1781734 0.05294841
0.7601048 0.1813722 0.05852299
0.7726352 0.173006 0.05435875
0.7842502 0.152304 0.06344577
0.7940658 0.1610124 0.04492173
0.7943722 0.1474259 0.0582019
0.7804253 0.1649081 0.05466656
0.7813846 0.1718868 0.04672864
0.7585199 0.2007111 0.04076901
0.7745558 0.1767178 0.04872641
0.7825101 0.1611001 0.05638984
0.7997629 0.1500379 0.05019921
0.7958336 0.1560915 0.04807496
0.7977256 0.1512481 0.05102628
0.7766586 0.1650655 0.05827598
0.7888641 0.1603547 0.05078121
0.7852279 0.1669402 0.04783188
0.7813325 0.1612396 0.05742783
0.771356 0.175405 0.05323898
0.7817655 0.1618801 0.05635432
0.7917603 0.159819 0.04842077
0.7751809 0.1684498 0.05636933
0.8064362 0.1509344 0.04262935
0.7736653 0.1658681 0.06046652
0.7788695 0.1681838 0.0529467
0.7495327 0.1859704 0.06449694
0.776171 0.1857878 0.03804121
0.7864178 0.1645776 0.04900452
0.7765145 0.1592033 0.0642822
0.8019505 0.1576829 0.04036659
0.7775711 0.1639378 0.05849107
0.7729271 0.1812342 0.04583873
0.7685625 0.1832865 0.04815109
0.8130933 0.148893 0.03801371
0.7565616 0.1838811 0.05955737
0.7764166 0.1773149 0.04626844
0.7771576 0.1682365 0.05460584
0.7794161 0.1592475 0.06133639
0.7572148 0.1904886 0.0522966
0.7677803 0.1807782 0.05144147
0.7803874 0.1603253 0.05928727
0.7891603 0.1540872 0.05675255
0.7731333 0.1656579 0.06120877
0.7807164 0.176655 0.04262857
0.7792189 0.160409 0.06037202
0.7877024 0.1584608 0.05383683
0.7946142 0.1619874 0.0433984
0.7990796 0.159811 0.04110942
0.7890942 0.1687356 0.04217018
0.7962192 0.163424 0.04035674
0.7822296 0.1634637 0.05430673
0.7744493 0.1786842 0.04686657
0.7724672 0.1784436 0.04908917
0.809438 0.127722 0.06283999
0.7930462 0.1532065 0.05374729
0.7744327 0.1761894 0.04937792
0.7720354 0.1772097 0.0507549
0.8060326 0.1460864 0.04788108
0.7812551 0.170716 0.0480289
0.7666997 0.1900792 0.04322111
0.7886364 0.1494495 0.0619141
0.7636504 0.1798417 0.05650791
0.7964101 0.1557925 0.04779739
0.7676409 0.1783484 0.0540107
0.7883099 0.1473476 0.06434252
0.7854599 0.1620001 0.05254004
0.7845791 0.1622469 0.05317408
0.7761694 0.1656603 0.05817032
0.7956028 0.1462166 0.0581806
0.7791045 0.1579854 0.06291009
0.7862643 0.1563619 0.05737383
0.7895041 0.1636633 0.0468326
0.761461 0.1866387 0.05190031
0.7711589 0.1745414 0.05429969
0.7934361 0.143069 0.06349495
0.7708895 0.1848608 0.04424971
0.7719088 0.1799213 0.04816986
0.7719221 0.1817191 0.04635886
0.7781588 0.1726149 0.04922634
0.7893868 0.1610339 0.04957931
0.7879055 0.1587722 0.0533223
0.7945286 0.1530869 0.05238454
0.7603214 0.1793866 0.06029206
0.7954435 0.1432548 0.06130165
0.7824028 0.1677378 0.04985945
0.7864849 0.1590915 0.05442356
0.7703417 0.1797178 0.04994049
0.7776405 0.1596153 0.06274428
0.7808046 0.1665333 0.05266213
0.7764888 0.1557135 0.06779768
0.7751926 0.1742706 0.05053689
0.7859002 0.1589332 0.05516662
0.7751864 0.1839515 0.04086213
0.7765844 0.1779891 0.04542653
0.7612606 0.1804868 0.0582526
0.7738273 0.1708776 0.05529514
0.7882466 0.1633716 0.04838173
0.7712288 0.1685376 0.06023364
0.7927097 0.1598315 0.04745886
0.7902583 0.1561791 0.0535626
0.7663978 0.1630714 0.07053083
0.7872165 0.1512423 0.06154118
0.8074176 0.1412311 0.05135135
0.7789772 0.1762685 0.04475429
0.7677582 0.1818398 0.05040203
0.7831421 0.1546178 0.06224018
0.7565381 0.1713328 0.07212903
0.7702113 0.1664491 0.06333962
0.7761148 0.1713464 0.05253882
0.7760785 0.1771844 0.04673717
0.7798546 0.1560644 0.064081
0.7741515 0.1654552 0.06039332
0.7967982 0.1493866 0.05381521
0.7804396 0.1687405 0.05081998
0.7846754 0.1703741 0.0449505
0.7832698 0.1689037 0.04782642
0.7849326 0.1793535 0.0357139
0.7813438 0.1657651 0.05289111
0.7897089 0.1607776 0.04951348
0.7911284 0.1601332 0.04873837
0.7711121 0.173674 0.05521394
0.7868278 0.154346 0.05882622
0.7487274 0.1861511 0.06512146
0.7833641 0.1482099 0.06842601
0.7913331 0.1574753 0.05119158
0.7795211 0.1523548 0.06812412
0.7890218 0.1613613 0.04961693
0.7696894 0.1736912 0.05661943
0.7568672 0.1868522 0.05628062
0.7877758 0.1511638 0.06106044
0.7717924 0.1840293 0.0441783
0.7729174 0.1724905 0.05459209
0.7973625 0.1586973 0.04394028
0.7766157 0.1614703 0.06191393
0.8020504 0.1502413 0.04770832
0.7543778 0.1884084 0.05721385
0.7797724 0.1670806 0.05314702
0.768631 0.1836853 0.04768373
0.7724021 0.1647486 0.0628493
0.7658734 0.1784283 0.0556983
0.7704287 0.170845 0.05872633
0.7836182 0.1650647 0.05131719
0.8027669 0.1552146 0.04201845
0.7805363 0.1734156 0.04604809
0.7726387 0.1668084 0.06055296
0.7636242 0.1853671 0.05100873
0.7708772 0.1774648 0.05165803
0.8071267 0.1465954 0.04627781
0.7935495 0.1537274 0.05272304
0.7804112 0.1558135 0.06377532
0.7838283 0.1494298 0.06674197
0.7893359 0.155729 0.05493504
0.7820942 0.1697167 0.04818901
0.7875271 0.1595026 0.05297031
0.7758744 0.1786035 0.04552207
0.7853633 0.1758541 0.03878264
0.777944 0.1700051 0.05205091
0.7930084 0.1599469 0.04704472
0.775728 0.1742438 0.05002817
0.7935198 0.1461132 0.06036698
0.7924359 0.1377364 0.06982767
0.7869475 0.1576345 0.05541798
0.7702111 0.1683537 0.06143515
0.771027 0.1554074 0.07356557
0.7729976 0.1472344 0.07976809
0.7916623 0.1457528 0.06258495
0.7931646 0.1543663 0.05246915
0.7707037 0.1629734 0.06632288
0.7505518 0.1749757 0.07447248
0.7659885 0.1732065 0.06080502
0.8114203 0.1333649 0.05521479
0.7853678 0.1645708 0.05006136
0.7946694 0.1484647 0.0568659
0.7894182 0.153816 0.05676585
0.7705621 0.1865108 0.04292706
0.7917534 0.1721969 0.03604972
0.7770994 0.1770152 0.04588542
0.8017767 0.1605287 0.03769461
0.7757823 0.1786687 0.04554894
0.7763099 0.172512 0.05117816
0.8045178 0.1509303 0.0445519
0.7720328 0.1706394 0.05732778
0.7748153 0.1635765 0.06160817
0.7724161 0.1662519 0.061332
0.7789431 0.1696153 0.05144161
0.7889756 0.1650597 0.04596478
0.7890356 0.1495028 0.06146155
0.7882135 0.1510858 0.06070071
0.7762612 0.1691208 0.05461792
0.7871559 0.1669003 0.04594375
0.7759681 0.1776621 0.04636984
0.785423 0.1553717 0.05920534
0.7747389 0.1716523 0.05360879
0.7521278 0.1939862 0.05388596
0.7598643 0.183516 0.0566197
0.7868633 0.1550872 0.0580495
0.7708326 0.1748516 0.05431575
0.7898202 0.1560765 0.05410323
0.7875342 0.1528243 0.05964154
0.7801854 0.1697098 0.05010482
0.7918376 0.1622614 0.04590103
0.7952559 0.1574734 0.0472707
0.7910764 0.1525255 0.0563981
0.7755375 0.1638487 0.06061371
0.7967301 0.1520853 0.05118461
0.7849014 0.1593287 0.05576997
0.7977894 0.1506194 0.05159116
0.7665558 0.1760488 0.05739537
0.7634925 0.1763846 0.06012292
0.7820316 0.1720915 0.04587684
0.787024 0.1591523 0.05382369
0.7641109 0.1823642 0.05352498
0.7887084 0.1586216 0.05266993
0.7791889 0.1628866 0.05792453
0.7544524 0.1798318 0.06571588
0.7787332 0.1719684 0.04929842
0.7554704 0.1831191 0.06141049
0.7807333 0.1576954 0.06157124
0.7555297 0.1887608 0.05570952
0.7730305 0.1795164 0.04745316
0.7967847 0.1469352 0.05628014
0.7660024 0.1830659 0.05093174
0.7805842 0.1476213 0.07179457
0.7637022 0.1783991 0.0578987
0.7884134 0.1411643 0.07042226
0.7951836 0.1583676 0.04644881
0.8113792 0.141118 0.04750272
0.7964713 0.1437684 0.05976025
0.7913874 0.1383501 0.07026246
0.7807607 0.1563689 0.06287038
0.7670527 0.1790715 0.05387576
0.7897351 0.1512106 0.05905439
0.7827243 0.1560495 0.06122613
0.7855539 0.1620767 0.05236944
0.7670956 0.1770339 0.05587052
0.7797359 0.1770728 0.04319133
0.7658705 0.1730609 0.06106855
0.7703941 0.1618419 0.06776397
0.7898633 0.1431578 0.06697885
0.7628819 0.1739611 0.06315699
0.7836859 0.1594556 0.05685855
0.7507041 0.191789 0.0575069
0.7753257 0.1666415 0.05803286
0.7866359 0.1560051 0.05735905
0.7854365 0.1625382 0.05202526
0.803775 0.1509536 0.04527143
0.7978038 0.158813 0.04338324
0.7839507 0.155221 0.06082834
0.7538802 0.1859623 0.06015743
0.7763474 0.1687388 0.05491385
0.7980076 0.1374822 0.06451023
0.7836639 0.1603724 0.05596367
0.7693192 0.1823287 0.04835215
0.756204 0.1838281 0.05996794
0.7668002 0.1731166 0.06008318
0.7958667 0.156137 0.04799634
0.7654338 0.1773598 0.05720647
0.7892078 0.1558191 0.05497306
0.7912777 0.1625296 0.04619276
0.7870137 0.1646957 0.04829057
0.7599101 0.1650574 0.07503258
0.7942937 0.1508158 0.05489046
0.7767364 0.1739567 0.04930686
0.7802374 0.1672603 0.05250239
0.7758789 0.1713134 0.05280774
0.7829184 0.1662225 0.05085908
0.7759652 0.1827998 0.04123503
0.7733557 0.165939 0.0607053
0.7897489 0.1635237 0.04672746
0.8059716 0.1519762 0.04205214
0.8017637 0.1518482 0.04638813
0.7698782 0.1765801 0.05354169
0.7696215 0.1777672 0.05261127
0.7878196 0.1544226 0.05775776
0.7894451 0.1620902 0.04846475
0.7697217 0.1732231 0.05705518
0.7764194 0.1634269 0.06015367
0.7826984 0.1633805 0.05392113
0.7875433 0.1624061 0.05005066
0.7663121 0.1698687 0.06381924
0.7774418 0.1640171 0.05854107
0.7887735 0.1576088 0.05361769
0.7915024 0.1484805 0.06001704
0.7657202 0.1657146 0.06856517
0.7880529 0.1656106 0.04633657
0.7806013 0.1644994 0.05489929
0.7860101 0.1574801 0.05650975
0.7992286 0.1468848 0.05388664
0.7835997 0.1589157 0.05748464
0.7885133 0.162446 0.04904069
0.7976427 0.14854 0.05381732
0.793258 0.1513726 0.05536938
0.7984826 0.1411378 0.06037958
0.7748222 0.1684537 0.05672416
0.7795244 0.1576965 0.06277906
0.7678574 0.1688056 0.06333702
0.753314 0.1946087 0.05207733
0.7759168 0.1700297 0.05405349
0.7780819 0.1602879 0.06163027
0.7567123 0.1795199 0.06376783
0.7767736 0.1741884 0.04903801
0.7860419 0.1600639 0.05389424
0.7932296 0.1480672 0.05870325
0.7826182 0.1551197 0.06226209
0.7844039 0.1647299 0.05086623
0.7856696 0.1606971 0.05363328
0.7740048 0.169763 0.05623223
0.7719761 0.1693177 0.05870617
0.7805714 0.1746691 0.04475948
0.7702435 0.1581318 0.0716247
0.7802231 0.1774873 0.04228958
0.7737043 0.1583451 0.06795055
0.8096101 0.1439803 0.04640965
0.7811902 0.1684481 0.05036174
0.7940499 0.1584615 0.04748863
0.8032146 0.1437897 0.05299569
0.7931158 0.1542196 0.05266456
0.755104 0.1783051 0.06659097
0.7857325 0.1567664 0.0575011
0.7830291 0.16678 0.05019093
0.7764017 0.1617785 0.06181983
0.7678074 0.170051 0.0621416
0.7811254 0.1646504 0.05422426
0.7764458 0.1717603 0.05179391
0.7633648 0.1732929 0.06334228
0.7665049 0.1769286 0.05656646
0.7923768 0.1625482 0.04507502
0.7671764 0.1753595 0.05746412
0.7934841 0.1601731 0.04634289
0.7884395 0.1635887 0.04797187
0.7731156 0.1652685 0.06161593
0.815407 0.1353815 0.04921151
0.7937134 0.1527934 0.05349325
0.8028354 0.1505782 0.04658636
0.7926271 0.1464381 0.06093481
0.784442 0.1604045 0.05515356
0.7818943 0.1674666 0.05063913
0.775658 0.1576054 0.06673661
0.7868005 0.1550538 0.05814569
0.7793511 0.1684504 0.05219852
0.7822878 0.164055 0.05365712
0.773783 0.150286 0.07593102
0.7951518 0.1563867 0.04846153
0.8003662 0.1453118 0.05432195
0.7706224 0.1594245 0.0699531
0.8008863 0.1523972 0.04671645
0.7993529 0.1519911 0.04865599
0.762427 0.1798163 0.05775665
0.7742278 0.1660276 0.05974465
0.7875113 0.1470962 0.06539251
0.7827328 0.1611599 0.05610728
0.7738459 0.1698936 0.05626055
0.7757302 0.1664635 0.05780633
0.7821039 0.1598432 0.05805287
0.7765437 0.1736059 0.04985033
0.7735341 0.16807 0.0583959
0.7776129 0.1832257 0.03916138
0.793965 0.1658025 0.04023248
0.7735815 0.1759308 0.05048776
0.7615389 0.1792862 0.05917492
0.7900688 0.1662741 0.04365712
0.7809644 0.1625796 0.05645605
0.783492 0.1665886 0.04991946
0.7741091 0.1658563 0.06003457
0.7857566 0.1608022 0.05344112
0.7634981 0.1859633 0.05053862
0.7627829 0.1761135 0.06110368
0.7447069 0.20094 0.05435309
0.7732483 0.1851204 0.04163131
0.7951122 0.1488273 0.05606044
0.7776003 0.1722214 0.05017835
0.7709786 0.1752088 0.05381258
0.7882254 0.1495781 0.06219652
0.7977525 0.1544625 0.04778502
0.783855 0.1657111 0.05043392
0.7753709 0.1648626 0.05976658
0.7852228 0.1565515 0.05822573
0.7994959 0.144294 0.05621012
0.7856249 0.1581766 0.05619856
0.7604208 0.186639 0.05294023
0.7989985 0.1601445 0.04085704
0.7765948 0.1782873 0.04511785
0.7863898 0.1579427 0.05566749
0.7888574 0.1637908 0.04735175
0.784571 0.1502279 0.06520113
0.7834704 0.1629727 0.0535569
0.7811159 0.1647174 0.05416666
0.7856256 0.1528598 0.06151461
0.7845985 0.1680464 0.04735511
0.7843587 0.1496545 0.06598674
0.7818998 0.1691415 0.04895876
0.7892595 0.1449748 0.0657657
0.7898504 0.1636206 0.04652901
0.7767595 0.1621636 0.06107684
0.7940482 0.1564812 0.04947055
0.8073947 0.142302 0.05030332
0.7892835 0.1602879 0.0504286
0.7617674 0.1801376 0.05809493
0.8070844 0.1443205 0.04859511
0.7715954 0.1684502 0.05995435
0.7817989 0.1695266 0.0486745
0.7722062 0.1645027 0.0632911
0.7809729 0.1649242 0.05410286
0.7524096 0.1915724 0.05601801
0.7710903 0.1683508 0.06055888
0.7888049 0.16159 0.04960501
0.7820039 0.1684979 0.0494982
0.7507863 0.1943101 0.05490359
0.7670665 0.1717371 0.06119633
0.78123 0.1694407 0.04932925
0.7833883 0.1601772 0.05643451
0.7758634 0.1633387 0.06079792
0.7622389 0.1675498 0.07021136
0.7739315 0.1648893 0.06117918
0.7797952 0.1594968 0.06070796
0.7851403 0.1714311 0.04342859
0.7766663 0.1662002 0.05713357
0.7837496 0.1513165 0.06493389
0.7850483 0.1563559 0.0585958
0.7501568 0.1784658 0.07137745
0.7794717 0.1627825 0.05774581
0.7849479 0.1658388 0.04921323
0.7821559 0.1678081 0.05003599
0.7697801 0.1758921 0.05432781
0.7988787 0.1547005 0.04642081
0.7907481 0.1541215 0.05513038
0.7801422 0.167636 0.05222179
0.7781634 0.160153 0.06168355
0.7670121 0.1769004 0.05608747
0.7810378 0.1552637 0.0636985
0.765928 0.1828991 0.05117292
0.7944924 0.1650237 0.04048387
0.7803618 0.1567753 0.06286287
0.7813649 0.1633482 0.05528688
0.7965078 0.1504461 0.05304604
0.7845623 0.1642607 0.05117706
0.7792413 0.1716928 0.04906591
0.7651504 0.1804509 0.05439867
0.7981018 0.1537894 0.04810882
0.7695085 0.1705029 0.05998862
0.7593152 0.1819979 0.05868687
0.7574536 0.1754153 0.06713114
0.7708559 0.1788985 0.05024558
0.7785576 0.1637854 0.05765705
0.7815549 0.1633058 0.05513929
0.7826386 0.1708068 0.04655465
0.7984695 0.1584832 0.04304724
0.7663521 0.1719213 0.06172651
0.7536642 0.1845171 0.06181864
0.7750456 0.1578269 0.06712748
0.7882917 0.1631321 0.04857621
0.7974099 0.1490474 0.05354271
0.8008383 0.1516249 0.04753682
0.7838056 0.137674 0.07852046
0.7952109 0.1550919 0.04969726
0.770187 0.1721514 0.05766169
0.7872781 0.1504759 0.06224599
0.7595877 0.1800879 0.06032438
0.790805 0.1660657 0.0431293
0.777011 0.1601179 0.06287115
0.778363 0.1666228 0.05501425
0.7705264 0.1737121 0.05576145
0.7728175 0.186503 0.04067948
0.7996868 0.1416137 0.05869944
0.7979305 0.1363919 0.06567763
0.7793841 0.173845 0.04677087
0.7822547 0.1486306 0.06911477
0.7616423 0.1740978 0.0642599
0.7720171 0.1770267 0.05095612
0.7977036 0.1375117 0.06478471
0.7759504 0.1643932 0.0596564
0.8017525 0.1570322 0.04121529
0.7745748 0.1696992 0.05572601
0.7873903 0.1611775 0.05143222
0.7923472 0.1553045 0.05234828
0.7908746 0.1571925 0.05193289
0.8112123 0.145978 0.04280974
0.7871737 0.15036 0.06246625
0.7830379 0.1450799 0.07188227
0.7869532 0.1578518 0.05519493
0.7993988 0.1591293 0.04147186
0.8010289 0.1452362 0.05373493
0.7735551 0.1738689 0.05257596
0.7747261 0.1774372 0.04783668
0.7734063 0.1769522 0.04964148
0.7761 0.1640813 0.05981875
0.772666 0.1725432 0.05479086
0.7890058 0.1633899 0.04760426
0.7793753 0.1722269 0.04839781
0.7652599 0.1677532 0.06698692
0.7824973 0.1603552 0.05714747
0.7965083 0.1572476 0.04624408
0.7700497 0.1622639 0.06768641
0.7923391 0.1613891 0.04627177
0.7635294 0.1765924 0.05987821
0.7213071 0.2306266 0.04806627
0.7885363 0.1632316 0.04823206
0.801357 0.1415694 0.05707368
0.7756109 0.1708882 0.05350084
0.7928699 0.157387 0.04974312
0.7616179 0.1827512 0.05563086
0.7855458 0.1677215 0.04673269
0.8092896 0.1403113 0.05039913
0.7841326 0.1609691 0.05489825
0.7848444 0.1509307 0.06422489
0.7695229 0.1703124 0.06016474
0.7874419 0.167053 0.04550511
0.7819446 0.1573184 0.060737
0.775337 0.1798424 0.04482053
0.7725715 0.1720876 0.05534088
0.7773046 0.1610556 0.06163985
0.7679656 0.1862628 0.04577158
0.7686186 0.1689098 0.06247168
0.7626709 0.1887198 0.04860928
0.7722861 0.1693668 0.05834708
0.7718605 0.1779534 0.05018608
0.7909752 0.1667845 0.04224031
0.7730444 0.1576552 0.06930045
0.792281 0.1534366 0.05428236
0.7769875 0.1820059 0.04100667
0.788092 0.1619392 0.04996885
0.7496235 0.1930777 0.05729879
0.7733159 0.1664821 0.06020203
0.7895272 0.1669035 0.0435693
0.7782109 0.175841 0.04594814
0.796758 0.1536613 0.04958071
0.7714915 0.1675702 0.06093826
0.7588069 0.1846048 0.05658834
0.7587965 0.1918779 0.04932563
0.7703023 0.188808 0.04088967
0.7879796 0.1461574 0.06586304
0.7806831 0.1620785 0.05723843
0.7720447 0.1712696 0.05668568
0.789356 0.1614888 0.04915515
0.821856 0.1307987 0.04734533
0.7719413 0.1673999 0.06065887
0.7739329 0.1671024 0.05896468
0.7818255 0.164095 0.05407946
0.7918891 0.1572141 0.05089685
0.7928362 0.1472874 0.05987649
0.7854398 0.1620231 0.0525371
0.7841978 0.1535796 0.06222259
0.8021973 0.1476946 0.05010809
0.7966925 0.1473539 0.05595354
0.7846507 0.1693706 0.04597875
0.7951607 0.1647493 0.04009004
0.7978197 0.1437937 0.0583866
0.773255 0.1673202 0.05942475
0.7871973 0.1564484 0.0563543
0.7923301 0.1607162 0.04695377
0.7771362 0.1575048 0.065359
0.7804567 0.1560641 0.06347921
0.7988965 0.1522864 0.0488171
0.7954296 0.1537999 0.05077049
0.7922287 0.1523187 0.05545264
0.7938647 0.1515937 0.05454156
0.793479 0.1535949 0.05292612
0.7743672 0.173284 0.05234879
0.7655347 0.1702789 0.06418641
0.7715955 0.17315 0.05525445
0.7690752 0.1787369 0.05218793
0.7929579 0.1476465 0.0593956
0.7588006 0.1652943 0.07590515
0.7725013 0.1730079 0.05449083
0.7626754 0.1706142 0.06671036
0.7865741 0.1591597 0.05426621
0.7713205 0.1635991 0.06508041
0.7817085 0.1637531 0.05453832
0.7750112 0.1638827 0.06110602
0.7728111 0.176117 0.05107192
0.7556789 0.1874453 0.0568758
0.7637889 0.1616186 0.07459255
0.790942 0.156279 0.05277897
