p_1 p_2 p_3 p_4 
0.0524522 0.7651128 0.04666273 0.1357723 
0.0697628 0.8071479 0.01676813 0.1063212 
0.07468042 0.733422 0.006056834 0.1858407 
0.06955232 0.6582575 0.02320026 0.2489899 
0.03736294 0.7940217 0.00581487 0.1628005 
0.0361129 0.7762196 0.004196394 0.1834711 
0.09832148 0.741564 0.01302419 0.1470903 
0.02414296 0.881531 0.01547923 0.07884682 
0.1136844 0.7805907 0.001433808 0.1042912 
0.06239942 0.7634851 0.01888722 0.1552283 
0.04594987 0.7685469 0.01213285 0.1733703 
0.04343142 0.8444145 0.01071239 0.1014417 
0.09062438 0.8444114 0.002038885 0.06292539 
0.08064255 0.7724087 0.009258881 0.1376899 
0.0523052 0.6925066 0.09763405 0.1575541 
0.01947132 0.8401536 0.05199704 0.088378 
0.02334106 0.754292 0.08188399 0.140483 
0.004886774 0.7799498 0.0523952 0.1627682 
0.01547912 0.7936612 0.0684573 0.1224023 
0.007147652 0.8343369 0.05405285 0.1044626 
0.03498161 0.7411196 0.06163624 0.1622625 
0.004726265 0.8282867 0.09883864 0.06814839 
0.01477702 0.8253162 0.02051886 0.139388 
0.0378557 0.7052141 0.07600238 0.1809279 
0.01682242 0.7421158 0.0455153 0.1955465 
0.04082102 0.765546 0.07843821 0.1151947 
0.003563903 0.8003614 0.0489235 0.1471512 
0.00804641 0.785562 0.05131031 0.1550813 
0.04418389 0.7337418 0.05823352 0.1638408 
0.05575657 0.7895991 0.02137973 0.1332646 
0.03453494 0.7391653 0.07749087 0.1488089 
0.08378236 0.7994291 0.05142432 0.06536419 
0.1921372 0.7592459 0.04393504 0.004681807 
0.1501532 0.7559835 0.05972642 0.03413686 
0.1806582 0.733722 0.02619341 0.05942643 
0.1941614 0.7487249 0.0554212 0.001692585 
0.1142758 0.8047501 0.07060221 0.01037195 
0.1705708 0.7284416 0.06436853 0.03661908 
0.1016878 0.790137 0.06568979 0.04248548 
0.1697846 0.7802345 0.02971413 0.02026681 
0.2213692 0.7297612 0.02446503 0.0244045 
0.1465279 0.7976829 0.05440246 0.001386722 
0.1420609 0.7480179 0.09714501 0.01277618 
0.1572231 0.757526 0.08369976 0.001551159 
0.1707149 0.7695133 0.03243428 0.02733753 
0.1209694 0.8304905 0.02740176 0.02113841 
0.1112929 0.7920965 0.09202245 0.004588113 
0.1667747 0.7332831 0.08093474 0.01900748 
0.1077269 0.8155313 0.06887512 0.007866625 
0.1528552 0.7671987 0.01101956 0.06892656 
0.1390187 0.8229388 0.03725185 0.0007906237 
0.1131883 0.8045415 0.07309102 0.009179122 
0.1641606 0.7734975 0.02386867 0.03847326 
0.1568007 0.7849489 0.05770504 0.0005454059 
0.009270475 0.7108342 0.06257997 0.2173154 
0.001067536 0.8538648 0.03239071 0.112677 
0.006863712 0.8415223 0.03746928 0.1141447 
0.01773651 0.7820722 0.05658929 0.143602 
0.01094857 0.7485126 0.08996719 0.1505717 
0.04295325 0.7422679 0.02990102 0.1848779 
0.1026572 0.7484351 0.0122752 0.1366325 
0.04019851 0.7694205 0.02866076 0.1617202 
0.04829864 0.7970664 0.01942616 0.1352088 
0.06437871 0.7304237 0.05139795 0.1537996 
0.04993911 0.7939177 0.04137842 0.1147648 
0.1421878 0.7383781 0.0157127 0.1037214 
0.1250233 0.7252697 0.01907782 0.1306291 
0.06579103 0.6805721 0.025269 0.2283678 
0.06958116 0.7562672 0.05134201 0.1228097 
0.01122173 0.7878574 0.07928216 0.1216387 
0.06658965 0.8017775 0.01774841 0.1138844 
0.04270689 0.8121297 0.04052157 0.1046418 
0.03395889 0.8421877 0.01544881 0.1084046 
0.06150276 0.6775606 0.05962991 0.2013067 
0.04054181 0.8012259 0.008502945 0.1497294 
0.10065 0.7516375 0.0009708 0.1467417 
0.05677769 0.7962132 0.03382126 0.1131878 
0.05257203 0.7341378 0.01918768 0.1941025 
0.03750003 0.8207394 0.0100604 0.1317002 
0.07749956 0.717199 0.038393 0.1669084 
0.05706761 0.8064539 0.0141755 0.122303 
0.03202877 0.8437884 0.007485675 0.1166972 
0.03404343 0.8042977 0.01126452 0.1503943 
0.0988844 0.7994263 0.004291851 0.09739749 
0.02093556 0.727397 0.06654041 0.1851271 
0.01761533 0.7792817 0.06822673 0.1348762 
0.002257247 0.7949952 0.04733915 0.1554084 
0.008715585 0.724702 0.03521215 0.2313703 
0.00329521 0.8025378 0.04753961 0.1466273 
0.031187 0.8113843 0.06027421 0.09715447 
0.03194965 0.8987239 0.01098476 0.0583417 
0.04647258 0.7412575 0.0402006 0.1720693 
0.01356811 0.8113186 0.08390452 0.09120875 
0.009854319 0.7726221 0.09027274 0.1272508 
0.001152604 0.7527194 0.139958 0.10617 
0.08350895 0.6748515 0.06009961 0.1815399 
0.0005243016 0.8033416 0.1004808 0.09565339 
0.01977881 0.8475908 0.05426911 0.07836125 
0.002971123 0.8299969 0.0631244 0.1039075 
0.03192146 0.8327451 0.02845461 0.1068788 
0.05378717 0.8065268 0.03902003 0.100666 
0.0159907 0.7561431 0.06316604 0.1647002 
0.01797687 0.7389155 0.04811464 0.194993 
0.006980602 0.7594095 0.07091879 0.1626911 
0.0448441 0.7970449 0.04120988 0.1169011 
0.0263655 0.8164865 0.02707489 0.1300732 
0.01226868 0.8455134 0.06136381 0.08085413 
0.01080765 0.8294622 0.0596209 0.1001092 
0.07672177 0.7754525 0.0294879 0.1183379 
0.04360683 0.8329722 0.009885233 0.1135357 
0.06687777 0.7951172 0.01061556 0.1273894 
0.02668244 0.8633382 0.006797885 0.1031815 
0.02278001 0.793807 0.01756785 0.1658452 
0.03565454 0.87867 0.006290384 0.07938508 
0.1338648 0.6690175 0.02261725 0.1745005 
0.07568764 0.7275436 0.06309139 0.1336773 
0.03256015 0.7482194 0.06516069 0.1540597 
0.08325465 0.6885161 0.102729 0.1255003 
0.0007014132 0.7874491 0.0462931 0.1655564 
0.01404511 0.8096697 0.05020105 0.1260841 
0.05292822 0.7827857 0.07648498 0.08780105 
0.03012186 0.7304288 0.1115295 0.1279198 
0.01771499 0.7846439 0.06172478 0.1359163 
0.2211644 0.7459958 0.02823225 0.004607637 
0.1228747 0.7571781 0.1063862 0.013561 
0.01953858 0.7895033 0.05605807 0.1349001 
0.006111879 0.7063855 0.06593201 0.2215707 
0.006708844 0.702564 0.09992966 0.1907975 
0.0218041 0.7038608 0.1293916 0.1449435 
0.05212184 0.7619523 0.03116213 0.1547638 
0.00832642 0.8092601 0.05605282 0.1263606 
0.02655863 0.7413421 0.07342329 0.1586759 
0.07431078 0.7811249 0.02837158 0.1161927 
0.03635876 0.7674539 0.04675285 0.1494345 
0.0001606551 0.83551 0.04245261 0.1218767 
0.0434391 0.7608495 0.06310086 0.1326105 
0.003860311 0.7607821 0.05325848 0.1820991 
0.03723162 0.7805749 0.0301802 0.1520133 
0.01625432 0.7656044 0.09080096 0.1273403 
0.02050384 0.8004128 0.0528592 0.1262242 
0.04530288 0.7033394 0.09443215 0.1569255 
0.03463208 0.7476333 0.09933645 0.1183981 
0.0008901248 0.840944 0.05518067 0.1029852 
0.03394181 0.7287584 0.07025749 0.1670423 
0.001318021 0.7997809 0.09878729 0.1001137 
0.01122048 0.7416144 0.1080793 0.1390858 
0.01011574 0.7506085 0.04877757 0.1904982 
0.02324206 0.733469 0.05558771 0.1877012 
0.01186246 0.7956742 0.06808984 0.1243735 
0.02554247 0.8007574 0.07985671 0.09384345 
0.04183068 0.7218807 0.04387211 0.1924165 
0.04307987 0.7681255 0.02424698 0.1645476 
0.04249817 0.7856103 0.0541252 0.1177663 
0.0005939602 0.8361862 0.03473964 0.1284802 
0.01416064 0.7722827 0.09853998 0.1150167 
0.0122605 0.7724026 0.0581694 0.1571675 
0.002136321 0.7131953 0.1219728 0.1626956 
0.0630207 0.7733796 0.08100163 0.08259803 
0.04379617 0.7468541 0.07652027 0.1328295 
0.07966236 0.8274223 0.02478967 0.06812568 
0.05067158 0.8038635 0.01030391 0.135161 
0.06553075 0.7682594 0.009572301 0.1566376 
0.08153276 0.7570649 0.008730842 0.1526715 
0.1184697 0.7818582 0.006497073 0.09317504 
0.03439992 0.757531 0.06724234 0.1408267 
0.07637072 0.7902719 0.1331502 0.0002072521 
0.08233745 0.7296711 0.1677325 0.02025891 
0.08939745 0.7914387 0.07862995 0.04053394 
0.04765868 0.7677773 0.1672222 0.01734177 
0.02773751 0.7953162 0.1526447 0.02430166 
0.05698592 0.7323841 0.19204 0.01858995 
0.07959812 0.7899773 0.1278442 0.002580386 
0.05013846 0.776068 0.1669715 0.006822046 
0.02576882 0.8028658 0.100948 0.07041739 
0.0007331791 0.7152621 0.1276403 0.1563645 
0.02458799 0.7170701 0.210309 0.04803288 
0.005067671 0.8122941 0.09172177 0.09091648 
0.01892849 0.7951644 0.1085365 0.07737062 
0.01510096 0.7982075 0.1411618 0.04552967 
0.01854209 0.8119523 0.1017019 0.06780368 
0.009758058 0.7594256 0.1413104 0.08950596 
0.01171684 0.746472 0.2137204 0.02809074 
0.02343722 0.7379495 0.07181416 0.1667991 
0.04389336 0.7377865 0.1912373 0.02708284 
0.02626675 0.769365 0.130567 0.07380129 
0.004609964 0.7374221 0.1579228 0.1000451 
0.05309443 0.7120051 0.1934853 0.04141526 
0.008890635 0.8437679 0.1184855 0.02885591 
0.003361948 0.8300741 0.06509983 0.1014641 
0.003698027 0.7753159 0.1571292 0.06385684 
0.05718546 0.7430606 0.1545759 0.04517805 
0.02056238 0.7836093 0.07735516 0.1184732 
0.1038655 0.8072776 0.08648567 0.002371165 
0.1006144 0.8070989 0.08817136 0.004115292 
0.07817667 0.8369135 0.07354978 0.01136002 
0.1084102 0.7547543 0.1245269 0.01230868 
0.07319016 0.7772413 0.09717752 0.052391 
0.04243571 0.7671556 0.1714511 0.01895757 
0.0308686 0.7978972 0.1279907 0.04324351 
0.03101289 0.7214394 0.2239172 0.02363057 
0.08188291 0.7683761 0.1033615 0.04637941 
0.004987101 0.7956927 0.1107513 0.08856894 
0.05070679 0.7317709 0.1541518 0.06337056 
0.02559018 0.7566722 0.1644138 0.05332374 
0.02883215 0.7942987 0.1474126 0.02945662 
0.02228675 0.8437952 0.05805992 0.07585812 
0.04886762 0.7611302 0.04224174 0.1477604 
0.01628322 0.747423 0.008983356 0.2273104 
0.004507852 0.8283435 0.007505423 0.1596433 
0.009271784 0.7721755 0.05395061 0.1646021 
0.009773583 0.8247112 0.004518866 0.1609964 
0.01377162 0.7233664 0.068522 0.19434 
0.04480073 0.8202668 0.0002282092 0.1347043 
0.1059558 0.8079662 0.009883175 0.07619479 
0.01924227 0.7800039 0.01856479 0.182189 
0.04242129 0.7236141 0.04455027 0.1894143 
0.02010096 0.6719653 0.04714367 0.2607901 
0.01879357 0.7512573 0.03293647 0.1970126 
0.05794287 0.7735834 0.1143445 0.05412921 
0.0584784 0.738356 0.1531289 0.05003677 
0.07251786 0.7339501 0.1054929 0.08803912 
0.06517401 0.7911729 0.1264242 0.01722887 
0.09266032 0.7524075 0.1435689 0.01136328 
0.001639321 0.8017181 0.1029495 0.09369304 
0.000496534 0.8503894 0.09297862 0.05613541 
0.006105141 0.7470042 0.1896012 0.05728945 
0.02574868 0.7659974 0.1519665 0.05628744 
0.03539428 0.7754863 0.1860216 0.003097846 
0.08655266 0.7477235 0.1350414 0.03068243 
0.03732727 0.7529112 0.1772695 0.0324921 
0.04889445 0.7868346 0.1544568 0.009814151 
0.09490695 0.789255 0.08668354 0.02915446 
0.06137153 0.8297304 0.06434028 0.04455778 
0.05725606 0.8563996 0.08507412 0.001270175 
0.06261903 0.7975903 0.1206751 0.0191156 
0.1394522 0.7312987 0.1198426 0.00940652 
0.04517772 0.7584158 0.1766496 0.01975684 
0.06201932 0.7918494 0.1410036 0.005127723 
0.08914715 0.7284937 0.1365353 0.04582384 
0.0612094 0.7498848 0.1622636 0.02664217 
0.07574929 0.8302043 0.07833641 0.01570997 
0.03330204 0.7938965 0.1514341 0.02136741 
0.0414667 0.8166088 0.1291721 0.01275243 
0.08160084 0.7774934 0.04403857 0.09686717 
0.04034298 0.787983 0.009472883 0.1622011 
0.06256567 0.8469654 0.01744014 0.07302879 
0.06246283 0.7994908 0.01526199 0.1227843 
0.08538411 0.7612349 0.0002819943 0.153099 
0.0480183 0.698109 0.02870888 0.2251638 
0.05910343 0.7521186 0.005783811 0.1829941 
0.05050367 0.799996 0.00572362 0.1437768 
0.07803078 0.7455523 0.01542547 0.1609914 
0.08930572 0.7437752 0.05826648 0.1086526 
0.1320893 0.712782 0.0101467 0.144982 
0.051991 0.7499766 5.239052e-05 0.19798 
0.05587535 0.7470137 0.005019525 0.1920914 
0.09990364 0.7904222 0.004454617 0.1052196 
0.07840869 0.7544771 0.02399867 0.1431155 
0.03905486 0.7695034 0.01897734 0.1724644 
0.04896874 0.8358363 0.1140034 0.00119154 
0.0694276 0.7947278 0.08576884 0.05007579 
0.04445937 0.8160614 0.001926521 0.1375527 
0.0676737 0.8145598 0.1055751 0.01219139 
0.01661113 0.7759528 0.1941811 0.01325489 
0.02701054 0.7640898 0.1945922 0.01430742 
0.06591873 0.8628388 0.06996647 0.001276023 
0.04361235 0.7123551 0.1826419 0.06139071 
0.05762369 0.7988021 0.1250851 0.01848911 
0.08177848 0.7924106 0.09533498 0.03047593 
0.1153391 0.7555192 0.1289845 0.0001572764 
0.02192115 0.8114438 0.1063732 0.06026189 
0.1313863 0.7430291 0.1053727 0.02021186 
0.0124999 0.8069136 0.1211377 0.05944884 
0.04219313 0.6769811 0.2136589 0.06716687 
0.007750384 0.840961 0.08323658 0.06805205 
0.05528716 0.741939 0.1899694 0.01280445 
0.1133916 0.7310249 0.09646879 0.05911468 
0.04433028 0.801149 0.1410261 0.01349461 
0.07040378 0.7531913 0.1405896 0.03581533 
0.03865614 0.8348288 0.1026527 0.02386239 
0.002482605 0.7545508 0.1466797 0.09628697 
0.02199737 0.7555948 0.08213896 0.1402689 
0.0849898 0.785545 0.1103753 0.01908997 
0.02986539 0.7988497 0.1574606 0.01382424 
0.1350301 0.7213618 0.07924204 0.06436606 
0.05861291 0.8249733 0.08978189 0.02663186 
0.0348927 0.7132043 0.1506004 0.1013025 
0.04866132 0.7881324 0.1550064 0.008199884 
0.03914049 0.7640663 0.1699938 0.02679937 
0.04840056 0.7870882 0.1140336 0.05047767 
0.1204956 0.7485369 0.1110402 0.01992735 
0.07171652 0.7627011 0.1496474 0.0159349 
0.06040225 0.7927017 0.1347646 0.01213141 
0.04708753 0.7754155 0.1622683 0.01522869 
0.03745391 0.790943 0.1681552 0.003447852 
0.09029725 0.8476423 0.05069838 0.01136208 
0.05320064 0.7022653 0.1944651 0.05006896 
0.001578719 0.6837329 0.2378709 0.07681751 
0.07007574 0.7324792 0.1093118 0.08813333 
0.008381768 0.789606 0.1455065 0.05650574 
0.04994634 0.7077771 0.1588783 0.08339822 
0.06469921 0.7304442 0.1692548 0.03560179 
0.05148167 0.7569505 0.1247125 0.06685532 
0.02661667 0.7214905 0.2260514 0.02584142 
0.01520271 0.7414239 0.1715308 0.07184259 
0.00457874 0.7342912 0.1957663 0.06536381 
0.0749312 0.7935799 0.1242742 0.007214699 
0.05668254 0.7731401 0.06505015 0.1051272 
0.07681119 0.8216831 0.09720298 0.004302717 
0.09614475 0.7723751 0.1269812 0.004498948 
0.09217906 0.8479018 0.0527702 0.007148937 
0.01972409 0.7896226 0.1518 0.03885328 
0.005101242 0.8203451 0.1227094 0.05184425 
0.005774556 0.8366494 0.1089709 0.04860515 
0.02968898 0.8143735 0.1237606 0.03217684 
0.03930686 0.7079862 0.2156694 0.03703752 
0.002732881 0.7735289 0.117746 0.1059922 
0.003578306 0.7685791 0.161351 0.06649161 
0.01123311 0.7839241 0.09779574 0.1070471 
0.09571726 0.7725778 0.1249202 0.00678472 
0.03290613 0.8424111 0.1141845 0.01049826 
0.03036583 0.778144 0.174385 0.01710518 
0.0920523 0.6762878 0.223753 0.007906897 
0.03234673 0.813927 0.1104114 0.04331481 
0.03971406 0.778436 0.1420423 0.03980765 
0.04407252 0.7860057 0.08263743 0.08728438 
0.09935311 0.6783329 0.2162697 0.006044234 
0.07330313 0.8226736 0.08211878 0.02190454 
0.09248811 0.7464507 0.15772 0.003341172 
0.06599335 0.7829946 0.1329038 0.0181082 
0.0444216 0.7720358 0.1638156 0.01972703 
0.07962447 0.8454592 0.06460019 0.01031613 
0.0782794 0.7560629 0.1600677 0.005590038 
0.06407502 0.7669798 0.1643298 0.004615397 
0.1426157 0.6759995 0.1617718 0.01961306 
0.06629979 0.719865 0.1210055 0.0928297 
0.03053851 0.7984961 0.1336247 0.03734066 
0.07318371 0.714489 0.2078525 0.004474797 
0.06219922 0.7769629 0.153751 0.007086843 
0.03341461 0.702729 0.2565043 0.007352147 
0.07855993 0.7567091 0.1581993 0.006531715 
0.02904354 0.7908072 0.1082681 0.07188117 
0.07742727 0.7450104 0.1355805 0.04198187 
0.02445115 0.8207452 0.1474081 0.007395484 
0.05242352 0.72929 0.2131664 0.005120038 
0.0623844 0.7710226 0.1392514 0.02734167 
0.09644826 0.7819017 0.1209341 0.0007159949 
0.04569221 0.7781631 0.1253551 0.05078965 
0.015882 0.695025 0.2626893 0.02640375 
0.003985771 0.8303397 0.1532935 0.01238095 
0.0405179 0.7458006 0.1915745 0.02210705 
0.06913821 0.8141453 0.0975143 0.01920217 
0.07919015 0.7142957 0.1982186 0.008295549 
0.08251272 0.7967976 0.1199366 0.0007531115 
0.01614424 0.7984455 0.1846751 0.0007351714 
0.08578919 0.8033175 0.1039063 0.006986969 
0.02971888 0.7152769 0.2339039 0.02110027 
0.000662475 0.8145228 0.1037053 0.08110937 
0.03895227 0.7601764 0.1206476 0.08022372 
0.02264148 0.796639 0.1183746 0.06234491 
0.02765985 0.8533079 0.07695818 0.04207409 
0.001894937 0.8186514 0.1066561 0.07279752 
0.009556107 0.8261914 0.1018774 0.0623751 
0.01298941 0.7679981 0.1951376 0.02387489 
0.028831 0.8190354 0.1035935 0.04854009 
0.0190872 0.7026405 0.2005762 0.0776961 
0.01378155 0.7787133 0.170732 0.03677316 
0.0007038425 0.7479192 0.2202064 0.03117061 
0.01601217 0.7898729 0.1220282 0.07208672 
0.01551517 0.7123249 0.1538311 0.1183288 
0.05108211 0.7597168 0.162207 0.02699412 
0.02597777 0.7224448 0.2022998 0.04927769 
0.0110831 0.7867475 0.1130202 0.08914924 
0.0415737 0.8152776 0.1004817 0.042667 
0.004405388 0.7611413 0.1656042 0.0688491 
0.02036108 0.7728394 0.1768864 0.02991309 
0.03037877 0.7259705 0.1724481 0.07120267 
0.04759982 0.7565304 0.156019 0.03985075 
0.01840673 0.8278747 0.1087492 0.04496946 
0.02329885 0.7514008 0.1741116 0.05118869 
0.004077678 0.7584436 0.1475871 0.08989155 
0.02005836 0.8015753 0.1275448 0.05082153 
0.04306394 0.8040642 0.09680292 0.05606896 
0.01444304 0.8322538 0.08646079 0.06684238 
0.04038895 0.8471411 0.06673598 0.04573399 
0.01222624 0.8000328 0.1202502 0.06749085 
0.1159104 0.7721322 0.007224959 0.1047325 
0.1168687 0.775048 0.08490963 0.02317373 
0.09275974 0.722287 0.1116154 0.07333787 
0.1660684 0.6940904 0.03552392 0.1043172 
0.1143665 0.8147937 0.02671377 0.04412599 
0.1907202 0.752356 0.01651004 0.04041384 
0.1091933 0.812806 0.0168131 0.06118768 
0.1088757 0.8018389 0.05166293 0.03762246 
0.1855418 0.7706656 0.0002378271 0.04355482 
0.1925445 0.7489866 0.00981536 0.04865355 
0.2669538 0.7037461 0.02469022 0.004609882 
0.1010994 0.8674494 0.02974548 0.001705777 
0.1355428 0.798286 0.04741342 0.01875781 
0.07951155 0.7862693 0.09291762 0.0413015 
0.1652267 0.7579671 0.04885118 0.02795504 
0.09462694 0.8174098 0.004725402 0.08323784 
0.1094597 0.814054 0.03272005 0.04376628 
0.1516083 0.7706613 0.01664971 0.06108071 
0.1301319 0.8392091 0.005405571 0.02525338 
0.09793798 0.8203389 0.07356053 0.008162647 
0.09963097 0.8374069 0.02895764 0.03400453 
0.1563767 0.7686958 0.02682152 0.04810596 
0.1561017 0.7607191 0.01491612 0.06826308 
0.1491961 0.7827795 0.01233656 0.05568782 
0.2006462 0.7677102 0.01547136 0.01617217 
0.1433105 0.8139919 0.002985893 0.03971174 
0.1390976 0.803738 0.009610225 0.04755417 
0.03730857 0.7345161 0.05154054 0.1766348 
0.04364178 0.782788 0.04450394 0.1290663 
0.00493979 0.8850762 0.06134619 0.04863783 
0.1012188 0.8234121 0.01156764 0.0638015 
0.02160746 0.8069657 0.05977428 0.1116525 
0.1256372 0.8302155 0.0337219 0.01042542 
0.1059188 0.7961505 0.07029396 0.02763675 
0.1365746 0.7737606 0.07800135 0.01166345 
0.192034 0.7330749 0.04727064 0.02762046 
0.1083135 0.8206428 0.04941262 0.02163106 
0.1315511 0.8057882 0.04987668 0.01278403 
0.1653814 0.7589587 0.06017871 0.01548119 
0.2052349 0.7308252 0.03914305 0.02479686 
0.110482 0.8323894 0.05579595 0.001332629 
0.1483763 0.8198526 0.01251973 0.0192514 
0.1309765 0.7587945 0.02715353 0.08307551 
0.1229885 0.8380075 0.02268533 0.01631874 
0.09401012 0.8357476 0.06364012 0.006602158 
0.1638153 0.7669765 0.01331033 0.0558979 
0.05434564 0.8632246 0.03380744 0.04862233 
0.1259419 0.7443556 0.1148785 0.01482402 
0.09474515 0.7732811 0.0657927 0.06618106 
0.1282872 0.7546964 0.1094317 0.007584642 
0.1003019 0.8424979 0.04394603 0.01325418 
0.05792709 0.8477866 0.05203465 0.04225168 
0.02204889 0.8577455 0.05881245 0.06139315 
0.02976269 0.7217781 0.06162106 0.1868382 
0.04775434 0.8461851 0.009260178 0.09680038 
0.04501887 0.8038684 0.02086953 0.1302432 
0.1114937 0.7731648 0.004228536 0.111113 
0.06894816 0.7738691 0.01804068 0.139142 
0.04929772 0.7736009 0.0310636 0.1460377 
0.02378932 0.8229335 0.04305418 0.110223 
0.07142029 0.812653 0.005472695 0.110454 
0.03009246 0.8266726 0.001869911 0.141365 
0.02121711 0.7955933 0.0329907 0.1501989 
0.007313885 0.732097 0.06644961 0.1941395 
0.0295291 0.8064723 0.06212399 0.1018746 
0.06351478 0.7867492 0.05861488 0.09112116 
0.02624222 0.7852776 0.06383089 0.1246493 
0.001567395 0.7587236 0.1061475 0.1335615 
0.0216313 0.7355134 0.05580727 0.1870481 
0.005286395 0.8293329 0.0365979 0.1287828 
0.03724684 0.766992 0.05537912 0.140382 
0.02585518 0.8404704 0.05957052 0.07410389 
0.08818316 0.7399949 0.06416629 0.1076557 
0.0120297 0.8593954 0.01742467 0.1111502 
0.03609414 0.7426658 0.01924335 0.2019967 
0.116359 0.7508273 0.001110281 0.1317035 
0.04860479 0.7594867 0.00601527 0.1858933 
0.06193144 0.8299276 0.01028911 0.09785183 
0.1045164 0.7463136 0.001037048 0.1481329 
0.06123563 0.8024808 0.02443841 0.1118451 
0.0586174 0.8169376 0.006917312 0.1175277 
0.04033939 0.7320647 0.05804214 0.1695538 
0.01022179 0.7704345 0.03808981 0.1812539 
0.01922285 0.8015379 0.09056421 0.08867506 
0.02015658 0.8377318 0.03480379 0.1073078 
0.01795837 0.7534933 0.106136 0.1224123 
0.07207659 0.7950364 0.02683752 0.1060495 
0.01058377 0.7179819 0.1276793 0.143755 
0.03544783 0.7975416 0.02768865 0.1393219 
0.09888902 0.661479 0.01698095 0.222651 
0.09816938 0.7613719 0.02883216 0.1116266 
0.0612745 0.8247936 0.02973786 0.08419407 
0.07563815 0.7101344 0.07828996 0.1359375 
0.03468362 0.8213887 0.01116835 0.1327594 
0.063216 0.8552814 0.004734265 0.07676836 
0.04081571 0.7091862 0.01654698 0.2334511 
0.03172563 0.8240566 0.000761876 0.1434559 
0.08222852 0.7512926 0.02504852 0.1414304 
0.02940351 0.8027749 0.005178583 0.162643 
0.03963725 0.7930591 0.004223922 0.1630798 
0.02335525 0.8122068 0.03672663 0.1277113 
0.07135323 0.7946618 0.006577829 0.1274071 
0.05668238 0.819871 0.0003265824 0.1231201 
0.06412044 0.7998092 0.01217492 0.1238955 
0.07803145 0.7998642 0.1187905 0.00331381 
0.077709 0.8196989 0.06739388 0.03519818 
0.0752048 0.7463962 0.1694206 0.008978418 
0.09304373 0.7617067 0.130679 0.0145706 
0.03298301 0.806606 0.1549798 0.005431154 
0.07008549 0.7955054 0.1231843 0.01122478 
0.08696975 0.7566042 0.1165668 0.03985924 
0.0176751 0.7586522 0.1671979 0.05647474 
0.08769564 0.7072628 0.1737862 0.03125533 
0.05293704 0.7404786 0.1813102 0.02527413 
0.04970781 0.6971612 0.1161873 0.1369436 
0.05723145 0.822993 0.08420769 0.03556783 
0.04678889 0.8214938 0.1184158 0.01330148 
0.06513339 0.8003552 0.1182676 0.0162439 
0.04085503 0.816417 0.1307032 0.01202479 
0.03528817 0.733464 0.2138142 0.01743359 
0.05417097 0.7421637 0.1146742 0.08899111 
0.03549444 0.8220066 0.1008992 0.04159984 
0.02264494 0.8449474 0.123448 0.008959626 
0.001438538 0.7749656 0.2052591 0.01833681 
0.01804893 0.7779186 0.1691756 0.03485688 
0.03452306 0.7562907 0.1946881 0.01449817 
0.02610031 0.8077488 0.116708 0.04944288 
0.06165852 0.8097346 0.1252305 0.003376414 
0.1308905 0.8104192 0.05832392 0.0003663181 
0.03149533 0.7234822 0.1828504 0.06217202 
0.02879475 0.7670009 0.1345334 0.06967098 
0.0160026 0.7629745 0.1667019 0.05432093 
0.02231813 0.7550047 0.1719008 0.0507764 
0.02938359 0.7699855 0.1260508 0.0745801 
0.0002390493 0.7712118 0.1409526 0.08759654 
0.008158007 0.7982908 0.1618884 0.03166272 
0.1113434 0.7564124 0.05760927 0.07463492 
0.1044552 0.7478647 0.1316372 0.01604285 
0.03207146 0.7814073 0.1630536 0.02346766 
0.0507062 0.7771222 0.1493106 0.02286097 
0.04177773 0.7040496 0.2387447 0.01542801 
0.05495115 0.8064491 0.1001891 0.0384107 
0.04919549 0.8246716 0.09396276 0.03217011 
0.07538793 0.7528348 0.1517557 0.02002158 
0.005502952 0.7238438 0.2096582 0.060995 
0.03279648 0.8320614 0.1048986 0.03024356 
0.00123581 0.698991 0.2346259 0.0651473 
0.04040314 0.5907861 0.1953746 0.1734362 
0.03076252 0.7546544 0.207712 0.006871031 
0.1156563 0.7842893 0.08489219 0.01516221 
0.080849 0.6684111 0.211385 0.03935484 
0.06981641 0.7623287 0.1302109 0.03764402 
0.04733541 0.846636 0.09883819 0.007190357 
0.1018605 0.7799678 0.09602035 0.0221514 
0.04053858 0.8405808 0.08290715 0.03597349 
0.08701346 0.7395577 0.1364944 0.03693443 
0.03535739 0.8606172 0.06990644 0.034119 
0.05928453 0.7822929 0.1551151 0.003307481 
0.07759689 0.7389288 0.1398625 0.04361177 
0.03950088 0.7991728 0.1230162 0.03831016 
0.07923098 0.7821087 0.1165108 0.02214945 
0.0004628572 0.8456104 0.09248482 0.06144193 
0.01092432 0.7203117 0.1986221 0.07014189 
0.07991845 0.6520936 0.2665822 0.001405711 
0.01338011 0.8465433 0.1348088 0.005267766 
0.03154904 0.8337796 0.09208114 0.04259021 
0.01983904 0.7149177 0.2146856 0.05055766 
0.05346464 0.7997599 0.08848533 0.05829017 
0.0331384 0.7549644 0.1975569 0.01434033 
0.02942264 0.8442567 0.07517239 0.05114824 
0.04446021 0.8176444 0.0004280315 0.1374673 
0.08025212 0.7666731 0.03062418 0.1224506 
0.08465564 0.7800976 0.04090323 0.0943435 
0.1363792 0.8020298 0.002043581 0.05954734 
0.1433213 0.7631325 0.02957698 0.06396918 
0.06271043 0.7063792 0.1211505 0.1097599 
0.02017202 0.7375394 0.1106201 0.1316685 
0.002084089 0.7422386 0.05962328 0.196054 
0.0409558 0.7901703 0.07365349 0.09522038 
0.04333695 0.8196886 0.1153645 0.02160992 
0.1853586 0.7001443 0.03968268 0.07481433 
0.0773738 0.787777 0.1316302 0.003219016 
0.1884355 0.7559563 0.04378814 0.01182003 
0.06437223 0.8109888 0.1125291 0.01210984 
0.1690205 0.7724424 0.03499053 0.02354658 
0.1786936 0.7513341 0.03838985 0.03158241 
0.1523786 0.7500608 0.07442163 0.02313902 
0.1060989 0.7567341 0.09097228 0.04619472 
0.1220274 0.6928259 0.09955665 0.08558999 
0.1015704 0.8316335 0.06021986 0.00657622 
0.1885598 0.7701553 0.03078865 0.0104962 
0.1615816 0.7545185 0.08254187 0.00135803 
0.1676256 0.7468586 0.05622723 0.02928856 
0.1308973 0.777446 0.07621663 0.01544005 
0.06372926 0.854175 0.07676995 0.005325833 
0.1534663 0.7989403 0.04526573 0.00232771 
0.1742238 0.7474392 0.06447938 0.01385765 
0.1138049 0.8032233 0.03957864 0.04339312 
0.1613185 0.7454822 0.08312822 0.010071 
0.1451574 0.777381 0.07191343 0.005548164 
0.1925942 0.7519513 0.0356991 0.01975535 
0.2157599 0.7188847 0.04334022 0.02201522 
0.1811486 0.678941 0.06338964 0.07652073 
0.146038 0.8089805 0.03373008 0.01125151 
0.2103825 0.7198473 0.05759056 0.01217963 
0.1296764 0.7530463 0.08771937 0.0295579 
0.01768679 0.7569621 0.07826246 0.1470887 
0.01744899 0.8234485 0.04213029 0.1169722 
0.03952366 0.8270707 0.01391894 0.1194867 
0.06780257 0.8050292 0.04360229 0.08356591 
3.010677e-05 0.7844414 0.03356568 0.1819628 
0.08951202 0.7945776 0.0002650412 0.1156453 
0.05852895 0.7066363 0.03074619 0.2040886 
0.05643938 0.7564315 0.007862659 0.1792664 
0.06055293 0.7330883 0.008865917 0.1974928 
0.06879727 0.8208941 0.000883967 0.1094247 
0.05288243 0.8534551 0.001735753 0.09192676 
0.02417329 0.808857 0.0567065 0.1102632 
0.06511495 0.780245 0.01543961 0.1392005 
0.05588659 0.752632 0.0002691704 0.1912123 
0.0471648 0.803898 0.005789086 0.1431481 
0.07425711 0.7853769 0.006957478 0.1334085 
0.08326375 0.7453892 0.009074754 0.1622723 
0.0285109 0.7399845 0.02134108 0.2101636 
0.06973493 0.8107658 0.03034266 0.08915658 
0.02700152 0.7635552 0.1225603 0.08688297 
0.03326232 0.8512991 0.09583761 0.01960102 
0.04840431 0.8227456 0.07419147 0.0546586 
0.05143099 0.7679784 0.1370994 0.04349123 
0.04882279 0.817665 0.1093246 0.02418761 
0.03290684 0.7943241 0.1273283 0.04544079 
0.04068549 0.8331593 0.1079748 0.01818041 
0.03616559 0.8093579 0.1316629 0.02281363 
0.002478731 0.7204457 0.1274648 0.1496108 
0.0002598339 0.8168086 0.1042818 0.07864979 
0.03928153 0.7650636 0.1292324 0.06642249 
0.01337939 0.8180438 0.1195365 0.04904032 
0.02902333 0.8107564 0.1248405 0.03537981 
0.03215428 0.765355 0.1259553 0.07653541 
0.008614499 0.7304569 0.1673985 0.09353009 
0.03972208 0.8055993 0.1533645 0.00131409 
0.03289568 0.8484924 0.09806588 0.02054608 
0.1253745 0.7289489 0.1372265 0.008450145 
0.04710217 0.8190638 0.1159166 0.01791737 
0.1140913 0.762586 0.1100843 0.01323839 
0.05342311 0.7261231 0.2028139 0.01763993 
0.03946325 0.835679 0.1224038 0.00245399 
0.1132655 0.7659942 0.1008698 0.01987043 
0.04825299 0.7688986 0.1706646 0.01218377 
0.03837614 0.7751389 0.1693646 0.01712033 
0.0486886 0.7926107 0.09228033 0.06642041 
0.02201595 0.7168112 0.1872909 0.073882 
0.02886791 0.8229054 0.0957888 0.05243787 
0.03994379 0.7987893 0.1417077 0.01955924 
0.006524029 0.8615924 0.08511601 0.04676756 
0.01271243 0.7915917 0.1188143 0.0768816 
0.04134286 0.8458512 0.05899158 0.05381437 
0.05998468 0.7316171 0.1709997 0.03739851 
0.05929656 0.7410348 0.1668023 0.03286632 
0.02304856 0.8537704 0.1146828 0.0084982 
0.01519755 0.7584909 0.1814751 0.04483653 
0.04432695 0.7226798 0.1157388 0.1172545 
0.004166745 0.8005521 0.110835 0.08444619 
0.0131628 0.8045445 0.08255315 0.09973952 
0.0009328695 0.7880271 0.1286027 0.08243737 
0.0615502 0.7230854 0.121984 0.0933804 
0.01615313 0.7759835 0.1898299 0.01803341 
0.00580975 0.7822003 0.1655079 0.04648205 
0.01455714 0.7512491 0.2128036 0.02139018 
0.02380711 0.7770569 0.1284897 0.07064628 
0.02254937 0.8246407 0.09500191 0.05780798 
0.00978397 0.6858432 0.2498879 0.05448494 
0.0516341 0.6876897 0.1625688 0.09810747 
0.05627067 0.8083439 0.1005571 0.03482831 
0.08086436 0.6191454 0.2980191 0.001971119 
0.007765002 0.7499251 0.1155421 0.1267678 
0.07716938 0.7160713 0.1621856 0.04457376 
0.02126623 0.7885024 0.1402343 0.04999707 
0.004685914 0.8045065 0.1511417 0.03966594 
0.01846903 0.7760464 0.1286224 0.07686218 
0.01053033 0.7827145 0.1898994 0.01685571 
0.05116776 0.793898 0.132156 0.02277826 
0.01165058 0.7855198 0.1484657 0.05436385 
0.02414755 0.7972478 0.118468 0.06013658 
0.02118387 0.7536561 0.1778954 0.04726466 
0.03071248 0.80182 0.1159248 0.05154276 
0.04736797 0.7690555 0.1711928 0.01238368 
0.0006177448 0.8037514 0.1067696 0.08886132 
0.00403662 0.7429605 0.1682719 0.08473092 
0.00381088 0.7658555 0.09394018 0.1363935 
0.01782107 0.7710677 0.1338684 0.0772428 
0.03295241 0.8072158 0.06225379 0.097578 
0.004595616 0.8032166 0.1593668 0.03282099 
0.06557437 0.7350212 0.1870476 0.01235684 
0.04414871 0.7646206 0.1084672 0.08276341 
0.09254981 0.6763635 0.2174191 0.01366763 
0.06667992 0.7256965 0.1593055 0.04831805 
0.02693655 0.7258357 0.1525836 0.09464413 
0.06931819 0.8341934 0.03814051 0.05834786 
0.1521388 0.7682253 0.001355819 0.07828005 
0.1422745 0.7686165 0.0300964 0.05901254 
0.1437386 0.7931437 0.02669089 0.03642678 
0.1625391 0.723669 0.0318339 0.08195793 
0.1217435 0.7958856 0.009812292 0.07255856 
0.1822897 0.7706912 0.03320348 0.01381566 
0.0895225 0.8045185 0.03007238 0.07588659 
0.1049674 0.7774664 0.015147 0.1024191 
0.1695248 0.7383637 0.02739064 0.06472083 
0.1607627 0.7496852 0.02915426 0.06039786 
0.1425542 0.783719 0.0228971 0.05082971 
0.1049261 0.7489869 0.1371913 0.008895624 
0.1701703 0.7570196 0.0577691 0.01504098 
0.100552 0.8326253 0.02105654 0.04576616 
0.09290351 0.810908 0.07487957 0.02130887 
0.182933 0.736701 0.004529654 0.07583635 
0.1232904 0.7781617 0.03432396 0.06422398 
0.1360709 0.7563429 0.04326077 0.06432551 
0.1465939 0.7672638 0.01522618 0.07091615 
0.1113676 0.7253607 0.0604114 0.1028603 
0.1291497 0.7477861 0.0373862 0.085678 
0.1702893 0.7199015 0.01142501 0.09838417 
0.1456326 0.7758361 0.006803705 0.07172764 
0.1864453 0.6834559 0.06633923 0.06375957 
0.1683537 0.7183483 0.04029914 0.07299892 
0.1250673 0.7734833 0.03786581 0.06358361 
0.1358852 0.7982132 0.04474764 0.02115393 
0.1842986 0.6886822 0.1229926 0.004026571 
0.08606179 0.7963839 0.0362076 0.08134671 
0.1272545 0.814304 0.01621958 0.04222195 
0.135432 0.7923553 0.02829445 0.04391828 
0.1464682 0.774184 0.01568003 0.06366781 
0.1465345 0.7437299 0.01220874 0.09752695 
0.08310701 0.7419213 0.01558599 0.1593857 
0.1827389 0.7777942 0.000452752 0.03901417 
0.1318674 0.791417 0.02086494 0.05585071 
0.1222694 0.7612588 0.06384299 0.05262882 
0.1284924 0.7804034 0.0215651 0.06953908 
0.1360132 0.7742375 0.05609756 0.03365173 
0.1347558 0.8249329 3.942328e-05 0.04027195 
0.08108943 0.840892 0.01283721 0.0651814 
0.1114417 0.750908 0.05757421 0.08007606 
0.1679266 0.7433057 0.0137339 0.07503382 
0.1104574 0.8378642 0.01829302 0.03338537 
0.1499008 0.7773757 0.007002813 0.06572066 
0.2016867 0.7640185 0.0009985937 0.0332963 
0.1273198 0.8424747 0.01155758 0.01864796 
0.1763046 0.7191727 0.025089 0.07943377 
0.153329 0.78469 0.004759031 0.057222 
0.1173726 0.790026 0.009619638 0.08298172 
0.1162265 0.8050748 0.008412307 0.07028643 
0.229209 0.7008888 0.01054998 0.05935215 
0.09836707 0.7697255 0.004769714 0.1271377 
0.1917359 0.6713615 0.04024367 0.09665894 
0.09722059 0.7851832 0.0724125 0.04518373 
0.07779553 0.7911828 0.09861857 0.03240312 
0.08153959 0.7803923 0.06454683 0.07352129 
0.1271529 0.7997759 0.0655796 0.00749164 
0.1538903 0.6925786 0.08068928 0.07284184 
0.1429731 0.7895527 0.03685652 0.03061772 
0.1008115 0.7854724 0.08784989 0.02586624 
0.0880877 0.8324412 0.03977318 0.03969791 
0.1710834 0.7340753 0.07789709 0.01694425 
0.1320657 0.7844337 0.05369106 0.02980955 
0.1024641 0.7404418 0.1124634 0.04463066 
0.1926384 0.7563239 0.03579813 0.01523964 
0.1654308 0.7055965 0.004518333 0.1244544 
0.1541134 0.7395677 0.005978856 0.1003401 
0.1517592 0.7784177 0.005793784 0.06402931 
0.1434378 0.7630347 0.01309003 0.08043748 
0.1759439 0.7167434 0.08342045 0.02389221 
0.1386518 0.7942584 0.0001342529 0.06695555 
0.1026119 0.8049305 0.002097141 0.09036044 
0.1417181 0.7621404 0.04665805 0.04948351 
0.1466519 0.8108669 0.007738837 0.03474231 
0.1976689 0.7389402 0.001303557 0.06208735 
0.119858 0.8272444 0.01438498 0.03851258 
0.1629993 0.7378521 0.01774956 0.08139908 
0.130832 0.8011003 0.01365271 0.05441504 
0.1241911 0.8127295 0.007394244 0.05568508 
0.1877387 0.7147334 0.05892772 0.03860015 
0.1613443 0.7830084 0.003635635 0.05201159 
0.1813374 0.740262 0.02613488 0.05226568 
0.122181 0.7179028 0.1127162 0.0472 
0.1732457 0.7840416 0.008099891 0.03461278 
0.03733571 0.7231656 0.2303718 0.009126811 
0.1798836 0.7058256 0.07836735 0.03592346 
0.1449341 0.7334193 0.02042115 0.1012254 
0.0909012 0.816977 0.0462264 0.04589538 
0.2080358 0.7361867 0.02353633 0.03224115 
0.09952142 0.8158643 0.02182746 0.06278682 
0.1344541 0.7815567 0.001218297 0.08277085 
0.10821 0.8644263 0.0157229 0.01164076 
0.09690166 0.8298593 0.0007478589 0.07249117 
0.1790725 0.6893371 0.0254957 0.1060948 
0.1631372 0.7379963 0.04538284 0.05348364 
0.1526811 0.7785834 0.01065488 0.05808057 
0.1206475 0.741758 0.04718363 0.09041083 
0.1442499 0.7664639 0.05190298 0.03738317 
0.2038138 0.697955 0.02598466 0.07224656 
0.1508351 0.6943628 0.009440627 0.1453614 
0.1066631 0.7965319 0.006861032 0.08994396 
0.09715316 0.8369296 0.007263193 0.05865403 
0.175706 0.6972142 0.07265047 0.05442926 
0.1569118 0.7995754 0.01446357 0.02904928 
0.05628044 0.8832377 0.001386645 0.05909523 
0.1737192 0.744091 0.01213518 0.07005466 
0.0831895 0.8439568 0.03024284 0.04261084 
0.1616674 0.6915821 0.04403714 0.1027134 
0.0995873 0.7620102 0.05636551 0.08203696 
0.1222963 0.7670139 0.04142366 0.06926618 
0.04317236 0.834223 0.08303262 0.03957204 
0.1001471 0.7964667 0.02613554 0.07725062 
0.1441205 0.7462052 0.0275528 0.08212144 
0.1037443 0.7925986 0.06241119 0.04124589 
0.08638012 0.7573746 0.06434149 0.09190383 
0.2875095 0.6594399 0.03880263 0.01424803 
0.1306564 0.8305329 0.03302889 0.005781829 
0.1344228 0.7970472 0.05170866 0.01682135 
0.1196615 0.8208114 0.0498848 0.009642277 
0.07911353 0.8734326 0.03431232 0.01314152 
0.181447 0.7673082 0.02898445 0.02226033 
0.1212974 0.7573868 0.07857428 0.04274152 
0.1473836 0.7856349 0.05012106 0.01686049 
0.1007167 0.7838512 0.09719622 0.01823596 
0.1530161 0.7595952 0.07750763 0.009881059 
0.1302203 0.7467434 0.1194517 0.003584534 
0.1443421 0.7706507 0.06249272 0.02251453 
0.08751081 0.8362375 0.06460251 0.01164922 
0.1580669 0.745123 0.06180251 0.03500766 
0.0797684 0.8124636 0.08087984 0.02688812 
0.1321001 0.7719017 0.05831843 0.03767972 
0.2459761 0.6568276 0.0772859 0.01991043 
0.1911282 0.7388962 0.06166683 0.008308745 
0.1201085 0.8189775 0.05904302 0.001870947 
0.08704443 0.7708817 0.05076258 0.09131125 
0.05534717 0.7495796 0.1845148 0.01055843 
0.05497569 0.8032347 0.1186036 0.02318607 
0.1412783 0.802665 0.01398625 0.0420704 
0.1154958 0.7829752 0.01446703 0.08706197 
0.1138657 0.8023215 0.07902791 0.004784839 
0.1045362 0.7069142 0.003476836 0.1850728 
0.1925348 0.7338471 0.008424629 0.06519344 
0.1499823 0.7954414 0.01755416 0.03702213 
0.1605659 0.771554 0.06722839 0.0006516958 
0.06718286 0.8772974 0.003410325 0.05210939 
0.02099067 0.7712534 0.01784812 0.1899078 
0.03001233 0.7977646 0.05165209 0.120571 
0.07125492 0.8101925 0.006349024 0.1122036 
0.004817552 0.8148071 0.003234083 0.1771412 
0.1001698 0.7476197 0.01248283 0.1397277 
0.00218349 0.7888617 0.05144826 0.1575065 
0.07312617 0.7833483 0.005025337 0.1385002 
0.1312196 0.7331814 0.006702448 0.1288965 
0.1597976 0.7510236 0.00425328 0.0849255 
0.1387682 0.766862 0.09234984 0.002019972 
0.1601094 0.749916 0.07709707 0.01287747 
0.1303251 0.7650786 0.08040465 0.02419162 
0.1821763 0.7578877 0.02095713 0.03897893 
0.2009261 0.6961244 0.03352845 0.06942112 
0.07270241 0.8323114 0.03398098 0.06100522 
0.1077956 0.8232025 0.001362012 0.0676399 
0.144512 0.8033304 0.0005171215 0.05164044 
0.05640487 0.8472268 0.07634009 0.02002829 
0.1898852 0.7232867 0.08125082 0.005577326 
0.133698 0.7845927 0.06952934 0.01217999 
0.06254714 0.8376694 0.02327362 0.07650987 
0.1245174 0.7486262 0.03774755 0.0891089 
0.148999 0.769925 0.02351156 0.05756443 
0.1889964 0.7097914 0.03720829 0.06400389 
0.1625005 0.7420997 0.05881079 0.03658898 
0.1945356 0.7309109 0.009715247 0.06483829 
0.1675408 0.7354021 0.005946115 0.09111094 
0.1722101 0.7274844 0.02991384 0.07039161 
0.1135645 0.8201238 0.01400043 0.05231126 
0.08793163 0.8221123 0.0001840645 0.089772 
0.1485111 0.7630812 0.01650496 0.07190274 
0.1784102 0.7256806 0.01957877 0.07633046 
0.1091116 0.827911 0.01492488 0.04805255 
0.1050578 0.7774524 0.1146573 0.002832536 
0.1517593 0.7497619 0.06026218 0.03821665 
0.1168719 0.8178621 0.05029918 0.0149668 
0.1428001 0.7674717 0.06894129 0.02078691 
0.1878529 0.7381994 0.06954128 0.004406493 
0.09021504 0.7674275 0.09094863 0.05140885 
0.134725 0.7317104 0.1021786 0.03138605 
0.1345709 0.8024457 0.04610518 0.01687828 
0.1418779 0.7287893 0.1119816 0.01735128 
0.1164605 0.8115622 0.06673918 0.005238096 
0.1290668 0.7811157 0.04382296 0.04599455 
0.1627607 0.7625138 0.04473086 0.02999469 
0.1226216 0.8335023 0.0265484 0.01732772 
0.1566746 0.7784089 0.02597414 0.03894232 
0.08678357 0.8175803 0.07665143 0.01898472 
0.1320883 0.8087062 0.04189017 0.01731536 
0.1152303 0.8151014 0.05076159 0.01890667 
0.06525688 0.7874287 0.1310782 0.01623625 
0.1322828 0.8043305 0.005446819 0.05793997 
0.1095095 0.8205342 0.06252754 0.007428677 
0.1330596 0.8380186 0.02484999 0.004071766 
0.1670797 0.7723921 0.04225113 0.01827706 
0.1192266 0.7718415 0.08241578 0.02651609 
0.1912122 0.7287135 0.05893204 0.02114226 
0.1189069 0.7561223 0.07646365 0.04850713 
0.1162626 0.842446 0.03679236 0.00449899 
0.1877923 0.7088337 0.07651428 0.02685973 
0.1246256 0.8052918 0.04549282 0.02458982 
0.1689308 0.7715179 0.05944575 0.0001055151 
0.1140317 0.7525394 0.08320436 0.05022453 
0.1751084 0.7489698 0.0459553 0.0299665 
0.0704819 0.7571579 0.1217288 0.05063142 
0.1843851 0.7541291 0.05502971 0.006456043 
0.1677592 0.7414839 0.03575236 0.05500456 
0.06999358 0.8142306 0.06403087 0.05174497 
0.1272794 0.7995627 0.04964617 0.02351167 
0.1771713 0.7413705 0.07013142 0.01132674 
0.1239599 0.8407151 0.02436198 0.01096299 
0.1035561 0.8525168 0.03554112 0.00838601 
0.07293257 0.850981 0.04259029 0.03349612 
0.09340159 0.7874558 0.1171113 0.002031329 
0.1455087 0.7801035 0.052047 0.02234081 
0.1266219 0.7388675 0.08741333 0.04709733 
0.1501194 0.7837303 0.05435119 0.01179914 
0.1208307 0.839019 0.03392886 0.006221426 
0.1099342 0.8391993 0.03670611 0.01416034 
0.1349127 0.7813237 0.07530717 0.008456417 
0.09112598 0.8166587 0.07848137 0.01373395 
0.1185354 0.7699037 0.1107105 0.0008504356 
0.133019 0.756515 0.00382482 0.1066413 
0.1685695 0.7415587 0.02342038 0.0664514 
0.1274989 0.803602 0.03828843 0.03061067 
0.1317579 0.8127026 0.003162583 0.05237692 
0.07042154 0.8033644 0.02783628 0.09837776 
0.1040007 0.8075612 0.0544776 0.03396043 
0.1184742 0.7553507 0.0886432 0.03753185 
0.1488889 0.7369431 0.0213754 0.09279267 
0.0801904 0.8048139 0.05021851 0.06477715 
0.09429684 0.8169226 0.03514429 0.0536363 
0.09498417 0.7372582 0.07346521 0.0942924 
0.09488351 0.7615782 0.03639245 0.1071459 
0.1553941 0.7839822 0.0007794957 0.05984421 
0.06328437 0.7003954 0.1017286 0.1345916 
0.1278241 0.8057519 0.03290496 0.03351906 
0.2156829 0.6817116 0.01627819 0.08632732 
0.1540877 0.7415917 0.01234964 0.09197094 
