"p_1" "p_2" "p_3" "p_4"
0.001632993 0.3042457 0.3924328 0.3016885
0.005296931 0.3071523 0.3874877 0.3000631
0.002879269 0.3449285 0.3872819 0.2649102
0.009283518 0.3070558 0.3859234 0.2977373
0.00128403 0.3114396 0.4165032 0.2707731
0.008270403 0.2979492 0.3778068 0.3159737
2.622203e-05 0.2950806 0.407877 0.2970161
0.002228784 0.3265785 0.3992935 0.2718992
0.01698836 0.3039623 0.3817453 0.297304
0.006834226 0.3068396 0.3966313 0.2896948
0.002746943 0.3098644 0.409422 0.2779667
0.001674304 0.3406013 0.39366 0.2640644
0.005952594 0.2927412 0.3948718 0.3064344
0.0009125765 0.3257714 0.3897558 0.2835603
0.005830799 0.3218724 0.3752427 0.2970542
0.008871415 0.2873422 0.3973238 0.3064625
0.004485739 0.3059623 0.3955055 0.2940465
0.01027364 0.2880101 0.416305 0.2854113
0.001493735 0.3391998 0.3830609 0.2762455
0.0005184852 0.3065932 0.392112 0.3007764
0.006134594 0.3086039 0.4056993 0.2795622
0.006935279 0.2912577 0.3955787 0.3062283
0.002677243 0.3163431 0.3835343 0.2974454
0.001840568 0.3216709 0.3825933 0.2938953
0.004577465 0.3004959 0.3911228 0.3038038
0.003999565 0.3032724 0.3737135 0.3190145
0.0009053366 0.3076355 0.3889732 0.302486
0.008235378 0.3085235 0.378729 0.3045121
0.008057409 0.3255216 0.3620848 0.3043362
0.0003974758 0.3098365 0.3839249 0.3058411
0.003844452 0.2998297 0.3766862 0.3196397
0.005417225 0.2894959 0.3991145 0.3059724
0.002872124 0.303216 0.3765656 0.3173463
0.002665231 0.2947231 0.4118778 0.2907339
0.003229477 0.2959024 0.4074166 0.2934515
0.001425298 0.3317907 0.3671226 0.2996614
0.004204045 0.2849224 0.4085317 0.3023418
0.009361624 0.3100897 0.3680165 0.3125322
0.00607278 0.3367379 0.3839485 0.2732408
0.008044607 0.3168657 0.3627442 0.3123455
0.001258669 0.2952088 0.408507 0.2950256
0.01150292 0.3069247 0.3770917 0.3044807
0.001527555 0.3189156 0.3747131 0.3048437
0.005322986 0.2925482 0.3795704 0.3225584
0.004010574 0.2936865 0.4014692 0.3008337
0.003659088 0.3219984 0.3922036 0.2821388
0.00232421 0.3251055 0.3885962 0.283974
0.0009311245 0.3047496 0.3848916 0.3094276
0.004553635 0.3148731 0.3985169 0.2820563
0.003250868 0.3059218 0.4021425 0.2886849
0.001443014 0.3112529 0.4071011 0.280203
0.005184087 0.3006262 0.3611656 0.3330241
0.002175055 0.31843 0.3852172 0.2941778
0.002344477 0.3183019 0.3854666 0.293887
0.009959387 0.3032996 0.3810101 0.3057309
0.005553038 0.3246481 0.4129008 0.256898
0.002435023 0.3359174 0.3766899 0.2849577
0.00145255 0.2981069 0.3992688 0.3011718
0.001198024 0.3237162 0.375859 0.2992268
0.00168907 0.3209856 0.3891356 0.2881897
0.006549457 0.3069514 0.4034482 0.2830509
0.009641122 0.3193999 0.3822994 0.2886596
0.006505511 0.3166219 0.3898905 0.2869821
0.000921809 0.2850229 0.4016872 0.3123682
0.006014944 0.3140915 0.3663676 0.313526
0.0001848299 0.3001498 0.410536 0.2891294
0.002205779 0.3116159 0.40569 0.2804883
0.001596539 0.2971209 0.3991591 0.3021234
0.002842546 0.3349626 0.3872146 0.2749803
0.001896902 0.3102423 0.3909669 0.2968939
0.006912618 0.3024185 0.375654 0.3150149
0.0005181005 0.3095676 0.3806273 0.3092871
0.007450511 0.2764683 0.3905144 0.3255668
0.002046447 0.2865776 0.398819 0.312557
0.005814455 0.2972348 0.3929224 0.3040283
0.009089282 0.2931473 0.3968475 0.3009159
0.008216259 0.332895 0.3681399 0.2907489
0.001646866 0.3396096 0.3645398 0.2942037
0.000428225 0.3119871 0.395345 0.2922396
0.005900346 0.3042713 0.3892406 0.3005877
0.004288239 0.3153624 0.3733398 0.3070095
0.001027935 0.304276 0.4050934 0.2896027
0.001803568 0.3147246 0.4020305 0.2814413
0.003338922 0.2962965 0.4168885 0.2834761
0.002170879 0.2964539 0.3918863 0.309489
0.0004444117 0.2940364 0.4126959 0.2928232
0.003190079 0.3252713 0.3835923 0.2879463
0.002077288 0.3029991 0.3846307 0.3102929
0.0155004 0.3106873 0.3994791 0.2743332
0.002845263 0.3141198 0.3952832 0.2877517
0.01104926 0.3262151 0.3803664 0.2823692
0.0002995126 0.3192913 0.389108 0.2913013
0.0003495426 0.3263381 0.3916941 0.2816182
0.002457356 0.3083664 0.3830812 0.3060951
0.008162659 0.3051336 0.3836617 0.303042
0.0001701 0.3132217 0.3872663 0.2993419
0.009134038 0.3075493 0.3908368 0.2924799
0.0004959399 0.3089995 0.4047905 0.2857141
0.0007867626 0.2927081 0.4009028 0.3056023
0.006071585 0.3058398 0.3817362 0.3063524
0.008103101 0.3205169 0.3813498 0.2900301
0.001351002 0.3129647 0.4049318 0.2807525
0.009151591 0.2982743 0.3985513 0.2940228
0.006669405 0.3190332 0.3800189 0.2942785
0.00777789 0.3024371 0.3861964 0.3035886
0.01297177 0.2871376 0.387849 0.3120417
0.001792332 0.2974263 0.3912763 0.3095051
0.003902134 0.3011209 0.3754164 0.3195606
0.001807406 0.3106527 0.3681521 0.3193878
0.00309199 0.3146702 0.38328 0.2989578
0.003128474 0.3143496 0.3738975 0.3086244
0.01115887 0.3073627 0.3817669 0.2997115
0.01105417 0.2981774 0.3855659 0.3052025
0.001528265 0.3377631 0.3546404 0.3060683
0.0009175121 0.3104006 0.3873725 0.3013093
0.007657526 0.2950039 0.3892211 0.3081175
0.004106857 0.3007002 0.4122117 0.2829812
0.01231027 0.2828192 0.4026251 0.3022455
0.00614492 0.3090626 0.3878305 0.296962
0.002765718 0.300238 0.3921595 0.3048368
0.002830922 0.2981316 0.4173347 0.2817027
0.00245772 0.3126991 0.3787031 0.3061401
0.003055088 0.3192928 0.3868649 0.2907873
0.00199534 0.2782564 0.4182318 0.3015165
0.001229653 0.3043656 0.4052304 0.2891743
0.001537291 0.3111982 0.4041032 0.2831612
0.0006421116 0.299141 0.3835769 0.3166399
0.002497091 0.327984 0.3928833 0.2766357
0.003318825 0.2736245 0.3954988 0.3275578
0.007268802 0.296509 0.3980386 0.2981836
0.001188607 0.3215479 0.3777767 0.2994868
0.0007133381 0.2829674 0.4069462 0.309373
0.00188981 0.2975253 0.4262882 0.2742967
0.003247053 0.3251114 0.3771142 0.2945273
0.004035738 0.3175028 0.372915 0.3055465
0.007831456 0.2939856 0.3854269 0.3127561
0.003137031 0.3054247 0.386719 0.3047193
0.004142846 0.3173583 0.3815923 0.2969066
0.001762682 0.2970666 0.4005223 0.3006484
0.002995423 0.3185951 0.3919011 0.2865084
0.009104858 0.3009447 0.3785622 0.3113883
0.007698792 0.3128891 0.3635793 0.3158329
0.0003584089 0.3234826 0.3895487 0.2866102
0.008955233 0.3086265 0.3707076 0.3117107
0.004499962 0.3086425 0.3836111 0.3032464
0.008693542 0.3216797 0.3691444 0.3004823
0.004920565 0.2771026 0.4188847 0.2990921
0.001108412 0.3232926 0.3851714 0.2904275
0.0114762 0.2987443 0.3749046 0.3148749
0.001545734 0.2914403 0.4077161 0.2992979
0.01137253 0.2935011 0.403432 0.2916944
0.007318196 0.3417393 0.3640695 0.286873
0.004652643 0.3110449 0.3984164 0.2858861
0.002025476 0.2838622 0.4047918 0.3093205
0.006808535 0.3041877 0.3967447 0.2922591
0.009031443 0.2971312 0.364382 0.3294554
0.003678597 0.277614 0.4189439 0.2997635
0.002989683 0.321187 0.367849 0.3079743
0.001896502 0.3242133 0.378557 0.2953331
0.002846755 0.3284704 0.3698668 0.2988161
0.003318081 0.3097471 0.3900718 0.2968631
0.00473929 0.3088796 0.3986711 0.2877101
0.003340256 0.2985789 0.3687772 0.3293036
0.005972373 0.313333 0.3791586 0.301536
0.003747273 0.3323015 0.3885908 0.2753604
0.002588348 0.2963777 0.3942715 0.3067625
0.0007729807 0.3116049 0.3894739 0.2981482
0.0030047 0.3154919 0.3928766 0.2886268
0.0003214152 0.296447 0.3875368 0.3156949
0.002825591 0.2941216 0.3870114 0.3160414
0.003812643 0.3294872 0.3690631 0.297637
0.004048805 0.2866274 0.4014424 0.3078814
0.001040519 0.3249777 0.3893207 0.2846611
0.003889681 0.2947647 0.3923102 0.3090355
0.005557391 0.3276228 0.3678318 0.298988
0.0004845253 0.2900171 0.4262521 0.2832463
0.002810368 0.3163099 0.3903792 0.2905005
0.00544879 0.2904592 0.3787444 0.3253477
0.019042 0.3201281 0.3767272 0.2841027
0.01043688 0.3112576 0.3832413 0.2950643
0.0004410161 0.3093182 0.3875946 0.3026462
0.002623723 0.3186558 0.4018256 0.2768949
0.0007521954 0.2953966 0.3932339 0.3106173
0.001588933 0.3125651 0.3898294 0.2960166
0.0002553942 0.316432 0.3862371 0.2970755
0.0005953649 0.3004431 0.4051412 0.2938203
0.002601229 0.3175151 0.3855922 0.2942915
0.006484426 0.3095536 0.3963469 0.2876151
0.002176408 0.2793994 0.4091072 0.309317
0.006221832 0.2997353 0.3898069 0.304236
0.000966245 0.3325076 0.3670843 0.2994419
0.008138329 0.329602 0.407796 0.2544637
0.01070415 0.3182866 0.3809324 0.2900768
0.002158056 0.2855273 0.384833 0.3274817
0.002223835 0.3204086 0.3739411 0.3034264
8.537697e-05 0.3128108 0.3789454 0.3081584
0.005683508 0.3247643 0.3757378 0.2938144
0.0005283459 0.2900834 0.3961689 0.3132194
0.002402637 0.303973 0.3799737 0.3136507
0.004126167 0.3132807 0.3951376 0.2874555
0.003504778 0.2963223 0.3932809 0.306892
0.005247165 0.3068071 0.4043776 0.2835681
0.003355824 0.3165932 0.3805448 0.2995062
0.001809765 0.323901 0.3864278 0.2878614
0.001793872 0.3115695 0.3822473 0.3043893
0.001044138 0.2946585 0.3961179 0.3081795
0.003648065 0.3163218 0.3678527 0.3121775
0.003795104 0.3007035 0.4108846 0.2846167
0.002639362 0.317718 0.402499 0.2771436
0.00285068 0.2931339 0.3883984 0.3156171
0.003964157 0.3083001 0.3954347 0.292301
0.002789981 0.298761 0.3919543 0.3064947
0.0009008403 0.3027962 0.396332 0.299971
0.002199932 0.314278 0.4024696 0.2810525
0.004354117 0.3003681 0.4132148 0.282063
0.01074392 0.3030932 0.3821046 0.3040582
0.006052206 0.3051342 0.3928648 0.2959488
0.002089125 0.3128443 0.3833286 0.301738
0.006718404 0.3071314 0.4014931 0.2846571
0.003191085 0.3113359 0.3928732 0.2925997
0.002435367 0.3421067 0.3870166 0.2684413
0.003948311 0.33178 0.3808735 0.2833982
0.0005658826 0.3026005 0.3981569 0.2986767
0.002055102 0.3117433 0.3712098 0.3149918
0.002465603 0.3042221 0.3944926 0.2988197
0.001319973 0.3262088 0.3723393 0.3001319
0.003101559 0.3067789 0.4101481 0.2799715
0.009094896 0.3113338 0.3870627 0.2925086
0.007444699 0.293153 0.3919496 0.3074527
0.00108836 0.2942551 0.3809598 0.3236967
0.0002766762 0.2928101 0.4134343 0.2934789
0.002202295 0.3467935 0.3848657 0.2661385
0.001731754 0.325642 0.3699285 0.3026977
0.002118234 0.3164343 0.3934256 0.2880219
0.008118356 0.3235715 0.3602659 0.3080442
0.0003134773 0.2907777 0.4279957 0.2809132
0.003326815 0.2913717 0.4082239 0.2970776
0.02877671 0.2838267 0.3707023 0.3166942
0.001501104 0.298817 0.3882792 0.3114027
0.01750223 0.3215465 0.3769999 0.2839513
0.0005391018 0.3079496 0.3957876 0.2957237
0.000196717 0.3043578 0.3886409 0.3068046
0.0008823653 0.3021803 0.369791 0.3271463
0.006949171 0.3287176 0.3793857 0.2849475
0.0050995 0.3053976 0.3926879 0.2968151
0.005872025 0.3226273 0.3711582 0.3003424
0.002841575 0.2905294 0.4099397 0.2966893
0.01066983 0.2917778 0.3841422 0.3134101
0.005953704 0.3239737 0.3797564 0.2903162
0.007418041 0.3154084 0.3891422 0.2880314
0.003264596 0.3149615 0.4188479 0.2629261
0.006050576 0.3378044 0.3781078 0.2780372
0.0005368884 0.2857991 0.4002713 0.3133927
0.009950215 0.3119253 0.3939271 0.2841974
0.00345148 0.279358 0.4018377 0.3153527
0.00672962 0.3187362 0.3951129 0.2794212
0.00636988 0.2948436 0.3964248 0.3023617
0.001441928 0.3185143 0.4019784 0.2780653
0.0001432086 0.304749 0.3878186 0.3072891
0.008270885 0.3235272 0.3569664 0.3112355
0.008938476 0.2938926 0.3937842 0.3033848
0.0004317167 0.3237709 0.4021809 0.2736165
0.007955965 0.3197006 0.3641032 0.3082402
0.009842454 0.314348 0.3932877 0.2825219
0.006369073 0.2766688 0.4040735 0.3128887
2.304008e-05 0.3188694 0.3905429 0.2905647
0.01486691 0.2999678 0.3706508 0.3145145
0.003319914 0.3041629 0.3911104 0.3014068
0.001595114 0.3345937 0.3825651 0.2812461
0.01101765 0.3130006 0.3956555 0.2803263
0.009008202 0.3367898 0.3853769 0.2688251
0.01531909 0.3210051 0.3624877 0.3011881
0.001956829 0.3169442 0.3872038 0.2938952
0.0004389541 0.2950277 0.4232541 0.2812793
0.002540555 0.3054137 0.3716891 0.3203567
0.005436924 0.3342675 0.3915969 0.2686986
0.001276845 0.2897099 0.4071919 0.3018214
0.0003569971 0.2999683 0.3730156 0.326659
0.002952635 0.2990144 0.4057278 0.2923052
0.01047366 0.3151823 0.3975139 0.2768302
0.001063261 0.2998951 0.3937651 0.3052766
0.004139808 0.3205903 0.3864881 0.2887818
0.00407836 0.3141052 0.3892324 0.292584
0.002378581 0.3008641 0.3910016 0.3057558
0.006783014 0.304905 0.3927483 0.2955637
0.002392774 0.2987077 0.3806094 0.3182901
0.005992816 0.2945433 0.3857713 0.3136925
0.01762003 0.3037677 0.3884929 0.2901194
0.0004893851 0.3122092 0.3937978 0.2935036
0.009513345 0.3185287 0.3871033 0.2848547
0.01887853 0.3176504 0.385188 0.2782831
0.0003361027 0.3251368 0.3836168 0.2909104
0.0008427951 0.3256477 0.3945614 0.278948
0.004185144 0.3010094 0.3876252 0.3071803
0.002479227 0.3137159 0.3932132 0.2905917
0.007024351 0.3168798 0.3679612 0.3081347
0.007356843 0.2982157 0.3879208 0.3065067
0.003658718 0.3151502 0.3806465 0.3005446
0.008970001 0.3138151 0.3957008 0.2815141
0.002314324 0.3211579 0.3734441 0.3030837
0.0004986634 0.3002529 0.4225836 0.2766648
0.005414095 0.2959228 0.398445 0.3002181
0.001611018 0.3039789 0.3806623 0.3137478
0.00579827 0.2863192 0.413284 0.2945986
0.003577372 0.2900305 0.3968859 0.3095063
0.005208333 0.3107676 0.3875788 0.2964453
0.0001070766 0.3106323 0.4024479 0.2868128
0.00448399 0.3034161 0.42874 0.2633599
0.00644988 0.3065244 0.3796761 0.3073496
0.006497299 0.3084068 0.3998054 0.2852905
0.0006534166 0.2765612 0.4308839 0.2919015
0.002414821 0.3324313 0.3852026 0.2799513
0.009199931 0.3197025 0.3787547 0.2923428
0.002703537 0.3015334 0.3962768 0.2994862
0.001340786 0.2992467 0.3663989 0.3330136
0.002237144 0.3039126 0.4185554 0.2752948
0.0124595 0.317916 0.3598047 0.3098197
0.007727031 0.3366343 0.3784336 0.277205
0.006018052 0.3337947 0.3976445 0.2625427
0.002280639 0.3385259 0.3725653 0.2866282
0.008561418 0.3079667 0.3937859 0.289686
0.007206122 0.3202543 0.388232 0.2843076
0.00858773 0.2954461 0.3801935 0.3157727
0.002731389 0.3270553 0.3697404 0.3004728
0.00428403 0.3281788 0.3508467 0.3166904
0.005144258 0.3098696 0.3532173 0.3317689
0.003728586 0.3344375 0.3732559 0.288578
0.002704751 0.3374876 0.364972 0.2948356
0.004774855 0.3066144 0.3866238 0.3019869
0.004805221 0.2937128 0.4049297 0.2965523
0.0009492223 0.3273098 0.36508 0.306661
0.007582822 0.2978099 0.4118128 0.2827945
0.00700325 0.3270996 0.3616955 0.3042017
0.007197341 0.2933779 0.404708 0.2947167
0.01281552 0.2952696 0.4251882 0.2667267
8.476789e-05 0.308183 0.4103067 0.2814255
0.01120511 0.3195471 0.3654013 0.3038465
0.007198176 0.3167536 0.3649479 0.3111003
0.001104144 0.3087525 0.3816186 0.3085247
0.007474001 0.335144 0.3768098 0.2805721
0.002560498 0.328661 0.4001775 0.2686009
0.006472472 0.3265263 0.3671012 0.2999
0.007160665 0.3247052 0.3684506 0.2996835
0.006411315 0.3095085 0.3823376 0.3017426
0.004082419 0.3255972 0.4034947 0.2668256
0.005323727 0.3093899 0.377061 0.3082254
0.01428595 0.3146708 0.3540544 0.3169888
0.002642408 0.3017025 0.3903595 0.3052956
0.0001852027 0.2973986 0.4193899 0.2830263
0.001308844 0.3099356 0.3933211 0.2954345
0.005466626 0.3145206 0.4035373 0.2764755
0.002511182 0.3042758 0.3941942 0.2990187
0.002284601 0.3028582 0.4108985 0.2839587
0.001965785 0.2939249 0.4522328 0.2518766
0.003766943 0.3209863 0.3892137 0.2860331
0.009270738 0.3261862 0.3645305 0.3000126
0.002063215 0.3341852 0.372055 0.2916966
0.000500804 0.3146151 0.4065912 0.2782929
0.00834137 0.3206062 0.3729429 0.2981095
0.001973936 0.3179125 0.3792871 0.3008264
0.002149052 0.3219027 0.3789928 0.2969555
0.004442334 0.3123594 0.3798438 0.3033545
0.004088032 0.2894469 0.3836205 0.3228446
0.004551538 0.3198832 0.3836994 0.2918659
0.0003004298 0.3023021 0.399171 0.2982264
0.007008654 0.3165364 0.3683883 0.3080667
0.00609207 0.3079931 0.3907755 0.2951394
0.006620334 0.3373715 0.3916218 0.2643863
0.0004758715 0.3127203 0.4050988 0.281705
0.003634365 0.306044 0.4168669 0.2734547
0.001649171 0.3217427 0.3884861 0.288122
0.007884961 0.3042415 0.3932617 0.2946118
0.01320199 0.2992684 0.3937341 0.2937955
0.004485664 0.2953504 0.4057243 0.2944396
0.00265116 0.3124555 0.4056286 0.2792648
0.001621489 0.2994113 0.3733814 0.3255858
0.004176848 0.2731627 0.4135613 0.3090992
0.003421775 0.3180489 0.3930965 0.2854329
0.0006417781 0.3222901 0.3729078 0.3041604
0.01826827 0.3214651 0.3545358 0.3057308
0.03156215 0.3221987 0.36816 0.2780791
0.007457733 0.2962291 0.4094549 0.2868583
0.004465219 0.2799836 0.3936359 0.3219153
0.005820396 0.3000552 0.397563 0.2965614
0.007042803 0.3274942 0.38783 0.277633
0.005136583 0.3163533 0.3734173 0.3050928
0.003552007 0.335035 0.3756182 0.2857948
0.005060167 0.294358 0.4257035 0.2748783
0.007525346 0.3086684 0.3754815 0.3083247
8.711692e-05 0.3138218 0.3687229 0.3173682
0.004103375 0.3323697 0.3781751 0.2853518
0.009555578 0.276251 0.4147485 0.2994449
0.006853557 0.3125617 0.3831821 0.2974027
0.002253465 0.308275 0.4125331 0.2769384
0.002342608 0.3186561 0.3780748 0.3009265
0.01223999 0.3200013 0.3759107 0.291848
0.0007437756 0.311547 0.3870503 0.3006589
0.003930309 0.3087317 0.3958051 0.2915329
0.0062074 0.3030253 0.3829866 0.3077807
0.0005366695 0.3019952 0.3977636 0.2997045
0.00391295 0.3134098 0.3864426 0.2962347
0.004433276 0.327538 0.3683049 0.2997238
0.001484117 0.2959753 0.409125 0.2934156
0.001413428 0.3448813 0.3692959 0.2844094
0.01341557 0.3060641 0.3673847 0.3131356
0.006995124 0.3073062 0.397562 0.2881367
0.00199025 0.3156371 0.3823612 0.3000115
7.056587e-05 0.3187292 0.3800899 0.3011103
0.003924132 0.3007714 0.4126456 0.2826589
0.000872013 0.3235044 0.3838377 0.2917859
0.002059845 0.293003 0.4049146 0.3000225
0.002653027 0.2921098 0.3976703 0.3075668
0.002611727 0.3308952 0.3756404 0.2908527
0.001627102 0.3158827 0.3971758 0.2853144
0.004946764 0.315256 0.4005702 0.279227
0.01023746 0.3171052 0.3919177 0.2807396
0.0009266316 0.3247304 0.3911102 0.2832328
0.01645506 0.3089435 0.3718276 0.3027739
0.003570921 0.3006995 0.3699382 0.3257914
0.005494953 0.3175774 0.3727278 0.3041998
0.001194875 0.3214587 0.3845211 0.2928253
0.00366849 0.3029056 0.3883905 0.3050354
0.003709647 0.3157026 0.3794264 0.3011613
0.01011503 0.2926678 0.3857064 0.3115107
0.005168911 0.3129191 0.4072953 0.2746167
0.003801245 0.329378 0.3684248 0.298396
0.0004893242 0.3238699 0.3812632 0.2943776
0.0002106723 0.3166304 0.4062671 0.2768919
0.007161018 0.311869 0.3761676 0.3048023
0.007353327 0.300153 0.4028501 0.2896436
0.006114761 0.3123771 0.3876886 0.2938195
0.005578345 0.2866945 0.4047832 0.302944
0.0001947606 0.3089867 0.4020431 0.2887754
0.006942367 0.310009 0.3767769 0.3062717
0.006081788 0.2867171 0.4221423 0.2850588
0.0200093 0.3076601 0.3687809 0.3035497
0.0004413177 0.3144112 0.3829184 0.3022291
0.001264392 0.3009901 0.4070016 0.2907439
0.003640977 0.3179858 0.3732599 0.3051133
0.001479144 0.3231737 0.3749255 0.3004217
0.0004927313 0.3228826 0.4151035 0.2615211
0.00718688 0.3223238 0.393512 0.2769773
0.0107794 0.3086742 0.3703354 0.310211
0.008020653 0.3198749 0.3571457 0.3149587
0.00687618 0.318564 0.3703661 0.3041937
0.001683758 0.3259867 0.3641692 0.3081603
0.001551448 0.3117 0.3941501 0.2925985
0.001366099 0.2810036 0.406848 0.3107823
0.004044089 0.2988625 0.418386 0.2787074
0.002245743 0.3178884 0.3719139 0.307952
0.008025968 0.3001852 0.3775266 0.3142622
0.003208986 0.3018352 0.384025 0.3109309
0.008043707 0.3054606 0.3964122 0.2900835
0.008097117 0.3100289 0.3787601 0.3031139
0.002051033 0.3424075 0.3765851 0.2789563
0.003623723 0.2961267 0.402419 0.2978305
0.005807578 0.3022011 0.3727027 0.3192886
0.008572968 0.2826813 0.4054426 0.3033031
0.0006173727 0.3123002 0.4129714 0.274111
0.002298832 0.2822925 0.3925371 0.3228716
0.001510848 0.2920026 0.4117749 0.2947117
0.004637159 0.3061832 0.400365 0.2888146
0.006804212 0.316553 0.3757208 0.300922
0.005759761 0.3148907 0.4131111 0.2662384
0.0137952 0.3270238 0.3398557 0.3193253
0.005195517 0.333668 0.3860959 0.2750406
0.002499219 0.3286245 0.3627064 0.3061699
0.0003706602 0.301869 0.4083054 0.289455
0.004800695 0.3087212 0.4052257 0.2812524
0.001722825 0.3113391 0.3867158 0.3002223
0.003442302 0.2906578 0.3975443 0.3083555
0.004028515 0.3193436 0.3982471 0.2783807
0.009125754 0.3024137 0.3875269 0.3009337
0.002467653 0.3176099 0.3789657 0.3009568
0.007783249 0.2852426 0.3908865 0.3160877
0.00514991 0.3069029 0.3885974 0.2993498
0.002295377 0.2931527 0.3675756 0.3369763
0.001979383 0.3244475 0.379311 0.2942621
0.001991625 0.2848061 0.4157676 0.2974346
0.003497336 0.3101923 0.3827995 0.3035109
0.005554367 0.29297 0.4075846 0.2938911
0.004454568 0.2995101 0.3957617 0.3002736
0.008798237 0.2935411 0.37528 0.3223807
0.002302462 0.3042114 0.3989142 0.2945719
0.003201432 0.3307034 0.3565974 0.3094977
0.005309741 0.330636 0.389439 0.2746152
0.0007140431 0.3032891 0.3844136 0.3115832
0.0006150939 0.2870189 0.4051025 0.3072635
0.001862628 0.3123637 0.3786396 0.307134
0.01583466 0.3051332 0.3923756 0.2866565
0.002493022 0.3011694 0.3806541 0.3156834
0.003599581 0.321708 0.361888 0.3128044
0.006248959 0.3235276 0.3641545 0.3060689
0.009848953 0.325983 0.4001494 0.2640187
0.00699096 0.3015997 0.3987807 0.2926287
0.01094478 0.2989762 0.4166168 0.2734622
0.001457977 0.321001 0.3959176 0.2816234
0.003499187 0.3278919 0.377813 0.2907959
0.00592729 0.3248714 0.3767193 0.292482
0.01604117 0.3033912 0.384577 0.2959906
0.000683647 0.2912548 0.4089211 0.2991405
0.003039395 0.3281167 0.3767709 0.292073
0.002481923 0.3000263 0.4099899 0.2875019
0.002057259 0.3210426 0.3819443 0.2949559
0.003719199 0.3153637 0.4037585 0.2771586
0.003718449 0.3215032 0.3855513 0.289227
0.003056936 0.304277 0.3976996 0.2949665
0.00169273 0.3191552 0.3996584 0.2794937
0.003142381 0.3133504 0.3884767 0.2950305
0.002657753 0.3049244 0.3947316 0.2976863
0.0005216823 0.332314 0.3685839 0.2985804
0.002401519 0.3205901 0.3828379 0.2941704
0.000126227 0.2895822 0.4006254 0.3096661
0.0003893439 0.3053962 0.3858036 0.3084109
0.0001771891 0.3059145 0.3908179 0.3030904
0.004710838 0.3056362 0.3791505 0.3105024
0.004535791 0.3023468 0.3697 0.3234174
0.0001571979 0.318879 0.3888675 0.2920963
0.003111133 0.3296681 0.3650984 0.3021224
0.000620307 0.3010966 0.3817992 0.3164839
0.001604537 0.3081965 0.3819542 0.3082448
0.0008847955 0.3017747 0.4057851 0.2915554
0.007180538 0.3391366 0.3603136 0.2933693
0.002068486 0.3549746 0.3730228 0.2699342
0.001591722 0.3281743 0.3869231 0.2833109
0.0004608771 0.3334388 0.3659909 0.3001094
0.001969645 0.2970177 0.4107447 0.290268
0.001445128 0.3105643 0.3896827 0.2983079
0.007781907 0.3285596 0.3881049 0.2755536
0.005018365 0.3086622 0.3922859 0.2940336
0.01230463 0.3109406 0.3821728 0.294582
0.0006115695 0.3037371 0.3854461 0.3102052
0.003893935 0.3133666 0.4075237 0.2752158
0.005511721 0.3129972 0.4066714 0.2748197
0.006826153 0.3272745 0.3710547 0.2948447
0.006268754 0.287018 0.3966023 0.310111
0.003348501 0.3026764 0.3891948 0.3047803
0.002079989 0.2993313 0.3857792 0.3128095
0.002315585 0.2974038 0.3629066 0.3373741
0.0007357664 0.3316992 0.3856381 0.281927
0.002057501 0.3087634 0.4113522 0.2778268
0.003743942 0.2935818 0.3852165 0.3174578
0.004027544 0.2764384 0.4170311 0.3025029
0.00712718 0.2766077 0.4075981 0.308667
0.01067223 0.3149136 0.3776879 0.2967263
0.001799494 0.2874603 0.3944218 0.3163184
0.001895653 0.2974165 0.413348 0.2873399
0.006259847 0.297158 0.3995365 0.2970457
0.008459004 0.3042661 0.3597059 0.327569
0.008110105 0.3133852 0.387449 0.2910557
0.005594835 0.3210511 0.3839686 0.2893855
0.0297848 0.3220242 0.3761504 0.2720405
0.00457814 0.3050733 0.4007683 0.2895802
0.005200346 0.3234119 0.3792086 0.2921792
0.005382966 0.3172152 0.376621 0.3007809
0.004830337 0.2900114 0.4086375 0.2965208
5.758454e-05 0.2894425 0.4022136 0.3082862
0.001011327 0.3044441 0.3863173 0.3082272
0.006589207 0.3086348 0.402406 0.28237
0.02177416 0.3393106 0.3537828 0.2851324
0.00570257 0.3074664 0.3838295 0.3030016
0.004227452 0.3110279 0.3851495 0.2995951
0.00856619 0.2978455 0.4018372 0.2917511
0.0006860516 0.3198505 0.3722392 0.3072242
0.001037654 0.2996236 0.4305104 0.2688284
0.006011391 0.3039998 0.3951192 0.2948696
0.007874734 0.313878 0.3884392 0.289808
0.002464103 0.3510042 0.3455061 0.3010256
9.425336e-05 0.3195611 0.4027463 0.2775983
0.00251009 0.3358261 0.3976666 0.2639971
0.007593408 0.3226604 0.373065 0.2966812
0.004963412 0.309286 0.3846807 0.3010699
0.003138705 0.2967903 0.3828698 0.3172012
0.001823764 0.3142518 0.390178 0.2937464
0.0007450646 0.2749953 0.4137347 0.310525
0.00465168 0.3262209 0.3827927 0.2863347
0.0007851455 0.3042594 0.3671421 0.3278134
0.003192978 0.3133193 0.4005919 0.2828958
0.004786914 0.3129103 0.391692 0.2906108
0.005456023 0.293565 0.4106686 0.2903104
0.0003646205 0.2907846 0.3894906 0.3193601
0.0009872484 0.3379328 0.3601034 0.3009765
0.00216019 0.3067249 0.3927469 0.298368
0.00447565 0.3223907 0.3936484 0.2794853
0.0005523399 0.3117467 0.3874623 0.3002387
0.003769953 0.3325411 0.3953585 0.2683304
0.007294749 0.3075323 0.3816743 0.3034986
0.0005427715 0.3157061 0.3950086 0.2887425
0.001374029 0.2960103 0.3772504 0.3253652
0.003727918 0.3104655 0.389034 0.2967725
0.0008424427 0.2918248 0.4222508 0.2850819
0.000597561 0.309464 0.3920111 0.2979274
0.01016092 0.3215188 0.375706 0.2926143
0.01323432 0.2942189 0.388681 0.3038657
0.002493235 0.3081516 0.4017216 0.2876335
0.007474654 0.2879321 0.3727205 0.3318727
0.009141559 0.3078354 0.4163656 0.2666574
0.002873406 0.277678 0.4290681 0.2903806
0.006419369 0.3147577 0.3855997 0.2932233
0.002286872 0.3069988 0.3711687 0.3195456
0.00178463 0.3077615 0.3898248 0.300629
0.0005120364 0.318009 0.3856761 0.2958029
0.0001920543 0.3211817 0.3695021 0.3091242
0.003865487 0.3117019 0.3851224 0.2993102
0.007023264 0.324046 0.37811 0.2908207
0.008216306 0.3000264 0.3564307 0.3353266
0.006676606 0.3256955 0.3759809 0.291647
0.002536 0.3193788 0.392719 0.2853662
0.002618812 0.3183222 0.3731626 0.3058964
0.0008413471 0.3047207 0.4156869 0.2787511
0.001462212 0.3268683 0.3819464 0.2897231
0.0005202697 0.2923766 0.4047566 0.3023465
0.0007671807 0.3188172 0.3770654 0.3033502
0.002428002 0.3075198 0.3922871 0.2977651
0.003649422 0.3010194 0.3747987 0.3205324
0.005370593 0.308457 0.4128856 0.2732868
0.01162898 0.3078376 0.3665207 0.3140127
0.001905938 0.3074351 0.3970315 0.2936275
0.0001147794 0.3209964 0.3899017 0.2889872
0.0006628933 0.3355523 0.3952634 0.2685214
0.0007655606 0.3142432 0.4043323 0.280659
0.003222077 0.356046 0.3535352 0.2871967
0.005627003 0.2983367 0.3969956 0.2990408
0.0003031262 0.311084 0.3945319 0.294081
0.00152346 0.2996578 0.3750334 0.3237854
0.006832406 0.2975821 0.4302513 0.2653342
0.00359319 0.3021479 0.3991921 0.2950668
0.0006793524 0.2985573 0.3980594 0.302704
0.003769597 0.3252743 0.372153 0.2988031
0.004126755 0.3225743 0.3813368 0.2919622
0.001630142 0.291173 0.4034319 0.3037649
0.00427569 0.3228535 0.3972994 0.2755714
1.25488e-05 0.3023387 0.3903691 0.3072796
0.002609974 0.3212375 0.3780403 0.2981122
0.001520536 0.3255035 0.3593601 0.3136159
0.00583199 0.3060812 0.3950654 0.2930214
0.004511962 0.3070318 0.407064 0.2813922
5.250749e-05 0.2918095 0.3900266 0.3181114
0.00620798 0.3092583 0.3966736 0.2878601
0.005710664 0.2836206 0.4143957 0.2962731
0.001017885 0.3102523 0.3993892 0.2893406
0.003993398 0.3321887 0.3676619 0.2961559
0.001259564 0.310921 0.3991328 0.2886866
0.003131673 0.3370336 0.3573141 0.3025206
0.002956367 0.2962365 0.3922359 0.3085712
0.002518648 0.3070827 0.3664835 0.3239152
0.006089059 0.3497479 0.3533793 0.2907838
0.001075969 0.3180038 0.3829189 0.2980014
0.02401315 0.289187 0.4054388 0.281361
0.002272441 0.3099744 0.3959849 0.2917682
0.004719284 0.3224192 0.3981233 0.2747382
0.00154585 0.3030333 0.4025031 0.2929178
0.0006307249 0.297027 0.4130296 0.2893127
0.006312555 0.3004769 0.3940444 0.2991661
0.0006016331 0.3202356 0.3829373 0.2962254
0.007266007 0.3129916 0.3957449 0.2839975
8.071358e-05 0.3136147 0.4112733 0.2750312
0.003586621 0.3116726 0.3806972 0.3040436
0.001323785 0.305214 0.4180046 0.2754577
0.005847161 0.3121416 0.3910957 0.2909156
0.001683827 0.2858491 0.4053614 0.3071057
0.004025794 0.3177152 0.3867133 0.2915457
0.0005056514 0.2686878 0.4190088 0.3117977
0.01336436 0.2882418 0.398578 0.2998159
0.001571581 0.2953925 0.3945139 0.308522
0.0118473 0.3021553 0.3852278 0.3007695
0.001166925 0.3122093 0.3819725 0.3046513
0.008388992 0.2974264 0.3834543 0.3107303
0.002045125 0.3213017 0.3710477 0.3056055
0.001273468 0.3225853 0.3684576 0.3076836
0.0004391086 0.3306098 0.379568 0.2893832
0.001460981 0.3209111 0.3947766 0.2828513
5.882016e-05 0.3388317 0.3830623 0.2780472
0.005712742 0.3263565 0.3914103 0.2765205
0.006019639 0.3324921 0.3585203 0.3029679
0.01219716 0.3152613 0.3789507 0.2935908
0.01447327 0.319051 0.3659441 0.3005317
0.08658304 0.3296476 0.31007 0.2736994
0.054469 0.294001 0.3422918 0.3092382
0.0005679864 0.3181625 0.381827 0.2994425
0.009435514 0.3199052 0.380817 0.2898422
0.008472392 0.3198462 0.389519 0.2821623
5.11365e-05 0.3121541 0.4012248 0.28657
0.002438908 0.3000807 0.3970641 0.3004163
0.0001047349 0.321646 0.3942567 0.2839925
0.002708442 0.3011566 0.3755566 0.3205784
0.006815773 0.2948536 0.4165137 0.2818169
0.006184186 0.3182122 0.3722934 0.3033103
0.0003743858 0.2873447 0.4070206 0.3052603
0.0005773996 0.3200336 0.3662453 0.3131437
0.003979032 0.2888016 0.3916515 0.3155679
0.01384692 0.3097833 0.378672 0.2976978
0.008128835 0.30903 0.3984327 0.2844084
0.007174889 0.3040808 0.3954712 0.2932731
0.0004351208 0.2963754 0.4134408 0.2897487
0.001841583 0.3240664 0.350759 0.323333
0.0002385777 0.3028159 0.3928667 0.3040788
0.002069069 0.3120048 0.4139433 0.2719828
0.002556094 0.3369367 0.3626036 0.2979036
0.007696639 0.3083323 0.4145898 0.2693813
6.397208e-05 0.3306681 0.3875152 0.2817528
0.005041739 0.3093681 0.3962067 0.2893834
0.006027968 0.3197911 0.3915273 0.2826536
0.003946869 0.2960814 0.4006982 0.2992735
0.007955015 0.3358425 0.375901 0.2803015
0.0007970223 0.3027131 0.3822782 0.3142117
0.009592669 0.3102929 0.3837065 0.2964079
0.004581132 0.2988797 0.4051356 0.2914036
0.003222642 0.3473193 0.3504177 0.2990404
0.0003908266 0.3137622 0.3861 0.2997471
0.01114779 0.3017747 0.3561194 0.3309581
0.0009601956 0.3241628 0.3850313 0.2898457
0.01108732 0.3003741 0.3981587 0.2903799
0.009726721 0.2994913 0.4199066 0.2708754
0.000500322 0.3007661 0.383024 0.3157096
0.006423343 0.2923791 0.3767411 0.3244564
0.0005795054 0.3264334 0.4131202 0.2598669
0.008447936 0.3012912 0.3606667 0.3295942
0.008374728 0.35389 0.3522318 0.2855035
0.003661924 0.293818 0.4085259 0.2939942
0.0007861367 0.3310463 0.4041031 0.2640644
0.00897182 0.3158795 0.3755925 0.2995562
0.00266967 0.3080095 0.3926839 0.296637
0.001854412 0.3378434 0.3748362 0.2854661
0.0006678386 0.3225889 0.390972 0.2857713
0.007825992 0.3138014 0.3911165 0.2872561
0.006735074 0.337727 0.369806 0.285732
0.001739008 0.341441 0.3828046 0.2740154
0.007917497 0.3044782 0.3870829 0.3005214
0.01048771 0.2982774 0.4187208 0.2725141
0.01231682 0.3075327 0.3645471 0.3156034
0.002385809 0.3119022 0.390812 0.2949
0.004363974 0.3173313 0.3915979 0.2867068
0.001069998 0.3142173 0.3904546 0.2942581
0.008265961 0.3208249 0.3750178 0.2958913
0.009629801 0.2962445 0.3906205 0.3035052
0.02496318 0.3347112 0.3715929 0.2687327
0.00182732 0.3209854 0.4033342 0.2738531
0.004860311 0.2963898 0.4177822 0.2809677
0.01151564 0.3401652 0.3622022 0.286117
0.0009296163 0.3153618 0.3979373 0.2857713
0.003403651 0.3018528 0.3972452 0.2974983
0.003533279 0.3331372 0.3652261 0.2981034
0.005884022 0.3202341 0.3777256 0.2961563
0.00389583 0.3345649 0.3844377 0.2771016
0.01223653 0.3324733 0.3653057 0.2899845
0.0005394726 0.3169846 0.38293 0.2995459
0.002434879 0.3109065 0.3925543 0.2941043
0.001644694 0.3043432 0.4004257 0.2935864
0.002874336 0.2762379 0.4452265 0.2756612
0.001897212 0.3225757 0.3847683 0.2907587
0.003879406 0.3037012 0.387697 0.3047224
0.01201648 0.3059636 0.4198128 0.2622071
0.005775517 0.3106441 0.4111657 0.2724147
0.007685529 0.2950904 0.4007111 0.2965129
0.00505906 0.2954463 0.4060031 0.2934915
0.00211516 0.3145248 0.3792736 0.3040865
0.006744085 0.3160453 0.3858343 0.2913763
0.01275882 0.3091481 0.376101 0.3019921
0.0003202429 0.2969063 0.3852963 0.3174771
0.0008446273 0.3262685 0.3637198 0.3091671
0.007038126 0.3135029 0.3818118 0.2976472
0.01027434 0.3137033 0.359362 0.3166604
0.01299672 0.3201672 0.3544155 0.3124206
0.003719643 0.3165133 0.3809009 0.2988661
0.01407779 0.313013 0.3786654 0.2942438
0.00400268 0.2888947 0.3931787 0.3139239
0.001983871 0.3295781 0.3672503 0.3011877
0.005759999 0.3102775 0.3776045 0.306358
0.0006824806 0.3302527 0.3649472 0.3041176
0.0002023937 0.3114026 0.3977478 0.2906472
0.0004477112 0.3356362 0.3716866 0.2922295
0.008287193 0.3289441 0.3715542 0.2912145
0.02607604 0.2725138 0.3829443 0.3184658
0.00108415 0.3320059 0.3948738 0.2720362
0.001447749 0.302338 0.3924461 0.3037681
0.002127753 0.33942 0.3943276 0.2641247
7.867814e-05 0.3184256 0.3672979 0.3141978
0.000422313 0.3189947 0.4007983 0.2797847
0.005070883 0.3218859 0.3898242 0.2832191
0.002562871 0.3159169 0.3775105 0.3040097
0.002339654 0.3081848 0.3720317 0.3174438
0.002193034 0.3203956 0.4002214 0.2771899
0.0006162891 0.3016963 0.38744 0.3102474
0.007118654 0.3130789 0.3850419 0.2947606
0.0002920117 0.2799017 0.4320808 0.2877255
0.005253141 0.3137753 0.3724538 0.3085177
0.001178947 0.3214059 0.3760843 0.3013308
0.007822744 0.3114087 0.3757418 0.3050267
0.0009528258 0.3209504 0.3908019 0.2872949
0.0008889011 0.3024413 0.4004796 0.2961901
0.001955926 0.3173656 0.3751322 0.3055463
0.003794194 0.3106619 0.3983222 0.2872217
0.003430042 0.3096323 0.3979005 0.2890372
0.001147357 0.3171344 0.4049579 0.2767603
0.0001616206 0.3013708 0.3848088 0.3136588
0.0006342527 0.2857677 0.3936784 0.3199196
0.004442303 0.304752 0.3856146 0.3051911
0.005157363 0.3165213 0.3708262 0.3074951
0.007835242 0.3195185 0.3839512 0.288695
0.0006537046 0.2997249 0.3880345 0.3115869
0.001111579 0.3139215 0.3802059 0.304761
0.007284584 0.3258903 0.3672678 0.2995573
0.007711391 0.3162795 0.3792896 0.2967194
0.003413163 0.3093886 0.3773637 0.3098346
0.00381391 0.3084135 0.3800432 0.3077294
0.007146199 0.3037482 0.4073439 0.2817617
0.003744821 0.3312436 0.3634135 0.3015981
0.0007305025 0.2921538 0.4082578 0.2988579
0.005153041 0.2968643 0.4175151 0.2804675
0.0001921742 0.3113482 0.4060217 0.2824379
0.001648107 0.3000568 0.4279873 0.2703078
0.008074074 0.3185362 0.3797526 0.2936371
0.004824255 0.2922031 0.3951268 0.3078459
0.0003157945 0.3033999 0.4008865 0.2953978
0.0001233055 0.3085614 0.3864395 0.3048758
0.001898116 0.2919913 0.3966011 0.3095095
0.002292775 0.3277564 0.3854005 0.2845502
0.002529056 0.2876872 0.4234337 0.2863501
0.008042665 0.3088128 0.3792148 0.3039297
0.0002263364 0.3251763 0.3988286 0.2757688
6.209135e-05 0.3038614 0.3997923 0.2962841
0.0007553354 0.3143685 0.3828233 0.3020529
0.01319419 0.3138267 0.3748703 0.2981088
0.003946291 0.2887149 0.3943307 0.3130081
0.001335137 0.2925577 0.4150284 0.2910788
0.003121345 0.3134053 0.4052054 0.278268
0.001467421 0.309687 0.3802213 0.3086243
0.01421829 0.3049469 0.3830005 0.2978343
0.0013016 0.3046911 0.3954431 0.2985643
0.0003673485 0.2934233 0.4029047 0.3033047
0.000701108 0.3086987 0.4051623 0.2854379
0.001543797 0.3315212 0.382606 0.284329
0.02467267 0.317741 0.3421799 0.3154064
0.00854781 0.322809 0.3812219 0.2874212
0.002978596 0.3234618 0.3925174 0.2810421
0.004031131 0.3219557 0.3773201 0.296693
0.0004365245 0.3117056 0.3901273 0.2977306
0.006535905 0.3037467 0.4091229 0.2805945
0.0007702638 0.3106628 0.3655355 0.3230314
0.001202313 0.2993884 0.4097527 0.2896566
0.01002478 0.322476 0.3520545 0.3154447
0.001733351 0.3126731 0.4143465 0.2712471
0.00061213 0.2919988 0.4207306 0.2866585
0.003568284 0.2956206 0.4272302 0.2735809
0.004774227 0.3051357 0.3882015 0.3018886
0.01876224 0.3311145 0.3453842 0.3047391
0.002131188 0.2889943 0.4302469 0.2786276
0.005798067 0.3150278 0.3891662 0.2900079
0.002144587 0.3052417 0.3876194 0.3049943
0.00870512 0.3193397 0.4024744 0.2694809
0.003653084 0.3187409 0.3831693 0.2944368
0.002778901 0.3062783 0.4222523 0.2686905
0.003921335 0.3141097 0.3785782 0.3033908
0.00183117 0.3000842 0.3922846 0.3058
0.009860332 0.3044986 0.4053236 0.2803175
0.01216307 0.317412 0.4003471 0.2700779
0.005584981 0.2957149 0.3748058 0.3238943
0.007587943 0.3071974 0.3809921 0.3042225
0.00933845 0.302695 0.3990994 0.2888671
0.00310215 0.2934773 0.3940095 0.3094111
0.01438765 0.3055148 0.4082946 0.2718029
0.0008802162 0.3310613 0.3760274 0.2920311
0.0003562791 0.3206487 0.3996345 0.2793606
0.00127351 0.3052486 0.3909834 0.3024944
0.003280292 0.3012492 0.3907003 0.3047702
0.003094024 0.2855309 0.4240457 0.2873294
0.007875748 0.3469521 0.3536122 0.2915599
0.003420227 0.3047398 0.3934064 0.2984336
0.0007170581 0.3278134 0.3756564 0.2958132
0.004499929 0.3034136 0.4080238 0.2840626
0.0003430557 0.3171328 0.3907411 0.291783
0.001433627 0.3090852 0.3740242 0.315457
0.007431934 0.3038306 0.4069169 0.2818205
0.0006681005 0.315748 0.3819465 0.3016374
0.006031701 0.320479 0.3792109 0.2942784
9.119286e-05 0.3319776 0.38783 0.2801011
0.01172514 0.3132823 0.3729513 0.3020413
0.005796623 0.3036968 0.3942144 0.2962923
0.0214186 0.294705 0.3768791 0.3069973
0.0001424796 0.3327579 0.3728525 0.2942471
0.002061514 0.2751604 0.4104806 0.3122975
0.006476703 0.3104682 0.4059377 0.2771174
0.002714259 0.3165719 0.3857866 0.2949273
0.001511767 0.3251646 0.3845239 0.2887998
0.01128351 0.3092622 0.3764628 0.3029914
0.005337009 0.3224099 0.4045663 0.2676868
0.001155271 0.3156294 0.3796906 0.3035247
0.001944006 0.2894696 0.3973046 0.3112818
0.001843242 0.3137713 0.3796964 0.3046891
0.001647984 0.326199 0.3781742 0.2939788
0.0004458081 0.3148432 0.3790795 0.3056316
0.001361473 0.3094382 0.3915769 0.2976234
0.0003277519 0.2985837 0.4004817 0.3006068
0.003258081 0.3193187 0.3803355 0.2970877
4.778834e-05 0.3013081 0.4106147 0.2880294
0.008931677 0.2924682 0.4097307 0.2888694
0.004621378 0.2856558 0.3947732 0.3149496
0.009158211 0.299356 0.3966141 0.2948717
0.001379047 0.3010685 0.4007092 0.2968433
0.007868391 0.314079 0.3776617 0.3003909
0.01728807 0.3416561 0.3529088 0.288147
0.008934127 0.3086615 0.3655158 0.3168886
0.0008424273 0.3125367 0.3830336 0.3035872
0.001118963 0.3308808 0.3715127 0.2964876
0.002556938 0.3229789 0.382163 0.2923011
0.000701139 0.272929 0.3773633 0.3490066
0.00638352 0.3206015 0.3834762 0.2895388
0.003071721 0.3140167 0.3732906 0.3096209
0.0001499436 0.2987258 0.3904742 0.31065
0.002521235 0.3457918 0.3803373 0.2713497
0.001058407 0.3066651 0.3988381 0.2934384
0.003435787 0.3117114 0.3824998 0.302353
0.0001526651 0.3024779 0.3907178 0.3066516
0.002877694 0.2994476 0.4146404 0.2830344
0.01443846 0.2952318 0.3765159 0.3138138
0.007844486 0.3285036 0.3892739 0.274378
0.002465287 0.2973402 0.4075299 0.2926646
0.002837275 0.314745 0.3814116 0.3010061
0.008416205 0.2993809 0.3885396 0.3036632
0.007500995 0.3031481 0.3909765 0.2983744
0.02179148 0.3315692 0.362508 0.2841313
0.00446921 0.3153575 0.3910539 0.2891194
0.004904931 0.28446 0.3796656 0.3309695
0.006513424 0.312275 0.4041628 0.2770487
0.009464489 0.3176653 0.3643907 0.3084795
0.009749505 0.3275262 0.4094045 0.2533198
0.002105439 0.3233022 0.4069045 0.2676878
0.01030863 0.3085595 0.3773305 0.3038014
3.030979e-06 0.2909014 0.4003418 0.3087537
0.001271553 0.3219304 0.384591 0.292207
0.001532918 0.2898918 0.3928566 0.3157187
0.004974116 0.2882309 0.3854061 0.3213889
0.005151682 0.3088701 0.3916674 0.2943107
0.002668194 0.3081699 0.3976806 0.2914814
0.004705617 0.3240796 0.3992516 0.2719632
0.006024419 0.3092507 0.387189 0.2975359
0.001257287 0.3032855 0.3861423 0.309315
0.005955684 0.3156837 0.3837029 0.2946577
0.0008559405 0.3231219 0.3897858 0.2862364
0.0001019885 0.2898822 0.3990897 0.3109262
0.01428603 0.3120993 0.3814664 0.2921482
0.001216615 0.3077763 0.3839097 0.3070974
2.016778e-05 0.3371269 0.3898219 0.273031
0.0008834603 0.3163199 0.3859415 0.2968552
0.0003014745 0.298293 0.3892781 0.3121275
0.002941169 0.3174878 0.3748546 0.3047164
0.008456542 0.3138255 0.3887852 0.2889328
0.01407391 0.3064438 0.3779778 0.3015046
0.002064873 0.3181357 0.3932271 0.2865723
0.005415712 0.3290465 0.3702236 0.2953142
0.001113536 0.3224657 0.3894057 0.2870151
0.00437661 0.3165808 0.3872427 0.2917999
0.01376984 0.3037187 0.4086501 0.2738614
0.004119221 0.2931995 0.3907397 0.3119416
0.003055376 0.2934536 0.4154706 0.2880205
0.0004923203 0.3062732 0.3817161 0.3115184
0.004070615 0.3058559 0.3872941 0.3027794
0.0004021944 0.3304454 0.3537267 0.3154258
0.007038134 0.2942649 0.3986503 0.3000466
