"p_1" "p_2" "p_3" "p_4"
0.1779173 0.761463 0.055212 0.005407692
0.1895507 0.7547086 0.04622226 0.009518481
0.1453071 0.7969408 0.05586535 0.001886733
0.1875603 0.7608666 0.05151917 5.392582e-05
0.1538866 0.7873191 0.05849854 0.0002957966
0.1501719 0.798252 0.05118689 0.0003892013
0.1664508 0.7708806 0.05308815 0.009580374
0.1613353 0.7910995 0.0446052 0.002960084
0.1468259 0.7949006 0.05754879 0.0007247217
0.1581963 0.7940284 0.04654613 0.001229243
0.1356538 0.7911608 0.07102362 0.002161749
0.1759953 0.7861439 0.03395132 0.003909456
0.1599162 0.7748025 0.05747463 0.007806607
0.178187 0.7742225 0.04591779 0.001672666
0.1632583 0.7643942 0.06585767 0.006489813
0.1708654 0.7859891 0.04198192 0.001163609
0.1735312 0.764394 0.05790696 0.004167866
0.1669818 0.7733227 0.05895455 0.0007410312
0.1687128 0.7769616 0.0529981 0.001327469
0.165164 0.7672654 0.0593095 0.008261061
0.1618398 0.7762341 0.060162 0.001764108
0.1674159 0.7762414 0.05140646 0.004936283
0.1824003 0.7661439 0.04970345 0.001752329
0.1801971 0.7568958 0.06224836 0.0006588087
0.1619603 0.7874387 0.04718117 0.003419757
0.1593597 0.7902573 0.04910233 0.001280664
0.1759009 0.779202 0.04300801 0.001889094
0.1719615 0.7828295 0.04520436 4.67449e-06
0.1538064 0.7909548 0.05109005 0.004148733
0.1728362 0.7811856 0.04262889 0.00334936
0.16084 0.7813579 0.04916027 0.00864186
0.1595756 0.7779561 0.05960971 0.002858683
0.1708609 0.770585 0.04884314 0.009710939
0.1831896 0.7648339 0.04952988 0.002446537
0.149655 0.7986448 0.04760979 0.004090468
0.1774432 0.7601411 0.06211742 0.0002983412
0.1580519 0.7668486 0.05728215 0.01781743
0.1652596 0.7799152 0.05039565 0.004429517
0.1434638 0.7992731 0.05658916 0.00067391
0.1425914 0.8051274 0.0517502 0.0005310222
0.152692 0.7872568 0.05300532 0.007045888
0.1397906 0.8032697 0.05636966 0.0005700643
0.1641786 0.7803786 0.05133267 0.004110108
0.1478815 0.7954813 0.05167151 0.004965664
0.1486897 0.80078 0.03651398 0.01401629
0.174616 0.764038 0.0591552 0.00219074
0.178462 0.7658267 0.05240182 0.003309479
0.1748214 0.7696776 0.0516973 0.003803771
0.1591202 0.7808504 0.05810156 0.001927839
0.1439866 0.775595 0.0408253 0.03959313
0.1800655 0.7582755 0.06043824 0.001220745
0.1465334 0.7941792 0.05585057 0.003436853
0.1602917 0.7828052 0.05609817 0.0008049711
0.1638381 0.7839765 0.05118953 0.0009958563
0.1426008 0.7953784 0.05714862 0.004872174
0.1547717 0.7877658 0.05667723 0.0007852543
0.168433 0.7672733 0.05765249 0.006641233
0.153599 0.7813444 0.05781907 0.007237493
0.1535236 0.7883728 0.04531503 0.01278852
0.1594612 0.8009622 0.03840373 0.001172866
0.1505011 0.7923432 0.05248985 0.004665861
0.153942 0.77794 0.06107964 0.007038412
0.184616 0.7627663 0.04897705 0.003640668
0.1628754 0.7642971 0.07185298 0.0009744525
0.1818916 0.7447297 0.06829022 0.005088492
0.1753757 0.7703215 0.0514623 0.002840521
0.1554361 0.7908332 0.05095718 0.002773613
0.1637169 0.7744216 0.06055774 0.001303777
0.156555 0.7930791 0.04989512 0.0004707358
0.1344423 0.7966107 0.06543971 0.003507337
0.1657328 0.7664558 0.05406241 0.0137489
0.1571877 0.7773984 0.05968707 0.005726771
0.1609037 0.771218 0.0662474 0.001630889
0.1390039 0.7950242 0.05192216 0.01404979
0.1491952 0.7861658 0.05948268 0.005156286
0.1529993 0.7962458 0.04607474 0.004680151
0.1671313 0.7765205 0.0560916 0.000256681
0.1641047 0.771114 0.06414395 0.0006373507
0.1762811 0.7655507 0.05266233 0.005505899
0.1602659 0.7776382 0.05785566 0.004240295
0.1698831 0.7698033 0.05442104 0.005892561
0.1477876 0.7973211 0.05434675 0.0005445154
0.1737374 0.7613042 0.06348771 0.001470652
0.168351 0.7734454 0.05707611 0.0011275
0.1576686 0.7892283 0.05304056 6.250382e-05
0.1584057 0.7953772 0.04517899 0.001038084
0.1645828 0.7903274 0.04101011 0.00407974
0.1710152 0.7745735 0.04854053 0.005870799
0.1764872 0.7793453 0.04320213 0.0009652655
0.1669412 0.7938405 0.03902776 0.0001905596
0.1398945 0.7947201 0.0509697 0.0144157
0.1560492 0.7717879 0.06821819 0.003944687
0.1518433 0.7859848 0.05180464 0.01036725
0.1546109 0.785072 0.06016213 0.0001549372
0.1523303 0.7845173 0.0612866 0.001865789
0.1792654 0.7555904 0.06047222 0.004671915
0.1377644 0.7744612 0.06785664 0.0199178
0.1530301 0.7896341 0.04527255 0.01206321
0.1922962 0.7541301 0.05161908 0.001954629
0.1536451 0.768386 0.07305486 0.004914057
0.1789091 0.7759613 0.04445419 0.0006753953
0.1675935 0.7751792 0.05687307 0.0003541707
0.1846082 0.7667375 0.04321419 0.005440127
0.1672919 0.7841109 0.04631357 0.002283647
0.1574964 0.7834927 0.05803984 0.0009711001
0.1485232 0.7895972 0.05871922 0.003160468
0.1536657 0.7918781 0.05441617 4.007704e-05
0.1677683 0.7573121 0.06646987 0.008449752
0.1610582 0.7863822 0.0476907 0.004868925
0.1476494 0.7920649 0.05887099 0.001414649
0.1553863 0.7881009 0.05617547 0.000337322
0.1581808 0.7886888 0.05229478 0.0008356292
0.1464841 0.8007588 0.04615629 0.006600847
0.1727048 0.7702374 0.056688 0.0003698075
0.1665464 0.7902389 0.04227553 0.0009392433
0.1597961 0.7871081 0.04654886 0.006547019
0.1825157 0.7667705 0.04876538 0.001948406
0.1753594 0.7666296 0.05368979 0.004321265
0.1639259 0.7805348 0.0522345 0.003304778
0.1667928 0.7827265 0.04993936 0.0005413314
0.1661272 0.7718357 0.06017069 0.001866393
0.1807503 0.7646473 0.05420569 0.0003967954
0.1499486 0.7931126 0.05526472 0.00167409
0.1809307 0.7715411 0.04718769 0.0003405732
0.1524435 0.7879598 0.05302786 0.006568826
0.1693049 0.7678285 0.06204499 0.0008216307
0.1474892 0.7927428 0.05518676 0.004581281
0.1677649 0.7834301 0.04696156 0.00184349
0.1774976 0.7627252 0.05535056 0.004426605
0.1530463 0.7669164 0.05504474 0.0249925
0.1755988 0.7595788 0.05456113 0.01026121
0.1463145 0.7975554 0.04703148 0.009098679
0.1452995 0.7809769 0.05910421 0.01461938
0.1557491 0.7906845 0.05281447 0.0007520119
0.170129 0.772971 0.05167561 0.005224315
0.1753315 0.7666869 0.05153429 0.006447301
0.1807014 0.7650992 0.04658001 0.007619383
0.1625364 0.7784271 0.05395716 0.005079303
0.151718 0.7944108 0.05369529 0.0001758737
0.1696802 0.768511 0.06011845 0.001690422
0.1656264 0.7785584 0.04976164 0.006053614
0.1674786 0.7716909 0.05503709 0.005793345
0.1567933 0.7798483 0.0562904 0.007067986
0.1924769 0.7504254 0.05504497 0.002052722
0.1745621 0.7537157 0.06165777 0.01006441
0.1590894 0.8023694 0.0376203 0.0009208266
0.1684638 0.7712219 0.06002366 0.0002906754
0.1791572 0.7642144 0.05070624 0.005922155
0.1628815 0.7874065 0.04868534 0.001026695
0.1571072 0.785383 0.05676442 0.0007454441
0.1815864 0.7592582 0.05525616 0.003899326
0.1830452 0.7767872 0.03923323 0.0009344009
0.1747153 0.7654216 0.04278278 0.01708032
0.1564085 0.7708879 0.06827529 0.004428301
0.1627507 0.7866891 0.04935838 0.001201742
0.1479491 0.7850446 0.0645048 0.002501509
0.1726117 0.7739181 0.0507181 0.002752146
0.1643302 0.777673 0.05117754 0.006819253
0.1620021 0.7696171 0.05920642 0.009174468
0.144294 0.7941322 0.05767243 0.003901363
0.1459588 0.7900325 0.06177299 0.002235703
0.1427503 0.7801544 0.07346627 0.003629015
0.1838062 0.7631616 0.04819014 0.004842009
0.1686407 0.7719558 0.05604292 0.003360536
0.1720978 0.7268531 0.05939509 0.04165402
0.17768 0.7487966 0.06907354 0.004449875
0.1915499 0.7524333 0.05394567 0.002071127
0.1460506 0.8063744 0.04342722 0.004147749
0.153975 0.7869493 0.0556299 0.003445716
0.1555578 0.7979718 0.0435825 0.002887903
0.176336 0.7811157 0.04193713 0.0006111537
0.1638987 0.7835715 0.05249558 3.425851e-05
0.1706753 0.7749739 0.04941839 0.004932403
0.1579738 0.7862297 0.05139312 0.004403434
0.1732367 0.7810654 0.04400072 0.001697193
0.1377384 0.7845995 0.07478999 0.002872163
0.1529412 0.7930359 0.04488881 0.009133998
0.1588092 0.7929255 0.04439964 0.003865617
0.1791973 0.769436 0.05009026 0.001276347
0.1870253 0.7505456 0.0609449 0.001484249
0.1577158 0.7874081 0.0509101 0.003965913
0.1538836 0.7886104 0.04379813 0.01370782
0.1688021 0.7847908 0.04637524 3.190774e-05
0.1929431 0.739363 0.06010963 0.007584254
0.1693296 0.7601113 0.06701924 0.003539889
0.1529338 0.7933522 0.0533607 0.0003532964
0.1480565 0.7926829 0.05548434 0.003776268
0.1712775 0.7671446 0.05579557 0.005782345
0.1735906 0.7562487 0.06615862 0.004002101
0.141697 0.805078 0.04377883 0.009446127
0.1504707 0.7977621 0.05067528 0.001091923
0.1686073 0.7823174 0.04898789 8.742387e-05
0.1558456 0.7874611 0.05600372 0.000689645
0.1716363 0.7723023 0.05530511 0.0007563424
0.1548496 0.7989637 0.03836449 0.007822178
0.1584861 0.7816024 0.01361217 0.04629943
0.1520043 0.7895434 0.003411364 0.05504098
0.1491841 0.7951699 0.0006017943 0.05504417
0.1389302 0.815567 0.001829298 0.04367352
0.1875503 0.764027 0.003532684 0.04489004
0.1559139 0.7864109 0.0004416312 0.05723355
0.1524308 0.7919829 0.002384419 0.05320186
0.1547361 0.7897238 0.0008464718 0.05469363
0.1676224 0.7814846 0.008885083 0.04200796
0.1547478 0.7972167 0.0001183338 0.0479171
0.1498167 0.8046572 0.001030086 0.04449604
0.1572825 0.7800108 0.005543154 0.05716359
0.1814026 0.752513 0.003159549 0.0629249
0.1674901 0.7749749 7.713985e-05 0.05745783
0.1602404 0.7686643 0.003711443 0.0673839
0.1677883 0.7772435 0.0003891814 0.05457906
0.1459278 0.7936127 0.006240172 0.0542193
0.1418701 0.7863172 0.01120704 0.06060566
0.172589 0.7784168 0.002064031 0.04693019
0.1673684 0.7923482 0.007281677 0.03300167
0.1649544 0.7695566 0.005531456 0.0599576
0.1735233 0.7663503 0.00977466 0.05035175
0.1669501 0.7743105 0.0004667653 0.0582726
0.1521502 0.7987419 0.003002253 0.04610563
0.1534976 0.7991568 0.0009277835 0.04641787
0.150113 0.7910966 0.008084172 0.05070621
0.1458076 0.7809017 0.003906463 0.06938416
0.1591388 0.772419 0.0185015 0.04994071
0.1831686 0.7458847 0.008761255 0.06218539
0.1020652 0.7806475 0.06289373 0.0543935
0.1517882 0.7795791 0.00685158 0.06178117
0.1878154 0.7598045 0.00170695 0.05067313
0.1878692 0.7559518 0.002158985 0.05401999
0.1608551 0.7863558 0.004654934 0.04813416
0.1692943 0.7694655 0.0006212855 0.0606189
0.1658978 0.7722402 0.003379445 0.05848253
0.1564767 0.7918342 0.003819011 0.04787001
0.1702701 0.7806941 0.001461613 0.04757418
0.1433174 0.7877817 0.01464208 0.05425886
0.175873 0.750257 0.01162018 0.06224986
0.1556941 0.7842785 0.00661033 0.05341709
0.1490039 0.7802713 0.02514294 0.0455819
0.1647445 0.7692672 0.005132838 0.06085539
0.161494 0.7727819 0.002285845 0.06343831
0.1685511 0.7804141 0.002198567 0.04883621
0.1734686 0.7677866 0.0001688906 0.05857597
0.1593431 0.7798223 0.0004080878 0.06042647
0.1782872 0.7693642 0.01469602 0.03765251
0.1615749 0.7745315 0.001491014 0.06240257
0.1490503 0.7971534 0.001734331 0.05206197
0.1978349 0.73924 0.008713504 0.05421158
0.1587688 0.7877242 0.0007621689 0.05274476
0.1659977 0.7582118 0.002604612 0.07318586
0.1766924 0.7762255 0.001507059 0.04557505
0.1884732 0.758227 0.0018191 0.05148076
0.1512039 0.7952678 0.0003330194 0.05319523
0.159122 0.7877165 0.002116409 0.0510451
0.1759219 0.7633957 0.006926028 0.05375637
0.1600398 0.7695202 0.01553894 0.05490103
0.153832 0.7884519 0.001272725 0.0564433
0.1538892 0.8027867 0.002214552 0.04110949
0.1468486 0.8018595 0.0004301827 0.05086165
0.1680476 0.7758593 0.001416247 0.05467683
0.1939701 0.7563893 7.46875e-05 0.04956588
0.1744933 0.7704729 0.002803683 0.05223007
0.1767942 0.7772587 3.519815e-05 0.04591193
0.1317105 0.8066077 0.004474526 0.0572073
0.1714138 0.7752014 0.03171378 0.02167106
0.1701683 0.77235 0.0503643 0.007117385
0.1760896 0.7722347 0.05018617 0.001489468
0.1666902 0.7842177 0.03617109 0.012921
0.1678662 0.7677511 0.06338945 0.0009932881
0.1730727 0.7713323 0.05445154 0.001143423
0.1682352 0.7750886 0.05410616 0.002569991
0.1586377 0.7721214 0.06663106 0.002609842
0.1730471 0.7731685 0.05374815 3.63031e-05
0.1546094 0.7876952 0.05718785 0.0005076251
0.1853959 0.7656351 0.04858758 0.0003813693
0.1460171 0.8022953 0.04642325 0.005264302
0.162691 0.7695403 0.06484177 0.002926871
0.1659802 0.7761785 0.05471069 0.003130577
0.1715434 0.7558595 0.05295203 0.01964504
0.1484357 0.7940724 0.05138801 0.006103962
0.1641301 0.7858112 0.04939431 0.0006643464
0.1719592 0.7731216 0.05455804 0.0003611654
0.1901583 0.7614624 0.04804433 0.0003349391
0.1660675 0.7874212 0.04610897 0.0004023942
0.1708857 0.7688897 0.0561949 0.004029696
0.1636375 0.7835048 0.0504279 0.002429821
0.1827731 0.7658004 0.04631527 0.005111245
0.1392958 0.7986908 0.05234311 0.009670243
0.142114 0.7912727 0.05112183 0.01549141
0.1646666 0.7722048 0.06182115 0.001307428
0.1499379 0.7839669 0.05376432 0.01233089
0.1575905 0.7994775 0.04136174 0.001570238
0.1680681 0.7676969 0.04974604 0.01448897
0.1615734 0.7927814 0.0346931 0.01095206
0.1587483 0.7799342 0.06096412 0.000353459
0.1741285 0.7780415 0.04455917 0.003270844
0.1628517 0.7849638 0.0501046 0.002079913
0.1596104 0.7848575 0.05261022 0.002921889
0.1403983 0.7886209 0.06080747 0.01017327
0.1669264 0.7765585 0.05315294 0.003362159
0.1635913 0.7864559 0.04954493 0.0004078286
0.1271054 0.7842029 0.05040138 0.0382903
0.1440257 0.7907993 0.04249309 0.02268199
0.1616894 0.7858216 0.04943888 0.003050153
0.1667417 0.7809771 0.04901849 0.003262673
0.1505284 0.7964978 0.05242721 0.00054663
0.1587734 0.7883005 0.0485792 0.004346902
0.180895 0.7732123 0.0450994 0.0007933376
0.1615182 0.787244 0.05106492 0.0001728771
0.1662675 0.7778568 0.05244316 0.003432524
0.1600484 0.791301 0.04496638 0.003684145
0.1584073 0.7818627 0.05830496 0.001425072
0.1813795 0.7676489 0.04888221 0.002089451
0.1881853 0.7644841 0.04642254 0.0009080679
0.1578577 0.7820743 0.05560663 0.004461382
0.1569934 0.7770319 0.06533841 0.0006362852
0.169071 0.7742387 0.0455287 0.01116163
0.1519106 0.7849376 0.05683709 0.006314787
0.1688991 0.7773683 0.051168 0.002564614
0.1451619 0.7927458 0.05849373 0.003598636
0.1408191 0.8022531 0.05037646 0.006551315
0.1719715 0.766311 0.06083842 0.0008790576
0.1779211 0.7704456 0.04970381 0.001929502
0.1581117 0.7798749 0.05790242 0.004110955
0.1715536 0.7812582 0.04633734 0.0008508911
0.1586542 0.7962046 0.04056559 0.004575626
0.1593766 0.7882534 0.05090273 0.001467273
0.1668224 0.78123 0.04937669 0.002570909
0.1662538 0.7724097 0.05823698 0.003099483
0.1846446 0.7460958 0.06207815 0.007181501
0.1751374 0.7700516 0.05362071 0.001190251
0.1656128 0.7747132 0.05890703 0.0007669271
0.1578544 0.7890521 0.04977736 0.003316135
0.1579992 0.7815181 0.06001972 0.0004629478
0.1694177 0.7805623 0.04827226 0.001747814
0.1615523 0.790581 0.04749714 0.0003695994
0.1989646 0.7371507 0.05836322 0.005521427
0.1731723 0.766647 0.05402543 0.006155271
0.1428554 0.7872739 0.04597625 0.0238945
0.1268895 0.7888104 0.05038548 0.03391467
0.1373328 0.7743549 0.05957669 0.02873562
0.1154412 0.7758031 0.05028672 0.05846892
0.1126679 0.7570527 0.0626876 0.06759182
0.113899 0.7932741 0.04838818 0.04443871
0.119179 0.778389 0.04706635 0.05536564
0.1391648 0.7645262 0.06571356 0.03059542
0.1050268 0.784361 0.06285183 0.04776035
0.1296553 0.7647813 0.05106816 0.05449521
0.1475775 0.7938819 0.04606272 0.01247781
0.1645236 0.7803894 0.05234197 0.002744958
0.1700469 0.7701055 0.05931339 0.0005341961
0.1524158 0.7836895 0.05989105 0.004003695
0.1532547 0.7730007 0.06330622 0.01043838
0.1495158 0.7775567 0.06302717 0.00990033
0.1705954 0.7773767 0.05114318 0.0008847579
0.178843 0.7596859 0.05872209 0.002748985
0.1564164 0.7963837 0.04211077 0.005089162
0.1495908 0.7919471 0.05549419 0.002967889
0.1599368 0.7890122 0.05044724 0.0006037456
0.1603458 0.7812053 0.05760789 0.0008410281
0.1677759 0.7679173 0.06059379 0.003712972
0.156542 0.7809943 0.05000248 0.01246116
0.1677086 0.7802421 0.0444697 0.007579577
0.1719343 0.7783211 0.04852871 0.001215924
0.1486808 0.7848572 0.06631553 0.0001464489
0.174563 0.7703954 0.05306267 0.001978981
0.1837066 0.7559535 0.05736947 0.002970464
0.1665485 0.7776935 0.05362206 0.002135934
0.1673954 0.7834355 0.04860295 0.0005661381
0.1610389 0.7708511 0.06272744 0.005382601
0.1358707 0.8025724 0.06151457 4.229723e-05
0.175713 0.7690465 0.02671302 0.0285275
0.1602635 0.780955 0.04732526 0.01145627
0.1535919 0.7779183 0.03920782 0.02928205
0.1526715 0.7689247 0.05473524 0.02366849
0.1639689 0.7701632 0.06351119 0.00235672
0.1663308 0.7824353 0.04417474 0.007059214
0.1840535 0.7617331 0.0529472 0.001266201
0.1640556 0.7837437 0.05092491 0.001275776
0.1704815 0.7753437 0.04737989 0.006794856
0.1444186 0.7857896 0.05735693 0.01243484
0.1699068 0.777728 0.05207117 0.0002940155
0.1662582 0.7841214 0.04825543 0.001364946
0.1469483 0.7896198 0.05808085 0.005350962
0.1689429 0.7701436 0.05643722 0.004476325
0.1747262 0.7655565 0.04840756 0.01130977
0.1485567 0.7883326 0.060542 0.002568735
0.161189 0.7740012 0.05960476 0.005205018
0.1809168 0.7650934 0.05128463 0.002705185
0.1427792 0.7982802 0.05007017 0.008870363
0.1733536 0.7791998 0.04664546 0.0008011195
0.1705855 0.7683939 0.05352989 0.007490631
0.1649417 0.7764011 0.05181622 0.006841016
0.1618344 0.7760823 0.05468055 0.007402807
0.1565296 0.7873651 0.05489743 0.001207842
0.1405933 0.8119752 0.03766682 0.009764733
0.1443246 0.8022159 0.05286512 0.0005943856
0.1702934 0.7786668 0.05012939 0.0009104364
0.1781183 0.7663835 0.0423253 0.01317281
0.1530796 0.7870755 0.05776854 0.002076364
0.1567201 0.7696797 0.07161918 0.001980943
0.1582974 0.7898045 0.0400983 0.01179981
0.175025 0.7506776 0.065041 0.009256391
0.1656143 0.7711039 0.04950617 0.01377565
0.1482567 0.8023011 0.04662631 0.002815962
0.1396949 0.7861706 0.06981418 0.00432027
0.165453 0.7564468 0.06887888 0.009221359
0.1641097 0.7848822 0.04704947 0.003958552
0.1474278 0.7800135 0.06108604 0.01147266
0.1550598 0.7887314 0.05618694 2.185827e-05
0.161902 0.782811 0.0516281 0.003658876
0.176769 0.7632071 0.05495195 0.00507195
0.1559055 0.7973391 0.04572079 0.001034612
0.1702657 0.7838751 0.04253201 0.003327144
0.1670065 0.7817014 0.05126682 2.523776e-05
0.156872 0.7911112 0.04962555 0.002391286
0.1654961 0.7870273 0.04729695 0.0001796461
0.1599339 0.7838593 0.05615401 5.285086e-05
0.1682233 0.7659749 0.06528384 0.0005178864
0.1727349 0.7651591 0.05833014 0.003775803
0.154071 0.7886302 0.05353886 0.003759895
0.1777862 0.7561959 0.06549716 0.000520721
0.1484193 0.7868603 0.05702486 0.007695523
0.1590887 0.7860724 0.05246719 0.002371755
0.1575987 0.7935358 0.04867 0.0001955014
0.1603436 0.7747465 0.06177226 0.003137658
0.1719448 0.764806 0.05398673 0.009262433
0.1717245 0.7795842 0.04741258 0.001278737
0.1695843 0.7516093 0.06518194 0.01362448
0.184781 0.7627302 0.05123088 0.001257896
0.1623907 0.7786395 0.05097066 0.00799908
0.155499 0.8023737 0.0412155 0.000911752
0.1600046 0.7752535 0.06435161 0.0003903083
0.1612561 0.766127 0.0547652 0.01785172
0.1944054 0.7402238 0.05891373 0.006457061
0.1573873 0.7918046 0.05021832 0.0005897354
0.1578842 0.7803566 0.05955437 0.002204753
0.1770948 0.7697514 0.05139116 0.001762645
0.1595244 0.7714689 0.06475779 0.00424894
0.171756 0.7695763 0.05247408 0.00619359
0.1552015 0.79572 0.04772867 0.001349888
0.1333321 0.7856264 0.06283579 0.01820567
0.1699 0.7704229 0.05172387 0.007953255
0.1705537 0.7782488 0.05045275 0.0007448028
0.1700883 0.7730965 0.05268427 0.004130914
0.1660572 0.7508062 0.06825303 0.01488356
0.144922 0.7941463 0.06090475 2.695702e-05
0.1556373 0.7814327 0.06242193 0.000508137
0.1533962 0.7930256 0.05250992 0.001068232
0.1494757 0.7843277 0.06526919 0.0009273813
0.1565568 0.7860715 0.05652153 0.0008502634
0.1620324 0.7725408 0.05720727 0.008219523
0.1899493 0.7473889 0.06060083 0.002060983
0.1598969 0.7658066 0.07060702 0.003689468
0.16456 0.7780218 0.05051298 0.006905274
0.1629792 0.7711509 0.0584248 0.007445137
0.1535047 0.7879754 0.05836773 0.0001522489
0.1527833 0.77628 0.06185866 0.009078046
0.1616486 0.7744797 0.06218709 0.00168463
0.1741011 0.7573447 0.06826198 0.0002921782
0.1683074 0.7718814 0.05569967 0.004111596
0.1526872 0.7843161 0.04858826 0.01440849
0.153266 0.7972658 0.04745319 0.002015057
0.1726397 0.7712362 0.05577414 0.0003498691
0.1555088 0.7776193 0.06379688 0.003075026
0.1723701 0.7585761 0.06210077 0.006952971
0.2008242 0.7366348 0.06059267 0.001948354
0.1628822 0.7763715 0.05867786 0.002068412
0.1455842 0.7773231 0.06125229 0.01584047
0.157517 0.782674 0.04958574 0.01022321
0.1738806 0.7539364 0.05229877 0.01988416
0.1531706 0.7834983 0.05731352 0.006017621
0.1818161 0.7582231 0.0597049 0.0002558761
0.1475044 0.7861305 0.04364864 0.02271639
0.158596 0.7797446 0.05949297 0.002166429
0.1603463 0.7729235 0.06635988 0.0003702549
0.1739907 0.7736455 0.0517587 0.0006050594
0.1915007 0.7546261 0.0502178 0.003655417
0.1557976 0.7853369 0.05367976 0.005185672
0.1513166 0.7781505 0.06944634 0.001086566
0.1828435 0.7588335 0.05642382 0.001899103
0.1916636 0.7469361 0.0557597 0.005640692
0.1789874 0.7698167 0.04483365 0.006362242
0.1631484 0.7923267 0.03683266 0.007692255
0.1489857 0.7969364 0.05118777 0.002890052
0.1571193 0.7922886 0.04952054 0.00107151
0.1595893 0.7965045 0.04286922 0.001036925
0.1740399 0.7667028 0.05804467 0.001212557
0.172445 0.7692507 0.05455345 0.003750872
0.1526014 0.7886471 0.05313988 0.005611693
0.1643644 0.7877118 0.0470214 0.0009024421
0.159424 0.795996 0.04451699 6.300826e-05
0.1435543 0.8037073 0.05225579 0.0004825574
0.152977 0.7882793 0.05292391 0.005819833
0.1725796 0.7667461 0.05025768 0.01041659
0.1439625 0.7915721 0.0605904 0.003875054
0.1492631 0.8070921 0.04353234 0.0001124557
0.1690228 0.7484481 0.05449935 0.02802981
0.1641304 0.7477759 0.06299363 0.02510007
0.1676801 0.7554022 0.06444025 0.01247743
0.1459784 0.793959 0.05622091 0.003841701
0.1595367 0.777649 0.05862719 0.004187051
0.1653261 0.7838864 0.04759355 0.003193912
0.1571206 0.7704632 0.06169645 0.01071973
0.1695178 0.7631953 0.06002484 0.007262091
0.1730497 0.7682642 0.0496387 0.009047419
0.1611146 0.7648218 0.06557 0.0084936
0.1773006 0.7682015 0.05263485 0.001863094
0.1359887 0.8060434 0.05632763 0.001640224
0.1684671 0.7790343 0.03928857 0.01321004
0.1514449 0.7916951 0.05596034 0.0008997077
0.164996 0.7717254 0.06243561 0.0008429565
0.1683266 0.7688674 0.06099885 0.001807192
0.1674892 0.7800808 0.050331 0.002099018
0.1919729 0.7670939 0.03886677 0.002066386
0.1477886 0.7945861 0.05114571 0.006479527
0.1531161 0.7927196 0.05386665 0.0002976916
0.150863 0.7891914 0.05937847 0.0005670901
0.1471432 0.8002442 0.04963018 0.002982439
0.1529335 0.793776 0.0481584 0.005132126
0.1677911 0.7676807 0.05769968 0.006828501
0.1497827 0.7920098 0.05010867 0.008098846
0.1531593 0.8041493 0.04241917 0.0002722868
0.1635378 0.7859729 0.04946843 0.001020859
0.1599676 0.77495 0.06258882 0.002493582
0.1666343 0.7677998 0.0486019 0.016964
0.1754284 0.7554756 0.06563825 0.003457687
0.1687517 0.7713584 0.05605163 0.003838327
0.1586 0.7743326 0.05600016 0.01106726
0.163147 0.7608647 0.06351611 0.01247224
0.1927805 0.7756369 0.03003754 0.001545062
0.1874838 0.7490951 0.05768387 0.005737222
0.1476588 0.8025322 0.04732599 0.002483049
0.1763662 0.7675932 0.04771135 0.008329289
0.1531403 0.7791138 0.0598702 0.007875735
0.1992729 0.7408627 0.05505582 0.00480861
0.1538862 0.7763214 0.06590588 0.003886609
0.1500495 0.7886166 0.06003094 0.001302984
0.1506002 0.7893442 0.05958288 0.0004727206
0.1637942 0.7829669 0.04794685 0.00529207
0.1641634 0.7794115 0.05469266 0.001732468
0.1716132 0.7724613 0.05435884 0.001566673
0.1691685 0.7829906 0.04439826 0.003442695
0.1565575 0.7698927 0.06112029 0.01242944
0.164187 0.7825792 0.05290091 0.0003329108
0.1745071 0.7652259 0.05456125 0.005705769
0.1596293 0.7808153 0.05589825 0.003657235
0.155655 0.778456 0.06146589 0.004423126
0.1607161 0.7798064 0.05787074 0.001606763
0.1568412 0.7840395 0.05517283 0.00394653
0.1382197 0.8124751 0.04835896 0.0009462839
0.1823848 0.7521314 0.05587458 0.009609177
0.1541901 0.7770276 0.06726029 0.00152198
0.1566223 0.7755991 0.06697454 0.0008041116
0.1659057 0.7659745 0.06117694 0.006942825
0.1720515 0.7634968 0.06437105 8.065921e-05
0.1778795 0.7679668 0.05020063 0.003953023
0.1648367 0.7645807 0.05458945 0.01599314
0.1648217 0.769753 0.06235209 0.00307315
0.1427507 0.7948467 0.05863397 0.003768687
0.1641039 0.783622 0.04079169 0.01148242
0.1596796 0.7826101 0.05672204 0.0009882638
0.1674472 0.7694437 0.04945026 0.01365887
0.1317631 0.8045422 0.06286095 0.0008337836
0.1684201 0.7666117 0.05948988 0.005478338
0.1602661 0.7820402 0.05391128 0.0037824
0.1723957 0.761662 0.05628375 0.009658486
0.1717644 0.7729895 0.05267253 0.002573608
0.1356083 0.7963994 0.05875682 0.009235525
0.1575348 0.7813642 0.05185906 0.009241932
0.1760109 0.7730656 0.0426603 0.008263263
0.1403236 0.8017773 0.05694874 0.0009503842
0.1598717 0.7770726 0.06010371 0.002952032
0.1685192 0.7630428 0.06234512 0.006092885
0.1873666 0.7518707 0.05682332 0.003939365
0.1645086 0.7678276 0.06021076 0.007452995
0.1818934 0.7587444 0.04438208 0.01498007
0.1784565 0.7573299 0.05184714 0.01236644
0.1584887 0.7843042 0.04758889 0.009618203
0.1761754 0.7559164 0.05499405 0.0129142
0.1746717 0.7802807 0.0445324 0.0005152226
0.1542059 0.7829461 0.05993135 0.0029167
0.1692094 0.762592 0.06586136 0.002337171
0.1745227 0.7780298 0.04450399 0.002943596
0.1604569 0.7911937 0.0461531 0.002196366
0.1693943 0.7744346 0.05454984 0.001621201
0.158329 0.7932525 0.04771186 0.0007065709
0.1439748 0.8037752 0.05105214 0.001197878
0.1517847 0.7738511 0.06254508 0.0118191
0.1757147 0.7603239 0.05423334 0.009728025
0.1609658 0.7825255 0.05604231 0.0004663936
0.1701639 0.7825693 0.04701821 0.0002486465
0.1849933 0.7644347 0.04072627 0.009845669
0.1592019 0.7945098 0.04626177 2.65548e-05
0.1663583 0.7742961 0.05084092 0.008504689
0.1589865 0.7882822 0.04836095 0.004370284
0.1754713 0.7658625 0.05675538 0.001910751
0.1717391 0.7666526 0.05870633 0.00290195
0.1452844 0.7969307 0.05098092 0.006803972
0.1726979 0.773971 0.02001674 0.03331443
0.1501658 0.7877518 0.06117564 0.0009066797
0.1427954 0.813731 0.04237617 0.001097453
0.1824997 0.7534527 0.06075178 0.00329578
0.1532387 0.78831 0.04618711 0.01226416
0.1485877 0.8000484 0.0504852 0.0008787004
0.1529759 0.7759948 0.06754738 0.003481864
0.1656689 0.7791861 0.05295403 0.002191011
0.1591349 0.7675263 0.05933556 0.01400327
0.1451657 0.8083737 0.04173534 0.004725229
0.1360754 0.8067438 0.05474424 0.002436528
0.1631462 0.7815423 0.05478708 0.0005244604
0.1321049 0.7944597 0.05772328 0.01571205
0.1718993 0.775017 0.05284519 0.0002385017
0.1509252 0.7913333 0.05414379 0.003597704
0.1526441 0.7924658 0.05362238 0.001267662
0.1672887 0.7667523 0.06438353 0.001575427
0.16449 0.7739453 0.05745567 0.004109084
0.1718776 0.7556562 0.07243489 3.133625e-05
0.1618495 0.7734317 0.01068488 0.05403392
0.1529524 0.7832003 0.001675669 0.06217164
0.1490183 0.7999978 0.005251258 0.04573267
0.1833107 0.7607029 0.001741175 0.05424519
0.1559581 0.7961499 0.001891098 0.04600094
0.1537682 0.7860832 0.006015972 0.05413254
0.1578936 0.7795831 0.001364513 0.06115884
0.1849919 0.7355992 0.002634636 0.07677432
0.1561743 0.7927843 0.0002971835 0.05074421
0.1466062 0.80366 0.01212706 0.03760672
0.1701469 0.7761397 0.003577469 0.05013594
0.1616341 0.7818211 0.0005877698 0.05595704
0.1607596 0.7834231 0.003865838 0.05195148
0.1507924 0.7957854 0.001341312 0.05208097
0.1745778 0.7744031 0.0001399795 0.05087914
0.1562117 0.7952965 0.003060064 0.04543176
0.167743 0.7774001 0.007851451 0.04700545
0.1563919 0.785961 0.007811568 0.04983546
0.1721177 0.7761639 0.003578094 0.04814039
0.1616263 0.7749459 0.002460896 0.0609669
0.1717181 0.7770527 0.001560222 0.04966897
0.1882464 0.752989 0.001863348 0.05690117
0.1782319 0.7704907 0.0007877782 0.05048967
0.1605134 0.7839469 0.004947829 0.05059189
0.1965954 0.7498128 0.002357235 0.05123456
0.1853352 0.7652895 0.0009200799 0.04845526
0.1585489 0.7799738 0.002454968 0.05902235
0.1636603 0.789127 0.001651634 0.04556108
0.1660795 0.7602788 0.01775127 0.05589044
0.1725654 0.7706991 0.003306028 0.0534295
0.1536593 0.7783715 0.01119176 0.05677747
0.1816524 0.7446374 0.02019464 0.05351549
0.1543345 0.7748875 0.009123075 0.06165499
0.1511379 0.775566 0.01314797 0.06014812
0.1451885 0.803376 0.001448257 0.04998721
0.1538854 0.7834762 0.01130085 0.05133751
0.1751803 0.7746115 0.004439661 0.04576853
0.1504854 0.7935387 0.009296953 0.04667893
0.1651443 0.7592165 0.006150477 0.06948869
0.1518329 0.7717251 0.0159267 0.06051522
0.1425237 0.8095849 0.004028173 0.04386324
0.1480437 0.7973401 0.001193415 0.05342278
0.1499164 0.7865495 0.01092403 0.05261012
0.1310929 0.8072412 0.0008506388 0.06081528
0.1606646 0.7749845 0.01465635 0.0496946
0.1762076 0.7571022 0.02433392 0.04235625
0.1774494 0.7678744 0.01796943 0.03670675
0.1563325 0.7527045 0.03663336 0.05432966
0.1551839 0.7768359 0.004304952 0.06367528
0.1646934 0.7734826 0.005833447 0.05599052
0.1371774 0.809468 0.00235856 0.05099606
0.1608626 0.7733956 0.001443288 0.0642986
0.1678753 0.7871626 0.002715594 0.0422465
0.1486029 0.804419 0.002416131 0.04456205
0.1736372 0.7617565 0.01234137 0.05226498
0.1953403 0.7603042 0.0001485074 0.044207
0.185183 0.7653781 0.004877708 0.04456121
0.1802633 0.7592001 0.01043912 0.05009753
0.1677146 0.7750804 5.717867e-05 0.05714776
0.1655959 0.7927756 0.0007835904 0.04084484
0.1594549 0.787768 0.0005632134 0.05221389
0.1576409 0.7741095 0.004729443 0.0635202
0.1689237 0.7766418 0.0006731298 0.05376145
0.1876138 0.753586 0.003761737 0.05503842
0.191946 0.7542049 0.0004474603 0.05340158
0.1485436 0.792671 0.01581543 0.04297
0.1572125 0.7787663 0.003330864 0.06069032
0.1483542 0.7804771 0.0008062704 0.07036243
0.1645591 0.7738542 0.003955979 0.0576307
0.1650803 0.782467 0.004337905 0.04811473
0.1723701 0.7721951 0.001743638 0.05369117
0.1405234 0.7980643 0.0006116127 0.06080071
0.1604826 0.7702527 0.000930524 0.06833412
0.1504825 0.7965204 0.001580682 0.05141644
0.1570196 0.7706653 0.0123688 0.0599463
0.1543532 0.7691827 0.009020349 0.06744376
0.1460164 0.7828213 0.005099442 0.06606286
0.1661187 0.782368 0.002028004 0.04948526
0.1192205 0.8176102 0.00727919 0.05589005
0.1538567 0.7951523 0.003636766 0.04735423
0.1836308 0.765363 0.003866009 0.04714016
0.1670105 0.7774319 0.003101305 0.05245631
0.1952432 0.7554058 0.0003384681 0.04901259
0.167566 0.7793088 0.0003577758 0.05276741
0.1555272 0.7842032 0.001766639 0.05850289
0.1950314 0.7446613 0.00157986 0.05872741
0.1877232 0.7580864 0.001573604 0.05261681
0.1795252 0.7687528 0.0005996433 0.05112233
0.162212 0.7787528 0.001809577 0.05722564
0.1595253 0.7795302 0.006987882 0.05395659
0.1567511 0.7807445 0.0002010989 0.0623033
0.1506915 0.7937597 0.005901665 0.0496471
0.1740584 0.7635332 0.006918329 0.05549013
0.1607974 0.7783334 0.001202424 0.05966676
0.1630807 0.7632351 0.002349928 0.07133426
0.191388 0.7409134 0.01099172 0.05670689
0.1388281 0.7984719 0.01119759 0.05150239
0.1673633 0.7826776 0.0001307113 0.04982841
0.1718314 0.7750875 0.0001200976 0.05296102
0.1909484 0.7628233 0.007085659 0.03914262
0.1571764 0.7668583 0.0008889673 0.07507635
0.1750554 0.7714454 0.003943959 0.04955528
0.1571858 0.7750677 0.0006294185 0.06711708
0.1643036 0.770145 0.0006680938 0.06488332
0.1788848 0.7602782 0.005734997 0.05510204
0.1687376 0.7678922 0.006621347 0.05674885
0.1395136 0.7977965 0.001312057 0.06137792
0.1734589 0.76372 0.006191557 0.05662958
0.1418015 0.8026175 0.002843602 0.05273743
0.1655445 0.7886707 0.001941634 0.04384313
0.1706728 0.7641837 0.008511466 0.05663206
0.186479 0.7510632 0.008999864 0.05345796
0.1579184 0.7677733 0.008326769 0.06598148
0.1720043 0.7771028 0.001395247 0.04949772
0.1784131 0.7670694 0.0004716341 0.05404593
0.1460245 0.7941147 0.007878968 0.05198186
0.1764098 0.7566617 0.008757872 0.05817063
0.1534067 0.7871258 0.003899087 0.0555684
0.1790519 0.759745 0.01128726 0.04991583
0.1714521 0.7754385 7.515202e-05 0.05303432
0.1441524 0.7876092 4.735398e-05 0.06819112
0.1654355 0.7801894 0.00335205 0.05102307
0.1544166 0.7890337 0.003389043 0.05316071
0.1514301 0.793535 0.005414577 0.04962029
0.1472737 0.7998209 0.01188531 0.04102004
0.1495834 0.776056 0.009208969 0.06515163
0.1636764 0.7876358 0.0009119509 0.04777584
0.1515483 0.7618596 0.02467532 0.06191676
0.1590192 0.7770068 0.003113859 0.06086008
0.1701664 0.7686641 0.0003147994 0.06085465
0.1610968 0.7799118 7.354976e-05 0.05891786
0.1656718 0.7820117 0.0001699505 0.05214657
0.1614111 0.7760836 0.01216176 0.05034352
0.1584456 0.7877728 0.01753638 0.03624527
0.1508763 0.7890939 0.001570058 0.05845976
0.1672212 0.7566831 0.02258899 0.05350675
0.1723168 0.7704702 0.00238541 0.05482756
0.1767415 0.7854862 0.001440513 0.03633176
0.1570272 0.7891643 0.001663929 0.05214458
0.1449916 0.7954459 0.008168799 0.05139369
0.1573965 0.770536 0.006549626 0.06551787
0.1455856 0.8064471 0.0003899415 0.04757733
0.1498815 0.8038497 0.0007902408 0.04547857
0.1630337 0.784836 0.005262375 0.04686799
0.176195 0.7599748 0.01021214 0.05361813
0.1875422 0.7663552 0.001471624 0.04463101
0.1720885 0.7765503 0.002435026 0.04892615
0.1624074 0.784504 0.001596506 0.05149213
0.1721858 0.7640253 0.01174677 0.0520421
0.1705186 0.7753316 0.007297249 0.04685252
0.160596 0.7822149 0.006743178 0.05044591
0.1637511 0.7849933 0.006061862 0.04519368
0.1695076 0.7783087 0.002458902 0.0497248
0.153233 0.8034052 0.002804143 0.04055769
0.1754693 0.7624089 0.006328064 0.05579377
0.1611355 0.7752558 0.01154726 0.05206145
0.1522773 0.7826533 0.01340294 0.05166638
0.1724703 0.7830967 0.009082259 0.03535069
0.1687294 0.7673839 0.002381408 0.06150528
0.1658329 0.7861684 0.001620309 0.0463784
0.1660327 0.7726131 0.00757159 0.05378261
0.1787626 0.7564859 0.00174303 0.06300844
0.1566142 0.7954995 0.001385659 0.04650058
0.1723791 0.7705727 0.0116888 0.04535945
0.1770798 0.7655039 0.01629943 0.04111688
0.1600431 0.7736527 4.028056e-05 0.06626389
0.1579887 0.7862523 0.0009167906 0.05484221
0.1980664 0.7487023 0.006182511 0.04704886
0.1489603 0.8076411 0.0004902012 0.04290834
0.1696362 0.7876476 7.757338e-05 0.04263865
0.167228 0.7773133 0.00026474 0.05519396
0.1649252 0.7695415 0.01075958 0.05477368
0.1334948 0.7926821 0.004224538 0.06959855
0.1528765 0.7931154 0.003736381 0.05027164
0.1702994 0.7760978 0.004135642 0.04946714
0.1617805 0.7668288 0.01654712 0.05484358
0.1721232 0.7713674 0.001710256 0.05479913
0.1533207 0.7879077 0.005335748 0.05343582
0.1680432 0.7648581 0.001863392 0.06523529
0.1543614 0.7861001 0.01311084 0.04642764
0.1703925 0.7710428 0.006398488 0.05216625
0.1539745 0.7877395 0.02065953 0.03762644
0.199557 0.7528189 0.01891749 0.02870664
0.1457502 0.8046121 0.02394521 0.02569245
0.1732278 0.7726853 0.03239484 0.02169205
0.1726016 0.7672411 0.02028878 0.03986846
0.1571593 0.7970461 0.0006550043 0.04513959
0.1547944 0.7932731 0.000505461 0.05142706
0.1691186 0.7803852 0.003977398 0.04651872
0.1542323 0.7630753 0.01957691 0.06311558
0.1535378 0.7879013 0.01233491 0.04622597
0.1526243 0.7996826 0.001321515 0.04637158
0.144186 0.7613037 0.04282655 0.05168382
0.1517508 0.7422807 0.05682456 0.04914397
0.1515205 0.7930399 0.00884032 0.04659927
0.1681429 0.7614147 0.004414604 0.06602783
0.1769554 0.7612515 0.007466721 0.05432639
0.1783022 0.764221 0.005239907 0.05223682
0.181334 0.7585635 0.0004563457 0.05964616
0.1333844 0.8103238 0.001604939 0.0546869
0.153983 0.800645 0.0009992894 0.04437274
0.1806107 0.7604876 0.0001689376 0.05873271
0.1519065 0.7880536 0.003166918 0.05687299
0.1860373 0.7574165 0.001835793 0.0547104
0.1615936 0.7776844 0.0001667584 0.06055529
0.1363548 0.7890939 0.0003648182 0.07418649
0.1800466 0.7680512 0.00058706 0.05131521
0.1917769 0.7479641 0.002246613 0.0580124
0.1777517 0.7711901 0.005290918 0.04576725
0.1252401 0.8118457 0.005913941 0.05700027
0.1825907 0.7422949 0.0002818519 0.07483254
0.180672 0.7616046 0.001871541 0.05585182
0.1550308 0.801916 0.002934286 0.04011893
0.1497597 0.7887158 0.002366999 0.05915746
0.1643832 0.7773061 0.002508276 0.05580247
0.1434193 0.7939315 0.002231107 0.06041811
0.1748 0.7716557 0.002479285 0.05106504
0.1919175 0.7521855 0.001292735 0.05460425
0.1847267 0.7612139 8.514285e-05 0.05397425
0.149818 0.7971187 0.004977286 0.04808596
0.1629982 0.7765179 0.001303273 0.05918055
0.1582482 0.7887948 5.574049e-05 0.05290127
0.1394954 0.7940648 0.0007049718 0.06573481
0.1660192 0.7761443 0.001660372 0.05617609
0.1709423 0.7818488 0.001661787 0.04554717
0.1410399 0.8029767 4.592077e-05 0.05593746
0.1673387 0.7838189 0.005561251 0.0432812
0.1561483 0.7733806 0.001674609 0.06879647
0.1576145 0.7888205 0.002249 0.05131597
0.1503733 0.79092 0.002602276 0.05610441
0.1606591 0.7910455 0.0001243446 0.04817107
0.1763611 0.754173 0.02568709 0.04377883
0.1841721 0.764766 0.001958465 0.04910341
0.1690688 0.7702581 0.001235252 0.05943778
0.1532329 0.7979554 0.0002295219 0.04858218
0.1645334 0.7777784 0.006570547 0.05111769
0.1551769 0.7899372 0.00404097 0.05084489
0.1464348 0.7709175 0.0225138 0.0601339
0.1952108 0.754546 0.009734701 0.04050856
0.1587753 0.7882204 0.0008963942 0.05210787
0.1761638 0.7682817 0.001373327 0.05418118
0.1757123 0.763818 0.004182216 0.05628744
0.1486758 0.7996175 0.001724342 0.04998239
0.1554938 0.7848688 0.008575443 0.05106191
0.1569186 0.7683417 0.01406649 0.06067313
0.1767983 0.7723441 0.001807838 0.04904974
0.1693519 0.7826696 0.007053657 0.04092483
0.1601596 0.7820831 0.00158722 0.05617011
0.1591442 0.7798445 0.01643527 0.04457605
0.1699339 0.7858746 0.003215501 0.04097599
0.1785629 0.7612081 0.01074763 0.04948139
0.1429267 0.7800535 0.02333804 0.05368177
0.1351394 0.8020384 0.0135203 0.04930186
0.1413899 0.7999275 0.001749962 0.05693267
0.1528886 0.7971202 0.0003002369 0.04969097
0.1746382 0.773484 0.0003156208 0.05156219
0.1738892 0.7790572 0.000751805 0.0463018
0.1626063 0.7761856 0.007114609 0.05409347
0.1627017 0.7878079 0.002783282 0.0467071
0.1540009 0.7904859 0.005777822 0.04973535
0.1663568 0.7785834 0.002071225 0.05298855
0.172707 0.7779577 0.002800005 0.04653527
0.1654094 0.7751614 0.004626717 0.05480243
0.1591042 0.7684822 0.0005697247 0.07184385
0.1589461 0.775274 0.005398473 0.06038142
0.1512911 0.7857006 0.008485582 0.05452268
0.1736372 0.7712042 0.001693157 0.05346552
0.1474697 0.7835551 0.0006213451 0.06835381
0.1558264 0.7710561 0.006180319 0.0669372
0.1489465 0.7962222 0.0001035844 0.05472765
0.1452722 0.7823007 0.007770772 0.0646563
0.1417439 0.7905879 0.0006005616 0.06706766
0.1828343 0.7621952 0.001718214 0.05325227
0.1622603 0.7768776 0.00525789 0.05560423
0.1831786 0.7625674 0.005161666 0.04909232
0.1589641 0.775552 0.0161434 0.0493405
0.155253 0.7932045 0.002153372 0.04938915
0.1474731 0.794825 0.002490587 0.05521125
0.1535831 0.7775723 0.01044053 0.05840407
0.1429512 0.800754 0.00887303 0.04742178
0.1665205 0.7791456 0.001667843 0.05266604
0.1813934 0.768933 0.002822252 0.04685131
0.154258 0.797678 0.004258835 0.04380517
0.1805443 0.7557735 0.004536096 0.05914609
0.157844 0.780754 0.001506099 0.05989591
0.1761127 0.7588368 0.003463317 0.06158727
0.1710028 0.7659561 0.0056778 0.05736332
0.1570943 0.7814556 0.006292355 0.05515773
0.1530837 0.7797943 0.008990531 0.05813144
0.1592211 0.79002 0.0007837053 0.04997519
0.1747059 0.7776636 6.845524e-05 0.04756207
0.1545595 0.7856678 0.00304921 0.05672354
0.1732227 0.7605753 0.005549317 0.0606526
0.1585492 0.7845491 0.004234297 0.05266744
0.1518441 0.7885648 0.001396862 0.05819429
0.1551398 0.786178 0.002865049 0.0558171
0.1477541 0.8001306 0.00106016 0.0510551
0.168895 0.7724349 0.000784238 0.05788592
0.1737647 0.771054 0.005018452 0.05016294
0.1601066 0.7797483 0.006111729 0.05403337
0.1577857 0.7974826 0.004341876 0.04038986
0.1634584 0.7751838 0.004241108 0.05711677
0.1677716 0.7732197 0.001212075 0.05779662
0.1350163 0.7736266 0.0359896 0.05536749
0.07273532 0.7836076 0.09262696 0.05103014
0.1377378 0.7916218 0.005811943 0.06482841
0.1799022 0.7546738 0.0002011272 0.06522279
0.1548443 0.78831 0.0002417998 0.05660389
0.1522674 0.7856072 0.003078321 0.05904709
0.1721459 0.7647795 0.01303321 0.05004134
0.1546366 0.7820821 0.002071153 0.06121018
0.1512368 0.780023 0.002345054 0.0663952
0.1722853 0.7645621 0.007225087 0.0559275
0.1642828 0.7666782 0.0009296513 0.06810936
0.1759133 0.7790453 0.004935891 0.04010555
0.1649431 0.7739183 0.002523911 0.05861469
0.1505016 0.8017263 0.0002049831 0.04756712
0.1685599 0.7650591 0.005661912 0.06071917
0.1563394 0.7936622 0.002201276 0.04779722
0.1752339 0.7649412 0.002764618 0.05706034
0.1825771 0.7695106 0.001406391 0.04650599
0.1563416 0.7802973 0.01237606 0.05098508
