p_1 p_2 p_3 p_4 
0.02217232 0.003897234 0.4038871 0.5700434 
0.0002621348 0.0001809668 0.3380506 0.6615063 
0.0054303 0.003798603 0.2116055 0.7791656 
0.000650941 0.01758982 0.2283841 0.7533752 
0.004549223 0.009401727 0.2256718 0.7603772 
0.006716967 0.004516295 0.3624367 0.62633 
0.005383886 0.006134462 0.3208504 0.6676313 
0.006230707 0.006342772 0.2559512 0.7314754 
0.003112171 0.01359763 0.3072039 0.6760863 
0.003993448 0.004953472 0.3272739 0.6637791 
0.0271858 0.0008394564 0.2520587 0.719916 
0.0007883027 0.005878435 0.2385969 0.7547364 
0.007219451 0.002547312 0.3274481 0.6627852 
0.01078375 0.01346192 0.2800648 0.6956895 
0.0008970643 0.007331467 0.3084028 0.6833686 
0.001113567 0.01964876 0.2705078 0.7087299 
0.005740463 0.0007685015 0.2952467 0.6982444 
0.01457984 0.0007348416 0.2949968 0.6896885 
0.01431532 0.0006893949 0.4135896 0.5714057 
0.0003549656 0.004328075 0.3177398 0.6775772 
0.00381269 0.004743835 0.2565084 0.7349351 
0.01862348 0.003522111 0.2712494 0.706605 
0.002521973 0.01057871 0.2091787 0.7777207 
0.006687454 0.0003327733 0.3757464 0.6172333 
0.000646578 0.01536344 0.3160298 0.6679601 
0.0002500479 0.003245224 0.2704358 0.726069 
0.01740025 0.001484716 0.2321054 0.7490097 
0.01291057 0.005251231 0.2747276 0.7071106 
0.01779304 0.006417508 0.4405257 0.5352637 
0.0006827004 0.003607169 0.3923087 0.6034014 
0.002802412 0.006502293 0.2698699 0.7208253 
0.0006047575 0.004283167 0.4026716 0.5924404 
0.000557262 0.001229465 0.3455254 0.6526879 
0.003760902 0.003632383 0.3034435 0.6891632 
0.002685391 0.01130336 0.2640706 0.7219407 
0.001729767 0.01009269 0.2867721 0.7014054 
0.01129517 0.0239123 0.2322785 0.732514 
0.004459795 0.00121898 0.2436448 0.7506764 
0.005656179 0.0008549392 0.3903861 0.6031028 
0.0221785 0.003983936 0.3298623 0.6439753 
0.005278217 0.006380415 0.3516221 0.6367192 
0.005296709 0.001449847 0.2972793 0.6959741 
0.002172996 0.0287727 0.3306717 0.6383826 
0.01857911 0.006801702 0.2663433 0.7082759 
0.007593886 0.01339678 0.2825896 0.6964198 
0.01054861 0.01323933 0.3895776 0.5866344 
0.003753835 0.0006163667 0.2994675 0.6961623 
0.006277345 0.008179279 0.2787151 0.7068283 
0.003695137 0.008124432 0.2456037 0.7425767 
0.0004797024 0.002677952 0.3095677 0.6872746 
0.01402237 0.0007763493 0.2727192 0.7124821 
0.02138451 0.00693218 0.3112629 0.6604204 
0.01175535 0.002692683 0.2921413 0.6934106 
0.0008349096 0.01252629 0.2946973 0.6919415 
0.004447254 0.007859287 0.3409329 0.6467605 
0.008276189 0.004196565 0.2504248 0.7371024 
0.03120781 0.002033023 0.2405169 0.7262422 
0.001117694 0.009119759 0.3355853 0.6541772 
0.006574197 0.01014578 0.2756669 0.7076131 
0.005154514 0.01053858 0.326856 0.6574509 
0.008971515 0.01720837 0.3982607 0.5755594 
0.03232195 0.006934941 0.2700897 0.6906535 
0.007018725 0.001710128 0.3852347 0.6060365 
0.009325447 0.001885601 0.3117063 0.6770827 
0.001795329 0.005181037 0.3239751 0.6690485 
0.005442055 0.006744673 0.2925602 0.6952531 
0.003019436 0.008407709 0.3415337 0.6470391 
0.01072189 0.009548452 0.2932249 0.6865048 
0.009644387 0.02107632 0.2325472 0.7367321 
0.001070445 0.003583793 0.2375602 0.7577856 
0.01445935 0.01326891 0.2828751 0.6893966 
0.002389743 0.004359662 0.2812613 0.7119893 
0.02284517 0.001041872 0.2438886 0.7322244 
0.007922451 0.01486369 0.299079 0.6781348 
0.001165768 0.0006609195 0.2306168 0.7675565 
0.03184252 0.01096674 0.3837269 0.5734638 
0.01245479 0.0008428974 0.3532488 0.6334535 
0.002894703 0.00206749 0.3376448 0.657393 
0.01384488 0.003675098 0.3294529 0.6530271 
0.008103804 0.0004709323 0.2364962 0.7549291 
0.003830278 0.0009660491 0.3472253 0.6479783 
0.008703347 0.006452892 0.1841616 0.8006822 
0.01027907 0.002475608 0.3517575 0.6354878 
0.001607195 0.004202322 0.4049756 0.5892148 
0.0008739316 0.03004775 0.3525503 0.616528 
0.003263464 0.006268471 0.3478648 0.6426032 
0.0008973458 0.001730288 0.3062809 0.6910915 
0.005220277 0.01380834 0.2857617 0.6952097 
0.009085007 0.00586382 0.2705214 0.7145297 
0.009985457 0.00696747 0.3078281 0.675219 
0.01314982 0.009683491 0.3603935 0.6167732 
0.01460903 0.003235234 0.3153427 0.666813 
0.0004607092 0.0006213221 0.2398183 0.7590997 
0.01010001 0.0009612618 0.2335045 0.7554343 
0.004442301 0.02175964 0.3204076 0.6533905 
0.002247899 0.0004542026 0.3495827 0.6477152 
0.001606967 0.0002901161 0.3279919 0.670111 
0.004643765 0.01141876 0.2396347 0.7443027 
0.01714669 0.003808035 0.212335 0.7667103 
0.02045819 0.003312499 0.4445964 0.5316329 
0.01849693 0.001592476 0.418285 0.5616256 
0.00447262 0.0006831931 0.2405774 0.7542668 
0.0006569152 0.00911878 0.2582758 0.7319485 
0.001994928 0.0007336065 0.3300232 0.6672482 
0.002395572 0.005456359 0.3650291 0.6271189 
0.007853904 0.002051679 0.2459081 0.7441863 
0.001217017 0.0111032 0.2635959 0.7240839 
0.01493456 0.002772562 0.3456496 0.6366433 
0.006294928 0.0004008553 0.3128369 0.6804673 
0.001601763 0.03727046 0.2322619 0.7288659 
0.0003567911 0.01679864 0.2935667 0.6892778 
0.006864126 0.0007072056 0.2504092 0.7420195 
0.01492393 0.001479691 0.3115103 0.6720861 
0.002322087 0.006573566 0.2719381 0.7191663 
0.003135698 0.0009817363 0.286576 0.7093065 
0.009631797 0.01451594 0.3469983 0.6288539 
0.001907096 0.01012107 0.2822847 0.7056872 
0.01393776 0.000777422 0.3329878 0.652297 
0.01936926 0.0005552659 0.2174015 0.762674 
0.006497107 0.01303876 0.2479217 0.7325424 
9.662709e-06 0.01422387 0.2929911 0.6927754 
0.001853641 0.003073507 0.2636344 0.7314384 
0.004546567 0.01326553 0.2747242 0.7074637 
0.002707169 0.004769127 0.2798673 0.7126564 
0.0008039497 0.004783096 0.3311564 0.6632566 
0.002806534 0.002661252 0.3623746 0.6321576 
0.001418177 0.006395371 0.2600272 0.7321593 
0.01852705 0.001198388 0.3157428 0.6645318 
0.002512472 0.0157024 0.3656536 0.6161315 
0.007076744 0.009051954 0.3149316 0.6689397 
0.006468836 0.01294562 0.2139146 0.7666709 
0.009532069 0.02962256 0.2831007 0.6777447 
0.004600573 0.003404061 0.2469238 0.7450716 
0.001597244 0.0002770622 0.2558645 0.7422612 
0.00164131 0.004563528 0.3650009 0.6287942 
0.01794061 0.01383882 0.2644368 0.7037838 
0.008554311 0.002619423 0.3446179 0.6442083 
0.005318491 0.004417201 0.2748658 0.7153985 
0.00295549 0.001703636 0.2963081 0.6990328 
0.0005418933 0.01241459 0.3046867 0.6823568 
0.006535503 0.01326553 0.3155777 0.6646213 
0.0339496 0.01283384 0.1945737 0.7586428 
0.005448374 0.007880174 0.3382424 0.6484291 
0.02222319 0.001888789 0.192323 0.783565 
0.001415772 0.02103663 0.3056887 0.6718589 
0.005745222 0.003395894 0.2902082 0.7006507 
0.0084447 0.0006083018 0.2709807 0.7199663 
0.003788209 0.009102928 0.3577936 0.6293152 
0.0004623764 0.001977576 0.3556019 0.6419581 
0.005597685 0.0003929249 0.274727 0.7192824 
0.00410517 0.001776363 0.3129655 0.681153 
0.003821422 0.002547125 0.3150273 0.6786041 
0.002659464 0.001166402 0.2839366 0.7122375 
0.009466187 0.01742131 0.3185716 0.6545409 
0.005413242 0.0006586589 0.3830346 0.6108935 
0.0027394 0.0008813591 0.4022401 0.5941391 
0.0006225144 0.01800442 0.3098061 0.6715669 
0.01555787 0.003035618 0.2920566 0.6893499 
0.0136483 0.01880445 0.2273814 0.7401659 
0.02098563 0.002664458 0.2686148 0.7077351 
0.01840383 0.001665623 0.276243 0.7036875 
0.001419776 0.001535353 0.3874349 0.60961 
0.002112033 0.0005983397 0.264237 0.7330526 
0.02807509 0.002932949 0.3286354 0.6403565 
0.02087072 0.01387297 0.2740473 0.691209 
0.0115656 0.0006872635 0.3051968 0.6825504 
0.007205877 0.007341513 0.2742385 0.7112141 
0.004328254 0.00400478 0.3126292 0.6790378 
0.008397222 0.003585463 0.2376761 0.7503413 
0.01381065 0.005814352 0.2538799 0.7264951 
0.003335766 0.00268367 0.2921425 0.701838 
0.003016307 0.002539145 0.2747835 0.719661 
0.005271352 0.007407411 0.3822625 0.6050588 
0.002872774 0.0137714 0.2652462 0.7181096 
0.0108684 0.00923457 0.336295 0.6436021 
0.005308277 0.003259549 0.2546665 0.7367656 
0.006055579 0.001855944 0.2649896 0.7270989 
0.0008159489 0.0007894773 0.2680114 0.7303832 
0.002715192 0.001216057 0.3929497 0.6031191 
0.01369525 0.003559364 0.3661459 0.6165995 
0.01545759 0.002645505 0.3077276 0.6741693 
0.003775596 0.003500502 0.324266 0.6684579 
0.001622342 0.007068797 0.4007244 0.5905844 
0.0006600933 0.0009801478 0.2760386 0.7223212 
0.0003255473 0.0002037791 0.2835932 0.7158775 
0.006918652 0.0007570779 0.3201607 0.6721636 
0.005558235 0.004901655 0.3893718 0.6001683 
0.01265321 0.0005681231 0.2939118 0.6928669 
0.0004818047 0.0006440762 0.2729347 0.7259394 
0.001447992 0.0055772 0.278726 0.7142488 
0.00184978 0.007954558 0.3391872 0.6510085 
0.03343469 0.00309478 0.2257662 0.7377043 
0.002308269 0.01559726 0.3565202 0.6255742 
0.004883116 0.00318114 0.2811277 0.710808 
0.01508246 0.003749749 0.207939 0.7732288 
1.152304e-05 0.003114542 0.3582705 0.6386034 
0.01178005 0.004495687 0.2415339 0.7421904 
0.02436871 0.01070496 0.3143657 0.6505606 
0.006624936 0.01935836 0.3418916 0.6321251 
0.006275703 0.001402493 0.2156456 0.7766762 
0.004615134 0.0006830853 0.4849174 0.5097844 
0.00439573 0.01129531 0.2909687 0.6933403 
0.01003739 0.003264317 0.2814062 0.7052921 
0.0038863 1.024356e-05 0.3152979 0.6808056 
0.005272643 0.002228703 0.2043183 0.7881803 
0.01919372 0.01537935 0.3165546 0.6488723 
0.00353267 0.003663773 0.2272004 0.7656031 
0.0001050992 0.001530122 0.2182994 0.7800654 
0.001370509 0.005212988 0.3772176 0.6161989 
0.01424308 0.006785651 0.2226398 0.7563315 
0.002674793 0.002658687 0.3153545 0.6793121 
0.0009671071 0.01206456 0.304525 0.6824434 
0.01137258 0.001889967 0.2403774 0.7463601 
0.01036928 3.15874e-05 0.3489968 0.6406023 
0.004494902 0.008435271 0.2611258 0.725944 
0.0198162 0.01215353 0.248864 0.7191663 
0.004289409 0.00175748 0.3327419 0.6612112 
0.001358093 0.007673669 0.4157556 0.5752127 
0.001680738 0.02461748 0.3147626 0.6589392 
0.01229008 0.007704044 0.2662616 0.7137442 
0.01084159 0.005545362 0.3626333 0.6209798 
0.004384996 0.002356764 0.249731 0.7435272 
0.01780445 0.001984596 0.3981779 0.5820331 
0.005870078 0.01107186 0.3379178 0.6451403 
0.001137572 0.006425503 0.2298763 0.7625607 
0.009388825 0.009263524 0.3544484 0.6268992 
0.0201191 0.01144205 0.245417 0.7230218 
0.003042209 0.0006957154 0.462827 0.5334351 
0.0008905417 0.0009441277 0.2913796 0.7067858 
0.0004037886 0.002281657 0.4052733 0.5920413 
0.000373442 0.009664712 0.3720778 0.617884 
0.007808844 0.005447388 0.2810558 0.705688 
0.01713427 0.0001406984 0.4132289 0.5694962 
0.006956712 0.003977631 0.2689481 0.7201176 
0.00939174 0.00371892 0.2630854 0.7238039 
0.009389606 0.02470726 0.3609607 0.6049425 
0.02650967 0.008423294 0.2496157 0.7154514 
0.001911302 0.005688238 0.2944252 0.6979753 
0.02479246 0.002396045 0.286873 0.6859385 
0.006400428 0.07860889 0.2273225 0.6876682 
0.02496679 0.002137738 0.2102285 0.762667 
0.0119748 0.01296395 0.2718265 0.7032347 
0.01831675 0.004974842 0.3009482 0.6757603 
0.002177436 0.003419667 0.3180168 0.6763861 
0.0008028663 0.008554549 0.2765219 0.7141207 
0.0006630821 0.001557423 0.3627319 0.6350476 
0.007199091 0.01090482 0.2453262 0.7365699 
0.01025449 0.01199208 0.243368 0.7343855 
0.01995048 0.00130941 0.2878649 0.6908752 
0.0003932362 0.002171383 0.349712 0.6477233 
0.007186541 0.003066092 0.2366895 0.7530579 
0.01768704 0.02052882 0.3234494 0.6383348 
0.01259272 0.0003297055 0.3093025 0.677775 
0.006458546 0.003096705 0.2969635 0.6934812 
0.004199644 0.002660544 0.3463249 0.6468149 
0.003711435 0.002800886 0.2646328 0.7288549 
0.003866797 0.009626931 0.3656398 0.6208665 
0.005303465 0.004534239 0.2808038 0.7093585 
0.004422005 0.01185953 0.2701424 0.713576 
0.0001976119 0.02266762 0.2520824 0.7250523 
0.001283103 0.001106906 0.3915271 0.6060829 
0.001867075 0.01411846 0.3273523 0.6566622 
0.004508501 0.0003370401 0.4130848 0.5820696 
0.001441564 0.01915936 0.281677 0.697722 
4.952405e-05 0.002556794 0.3780182 0.6193755 
0.003430438 0.001469653 0.2644027 0.7306972 
0.01205179 0.01594642 0.3409417 0.6310601 
0.0068378 0.01011418 0.3885742 0.5944738 
0.01109821 0.006752299 0.2812774 0.7008721 
0.01494868 0.002669555 0.2908291 0.6915527 
0.008185061 0.0003689444 0.2838891 0.7075569 
0.01195133 0.008289867 0.3193622 0.6603967 
0.002572475 0.03621679 0.2554982 0.7057126 
0.003218295 0.001072213 0.240299 0.7554105 
0.01624728 0.0009406193 0.3503881 0.632424 
0.005192582 0.0375541 0.313589 0.6436643 
0.001548031 0.003684414 0.2396407 0.7551268 
0.006132024 0.006538818 0.3257491 0.66158 
0.002713042 0.002638033 0.3059581 0.6886908 
0.02703499 0.002570069 0.2755272 0.6948677 
0.01749978 0.0004554752 0.279905 0.7021397 
0.004427565 0.003234 0.3033623 0.6889761 
0.01040892 0.002469895 0.2767377 0.7103835 
0.001939301 0.02908155 0.2947066 0.6742726 
0.006830943 0.001810286 0.2718495 0.7195093 
0.0007491769 0.0615247 0.2878116 0.6499146 
0.002137896 0.00412777 0.3055716 0.6881628 
0.02742387 0.02334995 0.3293491 0.6198771 
0.002653036 0.0006777652 0.398752 0.5979172 
0.001489458 0.0006954872 0.2405417 0.7572734 
0.003737689 0.002209021 0.2713155 0.7227378 
0.02900073 0.001367838 0.339026 0.6306054 
0.005727655 0.001362351 0.338295 0.654615 
0.005343054 0.001786782 0.3037507 0.6891194 
0.02303519 0.005575787 0.3692871 0.602102 
0.001362168 0.00166301 0.376505 0.6204698 
0.001674439 0.004155572 0.4132516 0.5809184 
0.007374628 0.006044351 0.2794022 0.7071789 
0.002275404 0.007722149 0.2235275 0.7664749 
0.002382334 0.0006568415 0.2810575 0.7159033 
0.004185271 0.002822151 0.3520055 0.6409871 
0.002542796 0.004566404 0.280358 0.7125328 
0.02656099 0.001843067 0.2256174 0.7459785 
0.01165541 0.0001836733 0.2440167 0.7441442 
0.0001583557 0.003876639 0.3451441 0.6508209 
0.04313057 0.01148159 0.2350348 0.7103531 
0.004692773 0.02162058 0.2337802 0.7399065 
0.01244442 0.005401648 0.2382632 0.7438908 
0.0002088653 0.0008482096 0.3134125 0.6855304 
0.01680159 1.705201e-05 0.2860749 0.6971064 
0.004653228 0.01235484 0.2388015 0.7441904 
0.002867784 0.007258017 0.4155203 0.5743539 
0.003470247 0.0004533232 0.3736495 0.622427 
0.001941183 0.03390996 0.2475987 0.7165502 
0.004271981 0.0002431422 0.2652336 0.7302513 
0.002657864 0.01075892 0.303387 0.6831963 
0.005206886 0.002680213 0.2489423 0.7431706 
0.009325024 0.003428527 0.3759654 0.611281 
0.001605224 0.00204589 0.2393004 0.7570485 
0.01406541 0.01068366 0.2876411 0.6876098 
0.01515128 0.01401115 0.3048685 0.6659691 
0.006990244 0.01340217 0.3498865 0.629721 
0.008623546 0.002452102 0.2047483 0.784176 
0.004625466 0.0001415634 0.2868152 0.7084177 
0.004236261 0.001623761 0.3627858 0.6313542 
0.009265858 0.01378295 0.3694986 0.6074526 
0.004851878 0.002931984 0.3082835 0.6839326 
0.006592335 0.00693937 0.393408 0.5930603 
0.001683853 0.0007604453 0.3353326 0.6622231 
8.13473e-05 0.01685642 0.2704787 0.7125835 
0.001947661 0.005125937 0.3517398 0.6411866 
0.001482762 0.003918763 0.2451401 0.7494584 
0.01780187 0.01422817 0.3074735 0.6604965 
0.00112941 0.00592506 0.3183261 0.6746194 
0.0253566 0.002975016 0.2937853 0.6778831 
0.007517724 0.002052824 0.2581888 0.7322407 
0.01187999 0.002117652 0.3754763 0.610526 
0.002794129 0.01191981 0.2721014 0.7131846 
0.008664873 6.70876e-05 0.2560027 0.7352653 
0.01266929 0.009716902 0.3396751 0.6379387 
0.003485001 0.009749833 0.3227153 0.6640499 
0.008847624 0.001501116 0.3988982 0.5907531 
0.004159392 0.006019749 0.3738833 0.6159375 
0.01950312 0.008551579 0.3946128 0.5773325 
0.006207331 0.01204555 0.3149694 0.6667777 
0.00519742 0.009033033 0.3237704 0.6619992 
0.001170058 0.002442306 0.2864769 0.7099107 
0.008743552 0.01683719 0.2782246 0.6961947 
0.004865074 0.004960815 0.2717541 0.71842 
0.003717193 0.004507496 0.2608162 0.7309591 
0.005822467 0.001492746 0.310042 0.6826428 
0.00133042 0.001303509 0.2771157 0.7202504 
0.004432312 0.001230032 0.2419306 0.7524071 
0.003976625 0.0002853678 0.2653436 0.7303944 
0.007470647 0.001623982 0.2953669 0.6955385 
0.005921405 0.01461584 0.3567897 0.6226731 
0.0003797549 0.005310402 0.3974489 0.5968609 
0.022744 0.004201268 0.24371 0.7293448 
0.007542383 0.001981676 0.2522921 0.7381838 
0.01418362 0.009436039 0.280413 0.6959674 
0.01324052 0.003503152 0.3356844 0.6475719 
0.003786283 0.01967355 0.3358444 0.6406958 
3.174292e-05 0.01465612 0.2172412 0.7680709 
0.01301246 0.004325143 0.3491588 0.6335036 
0.002379184 0.005907568 0.3559269 0.6357863 
0.001772662 0.00873915 0.266106 0.7233822 
0.008703638 0.006520081 0.310962 0.6738143 
0.009930616 0.0001402743 0.3233828 0.6665463 
0.008265207 0.000421039 0.399002 0.5923117 
0.0004800196 0.009869447 0.295133 0.6945175 
0.003242317 0.01933393 0.2931247 0.684299 
0.004861815 0.002021246 0.390227 0.60289 
0.0007246206 0.00617235 0.361891 0.631212 
0.01078759 0.0198164 0.2816582 0.6877378 
0.006086764 0.0007848468 0.2868475 0.7062809 
0.006871666 0.01548105 0.3104341 0.6672132 
0.0007750519 0.002923054 0.2936987 0.7026032 
0.001296691 0.004630756 0.3705938 0.6234788 
7.481159e-05 0.01181169 0.3610296 0.6270839 
0.003434853 0.02308853 0.3127955 0.6606811 
0.01519571 0.001841251 0.392466 0.590497 
0.0006863051 0.002356855 0.3845696 0.6123873 
0.0003555719 0.02133235 0.2359584 0.7423537 
0.004905931 0.0001391369 0.2474172 0.7475377 
0.012176 0.002166129 0.2579662 0.7276917 
0.001699867 0.0005172132 0.2678069 0.729976 
0.002569764 0.003761592 0.3277266 0.6659421 
0.006217057 0.001617818 0.3260323 0.6661328 
0.004224625 0.005389671 0.311989 0.6783967 
0.006300125 0.0009602904 0.3600747 0.6326649 
0.004633895 3.083996e-05 0.2959166 0.6994187 
0.0124836 0.002597797 0.3557157 0.6292029 
0.008288571 0.009517617 0.2853724 0.6968214 
0.002809218 0.003309159 0.2514621 0.7424195 
0.0006823967 0.005722078 0.2531988 0.7403967 
0.006220235 0.01364668 0.3050155 0.6751176 
0.006373628 0.002236809 0.2846989 0.7066907 
0.001008225 0.01688803 0.2709037 0.7112 
0.008484922 0.01725347 0.3004187 0.6738429 
0.002500125 0.01985902 0.2253688 0.7522721 
0.005260803 0.003882551 0.3332503 0.6576063 
0.007152012 0.008881689 0.258725 0.7252413 
0.002055122 0.003939157 0.3044712 0.6895346 
0.007170857 0.008085258 0.3014533 0.6832906 
0.009215931 0.002847531 0.217512 0.7704245 
0.006026765 0.0001094888 0.3152709 0.6785929 
0.006265729 0.000688275 0.3800838 0.6129622 
6.436841e-05 0.009465722 0.2452719 0.745198 
0.01372029 0.008469762 0.2491959 0.7286141 
0.002902366 0.002399464 0.3816118 0.6130864 
0.005740044 0.01825275 0.2245524 0.7514549 
0.01192676 0.004734621 0.3119521 0.6713865 
0.005495153 0.001653968 0.273122 0.7197289 
0.002223651 0.01285645 0.2442663 0.7406536 
0.02167513 0.000984973 0.2455393 0.7318006 
0.005958831 0.001791491 0.2567244 0.7355253 
0.0002213812 0.004013425 0.2985411 0.6972241 
0.002513371 0.002272476 0.3092717 0.6859424 
0.004094072 0.004863888 0.2688119 0.7222301 
0.006869148 0.0128897 0.3041211 0.6761201 
0.003486003 0.01209909 0.314008 0.6704069 
0.002812288 0.001126419 0.3522664 0.6437949 
0.008001625 0.01231761 0.2636938 0.715987 
0.009086884 0.001526854 0.2190881 0.7702981 
0.01327706 0.005276658 0.2537354 0.7277109 
0.007418668 0.0009026806 0.3077371 0.6839416 
0.0173138 0.000487144 0.3196275 0.6625716 
0.01291014 0.003808955 0.2798101 0.7034708 
0.004856412 0.003307492 0.269049 0.7227871 
0.009067345 0.001390497 0.2441872 0.745355 
0.009457839 0.002497136 0.2907703 0.6972747 
0.01277779 0.002951619 0.3031994 0.6810712 
0.00105095 0.01453146 0.2460656 0.738352 
0.01216894 0.006219145 0.3266732 0.6549388 
0.002429439 0.0006394254 0.33614 0.6607912 
0.003974164 0.008358808 0.3441134 0.6435536 
0.000942533 0.01227121 0.283491 0.7032953 
0.0001297351 0.02987276 0.3242249 0.6457726 
0.001381968 6.623479e-05 0.3187484 0.6798034 
0.001914333 0.01797169 0.2118548 0.7682592 
0.02626686 0.001620426 0.31723 0.6548828 
0.03283064 0.008136791 0.2381526 0.72088 
0.00530731 0.004572186 0.2929173 0.6972032 
0.002845159 0.004991784 0.3340692 0.6580938 
0.003052155 0.02545889 0.2812355 0.6902535 
0.01794311 0.006976933 0.2173867 0.7576933 
0.0008815456 0.009489333 0.2821227 0.7075065 
0.003689423 0.01115802 0.2016823 0.7834702 
0.01079562 0.008149497 0.3363144 0.6447405 
0.001939937 0.002755911 0.4120041 0.5833001 
0.005365381 0.0002658303 0.2007968 0.793572 
0.0004880147 0.00365967 0.278825 0.7170273 
0.007062414 0.006759086 0.3787146 0.6074639 
0.00976552 0.001582251 0.3309671 0.6576851 
0.01388293 0.004439752 0.3746255 0.6070518 
0.02661844 0.003367184 0.2424196 0.7275948 
0.01237055 0.002440253 0.2425453 0.7426439 
0.02058771 0.005305279 0.4040793 0.5700278 
0.01419535 0.00124242 0.3809745 0.6035877 
5.05619e-05 0.001524005 0.2692179 0.7292075 
0.006795018 0.01809957 0.262074 0.7130314 
0.002813783 0.01393576 0.1996056 0.7836449 
0.007679455 0.007217495 0.3124886 0.6726145 
0.002712858 0.01489976 0.3280509 0.6543365 
0.001029372 0.003845479 0.25516 0.7399652 
0.005769347 0.0176446 0.362805 0.6137811 
0.00242844 0.005838873 0.2291884 0.7625443 
0.01073171 0.0017499 0.2651098 0.7224086 
0.01372214 0.005123014 0.2485615 0.7325933 
0.003659385 0.00165888 0.3301041 0.6645776 
0.02363352 0.01531608 0.2601003 0.7009501 
0.001997975 0.008547737 0.2986106 0.6908437 
0.0105349 0.01891844 0.2940607 0.6764859 
0.007846891 0.002925648 0.377352 0.6118754 
0.005180265 0.003184586 0.2038351 0.7878 
0.001366439 0.003694733 0.2859688 0.7089701 
0.02456459 0.0005358881 0.3704587 0.6044408 
0.001149061 0.004187195 0.2216102 0.7730536 
0.0003709844 0.03220873 0.3161153 0.651305 
0.001464858 0.02189485 0.4580398 0.5186005 
0.002689464 0.006161851 0.3056827 0.685466 
0.0031326 0.01025739 0.283906 0.702704 
0.0005630139 0.02164966 0.2866023 0.691185 
0.001631111 0.009057671 0.3090114 0.6802998 
0.02284475 0.008107702 0.271061 0.6979866 
0.0004302633 0.008894821 0.2654775 0.7251975 
0.001425371 0.006288803 0.2897388 0.702547 
0.0006716061 0.01137933 0.3333525 0.6545966 
0.004664729 0.005200067 0.295751 0.6943842 
0.003144285 0.003473583 0.3062227 0.6871594 
0.003289626 0.01606858 0.3430843 0.6375575 
0.008464048 0.02293175 0.2780799 0.6905243 
0.001212893 0.0004337735 0.3312223 0.6671311 
0.005094113 0.009794472 0.3987346 0.5863768 
0.003986589 0.002335143 0.206365 0.7873133 
0.001148878 0.03784078 0.3141261 0.6468842 
0.01517704 0.002279252 0.3444581 0.6380856 
0.01656459 0.003962402 0.3447685 0.6347045 
0.01516465 0.001950516 0.2984266 0.6844582 
0.01139104 0.01085388 0.2361175 0.7416376 
0.00363923 0.006979963 0.3192293 0.6701516 
0.0073495 0.0007738802 0.3067483 0.6851283 
0.02063471 0.000657151 0.3210671 0.657641 
0.01335762 0.005715282 0.386759 0.5941681 
0.005778417 0.001601059 0.2123655 0.780255 
0.01618821 0.00186785 0.3539467 0.6279973 
0.01271804 0.0004545422 0.3427296 0.6440978 
0.01551914 0.008040455 0.3775871 0.5988533 
0.007197699 0.003700688 0.3875604 0.6015412 
0.01820604 0.008830723 0.2975174 0.6754458 
0.006793785 0.01053487 0.3622122 0.6204592 
0.004067789 0.007981683 0.2614393 0.7265112 
0.002414437 0.02528792 0.3006061 0.6716915 
0.006458065 0.01797509 0.2558014 0.7197655 
0.0008652054 0.004524326 0.2062321 0.7883784 
0.01736602 0.002682284 0.3569745 0.6229772 
3.356774e-05 0.0008970481 0.2376573 0.7614121 
0.0007072057 0.0003835635 0.2584604 0.7404488 
0.002414361 0.00548138 0.3182446 0.6738597 
0.008657187 0.007635318 0.3746984 0.6090091 
0.005983142 0.00609573 0.4353363 0.5525849 
0.002978763 0.003370107 0.3197495 0.6739016 
0.000429217 0.002512334 0.28678 0.7102785 
0.00929508 0.01254938 0.3100741 0.6680814 
0.003525561 0.008599347 0.2286217 0.7592534 
0.006432372 0.003168577 0.4283088 0.5620902 
0.007952416 0.005167221 0.2924557 0.6944246 
0.002034712 0.03598029 0.2674945 0.6944905 
0.04342846 0.001733023 0.2865695 0.668269 
0.001016983 0.0051092 0.396866 0.5970079 
0.009917876 0.01455362 0.3197146 0.6558139 
0.008022199 0.02163721 0.2411674 0.7291732 
0.006445551 0.008290617 0.2742127 0.7110512 
0.001025135 0.01930728 0.4058913 0.5737763 
0.007732582 0.003539849 0.3275093 0.6612183 
0.00814364 0.007678353 0.2767776 0.7074004 
0.004178414 0.0007336303 0.2191677 0.7759202 
0.04649402 0.003020304 0.3565283 0.5939574 
0.004135536 0.001805581 0.3162389 0.67782 
0.001731159 0.004175744 0.2274372 0.7666559 
0.03673437 0.007678122 0.2943088 0.6612787 
0.008889959 0.008813346 0.2364392 0.7458575 
0.008377586 0.01390394 0.345111 0.6326075 
0.002249126 0.01197684 0.298889 0.686885 
0.002324571 0.003225291 0.1868244 0.8076257 
0.003403921 0.01434658 0.1855192 0.7967303 
0.001134635 0.009263634 0.3005662 0.6890356 
0.01924659 0.03082334 0.275337 0.6745931 
0.004366113 0.01693302 0.3359161 0.6427847 
0.01592547 0.00170054 0.3537172 0.6286568 
0.01860306 0.004486176 0.2088503 0.7680605 
0.005410185 0.002102612 0.4277259 0.5647613 
0.003529982 0.003583107 0.3162887 0.6765982 
0.009079622 0.01050283 0.3268364 0.6535811 
0.003817892 0.01228529 0.3341005 0.6497963 
0.01390092 0.007262038 0.3539562 0.6248809 
0.0102687 0.0003365588 0.3544983 0.6348964 
0.0008988413 0.004846973 0.3324761 0.6617781 
0.002701471 0.00594264 0.441214 0.5501419 
0.02313539 0.003633441 0.2695554 0.7036758 
0.02292916 0.008176046 0.3227309 0.6461638 
0.000553759 0.002896692 0.2837403 0.7128093 
0.001369238 0.0006461296 0.4200433 0.5779413 
0.005443281 0.004853293 0.3880342 0.6016693 
0.003243406 0.008567232 0.3030881 0.6851012 
0.002031205 0.01521417 0.3226694 0.6600852 
0.001185021 0.0002033679 0.2422244 0.7563872 
0.006792257 0.003469455 0.2967732 0.6929651 
0.02914473 0.02106041 0.3576194 0.5921755 
0.01145879 0.007057695 0.326615 0.6548686 
0.0003700914 0.008479878 0.2745812 0.7165688 
0.014675 0.02113784 0.299024 0.6651632 
0.0004233564 0.02250066 0.2557292 0.7213468 
0.002370116 0.007016123 0.2990252 0.6915886 
0.003883201 0.01209905 0.2978923 0.6861255 
0.0008662081 0.03156759 0.2490144 0.7185518 
0.006735789 0.0001916002 0.3367571 0.6563155 
0.01295051 0.003595597 0.2504715 0.7329823 
0.008736535 0.002054371 0.2893388 0.6998703 
0.001515114 0.0001763666 0.3426005 0.655708 
0.0007864223 0.0005455691 0.3160861 0.6825819 
8.111685e-05 0.00278779 0.2791845 0.7179466 
0.02788097 0.004041055 0.2766732 0.6914048 
0.001582519 0.009889081 0.3241785 0.6643499 
0.007750731 0.009715237 0.2468485 0.7356855 
0.01189748 0.004753619 0.2547046 0.7286443 
0.004700548 0.02038455 0.3037216 0.6711933 
0.002411249 0.002313738 0.2786632 0.7166118 
0.001222863 0.004789089 0.3795006 0.6144875 
0.0003218981 0.00675363 0.2382499 0.7546746 
0.009628324 8.545179e-05 0.2169819 0.7733044 
0.001822325 0.006166177 0.3255787 0.6664328 
0.008008627 0.0007059631 0.2927284 0.698557 
0.0009803142 0.003599377 0.2597765 0.7356438 
0.008183019 0.005630973 0.3690356 0.6171504 
0.0004798069 1.596769e-05 0.3400278 0.6594764 
0.01934713 0.00532863 0.2074659 0.7678583 
0.01154063 0.004324779 0.2937947 0.6903399 
0.009445949 0.02524507 0.2932344 0.6720746 
0.03038954 0.006508499 0.2140726 0.7490293 
0.008416451 0.000757109 0.2203416 0.7704848 
0.009684838 0.0007311155 0.2967635 0.6928206 
0.003578081 0.01364359 0.2270328 0.7557456 
0.01093039 0.01513756 0.3958601 0.578072 
0.003503772 0.007104701 0.3899624 0.5994291 
0.001797241 0.001381926 0.2921881 0.7046327 
0.009113905 0.006939482 0.3555701 0.6283765 
0.00477566 0.00080163 0.2853806 0.7090421 
0.0004348268 0.003771309 0.4427426 0.5530512 
0.008936833 0.006721946 0.3397779 0.6445634 
0.006898302 0.00138643 0.329003 0.6627122 
0.01562254 0.02548166 0.2344019 0.7244939 
0.00477654 0.0006542867 0.2841723 0.7103968 
0.01175477 2.881197e-05 0.396488 0.5917284 
0.0009560339 0.002727269 0.2633467 0.73297 
0.00819989 0.002467223 0.2942247 0.6951082 
0.0006900319 0.008691945 0.2945274 0.6960907 
0.002014177 0.01286996 0.2982206 0.6868953 
0.0009214145 0.01095717 0.2512548 0.7368666 
0.004094054 0.002307707 0.2296624 0.7639358 
0.01746389 0.009085027 0.2571162 0.7163348 
0.003370553 0.009779834 0.2559394 0.7309102 
0.01119664 0.01181302 0.388561 0.5884293 
0.01528166 0.0119775 0.3653266 0.6074143 
0.01499599 0.000434288 0.3282448 0.656325 
0.005470297 0.001319815 0.2178525 0.7753574 
0.006380728 0.02508766 0.3281958 0.6403358 
0.001771519 0.01023962 0.2295408 0.758448 
0.002908625 0.0008482593 0.2544911 0.741752 
0.009547585 0.02215702 0.3519314 0.616364 
0.002389197 0.001250918 0.3078634 0.6884965 
0.01689427 0.006092529 0.2612674 0.7157458 
0.002786795 3.544374e-05 0.2813832 0.7157946 
0.009723068 0.004403898 0.4187033 0.5671697 
0.002300805 0.006221448 0.2666471 0.7248307 
0.001537613 0.001878958 0.2636758 0.7329077 
0.001736647 0.00540925 0.2088432 0.7840109 
0.01415124 0.00317946 0.3281936 0.6544756 
0.001690658 0.002755774 0.288402 0.7071516 
0.02036309 0.00238504 0.3048287 0.6724231 
0.003783147 0.00023572 0.343752 0.6522292 
0.001846043 0.01254405 0.2940798 0.6915301 
0.008966511 0.003182749 0.3648911 0.6229596 
0.001281153 0.001640917 0.3250538 0.6720241 
0.006775471 0.006123612 0.2781884 0.7089125 
0.01674371 0.002123032 0.250923 0.7302103 
0.03529931 0.005052601 0.2231143 0.7365338 
0.0008095732 0.009287006 0.2700842 0.7198193 
0.004600902 0.004666482 0.1918224 0.7989102 
1.364088e-05 0.008122306 0.2457294 0.7461346 
0.001123325 0.01518328 0.3082587 0.6754347 
0.009260764 0.01277409 0.3022009 0.6757643 
0.01318549 0.005384731 0.2823621 0.6990677 
0.01008321 0.007820695 0.2809922 0.7011039 
0.006396862 0.00579645 0.3816608 0.6061459 
0.0002337797 0.0005866033 0.4106804 0.5884992 
0.0104622 0.006273637 0.3745677 0.6086965 
0.01291946 0.0006795384 0.3488729 0.6375281 
0.01827698 0.001007369 0.2804947 0.700221 
0.01477842 0.03832586 0.3302599 0.6166358 
0.009024439 0.009663223 0.3239222 0.6573901 
0.00423861 0.02176444 0.2963126 0.6776844 
0.008406178 0.006194323 0.2702719 0.7151276 
0.004455381 0.0009791478 0.2952593 0.6993061 
0.001022575 0.007592649 0.2745108 0.716874 
0.002887589 0.007567788 0.3002826 0.689262 
0.009128604 5.245792e-05 0.2962621 0.6945568 
0.004846187 0.01352652 0.3419518 0.6396755 
0.005614683 0.01359727 0.2151428 0.7656453 
0.009709683 0.005449775 0.281982 0.7028585 
0.009115133 0.004302936 0.3070646 0.6795174 
0.001552682 0.01249944 0.2744914 0.7114565 
0.006075822 0.007423626 0.303083 0.6834175 
0.01614717 0.006207574 0.3094425 0.6682027 
0.004308591 0.0084209 0.2699035 0.7173671 
0.002388671 0.01545422 0.2733196 0.7088375 
0.003527372 0.006455197 0.4115574 0.5784601 
0.002184722 0.001249142 0.34158 0.6549861 
0.002433476 0.01044395 0.3488224 0.6383002 
0.02213508 0.001269525 0.1955106 0.7810848 
0.01389856 0.002172137 0.2840668 0.6998625 
0.000505177 0.003250173 0.3580614 0.6381832 
0.006628198 0.009527653 0.2600864 0.7237577 
0.001842862 0.005602965 0.2736401 0.7189141 
0.0005202478 0.01655111 0.2806577 0.7022709 
0.0003801706 0.0006823527 0.3140075 0.68493 
0.001667048 0.0005587601 0.2536751 0.7440991 
0.008384973 0.008654929 0.324302 0.6586581 
0.007916532 0.02115073 0.4116268 0.5593059 
0.01084053 0.00109511 0.3208926 0.6671717 
0.005317557 0.00302389 0.2879688 0.7036898 
0.000359211 0.002752721 0.315275 0.6816131 
0.01980122 0.001864408 0.3043078 0.6740266 
0.009319767 0.03570387 0.3125448 0.6424315 
0.009868316 0.001057735 0.3112115 0.6778624 
0.02048233 0.005423749 0.2576898 0.7164041 
0.007549867 0.0002165962 0.233888 0.7583455 
0.001281472 0.004229356 0.2470801 0.7474091 
0.002425211 0.0009096595 0.3482822 0.6483829 
0.01331719 0.006143727 0.2966491 0.68389 
9.867645e-05 0.01508522 0.3152307 0.6695854 
0.003882655 0.002768673 0.3388738 0.6544749 
0.001748357 0.02215988 0.3172799 0.6588119 
0.005316698 0.01351605 0.20463 0.7765373 
0.0003437979 0.004090389 0.2271755 0.7683903 
0.002920474 0.02355811 0.3517775 0.621744 
0.005126618 0.001953323 0.2237976 0.7691224 
0.02402862 0.009133577 0.3422134 0.6246244 
0.008180293 0.0001475427 0.2829144 0.7087578 
0.007831162 0.003205489 0.285022 0.7039413 
0.01077938 0.0004159871 0.3723648 0.6164398 
0.01577439 0.0005572777 0.2077414 0.775927 
0.01717972 0.006759788 0.2988906 0.6771699 
0.005573241 0.01101493 0.2782715 0.7051404 
0.006872534 0.005112397 0.2348341 0.7531809 
0.008137957 0.002461682 0.3295534 0.6598469 
0.0005966936 0.002245097 0.3056559 0.6915023 
0.0002292468 0.02371286 0.3365541 0.6395038 
0.006930593 0.009711346 0.2605241 0.722834 
0.00667654 0.007444887 0.3214772 0.6644013 
0.00887842 0.007425757 0.3539727 0.6297231 
0.02400242 0.0004444889 0.27248 0.7030731 
0.009180328 0.008332781 0.2761695 0.7063174 
0.03010218 0.002145104 0.3950978 0.5726549 
0.004350722 0.004998756 0.3624843 0.6281662 
0.002325442 0.001524052 0.3693026 0.6268479 
0.006047416 0.002641361 0.3028139 0.6884973 
0.01731471 0.004284491 0.1638918 0.814509 
0.005377505 0.001767202 0.3538319 0.6390234 
0.02202006 0.002768975 0.3295599 0.6456511 
0.0163207 0.002156765 0.2378373 0.7436852 
0.0119603 0.003149907 0.298329 0.6865608 
0.0006610328 0.000437688 0.2603532 0.7385481 
0.0006951754 0.0009771196 0.2756885 0.7226392 
0.007342038 0.002734021 0.3461825 0.6437414 
0.00242873 0.004693863 0.3072548 0.6856227 
0.01055169 7.362742e-05 0.2781836 0.7111911 
0.004105943 0.009998378 0.4333968 0.5524989 
0.003582067 0.001484083 0.3811744 0.6137594 
0.003038084 0.00971742 0.3379728 0.6492717 
0.00264582 0.01288985 0.2791012 0.7053631 
0.004575237 0.003587449 0.3595764 0.6322609 
0.01064168 0.006341116 0.3137281 0.6692891 
0.0005397066 0.003952834 0.3158331 0.6796744 
0.002121381 0.0009040491 0.2976398 0.6993347 
0.0024009 0.006088646 0.3199023 0.6716081 
0.003405979 0.00327104 0.3216178 0.6717052 
0.006439947 0.01218591 0.3449278 0.6364464 
0.001268664 0.00202264 0.320973 0.6757357 
0.004225955 0.01079521 0.2810097 0.7039692 
0.009724752 0.01008324 0.2131427 0.7670493 
0.005910136 0.01786771 0.2803656 0.6958566 
0.01967083 0.002955938 0.2803438 0.6970294 
0.004596965 0.006532788 0.3519017 0.6369686 
0.002748263 0.006893716 0.3016475 0.6887105 
0.008549921 0.005535509 0.377907 0.6080076 
0.001700584 0.007516404 0.2657247 0.7250583 
0.01240885 0.005988736 0.329403 0.6521994 
0.008530715 0.0003380255 0.4019884 0.5891429 
0.001022838 0.003624849 0.2322343 0.763118 
0.00525555 1.000086e-06 0.2827496 0.7119938 
0.06006645 0.01052888 0.3480862 0.5813185 
0.002520645 0.005449501 0.2792477 0.7127821 
0.0006383811 0.01527112 0.2977202 0.6863703 
0.004939486 0.003671504 0.2703904 0.7209986 
0.001568037 0.0006528847 0.2810046 0.7167745 
0.01181726 0.01990172 0.2641544 0.7041266 
0.01018838 0.0006622152 0.1905228 0.7986266 
0.0004241169 0.0105441 0.2998053 0.6892265 
0.01115182 0.001400501 0.392192 0.5952557 
0.01051062 0.01083004 0.2451604 0.733499 
0.005353889 0.002493076 0.2899969 0.7021561 
0.004003306 0.02137025 0.3607945 0.613832 
0.002705859 0.005317124 0.346039 0.645938 
0.01191666 0.006286374 0.2323742 0.7494228 
0.003641441 0.003784946 0.2383725 0.7542011 
0.00349688 0.007568336 0.3241055 0.6648293 
0.01397554 0.001441058 0.3018068 0.6827766 
0.01860445 0.0005777455 0.4750876 0.5057302 
0.005973195 0.003063901 0.4250522 0.5659107 
0.0006281461 0.01176255 0.3153019 0.6723075 
0.001215851 0.01964007 0.3017436 0.6774005 
0.01905969 0.007122901 0.2652784 0.708539 
0.0003899168 0.01414923 0.2166594 0.7688015 
0.003239739 0.0025489 0.287254 0.7069573 
0.01097128 0.002131447 0.3111899 0.6757073 
0.001470948 0.002652667 0.2945329 0.7013435 
0.008101078 0.001372483 0.305033 0.6854935 
0.009038922 0.002400559 0.3152366 0.6733239 
0.0004810727 0.001774266 0.2914319 0.7063127 
0.003106116 0.002673608 0.4812611 0.5129591 
0.02693703 0.003428929 0.2952669 0.6743671 
0.003184899 0.02713907 0.2806759 0.6890001 
0.005625317 0.006456035 0.3243969 0.6635217 
0.002735653 0.01156071 0.2408722 0.7448314 
0.02125222 0.01472842 0.3194661 0.6445533 
0.002365916 0.004879717 0.3463788 0.6463756 
0.01324377 0.001132236 0.3598722 0.6257518 
0.006383288 0.0140256 0.2885673 0.6910238 
0.01283757 0.00157606 0.3145234 0.6710629 
0.006918797 0.01124717 0.3541044 0.6277296 
0.008136324 0.006432111 0.3640249 0.6214067 
0.0001788869 0.001662045 0.2795445 0.7186146 
0.0006698531 0.01474416 0.2641679 0.7204181 
0.002017113 0.0003748581 0.361636 0.6359721 
0.01442459 0.001055199 0.2872248 0.6972954 
0.006948583 0.01011863 0.2298172 0.7531155 
0.003996218 0.002857561 0.29524 0.6979062 
0.0004452245 3.297605e-05 0.2811919 0.7183299 
0.008683194 0.0105812 0.272103 0.7086326 
0.00791151 0.01463745 0.294056 0.683395 
0.004218505 0.002577844 0.2832504 0.7099532 
0.004226276 0.003317965 0.3704585 0.6219972 
0.006664438 0.009061034 0.2949932 0.6892813 
0.001325723 0.001423037 0.3104466 0.6868046 
0.001231761 0.005158813 0.2393496 0.7542598 
0.00559983 0.00424255 0.3174397 0.6727179 
0.006028434 0.004163743 0.3107498 0.679058 
0.01118504 0.00838758 0.2038053 0.7766221 
0.00201634 0.002468908 0.3033234 0.6921914 
0.02793138 0.002196156 0.2293622 0.7405103 
0.004837969 0.001715149 0.3424752 0.6509717 
0.0008817873 0.0002068575 0.4024673 0.5964441 
0.01278249 0.001838976 0.2861358 0.6992428 
0.005111257 0.0259412 0.3888857 0.5800619 
0.0109105 0.01465088 0.2598881 0.7145505 
0.001819498 0.006053762 0.2131275 0.7789993 
0.005915557 0.002370432 0.3733493 0.6183648 
0.02603102 0.009394538 0.2854898 0.6790846 
0.006871985 0.003962835 0.3843783 0.6047868 
0.0009899709 0.00884924 0.3617121 0.6284487 
0.006290913 0.01331773 0.3167747 0.6636166 
0.0001724725 0.004683615 0.2708667 0.7242772 
0.005580914 0.002771468 0.2874225 0.7042251 
0.002058557 8.434313e-05 0.2602792 0.7375779 
0.01196479 0.01039618 0.2206964 0.7569427 
0.009400257 0.01019457 0.3055295 0.6748757 
0.0007852785 0.00765358 0.1935394 0.7980217 
0.01242859 0.005555254 0.2396492 0.742367 
0.01020399 0.01521403 0.35707 0.617512 
0.01156944 0.01062286 0.3368541 0.6409536 
0.006788661 0.003809449 0.3423807 0.6470212 
0.003497328 0.01368751 0.3675339 0.6152813 
0.002207862 0.0004068782 0.3026783 0.6947069 
0.0005436718 0.02190874 0.3806235 0.5969241 
0.001000178 0.004705763 0.2820904 0.7122036 
0.0002274329 0.005756239 0.2915843 0.7024321 
0.005435158 0.009248738 0.3110938 0.6742223 
0.004908509 0.01338205 0.2166158 0.7650937 
0.001974996 0.005630455 0.359699 0.6326955 
0.004124032 0.0004176593 0.319986 0.6754723 
0.002477683 0.01005361 0.2688354 0.7186333 
0.03066472 0.002024816 0.3923473 0.5749632 
0.00363224 0.008840014 0.3355919 0.6519359 
0.009289706 0.001986944 0.3218647 0.6668586 
0.01117566 0.0248636 0.3066344 0.6573263 
0.00471377 0.008294509 0.3541212 0.6328705 
0.01837655 0.006078771 0.3854724 0.5900723 
0.000767638 0.002752811 0.3093116 0.687168 
0.005076653 0.0002772736 0.3315526 0.6630935 
0.001447935 0.02277881 0.2082303 0.7675429 
0.01271629 0.0397043 0.2705483 0.6770311 
0.005093839 0.009812632 0.3721746 0.6129189 
0.008876665 0.001071463 0.341965 0.6480869 
0.002256861 0.001086317 0.320495 0.6761618 
0.003251939 0.01137367 0.2381862 0.7471882 
0.002230718 0.0004698855 0.3610346 0.6362648 
0.01726946 0.0001972681 0.1672224 0.8153109 
0.0003933149 0.001057569 0.3338113 0.6647378 
0.006868092 0.01473256 0.3376189 0.6407805 
5.21947e-05 0.01819753 0.2582249 0.7235253 
0.005106646 0.007845182 0.3333513 0.6536969 
0.01919693 0.003831336 0.3117166 0.6652551 
0.002674211 0.005239977 0.3272626 0.6648232 
0.008216372 0.03051451 0.3544855 0.6067836 
0.004349023 0.0008512835 0.3124287 0.682371 
0.01156847 0.002924768 0.3093987 0.676108 
0.005937911 0.0003653324 0.3073586 0.6863382 
0.01178825 0.01301394 0.4067988 0.568399 
0.0006956407 0.005846463 0.2931884 0.7002695 
0.0002451567 0.002253052 0.2425015 0.7550003 
0.00313497 0.0005657285 0.3279785 0.6683208 
0.001578922 0.0002612639 0.269864 0.7282959 
0.004257901 0.05618509 0.2692963 0.6702607 
0.01038269 0.004855631 0.288878 0.6958836 
0.003808154 0.0007882284 0.1900043 0.8053994 
0.01539103 0.008435757 0.2422094 0.7339638 
0.0004171927 0.000532466 0.2649656 0.7340847 
0.01910885 0.002363907 0.2355343 0.7429929 
0.002875331 0.00983436 0.2797292 0.7075611 
0.001947997 0.002967245 0.2842792 0.7108056 
0.006093299 0.007458079 0.257508 0.7289406 
0.01751624 0.0039855 0.3236544 0.6548439 
0.004678182 0.006940027 0.2760661 0.7123157 
0.004766921 0.007231237 0.2107723 0.7772296 
0.004178661 0.0012118 0.2693 0.7253096 
0.002080853 0.0002435602 0.2023316 0.7953439 
0.007672914 0.003792002 0.3067988 0.6817362 
0.00768007 0.021959 0.3006608 0.6697001 
0.002645264 0.006944028 0.3670971 0.6233136 
0.0002947441 0.004385076 0.3231422 0.672178 
0.008961846 0.009100746 0.2904915 0.6914459 
