"p_1" "p_2" "p_3"
0.1762026 0.7726976 0.05109976
0.1569857 0.7935462 0.04946816
0.1419267 0.8115376 0.04653571
0.1778997 0.7720102 0.0500901
0.164338 0.7810637 0.05459827
0.1812135 0.7685438 0.05024269
0.1610305 0.7769291 0.06204032
0.1682207 0.787039 0.04474038
0.1526306 0.7885649 0.05880451
0.1782191 0.7781172 0.04366364
0.1668722 0.7783643 0.05476348
0.1686223 0.7709683 0.06040942
0.1738199 0.747078 0.07910212
0.1723176 0.7715742 0.05610821
0.171753 0.7746659 0.05358111
0.1597369 0.786391 0.05387211
0.1674328 0.7686241 0.06394315
0.1396865 0.8084849 0.05182862
0.1691716 0.7683078 0.06252053
0.1767258 0.7617409 0.06153338
0.1564461 0.794663 0.04889087
0.164157 0.7994728 0.03637019
0.1700306 0.7683144 0.06165505
0.1509241 0.7971328 0.05194306
0.1603308 0.784112 0.05555716
0.1624678 0.7818852 0.05564703
0.1808838 0.7692556 0.04986057
0.169427 0.7753251 0.05524789
0.1789726 0.7767834 0.04424407
0.1598683 0.7622061 0.07792556
0.1680227 0.7815042 0.05047306
0.1380982 0.8052006 0.0567012
0.1549315 0.7813042 0.06376435
0.1647101 0.7757342 0.0595557
0.1765782 0.7594962 0.06392563
0.1534408 0.7803784 0.06618077
0.1841446 0.7676579 0.04819749
0.1563791 0.7837279 0.05989293
0.1700532 0.7748756 0.05507119
0.1579601 0.7863299 0.05570996
0.1633852 0.7827283 0.05388653
0.1497165 0.7857621 0.06452142
0.1523637 0.7913271 0.05630919
0.1404201 0.8147731 0.04480677
0.1445788 0.7991887 0.05623256
0.1706803 0.7800563 0.04926346
0.1564862 0.7898429 0.05367094
0.1581258 0.7784758 0.06339844
0.1839057 0.7639936 0.05210065
0.1707334 0.764689 0.06457754
0.1540479 0.7832716 0.06268044
0.1684861 0.7735495 0.05796435
0.1706754 0.7670118 0.06231278
0.1809985 0.7660557 0.0529458
0.1824745 0.7777572 0.03976825
0.1572845 0.7789952 0.06372026
0.188097 0.7620713 0.04983168
0.1687612 0.7745897 0.05664912
0.1687978 0.7791831 0.05201902
0.1602581 0.794574 0.04516788
0.1637972 0.7876506 0.04855224
0.1895341 0.7609654 0.04950051
0.1738712 0.762223 0.06390585
0.1693821 0.7754559 0.05516202
0.1643995 0.7841091 0.05149143
0.1737231 0.775918 0.05035894
0.1756474 0.775533 0.04881962
0.172546 0.7741525 0.05330154
0.1703514 0.7803829 0.04926575
0.1743161 0.7812276 0.04445632
0.1667733 0.7584103 0.07481635
0.1620564 0.7685414 0.06940216
0.1673185 0.7825407 0.05014079
0.166681 0.7685319 0.06478713
0.1622197 0.7987424 0.03903794
0.1487293 0.7866244 0.06464632
0.1487821 0.8059025 0.04531543
0.1465515 0.7924893 0.06095915
0.1634325 0.7644855 0.07208201
0.1613679 0.7804563 0.05817586
0.172269 0.785366 0.04236508
0.168298 0.7777296 0.05397247
0.1748691 0.7746089 0.05052199
0.1612427 0.7752398 0.06351748
0.167869 0.7838904 0.04824056
0.1665836 0.787699 0.0457174
0.1612167 0.7933668 0.04541649
0.1695251 0.7796924 0.05078242
0.1727502 0.7795535 0.04769625
0.16765 0.7713703 0.06097971
0.1411798 0.8038055 0.05501463
0.1520927 0.7845787 0.06332858
0.1757929 0.7831338 0.04107336
0.1580713 0.8005066 0.04142203
0.160065 0.7859879 0.05394715
0.1863896 0.7594549 0.0541555
0.1660743 0.7765675 0.05735817
0.1591389 0.7771828 0.06367831
0.1571404 0.782257 0.06060262
0.1730547 0.7850631 0.04188223
0.1741208 0.7684675 0.05741175
0.1754441 0.7713608 0.05319511
0.1780721 0.7788952 0.04303271
0.1675038 0.7815412 0.05095502
0.1560066 0.798885 0.04510839
0.146523 0.7902253 0.06325173
0.1588906 0.7822028 0.05890657
0.1629349 0.7741893 0.06287579
0.1681885 0.7738026 0.05800894
0.1634115 0.782106 0.0544825
0.1577925 0.7929336 0.04927393
0.1627914 0.7840729 0.05313568
0.1735557 0.7672272 0.05921713
0.1487748 0.7971831 0.05404213
0.1695008 0.7794343 0.05106486
0.1599288 0.7713636 0.06870762
0.1524705 0.7913763 0.05615324
0.1628593 0.7795415 0.05759915
0.1811053 0.7750074 0.04388734
0.1331692 0.8152393 0.05159147
0.1875164 0.7631396 0.04934395
0.1630182 0.7843039 0.05267784
0.1598258 0.7891289 0.0510453
0.1685984 0.7819744 0.04942721
0.1698228 0.7783693 0.05180789
0.1719529 0.7718233 0.05622388
0.1530349 0.7967043 0.05026082
0.1582262 0.776131 0.06564276
0.1917749 0.7577655 0.05045964
0.1693005 0.7876313 0.04306816
0.1446919 0.8183615 0.03694664
0.1698213 0.773157 0.05702171
0.1568064 0.7852997 0.05789393
0.1765386 0.7732166 0.05024477
0.1789991 0.761032 0.05996887
0.1732398 0.7660668 0.06069349
0.1525712 0.7946071 0.05282177
0.1527056 0.7854017 0.06189273
0.1702419 0.7836731 0.04608498
0.1797868 0.7603397 0.05987352
0.1865873 0.7637925 0.04962018
0.1574134 0.7941093 0.04847734
0.1670226 0.7818684 0.05110896
0.1661234 0.7882445 0.04563202
0.1659129 0.7735536 0.06053353
0.1759937 0.7782472 0.04575914
0.1660397 0.7691586 0.06480175
0.1710831 0.7678327 0.0610842
0.1719804 0.7695702 0.05844943
0.1529006 0.7870183 0.06008111
0.1720537 0.7696306 0.05831574
0.1542031 0.7941492 0.0516477
0.1502711 0.7754323 0.07429664
0.1736982 0.7623278 0.06397401
0.1686301 0.7687384 0.06263147
0.188633 0.74902 0.06234693
0.1558915 0.7811733 0.06293529
0.1566979 0.795905 0.0473971
0.1753386 0.7763759 0.04828552
0.152865 0.7916113 0.05552373
0.1768573 0.7631393 0.06000338
0.1531325 0.7901425 0.05672501
0.1618953 0.7960915 0.04201321
0.1536836 0.7863832 0.05993317
0.1671854 0.7713561 0.06145852
0.1730912 0.7658293 0.06107951
0.1711589 0.7802616 0.04857951
0.1825049 0.7671602 0.05033486
0.177656 0.7776521 0.04469189
0.1806193 0.7694856 0.04989509
0.1525325 0.7907592 0.05670827
0.1916234 0.7268347 0.0815419
0.1632023 0.7616343 0.0751634
0.1508107 0.7885336 0.06065568
0.1640726 0.7746084 0.06131895
0.1530741 0.7880303 0.05889562
0.1573904 0.7945309 0.04807871
0.1454402 0.7966184 0.05794138
0.1538339 0.7803442 0.0658219
0.1766615 0.7778928 0.0454457
0.1657595 0.7705911 0.0636494
0.1507076 0.793234 0.05605842
0.162467 0.780926 0.05660701
0.1732036 0.7741314 0.05266491
0.1431458 0.7989265 0.05792774
0.1522433 0.79958 0.04817664
0.1721106 0.7713321 0.05655728
0.1594835 0.7947063 0.04581027
0.181979 0.7595234 0.05849761
0.1629946 0.7825532 0.05445221
0.1587844 0.7794888 0.06172677
0.1662202 0.7821117 0.05166807
0.1931174 0.7528332 0.0540494
0.186128 0.7457653 0.06810672
0.1750298 0.76784 0.05713021
0.1534627 0.7935894 0.05294794
0.1918294 0.7700362 0.03813447
0.1632364 0.7796146 0.057149
0.166699 0.7705512 0.06274982
0.1627941 0.775326 0.06187995
0.1536419 0.7844114 0.06194676
0.1726203 0.7730832 0.05429655
0.1701793 0.7706356 0.05918509
0.1700989 0.7889061 0.04099497
0.1751932 0.7664331 0.05837374
0.1684313 0.7798454 0.05172326
0.1707443 0.7800605 0.04919515
0.1633635 0.7773806 0.05925597
0.1538004 0.7962643 0.04993533
0.156635 0.7954248 0.04794017
0.159986 0.7890147 0.05099937
0.1526675 0.7903672 0.05696531
0.1568125 0.7902174 0.05297011
0.1603938 0.7912315 0.04837465
0.162133 0.7921207 0.04574632
0.1549344 0.7893514 0.05571416
0.1576024 0.7704188 0.07197884
0.1618124 0.7929889 0.04519872
0.1618425 0.7823801 0.05577735
0.1540764 0.7785868 0.06733676
0.1640789 0.791308 0.04461313
0.1409339 0.7995989 0.05946714
0.1443844 0.80112 0.05449559
0.1622832 0.7951123 0.04260452
0.1514369 0.7863461 0.06221695
0.1655723 0.7759281 0.05849957
0.147733 0.7971391 0.05512781
0.1596422 0.7839584 0.05639937
0.1662121 0.7912394 0.04254857
0.1763699 0.7600993 0.06353085
0.1680307 0.770846 0.06112331
0.1576707 0.7893712 0.05295812
0.1658357 0.7882301 0.04593422
0.1930171 0.7481364 0.05884657
0.1499356 0.7892044 0.06085999
0.1621498 0.7844075 0.05344267
0.1676888 0.7797752 0.05253602
0.1745649 0.7722115 0.05322354
0.1642088 0.7834124 0.05237875
0.1479471 0.7975096 0.05454328
0.1814595 0.7689532 0.04958734
0.1631706 0.7679051 0.06892422
0.1637523 0.7907586 0.0454891
0.1637883 0.7784423 0.0577694
0.1665594 0.7765165 0.0569241
0.1599768 0.7932318 0.04679142
0.1620987 0.7859152 0.0519861
0.1874603 0.7733219 0.03921781
0.1580636 0.7901291 0.05180726
0.1667677 0.7802155 0.05301689
0.1735068 0.7675667 0.0589265
0.1516061 0.7937011 0.05469284
0.1433235 0.8162577 0.04041879
0.1482183 0.7954094 0.05637238
0.1939618 0.7509329 0.05510539
0.1600897 0.7852074 0.05470282
0.1573853 0.7900991 0.05251559
0.1588051 0.7759794 0.06521551
0.1575341 0.793512 0.04895388
0.1741344 0.7634242 0.06244141
0.1532362 0.7770512 0.06971263
0.1702939 0.7786974 0.05100865
0.1732191 0.7644747 0.06230617
0.1696696 0.7697126 0.06061784
0.1606941 0.7889094 0.05039653
0.1503725 0.785059 0.06456853
0.174815 0.7826081 0.04257684
0.161295 0.7852741 0.05343084
0.1753292 0.7754276 0.04924326
0.1636768 0.7860911 0.05023212
0.167976 0.7752323 0.05679169
0.1517129 0.7940742 0.05421285
0.1647586 0.7939745 0.04126696
0.1704978 0.7803345 0.04916775
0.150584 0.7845856 0.06483042
0.1526055 0.800127 0.04726758
0.1632067 0.7809818 0.05581151
0.1642147 0.782328 0.05345728
0.162221 0.7932071 0.04457187
0.1443568 0.8124104 0.0432328
0.1546644 0.7898181 0.05551753
0.1454927 0.7986607 0.05584667
0.1558107 0.7973853 0.04680406
0.1640105 0.7856572 0.05033233
0.1647995 0.7898799 0.04532059
0.1774899 0.7744821 0.04802792
0.1555646 0.791601 0.05283445
0.1643559 0.7897997 0.04584441
0.1664127 0.7795463 0.05404104
0.1701079 0.7728521 0.05704
0.1637869 0.7794302 0.05678293
0.1638227 0.769442 0.0667353
0.1670745 0.7711143 0.06181127
0.149512 0.7902069 0.06028114
0.1473284 0.8155968 0.0370748
0.1593785 0.7823003 0.05832113
0.1884947 0.7549467 0.05655862
0.1554311 0.79306 0.05150883
0.190217 0.750244 0.05953902
0.1567129 0.8041239 0.03916318
0.1693515 0.7786556 0.05199287
0.1506249 0.789356 0.06001911
0.157176 0.798488 0.044336
0.1752971 0.7622335 0.0624694
0.1780456 0.7603751 0.06157925
0.1432535 0.8002994 0.05644703
0.1519333 0.7888297 0.05923704
0.1615689 0.7849982 0.05343283
0.1713553 0.7792892 0.0493555
0.1787682 0.7707963 0.05043551
0.14037 0.8025293 0.05710061
0.1380851 0.8105935 0.05132143
0.163295 0.7681071 0.0685979
0.1492592 0.7902695 0.06047126
0.160761 0.7797592 0.05947981
0.1755463 0.7742397 0.05021404
0.1622497 0.7924405 0.04530981
0.1732166 0.7890529 0.03773052
0.1606061 0.7904976 0.04889625
0.174208 0.7693991 0.05639298
0.1596737 0.7870618 0.05326455
0.1533531 0.7890626 0.05758426
0.159635 0.7819344 0.05843054
0.1901414 0.7511972 0.05866143
0.1555711 0.7888292 0.05559969
0.1622511 0.7758712 0.06187767
0.1670493 0.7699344 0.06301628
0.1491471 0.7806022 0.07025072
0.1595133 0.783578 0.05690876
0.1554049 0.7869641 0.05763098
0.1722056 0.7871447 0.04064975
0.1671183 0.7810308 0.05185092
0.1503228 0.7874121 0.0622651
0.1843877 0.7647046 0.05090769
0.1761122 0.7773893 0.04649851
0.167813 0.7850818 0.0471052
0.178274 0.7673212 0.05440486
0.1665323 0.7777447 0.05572299
0.1467356 0.7819816 0.07128281
0.1547289 0.7908199 0.05445124
0.1609703 0.784431 0.0545987
0.1593479 0.7896107 0.05104135
0.1733505 0.776605 0.0500446
0.1517385 0.7985802 0.04968134
0.1707426 0.7772779 0.05197956
0.1634464 0.7923722 0.0441814
0.1746734 0.7729631 0.05236351
0.1774224 0.7675589 0.05501866
0.1659091 0.7844807 0.04961026
0.1623926 0.7878472 0.04976015
0.1807272 0.7649602 0.05431262
0.1690245 0.7760225 0.05495301
0.178294 0.7678 0.05390604
0.1579382 0.7808072 0.06125461
0.1684252 0.7820232 0.04955158
0.1824398 0.7683296 0.04923055
0.1684178 0.77335 0.05823217
0.1686096 0.7823459 0.04904453
0.1705934 0.7804151 0.0489915
0.1732439 0.7747752 0.05198084
0.1615273 0.7767825 0.06169019
0.1596485 0.7912858 0.04906566
0.1473507 0.8036547 0.04899458
0.1699552 0.7720838 0.05796098
0.158608 0.7710379 0.07035407
0.1774263 0.7806178 0.04195588
0.176194 0.7677053 0.0561007
0.1686651 0.7887516 0.04258329
0.1627362 0.7824706 0.05479325
0.1619698 0.7750051 0.06302511
0.1782327 0.7721789 0.0495884
0.1765575 0.779734 0.04370845
0.1774024 0.7695529 0.05304479
0.167049 0.7749583 0.0579927
0.1728311 0.7761114 0.05105747
0.1664642 0.7751674 0.0583684
0.1621741 0.7844684 0.05335745
0.1825208 0.7624113 0.05506782
0.1496305 0.8024608 0.04790873
0.1625921 0.7764929 0.06091505
0.1611274 0.7897973 0.04907533
0.1712023 0.7796629 0.04913472
0.1711662 0.7733827 0.05545112
0.161667 0.7854638 0.05286918
0.1485172 0.7977732 0.05370962
0.1890948 0.7513934 0.05951176
0.1430781 0.8056134 0.05130853
0.1613321 0.7724505 0.06621734
0.17358 0.7827663 0.04365376
0.1742948 0.7706836 0.05502157
0.1789318 0.7758191 0.04524911
0.1683231 0.7797394 0.05193747
0.1327113 0.8097109 0.05757787
0.1590556 0.7871707 0.05377374
0.169539 0.7689778 0.06148327
0.1563969 0.7859754 0.05762773
0.1498278 0.7895121 0.06066011
0.1555137 0.7902962 0.05419013
0.1530161 0.7969311 0.05005284
0.1680936 0.7726699 0.05923652
0.152759 0.8027253 0.04451564
0.1518981 0.7864789 0.06162301
0.1698587 0.7817528 0.04838849
0.1646375 0.7862829 0.0490796
0.1413029 0.7994098 0.05928731
0.1643519 0.7849617 0.05068646
0.1477146 0.8041637 0.04812171
0.1622906 0.7877909 0.04991847
0.1521637 0.7962842 0.0515522
0.1781753 0.7659901 0.05583467
0.1538542 0.7927618 0.05338395
0.1572924 0.7870573 0.05565029
0.1755388 0.7657839 0.05867729
0.1679105 0.7795208 0.05256874
0.1571361 0.7980323 0.04483165
0.1443163 0.7926819 0.06300182
0.1478839 0.7926277 0.05948839
0.1451678 0.7920946 0.06273757
0.1581436 0.7916076 0.05024877
0.1710302 0.7811012 0.04786853
0.1730541 0.7745181 0.05242786
0.1460068 0.7927298 0.06126347
0.1676846 0.7828611 0.04945429
0.169403 0.7847869 0.04581009
0.1494124 0.7935601 0.05702745
0.1527697 0.8051751 0.04205522
0.1546593 0.7931942 0.05214657
0.1829366 0.7703233 0.04674009
0.1755328 0.7689829 0.05548428
0.1639356 0.7741957 0.06186866
0.1499229 0.8048944 0.04518262
0.1653584 0.7882831 0.04635848
0.1775953 0.7558782 0.06652649
0.1854839 0.7447411 0.06977503
0.1612763 0.7898125 0.04891126
0.1758832 0.772532 0.05158477
0.1807249 0.7881646 0.03111049
0.1718454 0.7783907 0.0497639
0.1652372 0.7761638 0.05859902
0.1597045 0.7684582 0.07183736
0.1503662 0.7887515 0.06088232
0.1605485 0.7749218 0.06452971
0.168072 0.7694075 0.06252046
0.1557553 0.7939513 0.05029334
0.1621852 0.7710441 0.06677065
0.1623371 0.7933318 0.04433114
0.1512338 0.7879633 0.06080288
0.1616499 0.7775439 0.06080621
0.165282 0.7697662 0.06495177
0.1462562 0.7991938 0.05454999
0.1599351 0.7843583 0.05570657
0.18051 0.777977 0.04151294
0.1621279 0.7882034 0.04966869
0.1481454 0.7991036 0.05275091
0.1501467 0.7963639 0.05348939
0.133853 0.8040916 0.06205544
0.1825759 0.7589329 0.0584912
0.1637421 0.771294 0.06496386
0.2009345 0.7491724 0.04989314
0.1561489 0.7904661 0.053385
0.1477809 0.7889827 0.06323637
0.1770688 0.764324 0.05860724
0.1826942 0.7514259 0.0658799
0.1677274 0.7732738 0.05899878
0.1807742 0.7668648 0.05236105
0.1731966 0.7600577 0.0667457
0.153272 0.7846609 0.06206713
0.1636272 0.7819498 0.05442306
0.1469322 0.7990777 0.05399013
0.1794402 0.7650837 0.0554761
0.1541984 0.7852352 0.06056643
0.1595862 0.7870483 0.05336549
0.1801597 0.772494 0.04734628
0.1564558 0.7865775 0.05696665
0.1500154 0.7963881 0.05359652
0.1521731 0.7932747 0.05455215
0.1538449 0.7775335 0.06862163
0.1589975 0.7809864 0.06001605
0.1703477 0.7783132 0.05133913
0.146658 0.8098347 0.0435073
0.171454 0.7873686 0.04117737
0.1791678 0.7886955 0.03213664
0.1640229 0.7654719 0.07050523
0.1625088 0.8021213 0.03536986
0.1688432 0.7754929 0.05566387
0.177403 0.7667874 0.05580966
0.1710624 0.7723482 0.05658937
0.179063 0.7714173 0.04951969
0.1737224 0.7657338 0.06054376
0.1513274 0.785594 0.06307857
0.1736056 0.7680982 0.05829624
0.1257254 0.8134489 0.06082568
0.1428851 0.807727 0.04938787
0.1648373 0.7683345 0.06682817
0.1731718 0.7852843 0.04154388
0.1483972 0.7951817 0.05642113
0.1622074 0.7807631 0.05702958
0.1684328 0.7770981 0.05446905
0.1753036 0.7735142 0.05118215
0.170908 0.7841036 0.04498837
0.1558234 0.7882183 0.05595833
0.1673062 0.7807901 0.05190369
0.1844451 0.7678525 0.04770237
0.1742149 0.7656016 0.06018349
0.1448704 0.8120845 0.04304512
0.1592792 0.7823306 0.05839018
0.1562218 0.7872292 0.05654901
0.1748909 0.7834313 0.04167779
0.1484559 0.8087886 0.0427555
0.1695013 0.7743975 0.05610119
0.1496764 0.7958074 0.0545162
0.1764386 0.7700882 0.05347322
0.1921678 0.7540493 0.05378289
0.1758028 0.7678303 0.05636688
0.1704913 0.7841082 0.0454005
0.1545735 0.7843838 0.0610427
0.1586504 0.7937232 0.04762638
0.1754098 0.7723566 0.05223353
0.1552591 0.7870966 0.05764432
0.1473586 0.8090686 0.04357281
0.147303 0.8045494 0.04814751
0.1633569 0.7812365 0.05540655
0.1566776 0.789863 0.05345939
0.1535184 0.7789158 0.06756582
0.17564 0.7650957 0.05926437
0.1575347 0.8033251 0.03914026
0.1703352 0.7789444 0.05072046
0.1648917 0.7851843 0.04992404
0.1677201 0.7813487 0.05093112
0.1513539 0.7939847 0.05466141
0.1794017 0.7677554 0.05284285
0.1744287 0.7740024 0.05156896
0.1537291 0.7869052 0.05936571
0.1708952 0.7763381 0.05276673
0.1390583 0.8106371 0.05030467
0.170153 0.7863367 0.04351025
0.1875597 0.7633403 0.04910003
0.1993305 0.739099 0.06157047
0.1616337 0.8078979 0.03046835
0.1580937 0.7797666 0.06213968
0.1683358 0.7836865 0.04797766
0.1708421 0.7814644 0.04769351
0.1729085 0.7650679 0.06202362
0.1531346 0.792211 0.05465445
0.1690477 0.7894383 0.04151403
0.1610585 0.7846238 0.0543177
0.1593579 0.7815957 0.05904632
0.1593726 0.781661 0.05896634
0.1789818 0.7642485 0.05676971
0.1886652 0.7536536 0.05768123
0.1599073 0.7904381 0.04965463
0.1575178 0.7816088 0.06087339
0.1723641 0.7807945 0.04684143
0.172418 0.7799325 0.04764956
0.1839929 0.7692122 0.04679487
0.1461747 0.7953939 0.05843132
0.1379534 0.7818487 0.08019792
0.1773663 0.7679006 0.05473309
0.1880561 0.7618772 0.05006673
0.1641903 0.7872434 0.04856629
0.1668513 0.7749071 0.05824161
0.1899594 0.7456955 0.06434513
0.1668383 0.7765202 0.0566415
0.1609687 0.7905178 0.04851347
0.1702297 0.7648211 0.06494912
0.1597597 0.7952724 0.04496783
0.1567587 0.7789087 0.06433264
0.1783257 0.7726617 0.04901261
0.1827229 0.7496948 0.06758233
0.195058 0.757019 0.04792302
0.1543883 0.7988712 0.04674046
0.1656342 0.7947307 0.03963505
0.1678491 0.7784326 0.05371831
0.1698757 0.7718126 0.0583117
0.1526527 0.7925384 0.05480892
0.1594041 0.7782367 0.06235914
0.1539691 0.7911782 0.0548527
0.1758675 0.7666386 0.0574939
0.167187 0.7719949 0.06081809
0.1541176 0.793132 0.05275035
0.1425109 0.8068203 0.05066878
0.1394855 0.8188434 0.04167113
0.1703349 0.777551 0.05211407
0.1938394 0.7506434 0.0555172
0.1437319 0.7994681 0.05680003
0.1698766 0.7700423 0.06008107
0.1361246 0.8115901 0.05228529
0.160285 0.7806774 0.05903765
0.1634582 0.7849307 0.05161108
0.1470546 0.7863222 0.06662317
0.1625543 0.7831788 0.05426698
0.1599869 0.785536 0.05447713
0.1732601 0.7702888 0.05645116
0.1797065 0.7710368 0.04925673
0.1640125 0.7784105 0.05757697
0.1657032 0.7784646 0.05583212
0.1977347 0.7483326 0.05393279
0.1780077 0.7601332 0.06185907
0.1609756 0.7906632 0.04836121
0.173719 0.773833 0.05244798
0.1693862 0.7726679 0.05794584
0.1689209 0.7847855 0.04629363
0.1630201 0.7956579 0.04132196
0.1684554 0.7775116 0.05403295
0.1615505 0.7762737 0.06217577
0.166633 0.7825171 0.05084988
0.1424846 0.8100928 0.04742257
0.1628616 0.781626 0.05551238
0.167208 0.7889112 0.04388085
0.1381961 0.795735 0.06606897
0.1550124 0.7967101 0.04827748
0.1548447 0.7903818 0.05477346
0.1830687 0.7638325 0.05309874
0.1694768 0.7769245 0.05359871
0.1813851 0.7558046 0.06281029
0.1712807 0.7755913 0.05312792
0.1586165 0.7780288 0.06335476
0.1718355 0.765894 0.06227045
0.1699353 0.7735293 0.05653541
0.1568299 0.7835778 0.05959237
0.1703124 0.7663016 0.06338595
0.1666955 0.7771025 0.05620202
0.168293 0.7698274 0.06187962
0.1443399 0.804537 0.05112312
0.1833447 0.7760714 0.04058397
0.1643815 0.777192 0.05842646
0.1853471 0.7470767 0.0675762
0.1515739 0.80221 0.04621609
0.1613178 0.7776007 0.06108146
0.1835612 0.7497928 0.06664601
0.1694964 0.779809 0.0506946
0.1628185 0.7801648 0.05701671
0.1794404 0.7634469 0.05711268
0.1575904 0.7882548 0.05415478
0.1691514 0.781718 0.04913068
0.156923 0.7890761 0.05400083
0.1600593 0.8016246 0.03831604
0.1615324 0.7867635 0.05170417
0.1615596 0.7751874 0.06325295
0.1773226 0.7636183 0.05905901
0.1877195 0.7469086 0.06537187
0.1676747 0.7839723 0.04835301
0.1670929 0.7794441 0.05346306
0.1564313 0.7824204 0.06114826
0.1581538 0.798585 0.04326117
0.1818025 0.7674228 0.05077466
0.1526439 0.7988821 0.04847401
0.1479686 0.7999746 0.05205679
0.1716066 0.7705597 0.05783375
0.1768656 0.7789169 0.04421752
0.1748885 0.7685695 0.05654196
0.1647454 0.7930937 0.04216095
0.1711894 0.7776577 0.0511529
0.1689797 0.7818415 0.04917875
0.1667044 0.774311 0.05898457
0.1675525 0.7668367 0.06561079
0.1615532 0.7787918 0.05965503
0.1731112 0.7639886 0.06290023
0.1668665 0.7907246 0.04240888
0.1725914 0.7748773 0.05253126
0.1866733 0.7659008 0.04742596
0.148766 0.7993852 0.05184878
0.170269 0.7687043 0.06102675
0.1501008 0.7913946 0.05850466
0.1574983 0.7859508 0.05655091
0.1630898 0.7721068 0.06480346
0.1520514 0.7962725 0.05167608
0.1674675 0.7791642 0.05336834
0.1607468 0.7985176 0.0407356
0.1618778 0.7907755 0.04734675
0.1618168 0.7723056 0.06587759
0.1735404 0.7721511 0.05430856
0.1664411 0.7684836 0.06507527
0.1578583 0.791812 0.05032964
0.1760186 0.7682665 0.05571491
0.1536408 0.8029954 0.04336375
0.1665641 0.7719532 0.06148271
0.1691871 0.7747531 0.05605984
0.1795336 0.7689675 0.05149887
0.1819108 0.7639527 0.05413654
0.1815705 0.7683579 0.05007158
0.1663386 0.7889618 0.04469959
0.1719089 0.7828778 0.04521333
0.1442795 0.7936194 0.06210106
0.165429 0.7713996 0.0631714
0.1579531 0.7847759 0.05727096
0.1620255 0.7839214 0.05405309
0.1834622 0.7679841 0.04855368
0.1745414 0.7598106 0.06564804
0.1678754 0.7841122 0.04801249
0.1414768 0.8007062 0.05781703
0.1490205 0.7924105 0.058569
0.1782201 0.7752378 0.04654214
0.1665213 0.7751033 0.05837531
0.1582143 0.7912484 0.05053735
0.1570313 0.7914524 0.0515163
0.1635958 0.7853697 0.05103448
0.1594317 0.776832 0.06373623
0.1661819 0.7842032 0.04961487
0.1319356 0.8083875 0.05967683
0.1491067 0.792232 0.05866128
0.1846527 0.7672307 0.04811662
0.1661236 0.7656125 0.0682639
0.1660295 0.7827746 0.0511959
0.1532155 0.7898515 0.056933
0.1833081 0.7724237 0.04426826
0.1616095 0.7829918 0.05539868
0.1684045 0.7762775 0.055318
0.1488379 0.799972 0.05119012
0.1715152 0.7592809 0.06920395
0.1675711 0.7886648 0.04376411
0.1526774 0.7879909 0.05933174
0.1347999 0.7957713 0.06942873
0.1596282 0.78295 0.05742179
0.1625326 0.7789807 0.05848673
0.1407891 0.8056091 0.05360184
0.1482899 0.8009478 0.05076232
0.1922186 0.7523072 0.05547416
0.1804105 0.7722474 0.04734202
0.1654393 0.7763453 0.05821542
0.1628201 0.7881436 0.04903634
0.152689 0.793602 0.05370905
0.1736308 0.7762723 0.05009685
0.1388926 0.7920167 0.06909071
0.1587274 0.7801473 0.06112529
0.135764 0.8177121 0.04652394
0.1617879 0.7816649 0.05654719
0.1706058 0.7809422 0.04845196
0.1837917 0.7618097 0.05439857
0.15325 0.806285 0.04046501
0.1664984 0.7785562 0.05494539
0.1617198 0.773593 0.06468717
0.1750899 0.7680101 0.05690002
0.1631362 0.7733832 0.06348064
0.1631763 0.7861559 0.05066781
0.1444636 0.8072219 0.04831447
0.1700575 0.7825274 0.04741506
0.1818327 0.7671311 0.05103616
0.1724887 0.7729727 0.05453862
0.1509043 0.7982896 0.05080602
0.1491735 0.7918428 0.05898375
0.1510255 0.7829832 0.06599129
0.1701142 0.7776882 0.05219754
0.1821655 0.76456 0.0532745
0.1668323 0.778288 0.05487971
0.151106 0.8034766 0.04541741
0.1735331 0.7715692 0.05489768
0.1814186 0.7661226 0.05245876
0.1440884 0.7953334 0.06057824
0.1609059 0.7743162 0.06477794
0.1655361 0.7994666 0.03499725
0.1633447 0.7663439 0.07031137
0.1483339 0.7936458 0.05802029
0.1637517 0.7842714 0.05197689
0.1719326 0.7772306 0.0508368
0.1765105 0.7689047 0.05458481
0.1594049 0.7705748 0.07002028
0.1469813 0.8039579 0.04906084
0.1803215 0.7784269 0.04125156
0.1874983 0.7745862 0.03791548
0.159034 0.779515 0.061451
0.1773724 0.77396 0.0486676
0.1955033 0.7478354 0.05666132
0.1615327 0.7847631 0.05370414
0.1664683 0.7883543 0.04517732
0.18538 0.7680546 0.0465654
0.1664388 0.7830855 0.05047566
0.1644263 0.7838877 0.05168597
0.1413325 0.7908858 0.06778172
0.150899 0.7911088 0.05799228
0.1742657 0.7844419 0.04129247
0.1650849 0.7842823 0.05063283
0.1767315 0.7708007 0.05246784
0.1510551 0.8044579 0.04448706
0.1565341 0.783935 0.05953085
0.1652616 0.789013 0.04572538
0.1543488 0.7870857 0.05856545
0.1574433 0.7929421 0.04961455
0.1644381 0.7743395 0.06122239
0.1560159 0.7811614 0.06282261
0.1712609 0.7726846 0.05605444
0.1736722 0.7817967 0.04453115
0.1739348 0.776904 0.04916119
0.1916954 0.7583751 0.04992947
0.1689097 0.7734311 0.05765919
0.1446997 0.8042383 0.05106196
0.1657259 0.7836886 0.05058546
0.158442 0.7907877 0.05077028
0.1491073 0.8006286 0.05026405
0.1516586 0.7965027 0.05183863
0.1794431 0.7621586 0.05839836
0.1464719 0.8063706 0.04715749
0.1603869 0.7902956 0.04931748
0.1647372 0.778749 0.05651385
0.1519596 0.7954522 0.05258822
0.1574118 0.7951656 0.04742257
0.171523 0.7684102 0.0600668
0.1776685 0.7724218 0.04990971
0.1528094 0.7866688 0.06052179
0.1559877 0.7803823 0.06363002
0.1564246 0.783962 0.05961341
0.1536458 0.7964061 0.0499481
0.1675242 0.7813065 0.0511693
0.1535112 0.7983789 0.04810997
0.195341 0.7561456 0.04851338
0.1669073 0.7677299 0.06536287
0.1595681 0.7765314 0.06390052
0.1669876 0.7701903 0.06282205
0.1642386 0.7691114 0.06665
0.1546227 0.7995345 0.0458427
0.1536282 0.7847172 0.06165459
0.166224 0.7631687 0.0706073
0.1647263 0.7865266 0.04874706
0.1579703 0.7761918 0.06583786
0.1564395 0.783595 0.05996553
0.1694036 0.7885784 0.04201802
0.1498508 0.7900955 0.06005362
0.1647848 0.7821166 0.05309863
0.1751965 0.7867364 0.03806707
0.1594704 0.7831224 0.05740728
0.1630716 0.7774967 0.05943169
0.1661996 0.7764106 0.05738983
0.1712599 0.7773108 0.05142935
0.1743771 0.7651676 0.0604553
0.1687472 0.7627429 0.06850988
0.1827743 0.7601595 0.0570662
0.1659335 0.786992 0.04707449
0.1855661 0.7601508 0.05428304
0.148001 0.7957269 0.05627211
0.1682521 0.7780092 0.05373873
0.1688179 0.7715147 0.05966742
0.1744027 0.7639344 0.06166287
0.168545 0.7648782 0.06657682
0.1376382 0.8018914 0.06047042
0.1638598 0.7892319 0.04690832
0.1652216 0.7806325 0.05414592
0.1519017 0.7884982 0.05960006
0.153985 0.7854648 0.06055019
0.1635354 0.7924689 0.04399565
0.1536464 0.7863528 0.06000081
0.1852786 0.7620265 0.05269496
0.1601404 0.7828161 0.05704354
0.1695474 0.7664572 0.06399546
0.1487387 0.8123198 0.03894147
0.1601116 0.7760788 0.0638096
0.1692862 0.7652799 0.06543395
0.1598528 0.7807039 0.05944338
0.1508324 0.7912398 0.05792773
0.1587926 0.7900802 0.05112719
0.1679926 0.7807837 0.05122371
0.1644745 0.76799 0.06753543
0.1705957 0.7817985 0.04760576
0.1709262 0.7700059 0.05906784
0.1693846 0.7751686 0.05544681
0.168987 0.7725376 0.05847544
0.1547721 0.7962643 0.04896358
0.1702213 0.7695287 0.06024999
0.1756142 0.7711213 0.05326449
0.1658389 0.7938945 0.04026657
0.161916 0.779365 0.05871902
0.1791722 0.7652404 0.05558749
0.1505035 0.7837434 0.0657531
0.153943 0.7874614 0.05859561
0.1723531 0.7744132 0.05323365
0.1448074 0.7911425 0.0640501
0.1711849 0.7771229 0.05169229
0.1551009 0.7952901 0.04960904
0.1452876 0.7905211 0.06419136
0.1552113 0.7917667 0.05302204
0.158703 0.785384 0.05591299
0.1832573 0.7651647 0.05157796
0.1584536 0.7744496 0.06709682
0.1856046 0.770621 0.04377441
0.1623941 0.7862358 0.05137014
0.160116 0.7893784 0.05050556
0.1692594 0.7846253 0.04611533
0.146693 0.7964576 0.0568494
0.1726419 0.7726643 0.05469382
0.1507976 0.7843167 0.06488565
0.1741289 0.7780434 0.04782766
0.1763876 0.7646299 0.05898254
0.1534966 0.7967961 0.04970734
0.1587049 0.7681022 0.07319292
0.15918 0.7878423 0.05297772
0.1635361 0.7789962 0.05746771
0.1555667 0.7819321 0.06250124
0.1668598 0.7755367 0.05760352
0.1644177 0.7685441 0.0670382
0.1870675 0.7670264 0.04590613
0.1623625 0.7921808 0.0454567
0.1843325 0.7618032 0.05386427
0.1465384 0.7997429 0.05371861
0.1722357 0.789619 0.0381453
0.1604016 0.7834776 0.05612079
0.1702255 0.7608069 0.06896762
0.1916404 0.74696 0.06139963
0.1533286 0.7795657 0.06710564
0.1728382 0.7702852 0.0568766
0.1554283 0.7803633 0.06420836
0.1611013 0.7702432 0.0686555
0.1587797 0.7894049 0.05181546
0.1803662 0.7749998 0.044634
0.1380102 0.8071031 0.05488676
0.1422163 0.8124931 0.04529058
0.1664129 0.7959545 0.03763254
0.1858317 0.7611609 0.05300739
0.1468841 0.7892468 0.06386907
0.1723041 0.7839295 0.04376635
0.1626991 0.7890212 0.04827966
0.1704588 0.7748997 0.05464154
0.1480033 0.7990273 0.05296942
0.165402 0.784271 0.05032699
0.1603675 0.7916902 0.04794229
0.1607501 0.7882371 0.05101273
0.1669145 0.778929 0.05415647
0.1995341 0.7564156 0.04405033
0.148933 0.7994971 0.05156998
0.1643228 0.7776827 0.05799455
0.1727945 0.7774591 0.04974638
0.1384598 0.8063721 0.05516805
0.1840407 0.7635806 0.05237873
0.1703868 0.7730875 0.05652572
0.1684386 0.7796855 0.05187591
0.1436928 0.8024836 0.05382361
0.1745713 0.7789689 0.04645982
0.150652 0.7848772 0.06447081
0.1712816 0.7748476 0.0538708
0.1735522 0.7790956 0.04735221
0.1614286 0.7920781 0.04649329
0.1617897 0.7850064 0.05320392
0.1933953 0.753174 0.05343069
0.1633306 0.778747 0.05792241
0.1735631 0.7815077 0.04492919
0.1575352 0.7840017 0.05846319
0.1694973 0.7802428 0.05025992
0.1649925 0.7746044 0.06040313
0.1713158 0.7770944 0.05158988
0.163532 0.7802812 0.05618681
0.1578111 0.7781264 0.06406255
0.1785529 0.7714662 0.0499809
0.1439107 0.8130157 0.04307352
0.165665 0.7818058 0.0525292
0.1535389 0.7919082 0.05455284
0.1581114 0.7825988 0.05928984
0.1917878 0.7521597 0.05605249
0.1708837 0.7787752 0.05034116
0.1531835 0.7825461 0.06427044
0.1836736 0.7562475 0.06007884
0.1924202 0.7614383 0.04614153
0.1505882 0.782524 0.06688783
0.1592688 0.7926422 0.04808896
0.1846917 0.7705115 0.04479679
0.1644841 0.7725864 0.06292953
0.181258 0.7674205 0.05132148
0.1402931 0.7984007 0.06130622
0.1655668 0.7901473 0.04428592
0.1747428 0.7660627 0.05919447
0.1497879 0.7887491 0.06146293
0.1492623 0.8043547 0.04638298
0.1630762 0.7913609 0.04556289
0.1500619 0.7978187 0.05211937
0.1433543 0.786711 0.06993465
0.1597696 0.7896508 0.05057957
0.1651257 0.7842258 0.05064851
0.1740451 0.762967 0.06298791
0.1693441 0.7773117 0.05334421
0.1728417 0.7769236 0.05023462
0.164041 0.7628098 0.07314923
0.1768519 0.7679065 0.05524157
0.147456 0.7938765 0.05866748
0.1731218 0.7822081 0.04467019
0.1601985 0.7711887 0.06861283
0.1521679 0.8006471 0.04718496
0.1469079 0.8040667 0.04902543
0.1685617 0.7805325 0.0509058
0.1565042 0.7748458 0.06864998
0.1592615 0.7877475 0.05299099
0.1663213 0.7648319 0.06884682
0.1737212 0.7770169 0.04926185
0.1476202 0.7931047 0.05927508
0.1777082 0.7643411 0.05795075
0.1631686 0.7793846 0.05744684
0.1493389 0.8087455 0.0419156
0.1729513 0.7595172 0.06753144
0.1692015 0.7841222 0.04667627
0.1425143 0.8046877 0.05279803
0.1493052 0.7850474 0.06564732
0.1558556 0.7899545 0.05418993
0.1736041 0.7767911 0.0496048
0.1761614 0.757417 0.06642157
0.1640146 0.7805124 0.05547301
0.177815 0.7684222 0.05376281
0.1826963 0.7733522 0.04395155
0.1645388 0.7695509 0.06591026
0.1971172 0.7577141 0.04516871
0.1602791 0.7839954 0.05572546
0.1556061 0.7716942 0.07269976
0.1505824 0.7901185 0.05929906
0.1670511 0.763147 0.06980188
0.1630716 0.7760551 0.06087328
0.167731 0.7843833 0.04788565
0.1406893 0.8177405 0.04157028
0.1767359 0.7568724 0.06639166
0.172591 0.7805766 0.04683234
0.1704916 0.7803852 0.04912325
0.1400122 0.8001301 0.05985778
0.1832691 0.7654983 0.05123266
0.1495068 0.7982983 0.0521949
0.1633165 0.7928404 0.04384303
0.1737853 0.7774248 0.04878993
0.1478947 0.8046486 0.04745664
0.1637854 0.783691 0.05252358
0.1653873 0.7848736 0.0497391
0.1600791 0.7801411 0.05977979
0.1446448 0.7987487 0.05660649
0.1507657 0.809022 0.04021233
0.1440025 0.7941083 0.06188923
0.146671 0.794211 0.05911801
0.1483788 0.806846 0.04477517
0.1791435 0.7862836 0.0345729
0.191474 0.7520862 0.05643986
0.1418198 0.808038 0.05014229
0.1706795 0.7733618 0.05595869
0.1398382 0.8027009 0.05746091
0.1702978 0.7832009 0.04650134
0.1616492 0.7893291 0.04902176
0.1638767 0.7829229 0.05320036
0.1755405 0.7682078 0.05625176
0.1687712 0.7892596 0.0419692
0.1691742 0.7738916 0.05693421
0.1762595 0.7840798 0.03966071
0.1710637 0.7718733 0.05706305
0.1664001 0.7828238 0.05077612
0.1625757 0.7901895 0.04723483
0.1737811 0.7659526 0.0602663
0.1730994 0.783444 0.04345659
0.1925955 0.7594484 0.04795608
0.1742597 0.7828042 0.0429361
0.167122 0.7794179 0.05346003
0.1770832 0.7711106 0.0518062
0.1765147 0.7862131 0.03727217
0.1743303 0.765561 0.06010868
0.1663929 0.7710742 0.06253292
0.1655561 0.7793696 0.05507431
0.1871697 0.7573397 0.05549059
0.1316146 0.80827 0.06011533
0.1737293 0.7790224 0.04724826
0.1650039 0.7850657 0.04993042
0.166951 0.7818174 0.05123161
0.1653104 0.7892016 0.04548805
0.1525075 0.8067363 0.04075625
0.1580432 0.7854123 0.0565445
0.1732952 0.7823083 0.04439653
0.1792747 0.766258 0.0544673
0.155285 0.7775363 0.06717868
0.1534019 0.7810507 0.0655474
0.1574126 0.7803265 0.06226086
0.1367186 0.8097268 0.05355466
0.1575475 0.7902488 0.05220376
0.1660135 0.7611252 0.07286133
0.1579713 0.8006994 0.04132932
0.1495089 0.8096432 0.04084794
0.1642249 0.7942351 0.04154004
0.1672212 0.7921602 0.04061862
0.1789686 0.7538636 0.06716782
0.1620281 0.7894202 0.04855175
0.1652789 0.7780361 0.05668499
0.1637756 0.7747382 0.06148625
0.1886686 0.7511037 0.06022769
0.1557049 0.7918709 0.05242429
0.1510819 0.7918206 0.05709742
0.1640921 0.7786109 0.05729692
0.1535214 0.7919328 0.05454587
0.1635195 0.7839141 0.05256648
0.1637099 0.7798301 0.05646004
0.1775979 0.7622956 0.06010647
0.1464297 0.796089 0.05748124
0.1701553 0.7735557 0.05628901
0.1613894 0.770947 0.06766362
0.1733195 0.7727472 0.05393329
0.1436795 0.7971361 0.05918442
0.1729915 0.7708008 0.05620775
0.1514738 0.7936996 0.05482651
0.159828 0.8012765 0.03889545
0.1581645 0.8031281 0.03870735
0.1723388 0.7686235 0.05903764
0.1660163 0.7829528 0.05103086
0.1674126 0.7741726 0.05841483
0.1964303 0.7480536 0.05551615
0.1641329 0.7877789 0.04808822
0.1455803 0.7924699 0.06194986
0.1683742 0.7762455 0.0553803
0.1620028 0.7937921 0.04420509
0.1662441 0.7855063 0.04824963
0.1590241 0.7889184 0.0520575
0.1608958 0.7834206 0.05568352
0.179102 0.755016 0.06588206
0.1517422 0.7823475 0.06591022
0.1636733 0.770987 0.06533965
0.1696779 0.7791857 0.05113636
0.1463287 0.790299 0.06337238
0.1943581 0.7530473 0.05259464
0.1648838 0.7847198 0.0503964
0.1662334 0.7887212 0.04504537
0.1663271 0.7835378 0.05013511
0.1596936 0.7833294 0.05697704
0.1572118 0.7900278 0.05276042
0.163931 0.7762305 0.05983847
0.1654943 0.7882074 0.0462983
0.1949237 0.757306 0.04777034
0.1567637 0.7837126 0.05952377
0.1530391 0.7780371 0.06892381
0.1528418 0.790488 0.05667019
0.1805491 0.7724406 0.04701028
0.1611369 0.7896998 0.04916338
0.1693634 0.7751425 0.05549418
0.1589483 0.7829288 0.05812294
0.1623101 0.7837258 0.05396405
0.160695 0.7709783 0.06832669
0.183227 0.7655953 0.05117768
0.1767417 0.7761238 0.04713453
0.162908 0.7828385 0.05425345
0.1794876 0.7663959 0.05411655
0.1552154 0.7943751 0.0504095
0.1873875 0.7489795 0.06363301
0.16936 0.781361 0.04927899
0.1642915 0.7807003 0.05500825
0.1707953 0.7740489 0.05515573
0.1760812 0.7769723 0.04694645
0.1784125 0.7713992 0.0501883
0.1817695 0.7713077 0.04692279
0.1513379 0.7926592 0.05600289
0.1381069 0.809947 0.05194608
0.1736503 0.764367 0.06198268
0.1560461 0.7718381 0.07211578
0.1948879 0.7668601 0.03825201
0.1539196 0.7944013 0.05167911
0.1453785 0.788533 0.06608851
0.1538864 0.7857419 0.06037163
0.1818239 0.7658881 0.05228793
0.1520563 0.8045291 0.04341468
0.1691458 0.7620672 0.06878707
0.1508946 0.7939238 0.05518154
0.1629353 0.779822 0.05724275
0.1823025 0.7644375 0.05326003
0.1962302 0.7548971 0.04887273
0.1777884 0.774025 0.04818655
0.1650353 0.7795349 0.05542981
0.1464371 0.79378 0.05978292
0.1575424 0.778781 0.06367658
0.1707793 0.7705404 0.05868028
0.1678644 0.77679 0.05534558
0.1443052 0.8091815 0.04651328
0.1753195 0.7617222 0.06295824
0.1729279 0.7576726 0.06939946
0.1616564 0.7699215 0.06842213
0.1608216 0.7681375 0.07104086
0.1800202 0.755005 0.06497488
0.1481071 0.7946449 0.05724798
0.1601318 0.759972 0.0798962
0.1640788 0.7856681 0.05025303
0.1417254 0.7972542 0.06102037
0.1723919 0.7719919 0.05561629
0.1661244 0.7799469 0.05392879
0.1812134 0.7750999 0.04368676
0.1809435 0.7800112 0.03904538
0.158714 0.792085 0.04920099
0.1531317 0.7989675 0.04790072
0.1549526 0.7931247 0.05192268
0.1788721 0.7803541 0.0407738
0.1479251 0.7854836 0.06659127
0.1579816 0.7752509 0.06676752
0.1542776 0.7937932 0.05192922
0.1679344 0.7766727 0.0553929
0.1864041 0.7579231 0.05567277
0.1852345 0.7696161 0.04514947
0.1672897 0.767609 0.06510131
0.1777165 0.7697596 0.05252385
0.1720238 0.7784992 0.04947694
0.1885703 0.758996 0.05243374
0.1816008 0.7749048 0.0434944
0.1653794 0.7837267 0.05089387
0.1571354 0.7877949 0.05506975
0.175618 0.7791152 0.04526674
0.1723515 0.7846773 0.04297123
0.1723912 0.7689762 0.05863264
0.1680183 0.7721102 0.05987144
0.1525167 0.8001665 0.0473168
0.1584425 0.7886595 0.05289801
0.148726 0.8037462 0.04752781
0.1526082 0.7845305 0.06286126
0.1748175 0.768891 0.05629148
0.1815683 0.7498139 0.06861777
0.1741692 0.7754052 0.05042555
0.1711479 0.7785836 0.05026852
0.1748664 0.7756192 0.04951439
0.1612774 0.7827658 0.05595679
0.1468316 0.8071197 0.04604875
0.1352515 0.8154674 0.04928113
0.1752437 0.7720903 0.05266605
0.169809 0.7720628 0.05812824
0.1729671 0.759691 0.06734182
0.1485127 0.8008912 0.05059613
0.1774126 0.7665424 0.05604499
0.1590648 0.7992864 0.04164879
0.1641756 0.7894886 0.04633587
0.1622186 0.794181 0.04360041
0.1950484 0.7454935 0.05945806
0.1444692 0.8039386 0.05159219
0.1890878 0.7688854 0.04202678
0.1785976 0.7709863 0.05041609
0.1574673 0.7905459 0.05198684
0.1530965 0.789228 0.05767553
0.1629933 0.7880983 0.0489084
0.1492414 0.8094116 0.041347
0.1664307 0.7810312 0.05253803
0.1880458 0.7582423 0.05371191
0.1478975 0.7891815 0.06292102
0.1702288 0.7793107 0.05046052
0.183253 0.7690034 0.04774365
0.1590951 0.7950305 0.04587445
0.1818688 0.768806 0.04932518
0.144276 0.8047033 0.05102073
0.1482738 0.8089568 0.04276947
0.156225 0.792175 0.05160002
0.1509914 0.8103691 0.03863954
0.1597275 0.7664931 0.07377943
0.1642254 0.7838426 0.05193199
0.1623726 0.7817401 0.05588731
0.16578 0.7830029 0.05121706
0.1658625 0.7803426 0.05379494
0.1678009 0.7756112 0.05658795
0.1512458 0.788147 0.06060725
0.152726 0.785143 0.06213098
0.154168 0.7870936 0.05873833
0.1546324 0.7944668 0.05090078
0.1618676 0.7847529 0.05337947
0.1595288 0.7971399 0.04333135
0.1632614 0.7758473 0.06089125
0.1563468 0.7968326 0.04682066
0.1598192 0.7751783 0.06500252
0.1732776 0.7881743 0.03854804
0.1665099 0.7738738 0.05961629
0.1396548 0.7958755 0.06446965
0.1677081 0.7854728 0.0468191
0.1321237 0.8183631 0.04951319
0.1693183 0.7771161 0.05356565
0.1829805 0.7590327 0.05798684
0.1457238 0.7996017 0.05467454
0.1712067 0.7853622 0.04343113
0.1734969 0.7746881 0.05181501
0.1353063 0.8100601 0.05463363
0.1688915 0.7761994 0.05490908
0.1470446 0.8014088 0.05154662
0.1562674 0.7838589 0.05987368
0.170877 0.7746781 0.05444493
0.158743 0.7791442 0.06211276
0.1702031 0.7712758 0.05852112
0.1583672 0.7810806 0.06055219
0.1640557 0.7779275 0.05801675
0.1694157 0.7752341 0.05535021
0.1516567 0.7971943 0.05114897
0.1636122 0.7760767 0.06031102
0.1548458 0.7932828 0.05187143
0.1728281 0.7720487 0.05512318
0.1863619 0.7487154 0.06492272
0.1662281 0.784244 0.04952788
0.1784238 0.7745027 0.04707347
0.1262109 0.8068011 0.06698796
0.1501086 0.7958483 0.0540431
0.1712259 0.7848209 0.04395324
0.1740457 0.7705398 0.05541452
0.1519781 0.7869624 0.06105952
0.1764146 0.771141 0.05244437
0.1751315 0.779684 0.04518444
0.1729814 0.7641489 0.06286972
0.1592378 0.7712816 0.06948063
0.1657948 0.7745407 0.05966446
0.156295 0.7900755 0.05362956
0.1687614 0.7745845 0.05665412
0.1542879 0.7902621 0.05545002
0.1505193 0.7802319 0.0692488
0.1655672 0.7796715 0.05476135
0.1675075 0.7818558 0.0506367
0.1645808 0.7901701 0.04524906
0.1780833 0.7631808 0.05873592
0.1837854 0.7692166 0.04699795
0.1766092 0.758679 0.06471173
0.1588375 0.7912243 0.04993822
0.1701366 0.7755438 0.05431966
0.1658597 0.7758227 0.05831755
0.1744654 0.7780366 0.04749792
0.1706307 0.7764861 0.05288318
0.1773304 0.7618771 0.06079253
0.1605552 0.7871421 0.05230261
0.1600097 0.7805352 0.05945511
0.1669917 0.7848308 0.04817757
0.1692058 0.7474906 0.0833036
0.168934 0.7766015 0.05446451
0.1425913 0.8006784 0.0567303
0.1692083 0.7795931 0.05119862
0.1602402 0.7858458 0.05391407
0.1675318 0.7762745 0.05619374
0.181055 0.7636738 0.05527116
