p_1 p_2 p_3 
0.1467255 0.1027597 0.7505148 
0.1916262 0.05117909 0.7571947 
0.1341035 0.03332222 0.8325743 
0.1058792 0.03424298 0.8598779 
0.1392659 0.05205894 0.8086751 
0.1276581 0.09065745 0.7816844 
0.1256434 0.06253389 0.8118227 
0.160561 0.0651457 0.7742933 
0.1248491 0.08625648 0.7888944 
0.2131867 0.0752441 0.7115692 
0.1830484 0.002652536 0.8142991 
0.1318833 0.0236133 0.8445034 
0.2253704 0.04662916 0.7280005 
0.1649986 0.07165022 0.7633512 
0.1336737 0.0402911 0.8260352 
0.1355946 0.03320221 0.8312032 
0.206674 0.03119202 0.7621339 
0.1081838 0.0878327 0.8039835 
0.1661617 0.1006302 0.733208 
0.1220114 0.1269135 0.7510751 
0.1118849 0.1012982 0.7868169 
0.1746919 0.08778128 0.7375268 
0.1527028 0.07355424 0.773743 
0.1428687 0.06318933 0.7939419 
0.1370241 0.020599 0.8423769 
0.1942167 0.04438363 0.7613997 
0.1712608 0.03642063 0.7923186 
0.09325483 0.06296965 0.8437755 
0.1450687 0.09696033 0.757971 
0.1647613 0.1274446 0.7077941 
0.07919856 0.07792774 0.8428737 
0.2402599 0.01726256 0.7424775 
0.1319285 0.08365692 0.7844146 
0.2282709 0.07094907 0.7007801 
0.2071444 0.06768562 0.72517 
0.1860714 0.09896224 0.7149664 
0.1641792 0.06707713 0.7687437 
0.1013991 0.05007547 0.8485254 
0.1567031 0.0557435 0.7875534 
0.09073909 0.07327172 0.8359892 
0.2174198 0.08584566 0.6967345 
0.2029495 0.05372493 0.7433256 
0.158177 0.02650974 0.8153132 
0.08940052 0.06814416 0.8424553 
0.1739403 0.02878714 0.7972725 
0.1126415 0.06837628 0.8189823 
0.1074659 0.05454244 0.8379917 
0.1658766 0.03414013 0.7999833 
0.1224265 0.05793271 0.8196408 
0.2065012 0.03633522 0.7571636 
0.1024352 0.04091646 0.8566483 
0.1480909 0.05978008 0.792129 
0.1646274 0.08403225 0.7513403 
0.09780647 0.04040855 0.861785 
0.147594 0.0379382 0.8144678 
0.1223739 0.06941454 0.8082116 
0.1294948 0.07309337 0.7974118 
0.1186945 0.06647975 0.8148257 
0.158299 0.07517713 0.7665238 
0.1082581 0.07204177 0.8197001 
0.1923576 0.0558287 0.7518137 
0.1477176 0.04187494 0.8104075 
0.1329053 0.06097167 0.8061231 
0.1779813 0.07594619 0.7460725 
0.1615809 0.08518824 0.7532308 
0.1960804 0.02219888 0.7817207 
0.06373506 0.09200473 0.8442602 
0.2295894 0.06094933 0.7094612 
0.2218078 0.1133819 0.6648103 
0.180106 0.0427818 0.7771122 
0.1110941 0.03777933 0.8511266 
0.1401346 0.04952818 0.8103373 
0.1303643 0.02918113 0.8404546 
0.1260927 0.1035743 0.770333 
0.1101677 0.06747669 0.8223556 
0.1440357 0.0544795 0.8014848 
0.1429759 0.04896417 0.8080599 
0.1337756 0.0706521 0.7955723 
0.1296049 0.050287 0.8201081 
0.1108143 0.066067 0.8231187 
0.09545961 0.0927622 0.8117782 
0.1073287 0.1525291 0.7401422 
0.09193134 0.170201 0.7378676 
0.06417796 0.1365742 0.7992479 
0.09052373 0.1807987 0.7286775 
0.04659807 0.1207678 0.8326342 
0.069511 0.09388516 0.8366038 
0.02828508 0.1114254 0.8602896 
0.06807773 0.1341306 0.7977917 
0.08628715 0.1547902 0.7589226 
0.1016547 0.1605178 0.7378274 
0.04935749 0.1357117 0.8149308 
0.03681425 0.1347114 0.8284743 
0.0788758 0.1827634 0.7383608 
0.111129 0.108425 0.780446 
0.07062504 0.1359373 0.7934377 
0.04080825 0.2087001 0.7504917 
0.09445925 0.17743 0.7281108 
0.0882437 0.1326544 0.7791019 
0.07049897 0.1003752 0.8291258 
0.07205497 0.08069351 0.8472515 
0.09807333 0.1567196 0.7452071 
0.09644246 0.1681144 0.7354431 
0.2026066 0.06588956 0.7315039 
0.1983575 0.07048299 0.7311595 
0.08313877 0.1399742 0.7768871 
0.104911 0.05868296 0.836406 
0.1602618 0.1071308 0.7326074 
0.1176144 0.05543874 0.8269469 
0.156642 0.02414118 0.8192168 
0.1198961 0.05031911 0.8297848 
0.1495865 0.06350721 0.7869063 
0.1135805 0.02101574 0.8654038 
0.09957567 0.04246941 0.8579549 
0.142611 0.06407315 0.7933158 
0.1456428 0.0917247 0.7626325 
0.0581238 0.08023182 0.8616444 
0.1168739 0.0770521 0.806074 
0.09503026 0.03099263 0.8739771 
0.2039876 0.05248083 0.7435315 
0.1001763 0.01419876 0.885625 
0.1470823 0.04394836 0.8089694 
0.1171879 0.05194055 0.8308716 
0.1634441 0.119056 0.7174999 
0.2006682 0.04786832 0.7514635 
0.1748811 0.06909201 0.7560269 
0.09584791 0.02068533 0.8834668 
0.1650355 0.04574066 0.7892239 
0.1421927 0.03864026 0.819167 
0.1236828 0.1000611 0.7762561 
0.1455033 0.07067408 0.7838227 
0.2165286 0.008984066 0.7744874 
0.1437517 0.02160743 0.8346408 
0.1191944 0.07532683 0.8054787 
0.07764769 0.06531035 0.857042 
0.1121613 0.03532261 0.8525161 
0.1487666 0.04074404 0.8104893 
0.1228305 0.06877608 0.8083934 
0.1306127 0.043868 0.8255193 
0.113681 0.03127513 0.8550438 
0.1595364 0.03034722 0.8101164 
0.09902839 0.05452798 0.8464436 
0.1524762 0.1401303 0.7073935 
0.1879775 0.0442463 0.7677762 
0.0726548 0.06538026 0.8619649 
0.07768086 0.1113183 0.8110009 
0.1745603 0.1236999 0.7017399 
0.1676445 0.02515946 0.807196 
0.1952606 0.04709895 0.7576405 
0.1445885 0.0234761 0.8319354 
0.09565062 0.06208011 0.8422693 
0.1032457 0.05533161 0.8414227 
0.1130588 0.03689383 0.8500474 
0.1613288 0.08436207 0.7543091 
0.1379046 0.09669967 0.7653957 
0.1329692 0.06235926 0.8046716 
0.1395136 0.0599604 0.800526 
0.164045 0.07108722 0.7648677 
0.1477067 0.05216377 0.8001295 
0.1698685 0.0584114 0.7717201 
0.131429 0.09288033 0.7756907 
0.1085065 0.05499088 0.8365026 
0.1984178 0.002974222 0.7986079 
0.1509845 0.06176379 0.7872517 
0.1587402 0.04648051 0.7947793 
0.1428264 0.03568382 0.8214898 
0.1036313 0.07723362 0.8191351 
0.1153142 0.05769007 0.8269958 
0.1987169 0.07124031 0.7300428 
0.1388595 0.07521727 0.7859232 
0.1936815 0.06816851 0.73815 
0.1749323 0.05535523 0.7697125 
0.1497152 0.0603978 0.789887 
0.1352502 0.07462998 0.7901198 
0.1490962 0.06640773 0.7844961 
0.1194616 0.07411863 0.8064197 
0.1538189 0.02458651 0.8215946 
0.1302096 0.04492702 0.8248634 
0.09456262 0.09313725 0.8123001 
0.1423078 0.1159571 0.741735 
0.123621 0.03594335 0.8404356 
0.1768381 0.05453095 0.768631 
0.08979816 0.06750145 0.8427004 
0.1107778 0.0738888 0.8153334 
0.1140066 0.05032143 0.835672 
0.1100097 0.1624983 0.727492 
0.07312994 0.04363917 0.8832309 
0.1911449 0.03767168 0.7711834 
0.1011975 0.05358737 0.8452152 
0.1007822 0.04407819 0.8551396 
0.1440315 0.1112011 0.7447674 
0.1146596 0.05327009 0.8320703 
0.1029926 0.03954597 0.8574614 
0.1364346 0.03215988 0.8314055 
0.1907795 0.05863832 0.7505822 
0.1446904 0.0887946 0.766515 
0.1367894 0.06309814 0.8001125 
0.06568768 0.1498751 0.7844372 
0.1484273 0.1289108 0.7226618 
0.1358694 0.03653044 0.8276002 
0.1041477 0.06569665 0.8301556 
0.1602991 0.06668141 0.7730195 
0.09997955 0.04351744 0.856503 
0.2014693 0.05110503 0.7474257 
0.1223106 0.01966604 0.8580234 
0.08543227 0.05404798 0.8605197 
0.1228327 0.0823009 0.7948664 
0.1342123 0.06323933 0.8025484 
0.1325226 0.05893586 0.8085416 
0.09280684 0.1721608 0.7350324 
0.1248765 0.1678665 0.707257 
0.0808506 0.0921049 0.8270445 
0.1108011 0.07348395 0.815715 
0.132822 0.05096131 0.8162167 
0.1332793 0.07386175 0.7928589 
0.1094308 0.05416781 0.8364013 
0.121622 0.08412977 0.7942482 
0.1058337 0.06577335 0.828393 
0.1522933 0.05662754 0.7910791 
0.09123139 0.08088779 0.8278808 
0.2024015 0.07313274 0.7244657 
0.1013444 0.1286312 0.7700244 
0.1892229 0.06361611 0.747161 
0.1426136 0.07907706 0.7783093 
0.193446 0.09482031 0.7117337 
0.1926556 0.06309462 0.7442498 
0.1671967 0.0254554 0.8073479 
0.1569781 0.04669207 0.7963299 
0.176777 0.04671049 0.7765125 
0.1104455 0.03609474 0.8534598 
0.1565204 0.02272813 0.8207515 
0.09822904 0.08043096 0.82134 
0.2342573 0.05767518 0.7080675 
0.1537304 0.05475786 0.7915118 
0.1008347 0.05732164 0.8418437 
0.1077603 0.09840224 0.7938375 
0.1884221 0.143707 0.6678709 
0.1488985 0.1082294 0.7428721 
0.1889852 0.02569667 0.7853181 
0.1323358 0.0749467 0.7927175 
0.1055571 0.04508856 0.8493543 
0.1095477 0.06639423 0.8240581 
0.1325291 0.0346286 0.8328423 
0.106668 0.0882781 0.8050539 
0.1112151 0.06738205 0.8214028 
0.1374926 0.05683547 0.8056719 
0.1326009 0.04730448 0.8200946 
0.1297489 0.04072161 0.8295295 
0.1417466 0.05160535 0.806648 
0.1249121 0.02831475 0.8467732 
0.1613764 0.08467967 0.7539439 
0.09386428 0.07531279 0.8308229 
0.1497691 0.08094721 0.7692837 
0.1399501 0.079761 0.7802889 
0.0937698 0.04350575 0.8627245 
0.1557194 0.05641751 0.7878631 
0.1256227 0.04823038 0.8261469 
0.1491499 0.06825769 0.7825924 
0.1199758 0.05660923 0.8234149 
0.1769629 0.0947231 0.728314 
0.1409984 0.05745797 0.8015436 
0.1576757 0.1242478 0.7180765 
0.0756133 0.06004674 0.86434 
0.1917972 0.05011103 0.7580918 
0.06298763 0.1610535 0.7759588 
0.09659468 0.05421154 0.8491938 
0.1372042 0.03990702 0.8228888 
0.1246363 0.06203441 0.8133293 
0.1274329 0.09816848 0.7743987 
0.1654064 0.03255828 0.8020353 
0.1887788 0.06780017 0.743421 
0.135825 0.03146275 0.8327123 
0.1156371 0.0631903 0.8211726 
0.1854206 0.05273268 0.7618467 
0.124485 0.1191679 0.7563471 
0.2191992 0.02950073 0.7513001 
0.1828717 0.04427454 0.7728538 
0.1527209 0.07999439 0.7672848 
0.122572 0.08027848 0.7971495 
0.09779207 0.07687925 0.8253287 
0.1200175 0.05977966 0.8202028 
0.168804 0.05985666 0.7713393 
0.1878369 0.07647104 0.7356921 
0.1487931 0.07411645 0.7770904 
0.2470555 0.02790879 0.7250357 
0.1066887 0.06336925 0.829942 
0.1043531 0.02569267 0.8699542 
0.1046911 0.06884039 0.8264685 
0.1477569 0.08296442 0.7692787 
0.1924416 0.08135389 0.7262045 
0.1664431 0.02179358 0.8117633 
0.1533984 0.04763885 0.7989627 
0.1216084 0.03642004 0.8419715 
0.1621378 0.053575 0.7842872 
0.09238208 0.08583628 0.8217816 
0.1595492 0.03923255 0.8012182 
0.09693177 0.05374304 0.8493252 
0.1454164 0.08304629 0.7715373 
0.2275039 0.08759429 0.6849018 
0.1006435 0.0885584 0.8107981 
0.11173 0.06302779 0.8252422 
0.09228065 0.06107424 0.8466451 
0.129024 0.09270906 0.778267 
0.175022 0.1054023 0.7195757 
0.1032404 0.04987419 0.8468854 
0.1836388 0.01995271 0.7964085 
0.1569436 0.03949199 0.8035644 
0.1858316 0.0200411 0.7941273 
0.1135917 0.02691562 0.8594927 
0.09678916 0.08253611 0.8206747 
0.1374099 0.06469489 0.7978952 
0.09533235 0.05581545 0.8488522 
0.1528734 0.1314596 0.715667 
0.07592589 0.07849938 0.8455747 
0.1049409 0.05264973 0.8424094 
0.06803039 0.04365778 0.8883118 
0.1108912 0.1608272 0.7282816 
0.2380133 0.03003013 0.7319566 
0.1805152 0.00411352 0.8153713 
0.1826978 0.05147749 0.7658247 
0.09965303 0.09827489 0.8020721 
0.147155 0.119763 0.733082 
0.09076702 0.07863861 0.8305944 
0.09199148 0.09875247 0.809256 
0.1083601 0.1792242 0.7124157 
0.1065162 0.09938448 0.7940993 
0.1172848 0.02134565 0.8613696 
0.1556304 0.05579807 0.7885715 
0.1284656 0.08418695 0.7873474 
0.1370098 0.05429934 0.8086908 
0.1167606 0.03407499 0.8491645 
0.1243802 0.02548849 0.8501314 
0.07221468 0.03800088 0.8897844 
0.1679906 0.05548652 0.7765228 
0.148394 0.01902798 0.832578 
0.1715969 0.07207075 0.7563324 
0.0891488 0.06336579 0.8474854 
0.1939299 0.04940557 0.7566645 
0.1973128 0.006217239 0.79647 
0.1864832 0.03737907 0.7761377 
0.2169359 0.03579355 0.7472705 
0.00251646 0.2197583 0.7777252 
0.1791262 0.03305853 0.7878152 
0.1202253 0.04853724 0.8312375 
0.07402819 0.09200283 0.833969 
0.08673834 0.1004035 0.8128581 
0.09984897 0.05902702 0.841124 
0.1882319 0.0510454 0.7607227 
0.13766 0.0278906 0.8344495 
0.1520518 0.01866413 0.829284 
0.1518179 0.04965931 0.7985228 
0.1553192 0.02985812 0.8148227 
0.1338338 0.07572902 0.7904372 
0.1554124 0.06861777 0.7759698 
0.06319586 0.0478583 0.8889458 
0.1634156 0.06124224 0.7753421 
0.1654339 0.05654344 0.7780226 
0.1866496 0.06084827 0.7525021 
0.12723 0.05562569 0.8171443 
0.1470711 0.07037336 0.7825556 
0.1101495 0.07865341 0.8111971 
0.1060848 0.0277522 0.866163 
0.1804479 0.03883169 0.7807204 
0.197019 0.05318468 0.7497963 
0.08516199 0.06265348 0.8521845 
0.1563335 0.07357184 0.7700947 
0.1182255 0.01996397 0.8618105 
0.1678131 0.0543973 0.7777896 
0.1255087 0.07585413 0.7986371 
0.123634 0.06923983 0.8071262 
0.1228667 0.1462407 0.7308926 
0.1199685 0.0694647 0.8105668 
0.2243448 0.007945297 0.7677099 
0.2423914 0.004281835 0.7533268 
0.1013052 0.05890862 0.8397862 
0.1198701 0.03217581 0.8479541 
0.1493774 0.06220475 0.7884178 
0.133962 0.06836035 0.7976777 
0.1516322 0.05026189 0.7981059 
0.1213567 0.03766794 0.8409754 
0.1109882 0.07404634 0.8149655 
0.2211739 0.06097102 0.7178551 
0.223122 0.0602055 0.7166725 
0.1341869 0.07743156 0.7883815 
0.09522437 0.1205883 0.7841873 
0.09253452 0.0530336 0.8544319 
0.09371087 0.07056152 0.8357276 
0.1467225 0.02259703 0.8306804 
0.1641412 0.06749219 0.7683666 
0.09743208 0.08071856 0.8218494 
0.1099479 0.05819153 0.8318605 
0.1061974 0.0362331 0.8575695 
0.2163851 0.02782966 0.7557853 
0.1736742 0.09357173 0.7327541 
0.1688173 0.09036903 0.7408137 
0.2157651 0.02314349 0.7610914 
0.1322792 0.05799509 0.8097257 
0.1357965 0.05621073 0.8079927 
0.1591853 0.04966766 0.7911471 
0.1914538 0.03508247 0.7734637 
0.2087185 0.05731528 0.7339663 
0.1445224 0.1080011 0.7474766 
0.1018666 0.08008076 0.8180526 
0.08834775 0.04031658 0.8713357 
0.138585 0.05459965 0.8068153 
0.171413 0.05568569 0.7729013 
0.2164995 0.02798329 0.7555172 
0.1022891 0.1205339 0.777177 
0.1151418 0.09111504 0.7937432 
0.1841292 0.01665891 0.7992119 
0.2002653 0.08370322 0.7160315 
0.149679 0.07918684 0.7711342 
0.1300938 0.05729548 0.8126107 
0.1345525 0.06131172 0.8041357 
0.1379763 0.09498264 0.7670411 
0.1607274 0.1006567 0.7386159 
0.1284757 0.03378635 0.837738 
0.1159182 0.1116408 0.7724411 
0.1669239 0.06491513 0.768161 
0.1516961 0.04511982 0.803184 
0.1863414 0.03787128 0.7757873 
0.1791957 0.02949549 0.7913088 
0.1307965 0.05478467 0.8144188 
0.1182361 0.06596374 0.8158002 
0.09705551 0.09662926 0.8063152 
0.079417 0.04170392 0.8788791 
0.1833481 0.05886517 0.7577867 
0.09686989 0.1488916 0.7542385 
0.08646987 0.06607624 0.8474539 
0.1024531 0.1460065 0.7515404 
0.08552701 0.07460408 0.8398689 
0.2412152 0.04763792 0.7111468 
0.1355603 0.0489482 0.8154915 
0.1119872 0.02043179 0.867581 
0.1398032 0.04136576 0.818831 
0.1514727 0.07287404 0.7756532 
0.1094758 0.1446665 0.7458578 
0.1361695 0.06772489 0.7961056 
0.1834991 0.06790771 0.7485932 
0.1343319 0.07935173 0.7863164 
0.08147601 0.03924002 0.879284 
0.1656143 0.03874492 0.7956408 
0.1579498 0.03424317 0.807807 
0.1107383 0.0504081 0.8388536 
0.1308796 0.07392715 0.7951932 
0.1779858 0.06092153 0.7610927 
0.1666745 0.03683541 0.7964901 
0.1371936 0.0714564 0.79135 
0.1485237 0.03416452 0.8173118 
0.1138399 0.03899029 0.8471698 
0.1691452 0.0633133 0.7675415 
0.1939149 0.03677597 0.7693091 
0.2056472 0.05306201 0.7412908 
0.1731998 0.05294081 0.7738594 
0.1962049 0.003496198 0.8002989 
0.138913 0.008361183 0.8527258 
0.1999402 0.03021537 0.7698444 
0.1773487 0.04243232 0.7802189 
0.1144946 0.06451268 0.8209927 
0.1574191 0.1119241 0.7306568 
0.1214885 0.06000357 0.8185079 
0.160742 0.1015673 0.7376907 
0.1269765 0.1368775 0.736146 
0.1336767 0.07218064 0.7941427 
0.09705667 0.09353379 0.8094095 
0.1582613 0.08781943 0.7539193 
0.1294205 0.1278671 0.7427125 
0.1653463 0.06947343 0.7651803 
0.1750687 0.06394576 0.7609856 
0.1744588 0.03464785 0.7908933 
0.1618172 0.06926913 0.7689136 
0.1037332 0.04555133 0.8507154 
0.1872738 0.06079121 0.751935 
0.1668874 0.09083532 0.7422773 
0.1812206 0.07287014 0.7459093 
0.2019148 0.03332954 0.7647557 
0.1048718 0.01879886 0.8763293 
0.1286695 0.06567011 0.8056604 
0.09081391 0.05880562 0.8503805 
0.2837167 0.0002265846 0.7160567 
0.1781868 0.04082063 0.7809925 
0.1101904 0.06448188 0.8253277 
0.1585194 0.04288194 0.7985986 
0.1839471 0.005243833 0.8108091 
0.1259844 0.05842962 0.815586 
0.1787131 0.06763128 0.7536557 
0.08234535 0.04196145 0.8756932 
0.1309627 0.06935752 0.7996798 
0.1231735 0.07913471 0.7976918 
0.202589 0.03625979 0.7611512 
0.1845812 0.06913581 0.746283 
0.1112967 0.04583283 0.8428704 
0.2035034 0.08321861 0.713278 
0.2724097 0.03889789 0.6886924 
0.05400053 0.1290546 0.8169449 
0.05713923 0.05912632 0.8837344 
0.1509662 0.07345633 0.7755775 
0.1040363 0.03946155 0.8565021 
0.169583 0.06079195 0.7696251 
0.1041382 0.03015777 0.8657041 
0.05560022 0.05523067 0.8891691 
0.1382761 0.1112792 0.7504448 
0.1155454 0.131442 0.7530126 
0.1941499 0.08456193 0.7212881 
0.1441225 0.07928226 0.7765952 
0.09893907 0.1268182 0.7742428 
0.03757261 0.05917117 0.9032562 
0.08671947 0.0957751 0.8175054 
0.1462212 0.04584515 0.8079337 
0.1552984 0.08711889 0.7575827 
0.1520911 0.08437819 0.7635307 
0.145704 0.136103 0.718193 
0.1681742 0.06851592 0.7633099 
0.08751411 0.08354645 0.8289394 
0.1119785 0.07400985 0.8140116 
0.119252 0.07876176 0.8019862 
0.1487654 0.04809735 0.8031372 
0.1059314 0.06510232 0.8289663 
0.06833855 0.1296939 0.8019676 
0.05848668 0.112266 0.8292474 
0.114793 0.04708596 0.8381211 
0.2159713 0.06224608 0.7217826 
0.1710242 0.03924142 0.7897344 
0.08467785 0.03001521 0.8853069 
0.1154144 0.02263016 0.8619554 
0.1131665 0.06948389 0.8173496 
0.1581113 0.09955267 0.742336 
0.1028364 0.04932494 0.8478387 
0.1592581 0.04818697 0.7925549 
0.173181 0.06084992 0.7659691 
0.1545431 0.09577725 0.7496797 
0.1054756 0.06963787 0.8248865 
0.1397125 0.09615269 0.7641348 
0.135612 0.03408932 0.8302987 
0.1629654 0.05988287 0.7771518 
0.1292551 0.03271165 0.8380333 
0.1752522 0.03332383 0.791424 
0.1490394 0.04460751 0.8063531 
0.0779352 0.01595442 0.9061104 
0.1047276 0.04591684 0.8493556 
0.1569162 0.04681504 0.7962688 
0.1191029 0.03693666 0.8439604 
0.1319921 0.06127441 0.8067335 
0.1252942 0.08427293 0.7904329 
0.1289751 0.04603748 0.8249874 
0.1854101 0.05815417 0.7564357 
0.1188095 0.04162655 0.8395639 
0.1941323 0.05989391 0.7459738 
0.1565249 0.05748033 0.7859948 
0.1008751 0.06903386 0.830091 
0.1170894 0.07235091 0.8105597 
0.1600826 0.01752662 0.8223908 
0.205891 0.0711666 0.7229424 
0.1306886 0.08117623 0.7881352 
0.08125304 0.05490973 0.8638372 
0.09608214 0.08939368 0.8145242 
0.1647902 0.06353949 0.7716703 
0.1526785 0.06369282 0.7836287 
0.0946268 0.03915882 0.8662144 
0.1352405 0.06998261 0.7947769 
0.08927242 0.08381141 0.8269162 
0.09962407 0.04991559 0.8504603 
0.1336536 0.1023586 0.7639878 
0.1532985 0.06866375 0.7780377 
0.1197809 0.07626182 0.8039573 
0.162403 0.05792858 0.7796684 
0.08803254 0.04861661 0.8633508 
0.1618841 0.03928992 0.798826 
0.2137922 0.04076354 0.7454442 
0.1602621 0.08633823 0.7533996 
0.2185019 0.07361279 0.7078853 
0.1725968 0.114496 0.7129072 
0.1229806 0.05890516 0.8181143 
0.1806546 0.07392901 0.7454163 
0.1464161 0.08608991 0.767494 
0.06233242 0.04714628 0.8905213 
0.2571884 0.04930806 0.6935035 
0.1303134 0.04855824 0.8211284 
0.1447581 0.0522875 0.8029544 
0.1798272 0.1166526 0.7035202 
0.1326681 0.08276767 0.7845643 
0.1530867 0.02312492 0.8237883 
0.1262163 0.05766747 0.8161162 
0.07987335 0.0550611 0.8650655 
0.1527736 0.06587508 0.7813514 
0.1510705 0.05323568 0.7956938 
0.1691892 0.07482897 0.7559818 
0.1485998 0.04206161 0.8093386 
0.1349762 0.0818781 0.7831457 
0.156957 0.02876693 0.8142761 
0.1685541 0.05208044 0.7793654 
0.1631079 0.07283079 0.7640613 
0.110863 0.05333282 0.8358042 
0.1096686 0.05430265 0.8360288 
0.1163807 0.06033596 0.8232834 
0.144235 0.05450218 0.8012628 
0.1180089 0.0533547 0.8286364 
0.1204617 0.04645052 0.8330878 
0.1697208 0.02236753 0.8079117 
0.2330543 0.06464319 0.7023025 
0.1108533 0.08550473 0.803642 
0.1122838 0.06268416 0.8250321 
0.1696204 0.04221902 0.7881606 
0.187218 0.07145226 0.7413297 
0.2026665 0.08052004 0.7168135 
0.2122725 0.03076961 0.7569579 
0.1640686 0.06836209 0.7675693 
0.1338815 0.07367206 0.7924464 
0.1303338 0.1102835 0.7593827 
0.1580112 0.04874531 0.7932435 
0.07030715 0.08500666 0.8446862 
0.07597955 0.05569202 0.8683284 
0.120751 0.1128633 0.7663857 
0.1396251 0.05836689 0.802008 
0.2022784 0.03108708 0.7666346 
0.1041026 0.1314468 0.7644506 
0.1915375 0.0002969033 0.8081656 
0.207122 0.02236576 0.7705123 
0.2501369 0.008311517 0.7415516 
0.03196194 0.1304665 0.8375715 
0.1417692 0.03114214 0.8270887 
0.1536782 0.02155784 0.824764 
0.1792913 0.02263657 0.7980721 
0.2426345 0.001148851 0.7562166 
0.2303746 0.004891249 0.7647341 
0.1741577 0.09802851 0.7278138 
0.1953229 0.03961303 0.765064 
0.1374778 0.05678054 0.8057416 
0.1901258 0.03766178 0.7722124 
0.1657976 0.05590902 0.7782934 
0.1672119 0.04969706 0.7830911 
0.115576 0.1060775 0.7783465 
0.1166626 0.139362 0.7439754 
0.1849276 0.08184346 0.733229 
0.1085059 0.1343612 0.7571328 
0.1215082 0.05537503 0.8231168 
0.1033887 0.07391927 0.822692 
0.1030748 0.05242688 0.8444983 
0.1302228 0.1118913 0.757886 
0.08214905 0.03565508 0.8821959 
0.131381 0.07141424 0.7972047 
0.2392552 0.06309623 0.6976486 
0.1190415 0.0971844 0.7837741 
0.1499083 0.1028901 0.7472016 
0.1595303 0.04858748 0.7918822 
0.1654404 0.04531265 0.7892469 
0.112017 0.1419468 0.7460362 
0.1282831 0.08276252 0.7889543 
0.09839494 0.07046055 0.8311445 
0.1002146 0.1167763 0.7830091 
0.1289719 0.1320969 0.7389312 
0.1445759 0.03127221 0.8241519 
0.136556 0.03625017 0.8271938 
0.1097776 0.09330572 0.7969167 
0.1468729 0.08493465 0.7681924 
0.05226375 0.1983949 0.7493414 
0.1502915 0.07923857 0.77047 
0.1324545 0.03865735 0.8288881 
0.1557247 0.06624561 0.7780297 
0.1357143 0.07233875 0.791947 
0.1244203 0.04025435 0.8353253 
0.2244899 0.05550737 0.7200027 
0.1371567 0.03169456 0.8311487 
0.1290299 0.0563482 0.8146219 
0.1808858 0.04329967 0.7758145 
0.141446 0.02419167 0.8343623 
0.1043359 0.04211493 0.8535491 
0.1025744 0.12363 0.7737956 
0.1966551 0.07432296 0.7290219 
0.1389016 0.1164496 0.7446488 
0.1035317 0.03629262 0.8601757 
0.1296739 0.127549 0.7427771 
0.220245 0.04383841 0.7359166 
0.1292912 0.0843042 0.7864046 
0.1352973 0.0993552 0.7653475 
0.1738259 0.04887831 0.7772958 
0.1690377 0.1067585 0.7242038 
0.1266735 0.0322492 0.8410773 
0.1140094 0.0925742 0.7934164 
0.1273959 0.05581889 0.8167852 
0.1328475 0.1006593 0.7664932 
0.1100242 0.08856077 0.801415 
0.1834594 0.04418756 0.7723531 
0.1340799 0.03763473 0.8282853 
0.2165387 0.0461465 0.7373148 
0.09490644 0.0706348 0.8344588 
0.1311348 0.04004782 0.8288174 
0.1574812 0.03910591 0.8034129 
0.1577853 0.02747649 0.8147383 
0.2202252 0.05085349 0.7289214 
0.1555659 0.1040168 0.7404173 
0.1274392 0.04748756 0.8250733 
0.1821099 0.02521793 0.7926722 
0.1365337 0.07253975 0.7909265 
0.1586709 0.1374996 0.7038295 
0.1780577 0.05934387 0.7625984 
0.1078436 0.09095217 0.8012043 
0.06874453 0.1854488 0.7458067 
0.1129577 0.03281179 0.8542306 
0.1229005 0.1331832 0.7439163 
0.1801593 0.04677631 0.7730644 
0.1904913 0.05580124 0.7537075 
0.1321019 0.08851418 0.7793839 
0.1183995 0.04853095 0.8330695 
0.1931301 0.06930146 0.7375685 
0.1159086 0.0857747 0.7983167 
0.1887521 0.05482429 0.7564236 
0.2341609 0.02626443 0.7395747 
0.159312 0.1537045 0.6869834 
0.1185214 0.03674427 0.8447343 
0.1640793 0.06685087 0.7690698 
0.07313765 0.05889512 0.8679672 
0.1210095 0.07243991 0.8065506 
0.1300965 0.06344577 0.8064577 
0.1937683 0.0471982 0.7590335 
0.1192707 0.06319692 0.8175324 
0.1530184 0.09439484 0.7525868 
0.176781 0.07810206 0.7451169 
0.0614487 0.02375435 0.9147969 
0.1945007 0.06871078 0.7367885 
0.1278446 0.05717387 0.8149815 
0.1589776 0.1035192 0.7375032 
0.1629944 0.0878381 0.7491675 
0.1466339 0.04663638 0.8067298 
0.08107815 0.07379012 0.8451317 
0.1915334 0.03112195 0.7773447 
0.172248 0.02370788 0.8040441 
0.07892783 0.07499928 0.8460729 
0.1469944 0.07771285 0.7752928 
0.2090048 0.04887696 0.7421182 
0.1450161 0.06978049 0.7852034 
0.2011266 0.08974919 0.7091242 
0.1484113 0.03058863 0.8210001 
0.1559871 0.08392291 0.76009 
0.134318 0.05895897 0.806723 
0.1669953 0.08987342 0.7431313 
0.1627967 0.06637051 0.7708328 
0.07225729 0.08523971 0.842503 
0.1657905 0.0720701 0.7621394 
0.1590577 0.07405903 0.7668832 
0.113815 0.05551556 0.8306695 
0.1433777 0.01339412 0.8432282 
0.09833439 0.02553821 0.8761274 
0.07995967 0.04484311 0.8751972 
0.08053597 0.07654551 0.8429185 
0.1136185 0.08419464 0.8021869 
0.2145165 0.07327327 0.7122103 
0.1095468 0.05437027 0.8360829 
0.1855639 0.03584053 0.7785955 
0.1269967 0.09493856 0.7780647 
0.1703443 0.05741521 0.7722405 
0.1522627 0.04610501 0.8016323 
0.131808 0.1283037 0.7398883 
0.1828151 0.04038008 0.7768048 
0.1341614 0.07409745 0.7917412 
0.1141545 0.0645199 0.8213256 
0.1200096 0.03389796 0.8460925 
0.1272304 0.0518632 0.8209063 
0.1619496 0.04598173 0.7920686 
0.1060624 0.08047802 0.8134596 
0.1384867 0.07000129 0.791512 
0.06957066 0.09592979 0.8344996 
0.004845794 0.1768838 0.8182704 
0.06172938 0.178744 0.7595266 
0.007558297 0.1908381 0.8016036 
0.003782605 0.1939968 0.8022206 
0.01556912 0.1373384 0.8470924 
0.003262057 0.1738999 0.822838 
0.1822218 0.007750302 0.8100279 
0.1325415 0.07920138 0.7882571 
0.1482171 0.03184064 0.8199422 
0.154421 0.03584084 0.8097382 
0.1908367 0.03264711 0.7765162 
0.2297573 0.04104643 0.7291962 
0.1549041 0.03611797 0.8089779 
0.143985 0.1034897 0.7525253 
0.1051988 0.1081094 0.7866918 
0.1203827 0.0883 0.7913173 
0.1503192 0.07629911 0.7733817 
0.1101688 0.07369631 0.8161349 
0.1907986 0.03914806 0.7700534 
0.1490677 0.04606708 0.8048652 
0.1774346 0.05992199 0.7626434 
0.2091639 0.0955247 0.6953114 
0.1139168 0.07244625 0.8136369 
0.1069303 0.06734843 0.8257213 
0.07924529 0.07024539 0.8505093 
0.1597315 0.08096204 0.7593065 
0.0890712 0.06797864 0.8429502 
0.1160648 0.1025526 0.7813825 
0.1205793 0.1153522 0.7640684 
0.1138482 0.08448378 0.801668 
0.09615878 0.07033314 0.8335081 
0.1654148 0.02400128 0.8105839 
0.04123616 0.05479268 0.9039712 
0.08210543 0.05107968 0.8668149 
0.1747636 0.03801573 0.7872206 
0.1625258 0.01645561 0.8210186 
0.149139 0.002268655 0.8485923 
0.2006277 0.01784862 0.7815237 
0.1616614 0.03628642 0.8020522 
0.1568325 0.07167541 0.7714921 
0.209424 0.04283844 0.7477375 
0.1647825 0.05825069 0.7769668 
0.1291279 0.07920125 0.7916708 
0.0685744 0.115309 0.8161166 
0.1455058 0.07291657 0.7815776 
0.08432043 0.1085247 0.8071549 
0.1484836 0.07963561 0.7718808 
0.1443961 0.04997325 0.8056306 
0.2162228 0.04660397 0.7371732 
0.07424702 0.05174579 0.8740072 
0.1909673 0.06271705 0.7463157 
0.141678 0.06977372 0.7885482 
0.1588776 0.06659235 0.77453 
0.1289412 0.03027202 0.8407868 
0.1269731 0.06913117 0.8038957 
0.1045568 0.03593345 0.8595097 
0.133555 0.04832638 0.8181186 
0.1079649 0.09070332 0.8013318 
0.1477177 0.07349605 0.7787863 
0.1790361 0.04219652 0.7787674 
0.1159992 0.07530512 0.8086956 
0.1481552 0.02721243 0.8246323 
0.132588 0.05266287 0.8147492 
0.1320453 0.06090626 0.8070484 
0.1731273 0.05474066 0.7721321 
0.1547834 0.04069141 0.8045252 
0.1335248 0.07991031 0.7865649 
0.1143299 0.04521041 0.8404597 
0.1195813 0.06034335 0.8200754 
0.1428714 0.06630117 0.7908274 
0.1507528 0.02884244 0.8204048 
0.1050703 0.0600529 0.8348768 
0.1567308 0.03244246 0.8108267 
0.181335 0.03070383 0.7879612 
0.1582966 0.03140074 0.8103026 
0.1434041 0.005345043 0.8512509 
0.2587789 0.003355896 0.7378652 
0.2512466 0.01362839 0.735125 
0.1858251 0.0259587 0.7882162 
0.1354042 0.1088916 0.7557041 
0.1901687 0.05256907 0.7572622 
0.1135507 0.07133172 0.8151175 
0.1099524 0.1313535 0.7586941 
0.1670542 0.03048151 0.8024643 
0.1481188 0.05770347 0.7941778 
0.1744472 0.01257477 0.8129781 
0.1766409 0.06509343 0.7582657 
0.2312624 0.04758684 0.7211508 
0.108058 0.04485373 0.8470883 
0.09255578 0.07190614 0.8355381 
0.1090139 0.1006973 0.7902888 
0.1271565 0.05974223 0.8131013 
0.1432925 0.05473951 0.801968 
0.1735093 0.03275454 0.7937361 
0.1109731 0.07141237 0.8176145 
0.1920009 0.03632843 0.7716707 
0.1508586 0.07804557 0.7710958 
0.17286 0.1082527 0.7188873 
0.1630169 0.1062803 0.7307028 
0.1113044 0.1041584 0.7845372 
0.1300531 0.1036543 0.7662926 
0.08538032 0.09703563 0.8175841 
0.04426165 0.1393355 0.8164028 
0.2220031 0.050581 0.7274159 
0.1948526 0.04676192 0.7583854 
0.1886142 0.02109106 0.7902947 
0.2214141 0.05154409 0.7270418 
0.09630884 0.1098538 0.7938373 
0.0827233 0.1451503 0.7721264 
0.1335716 0.06674726 0.7996811 
0.2244087 0.08930511 0.6862861 
0.1851235 0.0702664 0.7446101 
0.1095245 0.03763462 0.8528409 
0.1929209 0.02186009 0.785219 
0.1196072 0.06942765 0.8109651 
0.09691506 0.0416777 0.8614072 
0.1816493 0.03948223 0.7788685 
0.1209837 0.06726908 0.8117472 
0.1637506 0.05948241 0.776767 
0.09113115 0.1251987 0.7836701 
0.1806078 0.06308654 0.7563057 
0.1089137 0.03498899 0.8560973 
0.113698 0.01939489 0.8669071 
0.1016607 0.05587044 0.8424689 
0.1991087 0.06885977 0.7320315 
0.1793583 0.08348338 0.7371583 
0.2000502 0.06396527 0.7359845 
0.09818025 0.02284744 0.8789723 
0.1715377 0.08289828 0.745564 
0.1069115 0.04817012 0.8449184 
0.1862684 0.05804382 0.7556878 
0.1132314 0.04649418 0.8402744 
0.1414498 0.05916145 0.7993887 
0.1442857 0.1348221 0.7208923 
0.1484207 0.07682507 0.7747542 
0.1334525 0.04131288 0.8252346 
0.1073421 0.05210646 0.8405515 
0.1768338 0.04042675 0.7827394 
0.1546944 0.06727704 0.7780286 
0.1007527 0.06260914 0.8366382 
0.1099879 0.08190949 0.8081026 
0.123 0.03303535 0.8439646 
0.0893105 0.1012032 0.8094863 
0.1442026 0.07896685 0.7768305 
0.182813 0.03227031 0.7849167 
0.08162649 0.04358582 0.8747877 
0.1408369 0.02949054 0.8296726 
0.09986128 0.02385936 0.8762794 
0.1431815 0.05478656 0.8020319 
0.1384207 0.03832589 0.8232534 
0.1314816 0.06509742 0.803421 
0.1367294 0.05172102 0.8115496 
0.1722953 0.06783886 0.7598658 
0.1527654 0.06398224 0.7832524 
0.2192749 0.08274366 0.6979815 
0.1356915 0.1269256 0.7373829 
0.1605281 0.08251759 0.7569544 
0.1290684 0.0621068 0.8088248 
0.1092321 0.07254039 0.8182275 
0.1056978 0.06500577 0.8292964 
0.1732588 0.02581919 0.800922 
0.2073038 0.03153558 0.7611606 
0.1705488 0.01501311 0.8144381 
0.163099 0.03671364 0.8001874 
0.1059619 0.07024092 0.8237972 
0.09199519 0.05313381 0.854871 
0.06385064 0.2552818 0.6808675 
0.02363981 0.163364 0.8129962 
0.04524567 0.1827046 0.7720497 
0.03186241 0.1140423 0.8540953 
0.04408469 0.2049185 0.7509968 
0.07150894 0.1064304 0.8220606 
0.0572174 0.1145979 0.8281847 
0.03102714 0.1419224 0.8270504 
0.06310461 0.147823 0.7890724 
0.1163207 0.1287335 0.7549459 
0.05080587 0.1208356 0.8283586 
0.03370299 0.1298826 0.8364144 
0.07023292 0.1642355 0.7655316 
0.06296594 0.1286672 0.8083668 
0.05735918 0.148836 0.7938048 
0.05896159 0.1622381 0.7788003 
0.03922359 0.1114537 0.8493227 
0.04273264 0.1719138 0.7853535 
0.08817712 0.1551383 0.7566846 
0.08027823 0.1360863 0.7836355 
0.09031513 0.1092488 0.8004361 
0.08669468 0.2151388 0.6981666 
0.123453 0.1115078 0.7650392 
0.0916567 0.1503247 0.7580186 
0.0737602 0.1265302 0.7997096 
0.03684404 0.144058 0.8190979 
0.03453718 0.1142722 0.8511906 
0.05157597 0.1389019 0.8095222 
0.06924786 0.1361287 0.7946234 
0.06523729 0.1262463 0.8085164 
0.05557292 0.06836813 0.8760589 
0.06458674 0.1606455 0.7747678 
0.05293956 0.1050277 0.8420328 
0.08870952 0.1324431 0.7788474 
0.05727921 0.1304873 0.8122335 
0.06152972 0.1500157 0.7884546 
0.08936227 0.1781195 0.7325183 
0.09095802 0.162406 0.746636 
0.05365913 0.2111015 0.7352393 
0.07692638 0.1178567 0.8052169 
0.06882996 0.1195019 0.8116681 
0.05309348 0.1333115 0.813595 
0.1479156 0.1378267 0.7142577 
0.01489797 0.1655114 0.8195907 
0.05449684 0.2028833 0.7426198 
0.0590477 0.1374601 0.8034922 
0.01536498 0.1435231 0.841112 
0.09630027 0.1729065 0.7307932 
0.06747574 0.203985 0.7285392 
0.056366 0.1409827 0.8026513 
0.0502344 0.1155263 0.8342393 
0.05067187 0.13346 0.8158681 
0.06361711 0.1485646 0.7878183 
0.04328174 0.1338024 0.8229159 
0.05631489 0.1138943 0.8297908 
0.07400144 0.1331734 0.7928252 
0.06541415 0.1423253 0.7922606 
0.1282386 0.09123659 0.7805248 
0.04172627 0.1681272 0.7901466 
0.08819612 0.2150169 0.696787 
0.08382069 0.08078963 0.8353897 
0.04096801 0.1690156 0.7900164 
0.05050825 0.2192778 0.730214 
0.06490661 0.1734755 0.7616179 
0.07912172 0.1363001 0.7845782 
0.03984965 0.1376983 0.8224521 
0.04454558 0.1532724 0.802182 
0.165557 0.1189746 0.7154683 
0.06078802 0.112941 0.826271 
0.07653617 0.1369638 0.7865 
0.04540264 0.2031138 0.7514836 
0.04961222 0.203264 0.7471238 
0.06007952 0.1748024 0.7651181 
0.03964556 0.1887355 0.7716189 
0.04971 0.100647 0.849643 
0.01373627 0.1902329 0.7960308 
0.08939727 0.1346694 0.7759333 
0.05705218 0.1253508 0.8175971 
0.1100724 0.07607303 0.8138546 
0.02295784 0.09884182 0.8782003 
0.03976511 0.09706974 0.8631652 
0.03793502 0.1017035 0.8603615 
0.1208841 0.1354786 0.7436373 
0.1033297 0.1813377 0.7153325 
0.1571722 0.1354829 0.7073449 
0.07073395 0.1550984 0.7741677 
0.1264576 0.1521963 0.721346 
0.06681266 0.1307089 0.8024784 
0.0543189 0.1629946 0.7826865 
0.05745577 0.2567143 0.68583 
0.05265195 0.1210679 0.8262801 
0.04232697 0.1683669 0.7893062 
0.07047874 0.1505735 0.7789478 
0.03281477 0.1743163 0.7928689 
0.0635939 0.1260186 0.8103875 
0.02309828 0.1403408 0.8365609 
0.06745346 0.1826845 0.749862 
0.08432439 0.1463758 0.7692998 
0.07822687 0.1441658 0.7776073 
0.1023726 0.1885517 0.7090757 
0.06529091 0.1195016 0.8152075 
0.03462764 0.147808 0.8175644 
0.08043182 0.1273334 0.7922347 
0.03138657 0.1334134 0.8352 
0.06543745 0.1179182 0.8166443 
0.1111419 0.1164965 0.7723616 
0.1018928 0.1190932 0.7790141 
0.06388726 0.1496687 0.786444 
0.05898065 0.1539828 0.7870365 
0.03007833 0.1404597 0.829462 
0.07191282 0.1468566 0.7812306 
0.03116429 0.07798488 0.8908508 
0.04363214 0.1435902 0.8127777 
0.04443276 0.1279235 0.8276437 
0.09962813 0.1276519 0.7727199 
0.02229971 0.1645197 0.8131806 
0.06289437 0.09259946 0.8445062 
0.06074821 0.1652729 0.7739789 
0.09516494 0.1527412 0.7520938 
0.07669945 0.1865848 0.7367158 
0.05750487 0.1631368 0.7793584 
0.06751573 0.08237047 0.8501138 
0.07335062 0.1705601 0.7560893 
0.09523898 0.1371444 0.7676166 
0.1231368 0.1241277 0.7527355 
0.09088694 0.1157289 0.7933841 
0.09990506 0.1113126 0.7887823 
0.0724516 0.06630169 0.8612467 
0.05451771 0.1811452 0.7643371 
0.08293755 0.09509498 0.8219675 
0.0407128 0.09506801 0.8642192 
0.07545944 0.1146298 0.8099107 
0.02361418 0.172124 0.8042618 
0.03444464 0.1163903 0.8491651 
0.08431087 0.1218087 0.7938805 
0.03917746 0.135974 0.8248485 
0.07121643 0.1655721 0.7632115 
0.07355412 0.0913765 0.8350694 
0.03084357 0.1862882 0.7828682 
0.04977966 0.1545701 0.7956502 
0.08388404 0.1329577 0.7831582 
0.03426661 0.1637745 0.8019589 
0.08098705 0.09097185 0.8280411 
0.0473894 0.1353671 0.8172435 
0.04710735 0.1322724 0.8206203 
0.05388622 0.08716263 0.8589511 
0.1513743 0.1211382 0.7274875 
0.05403445 0.1096621 0.8363035 
0.06342216 0.09402187 0.842556 
0.08249249 0.1665171 0.7509904 
0.07716014 0.1152332 0.8076067 
0.09662669 0.1332988 0.7700745 
0.07512055 0.08485637 0.8400231 
0.1362738 0.04744176 0.8162845 
0.0957888 0.1377443 0.7664669 
0.1088182 0.09911469 0.7920671 
0.06546802 0.1693854 0.7651465 
0.06969373 0.1307171 0.7995892 
0.02233032 0.1088209 0.8688488 
0.1209788 0.1079787 0.7710425 
0.05441834 0.1168014 0.8287803 
0.05251212 0.09126529 0.8562226 
0.02718201 0.1733925 0.7994255 
0.04948403 0.1171961 0.8333198 
0.03429257 0.2175334 0.748174 
0.06401857 0.0978367 0.8381447 
0.06181221 0.1427058 0.795482 
0.07305804 0.165661 0.761281 
0.04859644 0.130737 0.8206666 
0.05091109 0.1681772 0.7809118 
0.03462839 0.08273999 0.8826316 
0.1529769 0.07827959 0.7687435 
0.07800931 0.1196233 0.8023674 
0.02174962 0.1409204 0.83733 
0.04713697 0.1186483 0.8342147 
0.03687735 0.13497 0.8281527 
0.035087 0.1892602 0.7756528 
0.04660805 0.1886665 0.7647254 
0.0392537 0.1967167 0.7640296 
0.0003899326 0.2714561 0.728154 
0.07611102 0.1623817 0.7615073 
0.06754022 0.1781474 0.7543124 
0.1134513 0.111668 0.7748807 
0.08983677 0.1781804 0.7319828 
0.05335604 0.136718 0.809926 
0.07277408 0.1207948 0.8064312 
0.04535936 0.2504342 0.7042064 
0.08370628 0.162019 0.7542748 
0.0524011 0.1538843 0.7937146 
0.0898871 0.1022091 0.8079038 
0.08207376 0.1337725 0.7841538 
0.0800448 0.1128388 0.8071164 
0.07432343 0.0949531 0.8307235 
0.1465601 0.1111492 0.7422907 
0.04696735 0.179037 0.7739957 
0.03673938 0.1814422 0.7818185 
0.02639782 0.1497564 0.8238458 
0.06003698 0.1817334 0.7582296 
0.1096809 0.06012419 0.8301949 
0.09719999 0.1537867 0.7490133 
0.09392128 0.1861057 0.719973 
0.05962989 0.1053642 0.835006 
0.06595534 0.1553657 0.778679 
0.08777972 0.05937197 0.8528483 
0.0449175 0.1210805 0.834002 
0.1095752 0.1658347 0.7245901 
0.0851729 0.0916055 0.8232216 
0.05803346 0.1909938 0.7509728 
0.07646134 0.1776778 0.7458608 
0.06526254 0.1152103 0.8195272 
0.08563728 0.139775 0.7745877 
0.08256042 0.09796499 0.8194746 
0.07392287 0.1113128 0.8147643 
0.03885239 0.1335982 0.8275494 
0.07195163 0.146061 0.7819874 
0.05716784 0.1750569 0.7677753 
0.09445003 0.1433934 0.7621565 
0.06885616 0.1247967 0.8063472 
0.04218397 0.1866773 0.7711387 
0.03001746 0.1610143 0.8089682 
0.06220743 0.1412275 0.7965651 
0.07294092 0.08565868 0.8414004 
0.03756071 0.1386098 0.8238295 
0.05225939 0.1251709 0.8225697 
0.04336127 0.1474999 0.8091388 
0.02315006 0.112021 0.8648289 
0.07880705 0.1326946 0.7884984 
0.01418238 0.1203373 0.8654804 
0.0499968 0.1319047 0.8180985 
0.0290794 0.1414316 0.829489 
0.04267663 0.124529 0.8327943 
0.01928511 0.1035808 0.8771341 
0.05171513 0.1679794 0.7803055 
0.02692511 0.1598264 0.8132485 
0.05490287 0.1729286 0.7721685 
0.04603861 0.1434266 0.8105347 
0.0700272 0.2038609 0.7261119 
0.07560642 0.154804 0.7695896 
0.09159225 0.2110277 0.69738 
0.07442415 0.1803794 0.7451965 
0.0834605 0.1264278 0.7901117 
0.0892837 0.1073485 0.8033678 
0.05245186 0.2274639 0.7200842 
0.06034417 0.1163553 0.8233005 
0.04296026 0.1478072 0.8092326 
0.01601241 0.1631443 0.8208433 
0.101794 0.07573939 0.8224666 
0.05914019 0.2144874 0.7263724 
0.04857638 0.1769444 0.7744792 
0.05397611 0.1907333 0.7552906 
0.09146677 0.1497269 0.7588064 
0.03604176 0.1335365 0.8304218 
0.04668924 0.1592185 0.7940922 
0.07391602 0.1455856 0.7804984 
0.05304703 0.1735864 0.7733666 
0.07112149 0.1228435 0.806035 
0.04711365 0.08224642 0.8706399 
0.07702264 0.1244397 0.7985376 
0.05127731 0.1845353 0.7641873 
0.02869424 0.1532151 0.8180907 
0.05002558 0.1056093 0.8443651 
0.05611196 0.1342128 0.8096752 
0.08166529 0.08119592 0.8371388 
0.0693426 0.1100776 0.8205798 
0.05543228 0.1592193 0.7853485 
0.04650572 0.1506249 0.8028694 
0.056387 0.1012864 0.8423266 
0.05983555 0.1736943 0.7664701 
0.03192114 0.1271506 0.8409283 
0.08325069 0.1516643 0.765085 
0.0620589 0.1737352 0.7642059 
0.04048007 0.1027025 0.8568175 
0.08974748 0.1488573 0.7613952 
0.0727349 0.1129895 0.8142756 
0.03124523 0.1563444 0.8124104 
0.0337186 0.1059599 0.8603215 
0.07523047 0.2445728 0.6801967 
0.03507005 0.1872821 0.7776479 
0.04153127 0.1161393 0.8423294 
0.06245921 0.1525188 0.785022 
0.0601009 0.187018 0.7528811 
0.04788029 0.143242 0.8088777 
0.07263245 0.083514 0.8438536 
0.05067179 0.1563887 0.7929395 
0.04553832 0.1200752 0.8343865 
0.07424068 0.1353114 0.7904479 
0.06663961 0.1851109 0.7482495 
0.0574337 0.1500108 0.7925555 
0.09973428 0.1922309 0.7080349 
0.04408592 0.07245742 0.8834567 
0.07542759 0.1309809 0.7935915 
0.1593092 0.0632846 0.7774062 
0.08299652 0.09469632 0.8223072 
0.05893427 0.1255149 0.8155508 
0.08325454 0.1121004 0.804645 
0.1093166 0.09956216 0.7911212 
0.1278232 0.08465 0.7875268 
0.08352822 0.1083687 0.808103 
0.2252162 0.1147231 0.6600607 
0.09997438 0.1259067 0.774119 
0.08987329 0.2077108 0.702416 
0.04631206 0.1275052 0.8261827 
0.02602221 0.1152242 0.8587535 
0.05304878 0.1571104 0.7898408 
0.11887 0.1420408 0.7390892 
0.06341241 0.1660266 0.770561 
0.08603599 0.09402551 0.8199385 
0.1047066 0.1165111 0.7787823 
0.05108534 0.251046 0.6978686 
0.06051516 0.1503032 0.7891817 
0.06921919 0.1273229 0.8034579 
0.09012428 0.1325835 0.7772922 
0.09656814 0.1032233 0.8002086 
0.07744854 0.100365 0.8221864 
0.07441233 0.1087797 0.8168079 
0.1987846 0.1441484 0.657067 
0.06076285 0.1189393 0.8202979 
0.04104621 0.1204774 0.8384764 
0.06230971 0.1438213 0.793869 
0.04086665 0.1309096 0.8282237 
0.07056939 0.1166339 0.8127967 
0.04271154 0.1910658 0.7662227 
0.1236454 0.08846448 0.7878901 
0.04985322 0.1064688 0.843678 
0.06142123 0.1888263 0.7497525 
0.04181558 0.1875356 0.7706488 
0.02134132 0.1364129 0.8422458 
0.06013418 0.1305352 0.8093307 
0.04696503 0.1492509 0.8037841 
0.05222295 0.154418 0.7933591 
0.05429216 0.2538004 0.6919074 
0.0531037 0.1296898 0.8172065 
0.06739523 0.1206699 0.8119349 
