p_1 p_2 p_3 p_4 
0.006831546 0.2244738 0.3127616 0.455933 
0.01307722 0.2706562 0.4467836 0.269483 
0.02636381 0.3487613 0.373082 0.2517929 
0.003297951 0.3687488 0.3723968 0.2555564 
0.002576276 0.2809425 0.4406768 0.2758045 
0.001766994 0.3880439 0.3638774 0.2463117 
0.02107194 0.2645885 0.4938684 0.2204712 
0.001245216 0.2761218 0.4408648 0.2817683 
0.00242923 0.3631579 0.426682 0.2077309 
0.02824354 0.2930165 0.3814831 0.2972569 
0.007606292 0.24713 0.3785599 0.3667038 
0.03854415 0.2878588 0.3795414 0.2940556 
0.02134481 0.2789501 0.3661592 0.3335459 
0.007459254 0.3048681 0.3753056 0.3123671 
0.0008482792 0.2680805 0.4408624 0.2902088 
0.01974956 0.2326986 0.4644494 0.2831024 
0.0001235941 0.2674499 0.4847342 0.2476923 
0.005846295 0.3219032 0.3718637 0.3003868 
0.008583058 0.3153131 0.4375004 0.2386035 
0.09861292 0.2821865 0.3646385 0.254562 
0.01035773 0.2642356 0.439143 0.2862637 
0.02565925 0.2519632 0.4561729 0.2662046 
0.01209156 0.3333208 0.38351 0.2710777 
0.01190241 0.3420313 0.4200988 0.2259676 
0.01364644 0.2412927 0.4643938 0.2806671 
0.008827482 0.2901523 0.384314 0.3167062 
0.03744294 0.3028811 0.4385175 0.2211585 
0.004976826 0.3771585 0.3691289 0.2487357 
0.001116035 0.2952329 0.4619937 0.2416573 
0.06055182 0.2396013 0.3746845 0.3251624 
0.02862338 0.3041715 0.4229385 0.2442666 
0.002777591 0.3837712 0.3362643 0.277187 
0.02582215 0.3379893 0.3658838 0.2703048 
0.01323759 0.3541629 0.3844141 0.2481854 
0.03502152 0.2430445 0.4282518 0.2936822 
0.0248732 0.2985729 0.3356736 0.3408803 
0.01588679 0.280398 0.5212033 0.182512 
0.02341736 0.3059932 0.3699175 0.3006719 
0.04302998 0.3132332 0.3990302 0.2447067 
0.01531582 0.3483911 0.4063807 0.2299123 
0.003617752 0.3440812 0.3840315 0.2682695 
0.002538135 0.28284 0.4293477 0.2852742 
0.002760857 0.2100687 0.4903613 0.2968091 
0.002651899 0.2654502 0.3921314 0.3397665 
0.02057732 0.2615606 0.3935811 0.324281 
0.005444217 0.2431928 0.4964827 0.2548803 
0.02285857 0.2733013 0.3665096 0.3373305 
0.01612675 0.2537276 0.4774515 0.2526941 
0.02823503 0.3704145 0.3479245 0.253426 
0.02374347 0.2965005 0.4636209 0.2161352 
0.03744475 0.2774621 0.4412619 0.2438312 
0.006494498 0.1975836 0.5047672 0.2911547 
0.02669319 0.2809515 0.452568 0.2397873 
0.0683229 0.2572587 0.3701202 0.3042981 
0.003767493 0.3408805 0.3726254 0.2827266 
0.01666205 0.3070186 0.3911408 0.2851786 
0.0008324602 0.3156591 0.3676469 0.3158616 
0.01741083 0.2875124 0.3616141 0.3334626 
0.004773308 0.3746795 0.308964 0.3115832 
0.04844925 0.2682628 0.375789 0.3074989 
0.005217468 0.3078885 0.3421016 0.3447924 
0.006116122 0.334 0.3846862 0.2751977 
0.02292503 0.3850536 0.3831668 0.2088545 
0.002493383 0.332406 0.4300666 0.235034 
0.0596188 0.2485577 0.3823747 0.3094488 
0.02888955 0.337582 0.3593739 0.2741546 
0.003682154 0.2026227 0.3472485 0.4464466 
0.02789587 0.3645793 0.330708 0.2768168 
0.02234143 0.3605249 0.4373022 0.1798315 
0.04224994 0.294604 0.3479797 0.3151663 
0.006878108 0.3221651 0.3552923 0.3156645 
0.0286882 0.3582415 0.3275206 0.2855497 
0.02360711 0.320085 0.3913428 0.2649651 
0.009115452 0.2532191 0.4331514 0.304514 
0.003721097 0.2432933 0.3786074 0.3743782 
0.0003787386 0.3367209 0.4170308 0.2458695 
0.02473085 0.316214 0.353944 0.3051111 
0.05847703 0.3175781 0.3378556 0.2860893 
0.009941303 0.3077412 0.3792804 0.3030372 
0.007707205 0.3257309 0.3797685 0.2867934 
0.01335992 0.3351671 0.4388353 0.2126376 
0.02950358 0.2466367 0.3711826 0.3526771 
0.01164527 0.3211264 0.3946051 0.2726233 
0.0037388 0.2998046 0.361124 0.3353326 
0.0182012 0.3915321 0.3434864 0.2467802 
0.02785804 0.2060863 0.4785331 0.2875226 
0.03166197 0.208411 0.4814389 0.2784882 
0.007114382 0.2336072 0.4883512 0.2709271 
0.012605 0.2366536 0.5033766 0.2473649 
0.02854204 0.2533006 0.4197577 0.2983996 
0.003857302 0.2962188 0.4053958 0.2945281 
0.003499022 0.2932219 0.3442396 0.3590395 
0.001855795 0.3660199 0.3883475 0.2437768 
0.002175209 0.3675432 0.426336 0.2039456 
0.01060624 0.3478398 0.3671302 0.2744238 
0.03485773 0.2703254 0.4348631 0.2599538 
0.02778774 0.3500956 0.4464323 0.1756844 
0.007069647 0.2912989 0.4801847 0.2214468 
0.0117961 0.3607934 0.4095719 0.2178386 
0.05949078 0.2720359 0.3505443 0.317929 
0.03377574 0.4040603 0.3031361 0.2590278 
0.01537851 0.2807513 0.4597768 0.2440934 
0.03360718 0.2516242 0.3972671 0.3175015 
0.03556457 0.2448046 0.4093803 0.3102505 
0.002614842 0.3826596 0.3087072 0.3060184 
0.008789015 0.3954631 0.35591 0.2398378 
0.00498225 0.3364763 0.4437586 0.2147829 
0.007024885 0.3096978 0.4115454 0.2717319 
0.006651881 0.2902219 0.4319754 0.2711508 
0.0003618251 0.3830657 0.4087227 0.2078498 
0.01306107 0.3130016 0.406514 0.2674233 
0.01311984 0.3456353 0.3726005 0.2686443 
0.01585097 0.2517287 0.4497468 0.2826735 
0.009979638 0.346082 0.4175894 0.226349 
0.001736832 0.4085641 0.3491815 0.2405176 
0.08129118 0.2211425 0.3023422 0.3952241 
0.01891546 0.3423055 0.3661063 0.2726728 
0.007150867 0.4029505 0.3594075 0.2304911 
0.009350736 0.2862964 0.5283471 0.1760058 
0.00636314 0.213631 0.5215546 0.2584513 
0.0676174 0.2657086 0.3500057 0.3166683 
0.03482295 0.3606643 0.3835803 0.2209325 
0.0004162649 0.3210336 0.4531323 0.2254179 
0.004161085 0.2667427 0.4123437 0.3167526 
0.006270999 0.3147684 0.3169831 0.3619775 
0.007700982 0.3625678 0.368119 0.2616122 
0.0009641417 0.4127902 0.3719731 0.2142725 
0.05272583 0.2385456 0.4635146 0.2452139 
0.05175727 0.2238903 0.4505173 0.2738351 
0.0175629 0.2372173 0.4032365 0.3419833 
0.0001354304 0.4105858 0.3565183 0.2327605 
0.02576093 0.2782734 0.3841779 0.3117878 
0.00937347 0.3247531 0.409593 0.2562804 
0.02134881 0.3343949 0.4230362 0.2212202 
0.005420181 0.2863106 0.3896434 0.3186258 
0.02010864 0.2844631 0.4024961 0.2929322 
0.004330242 0.3222843 0.4006987 0.2726868 
0.06125965 0.1974301 0.4069621 0.3343481 
0.004709616 0.3097292 0.3945009 0.2910603 
0.008860221 0.3692578 0.3351521 0.2867299 
0.005326909 0.2399676 0.4841352 0.2705703 
0.003868032 0.3037453 0.4343903 0.2579964 
0.007668884 0.377901 0.4208998 0.1935303 
0.02907465 0.2853551 0.4308204 0.2547499 
0.03318232 0.2799102 0.3741564 0.3127511 
0.0009830218 0.3496599 0.3832931 0.2660639 
0.006375072 0.2492557 0.4322773 0.312092 
0.003241527 0.3035991 0.42331 0.2698494 
0.003438437 0.2833156 0.4028677 0.3103783 
0.02960039 0.3419519 0.3684089 0.2600389 
0.002482093 0.3903459 0.2933564 0.3138157 
0.02477073 0.277183 0.3845219 0.3135244 
0.01090674 0.3053974 0.3490275 0.3346684 
0.01294546 0.273683 0.4308242 0.2825474 
0.0003923746 0.2890417 0.3902028 0.3203632 
0.02417217 0.2936793 0.392511 0.2896375 
0.02919335 0.3714328 0.3573398 0.2420341 
0.006682756 0.2552005 0.4790963 0.2590204 
0.03907879 0.2396972 0.4522657 0.2689583 
0.02713861 0.3432472 0.3897351 0.2398791 
0.002456888 0.3338725 0.3962503 0.2674204 
0.005856701 0.3203094 0.4076154 0.2662186 
0.002715621 0.3025329 0.4451128 0.2496387 
0.03243566 0.3021815 0.3217433 0.3436395 
0.01252782 0.258261 0.4536593 0.2755519 
0.07185182 0.2165959 0.4096502 0.3019021 
0.006158345 0.3148325 0.4289072 0.250102 
0.02011597 0.2396529 0.4228217 0.3174094 
0.01044795 0.2804904 0.4433869 0.2656747 
0.006864808 0.3100639 0.4214756 0.2615957 
0.03379692 0.2830522 0.4280102 0.2551407 
0.01702128 0.3274828 0.4024575 0.2530385 
0.01273578 0.2627238 0.4162658 0.3082747 
0.001979568 0.3327435 0.3892675 0.2760095 
0.08730134 0.3273469 0.3284901 0.2568617 
0.01172789 0.2128554 0.4057947 0.369622 
0.008186775 0.2887784 0.4147519 0.288283 
0.01480068 0.2842278 0.4105669 0.2904046 
0.02257244 0.2526467 0.4456275 0.2791534 
0.02341798 0.2546986 0.4228734 0.2990101 
0.04322844 0.3866535 0.3524011 0.217717 
0.004410685 0.2227223 0.4394789 0.3333881 
0.01109565 0.2605551 0.426996 0.3013532 
0.0522207 0.2712962 0.4543719 0.2221112 
0.001335074 0.3452647 0.4421514 0.2112488 
0.001657198 0.3029306 0.4300571 0.2653551 
0.001675051 0.387125 0.4313919 0.179808 
0.005550452 0.3009265 0.477513 0.2160101 
0.00703903 0.3633176 0.389831 0.2398123 
0.0233842 0.290344 0.4580244 0.2282474 
0.0008185314 0.326894 0.4642284 0.2080591 
0.05401231 0.3167029 0.3975997 0.231685 
0.001244136 0.2410713 0.504613 0.2530716 
0.0308751 0.2988115 0.3538857 0.3164278 
0.007267572 0.2666233 0.3902942 0.3358149 
0.05389769 0.2930552 0.387615 0.2654322 
0.00488281 0.3113292 0.4816137 0.2021743 
0.001281406 0.3411699 0.411246 0.2463028 
0.006253898 0.2653805 0.3779042 0.3504614 
0.02584352 0.2656246 0.4270804 0.2814515 
0.0005676845 0.3640736 0.3751421 0.2602167 
0.01263226 0.3490943 0.3318322 0.3064412 
0.02268044 0.3565628 0.3516304 0.2691264 
0.0305937 0.3533057 0.2909009 0.3251997 
0.04083555 0.2841628 0.3497014 0.3253003 
0.007059836 0.3649901 0.361361 0.266589 
0.01101366 0.3328667 0.4640388 0.1920809 
0.03535789 0.2908767 0.3716758 0.3020896 
0.006825496 0.2888951 0.4275489 0.2767305 
0.04585941 0.3042394 0.4761879 0.1737133 
0.007991339 0.3148403 0.4016164 0.275552 
0.003038165 0.2338825 0.435298 0.3277813 
0.009886237 0.3074385 0.4085449 0.2741304 
0.01705729 0.3725124 0.2996548 0.3107756 
0.002336583 0.4071111 0.2903539 0.3001984 
0.03317031 0.3448279 0.3735154 0.2484864 
0.01731417 0.1780672 0.4231947 0.3814239 
0.007966838 0.2605959 0.3538682 0.3775691 
0.01251542 0.3150262 0.399071 0.2733874 
0.01748712 0.2827919 0.4238107 0.2759103 
0.02142184 0.3305798 0.354658 0.2933403 
0.01273551 0.2874712 0.4762398 0.2235535 
0.009185109 0.2777668 0.4598077 0.2532404 
0.02891355 0.2003763 0.4652027 0.3055075 
0.0008088179 0.2516654 0.4922126 0.2553131 
0.03722061 0.3219146 0.3940491 0.2468156 
0.003099207 0.3713811 0.3660176 0.2595022 
0.0001561129 0.3489391 0.3755488 0.275356 
0.05312801 0.3553097 0.3631633 0.228399 
0.004127456 0.3210832 0.4144939 0.2602954 
0.03256518 0.326954 0.3633814 0.2770994 
0.002634747 0.369603 0.3325083 0.295254 
0.003665444 0.3348545 0.4171769 0.2443032 
0.004750976 0.2847355 0.336562 0.3739515 
0.06802027 0.3963293 0.2782548 0.2573956 
0.0215358 0.2263223 0.4299813 0.3221606 
0.02675008 0.3035886 0.4334415 0.2362199 
0.003846378 0.3711763 0.3632534 0.2617239 
0.002993435 0.258934 0.4154395 0.3226331 
0.02187308 0.2961957 0.381628 0.3003033 
0.02715303 0.3403064 0.324461 0.3080796 
0.03179782 0.338991 0.3876744 0.2415367 
0.03608229 0.3027351 0.3928141 0.2683685 
0.01907488 0.2984226 0.4150372 0.2674654 
0.002351313 0.3202031 0.4263718 0.2510738 
0.01693414 0.2615157 0.3724487 0.3491014 
0.02648716 0.3102531 0.4025197 0.2607401 
0.01589714 0.291261 0.3542178 0.3386241 
0.002155835 0.3518789 0.3751665 0.2707988 
0.003678749 0.3038692 0.3831074 0.3093446 
0.008621552 0.3565095 0.4202844 0.2145846 
0.01924513 0.3349079 0.3363612 0.3094858 
0.02739673 0.2610189 0.4333442 0.2782401 
0.003003491 0.2921592 0.3840659 0.3207714 
0.02742116 0.3698501 0.2928133 0.3099155 
0.04358101 0.3557843 0.3935312 0.2071035 
0.003071128 0.2920123 0.4415738 0.2633427 
0.02149891 0.2633207 0.4602064 0.2549741 
0.02091246 0.2354877 0.4233269 0.320273 
0.02976639 0.2960284 0.3766661 0.2975392 
0.0009557656 0.2239104 0.4276392 0.3474947 
0.0158771 0.2729526 0.4661129 0.2450574 
0.02206287 0.3369284 0.3821719 0.2588369 
0.04396995 0.2704172 0.382315 0.3032979 
0.06139234 0.2595337 0.4319749 0.247099 
0.02422735 0.3102137 0.3484786 0.3170804 
0.01411614 0.2837438 0.418106 0.2840341 
0.003451349 0.3127923 0.3776905 0.3060659 
0.01004019 0.396632 0.3546634 0.2386643 
0.006679845 0.3212456 0.3485639 0.3235106 
0.03586414 0.3017824 0.3714861 0.2908673 
0.01806751 0.3930362 0.3881202 0.2007761 
0.009246105 0.3526941 0.4086812 0.2293786 
0.01272038 0.3615508 0.3843577 0.2413711 
0.03340305 0.305383 0.3354887 0.3257252 
0.01085072 0.2880458 0.4502817 0.2508218 
0.007793348 0.2773844 0.4341959 0.2806263 
0.00933939 0.3128262 0.3521202 0.3257143 
0.02365641 0.2879503 0.3564251 0.3319682 
0.00994625 0.3426888 0.3883469 0.259018 
0.01033384 0.2610354 0.4171418 0.311489 
0.03616866 0.3561678 0.4018273 0.2058363 
0.03729361 0.3038329 0.3679092 0.2909643 
0.01334579 0.2657733 0.4398535 0.2810275 
0.02557185 0.2790671 0.4858587 0.2095023 
0.002200271 0.3603098 0.3718415 0.2656484 
0.0398197 0.1986094 0.4442955 0.3172754 
0.01536452 0.3496606 0.3134137 0.3215612 
0.04798762 0.3725013 0.3286018 0.2509093 
0.003997088 0.2659668 0.3940452 0.3359909 
0.02298507 0.2781803 0.4389048 0.2599298 
0.001755296 0.2888459 0.4774275 0.2319712 
0.0150679 0.2896088 0.3531793 0.3421439 
0.001857056 0.3484733 0.4236365 0.2260332 
0.03892283 0.3227449 0.4044813 0.2338511 
0.02368228 0.2901979 0.374491 0.3116289 
0.04175729 0.3094475 0.4446559 0.2041393 
0.01068734 0.2856743 0.4464651 0.2571732 
0.00108548 0.3519764 0.4205376 0.2264005 
0.000910462 0.2998824 0.4349732 0.2642339 
0.001977689 0.2793641 0.4155715 0.3030867 
0.03550639 0.3021575 0.4372576 0.2250785 
0.01029787 0.2913436 0.4167385 0.28162 
0.008047711 0.338636 0.3919759 0.2613404 
0.02479343 0.3057274 0.3837839 0.2856953 
0.00923059 0.3632977 0.4067757 0.220696 
0.00557128 0.3197777 0.3749623 0.2996887 
0.01783585 0.2601574 0.4726112 0.2493956 
0.01876229 0.2837628 0.3726168 0.3248581 
0.01419238 0.3300736 0.3774289 0.2783051 
0.00224341 0.323488 0.3732884 0.3009802 
0.03167833 0.3604043 0.3163319 0.2915855 
0.07280988 0.28767 0.425381 0.2141392 
0.01749688 0.1953859 0.4391847 0.3479325 
0.003227226 0.3256512 0.37202 0.2991016 
0.02969775 0.2153706 0.4115227 0.3434089 
0.004650026 0.3759876 0.4115586 0.2078038 
0.01972267 0.2843062 0.4514905 0.2444807 
0.01108977 0.3443685 0.4251113 0.2194304 
0.002767044 0.2729516 0.4271539 0.2971275 
0.001361481 0.3482999 0.3977355 0.2526031 
0.00646453 0.2445232 0.4614213 0.2875909 
0.01805806 0.3547515 0.3327224 0.2944681 
0.0008074518 0.3343222 0.3200646 0.3448058 
0.0093911 0.363465 0.3143799 0.3127641 
0.03918908 0.2572362 0.4416988 0.2618759 
0.07236754 0.3330447 0.3605431 0.2340447 
0.01581682 0.2568525 0.4316781 0.2956526 
0.004590256 0.3348244 0.3622872 0.2982982 
0.004354249 0.3049591 0.4038939 0.2867928 
0.01041997 0.3236333 0.295542 0.3704048 
0.01516355 0.2890996 0.3633012 0.3324357 
0.02137585 0.2616485 0.3668464 0.3501292 
0.01068613 0.3283869 0.3816054 0.2793216 
0.007220024 0.419 0.2980641 0.2757158 
0.003276952 0.2853118 0.407593 0.3038183 
0.02095427 0.2900623 0.4138222 0.2751613 
0.01370411 0.2387448 0.3796305 0.3679206 
0.005516322 0.3009701 0.3911286 0.302385 
0.005609006 0.3530659 0.3370348 0.3042903 
0.004557953 0.2854793 0.4472849 0.2626778 
0.00713918 0.2994216 0.4325336 0.2609056 
0.002288211 0.296543 0.4573402 0.2438286 
0.003251728 0.3352042 0.4003158 0.2612282 
0.01088326 0.276835 0.4174476 0.2948342 
0.01989225 0.3064148 0.3957276 0.2779654 
0.01378371 0.3114566 0.4370592 0.2377004 
0.014059 0.3263227 0.4119518 0.2476665 
0.02731122 0.3298994 0.3669404 0.275849 
0.004248756 0.3049342 0.4596734 0.2311436 
0.01000948 0.2979706 0.3633748 0.3286451 
0.01180566 0.3413756 0.3516646 0.2951542 
0.003543118 0.311606 0.3838681 0.3009828 
0.02958584 0.2589626 0.3541518 0.3572998 
0.01839493 0.3174576 0.345885 0.3182625 
0.005049178 0.263462 0.4702267 0.2612621 
0.001870101 0.3001384 0.3562991 0.3416923 
0.004447059 0.2995415 0.354724 0.3412874 
0.01180439 0.3692286 0.3873794 0.2315875 
0.02428129 0.2492878 0.4197154 0.3067155 
0.03316984 0.3514987 0.3425648 0.2727667 
0.005888232 0.2590657 0.4396079 0.2954382 
0.04526221 0.3326814 0.3037603 0.318296 
0.0122173 0.2909629 0.3920953 0.3047245 
0.01595797 0.3111695 0.3835718 0.2893007 
0.0124483 0.3564581 0.4163179 0.2147757 
0.01339176 0.3177211 0.3865352 0.2823519 
0.01284597 0.2285763 0.3959001 0.3626776 
0.006766909 0.2751974 0.430363 0.2876727 
0.02795621 0.2827533 0.3361779 0.3531126 
0.003193428 0.3553657 0.4007146 0.2407263 
0.03084498 0.3037535 0.3424625 0.322939 
0.001673985 0.3183111 0.3809255 0.2990894 
0.002592801 0.2967661 0.3932232 0.3074179 
0.0625213 0.2486792 0.3981768 0.2906227 
0.0014847 0.3137178 0.417317 0.2674805 
0.0007096977 0.3387793 0.3729631 0.287548 
0.01147104 0.3057639 0.4487942 0.2339708 
0.004519573 0.2660806 0.5253628 0.204037 
0.0002246431 0.3274605 0.3963342 0.2759807 
0.03834274 0.327956 0.3874413 0.24626 
0.001618347 0.2078154 0.52235 0.2682162 
0.01309865 0.2860019 0.3899173 0.3109821 
0.04969794 0.3165162 0.3476231 0.2861627 
0.005984662 0.3088645 0.4076425 0.2775083 
0.006750274 0.2822417 0.3962653 0.3147427 
0.0002087205 0.3198982 0.3932919 0.2866011 
0.007254552 0.3549656 0.3877236 0.2500563 
0.002785448 0.3320957 0.4177168 0.247402 
0.06753015 0.3341764 0.4248544 0.173439 
0.0100979 0.234027 0.4975232 0.2583519 
0.01320645 0.3423837 0.3293601 0.3150497 
0.004913539 0.2771379 0.4225435 0.2954051 
0.006596477 0.3542525 0.4265381 0.2126128 
0.01922522 0.277705 0.3480073 0.3550625 
0.009092933 0.3234763 0.399567 0.2678637 
0.01685103 0.2562453 0.4931991 0.2337045 
0.06962347 0.2691027 0.3739422 0.2873316 
0.01494577 0.263682 0.4382178 0.2831544 
0.003488666 0.2872519 0.4481931 0.2610664 
0.0001975403 0.3714935 0.3296888 0.2986202 
0.001816359 0.3548081 0.3986835 0.2446921 
0.009877372 0.2627084 0.4224475 0.3049668 
0.02408389 0.3690697 0.3706952 0.2361512 
0.004144991 0.3529402 0.3485933 0.2943214 
0.01725183 0.3070915 0.4334649 0.2421918 
0.006159116 0.3434696 0.4004156 0.2499557 
0.01749658 0.280243 0.4109137 0.2913466 
0.01006265 0.2674333 0.4481396 0.2743644 
0.01793936 0.2769783 0.405762 0.2993203 
0.008140546 0.3002654 0.480886 0.210708 
0.01682159 0.3004741 0.4392727 0.2434316 
0.004958781 0.2124505 0.4773317 0.305259 
0.01635894 0.3181295 0.3880122 0.2774993 
0.007963558 0.2594901 0.3687279 0.3638185 
0.03747529 0.2600037 0.3555229 0.3469981 
0.00207395 0.3502231 0.4183492 0.2293538 
0.05764618 0.2182997 0.4088876 0.3151665 
0.008057076 0.2975462 0.4418545 0.2525422 
0.0009328964 0.2746406 0.4584033 0.2660232 
0.0002548172 0.3123212 0.3569271 0.3304969 
0.04062636 0.3078007 0.3967947 0.2547783 
0.02108623 0.2851366 0.3917215 0.3020557 
0.01324192 0.3109193 0.4477818 0.228057 
0.004260629 0.315535 0.4019751 0.2782293 
0.03034041 0.235383 0.3721431 0.3621334 
0.001079786 0.369149 0.4432067 0.1865645 
0.000788704 0.3194178 0.3268862 0.3529074 
0.01266389 0.2824178 0.4667712 0.2381471 
0.02698883 0.3007078 0.3685397 0.3037637 
0.02101008 0.2720928 0.4737098 0.2331873 
0.005360505 0.3244806 0.3952333 0.2749256 
0.009612276 0.3349482 0.29989 0.3555495 
0.02470676 0.2310055 0.3854535 0.3588342 
0.02581075 0.2789574 0.4177275 0.2775044 
0.01292256 0.3543602 0.3778962 0.254821 
0.01945718 0.3311644 0.3435716 0.3058068 
0.02216142 0.3722962 0.3377336 0.2678088 
0.0005649989 0.2670205 0.4277244 0.3046902 
0.007946309 0.2634055 0.4976966 0.2309516 
0.00526297 0.3533876 0.3601046 0.2812448 
0.04789482 0.3406052 0.3816855 0.2298145 
0.0003263843 0.3103244 0.3726018 0.3167474 
0.02715246 0.3552012 0.39209 0.2255563 
0.01502728 0.3147283 0.3458395 0.3244049 
0.01708782 0.2449076 0.4010465 0.3369581 
0.0271323 0.3422671 0.3327902 0.2978105 
0.03413117 0.3778999 0.328018 0.2599509 
0.02030932 0.3430516 0.3971341 0.239505 
0.02893467 0.3559225 0.3213099 0.2938329 
0.01448095 0.387106 0.3678098 0.2306033 
0.009045981 0.3774194 0.4025274 0.2110072 
0.03971866 0.2883039 0.4003928 0.2715847 
0.02196188 0.2715741 0.4588339 0.2476301 
0.01537209 0.2574441 0.4655331 0.2616507 
0.01936461 0.3529395 0.3309461 0.2967498 
0.01061809 0.3750196 0.4151951 0.1991672 
0.02401581 0.2164346 0.5230869 0.2364627 
0.01038023 0.3198388 0.3855154 0.2842656 
0.007347356 0.3429752 0.3689093 0.2807681 
0.06596201 0.2860521 0.376027 0.2719589 
0.09218289 0.3159907 0.3260352 0.2657912 
0.004057298 0.2867753 0.3597094 0.349458 
0.03273956 0.2968075 0.3319254 0.3385276 
0.02104053 0.343696 0.3368388 0.2984246 
0.009233069 0.3272819 0.4343929 0.2290921 
0.02146064 0.248359 0.4221703 0.3080101 
0.03482759 0.2939343 0.4297054 0.2415328 
0.004937248 0.2717265 0.4720466 0.2512896 
0.0006415771 0.3088647 0.4175249 0.2729688 
0.009598743 0.3165687 0.3759275 0.297905 
0.006979782 0.3722897 0.3706108 0.2501197 
0.04078263 0.3366183 0.411667 0.210932 
0.01308047 0.3816772 0.3812087 0.2240337 
0.01486407 0.3696298 0.3512335 0.2642727 
0.03241301 0.2889101 0.4228908 0.2557861 
0.003306451 0.3901216 0.2585603 0.3480117 
0.004508436 0.2796457 0.401974 0.3138719 
0.0001117555 0.3419632 0.3716816 0.2862435 
0.00309787 0.3750668 0.3594294 0.2624059 
0.05182253 0.2858781 0.441175 0.2211243 
0.007152217 0.3330772 0.3870885 0.272682 
0.005742382 0.2958519 0.4910442 0.2073615 
0.004792105 0.2939445 0.4421367 0.2591267 
0.007504952 0.2149898 0.4468824 0.3306229 
0.05352692 0.2870209 0.3850263 0.2744259 
0.03278257 0.2337941 0.4592252 0.2741981 
0.009363471 0.2793923 0.4162791 0.2949652 
0.05435451 0.3183745 0.3400705 0.2872004 
0.01937858 0.3655949 0.4223979 0.1926286 
0.02587745 0.2794208 0.3672667 0.3274351 
0.02601637 0.2952301 0.3855772 0.2931763 
0.009442747 0.2880996 0.4306489 0.2718088 
0.01039641 0.3328952 0.4058505 0.250858 
0.00528764 0.2957419 0.3099163 0.3890542 
0.01809164 0.3097382 0.4082667 0.2639034 
0.008061641 0.3141235 0.3948536 0.2829612 
0.02926573 0.2445368 0.3542589 0.3719386 
0.03110039 0.3254324 0.3171204 0.3263468 
0.01167381 0.292801 0.4093694 0.2861558 
0.01279903 0.2607541 0.4454145 0.2810324 
0.05762238 0.3620187 0.4079699 0.172389 
0.02646365 0.2511225 0.4635804 0.2588334 
0.05146602 0.2593698 0.3893706 0.2997936 
0.009752005 0.2431412 0.4151153 0.3319915 
0.01392593 0.3049404 0.3663287 0.314805 
0.01349858 0.3641337 0.3506905 0.2716772 
0.002875879 0.2721635 0.4472287 0.2777319 
0.01597483 0.3929877 0.3761606 0.2148768 
0.01869668 0.3984704 0.3035584 0.2792746 
0.008683746 0.1789934 0.5640602 0.2482626 
0.003296638 0.3014674 0.4298755 0.2653605 
0.004359874 0.3032917 0.4608275 0.2315209 
0.01417378 0.2811982 0.4081416 0.2964865 
0.0003961665 0.351363 0.4216052 0.2266356 
0.0009697826 0.3827196 0.3879974 0.2283132 
0.02300469 0.2450297 0.5055514 0.2264142 
0.0005895318 0.4265416 0.3116255 0.2612434 
0.001268065 0.2481873 0.4401625 0.3103821 
0.0101631 0.2910676 0.4066384 0.292131 
0.01357353 0.2979665 0.422903 0.265557 
0.003148172 0.3183357 0.3740752 0.304441 
0.0134776 0.2711461 0.3708896 0.3444867 
0.005622124 0.3372097 0.3596006 0.2975676 
0.03152185 0.371929 0.3427178 0.2538314 
0.01287611 0.2693168 0.4830182 0.2347889 
0.009324499 0.3341484 0.3850999 0.2714272 
0.005695569 0.2896282 0.415436 0.2892402 
0.0283733 0.3267322 0.4095251 0.2353694 
0.0191924 0.3094691 0.4235906 0.2477478 
0.0052353 0.3358576 0.3648482 0.2940589 
0.003510247 0.2001292 0.2914697 0.5048909 
0.01040481 0.3067404 0.3400987 0.342756 
0.01286513 0.309976 0.3606754 0.3164835 
0.006766783 0.2977419 0.4010362 0.294455 
0.007651423 0.3241922 0.3717929 0.2963634 
0.004010175 0.3427464 0.3910563 0.2621872 
0.007296294 0.2369973 0.4142162 0.3414903 
0.006329051 0.2865351 0.3826661 0.3244698 
0.03521146 0.3184404 0.3524807 0.2938674 
0.01191107 0.3281716 0.3805059 0.2794114 
0.01069218 0.3605794 0.3648212 0.2639072 
0.00945557 0.2679705 0.4135517 0.3090222 
0.02041788 0.3215027 0.2930273 0.3650522 
0.01501211 0.2937965 0.3566363 0.334555 
0.01725453 0.2960445 0.4084762 0.2782249 
0.01054713 0.4194537 0.336983 0.2330162 
0.008147051 0.3312459 0.4210775 0.2395296 
0.03070011 0.2537861 0.430845 0.2846687 
0.003869795 0.2869006 0.470144 0.2390856 
0.01422101 0.3101084 0.3877383 0.2879323 
0.01174668 0.3984416 0.4129703 0.1768414 
0.0373798 0.3009721 0.399863 0.2617851 
0.009445728 0.3378227 0.3946561 0.2580755 
0.02124605 0.2632787 0.4131888 0.3022864 
0.003619157 0.3569801 0.3682606 0.2711402 
0.006255635 0.2997729 0.4045679 0.2894036 
0.01053706 0.3076026 0.390131 0.2917294 
0.01531736 0.2114525 0.3883072 0.384923 
0.02702213 0.2430603 0.3884548 0.3414627 
0.005557762 0.2817405 0.4484808 0.2642209 
0.002779654 0.2416607 0.3534744 0.4020853 
0.02139303 0.334773 0.3923467 0.2514873 
0.01825938 0.3494774 0.4170045 0.2152587 
0.002080538 0.3078618 0.4099504 0.2801073 
0.01856312 0.3309517 0.4082524 0.2422327 
0.05003541 0.2784073 0.3954992 0.276058 
0.01986493 0.2715818 0.3637272 0.344826 
0.001456499 0.3217472 0.3781826 0.2986137 
0.001184485 0.2765987 0.4013293 0.3208875 
0.03087307 0.3097984 0.4460446 0.2132839 
0.03652762 0.2673743 0.3878448 0.3082533 
0.009345265 0.260328 0.4614262 0.2689006 
0.004803482 0.3470282 0.4038749 0.2442934 
0.04507055 0.2607829 0.3633793 0.3307673 
0.02378409 0.2913857 0.3713719 0.3134584 
0.006198724 0.2683142 0.4030204 0.3224666 
0.0186033 0.2827831 0.4526978 0.2459158 
0.02788764 0.2298152 0.3299885 0.4123086 
0.03392066 0.2834022 0.4134099 0.2692672 
0.03933069 0.27722 0.440111 0.2433383 
0.0258925 0.3354918 0.3577158 0.2808999 
0.02132986 0.2648195 0.5105967 0.2032539 
0.0005938543 0.3768378 0.3888055 0.2337629 
0.02062033 0.3533037 0.350555 0.2755209 
0.01623765 0.3244822 0.4155659 0.2437143 
0.01233675 0.254118 0.4382096 0.2953357 
0.001559584 0.3168115 0.3763878 0.305241 
0.005652294 0.2662952 0.4914022 0.2366503 
0.0610627 0.2550023 0.4665878 0.2173472 
0.01117863 0.2779861 0.464499 0.2463363 
0.02272468 0.3143284 0.3615411 0.3014058 
0.006246509 0.2538105 0.3633928 0.3765502 
0.01717866 0.3083067 0.3223922 0.3521225 
0.06683943 0.2440734 0.5001273 0.1889598 
0.02740688 0.3681914 0.3093798 0.295022 
0.02381982 0.3147528 0.4427096 0.2187178 
0.03092806 0.2575103 0.4204992 0.2910625 
0.0006938355 0.2974937 0.4011759 0.3006366 
0.0005155545 0.344272 0.3885816 0.2666308 
0.006266859 0.2705742 0.4260216 0.2971374 
0.008011557 0.228027 0.4536462 0.3103153 
0.02316165 0.2666873 0.4466944 0.2634567 
0.01136471 0.3562921 0.3865033 0.2458399 
0.004076669 0.2756363 0.4732162 0.2470708 
0.008714285 0.2536961 0.3904717 0.3471179 
0.00333379 0.3457429 0.4804767 0.1704467 
0.02688146 0.3013092 0.3518883 0.3199211 
0.01726704 0.3403722 0.346405 0.2959558 
0.0001361373 0.24798 0.4793117 0.2725722 
0.001955922 0.3120927 0.4054798 0.2804716 
0.01773599 0.3342042 0.2895068 0.358553 
0.02061956 0.2740342 0.4454234 0.2599229 
0.005958373 0.3472828 0.3140592 0.3326996 
0.02953472 0.2501001 0.4344607 0.2859045 
0.01163099 0.3019209 0.4531899 0.2332583 
0.05607275 0.1892664 0.4598208 0.29484 
0.004724825 0.3838646 0.3558743 0.2555362 
0.0005578626 0.3510412 0.374196 0.2742049 
0.02975628 0.3628264 0.3157767 0.2916406 
0.02283999 0.3460706 0.4221676 0.2089218 
0.05137997 0.2855552 0.3358916 0.3271732 
0.007715762 0.2729181 0.46671 0.2526561 
0.009663216 0.2814569 0.3921621 0.3167177 
0.03964111 0.294818 0.3606879 0.304853 
0.005820907 0.317329 0.3936283 0.2832218 
0.02506247 0.3141905 0.4231417 0.2376053 
0.01124644 0.2356288 0.3441207 0.4090041 
0.0159505 0.3254606 0.319519 0.3390698 
0.0003873749 0.3336937 0.3668953 0.2990237 
0.009952729 0.2984237 0.3083995 0.3832241 
0.006520489 0.3376393 0.3847799 0.2710603 
0.01813834 0.2319807 0.4617555 0.2881255 
0.01024151 0.2854262 0.4730076 0.2313247 
0.04673412 0.3301142 0.3380469 0.2851048 
0.009818085 0.2785354 0.3769901 0.3346564 
0.01665975 0.259845 0.4940802 0.229415 
2.365563e-05 0.3125522 0.4203307 0.2670934 
0.003943619 0.3653616 0.3285819 0.3021128 
0.006457782 0.2754021 0.3840808 0.3340593 
0.02004325 0.283028 0.3369247 0.360004 
0.007605413 0.3140719 0.3347679 0.3435547 
0.01071842 0.3181832 0.4344372 0.2366612 
0.0005621219 0.3281283 0.3570735 0.314236 
0.01234157 0.2380499 0.5566616 0.192947 
0.0274829 0.3068311 0.3354519 0.3302341 
0.02125736 0.336405 0.4109953 0.2313424 
0.01092558 0.289751 0.4334744 0.265849 
0.0004609504 0.3362051 0.3677429 0.295591 
0.01633951 0.3412841 0.3570928 0.2852836 
0.003886641 0.299533 0.3521706 0.3444098 
0.0193393 0.3240744 0.3756344 0.2809519 
1.311454e-05 0.4186807 0.3417418 0.2395643 
0.06737793 0.2947343 0.3775384 0.2603494 
0.08564228 0.2950749 0.2842105 0.3350723 
0.01813575 0.3611657 0.3534654 0.2672332 
0.01822091 0.2813187 0.3744614 0.325999 
0.00671204 0.3200424 0.3834365 0.289809 
0.01156545 0.3324584 0.3777082 0.2782679 
0.03495369 0.2821624 0.3874216 0.2954624 
0.008770345 0.2928183 0.371365 0.3270464 
0.02190659 0.2603248 0.4762377 0.241531 
0.02875863 0.2217363 0.5364739 0.2130312 
0.05335041 0.2455085 0.415087 0.2860541 
0.002364735 0.2690091 0.3867142 0.341912 
0.004343131 0.3247092 0.3646793 0.3062684 
0.008329457 0.2861667 0.4541279 0.2513759 
0.04350149 0.3090939 0.3761889 0.2712157 
0.02143952 0.3156528 0.4008258 0.2620819 
0.04393714 0.3050292 0.3877403 0.2632934 
0.009589656 0.2268051 0.5246697 0.2389355 
0.01746635 0.2613564 0.4284645 0.2927127 
0.02206637 0.253203 0.3756019 0.3491287 
0.009984591 0.2891888 0.4691231 0.2317035 
0.01168712 0.3572957 0.3348074 0.2962098 
0.04849222 0.3050731 0.3775399 0.2688947 
0.004444597 0.2796089 0.3335999 0.3823467 
0.02309123 0.1970855 0.4507065 0.3291167 
0.0107871 0.3259947 0.3840944 0.2791237 
0.02313998 0.2870487 0.4200437 0.2697677 
0.01318612 0.3598658 0.3693458 0.2576023 
0.001761241 0.3804685 0.3606012 0.257169 
0.01581595 0.280257 0.4146466 0.2892804 
0.01123375 0.3296634 0.3607286 0.2983743 
0.0005408477 0.3020321 0.3947393 0.3026877 
0.0002483308 0.2342196 0.4745537 0.2909783 
0.01877077 0.2816738 0.3800173 0.3195381 
0.005154383 0.3205071 0.3808081 0.2935305 
0.006923741 0.3654225 0.3886154 0.2390384 
0.009053622 0.3405358 0.4116907 0.2387199 
0.0001425786 0.295346 0.4327948 0.2717166 
0.01126191 0.2965739 0.4264114 0.2657528 
0.008570744 0.3169107 0.4372136 0.237305 
0.02323631 0.370998 0.3538876 0.2518781 
0.005095229 0.3631108 0.3627652 0.2690288 
0.004450988 0.2480601 0.4418871 0.3056018 
0.0054349 0.347153 0.3717814 0.2756307 
0.02127115 0.2601693 0.470004 0.2485555 
0.003637895 0.2899703 0.4171799 0.2892119 
0.03626804 0.3331282 0.3172632 0.3133406 
0.009006686 0.3349472 0.3990777 0.2569684 
0.03175903 0.2542931 0.3971026 0.3168453 
0.006620938 0.2623106 0.3717328 0.3593356 
0.0004959462 0.332477 0.3978738 0.2691533 
0.02596753 0.3733265 0.3476128 0.2530932 
0.00692268 0.3594945 0.4238331 0.2097497 
0.01398791 0.3277287 0.2987765 0.3595069 
0.003627464 0.3640247 0.3786337 0.2537142 
0.002444355 0.3984696 0.3693963 0.2296897 
0.05744537 0.2119643 0.4182446 0.3123457 
0.008478803 0.3829953 0.360145 0.2483809 
0.0473308 0.2954758 0.3625537 0.2946397 
0.006458931 0.2437729 0.4677267 0.2820414 
0.008240821 0.3581829 0.3764081 0.2571682 
0.0261824 0.312025 0.4179411 0.2438514 
0.07334046 0.2871643 0.2896063 0.3498889 
0.02368754 0.3759459 0.3961496 0.2042169 
0.03051792 0.272087 0.4078898 0.2895053 
0.02597127 0.2922255 0.4614048 0.2203985 
0.01628211 0.3200057 0.4195222 0.24419 
0.05516956 0.3419594 0.2834095 0.3194616 
0.04675237 0.2537355 0.3893153 0.3101968 
0.01896242 0.2970561 0.3285879 0.3553935 
0.003043417 0.2827797 0.3912829 0.322894 
0.02566456 0.2514626 0.4702826 0.2525903 
0.00966674 0.3069223 0.2896889 0.393722 
0.01690842 0.2932438 0.3983018 0.291546 
0.01274332 0.2939067 0.4247726 0.2685774 
0.007505541 0.3119675 0.3543591 0.3261678 
0.02110315 0.2975808 0.4494231 0.231893 
0.01179568 0.2915132 0.4419104 0.2547807 
0.04114907 0.353056 0.3633486 0.2424463 
0.02397302 0.3587936 0.3962222 0.2210113 
0.01033144 0.288687 0.437306 0.2636756 
0.001137529 0.2960857 0.4316421 0.2711346 
0.0005070117 0.3182271 0.2862453 0.3950206 
0.01970556 0.3343362 0.373871 0.2720873 
0.001210519 0.3965446 0.3537282 0.2485167 
0.01416004 0.2663823 0.3996443 0.3198134 
0.009734741 0.2214117 0.4705547 0.2982988 
0.006816465 0.249224 0.4497027 0.2942568 
0.02768756 0.3028585 0.4194219 0.250032 
0.050411 0.2658352 0.3696909 0.3140629 
0.0477792 0.3114001 0.371904 0.2689167 
0.03599158 0.3416161 0.3336482 0.2887441 
0.008905761 0.2817354 0.4921572 0.2172016 
0.00624671 0.2786008 0.3931024 0.3220501 
0.004459885 0.2098617 0.5145689 0.2711095 
0.005344573 0.2965512 0.460161 0.2379432 
0.02752348 0.2953848 0.2883922 0.3886995 
0.01165401 0.3250582 0.4330075 0.2302803 
0.03493455 0.2920204 0.4178727 0.2551724 
0.02071239 0.286497 0.5103535 0.182437 
0.01744267 0.2957337 0.3521743 0.3346493 
0.005924272 0.2753341 0.3855874 0.3331542 
0.008240195 0.3158406 0.488794 0.1871251 
0.01498243 0.2796615 0.4820159 0.2233402 
0.02851067 0.3137553 0.4368786 0.2208554 
0.007938829 0.3005027 0.4246498 0.2669087 
0.006041663 0.2835314 0.4137441 0.2966829 
0.02383198 0.3324137 0.3286326 0.3151217 
0.01810939 0.3017923 0.3942784 0.28582 
0.03809129 0.2697202 0.4421387 0.2500498 
0.002938809 0.2960499 0.482305 0.2187063 
0.0001960184 0.3429809 0.4027168 0.2541063 
0.008203014 0.3202655 0.4195065 0.252025 
0.009036528 0.2760599 0.4202498 0.2946538 
0.008333848 0.2910324 0.4714895 0.2291443 
0.0559034 0.2955779 0.4349856 0.2135331 
0.003901777 0.3720196 0.3748986 0.24918 
0.01136407 0.2336404 0.4077354 0.3472601 
0.0299854 0.2509891 0.5003138 0.2187117 
0.03925088 0.3862631 0.4130345 0.1614515 
0.001116771 0.3890048 0.2709404 0.338938 
0.006389485 0.2782234 0.4734822 0.2419049 
0.003020071 0.3458593 0.3824694 0.2686511 
0.00502496 0.3251241 0.3913113 0.2785396 
0.005776977 0.2653495 0.4180549 0.3108186 
0.005895783 0.2822963 0.4221696 0.2896384 
0.03004456 0.2306848 0.4592571 0.2800135 
0.01766621 0.3396245 0.3888066 0.2539027 
0.002798883 0.3438144 0.3515529 0.3018338 
0.002820207 0.2726871 0.45103 0.2734627 
0.003686343 0.256769 0.4380923 0.3014524 
0.02176575 0.2441247 0.4663623 0.2677472 
0.007182572 0.3246799 0.4659157 0.2022218 
0.005982129 0.2944139 0.4172844 0.2823196 
0.0008772804 0.3352445 0.4227627 0.2411155 
0.01167118 0.2362406 0.5105216 0.2415665 
0.002318531 0.3249506 0.3678639 0.3048669 
0.001371923 0.2228128 0.4124349 0.3633804 
0.00225675 0.339938 0.3248998 0.3329055 
0.007712815 0.2446456 0.4332849 0.3143566 
0.01610415 0.2728433 0.3918421 0.3192105 
0.001215689 0.3191931 0.420223 0.2593682 
0.009746647 0.3325406 0.3862737 0.271439 
0.00020911 0.3698572 0.3946025 0.2353311 
0.003662596 0.2965007 0.3948212 0.3050155 
0.01778921 0.2730424 0.4543079 0.2548605 
0.00263575 0.4433121 0.3107785 0.2432737 
0.01598896 0.2976935 0.3784744 0.3078432 
0.003044931 0.2932752 0.3723452 0.3313346 
0.005387494 0.2595699 0.4255988 0.3094438 
0.003376434 0.3249869 0.4101896 0.261447 
0.001672697 0.3177732 0.4049906 0.2755635 
0.007428507 0.2852061 0.4464661 0.2608993 
0.01037911 0.346353 0.3692553 0.2740126 
0.00145734 0.2915088 0.4488253 0.2582086 
0.03269021 0.3428134 0.3975079 0.2269884 
0.01831157 0.3596306 0.3700918 0.2519661 
0.01772522 0.3298512 0.4143252 0.2380984 
0.02447211 0.3308665 0.346234 0.2984275 
0.06994044 0.2350235 0.4806839 0.2143522 
0.003860434 0.312171 0.4241932 0.2597754 
0.01280159 0.278584 0.3352766 0.3733378 
0.01165049 0.2625056 0.4998391 0.2260048 
0.002202854 0.3298499 0.4038987 0.2640485 
0.001925618 0.2976947 0.416681 0.2836987 
0.01960571 0.3698226 0.334958 0.2756137 
0.003472137 0.3831418 0.3895558 0.2238303 
0.02198934 0.3022375 0.3614595 0.3143136 
0.05294747 0.2317838 0.424869 0.2903997 
0.009591781 0.4431964 0.2727088 0.274503 
0.001664765 0.2996788 0.4412278 0.2574286 
0.008540842 0.2840794 0.4456796 0.2617002 
0.003575661 0.2824735 0.3983059 0.3156449 
0.03664736 0.335072 0.401126 0.2271546 
0.02578235 0.2842214 0.3766185 0.3133778 
0.03770968 0.3012361 0.4378712 0.223183 
0.003091807 0.3671536 0.3821245 0.2476301 
0.02984086 0.3680132 0.4179604 0.1841856 
0.03285719 0.2268345 0.4465203 0.293788 
0.03258211 0.3427254 0.3493542 0.2753383 
0.00747415 0.3200035 0.4715712 0.2009511 
0.00240119 0.359492 0.4385044 0.1996024 
0.006584286 0.3041066 0.404797 0.2845122 
0.02277999 0.3120686 0.3620207 0.3031308 
0.005031424 0.3107647 0.4358278 0.2483761 
0.009048072 0.2727536 0.3862623 0.3319361 
0.004531019 0.3973714 0.366624 0.2314736 
0.02443856 0.2770247 0.3738577 0.3246791 
0.01037328 0.3140969 0.3623705 0.3131593 
0.03945512 0.3204657 0.4087659 0.2313133 
0.004448904 0.2930123 0.4022853 0.3002536 
0.007237462 0.3161247 0.3985574 0.2780804 
0.0008294459 0.331097 0.3620486 0.306025 
0.03520517 0.2883227 0.4283521 0.2481201 
0.02238546 0.2855134 0.3893908 0.3027103 
0.002919736 0.3031658 0.3645585 0.329356 
0.01239533 0.2592641 0.4473864 0.2809541 
0.00768402 0.2873466 0.4236873 0.2812822 
0.01348097 0.2863041 0.4155295 0.2846855 
0.002520291 0.2442814 0.3908419 0.3623564 
0.001580011 0.2654375 0.4189464 0.3140361 
0.0001806415 0.3224595 0.3972759 0.280084 
0.02965153 0.301366 0.3124723 0.3565101 
0.0221129 0.2858171 0.3625213 0.3295487 
0.02548739 0.2710351 0.3625252 0.3409523 
0.0118957 0.2822542 0.3195973 0.3862529 
0.02264696 0.3244703 0.3878632 0.2650195 
0.006221655 0.3658289 0.3711587 0.2567907 
0.015537 0.3427687 0.4124922 0.2292022 
0.02514525 0.2647496 0.4330743 0.2770308 
0.01132568 0.2903227 0.4712577 0.227094 
0.007190827 0.2725406 0.4313917 0.2888769 
0.05093174 0.325199 0.4498444 0.1740248 
0.003424279 0.3049736 0.3684332 0.3231689 
0.02672427 0.3186165 0.3722614 0.2823979 
0.008627975 0.1775694 0.4899492 0.3238534 
0.008441038 0.2826033 0.4447727 0.264183 
0.03684068 0.2528612 0.2999363 0.4103619 
0.0250766 0.2472875 0.4453615 0.2822744 
0.0355522 0.3504056 0.3534744 0.2605678 
0.004595298 0.2611286 0.4942367 0.2400394 
0.004038418 0.3020915 0.4340336 0.2598365 
0.002488724 0.3460113 0.4326957 0.2188043 
0.007957365 0.3345403 0.341187 0.3163154 
0.02965342 0.342715 0.3776198 0.2500118 
0.01192977 0.234274 0.461537 0.2922593 
0.009468367 0.3309674 0.4203423 0.2392219 
0.01079651 0.2183979 0.4464095 0.3243961 
0.08178867 0.2542888 0.3903423 0.2735803 
0.00499068 0.2607942 0.4006994 0.3335158 
0.02307864 0.2919801 0.3795305 0.3054108 
0.009805179 0.3017746 0.3940527 0.2943675 
0.00353024 0.2922801 0.362302 0.3418877 
0.01414686 0.317773 0.4274338 0.2406464 
0.001390482 0.2765577 0.4220803 0.2999715 
0.004976882 0.3303734 0.4052095 0.2594402 
0.02288534 0.3451357 0.394726 0.237253 
0.05163129 0.3093871 0.3669097 0.272072 
0.004027247 0.3110245 0.4826207 0.2023276 
0.01655947 0.3184242 0.4748777 0.1901387 
0.002000109 0.2701896 0.3517901 0.3760202 
0.0004623052 0.2458166 0.4634777 0.2902434 
0.004732062 0.2850384 0.4639857 0.2462438 
0.01701168 0.3154429 0.4168663 0.2506791 
0.001026268 0.28515 0.4343412 0.2794825 
0.00259895 0.3507621 0.3558723 0.2907667 
0.1013303 0.264565 0.379505 0.2545998 
0.03939771 0.2797502 0.3096484 0.3712037 
0.02577392 0.3123643 0.357145 0.3047168 
0.02511099 0.2784898 0.3738601 0.3225391 
0.0007371889 0.318287 0.3775086 0.3034673 
0.02743179 0.2644377 0.487509 0.2206215 
0.008219429 0.3389666 0.4595396 0.1932744 
0.002430344 0.2897428 0.3822548 0.3255721 
0.001410193 0.2687381 0.4097571 0.3200947 
0.0002100528 0.2905966 0.490758 0.2184353 
0.002243181 0.2501005 0.4997771 0.2478792 
0.0221723 0.3089234 0.3949924 0.2739118 
0.0157801 0.3033079 0.3711899 0.3097221 
0.00669055 0.2741353 0.4584094 0.2607647 
0.002565416 0.2171005 0.4375614 0.3427727 
0.0114583 0.2135625 0.3974362 0.377543 
0.02772103 0.247566 0.447719 0.276994 
0.003431139 0.3394758 0.4234216 0.2336715 
0.03220902 0.2843279 0.4137988 0.2696643 
0.01186179 0.2690989 0.453575 0.2654643 
0.02251614 0.3482737 0.4082198 0.2209903 
0.02744831 0.2948683 0.3945687 0.2831146 
6.915946e-05 0.3239723 0.4326756 0.243283 
0.02790186 0.3178859 0.4065659 0.2476464 
0.02595764 0.258817 0.4084529 0.3067725 
0.003802961 0.3014232 0.4083018 0.286472 
7.373512e-05 0.2965576 0.4071109 0.2962578 
0.01155545 0.3025743 0.3832442 0.3026261 
0.01707703 0.329347 0.3248943 0.3286817 
0.0005830558 0.3185858 0.395756 0.2850752 
0.0003455742 0.315035 0.435163 0.2494565 
0.02316742 0.3308577 0.3475738 0.2984011 
0.001993358 0.2759461 0.4072675 0.314793 
0.007823876 0.4300565 0.2960419 0.2660778 
0.0253569 0.3247737 0.3336643 0.3162051 
0.00145395 0.3737685 0.3996889 0.2250886 
0.09491064 0.3191622 0.3427524 0.2431747 
0.02151266 0.3203239 0.403582 0.2545814 
0.02777137 0.3495154 0.3922187 0.2304946 
0.02435019 0.3368244 0.4299163 0.2089091 
0.002806667 0.2943559 0.5148676 0.1879699 
0.02317443 0.2840226 0.4370263 0.2557767 
0.01914552 0.3039436 0.4250601 0.2518508 
0.003037779 0.3297492 0.3903116 0.2769014 
0.01399079 0.3475249 0.3735848 0.2648994 
0.02925886 0.3102614 0.4511091 0.2093706 
0.009093784 0.2829853 0.4675278 0.2403931 
0.04037407 0.348956 0.3513446 0.2593254 
0.002575237 0.3109415 0.4221921 0.2642912 
0.05791758 0.2044747 0.4922303 0.2453773 
0.03413158 0.2991232 0.4293493 0.237396 
