p_1 p_2 p_3 
0.2778776 0.717268 0.004854495 
0.2849653 0.7136066 0.001428078 
0.4307386 0.5650986 0.004162716 
0.2979108 0.694388 0.007701245 
0.26528 0.7274478 0.007272238 
0.3086287 0.6882682 0.0031031 
0.2986809 0.6988106 0.002508541 
0.2900386 0.7047089 0.005252421 
0.2407891 0.7585039 0.0007070814 
0.3166593 0.6799769 0.003363803 
0.2603877 0.7375123 0.002099977 
0.3127898 0.660173 0.0270372 
0.3005631 0.6813911 0.01804575 
0.3561444 0.6417291 0.002126504 
0.3801234 0.619557 0.0003196633 
0.2441944 0.7508767 0.004928854 
0.2987748 0.6968803 0.004344862 
0.3964891 0.6008181 0.002692803 
0.2043926 0.7930069 0.002600437 
0.2798616 0.6957954 0.02434305 
0.3229273 0.6754941 0.001578583 
0.3300005 0.6581587 0.01184081 
0.3498478 0.648403 0.001749252 
0.3096552 0.6785089 0.01183583 
0.3009981 0.6968223 0.002179608 
0.2846662 0.7151734 0.0001603652 
0.2247122 0.7596708 0.01561706 
0.2732922 0.7253412 0.001366553 
0.2663301 0.7251601 0.008509865 
0.2992535 0.6937798 0.006966749 
0.2968832 0.6998783 0.003238497 
0.2555311 0.7343213 0.01014754 
0.3061954 0.6928904 0.0009142391 
0.4066314 0.5924134 0.0009552161 
0.2572531 0.7320447 0.01070221 
0.3195065 0.6784364 0.002057082 
0.3359336 0.6593258 0.004740588 
0.2293896 0.7478109 0.02279957 
0.2846332 0.7035076 0.01185922 
0.2976076 0.6981605 0.004231883 
0.330418 0.6687499 0.0008320769 
0.2769003 0.7143725 0.008727154 
0.3742217 0.624218 0.001560322 
0.3534682 0.6457886 0.0007432525 
0.3377757 0.6602257 0.00199863 
0.2322635 0.7632246 0.004511865 
0.3408067 0.6591349 5.842906e-05 
0.354602 0.6377399 0.007658019 
0.3026583 0.6954633 0.001878377 
0.2609082 0.7382007 0.0008911054 
0.3373731 0.661186 0.001440966 
0.3524838 0.6385275 0.008988759 
0.3523413 0.6399286 0.007730145 
0.3194967 0.6707486 0.009754706 
0.2681295 0.7171524 0.01471811 
0.2555654 0.7428143 0.00162028 
0.2412077 0.75039 0.008402317 
0.2331908 0.7543908 0.01241837 
0.3565419 0.6341858 0.009272357 
0.3548755 0.6344069 0.01071754 
0.2612694 0.7303018 0.00842877 
0.3228848 0.6701505 0.006964755 
0.3166039 0.6827038 0.0006923751 
0.2832248 0.713519 0.003256239 
0.2470228 0.747783 0.005194248 
0.2567477 0.7394173 0.003834973 
0.3312415 0.6446836 0.02407487 
0.3464039 0.6428288 0.01076726 
0.3185827 0.6748241 0.006593112 
0.3390773 0.6602684 0.0006542775 
0.226952 0.76917 0.003878043 
0.3312215 0.6642232 0.004555243 
0.2931558 0.6956989 0.01114528 
0.2310122 0.7625957 0.006392104 
0.3021929 0.6829315 0.01487568 
0.2475545 0.752068 0.0003774722 
0.3174427 0.6781023 0.004454998 
0.2495985 0.7405221 0.00987935 
0.299383 0.6879255 0.01269151 
0.2347614 0.7500934 0.01514527 
0.3067827 0.6907955 0.002421761 
0.2892409 0.6885362 0.02222289 
0.3384261 0.6600397 0.001534235 
0.277821 0.7035951 0.01858391 
0.2550721 0.7337101 0.0112178 
0.3213815 0.6691497 0.0094688 
0.3689521 0.6302342 0.000813704 
0.3361303 0.6566519 0.007217761 
0.2985616 0.6859435 0.01549494 
0.3373996 0.6522611 0.01033932 
0.2606892 0.7383327 0.0009781106 
0.2829024 0.7134403 0.003657331 
0.2937521 0.7027876 0.003460254 
0.2365158 0.7535662 0.009918017 
0.1646167 0.8270719 0.008311479 
0.2738014 0.7143206 0.01187808 
0.2486588 0.7497279 0.001613336 
0.3917887 0.6065563 0.00165501 
0.2724561 0.7251015 0.002442384 
0.3146023 0.6851812 0.0002164968 
0.2252098 0.7656401 0.009150153 
0.306629 0.6900066 0.00336433 
0.2298904 0.7659204 0.004189273 
0.2789512 0.7154748 0.005574082 
0.2563554 0.741217 0.002427594 
0.3983423 0.5990745 0.002583249 
0.233607 0.7643718 0.002021198 
0.3018001 0.6958882 0.002311708 
0.3253612 0.6579971 0.01664169 
0.3375848 0.6608213 0.001593888 
0.3832635 0.6077168 0.009019641 
0.3623204 0.6370536 0.0006260194 
0.3120686 0.6743295 0.01360197 
0.2981065 0.7014839 0.0004095443 
0.291112 0.7076499 0.001238133 
0.2985382 0.6992197 0.002242114 
0.379848 0.5608352 0.05931683 
0.3473364 0.645713 0.006950559 
0.3403726 0.656785 0.002842417 
0.2044592 0.7885522 0.006988661 
0.2817377 0.7115902 0.006672134 
0.1894801 0.7922279 0.01829199 
0.2878672 0.7031137 0.009019148 
0.2870705 0.7126956 0.0002339151 
0.3238082 0.6700418 0.006150023 
0.2680299 0.7264563 0.005513782 
0.3236222 0.6642267 0.01215114 
0.26273 0.7331832 0.004086753 
0.2353953 0.7500607 0.01454401 
0.3025477 0.6912381 0.006214245 
0.3721596 0.6162366 0.01160379 
0.3032372 0.6912681 0.005494648 
0.2544789 0.744865 0.0006561067 
0.2610568 0.7333834 0.005559864 
0.300566 0.6982508 0.001183222 
0.3804136 0.6133566 0.006229812 
0.3289045 0.6384172 0.03267825 
0.3540833 0.623545 0.0223717 
0.3376752 0.6579347 0.004390104 
0.2553332 0.7382644 0.006402473 
0.3458091 0.6525386 0.001652282 
0.4448476 0.5510742 0.004078265 
0.3623402 0.6311166 0.00654319 
0.321205 0.6775209 0.001274152 
0.266752 0.73194 0.001307981 
0.2623573 0.7303262 0.007316519 
0.3183611 0.6794473 0.002191596 
0.3347608 0.6608212 0.004418016 
0.2703471 0.7267881 0.0028648 
0.4032397 0.5960053 0.0007550185 
0.2882078 0.7045523 0.007239817 
0.3438347 0.6554746 0.0006906337 
0.2721637 0.7154649 0.01237138 
0.3399839 0.6518869 0.008129232 
0.2616588 0.7378749 0.0004662662 
0.2519013 0.7405798 0.007518883 
0.2609389 0.7369111 0.002149974 
0.3608455 0.6351351 0.004019403 
0.3448601 0.6523116 0.002828373 
0.2427132 0.7496515 0.007635323 
0.2814658 0.717157 0.00137715 
0.4011151 0.5838907 0.01499426 
0.3062543 0.6916583 0.002087398 
0.2628902 0.7290629 0.008046941 
0.2823603 0.6981036 0.01953607 
0.2872064 0.7112672 0.001526405 
0.3662207 0.6316231 0.002156217 
0.2742799 0.7180647 0.0076554 
0.2763999 0.7021047 0.02149543 
0.4160909 0.5761503 0.007758875 
0.3674128 0.6300051 0.002582042 
0.3443507 0.6547624 0.0008869197 
0.3774673 0.6202508 0.002281927 
0.3040475 0.6838992 0.01205327 
0.2003743 0.7568332 0.04279246 
0.2338593 0.7520955 0.01404519 
0.2813639 0.7068388 0.01179731 
0.3971524 0.5970761 0.005771445 
0.2980241 0.6980982 0.003877725 
0.3284256 0.6658896 0.005684855 
0.326648 0.6731379 0.000214112 
0.2114606 0.7803225 0.008216969 
0.3059889 0.6852619 0.008749255 
0.3964356 0.5959498 0.007614595 
0.29431 0.699077 0.006612978 
0.1788327 0.819965 0.001202288 
0.3440778 0.6506938 0.005228431 
0.3223775 0.676308 0.001314447 
0.2705549 0.7293377 0.0001074013 
0.4010065 0.5926845 0.006308958 
0.3315141 0.6601999 0.008286059 
0.3133816 0.6784671 0.008151212 
0.3041494 0.6958331 1.746399e-05 
0.2550856 0.7408291 0.004085333 
0.3389303 0.6535142 0.007555502 
0.3607901 0.6263149 0.01289507 
0.2736694 0.7262779 5.272662e-05 
0.1970548 0.7965542 0.006390969 
0.2767973 0.7223379 0.0008648227 
0.2948702 0.7027738 0.002355992 
0.4293181 0.5694592 0.001222658 
0.413328 0.5843312 0.002340866 
0.4068603 0.5920383 0.001101354 
0.3192021 0.6807619 3.604561e-05 
0.3336479 0.6622064 0.004145616 
0.2199292 0.7597202 0.02035058 
0.3389919 0.6600993 0.0009088092 
0.3880438 0.5959023 0.01605387 
0.2499866 0.7324739 0.01753949 
0.2866974 0.710492 0.002810554 
0.3723378 0.623376 0.004286205 
0.3775603 0.6219598 0.000479945 
0.3772063 0.6182553 0.004538407 
0.3633376 0.6048268 0.03183557 
0.335289 0.6646929 1.817689e-05 
0.2734148 0.713775 0.01281018 
0.3513736 0.6319514 0.01667507 
0.3623074 0.6327862 0.004906323 
0.3365171 0.6615618 0.001921052 
0.4051232 0.5903603 0.004516579 
0.3761783 0.6185172 0.005304482 
0.2810483 0.7178026 0.00114911 
0.3457766 0.6451881 0.009035366 
0.2942847 0.7052948 0.0004204699 
0.2969 0.6913149 0.0117851 
0.2287966 0.7697907 0.001412725 
0.3070672 0.6833681 0.009564706 
0.3179492 0.6777782 0.004272618 
0.403968 0.5871879 0.0088441 
0.296757 0.6993 0.003943014 
0.31333 0.6841254 0.002544623 
0.3069357 0.6904579 0.002606319 
0.3664144 0.624654 0.00893168 
0.2613689 0.7377689 0.0008622133 
0.2981176 0.7006025 0.001279845 
0.3680219 0.6082724 0.02370572 
0.2146574 0.7666141 0.01872852 
0.3214337 0.6756971 0.002869191 
0.3033135 0.6858951 0.01079138 
0.2134023 0.78362 0.002977746 
0.2298534 0.7636145 0.006532135 
0.3534855 0.6456347 0.0008797716 
0.3528602 0.6416761 0.005463672 
0.27821 0.7171882 0.004601854 
0.3192131 0.6757722 0.005014678 
0.235412 0.7551292 0.0094588 
0.2324909 0.7646054 0.00290368 
0.188532 0.8094169 0.002051045 
0.3393256 0.654529 0.006145425 
0.3204313 0.6736501 0.005918599 
0.2563328 0.7420435 0.001623674 
0.2629586 0.7364589 0.0005825292 
0.2350988 0.7615801 0.003321108 
0.2762036 0.715394 0.008402421 
0.2800397 0.7196685 0.0002917601 
0.3125468 0.6752197 0.01223352 
0.3352278 0.6591359 0.005636245 
0.3174638 0.6822233 0.0003129098 
0.3041752 0.6870248 0.008799993 
0.3231536 0.6753642 0.001482238 
0.2058698 0.7898615 0.004268716 
0.2912629 0.7004483 0.008288758 
0.2920418 0.7015355 0.006422685 
0.3107084 0.6830239 0.006267715 
0.2460543 0.7394284 0.01451723 
0.2011693 0.7864473 0.01238349 
0.2625807 0.735699 0.001720244 
0.2900346 0.708254 0.001711377 
0.2306396 0.7636303 0.005730128 
0.3379381 0.6491927 0.01286916 
0.3403629 0.6578226 0.001814441 
0.3423221 0.6514181 0.006259757 
0.3017081 0.6929241 0.005367862 
0.2582927 0.740421 0.001286261 
0.2652074 0.7088776 0.02591499 
0.3297466 0.669345 0.0009083774 
0.3809377 0.6135376 0.005524694 
0.416502 0.5832777 0.0002203316 
0.2807629 0.7160089 0.003228209 
0.2508813 0.7381778 0.01094088 
0.3277985 0.6696453 0.002556199 
0.2687847 0.7257893 0.005425954 
0.3327309 0.6643312 0.002937899 
0.3064104 0.6893707 0.00421886 
0.2771331 0.7193902 0.003476658 
0.3518133 0.6432121 0.004974586 
0.3233356 0.656578 0.02008634 
0.4010418 0.5921566 0.006801617 
0.3639167 0.6315048 0.004578489 
0.2091614 0.7864046 0.004433917 
0.2876384 0.7113564 0.001005206 
0.3165782 0.6775217 0.005900147 
0.3766863 0.6223291 0.0009846749 
0.2764653 0.7188881 0.004646534 
0.2698849 0.7069253 0.02318975 
0.3499668 0.6496376 0.0003956399 
0.302456 0.6929819 0.004562105 
0.2661649 0.7279457 0.005889348 
0.4565615 0.5404104 0.003028108 
0.3509683 0.6449703 0.004061427 
0.3081472 0.6863248 0.005528031 
0.3808293 0.6190962 7.45225e-05 
0.332867 0.6644132 0.002719758 
0.2449552 0.7375932 0.0174516 
0.2885698 0.7110382 0.0003920326 
0.2990815 0.6894595 0.01145902 
0.2610602 0.7307159 0.008223867 
0.4039027 0.5882914 0.007805896 
0.3110612 0.6812704 0.007668457 
0.2891476 0.7001615 0.01069096 
0.3489039 0.6350277 0.01606846 
0.268522 0.7270599 0.004418033 
0.2360987 0.7636659 0.0002354557 
0.3116182 0.6761001 0.01228168 
0.2155422 0.7807573 0.003700437 
0.2010161 0.7971056 0.001878292 
0.3545734 0.6413172 0.004109443 
0.2952231 0.6764801 0.02829684 
0.2243714 0.7685038 0.007124816 
0.2928374 0.7019616 0.005201011 
0.3461218 0.6518287 0.002049544 
0.303398 0.6902041 0.006397887 
0.2941424 0.7024246 0.003432963 
0.2674994 0.7238658 0.008634769 
0.3382718 0.6591882 0.002540017 
0.3671454 0.631653 0.001201562 
0.2801257 0.7171678 0.002706439 
0.3501279 0.6440275 0.005844608 
0.3273288 0.6673614 0.005309754 
0.262676 0.730208 0.007116021 
0.3092505 0.6848261 0.005923317 
0.2679526 0.724815 0.007232437 
0.2196117 0.779994 0.0003942531 
0.1729654 0.8240354 0.002999185 
0.3026434 0.6669788 0.03037784 
0.2977494 0.7016843 0.0005662905 
0.4188216 0.574801 0.006377392 
0.2988321 0.6941803 0.0069876 
0.2447932 0.754223 0.0009838585 
0.2803526 0.675051 0.04459639 
0.3821578 0.6148721 0.002970059 
0.3072082 0.6870937 0.00569809 
0.2921098 0.7063341 0.001556056 
0.394732 0.6026699 0.002598097 
0.2453147 0.7487141 0.005971176 
0.3817226 0.6164153 0.001862145 
0.2355304 0.7642783 0.0001913647 
0.3014219 0.6979312 0.0006468871 
0.3346231 0.658507 0.006869909 
0.3608103 0.6375419 0.001647828 
0.4026482 0.587051 0.0103007 
0.3417576 0.6340294 0.02421296 
0.3159912 0.6794944 0.004514449 
0.3613491 0.6355841 0.003066803 
0.3097101 0.6855106 0.0047793 
0.3149793 0.6812788 0.003741847 
0.3130281 0.6859001 0.001071883 
0.2766692 0.7200956 0.003235231 
0.1916566 0.807867 0.0004764227 
0.2244957 0.7686974 0.006806871 
0.3509904 0.6445323 0.004477253 
0.2889763 0.7016228 0.009400903 
0.3820883 0.6175318 0.0003798562 
0.249675 0.7471568 0.003168241 
0.2464305 0.7474553 0.006114132 
0.3135645 0.6822977 0.004137797 
0.2824558 0.7125281 0.00501601 
0.3700712 0.6226619 0.007266904 
0.2526885 0.7452301 0.00208133 
0.3118523 0.6428872 0.04526052 
0.3151 0.6815851 0.003314885 
0.3097886 0.6889615 0.00124991 
0.215453 0.783546 0.001000999 
0.3381804 0.6409918 0.02082785 
0.3235328 0.6711184 0.005348837 
0.250791 0.7462802 0.002928743 
0.3670892 0.6249475 0.007963274 
0.2807377 0.7157064 0.003555957 
0.2800367 0.7184803 0.001482991 
0.3708375 0.612813 0.01634945 
0.3725948 0.6210064 0.006398813 
0.28705 0.7093761 0.003573848 
0.2435304 0.7500481 0.006421503 
0.3286586 0.66997 0.001371394 
0.3072918 0.6884586 0.004249567 
0.2813528 0.7183597 0.0002875382 
0.211452 0.7823977 0.006150265 
0.3025911 0.6950532 0.002355676 
0.289716 0.6870752 0.02320877 
0.2898724 0.7043304 0.005797224 
0.2145282 0.7689716 0.01650014 
0.3289854 0.6664635 0.004551058 
0.3597816 0.6400928 0.0001256477 
0.2948516 0.7023453 0.002803108 
0.3697651 0.6300088 0.0002260657 
0.250211 0.7351953 0.01459373 
0.2913485 0.7057708 0.002880699 
0.3003207 0.689923 0.00975628 
0.2399735 0.7465225 0.01350401 
0.3185645 0.6797026 0.001732959 
0.231838 0.7611838 0.006978151 
0.2624143 0.7342488 0.003336843 
0.2921582 0.7015884 0.006253348 
0.3284416 0.6609616 0.01059681 
0.3299508 0.6672607 0.002788468 
0.3158 0.682151 0.002049002 
0.3808064 0.5993515 0.01984211 
0.3255448 0.6671842 0.007271028 
0.3143452 0.6852478 0.0004070216 
0.2967908 0.6943093 0.008899963 
0.2741918 0.7149023 0.0109059 
0.3429084 0.655267 0.001824569 
0.3076922 0.6896977 0.002610125 
0.385162 0.6047212 0.01011683 
0.2550726 0.7317675 0.01315989 
0.3325873 0.6616494 0.005763262 
0.3166963 0.6763855 0.006918125 
0.3316549 0.6660381 0.002307002 
0.2021673 0.7684277 0.02940498 
0.3255977 0.6662479 0.008154444 
0.3760022 0.6214514 0.002546397 
0.2947814 0.7030542 0.00216442 
0.3430745 0.6557666 0.001158954 
0.3478996 0.6518507 0.0002496436 
0.3285533 0.64104 0.03040668 
0.31678 0.6738128 0.009407188 
0.2340725 0.7641924 0.001735089 
0.3124201 0.6738374 0.01374246 
0.1504424 0.834958 0.01459959 
0.3093768 0.6776823 0.01294091 
0.2255332 0.7730418 0.001424985 
0.3538168 0.6370253 0.009157836 
0.3929221 0.5949872 0.01209074 
0.3477533 0.6424199 0.009826838 
0.2357892 0.7604575 0.003753262 
0.3286659 0.6608516 0.01048252 
0.358498 0.6406303 0.0008717088 
0.301671 0.694791 0.00353794 
0.4675085 0.521192 0.01129949 
0.2664371 0.7335371 2.580215e-05 
0.2860854 0.7031561 0.01075845 
0.2733012 0.7265033 0.0001954884 
0.2653663 0.7319346 0.00269914 
0.2395861 0.742043 0.01837091 
0.3203341 0.6793659 0.0003000203 
0.3877853 0.5994048 0.01280984 
0.3822426 0.616019 0.00173839 
0.2773177 0.718866 0.003816245 
0.2385945 0.7558828 0.005522712 
0.3498507 0.6379872 0.01216213 
0.3161306 0.6813723 0.002497124 
0.2460856 0.7507945 0.003119873 
0.3590392 0.6386186 0.002342287 
0.297097 0.7025506 0.0003524315 
0.2171563 0.763665 0.01917873 
0.299996 0.6918243 0.008179648 
0.3609132 0.6346267 0.00446015 
0.2800257 0.704534 0.01544031 
0.235871 0.7638426 0.0002863926 
0.2062842 0.7870517 0.006664084 
0.2498073 0.7439935 0.006199179 
0.3274602 0.6676458 0.004894031 
0.3500568 0.6406623 0.009280891 
0.2764778 0.7197147 0.00380743 
0.3385312 0.6559912 0.00547761 
0.3216148 0.6717901 0.006595151 
0.298409 0.700976 0.0006149527 
0.2232423 0.7449927 0.03176494 
0.2459235 0.7263718 0.02770471 
0.4029149 0.5840105 0.01307464 
0.2457609 0.7454165 0.008822581 
0.2296474 0.7678204 0.002532196 
0.2990835 0.6791886 0.02172791 
0.3037594 0.6898905 0.006350165 
0.2430387 0.7461826 0.01077869 
0.3108089 0.6820623 0.007128767 
0.3219353 0.675672 0.002392688 
0.3444285 0.6364083 0.0191632 
0.3728659 0.6268807 0.0002533545 
0.314396 0.6816029 0.004001006 
0.2862244 0.7121201 0.001655488 
0.2262901 0.7690157 0.004694197 
0.4066614 0.5913948 0.001943881 
0.3363293 0.6537239 0.009946798 
0.2317444 0.7481163 0.02013937 
0.348913 0.6494061 0.001680967 
0.2315036 0.7631701 0.005326295 
0.3128487 0.68456 0.002591267 
0.2880011 0.7118754 0.0001234672 
0.3444624 0.6539933 0.001544309 
0.3761199 0.6201528 0.003727287 
0.3638279 0.630513 0.005659075 
0.3211057 0.6722518 0.006642504 
0.3816179 0.6116316 0.006750448 
0.2579998 0.7382801 0.003720104 
0.2591067 0.739458 0.001435297 
0.3415753 0.6522885 0.006136247 
0.2550456 0.7443078 0.0006466135 
0.2728934 0.704513 0.02259363 
0.3015928 0.6976167 0.0007904749 
0.2468244 0.7493518 0.003823772 
0.2550934 0.7391911 0.0057155 
0.2471562 0.7498538 0.002990009 
0.2519197 0.7326263 0.015454 
0.355278 0.6402879 0.004434124 
0.3244758 0.6695052 0.006018937 
0.2782051 0.718573 0.003221886 
0.3768793 0.622318 0.0008027329 
0.3139888 0.6649657 0.02104549 
0.4120522 0.5855436 0.002404186 
0.3565263 0.6421932 0.001280526 
0.2825422 0.7052709 0.01218688 
0.315766 0.6827287 0.001505332 
0.2831711 0.7102042 0.006624679 
0.2583229 0.7316814 0.00999569 
0.292624 0.7041991 0.003176862 
0.2349505 0.7644933 0.0005561692 
0.2542267 0.7294406 0.01633272 
0.3549596 0.6357316 0.009308743 
0.3101419 0.6886947 0.001163425 
0.2565713 0.7364192 0.007009564 
0.2648225 0.730433 0.004744425 
0.2943606 0.7048027 0.0008367591 
0.3260926 0.6716866 0.002220731 
0.191607 0.8003971 0.007995836 
0.4318743 0.5568602 0.01126551 
0.2577654 0.7408443 0.001390345 
0.2134642 0.7724943 0.01404159 
0.2299611 0.7650834 0.004955516 
0.2758298 0.7139184 0.01025178 
0.3229183 0.6691601 0.007921549 
0.2762147 0.7192545 0.004530884 
0.3842417 0.6129127 0.002845609 
0.2831419 0.7106903 0.006167855 
0.3415823 0.6472822 0.01113542 
0.3197282 0.6644353 0.01583656 
0.3560694 0.6328826 0.01104805 
0.3071842 0.6894506 0.003365216 
0.2853088 0.7139698 0.0007214153 
0.2831963 0.7165483 0.0002553456 
0.3824879 0.6149164 0.002595643 
0.3293307 0.6548999 0.01576934 
0.2919732 0.701546 0.006480793 
0.2352285 0.762624 0.002147548 
0.359915 0.6248268 0.0152582 
0.3283385 0.651335 0.02032647 
0.2511887 0.7485235 0.0002878294 
0.2718098 0.7276278 0.0005624658 
0.2703802 0.711034 0.01858589 
0.4282764 0.5630787 0.008644825 
0.3557444 0.6416813 0.002574233 
0.3841625 0.6106833 0.005154197 
0.2458914 0.7527269 0.001381703 
0.3128364 0.6746357 0.01252785 
0.3121244 0.6737725 0.01410312 
0.3323784 0.654523 0.01309865 
0.188723 0.8022745 0.00900246 
0.3664731 0.6229455 0.01058139 
0.3200931 0.6770341 0.002872779 
0.2276945 0.7721895 0.0001160421 
0.1941378 0.7595196 0.04634257 
0.2744875 0.7246518 0.0008606926 
0.3763113 0.6191477 0.004541032 
0.1939763 0.7807798 0.02524387 
0.2483617 0.7366895 0.01494886 
0.3189021 0.6793771 0.001720761 
0.4046741 0.5865584 0.008767577 
0.2439821 0.7543838 0.001634108 
0.2470368 0.752276 0.000687171 
0.2841273 0.7123702 0.003502552 
0.3119704 0.6793313 0.008698316 
0.334822 0.6612181 0.003959911 
0.2767691 0.7177023 0.005528545 
0.2660476 0.7183201 0.01563228 
0.2725381 0.7193187 0.008143212 
0.4438994 0.5460173 0.0100833 
0.2568404 0.7393874 0.003772186 
0.2957516 0.6954412 0.008807181 
0.4170823 0.555108 0.02780972 
0.3035846 0.6959844 0.0004310193 
0.3108272 0.6794717 0.009701045 
0.198058 0.7980892 0.003852727 
0.3003698 0.6993552 0.0002750079 
0.368668 0.6240077 0.007324269 
0.2887388 0.6971684 0.0140928 
0.3760557 0.6002377 0.02370658 
0.3861579 0.6107933 0.003048733 
0.323754 0.6620495 0.01419647 
0.2814383 0.7156994 0.002862328 
0.3373041 0.6398681 0.02282776 
0.2946715 0.6912596 0.01406887 
0.3777492 0.6219818 0.000268939 
0.2970402 0.6959106 0.007049187 
0.2434653 0.7530938 0.00344086 
0.2888088 0.7080217 0.003169509 
0.4095933 0.5714603 0.01894644 
0.4111927 0.584606 0.004201345 
0.2763656 0.7219775 0.001656888 
0.2673066 0.7218908 0.01080265 
0.2821926 0.7172389 0.000568569 
0.3783809 0.6023221 0.01929697 
0.2798367 0.7146395 0.005523845 
0.3391955 0.6360804 0.02472405 
0.2920721 0.7003925 0.00753543 
0.3186369 0.6784335 0.002929613 
0.1778304 0.8086354 0.0135342 
0.326792 0.672888 0.0003200143 
0.2217902 0.7762068 0.002002979 
0.2792214 0.7138056 0.00697305 
0.4373569 0.5596308 0.003012312 
0.2270072 0.7693919 0.003600856 
0.3455089 0.6443879 0.01010316 
0.3719386 0.6246687 0.003392696 
0.2962248 0.7035002 0.0002750365 
0.322916 0.6722111 0.004872955 
0.3190216 0.6775846 0.003393735 
0.3121633 0.6854437 0.00239301 
0.3362469 0.6602608 0.003492332 
0.2592033 0.7317913 0.009005372 
0.3500074 0.647026 0.002966619 
0.3901774 0.6074865 0.002336133 
0.2189589 0.7765475 0.00449357 
0.3982983 0.5990412 0.002660458 
0.2677015 0.7320599 0.0002385448 
0.349128 0.6284294 0.02244256 
0.2581859 0.7281071 0.01370698 
0.3377459 0.6616148 0.0006392808 
0.2551431 0.7347998 0.01005709 
0.3259701 0.6666185 0.007411386 
0.2869081 0.6851888 0.02790318 
0.2246811 0.7723936 0.002925271 
0.3225848 0.6703911 0.007024108 
0.3128268 0.6778108 0.009362395 
0.278087 0.7135645 0.008348561 
0.2914885 0.7041862 0.004325267 
0.2514372 0.748262 0.0003007377 
0.3064436 0.6836571 0.009899229 
0.2827064 0.715268 0.002025534 
0.2814491 0.7184361 0.0001148482 
0.2893762 0.7028482 0.007775608 
0.2945533 0.7007977 0.004649041 
0.2995426 0.6995971 0.0008603625 
0.3842459 0.5876876 0.02806651 
0.3839892 0.6091601 0.006850733 
0.3298507 0.6566872 0.01346212 
0.2907773 0.7011201 0.008102652 
0.2941586 0.7020472 0.003794172 
0.2769754 0.7106757 0.01234889 
0.2021095 0.7967545 0.001135961 
0.278448 0.7185388 0.003013149 
0.2819723 0.71768 0.0003477195 
0.2751828 0.7136709 0.01114635 
0.306495 0.6854182 0.008086794 
0.3743724 0.6186508 0.006976792 
0.1819098 0.7974679 0.02062225 
0.3796253 0.6175308 0.002843903 
0.3328427 0.6585655 0.008591837 
0.1825568 0.8141213 0.003321908 
0.3548783 0.6399027 0.005218981 
0.2934153 0.6999552 0.006629478 
0.2896418 0.6946055 0.01575268 
0.2617309 0.7320542 0.006214965 
0.3512862 0.6451919 0.003521901 
0.3202803 0.6718976 0.007822066 
0.2626143 0.7348567 0.002528956 
0.3174799 0.65086 0.03166006 
0.3632131 0.6366041 0.0001828112 
0.3534105 0.6416543 0.004935208 
0.253928 0.7387974 0.00727464 
0.3014105 0.6959561 0.002633402 
0.3320379 0.6675015 0.0004606664 
0.3895484 0.6092595 0.001192089 
0.2821981 0.7151868 0.002615118 
0.2981445 0.7017449 0.0001106702 
0.27373 0.7234399 0.002830128 
0.3078799 0.6860185 0.006101525 
0.2865213 0.7103885 0.003090246 
0.3436935 0.6528278 0.003478626 
0.3717855 0.6148716 0.01334286 
0.2355778 0.7639659 0.000456363 
0.3060493 0.6814058 0.01254491 
0.2796573 0.7179813 0.002361464 
0.2214425 0.7622179 0.01633954 
0.2720515 0.7277979 0.0001505195 
0.338286 0.6487721 0.01294197 
0.3220619 0.6750304 0.002907739 
0.2314746 0.7555038 0.01302163 
0.2885268 0.7089509 0.002522334 
0.2838981 0.7062861 0.009815884 
0.2882609 0.7050578 0.006681287 
0.2866769 0.6969961 0.01632703 
0.3379192 0.6612073 0.0008735374 
0.2861743 0.7116313 0.00219439 
0.2817562 0.7180277 0.0002160787 
0.2690873 0.7286041 0.002308552 
0.2088742 0.7880262 0.003099682 
0.3424175 0.6552 0.002382501 
0.4383707 0.5506821 0.01094724 
0.3154718 0.6825477 0.001980433 
0.2642108 0.7349057 0.0008834864 
0.2247322 0.7745924 0.0006754462 
0.2707121 0.7282782 0.001009771 
0.3462398 0.6462561 0.007504134 
0.2315507 0.7636997 0.004749557 
0.2931137 0.6948727 0.0120136 
0.2314995 0.7654038 0.003096646 
0.2832565 0.7047236 0.01201987 
0.3517585 0.6372138 0.0110277 
0.3003007 0.6992365 0.0004627459 
0.2534508 0.7464717 7.749409e-05 
0.3072457 0.6917338 0.001020468 
0.3701696 0.6282434 0.001587016 
0.2617121 0.7352989 0.002989013 
0.3505061 0.6374795 0.01201441 
0.3596713 0.6229504 0.01737828 
0.2625675 0.7327894 0.004643051 
0.2867375 0.6995533 0.01370924 
0.3971415 0.5993347 0.003523873 
0.263669 0.735084 0.001247028 
0.3235829 0.6699692 0.006447915 
0.2774796 0.7218243 0.0006960696 
0.285847 0.7125984 0.001554559 
0.270145 0.7263649 0.003490121 
0.2444679 0.7554533 7.888169e-05 
0.3505254 0.6493367 0.0001379075 
0.2833672 0.7036294 0.01300332 
0.4169888 0.5782616 0.004749603 
0.2471129 0.7459321 0.006955073 
0.3026878 0.6870316 0.01028063 
0.2259248 0.7711531 0.002922151 
0.3430085 0.6538313 0.003160144 
0.2884529 0.7071024 0.004444628 
0.3690513 0.628127 0.002821676 
0.4007639 0.5954481 0.003787925 
0.3331969 0.6650431 0.001759965 
0.3203134 0.6755913 0.004095287 
0.2902161 0.7062233 0.003560664 
0.3361955 0.6385971 0.02520737 
0.3094553 0.6506953 0.03984939 
0.2851335 0.7109919 0.003874587 
0.3044704 0.6952835 0.000246089 
0.2463028 0.7533695 0.000327722 
0.2820002 0.7176988 0.0003010157 
0.2653797 0.7198832 0.01473703 
0.293725 0.7060991 0.0001759493 
0.3169835 0.6777136 0.005302941 
0.2748398 0.7223592 0.00280098 
0.2552195 0.7308848 0.0138957 
0.2237517 0.7705095 0.00573883 
0.3161771 0.6796019 0.004221054 
0.2369268 0.7625036 0.0005696215 
0.3330646 0.6543691 0.01256631 
0.3597122 0.6193729 0.02091491 
0.2666478 0.7234194 0.00993285 
0.2405866 0.7586556 0.0007577864 
0.3880984 0.6028051 0.009096418 
0.2532478 0.7411445 0.005607683 
0.3752389 0.6180193 0.006741792 
0.4134539 0.5719298 0.01461629 
0.275499 0.7243329 0.000168045 
0.3235872 0.6706148 0.005798049 
0.3298545 0.6585548 0.01159069 
0.301561 0.6952014 0.00323758 
0.2971852 0.6903247 0.01249012 
0.2669496 0.7309024 0.002148021 
0.3284041 0.660741 0.01085494 
0.3062487 0.6926622 0.001089076 
0.3023164 0.6553192 0.04236438 
0.3708747 0.6142955 0.01482974 
0.2630821 0.7328858 0.00403215 
0.2643428 0.7244755 0.01118161 
0.3690127 0.6250832 0.005904075 
0.3485812 0.6510805 0.0003383515 
0.3249078 0.6588454 0.01624679 
0.2378674 0.7291675 0.03296508 
0.3370945 0.6602684 0.002637112 
0.2411584 0.7554292 0.003412328 
0.2896665 0.7012446 0.009088921 
0.3440062 0.654201 0.00179281 
0.3033982 0.6941013 0.002500416 
0.2893193 0.7095058 0.00117489 
0.3581196 0.6310325 0.01084798 
0.2632981 0.7178486 0.01885326 
0.2294972 0.7584583 0.01204451 
0.3605084 0.6298187 0.009672944 
0.2283216 0.757544 0.01413447 
0.2930044 0.6893146 0.01768095 
0.2502099 0.7491947 0.0005953522 
0.3221529 0.6750071 0.00284004 
0.3571896 0.6406674 0.002142999 
0.3562819 0.6430954 0.0006226807 
0.3239634 0.6739188 0.002117837 
0.2056984 0.7853794 0.008922148 
0.367422 0.6280702 0.004507819 
0.2949412 0.7034322 0.001626579 
0.3021038 0.684417 0.01347917 
0.2222162 0.7772806 0.0005031486 
0.2555261 0.7296259 0.01484801 
0.2615657 0.7293789 0.009055334 
0.2726231 0.7150777 0.01229925 
0.3174933 0.6779503 0.004556379 
0.267238 0.721383 0.01137904 
0.3800179 0.6135735 0.006408603 
0.2237081 0.7760651 0.0002267498 
0.2215808 0.7651456 0.01327364 
0.318481 0.6732962 0.008222834 
0.364416 0.6262775 0.009306481 
0.2656196 0.7192132 0.01516719 
0.3590968 0.6306865 0.01021675 
0.2767505 0.7143325 0.008916982 
0.3223466 0.6671441 0.01050926 
0.4203871 0.5763719 0.003240971 
0.4101615 0.585455 0.004383501 
0.4078371 0.5871417 0.005021205 
0.3447418 0.6527692 0.00248897 
0.3363766 0.6580531 0.005570241 
0.2745491 0.7208333 0.004617566 
0.2890971 0.7057886 0.005114209 
0.4030771 0.592699 0.004223997 
0.2051442 0.7891605 0.005695385 
0.267875 0.7270056 0.005119413 
0.2619124 0.736491 0.001596633 
0.3122448 0.6703927 0.01736254 
0.3037636 0.6938622 0.002374228 
0.2723882 0.7097719 0.01783996 
0.2779081 0.7017021 0.02038984 
0.2564305 0.7400866 0.003482937 
0.2428671 0.7515062 0.00562666 
0.2807478 0.7164079 0.002844355 
0.2370647 0.7622181 0.000717187 
0.179366 0.8183086 0.002325411 
0.2284503 0.7671718 0.00437786 
0.1863997 0.8107169 0.002883422 
0.3225524 0.6758379 0.00160975 
0.329287 0.6597457 0.01096732 
0.2912855 0.7078625 0.000852027 
0.3453325 0.6539018 0.0007657036 
0.3185111 0.6772191 0.004269835 
0.270175 0.7230769 0.00674806 
0.401255 0.5799861 0.0187589 
0.2708837 0.7059623 0.02315401 
0.3350052 0.6602622 0.004732511 
0.3654374 0.6313247 0.003237883 
0.4664533 0.525944 0.007602766 
0.3116513 0.6800245 0.008324219 
0.3375379 0.6540935 0.00836854 
0.3134481 0.6814214 0.005130461 
0.2741388 0.7042023 0.02165889 
0.3821599 0.6161922 0.001647859 
0.2482753 0.7477367 0.003988074 
0.313143 0.676679 0.01017794 
0.3446951 0.6466873 0.008617573 
0.313648 0.6638105 0.02254144 
0.2292955 0.7680557 0.002648806 
0.3352075 0.6576069 0.007185511 
0.3541186 0.6398607 0.006020748 
0.2294333 0.7686669 0.001899776 
0.3729199 0.6139886 0.01309145 
0.3116289 0.6851475 0.003223517 
0.3216303 0.6702789 0.008090768 
0.3388958 0.6576096 0.00349453 
0.4145605 0.5839082 0.001531328 
0.3475176 0.6439832 0.008499123 
0.2864345 0.7107918 0.002773708 
0.2495195 0.7473249 0.003155663 
0.2610779 0.7344524 0.004469686 
0.3385857 0.6565968 0.004817483 
0.3304994 0.6669077 0.002592948 
0.2243686 0.7751574 0.0004739759 
0.4581048 0.5397938 0.002101451 
0.2949831 0.7043151 0.0007017901 
0.2951493 0.7023022 0.002548455 
0.4121678 0.5809525 0.006879735 
0.2942797 0.6936268 0.01209358 
0.3608026 0.630899 0.008298449 
0.3110964 0.6854083 0.003495335 
0.2839902 0.7065753 0.00943446 
0.2635627 0.7226647 0.01377258 
0.237954 0.7469949 0.0150511 
0.2899544 0.7094318 0.0006137373 
0.2559807 0.7430816 0.0009377338 
0.3036277 0.6927673 0.003605023 
0.2892046 0.6874749 0.0233205 
0.2922592 0.6973258 0.01041498 
0.2499988 0.7452556 0.004745571 
0.3133994 0.678518 0.008082584 
0.4635644 0.5344821 0.001953446 
0.3377636 0.6498504 0.01238595 
0.2589254 0.7356459 0.005428664 
0.3205088 0.6674829 0.01200834 
0.2679594 0.7274804 0.004560243 
0.3021852 0.6799966 0.01781818 
0.3887349 0.602858 0.008407049 
0.3428833 0.6559929 0.001123811 
0.1731775 0.8241339 0.002688526 
0.2848372 0.7128649 0.002297945 
0.3517769 0.6337226 0.01450049 
0.2796829 0.7005381 0.01977908 
0.2363248 0.7450732 0.01860208 
0.1878969 0.8116834 0.0004197065 
0.2956968 0.7000588 0.004244422 
0.3473443 0.6428681 0.009787625 
0.3311349 0.6678298 0.00103522 
0.3291661 0.6627312 0.008102644 
0.2778298 0.7152877 0.006882448 
0.2628939 0.7281286 0.008977579 
0.280616 0.718504 0.000879981 
0.3633636 0.6326334 0.004002955 
0.353735 0.6439603 0.002304682 
0.381957 0.6170098 0.001033184 
0.3343306 0.648179 0.01749039 
0.3045593 0.6896192 0.005821517 
0.2613777 0.7243374 0.01428486 
0.3319808 0.6636659 0.004353334 
0.2944013 0.7055079 9.08182e-05 
0.2310725 0.7612281 0.007699369 
0.3188426 0.6726407 0.008516713 
0.295894 0.7013094 0.002796531 
0.3739498 0.621082 0.004968239 
0.2754699 0.7145632 0.009966875 
0.2489532 0.7449133 0.006133491 
0.2957832 0.6968795 0.007337235 
0.3150769 0.6822952 0.002627908 
0.2997899 0.6930454 0.007164643 
0.3512737 0.6481707 0.0005556455 
0.3883388 0.6063682 0.005293061 
0.3243512 0.6679762 0.007672547 
0.2923265 0.7071273 0.0005461971 
0.2817467 0.6753938 0.04285951 
0.3570002 0.6267352 0.01626458 
0.2376311 0.7611214 0.001247541 
0.3525523 0.6425452 0.004902556 
0.3435361 0.6483825 0.008081458 
0.3256375 0.6661205 0.008242009 
0.3247979 0.6595152 0.01568699 
0.349307 0.6444867 0.006206301 
0.2871209 0.7119017 0.0009774011 
0.3027966 0.6692892 0.02791418 
0.3906234 0.6012061 0.00817052 
0.3498926 0.6479535 0.002153888 
0.3016357 0.696738 0.001626318 
0.3705434 0.6283252 0.001131489 
0.2995795 0.6998209 0.0005995566 
0.3684662 0.6111453 0.02038846 
0.3553943 0.6392986 0.005307094 
0.4046109 0.5939452 0.001443867 
0.2777332 0.7147861 0.00748069 
0.3422891 0.6567817 0.0009292609 
0.2545925 0.7395751 0.005832397 
0.2482722 0.7470462 0.004681595 
0.2760757 0.7167233 0.007201054 
0.2334353 0.7576348 0.008929904 
0.2188403 0.7804305 0.000729199 
0.2720125 0.7127607 0.01522678 
0.2724354 0.7237166 0.003847922 
0.2565155 0.7433226 0.0001619891 
0.3529469 0.6389492 0.008103912 
0.3087618 0.6908321 0.0004061816 
0.1953051 0.7933089 0.01138602 
0.2772467 0.7022723 0.02048101 
0.360431 0.6257766 0.01379239 
0.2708977 0.7234565 0.005645801 
0.3434645 0.6358879 0.02064755 
0.2519717 0.7380238 0.01000449 
0.2439544 0.743763 0.01228261 
0.2544509 0.7389979 0.006551265 
0.3680788 0.6279507 0.003970413 
0.4060239 0.588193 0.005783136 
0.2847649 0.7137391 0.001496067 
0.2491386 0.7352189 0.01564242 
0.2375172 0.7562675 0.006215318 
0.3043312 0.6904031 0.005265764 
0.2679276 0.7190391 0.01303333 
0.2978133 0.6988135 0.003373248 
0.3316063 0.6683691 2.465608e-05 
0.272055 0.7263296 0.001615388 
0.2347314 0.7645287 0.0007398584 
0.350728 0.648389 0.0008829676 
0.3205704 0.6687213 0.01070823 
0.3178859 0.6739918 0.008122211 
0.3385977 0.657014 0.004388337 
0.2791427 0.7182581 0.002599193 
0.2525228 0.745552 0.001925125 
0.2258854 0.770619 0.003495622 
0.2767712 0.7228659 0.0003628649 
0.2786742 0.7204339 0.000891945 
0.3360898 0.6536226 0.01028761 
0.3287001 0.6491185 0.0221814 
0.2462661 0.7517608 0.001973108 
0.2788044 0.7080287 0.01316684 
0.3137138 0.6832042 0.003082001 
0.3398332 0.6595344 0.000632362 
0.2586199 0.7339825 0.007397643 
0.2786899 0.7096257 0.01168447 
0.343998 0.6553465 0.0006554981 
0.3527465 0.6451392 0.002114295 
0.3289151 0.669232 0.001852956 
0.2721635 0.7209594 0.006877052 
0.3050993 0.6759636 0.01893707 
0.2552278 0.7405874 0.00418486 
0.2656515 0.7276975 0.00665101 
0.4009964 0.5979064 0.001097255 
0.3229614 0.6564837 0.02055494 
0.3120833 0.6831211 0.004795631 
0.2915029 0.7042466 0.004250553 
0.2558815 0.7204997 0.02361873 
0.3886761 0.6004784 0.0108454 
0.3406349 0.6573769 0.001988187 
0.2697555 0.7110777 0.01916681 
0.2709647 0.7286778 0.000357512 
0.3189109 0.670484 0.01060505 
0.3098115 0.675368 0.01482049 
0.2934125 0.7060977 0.0004897468 
0.370979 0.6171134 0.01190757 
0.3826042 0.6112285 0.006167351 
0.2832402 0.7055191 0.01124069 
0.250945 0.7419763 0.007078661 
0.3148469 0.679713 0.005440058 
0.2823688 0.7119684 0.005662835 
0.2906048 0.7044828 0.004912427 
0.2893493 0.7042675 0.006383228 
0.2710788 0.728802 0.0001192424 
0.3528706 0.6454417 0.001687717 
0.3070306 0.6854773 0.007492056 
0.363752 0.6361227 0.0001252909 
0.3139011 0.6751605 0.01093842 
0.3983914 0.5968885 0.00472007 
0.3621415 0.6345327 0.00332576 
0.3612801 0.6320388 0.006681101 
0.223794 0.7612082 0.01499782 
0.2600576 0.7376702 0.002272222 
0.3057085 0.686883 0.007408488 
0.3742819 0.6139082 0.01180983 
0.3090502 0.6810334 0.009916362 
0.2984887 0.700916 0.0005952607 
0.3140006 0.6624905 0.02350887 
0.315779 0.6619835 0.02223756 
0.3107132 0.6866721 0.00261477 
0.2545924 0.742307 0.003100638 
0.2498962 0.7399578 0.01014598 
0.2086182 0.7776936 0.01368813 
0.2998238 0.6933532 0.00682293 
0.3303256 0.6662735 0.003400899 
0.391476 0.6036967 0.004827372 
0.4339971 0.5598623 0.006140546 
0.2536756 0.740706 0.005618445 
0.3573228 0.6171361 0.02554113 
0.2330068 0.7638045 0.003188771 
0.2810656 0.7158378 0.00309658 
0.3747253 0.6199471 0.005327562 
0.3529196 0.6340616 0.01301874 
0.2912989 0.707596 0.001105134 
0.3566421 0.6419159 0.001441978 
0.2540642 0.7132194 0.03271636 
0.2847265 0.7111887 0.004084778 
0.3680699 0.603298 0.02863206 
0.3278789 0.6477508 0.02437026 
0.3093908 0.6890979 0.001511333 
0.3547787 0.6392591 0.005962281 
0.3283421 0.6706585 0.0009993982 
0.2826908 0.6916306 0.02567864 
0.2314797 0.7527265 0.0157938 
0.2312928 0.7624604 0.006246758 
0.2861068 0.7112798 0.002613415 
0.2663909 0.7320688 0.00154027 
0.3777445 0.6171075 0.005148016 
0.3067492 0.6919689 0.001281937 
0.2533433 0.7285944 0.01806232 
0.2211585 0.7655846 0.01325684 
0.2497945 0.7368435 0.01336197 
0.2827389 0.7146083 0.002652772 
0.2624722 0.7369663 0.0005614647 
0.2460819 0.7206325 0.0332856 
0.3044172 0.6931001 0.002482721 
0.3512831 0.6441086 0.00460829 
0.2095447 0.7856704 0.004784912 
0.3832737 0.6162562 0.0004700737 
0.3176942 0.675982 0.006323854 
0.279973 0.7083535 0.01167352 
0.3200355 0.6791195 0.0008449869 
0.3057877 0.6901083 0.004103924 
0.2755315 0.7241988 0.0002696948 
0.3047348 0.6866415 0.008623699 
0.2971687 0.7015148 0.001316541 
0.3807586 0.6151734 0.00406797 
0.2375217 0.7423287 0.02014964 
0.3108346 0.6814671 0.007698294 
0.3223368 0.6663234 0.01133975 
0.3734494 0.6219054 0.004645249 
0.3205243 0.6643166 0.0151591 
0.2211655 0.7637955 0.01503902 
0.2865267 0.7076871 0.00578619 
0.2681001 0.7155657 0.01633418 
0.251083 0.7051694 0.04374755 
0.2787523 0.7205425 0.0007051596 
0.1985852 0.7977071 0.003707709 
0.2640763 0.7338269 0.002096716 
0.3228466 0.6752787 0.001874677 
0.2986749 0.6906345 0.01069061 
0.2586882 0.7367968 0.004514993 
0.3445664 0.6530435 0.002390122 
0.3235167 0.6731836 0.003299618 
0.3676307 0.6214299 0.0109394 
0.2885489 0.710694 0.0007570932 
0.2838936 0.7115213 0.004585058 
0.3638991 0.635454 0.0006468616 
0.3192004 0.6583699 0.02242973 
0.2562664 0.7356521 0.008081498 
0.3774265 0.6144619 0.008111571 
0.3208118 0.6667961 0.01239207 
0.297162 0.6936114 0.009226559 
0.2779115 0.7173342 0.00475432 
0.3102459 0.6789867 0.01076735 
0.3505943 0.6459924 0.003413261 
0.3599804 0.6367602 0.003259387 
0.3724277 0.6182856 0.009286723 
0.3199534 0.6651159 0.01493076 
0.2727926 0.7194265 0.007780914 
0.3285092 0.6675008 0.003989971 
0.3580763 0.6411907 0.0007330475 
0.2743107 0.7116447 0.01404452 
0.3139436 0.6847396 0.001316727 
0.2400261 0.756311 0.003662918 
0.308198 0.6876131 0.004188856 
0.2716956 0.7229693 0.005335143 
0.2623635 0.6890974 0.04853913 
0.2662019 0.7329642 0.0008338565 
0.2881334 0.7067714 0.005095156 
0.2919879 0.6958878 0.01212436 
0.277826 0.7214392 0.0007347689 
0.2760287 0.7042736 0.01969771 
0.3452313 0.6473895 0.007379187 
0.333886 0.6382594 0.0278546 
0.2186789 0.7693734 0.01194772 
0.2700056 0.7289842 0.001010161 
0.3183254 0.6803266 0.001347946 
0.2477699 0.7514128 0.0008173753 
0.3064169 0.6898701 0.003713031 
0.4007582 0.5922544 0.006987391 
0.4053086 0.5779793 0.01671204 
0.2398134 0.7477917 0.01239493 
0.3693008 0.6259596 0.004739607 
0.3000175 0.6952798 0.004702726 
0.2080272 0.788179 0.003793861 
0.4165751 0.5792991 0.004125801 
0.3406155 0.6579806 0.001403918 
0.3558534 0.6305883 0.01355826 
0.3719126 0.6034561 0.0246313 
0.3380793 0.6547098 0.007210878 
0.2853263 0.7108292 0.003844461 
0.3235851 0.6743346 0.002080286 
0.3029999 0.6846276 0.01237245 
0.3767783 0.6199579 0.003263806 
0.3671585 0.6260052 0.006836308 
0.3371245 0.6478857 0.01498973 
0.3737852 0.6163297 0.009885081 
0.2315275 0.765087 0.003385446 
0.375057 0.6194323 0.005510708 
0.2938458 0.7043244 0.001829881 
0.2637017 0.7306826 0.005615643 
0.3204765 0.679425 9.85507e-05 
0.3768222 0.6227768 0.0004009638 
0.2501723 0.7368179 0.01300982 
0.2456159 0.7451595 0.009224644 
0.2989304 0.6955668 0.005502808 
0.2257062 0.7620276 0.01226622 
0.2561257 0.740214 0.003660362 
0.2412823 0.747064 0.01165375 
0.2845149 0.7028057 0.01267944 
0.1986715 0.7969182 0.00441029 
0.3257657 0.6716895 0.002544822 
0.2974377 0.6864342 0.01612806 
0.2844827 0.7089801 0.006537225 
0.2513714 0.7439717 0.004656862 
0.25328 0.7390846 0.007635373 
0.317899 0.651578 0.03052301 
0.3131252 0.6801636 0.006711287 
0.2428775 0.7523293 0.00479324 
0.2985041 0.6860702 0.01542567 
0.2400702 0.7587704 0.00115947 
0.2592874 0.7377796 0.002933006 
0.2862049 0.7083689 0.005426205 
0.2856038 0.7045267 0.009869523 
0.3608492 0.6384025 0.000748245 
0.3245851 0.6655352 0.009879753 
0.304317 0.682929 0.01275403 
0.3708244 0.618269 0.01090656 
0.2315786 0.7618193 0.006602139 
0.2201602 0.7746889 0.005150952 
0.2263615 0.7600574 0.01358109 
0.3122701 0.6821736 0.005556269 
0.2719712 0.7262014 0.001827381 
0.2296976 0.7593263 0.01097608 
0.3939977 0.6018221 0.004180215 
0.3532561 0.642437 0.004306937 
0.3151162 0.68008 0.004803802 
0.3551822 0.6446167 0.0002010937 
0.2994186 0.6974154 0.003166025 
0.3301891 0.6654504 0.00436048 
0.3042499 0.6897255 0.006024593 
0.3141866 0.6808618 0.004951522 
0.2362483 0.7627664 0.0009852688 
0.2633229 0.7307743 0.005902764 
0.1941483 0.8048465 0.001005172 
0.2661315 0.7329831 0.0008853345 
0.4680726 0.5232935 0.008633819 
0.3232355 0.6709155 0.005848956 
0.3226963 0.6531162 0.02418742 
0.4076207 0.590145 0.002234285 
0.3603345 0.6375142 0.002151349 
0.2047781 0.7911579 0.004063982 
0.300039 0.6880973 0.01186367 
0.1944234 0.7912325 0.0143441 
0.3499723 0.6389272 0.01110048 
0.4015126 0.5692932 0.02919419 
0.2671777 0.731866 0.000956261 
0.3491485 0.6444016 0.006449901 
0.4003354 0.5976735 0.001991069 
0.3071811 0.67781 0.01500898 
0.3372863 0.6625387 0.0001750168 
0.2383304 0.7572772 0.004392409 
0.3538561 0.6381722 0.007971678 
0.4019017 0.5853844 0.01271394 
0.2835272 0.7125151 0.003957709 
0.2592726 0.7404461 0.000281211 
0.3717088 0.6281977 9.348445e-05 
0.299492 0.6848717 0.0156363 
0.2468238 0.7469609 0.006215329 
