p_1 p_2 p_3 
0.7884881 0.1208472 0.09066469 
0.7728933 0.1664302 0.06067653 
0.8401285 0.1391534 0.02071813 
0.7561546 0.1857879 0.05805751 
0.7197451 0.1932781 0.08697683 
0.8353967 0.1132058 0.05139752 
0.8429816 0.1131534 0.04386491 
0.8162236 0.1461538 0.03762253 
0.7821158 0.1024284 0.1154557 
0.7865284 0.1774313 0.0360403 
0.796871 0.1271371 0.07599188 
0.7466483 0.207801 0.04555069 
0.7898118 0.1394069 0.07078134 
0.8466687 0.1148622 0.03846906 
0.802279 0.1453923 0.0523287 
0.7504404 0.2003945 0.04916509 
0.7423394 0.157338 0.1003226 
0.7335951 0.1232408 0.1431641 
0.752805 0.1686078 0.07858714 
0.8117376 0.1677034 0.02055903 
0.7804701 0.1260023 0.0935276 
0.7962783 0.1640635 0.03965816 
0.7736362 0.1984575 0.02790638 
0.7330719 0.1877899 0.07913819 
0.844069 0.1035326 0.05239837 
0.7786555 0.1640315 0.05731298 
0.8065012 0.1666569 0.02684195 
0.8028962 0.110997 0.08610678 
0.8334502 0.1293722 0.03717759 
0.7524218 0.2058772 0.04170096 
0.746631 0.2057139 0.04765506 
0.8186759 0.157746 0.0235781 
0.8050908 0.1146197 0.08028947 
0.87537 0.1028219 0.02180818 
0.7879716 0.1515406 0.06048782 
0.8067655 0.1525402 0.0406943 
0.7655485 0.1341632 0.1002883 
0.7717069 0.1626957 0.0655974 
0.7884619 0.141024 0.07051408 
0.7874695 0.1274166 0.0851139 
0.7736994 0.1979004 0.02840021 
0.8593459 0.1171552 0.0234989 
0.7861387 0.1521797 0.06168162 
0.7633535 0.1971873 0.03945915 
0.8391723 0.1411948 0.01963286 
0.735552 0.1401755 0.1242724 
0.7834591 0.1029263 0.1136147 
0.7375765 0.2108768 0.05154674 
0.7946637 0.163471 0.04186534 
0.7820775 0.1615016 0.05642088 
0.8740506 0.09934639 0.02660296 
0.7507329 0.1977975 0.05146958 
0.8597482 0.1160163 0.02423552 
0.8079731 0.1422523 0.04977457 
0.8452379 0.08617313 0.06858899 
0.7355387 0.2155757 0.04888558 
0.8005553 0.1188529 0.0805918 
0.7963628 0.1427381 0.06089903 
0.8205647 0.1463384 0.03309697 
0.7714017 0.1352663 0.09333204 
0.8316764 0.1215118 0.04681174 
0.7378369 0.2127951 0.04936801 
0.8091073 0.1285576 0.06233513 
0.8266509 0.1097225 0.06362657 
0.7479474 0.1711155 0.08093713 
0.8351107 0.09999975 0.06488956 
0.7767693 0.1794694 0.04376129 
0.8474204 0.1198629 0.03271667 
0.8148975 0.07978207 0.1053204 
0.7566576 0.1426702 0.1006722 
0.7753348 0.1530344 0.07163081 
0.7773988 0.1513523 0.07124892 
0.7845071 0.1070043 0.1084887 
0.7881693 0.1676714 0.04415931 
0.758533 0.1561727 0.08529435 
0.7598463 0.1562739 0.08387985 
0.8634005 0.09602733 0.04057221 
0.8031163 0.157549 0.03933465 
0.7550574 0.1690795 0.07586319 
0.7192324 0.2296356 0.05113197 
0.7844434 0.1055119 0.1100447 
0.7630056 0.1933066 0.04368773 
0.7730733 0.1178125 0.1091142 
0.7976593 0.108163 0.09417768 
0.8091237 0.1370838 0.05379247 
0.775327 0.1455669 0.07910609 
0.7105577 0.1688639 0.1205783 
0.798804 0.1203279 0.08086814 
0.7480321 0.1669653 0.08500253 
0.8800104 0.07902461 0.04096498 
0.8174767 0.1584113 0.02411197 
0.784418 0.1732611 0.04232093 
0.7607098 0.1591302 0.08015997 
0.8287016 0.1346885 0.03660996 
0.83804 0.09756986 0.06439015 
0.7954191 0.1565542 0.04802671 
0.7953171 0.1603605 0.04432241 
0.7799764 0.1625956 0.057428 
0.7823796 0.1790006 0.0386198 
0.8206801 0.1129745 0.06634541 
0.7735356 0.1242042 0.1022603 
0.743767 0.1744156 0.08181743 
0.7696965 0.1899467 0.04035686 
0.7845237 0.1560863 0.05938996 
0.7911022 0.149657 0.05924074 
0.7799779 0.16617 0.05385214 
0.7840273 0.1329304 0.08304222 
0.7060208 0.2205906 0.07338858 
0.7500093 0.202622 0.04736865 
0.8075852 0.1470113 0.04540355 
0.7975722 0.1572255 0.04520226 
0.8437521 0.09762336 0.05862449 
0.7787956 0.1534131 0.06779133 
0.7410238 0.2044428 0.05453335 
0.7869565 0.1796607 0.03338275 
0.8431531 0.1106488 0.0461981 
0.7931071 0.1538543 0.05303859 
0.7636424 0.1983666 0.03799104 
0.8262217 0.1097606 0.0640177 
0.8682608 0.08866746 0.04307173 
0.7806106 0.1063051 0.1130844 
0.818744 0.1004888 0.08076722 
0.7345297 0.1630201 0.1024501 
0.7557971 0.1289715 0.1152314 
0.8817022 0.07070999 0.0475878 
0.7727104 0.1837662 0.04352343 
0.7540999 0.2373782 0.008521982 
0.8874267 0.07827237 0.03430094 
0.820928 0.1313352 0.0477368 
0.7853692 0.1340794 0.08055139 
0.7836589 0.1486107 0.0677304 
0.7388276 0.2213276 0.03984486 
0.7380273 0.1883398 0.07363289 
0.8252894 0.09045567 0.08425491 
0.8189926 0.1488397 0.03216774 
0.8206129 0.1343792 0.04500789 
0.7175906 0.2179664 0.06444295 
0.8151836 0.09662379 0.08819257 
0.772582 0.1645473 0.06287077 
0.7869749 0.07963412 0.133391 
0.7944734 0.1236175 0.08190912 
0.7705542 0.09076663 0.1386792 
0.8130811 0.1238783 0.06304063 
0.8518934 0.1112463 0.0368603 
0.7809388 0.1304476 0.08861361 
0.8893241 0.06507826 0.04559763 
0.7171953 0.1862759 0.09652879 
0.758048 0.1118465 0.1301055 
0.8132007 0.1332816 0.05351766 
0.7091726 0.2568803 0.03394701 
0.7841833 0.1688304 0.04698623 
0.8027211 0.0931702 0.1041087 
0.84795 0.1427963 0.009253698 
0.8602883 0.1211394 0.01857225 
0.8151872 0.1710521 0.01376069 
0.7444379 0.1688949 0.08666721 
0.8356875 0.1019841 0.06232838 
0.8128741 0.1516771 0.03544881 
0.8344145 0.1175874 0.04799814 
0.7726218 0.1205234 0.1068548 
0.7355147 0.1803418 0.08414352 
0.8031043 0.1780143 0.01888134 
0.8009353 0.1408956 0.05816913 
0.8306085 0.1096952 0.05969638 
0.7638819 0.1722904 0.06382776 
0.7274598 0.2106001 0.06194011 
0.8144321 0.08594584 0.09962206 
0.8133806 0.1143722 0.07224722 
0.8612175 0.1064501 0.03233239 
0.7894021 0.1721238 0.03847409 
0.7882763 0.1153133 0.0964104 
0.8110153 0.1673472 0.02163744 
0.789139 0.1763774 0.03448364 
0.7581852 0.2144041 0.02741078 
0.8016472 0.1007383 0.09761445 
0.7609127 0.1932913 0.045796 
0.7600724 0.1881374 0.05179026 
0.8339189 0.1236045 0.04247662 
0.793024 0.1630167 0.04395934 
0.8186461 0.1447303 0.03662363 
0.8097195 0.1446662 0.04561431 
0.7073954 0.2094226 0.08318202 
0.8142664 0.1179174 0.0678162 
0.7764744 0.1497598 0.07376588 
0.8000954 0.1082952 0.0916094 
0.7660953 0.1409284 0.09297628 
0.8492587 0.1147613 0.03597994 
0.7964634 0.1441013 0.05943523 
0.8500943 0.09689832 0.05300743 
0.7719948 0.1992196 0.0287856 
0.819725 0.1400747 0.04020035 
0.787786 0.1668168 0.04539716 
0.7228832 0.2117413 0.06537557 
0.7739911 0.1653168 0.06069208 
0.7531498 0.2022647 0.04458541 
0.7989958 0.1666395 0.03436475 
0.7308998 0.1756134 0.09348672 
0.7953949 0.1532611 0.05134403 
0.8456634 0.107664 0.04667259 
0.7415086 0.1964163 0.06207509 
0.7850218 0.08143282 0.1335454 
0.775677 0.1420837 0.08223938 
0.7562329 0.1382983 0.1054689 
0.7273051 0.2124241 0.06027078 
0.845975 0.09643651 0.05758849 
0.7807221 0.1157315 0.1035464 
0.7823292 0.1449144 0.07275637 
0.7431989 0.2058824 0.05091868 
0.8372421 0.08768191 0.07507603 
0.7809897 0.1454835 0.07352682 
0.7678655 0.1658313 0.06630319 
0.8277938 0.140361 0.0318452 
0.7451838 0.1871869 0.06762926 
0.8011555 0.1553177 0.04352685 
0.8333773 0.1265518 0.04007095 
0.7596779 0.1831139 0.05720818 
0.8236073 0.1156646 0.06072803 
0.7602574 0.1553529 0.08438976 
0.7853276 0.1212703 0.09340213 
0.870878 0.08244734 0.04667468 
0.8311181 0.1338282 0.03505374 
0.8322729 0.0986849 0.0690422 
0.8457071 0.1104159 0.04387697 
0.7699546 0.1364848 0.09356056 
0.8195717 0.122245 0.05818328 
0.7149238 0.2024955 0.08258069 
0.7603962 0.2168309 0.02277285 
0.7913044 0.103971 0.1047246 
0.8019027 0.169408 0.02868928 
0.748005 0.1575669 0.09442804 
0.8506046 0.1029664 0.04642897 
0.8111881 0.09942331 0.08938862 
0.8434346 0.1288172 0.0277482 
0.8629986 0.1046008 0.03240061 
0.7992992 0.154788 0.04591275 
0.8136747 0.1524418 0.03388351 
0.7104858 0.2518633 0.03765088 
0.7938103 0.1457195 0.06047021 
0.7848921 0.1670912 0.04801669 
0.8339089 0.1228677 0.04322343 
0.7285233 0.1457595 0.1257172 
0.8345901 0.1237445 0.04166544 
0.7961864 0.1597411 0.04407256 
0.7518804 0.1177388 0.1303808 
0.8100545 0.124488 0.06545755 
0.7559849 0.1866546 0.05736047 
0.7945795 0.1149516 0.09046884 
0.7498443 0.1688042 0.08135152 
0.806523 0.1065927 0.0868843 
0.8107436 0.1009676 0.08828875 
0.7652752 0.1322249 0.1024999 
0.7435026 0.1205207 0.1359767 
0.8064203 0.1221437 0.071436 
0.7744226 0.1246227 0.1009547 
0.7782561 0.1363141 0.08542979 
0.7686224 0.1863158 0.04506178 
0.801029 0.1697352 0.02923577 
0.7667482 0.168673 0.06457881 
0.8247244 0.09279064 0.08248495 
0.7740332 0.1492764 0.07669045 
0.8545066 0.1262068 0.01928661 
0.7550952 0.1625269 0.08237785 
0.8398643 0.1287839 0.03135186 
0.7307286 0.147468 0.1218035 
0.7780482 0.1816028 0.04034897 
0.8215087 0.1629419 0.0155494 
0.8408535 0.08884725 0.07029925 
0.8569553 0.1173848 0.02565995 
0.7977097 0.1052288 0.09706154 
0.7712618 0.1149921 0.113746 
0.782478 0.136927 0.08059501 
0.8047905 0.1412522 0.05395733 
0.749844 0.1779355 0.07222046 
0.8121905 0.1498996 0.03790997 
0.8291775 0.1167433 0.05407923 
0.7257021 0.1978845 0.07641349 
0.8374254 0.09577633 0.06679828 
0.7719316 0.197314 0.03075442 
0.7975874 0.1903095 0.01210312 
0.7906934 0.2056388 0.003667728 
0.7081549 0.2761787 0.01566635 
0.7811029 0.1590132 0.05988394 
0.75532 0.2379555 0.00672452 
0.7976471 0.1993041 0.0030488 
0.7979144 0.159698 0.04238759 
0.7996929 0.174874 0.02543309 
0.823662 0.1689492 0.007388783 
0.7628761 0.1557578 0.08136603 
0.7155541 0.2013164 0.08312951 
0.8020675 0.1275432 0.07038932 
0.790012 0.1225111 0.08747695 
0.8203621 0.1142347 0.06540323 
0.7483814 0.1745523 0.07706625 
0.8190527 0.09331069 0.08763662 
0.7770665 0.197977 0.02495645 
0.7720801 0.1472641 0.08065572 
0.8080151 0.1567634 0.03522151 
0.7163753 0.1952585 0.08836618 
0.8345236 0.116069 0.04940737 
0.8133951 0.1008551 0.08574983 
0.7881806 0.1498773 0.06194207 
0.8173281 0.1397823 0.04288958 
0.8001238 0.1223902 0.07748596 
0.8424682 0.1232324 0.03429943 
0.8017498 0.1542187 0.04403153 
0.7497447 0.1408834 0.1093719 
0.7717909 0.1145856 0.1136235 
0.8456698 0.06672138 0.08760886 
0.8296896 0.05292541 0.117385 
0.7965869 0.1591088 0.04430429 
0.821638 0.1430476 0.0353144 
0.7700834 0.1747412 0.05517537 
0.7848509 0.1482702 0.06687885 
0.7677528 0.1540072 0.07823996 
0.8142899 0.103584 0.08212604 
0.8240656 0.1075785 0.06835586 
0.7462444 0.201854 0.05190155 
0.7970823 0.1222449 0.08067283 
0.8464678 0.1371143 0.01641783 
0.7913772 0.172148 0.03647481 
0.8272751 0.1207207 0.05200424 
0.8302778 0.08460337 0.08511883 
0.7946095 0.1627967 0.04259379 
0.7175103 0.1816038 0.1008859 
0.8184567 0.103354 0.07818935 
0.8634887 0.1091597 0.02735155 
0.8520508 0.1188608 0.02908841 
0.73839 0.1968788 0.06473116 
0.7993593 0.1321401 0.06850054 
0.8326595 0.1131749 0.0541656 
0.7972849 0.1716324 0.0310827 
0.8471933 0.08820928 0.06459738 
0.8524413 0.07468144 0.07287723 
0.8743872 0.0709993 0.05461354 
0.7964824 0.1486577 0.05485993 
0.8173685 0.1344706 0.04816085 
0.8446469 0.1153995 0.0399536 
0.7778809 0.1577371 0.06438201 
0.8125781 0.135583 0.0518389 
0.8324094 0.1263978 0.04119281 
0.7509572 0.1954802 0.05356258 
0.7845337 0.151765 0.06370128 
0.7851244 0.1500981 0.06477752 
0.7817065 0.1541629 0.06413063 
0.8093702 0.08426268 0.1063671 
0.8306377 0.1152176 0.05414467 
0.7192579 0.16548 0.1152622 
0.783166 0.1278962 0.08893774 
0.7975045 0.1071211 0.09537436 
0.8360025 0.09453918 0.06945837 
0.8588465 0.1041951 0.03695843 
0.7187111 0.1893833 0.09190554 
0.8072897 0.1237938 0.06891644 
0.7670106 0.1532163 0.07977315 
0.7453277 0.1842097 0.07046257 
0.878044 0.05790304 0.06405301 
0.8163109 0.1529771 0.03071204 
0.834688 0.1148616 0.05045038 
0.8115576 0.1235925 0.06484993 
0.8022677 0.1161904 0.0815419 
0.7565092 0.1812218 0.062269 
0.8302845 0.1395223 0.03019322 
0.8501229 0.1290305 0.02084665 
0.8515756 0.1081437 0.04028066 
0.7362133 0.179235 0.08455175 
0.7344734 0.2021159 0.06341063 
0.8323379 0.1312833 0.03637881 
0.7413536 0.2180992 0.04054724 
0.8082781 0.1666476 0.02507427 
0.7471112 0.1573442 0.09554456 
0.7935329 0.1063309 0.1001362 
0.7978824 0.1230195 0.07909808 
0.851071 0.08331896 0.06561 
0.7657844 0.1786791 0.05553652 
0.8327187 0.09809722 0.06918407 
0.7745954 0.1241723 0.1012323 
0.7463694 0.2043797 0.04925094 
0.8184277 0.1355109 0.04606137 
0.7738698 0.1705338 0.05559635 
0.7919004 0.09397236 0.1141272 
0.8169042 0.1449342 0.03816168 
0.7568099 0.1910674 0.05212266 
0.7979237 0.1530173 0.049059 
0.7956625 0.1602321 0.04410535 
0.7901945 0.1125311 0.09727448 
0.758823 0.1276731 0.1135039 
0.7519485 0.1469755 0.1010759 
0.7566674 0.1248377 0.118495 
0.7532114 0.1344001 0.1123885 
0.8175023 0.1321798 0.05031796 
0.787354 0.1623556 0.05029043 
0.8079634 0.1381247 0.0539119 
0.7774362 0.1587851 0.06377872 
0.7872078 0.1442593 0.0685329 
0.7960179 0.1109532 0.09302892 
0.8928999 0.07354572 0.0335544 
0.7518165 0.184745 0.06343843 
0.8134524 0.1679419 0.01860568 
0.7348171 0.1992197 0.06596315 
0.7505885 0.1693268 0.08008468 
0.8634815 0.1292096 0.007308945 
0.7684144 0.1473676 0.08421802 
0.7900892 0.1968312 0.01307962 
0.8408724 0.1509296 0.00819797 
0.7589472 0.2044312 0.03662165 
0.8248004 0.1106216 0.06457796 
0.8193867 0.0733851 0.1072282 
0.8198271 0.1228327 0.0573402 
0.8322087 0.1064547 0.06133658 
0.8335222 0.1342703 0.0322075 
0.8341073 0.1208086 0.04508406 
0.7822333 0.1803873 0.03737937 
0.7750519 0.1365883 0.08835975 
0.7665928 0.1359262 0.09748097 
0.7735288 0.1281752 0.09829595 
0.8467978 0.1080539 0.04514825 
0.8333498 0.1009479 0.06570235 
0.86498 0.0756534 0.05936655 
0.7784842 0.1929273 0.02858843 
0.7970804 0.1011559 0.1017637 
0.8167301 0.1645814 0.01868851 
0.8076979 0.1317467 0.06055538 
0.7843261 0.1475254 0.06814852 
0.8222047 0.1118085 0.06598676 
0.7529741 0.1500257 0.0970001 
0.8335772 0.1309895 0.03543327 
0.753703 0.1155863 0.1307107 
0.808345 0.1211157 0.07053931 
0.7913843 0.1612543 0.04736142 
0.8199201 0.1013715 0.0787084 
0.766033 0.1384903 0.09547668 
0.7529834 0.1372633 0.1097533 
0.7027046 0.2488124 0.04848297 
0.7508334 0.195828 0.05333864 
0.8806982 0.0658168 0.053485 
0.7516879 0.1934024 0.05490975 
0.7545595 0.1668485 0.07859207 
0.7561532 0.1739364 0.06991038 
0.8133183 0.08622551 0.1004562 
0.7325139 0.1773945 0.09009157 
0.7921079 0.1336684 0.07422376 
0.806676 0.1373284 0.05599554 
0.8248012 0.1126732 0.06252552 
0.7407358 0.1993775 0.0598867 
0.7521521 0.1149727 0.1328752 
0.8382144 0.08895153 0.07283409 
0.8024722 0.1755108 0.02201692 
0.7420396 0.183331 0.0746294 
0.8264127 0.1037662 0.06982104 
0.8112208 0.1229184 0.0658608 
0.7999552 0.144594 0.05545073 
0.8420802 0.1152001 0.04271969 
0.7475613 0.1612186 0.09122007 
0.8248203 0.1329342 0.04224548 
0.826601 0.1156264 0.05777261 
0.7802625 0.1379685 0.08176899 
0.7638324 0.1750683 0.06109927 
0.8608649 0.1196418 0.01949329 
0.7525593 0.1904023 0.05703847 
0.726516 0.166208 0.1072759 
0.7494706 0.1747377 0.07579172 
0.7415421 0.1471146 0.1113433 
0.7583856 0.1932441 0.04837026 
0.8481582 0.09393727 0.05790449 
0.8362713 0.09691914 0.06680959 
0.878429 0.06218078 0.0593902 
0.7729039 0.2047815 0.02231458 
0.8477462 0.09881669 0.05343709 
0.7769415 0.1930295 0.03002896 
0.824871 0.127753 0.04737599 
0.8375985 0.1309481 0.03145339 
0.7790948 0.1220214 0.09888379 
0.7804833 0.1476144 0.07190224 
0.8144981 0.1362922 0.04920966 
0.71907 0.1503875 0.1305425 
0.8196148 0.1136865 0.06669864 
0.783163 0.1838993 0.03293765 
0.7834033 0.1664735 0.0501233 
0.8004457 0.129084 0.07047028 
0.8562424 0.1239948 0.01976276 
0.817422 0.1553951 0.02718286 
0.8471455 0.1135328 0.0393217 
0.800274 0.1402265 0.05949946 
0.8375587 0.1093396 0.05310172 
0.8169306 0.1406892 0.0423802 
0.8685238 0.09125479 0.04022139 
0.7850269 0.1689384 0.04603476 
0.7752022 0.1671474 0.05765043 
0.7813169 0.1672517 0.05143139 
0.8116794 0.1267136 0.06160696 
0.8291287 0.1252967 0.04557464 
0.7470983 0.1786776 0.07422414 
0.732404 0.2251278 0.04246814 
0.7056114 0.1453965 0.148992 
0.8074945 0.1421805 0.05032498 
0.7918665 0.1376257 0.07050786 
0.8306894 0.1049166 0.064394 
0.8199214 0.1064905 0.07358809 
0.7718035 0.2047427 0.02345381 
0.855658 0.1018411 0.04250088 
0.8003346 0.1864257 0.01323969 
0.7944319 0.1885993 0.01696878 
0.8232947 0.119009 0.05769633 
0.7639142 0.2331798 0.002905978 
0.8488724 0.1402594 0.01086821 
0.8396814 0.1305555 0.02976311 
0.8147124 0.1037311 0.08155647 
0.7462787 0.1692935 0.0844278 
0.8263311 0.1354264 0.03824253 
0.822605 0.1115358 0.06585921 
0.7711719 0.1965367 0.03229144 
0.7602402 0.1054949 0.1342649 
0.7752697 0.1772735 0.04745685 
0.8234597 0.1406346 0.03590575 
0.7851014 0.100631 0.1142676 
0.7630104 0.1633352 0.0736544 
0.8165496 0.1288396 0.05461082 
0.7929024 0.1348793 0.07221829 
0.7304016 0.1226134 0.146985 
0.7937828 0.1374693 0.0687479 
0.8185229 0.09789717 0.08357988 
0.7931174 0.1426623 0.06422027 
0.7581402 0.1857734 0.05608644 
0.7572055 0.1371649 0.1056296 
0.7633406 0.147123 0.0895364 
0.7909567 0.1373121 0.07173118 
0.7251005 0.2089696 0.06592995 
0.842489 0.1189051 0.03860597 
0.7765874 0.1205339 0.1028787 
0.7967233 0.1620318 0.04124485 
0.727135 0.2124268 0.06043812 
0.825311 0.1309789 0.04371011 
0.8519194 0.1062201 0.04186049 
0.8189273 0.1371966 0.04387619 
0.8124076 0.1278164 0.05977599 
0.7968606 0.1549723 0.04816704 
0.8146302 0.1356609 0.0497089 
0.7984168 0.1335141 0.06806907 
0.7686945 0.128963 0.1023425 
0.8009802 0.1713452 0.02767453 
0.7784642 0.2065692 0.0149666 
0.848171 0.1433607 0.008468301 
0.8119634 0.1830666 0.004970051 
0.8503716 0.1230879 0.02654053 
0.7538984 0.1954178 0.05068388 
0.8088812 0.1187365 0.07238235 
0.8487302 0.1085601 0.04270973 
0.7853261 0.1051022 0.1095717 
0.8072132 0.1193172 0.0734696 
0.8275902 0.08312384 0.08928597 
0.8005416 0.07565334 0.123805 
0.7163319 0.1972309 0.08643712 
0.8736621 0.07714094 0.04919699 
0.8004052 0.1103072 0.08928757 
0.8115721 0.1841709 0.004257081 
0.7566513 0.1919471 0.05140158 
0.750238 0.1575982 0.09216384 
0.7915131 0.1533321 0.05515478 
0.8036612 0.1736497 0.02268907 
0.7908117 0.1498879 0.05930039 
0.8553415 0.092491 0.05216751 
0.7542667 0.1841337 0.06159962 
0.7889992 0.1562489 0.0547519 
0.8167372 0.1634229 0.01983989 
0.7371652 0.2010327 0.06180208 
0.8627777 0.1039 0.0333223 
0.7941036 0.1478158 0.05808058 
0.7716687 0.09309207 0.1352393 
0.80128 0.1483972 0.05032281 
0.7583033 0.1941648 0.04753197 
0.7971429 0.1391098 0.06374731 
0.8297747 0.1191861 0.05103923 
0.7963217 0.1628496 0.04082864 
0.777936 0.1734697 0.04859434 
0.7845668 0.1865543 0.02887885 
0.7826051 0.1281483 0.08924657 
0.8445264 0.1029041 0.05256943 
0.7809653 0.1875955 0.03143916 
0.768266 0.1403861 0.09134793 
0.8207565 0.1325034 0.04674018 
0.8571524 0.09193638 0.05091119 
0.8107479 0.1195408 0.06971129 
0.8330382 0.0878467 0.07911514 
0.8383618 0.1051653 0.0564729 
0.7845867 0.1550707 0.06034259 
0.7866912 0.1570808 0.05622806 
0.7889283 0.1137584 0.09731325 
0.7563442 0.1682777 0.0753781 
0.7471491 0.09174308 0.1611078 
0.7628246 0.1453889 0.09178646 
0.7181313 0.1482812 0.1335875 
0.7806406 0.1535196 0.06583983 
0.7860388 0.165897 0.04806414 
0.8114138 0.08414069 0.1044455 
0.8276272 0.1461558 0.02621696 
0.7787615 0.177657 0.04358151 
0.793777 0.1468723 0.05935069 
0.7865333 0.1598821 0.05358455 
0.834655 0.1297467 0.03559832 
0.8482777 0.07387354 0.0778488 
0.7944184 0.1437557 0.06182593 
0.7939288 0.1892463 0.0168249 
0.7815827 0.1571564 0.06126093 
0.8074067 0.1328928 0.05970052 
0.7626821 0.1134069 0.123911 
0.8012544 0.1455208 0.05322478 
0.7684255 0.1788834 0.05269107 
0.8311975 0.1157848 0.05301769 
0.7943402 0.128421 0.07723873 
0.7923399 0.1467073 0.06095282 
0.8556088 0.1076294 0.03676183 
0.7595009 0.155289 0.08521012 
0.8718019 0.08189221 0.0463059 
0.754405 0.1865924 0.05900261 
0.780076 0.1583794 0.06154461 
0.7356499 0.1060146 0.1583356 
0.7718005 0.1608474 0.06735202 
0.8177252 0.07372377 0.1085511 
0.7808947 0.1530886 0.06601669 
0.8052851 0.1204705 0.07424446 
0.737235 0.1117838 0.1509811 
0.7590595 0.1463049 0.0946356 
0.7674822 0.2181947 0.01432312 
0.809093 0.07920647 0.1117005 
0.7973201 0.1238301 0.07884977 
0.8017799 0.1167276 0.08149251 
0.8451396 0.1019753 0.05288508 
0.8234954 0.1198511 0.05665345 
0.864755 0.08845296 0.04679203 
0.8009125 0.1004886 0.09859888 
0.7815762 0.1761839 0.04223987 
0.829775 0.1383491 0.0318759 
0.7854795 0.1595323 0.05498819 
0.7724985 0.1625659 0.06493563 
0.8834213 0.08640853 0.03017015 
0.7786571 0.1727229 0.04861995 
0.7908305 0.09633626 0.1128333 
0.7904165 0.1025782 0.1070053 
0.8257665 0.1093431 0.06489037 
0.8311182 0.1037828 0.06509898 
0.8097228 0.1126871 0.07759013 
0.7811381 0.1888485 0.03001342 
0.7744594 0.1259334 0.09960726 
0.7802313 0.1345653 0.08520334 
0.8563814 0.1049635 0.03865511 
0.87192 0.09756532 0.03051463 
0.7378782 0.2046484 0.05747345 
0.7647658 0.139112 0.09612217 
0.8542219 0.1027674 0.04301068 
0.8126428 0.152751 0.03460626 
0.8058436 0.1189118 0.07524459 
0.7929204 0.07016996 0.1369097 
0.8318217 0.129697 0.03848127 
0.7842067 0.1699769 0.04581647 
0.8488673 0.06999388 0.08113882 
0.7473 0.2013692 0.05133082 
0.7717753 0.1768093 0.05141538 
0.7509842 0.1528513 0.09616456 
0.8069998 0.1358592 0.05714094 
0.7698732 0.1303859 0.0997409 
0.8303749 0.1153381 0.05428697 
0.8070075 0.1191527 0.07383984 
0.9029227 0.06237141 0.03470586 
0.8080615 0.1489364 0.04300205 
0.8407327 0.1169599 0.04230739 
0.7365088 0.1323389 0.1311523 
0.7832664 0.1596111 0.05712249 
0.7838956 0.09957381 0.1165306 
0.827099 0.09484081 0.07806018 
0.8054028 0.1344563 0.06014096 
0.8378764 0.08797376 0.07414982 
0.791962 0.1327293 0.07530877 
0.7290443 0.2105696 0.06038612 
0.7387655 0.1559795 0.105255 
0.8119791 0.1586369 0.02938393 
0.7782328 0.1634637 0.05830347 
0.6892542 0.195646 0.1150998 
0.8539528 0.0781407 0.0679065 
0.7147141 0.187943 0.09734286 
0.6949902 0.2332015 0.07180822 
0.7606636 0.1358851 0.1034513 
0.7400967 0.1757523 0.08415105 
0.8308145 0.1245196 0.04466586 
0.7866489 0.1764926 0.03685848 
0.7905403 0.1492187 0.06024091 
0.7921495 0.1147588 0.09309166 
0.7904276 0.07952522 0.1300472 
0.7563691 0.1266408 0.1169901 
0.7744881 0.1127547 0.1127571 
0.8216505 0.1092375 0.06911204 
0.8183812 0.1145657 0.06705303 
0.7424904 0.1810924 0.07641727 
0.8167562 0.1400929 0.04315093 
0.8529508 0.09220085 0.05484831 
0.8274913 0.1301274 0.0423813 
0.8170269 0.07551464 0.1074585 
0.8425037 0.1165216 0.0409747 
0.8221417 0.1355613 0.04229701 
0.8082281 0.1386919 0.05308005 
0.7967205 0.1227885 0.08049101 
0.7453573 0.1645765 0.09006619 
0.8067411 0.1259105 0.06734848 
0.7853521 0.08669368 0.1279543 
0.8219702 0.1498618 0.02816798 
0.7807515 0.1532352 0.06601334 
0.7533027 0.1666449 0.08005245 
0.8288261 0.1223118 0.04886217 
0.723641 0.2241872 0.05217179 
0.7583232 0.2055265 0.03615023 
0.7773754 0.1726556 0.04996895 
0.8188292 0.1358361 0.04533473 
0.7634525 0.1945692 0.04197831 
0.771885 0.1748624 0.05325269 
0.7823177 0.1485401 0.06914218 
0.7829295 0.1880519 0.02901861 
0.7298128 0.2015743 0.06861284 
0.8069302 0.1317802 0.06128961 
0.8045005 0.1627307 0.0327688 
0.8213729 0.1537829 0.0248442 
0.8293087 0.1168525 0.05383881 
0.8217025 0.125639 0.05265857 
0.7661847 0.1566611 0.07715419 
0.8152714 0.1052701 0.07945844 
0.8186484 0.1437033 0.03764827 
0.8049179 0.1444157 0.05066646 
0.8355239 0.1393072 0.02516889 
0.8108455 0.1544476 0.03470696 
0.8047198 0.1439356 0.05134462 
0.8176528 0.1428992 0.03944793 
0.8165786 0.1266183 0.05680311 
0.8140474 0.1188742 0.06707841 
0.8071666 0.1357848 0.05704855 
0.8257889 0.1512026 0.02300855 
0.8056463 0.1549185 0.03943516 
0.8149381 0.1175894 0.06747249 
0.7837892 0.1809091 0.03530174 
0.86654 0.05530521 0.07815482 
0.8371494 0.0787834 0.08406718 
0.8046993 0.1276001 0.06770063 
0.8260607 0.1350793 0.03886002 
0.7808031 0.1804148 0.03878206 
0.749689 0.2119434 0.03836766 
0.7580516 0.2010396 0.0409088 
0.7898147 0.1787223 0.03146307 
0.8264225 0.1131044 0.06047315 
0.8077448 0.1452564 0.04699882 
0.7555612 0.2086772 0.03576153 
0.737215 0.2235349 0.03925012 
0.8464437 0.1084356 0.04512067 
0.7664366 0.1396777 0.09388578 
0.7941921 0.1425877 0.06322029 
0.7580711 0.1781511 0.06377782 
0.7258258 0.1990217 0.07515252 
0.7431098 0.1779562 0.07893399 
0.7951197 0.1555235 0.04935685 
0.805752 0.123702 0.07054592 
0.8002432 0.1105968 0.08916 
0.7413841 0.1442983 0.1143176 
0.7411304 0.1691144 0.08975523 
0.6917069 0.2412507 0.06704237 
0.7645126 0.1708769 0.06461052 
0.8262122 0.1021743 0.07161343 
0.8560267 0.086589 0.05738432 
0.7817439 0.1037502 0.1145059 
0.8654221 0.09729265 0.03728522 
0.8345878 0.07878075 0.08663142 
0.7709036 0.1637534 0.06534302 
0.7929901 0.1358518 0.07115812 
0.8366654 0.1067529 0.05658174 
0.8434977 0.09719875 0.05930352 
0.7593658 0.165576 0.07505819 
0.7977827 0.1553126 0.04690471 
0.7922081 0.1616714 0.04612054 
0.837456 0.1180071 0.04453697 
0.7839071 0.1637836 0.05230933 
0.8316401 0.1448142 0.02354563 
0.7491605 0.1810257 0.06981383 
0.7799623 0.1487897 0.07124805 
0.785483 0.1815254 0.03299161 
0.8474554 0.09810469 0.05443993 
0.8994899 0.07810431 0.02240574 
0.7825247 0.1700561 0.04741916 
0.8485357 0.116679 0.03478522 
0.8701728 0.09986228 0.02996487 
0.765103 0.196838 0.038059 
0.8461147 0.09578006 0.0581052 
0.7299996 0.1359403 0.13406 
0.8312086 0.08523311 0.08355829 
0.7937754 0.1339273 0.07229733 
0.7925838 0.1321153 0.07530084 
0.756765 0.1380834 0.1051516 
0.8090608 0.140634 0.05030519 
0.79479 0.1354936 0.06971645 
0.804168 0.1445566 0.05127539 
0.832941 0.1098268 0.05723218 
0.7739647 0.1777066 0.04832871 
0.7941012 0.1319941 0.07390476 
0.766736 0.1763014 0.05696259 
0.8297371 0.1342619 0.03600107 
0.8330552 0.112107 0.05483775 
0.7667574 0.1737933 0.05944929 
0.7428469 0.1038407 0.1533124 
0.8135002 0.09319166 0.0933081 
0.7643424 0.1450553 0.09060223 
0.8208479 0.1301533 0.04899886 
0.805784 0.1368688 0.05734718 
0.7525892 0.1886558 0.05875496 
0.7481729 0.1813065 0.07052064 
0.7958058 0.08610346 0.1180907 
0.8383076 0.1465921 0.01510022 
0.7593831 0.2292472 0.01136973 
0.8264947 0.1533497 0.02015559 
0.8556585 0.1390731 0.005268369 
0.7673208 0.1454332 0.08724605 
0.8210068 0.08875779 0.09023537 
0.8198471 0.1102604 0.06989249 
0.7297702 0.2394994 0.03073034 
0.7439931 0.1187587 0.1372481 
0.7835692 0.1399532 0.0764776 
0.725803 0.2214164 0.05278062 
0.7696991 0.1668346 0.06346631 
0.8019792 0.1375715 0.06044929 
0.8340675 0.08675552 0.07917699 
0.845279 0.08058979 0.07413122 
0.792364 0.1590439 0.04859204 
0.8717237 0.08036759 0.04790868 
0.8130038 0.1169533 0.07004288 
0.7970061 0.1556752 0.04731873 
0.8020738 0.1577049 0.04022136 
0.8278335 0.1126027 0.05956385 
0.7677988 0.1227375 0.1094637 
0.8569426 0.07965509 0.06340227 
0.826857 0.1091255 0.06401748 
0.7622871 0.2195959 0.01811703 
0.7983515 0.1398167 0.06183173 
0.7993002 0.1642679 0.03643188 
0.6976123 0.1835159 0.1188718 
0.7469579 0.1498792 0.103163 
0.822951 0.1198367 0.05721233 
0.7529996 0.1201837 0.1268167 
0.8884089 0.07472945 0.03686168 
0.8066645 0.1142084 0.0791271 
0.8231103 0.1146328 0.06225686 
0.8076968 0.126167 0.06613622 
0.8636429 0.08904038 0.04731673 
0.8503116 0.08637486 0.06331357 
0.7225689 0.1879453 0.08948581 
0.7833686 0.1799313 0.03670007 
0.8399178 0.1221265 0.03795574 
0.7045393 0.2178439 0.07761681 
0.8152724 0.1122902 0.0724374 
0.8604933 0.09037259 0.04913407 
0.7967141 0.1685225 0.03476334 
0.8271522 0.1244825 0.04836528 
0.7842332 0.13532 0.08044677 
0.8300686 0.1467795 0.02315187 
0.7735503 0.1563676 0.07008214 
0.797852 0.09400891 0.1081391 
0.8085988 0.08516194 0.1062393 
0.7681031 0.1721153 0.0597816 
0.7993964 0.1461849 0.05441871 
0.8255887 0.1551311 0.01928025 
0.7754992 0.1351655 0.08933531 
0.8118184 0.119019 0.06916262 
0.8121437 0.1125113 0.07534503 
0.7703731 0.1761412 0.05348574 
0.7820687 0.1204193 0.09751201 
0.8183171 0.1128263 0.06885659 
0.785029 0.1498953 0.06507569 
0.7874633 0.1616868 0.05084988 
0.8830638 0.0857482 0.03118799 
0.8237162 0.1294099 0.04687388 
0.7335385 0.1756124 0.09084914 
0.745372 0.1348917 0.1197363 
0.8882153 0.08456912 0.02721556 
0.8009036 0.134287 0.06480942 
0.7567456 0.1758489 0.0674055 
0.8121067 0.1451322 0.04276116 
0.8053415 0.1129805 0.08167794 
0.7823645 0.1841632 0.0334723 
0.8016649 0.1517117 0.04662334 
0.7618105 0.119666 0.1185236 
0.7449597 0.1856555 0.06938483 
0.7808741 0.1539495 0.06517642 
0.8373206 0.1198975 0.04278186 
0.8078233 0.149873 0.04230372 
0.8073257 0.1302739 0.06240046 
0.8679826 0.105232 0.02678543 
0.7429373 0.1702373 0.08682535 
0.7414023 0.2462989 0.01229884 
0.74201 0.1964663 0.06152372 
0.7901681 0.151081 0.0587509 
0.8503739 0.1174842 0.03214199 
0.7694882 0.1934375 0.03707436 
0.7436428 0.1491692 0.107188 
0.7888295 0.1740003 0.03717023 
0.8554955 0.1275845 0.01691995 
0.7458331 0.1548799 0.09928703 
0.8871089 0.09065285 0.0222383 
0.7900949 0.1547957 0.05510939 
0.7873638 0.1371348 0.07550139 
0.8028579 0.1771743 0.01996786 
0.7962059 0.1897529 0.01404116 
0.8116562 0.1232504 0.06509338 
0.8487551 0.08657403 0.06467083 
0.8693033 0.04263544 0.08806129 
0.8128083 0.09299973 0.094192 
0.7900405 0.1774415 0.03251804 
0.797258 0.1168329 0.08590905 
0.8155577 0.1407336 0.04370863 
0.7974177 0.1556109 0.04697132 
0.7363306 0.1866149 0.07705449 
0.7989613 0.181271 0.01976772 
0.8009819 0.1344468 0.06457134 
0.8064487 0.1652662 0.02828508 
0.7574557 0.187486 0.05505829 
0.7769904 0.1746485 0.04836104 
0.8213836 0.1338971 0.04471936 
0.8043907 0.130458 0.0651513 
0.8288982 0.09639774 0.07470407 
0.714786 0.1926561 0.09255792 
0.798128 0.1554461 0.04642596 
0.7530863 0.195129 0.05178473 
0.7944534 0.1657614 0.03978513 
0.7975675 0.139335 0.06309758 
0.8353147 0.09867682 0.06600852 
0.8224535 0.1094059 0.06814059 
0.8220345 0.09928843 0.0786771 
0.7924676 0.1364656 0.07106676 
0.7510586 0.2121577 0.03678366 
0.8362841 0.1279071 0.0358088 
0.8400788 0.1045905 0.05533066 
0.7538086 0.146057 0.1001344 
0.737737 0.2333281 0.02893482 
0.8143333 0.1070653 0.07860141 
0.7668355 0.1655497 0.06761487 
0.7614122 0.1438988 0.09468899 
0.820686 0.04305976 0.1362543 
0.8050382 0.07403532 0.1209264 
0.7409808 0.0959005 0.1631187 
0.7819977 0.06357555 0.1544267 
0.8210571 0.05158057 0.1273623 
0.7733356 0.05603071 0.1706337 
0.8464059 0.0429821 0.110612 
0.7943778 0.1047815 0.1008408 
0.7843861 0.07421614 0.1413977 
0.8206447 0.07342339 0.1059319 
0.8200421 0.05454792 0.12541 
0.7435171 0.1093629 0.1471201 
0.745514 0.07065031 0.1838357 
0.7887256 0.05542173 0.1558526 
0.8173078 0.08371633 0.0989759 
0.7318227 0.06112939 0.2070479 
0.8475417 0.05527244 0.09718585 
0.8089826 0.07325501 0.1177623 
0.8326036 0.04896408 0.1184323 
0.8060151 0.04986876 0.1441162 
0.8841843 0.04675111 0.0690646 
0.8649218 0.0159109 0.1191673 
0.7516124 0.04254806 0.2058395 
0.7480324 0.1010665 0.1509011 
0.8295778 0.05381572 0.1166065 
0.8041855 0.03582841 0.1599861 
0.8473607 0.05160393 0.1010353 
0.7798275 0.03745581 0.1827167 
0.8372687 0.02348004 0.1392512 
0.8340615 0.05725832 0.1086802 
0.7886014 0.03476799 0.1766306 
0.820779 0.04861272 0.1306083 
0.7673467 0.03728919 0.1953641 
0.7891009 0.1194694 0.09142967 
0.8670521 0.02670507 0.1062429 
0.8007392 0.04851749 0.1507433 
0.7909412 0.06172385 0.147335 
0.7702071 0.1047127 0.1250801 
0.8192027 0.07039095 0.1104063 
0.7619299 0.06870713 0.169363 
0.8116253 0.02997111 0.1584036 
0.6698455 0.07615315 0.2540013 
0.7913201 0.06512114 0.1435588 
0.8079127 0.07368629 0.1184011 
0.8370461 0.05249238 0.1104615 
0.8003329 0.06657046 0.1330966 
0.777558 0.0484186 0.1740234 
0.8208289 0.02627851 0.1528926 
0.8198013 0.06174239 0.1184563 
0.7597273 0.085184 0.1550887 
0.8099253 0.07053165 0.119543 
0.8511508 0.06674805 0.0821012 
0.7942127 0.09222507 0.1135622 
0.8331431 0.047014 0.1198429 
0.7827977 0.06830325 0.148899 
0.763402 0.112295 0.124303 
0.8013781 0.0932007 0.1054212 
0.8076727 0.05115724 0.1411701 
0.7147852 0.07296945 0.2122453 
0.7647545 0.07127528 0.1639702 
0.8451314 0.08854301 0.06632558 
0.7833651 0.1066868 0.1099481 
0.8090142 0.1214877 0.0694981 
0.8431511 0.1450483 0.01180063 
0.7814957 0.1860564 0.03244792 
0.8502913 0.1162529 0.03345581 
0.7477507 0.2165262 0.03572306 
0.7872465 0.1666145 0.04613899 
0.7568614 0.2206591 0.02247954 
0.8068983 0.1681502 0.02495145 
0.8237577 0.1572626 0.01897969 
0.8404489 0.1471661 0.01238497 
0.8520322 0.1382534 0.009714409 
0.8487716 0.1370729 0.01415549 
0.7885934 0.2060303 0.005376304 
0.7405019 0.2172855 0.04221267 
0.7705138 0.1531281 0.0763581 
0.8127049 0.1299936 0.0573015 
0.8572439 0.1111872 0.03156884 
0.8156204 0.1299952 0.05438443 
0.8059937 0.151865 0.04214134 
0.7491253 0.1957445 0.05513023 
0.7805103 0.1703741 0.04911554 
0.757525 0.2119314 0.03054356 
0.8273258 0.1393106 0.03336368 
0.7651216 0.1772188 0.05765965 
0.8361149 0.09544508 0.06843999 
0.7419391 0.2180189 0.04004199 
0.8265113 0.1285765 0.04491211 
0.8060938 0.143594 0.05031217 
0.839306 0.08609039 0.07460364 
0.7591858 0.1658961 0.07491801 
0.7452505 0.2241849 0.03056455 
0.8123366 0.1299735 0.05768999 
0.8295898 0.1303585 0.04005169 
0.7397965 0.1016982 0.1585053 
0.7339511 0.1944942 0.07155476 
0.7871567 0.1331216 0.07972167 
0.7422546 0.1818237 0.07592169 
0.8232415 0.1517968 0.02496165 
0.7782445 0.131616 0.09013945 
0.7805599 0.1220494 0.0973907 
0.7919918 0.105666 0.1023422 
0.7362728 0.2410088 0.02271848 
0.7499277 0.2199679 0.03010445 
0.7749489 0.1880581 0.03699301 
0.7725786 0.1675923 0.05982907 
0.7971827 0.1674016 0.03541575 
0.818063 0.1374907 0.04444632 
0.8311601 0.1109628 0.0578771 
0.8312011 0.1334959 0.03530296 
0.7799459 0.1810942 0.03895987 
0.775293 0.140486 0.08422104 
0.7502725 0.1955606 0.05416694 
0.7420468 0.1866783 0.07127497 
0.7589769 0.144168 0.09685511 
0.8206261 0.1525238 0.02685004 
0.8071693 0.1036873 0.08914338 
0.7289407 0.1935546 0.07750477 
0.8194197 0.1136558 0.06692452 
0.7625025 0.1525247 0.08497281 
0.8266217 0.1260475 0.04733076 
0.856707 0.1056372 0.03765582 
0.8094197 0.1319975 0.05858281 
0.7999264 0.1338163 0.06625726 
0.8292232 0.1380239 0.03275289 
0.7613686 0.1676725 0.07095882 
0.8134627 0.1431822 0.04335512 
0.7696312 0.1317869 0.09858196 
0.6926161 0.2368801 0.07050375 
0.7710496 0.1449537 0.08399672 
0.8409076 0.09393776 0.06515468 
0.8834243 0.08478828 0.03178745 
0.7783445 0.1669177 0.05473772 
0.8420032 0.07612152 0.08187528 
0.7050692 0.190416 0.1045148 
0.8212719 0.1179005 0.06082764 
0.7408515 0.1804119 0.07873655 
0.7968284 0.1484156 0.05475596 
0.7587871 0.142574 0.09863893 
0.7868783 0.1500805 0.06304119 
0.7721779 0.157174 0.07064803 
0.7790707 0.1934038 0.02752555 
0.7684576 0.152696 0.07884638 
0.818895 0.1289112 0.05219381 
0.761646 0.199585 0.03876903 
0.7737412 0.1733051 0.0529537 
0.7219567 0.2204859 0.05755744 
0.8235923 0.1200875 0.05632024 
0.799333 0.1630668 0.03760014 
0.7507371 0.1624659 0.08679707 
0.8055848 0.1671769 0.02723826 
0.7825324 0.155134 0.06233361 
0.7945523 0.1268737 0.07857399 
0.8177338 0.1238332 0.05843296 
0.7823959 0.1648792 0.05272484 
0.8334205 0.1329998 0.03357976 
0.7673257 0.149846 0.08282836 
0.760084 0.2025702 0.03734584 
0.7224648 0.2179079 0.05962739 
0.8118934 0.09908797 0.08901867 
0.8023779 0.09559248 0.1020296 
0.76096 0.0569903 0.1820497 
0.848277 0.05103159 0.1006914 
0.8295822 0.02574582 0.144672 
0.7944329 0.03847736 0.1670897 
0.7382294 0.1173383 0.1444323 
0.7973681 0.0604633 0.1421686 
0.8456885 0.09137628 0.06293518 
0.8603192 0.03192747 0.1077533 
0.7466967 0.05513708 0.1981662 
0.8720057 0.03835406 0.08964026 
0.8398414 0.05035854 0.1098001 
0.7872532 0.04611427 0.1666326 
0.7658114 0.08112495 0.1530636 
0.8182464 0.06805478 0.1136988 
0.8082904 0.1285625 0.06314709 
0.7554877 0.09011709 0.1543952 
0.8044884 0.09985936 0.0956522 
0.7865323 0.03151384 0.1819538 
0.7903037 0.01908788 0.1906084 
0.7594582 0.02952707 0.2110148 
0.7727668 0.03833093 0.1889023 
0.6481023 0.04902116 0.3028766 
0.7765812 0.019459 0.2039598 
0.7798887 0.0198523 0.200259 
0.8447078 0.04896658 0.1063256 
0.7816703 0.07262534 0.1457044 
0.8341027 0.06094933 0.104948 
0.8278039 0.05748448 0.1147116 
0.8272839 0.08693188 0.08578426 
0.7984898 0.08759592 0.1139142 
0.7403448 0.1182197 0.1414355 
0.8163397 0.1095629 0.07409745 
0.8252705 0.04992426 0.1248053 
0.8046862 0.09070624 0.1046076 
0.7510125 0.1385438 0.1104437 
0.663837 0.1980148 0.1381482 
0.7873261 0.1211061 0.09156781 
0.8247408 0.1328476 0.04241161 
0.7789735 0.1548252 0.06620131 
0.7276687 0.1867307 0.08560062 
0.8505632 0.1199663 0.02947045 
0.8353267 0.1042551 0.06041815 
0.7642927 0.1968469 0.0388604 
0.8302682 0.1385506 0.03118129 
0.867222 0.08898691 0.04379109 
0.8019998 0.1176587 0.08034149 
0.854931 0.08231025 0.06275876 
0.8313432 0.08195354 0.08670323 
0.7329123 0.1919542 0.07513347 
0.7605883 0.1769309 0.06248082 
0.8013884 0.1614448 0.03716678 
0.7397335 0.1869346 0.07333194 
0.8154565 0.09242901 0.09211448 
0.7714184 0.1817627 0.04681889 
0.7697895 0.1538445 0.07636596 
0.7821677 0.1941076 0.02372469 
0.8344181 0.1119556 0.05362625 
0.8296492 0.1277422 0.04260863 
0.8123384 0.1325553 0.05510628 
0.758703 0.2023171 0.03897988 
0.7676881 0.1576382 0.07467372 
0.7760792 0.1543892 0.06953155 
0.7247033 0.1691664 0.1061303 
0.8092865 0.1680682 0.02264526 
0.6644952 0.2227053 0.1127995 
0.7935259 0.1242895 0.08218462 
0.7930568 0.1584539 0.04848929 
0.789362 0.1450276 0.06561039 
0.769387 0.1414032 0.08920983 
0.8107913 0.1251613 0.06404736 
0.7104178 0.1503609 0.1392213 
0.8398833 0.1208339 0.0392828 
0.7995406 0.155848 0.04461143 
0.8018155 0.09844357 0.09974095 
0.7797588 0.1727068 0.04753438 
0.7732579 0.1585244 0.06821769 
0.8733998 0.05229913 0.07430109 
0.849322 0.111287 0.03939098 
0.7195251 0.2274733 0.05300165 
0.6979758 0.1972237 0.1048004 
0.788886 0.1760291 0.03508491 
0.8225329 0.1094479 0.06801924 
0.8266573 0.09824703 0.07509564 
0.8276224 0.132755 0.03962253 
0.872277 0.06576771 0.06195528 
0.7551878 0.1246652 0.120147 
0.8271335 0.1396758 0.03319071 
0.7759573 0.1486283 0.07541433 
0.7716286 0.1881136 0.04025786 
0.8120046 0.1442805 0.04371491 
0.7976176 0.1802814 0.02210105 
0.7603733 0.2063268 0.03329992 
0.7498656 0.09967001 0.1504644 
0.7890314 0.1180208 0.09294783 
0.7951316 0.1445566 0.06031186 
0.7755941 0.1551573 0.06924866 
0.8441642 0.0932135 0.06262226 
0.8121433 0.1466167 0.04124001 
0.8243373 0.1496667 0.02599601 
0.8385016 0.1377034 0.02379493 
0.8293588 0.1215026 0.04913865 
0.821874 0.1220334 0.05609268 
0.7558538 0.1561474 0.08799885 
0.7732952 0.1507499 0.07595494 
0.8053765 0.1505038 0.04411967 
0.7863006 0.1455529 0.0681465 
0.8312485 0.1169938 0.05175762 
0.8552011 0.1043854 0.04041356 
0.7906691 0.175438 0.03389288 
0.7634843 0.1512981 0.08521755 
0.8324852 0.1227956 0.04471914 
0.8185283 0.1474824 0.03398925 
0.7556986 0.1904631 0.05383824 
0.7544199 0.2130706 0.03250954 
0.8595185 0.08269559 0.05778592 
0.6650742 0.2383309 0.09659488 
0.8073758 0.1652763 0.0273479 
0.7944237 0.1616902 0.04388612 
0.8156923 0.09893811 0.08536957 
0.8316636 0.1531478 0.01518857 
0.8246996 0.1439069 0.0313935 
0.824118 0.1361319 0.0397501 
0.8267091 0.1339303 0.03936057 
0.7922619 0.172224 0.0355141 
0.7787062 0.0804937 0.1408001 
0.8650279 0.1100982 0.02487384 
0.6929797 0.21246 0.09456033 
0.8068707 0.1130688 0.08006043 
0.7810915 0.1816107 0.03729778 
0.7934114 0.1701499 0.03643862 
0.8358478 0.1164452 0.04770695 
0.7358268 0.1714531 0.0927201 
0.8130685 0.1648062 0.02212533 
0.8613424 0.08790987 0.05074777 
0.8105807 0.1391053 0.05031396 
0.7891785 0.1708585 0.03996297 
0.7642173 0.1677001 0.06808266 
0.8103133 0.08048191 0.1092048 
0.7482546 0.1222862 0.1294593 
0.8715623 0.08299842 0.04543929 
0.7879925 0.1543798 0.05762765 
0.7720307 0.1819894 0.04597989 
0.7736252 0.1697602 0.05661463 
0.8159903 0.1460556 0.03795412 
0.7909829 0.1647748 0.04424221 
0.8041162 0.1060135 0.08987028 
0.7832929 0.1743693 0.0423378 
0.8696698 0.1020908 0.02823938 
0.8429134 0.1258711 0.03121552 
0.7836501 0.1564427 0.05990722 
0.7701237 0.1114581 0.1184182 
0.8554064 0.09833948 0.04625416 
0.7062545 0.1541893 0.1395562 
0.7676906 0.1234843 0.1088251 
0.7769142 0.1315623 0.09152346 
0.8307993 0.1132605 0.05594019 
0.7804354 0.1596173 0.05994725 
0.8375244 0.0564549 0.1060207 
0.8086078 0.1399398 0.05145245 
0.8167734 0.1182786 0.06494804 
0.8167317 0.1007072 0.08256107 
0.8132705 0.1255912 0.06113828 
0.7913913 0.1484792 0.06012954 
