p_1 p_2 p_3 
0.0934423 0.02947513 0.8770826 
0.1238801 0.1093356 0.7667843 
0.1153633 0.06123196 0.8234048 
0.1694613 0.02333231 0.8072064 
0.1370385 0.04333846 0.8196231 
0.1103066 0.03737289 0.8523205 
0.1442668 0.01211027 0.8436229 
0.1204113 0.05518913 0.8243996 
0.1709276 0.04222985 0.7868425 
0.1337928 0.06840023 0.797807 
0.1231625 0.04200156 0.8348359 
0.1642596 0.1095097 0.7262307 
0.1539919 0.0552087 0.7907994 
0.1604018 0.04443783 0.7951604 
0.06473493 0.0792784 0.8559867 
0.1371617 0.04309114 0.8197472 
0.1460433 0.06748024 0.7864764 
0.0652964 0.05640195 0.8783017 
0.124519 0.05864044 0.8168405 
0.1116489 0.06743135 0.8209198 
0.1157829 0.0598105 0.8244066 
0.2013097 0.0519274 0.7467629 
0.1466229 0.04454901 0.8088281 
0.1027683 0.05052962 0.8467021 
0.1200201 0.08526264 0.7947172 
0.1202943 0.04975078 0.829955 
0.1881949 0.07609157 0.7357136 
0.1198448 0.0364244 0.8437308 
0.1128296 0.06610986 0.8210605 
0.1347573 0.04166404 0.8235787 
0.1686642 0.1085049 0.7228309 
0.09831338 0.115359 0.7863277 
0.1168716 0.05926646 0.823862 
0.1176611 0.07220551 0.8101334 
0.1051423 0.1124593 0.7823984 
0.09916151 0.05287304 0.8479654 
0.1412084 0.08187846 0.7769132 
0.1232132 0.06760591 0.8091809 
0.156524 0.08709621 0.7563798 
0.1093662 0.05986188 0.830772 
0.1407548 0.06001861 0.7992266 
0.1483477 0.08990492 0.7617474 
0.163277 0.03129423 0.8054288 
0.124473 0.0623768 0.8131502 
0.1331759 0.04643854 0.8203856 
0.09038862 0.0628334 0.846778 
0.1099048 0.05038925 0.839706 
0.1297777 0.0507313 0.819491 
0.153289 0.05281039 0.7939006 
0.1148461 0.05504589 0.830108 
0.1494026 0.09123264 0.7593648 
0.1502784 0.0236248 0.8260968 
0.138862 0.06305936 0.7980786 
0.1428374 0.04438142 0.8127812 
0.2229883 0.04284834 0.7341633 
0.1592246 0.03321801 0.8075574 
0.07491772 0.06889725 0.856185 
0.1512024 0.06066337 0.7881342 
0.1390999 0.07343417 0.7874659 
0.1326921 0.04171146 0.8255964 
0.1387264 0.06865468 0.7926189 
0.1152659 0.03527651 0.8494576 
0.1386392 0.06367864 0.7976822 
0.1172216 0.06024693 0.8225315 
0.153678 0.05275665 0.7935654 
0.1470107 0.05652119 0.7964681 
0.1393026 0.04699503 0.8137024 
0.1267015 0.04669095 0.8266076 
0.1176471 0.1011465 0.7812064 
0.1730516 0.056707 0.7702414 
0.1651856 0.05355761 0.7812568 
0.07397475 0.08057096 0.8454543 
0.1291585 0.09781319 0.7730283 
0.1471346 0.04617881 0.8066866 
0.1120507 0.08905998 0.7988893 
0.1718627 0.0922738 0.7358635 
0.1872305 0.06095184 0.7518176 
0.1087927 0.06758903 0.8236183 
0.1439439 0.06174003 0.7943161 
0.08990597 0.02209288 0.8880012 
0.1211043 0.1066702 0.7722255 
0.1617855 0.06514104 0.7730735 
0.1362473 0.07174998 0.7920027 
0.1292548 0.0660105 0.8047347 
0.09847006 0.1175629 0.783967 
0.07659301 0.07743034 0.8459766 
0.09981989 0.08394809 0.816232 
0.1553001 0.1210918 0.7236081 
0.1203182 0.1092386 0.7704432 
0.1685268 0.04243546 0.7890377 
0.1776054 0.1041303 0.7182643 
0.1053082 0.05666574 0.838026 
0.1288903 0.04189624 0.8292135 
0.1061086 0.04365679 0.8502346 
0.1392414 0.04167225 0.8190864 
0.08855341 0.07618669 0.8352599 
0.1408492 0.07169783 0.787453 
0.1598656 0.07121939 0.768915 
0.1847242 0.04839165 0.7668842 
0.1352337 0.06296919 0.8017971 
0.1406993 0.05746371 0.801837 
0.1398481 0.04539596 0.8147559 
0.0669109 0.06891851 0.8641706 
0.1413605 0.04802647 0.810613 
0.08598845 0.06473631 0.8492752 
0.08641428 0.03603466 0.8775511 
0.2192137 0.04200188 0.7387844 
0.1575824 0.04211455 0.8003031 
0.1382258 0.07136193 0.7904122 
0.07926156 0.09485469 0.8258837 
0.125557 0.1140615 0.7603816 
0.1063185 0.025707 0.8679745 
0.1135825 0.02833706 0.8580805 
0.1398871 0.02256217 0.8375507 
0.1404711 0.03542723 0.8241017 
0.1746756 0.02173048 0.803594 
0.1200028 0.08146327 0.7985339 
0.1204531 0.04102657 0.8385204 
0.1823884 0.09062518 0.7269864 
0.1278896 0.02818401 0.8439264 
0.17219 0.06740871 0.7604013 
0.1100681 0.1483716 0.7415603 
0.09263545 0.07647922 0.8308853 
0.1215782 0.05440438 0.8240174 
0.1596647 0.05937101 0.7809643 
0.1448487 0.04744204 0.8077093 
0.09534976 0.03288661 0.8717636 
0.105133 0.05520141 0.8396656 
0.1424844 0.03030338 0.8272122 
0.1378611 0.03238381 0.8297551 
0.1670603 0.04801648 0.7849232 
0.1416933 0.07664119 0.7816656 
0.104217 0.05170254 0.8440805 
0.1311644 0.08137808 0.7874575 
0.1633673 0.04795971 0.788673 
0.1600689 0.02917734 0.8107538 
0.1003543 0.09512553 0.8045202 
0.1346731 0.04103869 0.8242883 
0.1169908 0.0674741 0.8155351 
0.1305649 0.05380572 0.8156294 
0.1621832 0.04122313 0.7965937 
0.1210544 0.05799867 0.8209469 
0.2071703 0.08423101 0.7085987 
0.1631525 0.08073037 0.7561171 
0.08535881 0.05987506 0.8547661 
0.07544372 0.08408488 0.8404714 
0.088253 0.08763105 0.824116 
0.1094036 0.07604076 0.8145557 
0.122832 0.08322469 0.7939433 
0.1386657 0.0872784 0.7740559 
0.09649409 0.03586486 0.8676411 
0.1423268 0.05746664 0.8002066 
0.09273837 0.08411967 0.823142 
0.1098751 0.02693326 0.8631917 
0.1436595 0.06890778 0.7874328 
0.1428012 0.1310329 0.7261659 
0.1090555 0.07577777 0.8151667 
0.07619813 0.09067099 0.8331309 
0.07409043 0.04880948 0.8771001 
0.1136142 0.07410826 0.8122776 
0.09786762 0.07367917 0.8284532 
0.1703407 0.0267552 0.8029041 
0.120319 0.02010004 0.859581 
0.1734392 0.07398944 0.7525714 
0.1438118 0.06041912 0.795769 
0.1660818 0.02150932 0.8124088 
0.1267734 0.07345209 0.7997745 
0.08918163 0.05873332 0.852085 
0.1291486 0.03955906 0.8312924 
0.09028283 0.04744612 0.8622711 
0.1228889 0.0497756 0.8273355 
0.1211386 0.08109955 0.7977619 
0.1358638 0.03964029 0.8244959 
0.1871081 0.1283418 0.6845501 
0.1671023 0.07190353 0.7609942 
0.1721038 0.06319873 0.7646974 
0.1252651 0.04845817 0.8262768 
0.1064983 0.05743776 0.8360639 
0.1576104 0.01621886 0.8261707 
0.1394998 0.04840374 0.8120964 
0.1544381 0.0559859 0.789576 
0.1760694 0.04224119 0.7816894 
0.1631924 0.03901139 0.7977962 
0.1529006 0.0489774 0.798122 
0.1457576 0.06055951 0.7936829 
0.1154835 0.05284778 0.8316688 
0.1008375 0.07227733 0.8268852 
0.07926615 0.0973169 0.8234169 
0.1481707 0.04762775 0.8042016 
0.1343996 0.02795051 0.8376499 
0.122226 0.05976798 0.818006 
0.113881 0.05112052 0.8349985 
0.1298205 0.06811558 0.802064 
0.1390854 0.06347064 0.797444 
0.1324298 0.04100889 0.8265613 
0.1566489 0.01893241 0.8244187 
0.1109621 0.0665215 0.8225164 
0.1040926 0.08672871 0.8091787 
0.1602226 0.09663109 0.7431463 
0.1218823 0.0464942 0.8316235 
0.1299716 0.054823 0.8152054 
0.08444272 0.04900791 0.8665494 
0.08514117 0.05946541 0.8553934 
0.1250102 0.03875459 0.8362352 
0.1099113 0.06265476 0.827434 
0.1926434 0.06696725 0.7403894 
0.1742307 0.07579788 0.7499714 
0.1398273 0.04693784 0.8132348 
0.1107851 0.04888385 0.840331 
0.1617249 0.07646106 0.761814 
0.1370936 0.05024577 0.8126607 
0.08636794 0.09268246 0.8209496 
0.1032994 0.05523943 0.8414612 
0.1266354 0.05654444 0.8168201 
0.134156 0.04264368 0.8232003 
0.1920561 0.1431398 0.6648041 
0.116923 0.08817287 0.7949042 
0.1858108 0.04046064 0.7737286 
0.1806053 0.03965801 0.7797366 
0.1693317 0.005714156 0.8249541 
0.173904 0.004617395 0.8214786 
0.1610769 0.0398391 0.799084 
0.1971542 0.007557082 0.7952888 
0.256476 0.003500226 0.7400238 
0.2300621 0.01961025 0.7503276 
0.3022909 0.01260589 0.6851032 
0.1089446 0.0004528867 0.8906025 
0.212107 0.002753665 0.7851394 
0.1855683 0.005577956 0.8088537 
0.1690518 0.006231015 0.8247172 
0.1994802 0.02552965 0.7749902 
0.1690696 0.02672968 0.8042007 
0.147417 0.04569826 0.8068847 
0.1179022 0.1065501 0.7755477 
0.1765384 0.05002228 0.7734393 
0.121023 0.06912921 0.8098478 
0.1939206 0.09097294 0.7151065 
0.1367578 0.05587181 0.8073704 
0.09458531 0.07953211 0.8258826 
0.2027666 0.04675679 0.7504766 
0.09561576 0.09045085 0.8139334 
0.09123292 0.07000949 0.8387576 
0.08806798 0.04387945 0.8680526 
0.1531845 0.03840695 0.8084085 
0.1585142 0.02523772 0.8162481 
0.1277979 0.04758344 0.8246187 
0.143186 0.07444935 0.7823646 
0.07047539 0.04070828 0.8888163 
0.1050459 0.0898442 0.8051098 
0.118836 0.04510058 0.8360635 
0.1328342 0.03565355 0.8315122 
0.06806676 0.07115718 0.8607761 
0.1201342 0.06896283 0.8109029 
0.2154444 0.06715072 0.7174049 
0.1457882 0.03548487 0.8187269 
0.1233202 0.04998351 0.8266963 
0.09315962 0.02008265 0.8867577 
0.06776965 0.05003306 0.8821973 
0.1154845 0.02571564 0.8587999 
0.09186604 0.08136803 0.8267659 
0.215616 0.04326852 0.7411154 
0.1286988 0.04258517 0.828716 
0.1450168 0.05424669 0.8007365 
0.06962316 0.04118678 0.8891901 
0.09755722 0.07518379 0.827259 
0.073903 0.04444545 0.8816516 
0.1097273 0.0191679 0.8711048 
0.1076486 0.03209592 0.8602555 
0.1453905 0.06179064 0.7928188 
0.135226 0.03860526 0.8261687 
0.1235362 0.02999189 0.8464719 
0.110267 0.04912844 0.8406046 
0.1526428 0.04195116 0.805406 
0.091528 0.0469718 0.8615002 
0.1038563 0.05339167 0.8427521 
0.05277316 0.05484859 0.8923783 
0.1091546 0.04066577 0.8501796 
0.2120507 0.06387864 0.7240706 
0.1215524 0.05230637 0.8261412 
0.1274779 0.07997081 0.7925513 
0.1242489 0.0276711 0.84808 
0.1366263 0.1040873 0.7592864 
0.142031 0.09861089 0.7593582 
0.1457917 0.04109567 0.8131126 
0.1649383 0.04566737 0.7893944 
0.1555142 0.07204825 0.7724375 
0.1554556 0.03816438 0.80638 
0.125549 0.06641186 0.8080392 
0.1250264 0.1188276 0.756146 
0.1010304 0.0776174 0.8213522 
0.1179014 0.09217131 0.7899273 
0.1335819 0.04336211 0.823056 
0.1279003 0.1224592 0.7496404 
0.1886032 0.06443466 0.7469621 
0.1693552 0.04071458 0.7899302 
0.1622832 0.04104382 0.796673 
0.07056536 0.03804064 0.891394 
0.1514882 0.03999199 0.8085198 
0.1121582 0.05208628 0.8357555 
0.1647885 0.07752096 0.7576905 
0.1359095 0.0500403 0.8140502 
0.1211499 0.06891373 0.8099363 
0.1434655 0.06546993 0.7910646 
0.1476401 0.04734096 0.8050189 
0.1797737 0.02778355 0.7924427 
0.1516017 0.05118466 0.7972136 
0.181985 0.06475527 0.7532598 
0.1122447 0.0624038 0.8253515 
0.1939759 0.04722958 0.7587946 
0.1243041 0.05639653 0.8192993 
0.102493 0.07104587 0.8264611 
0.09577747 0.1252504 0.7789721 
0.1109231 0.03659716 0.8524798 
0.114336 0.04918627 0.8364777 
0.155599 0.07243132 0.7719697 
0.1465078 0.06616007 0.7873322 
0.1757483 0.03394206 0.7903096 
0.1268785 0.04180274 0.8313188 
0.1549516 0.04007188 0.8049765 
0.1206401 0.04553723 0.8338226 
0.1446038 0.05594099 0.7994552 
0.1588887 0.1384919 0.7026194 
0.1610486 0.09268198 0.7462694 
0.1092797 0.04479239 0.8459279 
0.1475626 0.06418274 0.7882546 
0.1334215 0.04105555 0.8255229 
0.04151706 0.04452174 0.9139612 
0.1460276 0.04694843 0.807024 
0.1209407 0.0425723 0.836487 
0.08752354 0.1076987 0.8047777 
0.09609618 0.1186433 0.7852605 
0.1539654 0.03097991 0.8150547 
0.1189585 0.1035877 0.7774538 
0.1139746 0.06435271 0.8216727 
0.09600227 0.08004918 0.8239486 
0.1033809 0.06711184 0.8295073 
0.1604455 0.1259564 0.7135981 
0.136234 0.07112345 0.7926425 
0.1215451 0.05280666 0.8256482 
0.1107756 0.06591533 0.8233091 
0.1249144 0.07070418 0.8043814 
0.1189669 0.02429357 0.8567395 
0.1447694 0.03697108 0.8182595 
0.1042412 0.06949399 0.8262648 
0.1336496 0.04632633 0.820024 
0.0928005 0.03365336 0.8735461 
0.1838941 0.0631164 0.7529895 
0.1453714 0.0779347 0.7766939 
0.1210678 0.08074618 0.798186 
0.1839592 0.03890807 0.7771327 
0.1183188 0.06899088 0.8126904 
0.1193056 0.05892197 0.8217725 
0.1387574 0.03851324 0.8227293 
0.1159683 0.06518289 0.8188488 
0.07247226 0.07083423 0.8566935 
0.1032776 0.03978842 0.8569339 
0.1274821 0.04428284 0.8282351 
0.1133463 0.06583302 0.8208207 
0.2133203 0.07495122 0.7117285 
0.1127925 0.1008652 0.7863424 
0.09706871 0.04332179 0.8596095 
0.1075534 0.1350257 0.7574209 
0.09940776 0.03980423 0.860788 
0.2299255 0.04725343 0.7228211 
0.08339219 0.1013456 0.8152622 
0.1873789 0.05847377 0.7541474 
0.1296411 0.04509163 0.8252672 
0.1530692 0.04248387 0.804447 
0.1245598 0.04823208 0.8272081 
0.1126132 0.114278 0.7731087 
0.1697974 0.0708429 0.7593597 
0.1161386 0.06673721 0.8171242 
0.1667904 0.04652147 0.7866882 
0.1423518 0.081636 0.7760122 
0.1523943 0.07235568 0.77525 
0.1115719 0.06750943 0.8209186 
0.138218 0.04717723 0.8146048 
0.1186179 0.05018684 0.8311953 
0.1591992 0.08818793 0.7526128 
0.1009664 0.04516298 0.8538706 
0.06414953 0.1063433 0.8295071 
0.1089903 0.06577667 0.825233 
0.09232899 0.04835848 0.8593125 
0.09682924 0.08735339 0.8158174 
0.1358697 0.04921639 0.814914 
0.1565255 0.06096695 0.7825076 
0.143767 0.04586986 0.8103631 
0.1646683 0.03194449 0.8033872 
0.1821864 0.06072452 0.7570891 
0.1134621 0.06503108 0.8215068 
0.1331591 0.05307348 0.8137674 
0.07552309 0.05839973 0.8660772 
0.2147573 0.03894795 0.7462948 
0.1319387 0.03425198 0.8338093 
0.1012018 0.06658451 0.8322137 
0.2360183 0.0645362 0.6994455 
0.1783546 0.03997546 0.78167 
0.1641054 0.08156594 0.7543286 
0.1367337 0.02714243 0.8361238 
0.07362409 0.07816813 0.8482078 
0.1513518 0.09258082 0.7560674 
0.1200423 0.06172192 0.8182358 
0.1644012 0.06867745 0.7669214 
0.1954086 0.06105351 0.7435379 
0.128627 0.0538023 0.8175707 
0.09655392 0.07578117 0.8276649 
0.1352372 0.09502903 0.7697337 
0.1484298 0.03980282 0.8117674 
0.09283642 0.1092659 0.7978977 
0.1116352 0.07482223 0.8135426 
0.1589429 0.0409829 0.8000742 
0.1451066 0.02868102 0.8262124 
0.1485982 0.03587712 0.8155246 
0.150902 0.04687659 0.8022214 
0.1366637 0.08464404 0.7786922 
0.1465135 0.06143448 0.792052 
0.1531551 0.1170371 0.7298078 
0.1619836 0.06460643 0.7734099 
0.1652254 0.03709853 0.797676 
0.1144999 0.07148219 0.8140179 
0.1121743 0.06430269 0.823523 
0.1012023 0.07425561 0.8245421 
0.0940742 0.07769986 0.8282259 
0.1581325 0.05570084 0.7861667 
0.1328723 0.06492578 0.8022019 
0.1688156 0.07570315 0.7554812 
0.1118845 0.06135241 0.8267631 
0.1005463 0.06742259 0.8320311 
0.1249083 0.04980347 0.8252883 
0.1231466 0.05258739 0.824266 
0.115935 0.07288544 0.8111796 
0.09130734 0.05154917 0.8571435 
0.08188258 0.04573292 0.8723845 
0.1305744 0.02151316 0.8479125 
0.1432388 0.06133722 0.7954239 
0.1741883 0.04086376 0.784948 
0.2039238 0.09267863 0.7033976 
0.08918925 0.03907002 0.8717407 
0.2039547 0.0318067 0.7642386 
0.1633593 0.05593595 0.7807047 
0.1818565 0.06962115 0.7485223 
0.110341 0.111657 0.778002 
0.2009251 0.02586515 0.7732097 
0.1236804 0.03332071 0.8429989 
0.1703944 0.06528068 0.7643249 
0.1098187 0.03965792 0.8505233 
0.1967083 0.05218831 0.7511034 
0.09617868 0.09548971 0.8083316 
0.1423199 0.05212023 0.8055599 
0.087572 0.05034151 0.8620865 
0.126704 0.09688051 0.7764155 
0.1117097 0.05838645 0.8299039 
0.1633462 0.08487821 0.7517756 
0.07876477 0.05275603 0.8684792 
0.133459 0.052746 0.813795 
0.08552385 0.1257726 0.7887036 
0.209486 0.03040299 0.760111 
0.1618059 0.05178152 0.7864126 
0.1867459 0.02497627 0.7882778 
0.1138284 0.08645805 0.7997135 
0.1338516 0.03051115 0.8356372 
0.150364 0.1440955 0.7055405 
0.154634 0.02348998 0.821876 
0.1241818 0.06528086 0.8105374 
0.057833 0.150298 0.791869 
0.1651013 0.05544582 0.7794529 
0.1658399 0.06216687 0.7719932 
0.1632175 0.06797555 0.768807 
0.1247346 0.06073611 0.8145293 
0.134178 0.072926 0.792896 
0.163322 0.05527292 0.7814051 
0.14807 0.04594736 0.8059826 
0.1207999 0.07184119 0.8073589 
0.0896226 0.04476471 0.8656127 
0.1613082 0.02330461 0.8153872 
0.1492281 0.1109053 0.7398667 
0.1136951 0.07592412 0.8103807 
0.1589056 0.03780256 0.8032918 
0.1505845 0.100675 0.7487406 
0.1110221 0.04265357 0.8463243 
0.1626051 0.04821639 0.7891785 
0.1172802 0.07411234 0.8086075 
0.09809003 0.07100086 0.8309091 
0.2223156 0.03035004 0.7473343 
0.09242132 0.07452573 0.833053 
0.1081886 0.04220244 0.849609 
0.1313146 0.1089018 0.7597836 
0.09336142 0.07796226 0.8286763 
0.1049804 0.1202695 0.7747501 
0.1670289 0.07955128 0.7534198 
0.1329271 0.03639735 0.8306756 
0.1625042 0.07065932 0.7668365 
0.1558794 0.047291 0.7968296 
0.1036054 0.04405539 0.8523393 
0.1424955 0.05694857 0.8005559 
0.09165529 0.1212003 0.7871444 
0.1325734 0.01845883 0.8489678 
0.07513084 0.09773295 0.8271362 
0.1453484 0.03505215 0.8195994 
0.1282562 0.03965033 0.8320934 
0.2345502 0.05802599 0.7074238 
0.1469142 0.0496005 0.8034853 
0.1170689 0.02867877 0.8542523 
0.1181948 0.05276713 0.8290381 
0.1698503 0.05375219 0.7763976 
0.1581685 0.05527304 0.7865584 
0.150541 0.05947523 0.7899838 
0.2142779 0.04351768 0.7422044 
0.2394047 0.03654037 0.724055 
0.267655 0.0009923906 0.7313526 
0.2297257 0.00790128 0.762373 
0.1737145 0.004967681 0.8213178 
0.1788555 0.01298807 0.8081564 
0.2029012 0.002037186 0.7950616 
0.1379997 0.02048442 0.8415159 
0.1576947 0.04684051 0.7954648 
0.09442765 0.06737603 0.8381963 
0.1863547 0.07315479 0.7404905 
0.1467905 0.06020448 0.793005 
0.07151783 0.06444852 0.8640337 
0.1553998 0.04164741 0.8029528 
0.1247206 0.07473291 0.8005465 
0.1406701 0.02276282 0.8365671 
0.1837923 0.0891423 0.7270654 
0.1189382 0.1177656 0.7632963 
0.189641 0.03611333 0.7742457 
0.1373733 0.03682533 0.8258014 
0.124471 0.1008546 0.7746745 
0.1391997 0.03688543 0.8239148 
0.1317915 0.0249238 0.8432847 
0.1238472 0.05248162 0.8236712 
0.1156617 0.06865398 0.8156843 
0.1477918 0.02815744 0.8240508 
0.1239287 0.008550487 0.8675208 
0.116026 0.1081668 0.7758072 
0.1676672 0.03731611 0.7950167 
0.1555599 0.04080084 0.8036393 
0.1295279 0.05693668 0.8135354 
0.1477455 0.002839951 0.8494145 
0.2146933 0.01166891 0.7736378 
0.2076323 0.01141846 0.7809493 
0.2302121 0.02038303 0.7494048 
0.08363651 0.08927275 0.8270907 
0.1719486 0.05498801 0.7730634 
0.06796698 0.03112238 0.9009106 
0.1327747 0.04970597 0.8175193 
0.08326545 0.04867019 0.8680644 
0.1565502 0.128029 0.7154208 
0.09248002 0.0681489 0.8393711 
0.1401343 0.03845912 0.8214066 
0.1524325 0.03562404 0.8119434 
0.1034877 0.06286817 0.8336441 
0.1783993 0.05332352 0.7682772 
0.2138874 0.07882155 0.707291 
0.1275917 0.108088 0.7643203 
0.1055037 0.06978372 0.8247126 
0.1238548 0.004768175 0.871377 
0.1055621 0.05113309 0.8433048 
0.1465894 0.04239107 0.8110195 
0.1435104 0.07094358 0.785546 
0.09196842 0.04714089 0.8608907 
0.0903262 0.08162566 0.8280481 
0.1381499 0.05815369 0.8036964 
0.1004839 0.07922056 0.8202955 
0.1545211 0.137866 0.7076129 
0.1437126 0.03234242 0.823945 
0.08363699 0.04130082 0.8750622 
0.1154301 0.09701223 0.7875577 
0.131119 0.06984546 0.7990356 
0.1095146 0.07964807 0.8108373 
0.1490244 0.02569287 0.8252827 
0.2328471 0.02604809 0.7411048 
0.1416093 0.06234741 0.7960433 
0.08600422 0.04945091 0.8645449 
0.115166 0.07151961 0.8133143 
0.1757006 0.07922115 0.7450782 
0.1825414 0.04327715 0.7741815 
0.1122425 0.05613706 0.8316204 
0.1376952 0.04387625 0.8184285 
0.136954 0.02724326 0.8358028 
0.06397489 0.08724491 0.8487802 
0.1790746 0.07510055 0.7458248 
0.1505555 0.05408146 0.7953631 
0.1605425 0.05361911 0.7858384 
0.099643 0.06515209 0.8352049 
0.1036677 0.02488983 0.8714425 
0.1691554 0.07589687 0.7549477 
0.1362448 0.0374068 0.8263484 
0.2017087 0.05492548 0.7433658 
0.1677451 0.05821839 0.7740365 
0.1203853 0.08585384 0.7937609 
0.1064392 0.06745875 0.826102 
0.1294622 0.0682431 0.8022947 
0.2117413 0.01467424 0.7735844 
0.1415002 0.07609592 0.7824038 
0.1485335 0.09661349 0.754853 
0.1602238 0.02370425 0.816072 
0.1414158 0.07568665 0.7828976 
0.1290733 0.06807918 0.8028475 
0.1030757 0.03749579 0.8594286 
0.1628224 0.08263938 0.7545382 
0.08498948 0.08056801 0.8344425 
0.1525333 0.05563251 0.7918341 
0.1723906 0.03096527 0.7966441 
0.1370763 0.08049995 0.7824237 
0.139452 0.0637795 0.7967685 
0.1474343 0.04988419 0.8026815 
0.1385604 0.04661929 0.8148203 
0.1660222 0.06934018 0.7646376 
0.1071892 0.03357761 0.8592332 
0.143347 0.08094113 0.7757118 
0.1424867 0.05112336 0.80639 
0.1295553 0.06921352 0.8012312 
0.1340956 0.05975379 0.8061506 
0.1742775 0.05908356 0.7666389 
0.1400456 0.07326367 0.7866907 
0.1248333 0.091169 0.7839977 
0.1091812 0.05318 0.8376388 
0.1555608 0.1167962 0.727643 
0.1423088 0.05261184 0.8050794 
0.1203131 0.02567958 0.8540073 
0.1860272 0.03965485 0.774318 
0.1189493 0.08722345 0.7938273 
0.1052906 0.07615493 0.8185545 
0.1247032 0.04223462 0.8330621 
0.1442541 0.09985765 0.7558883 
0.1518348 0.07261648 0.7755487 
0.1339185 0.06349224 0.8025892 
0.1683934 0.06941697 0.7621896 
0.1126503 0.05229608 0.8350536 
0.1051467 0.0524185 0.8424348 
0.1130604 0.03288729 0.8540523 
0.1307924 0.07262893 0.7965787 
0.1449135 0.06566958 0.7894169 
0.110223 0.02683351 0.8629435 
0.1020824 0.03298525 0.8649323 
0.09800406 0.06178412 0.8402118 
0.1590132 0.06811311 0.7728737 
0.1335464 0.1196804 0.7467732 
0.1523005 0.05120923 0.7964903 
0.0710256 0.1297877 0.7991867 
0.1080693 0.05845528 0.8334754 
0.1482282 0.06126188 0.79051 
0.1319477 0.06907362 0.7989786 
0.3044589 0.02155338 0.6739877 
0.1663595 0.0661688 0.7674717 
0.1005048 0.05117222 0.848323 
0.07821662 0.1239961 0.7977873 
0.1280883 0.04822158 0.8236901 
0.104057 0.06415041 0.8317926 
0.1591603 0.05715426 0.7836854 
0.09384715 0.02886024 0.8772926 
0.1156228 0.01399231 0.8703848 
0.1367709 0.07375698 0.7894721 
0.1321828 0.03773584 0.8300814 
0.1115602 0.07939039 0.8090494 
0.1470007 0.0302653 0.822734 
0.14658 0.05074834 0.8026716 
0.1658208 0.05882153 0.7753576 
0.1192496 0.05931771 0.8214327 
0.144115 0.1020738 0.7538112 
0.08754569 0.0812365 0.8312178 
0.1179409 0.07646894 0.8055902 
0.161544 0.06537895 0.773077 
0.09390886 0.07923907 0.8268521 
0.1238768 0.04302712 0.833096 
0.08036587 0.1239558 0.7956783 
0.1396778 0.06984969 0.7904726 
0.1706159 0.07349605 0.7558881 
0.1322581 0.0434549 0.824287 
0.08950816 0.04545375 0.8650381 
0.1172103 0.06352599 0.8192637 
0.1290216 0.05427556 0.8167029 
0.1172844 0.0289543 0.8537613 
0.204356 0.04733454 0.7483095 
0.1808448 0.06348922 0.755666 
0.1130733 0.07119639 0.8157303 
0.1277288 0.04917629 0.8230949 
0.1361633 0.05305408 0.8107826 
0.09993711 0.0718636 0.8281993 
0.1090197 0.06634091 0.8246394 
0.1327426 0.03489248 0.8323649 
0.1357863 0.02238475 0.8418289 
0.1220607 0.04049705 0.8374422 
0.1484937 0.07752711 0.7739792 
0.08424912 0.04450827 0.8712426 
0.1555624 0.04300439 0.8014332 
0.134468 0.1531634 0.7123686 
0.1635443 0.08424607 0.7522097 
0.08741473 0.11132 0.8012653 
0.1492755 0.0784241 0.7723004 
0.15494 0.09315623 0.7519038 
0.121243 0.06423051 0.8145265 
0.0861071 0.09826608 0.8156268 
0.1617505 0.02033874 0.8179107 
0.1934853 0.03744297 0.7690718 
0.1228024 0.04780014 0.8293975 
0.1777252 0.05741178 0.764863 
0.141973 0.04314635 0.8148806 
0.1461549 0.05705884 0.7967863 
0.1229471 0.05380469 0.8232482 
0.1495148 0.08485607 0.7656292 
0.09406414 0.03503018 0.8709057 
0.160011 0.0775851 0.7624039 
0.1514847 0.06974879 0.7787665 
0.1768297 0.04864744 0.7745228 
0.137393 0.06427364 0.7983333 
0.1253466 0.06476758 0.8098858 
0.1109064 0.0525073 0.8365863 
0.2995131 0.03126142 0.6692254 
0.09876998 0.06649317 0.8347368 
0.07830179 0.07851685 0.8431814 
0.0850147 0.07365822 0.8413271 
0.1007785 0.07801842 0.8212031 
0.1350521 0.09153143 0.7734165 
0.111817 0.04010873 0.8480742 
0.1380794 0.03879036 0.8231303 
0.1077486 0.08511751 0.8071339 
0.1125856 0.111926 0.7754884 
0.1318337 0.08132115 0.7868451 
0.1590443 0.04030909 0.8006466 
0.1056681 0.04796614 0.8463658 
0.1409164 0.07298467 0.7860989 
0.2347999 0.03496776 0.7302323 
0.1060018 0.1279682 0.76603 
0.1129634 0.07313198 0.8139046 
0.2714454 0.005197744 0.7233569 
0.1637314 0.04101833 0.7952503 
0.09116688 0.08787627 0.8209569 
0.227559 0.03382174 0.7386193 
0.1707056 0.02648032 0.8028141 
0.1808705 0.001236708 0.8178928 
0.2695809 0.01072467 0.7196944 
0.1800115 0.01787101 0.8021175 
0.09969816 0.0540654 0.8462364 
0.09856093 0.03335232 0.8680868 
0.145941 0.08111129 0.7729477 
0.1613041 0.07306739 0.7656285 
0.135608 0.03806489 0.8263271 
0.1592003 0.02910911 0.8116906 
0.1043807 0.03897109 0.8566482 
0.1363406 0.03671676 0.8269426 
0.09613807 0.06261811 0.8412438 
0.08310195 0.07971307 0.837185 
0.08080989 0.04517197 0.8740181 
0.08713298 0.03623655 0.8766305 
0.1343107 0.02724689 0.8384424 
0.1412568 0.0766141 0.7821291 
0.1712079 0.043441 0.7853511 
0.1131818 0.04716726 0.839651 
0.1156403 0.05479185 0.8295679 
0.1158752 0.05523347 0.8288914 
0.1217274 0.04100628 0.8372664 
0.1062335 0.07285168 0.8209148 
0.1512273 0.07669818 0.7720745 
0.09146585 0.1357527 0.7727814 
0.168619 0.04634313 0.7850378 
0.1139883 0.05738956 0.8286221 
0.1740798 0.08685897 0.7390613 
0.1596115 0.04912043 0.7912681 
0.1310407 0.03275751 0.8362018 
0.1592689 0.01889331 0.8218378 
0.0957432 0.1065726 0.7976842 
0.1508394 0.04513654 0.8040241 
0.0857815 0.09199427 0.8222242 
0.1830016 0.06648268 0.7505157 
0.09943332 0.03688883 0.8636778 
0.1363776 0.1064783 0.7571441 
0.1542701 0.06010947 0.7856205 
0.143664 0.02348332 0.8328527 
0.1057361 0.05464781 0.8396161 
0.1548689 0.07548707 0.7696441 
0.1297746 0.06201366 0.8082117 
0.1492168 0.09240038 0.7583828 
0.179662 0.05391784 0.7664202 
0.08494586 0.06841986 0.8466343 
0.1280393 0.08296428 0.7889964 
0.1442285 0.02479816 0.8309734 
0.1394928 0.0446956 0.8158116 
0.1312312 0.03517233 0.8335965 
0.1002497 0.03964583 0.8601045 
0.195913 0.06193043 0.7421566 
0.2226042 0.03943208 0.7379638 
0.2434414 0.07227055 0.684288 
0.170497 0.03978042 0.7897226 
0.1583394 0.05762907 0.7840315 
0.1071277 0.07976924 0.8131031 
0.1112798 0.04935043 0.8393697 
0.09290348 0.04317365 0.8639229 
0.1081682 0.09931585 0.792516 
0.1193549 0.110561 0.7700841 
0.1928595 0.05034034 0.7568002 
0.09528448 0.08566095 0.8190546 
0.1008734 0.04826627 0.8508603 
0.1015323 0.03115135 0.8673164 
0.1542967 0.1093038 0.7363995 
0.0872122 0.04129609 0.8714917 
0.1045033 0.1248114 0.7706853 
0.1716484 0.06616899 0.7621826 
0.09959192 0.03777464 0.8626334 
0.07314414 0.04903273 0.8778231 
0.1041929 0.1147439 0.7810632 
0.1246692 0.0655343 0.8097965 
0.1654773 0.02823058 0.8062921 
0.1499719 0.03649928 0.8135288 
0.1165456 0.02760177 0.8558526 
0.1499997 0.04776508 0.8022352 
0.06711345 0.05156409 0.8813225 
0.1618013 0.04318439 0.7950143 
0.1679175 0.03660273 0.7954797 
0.1268805 0.02538696 0.8477326 
0.1377139 0.05495127 0.8073349 
0.1430089 0.07032512 0.7866659 
0.1449386 0.06460501 0.7904564 
0.1236036 0.08164247 0.794754 
0.1531781 0.06649769 0.7803242 
0.1241381 0.05574183 0.8201201 
0.2100227 0.03030081 0.7596765 
0.1669654 0.06368308 0.7693516 
0.168544 0.0812629 0.7501931 
0.1621526 0.03776797 0.8000794 
0.1131208 0.03966383 0.8472154 
0.1187627 0.03593199 0.8453053 
0.1232064 0.09389437 0.7828993 
0.1433457 0.04788368 0.8087706 
0.1271969 0.09873212 0.774071 
0.1750832 0.02786091 0.7970559 
0.1119522 0.1077482 0.7802996 
0.1520459 0.05086621 0.7970878 
0.105775 0.06191047 0.8323146 
0.1492332 0.06288865 0.7878781 
0.09331524 0.0618791 0.8448057 
0.1974485 0.06278281 0.7397687 
0.1364566 0.0525691 0.8109743 
0.1266596 0.09666843 0.7766719 
0.111227 0.07678223 0.8119908 
0.1289594 0.04859477 0.8224459 
0.1722415 0.01945877 0.8082998 
0.2015736 0.04131351 0.7571129 
0.1393771 0.09286331 0.7677596 
0.1733259 0.04047156 0.7862025 
0.1409676 0.07928274 0.7797497 
0.1393115 0.06076122 0.7999273 
0.09319667 0.02387949 0.8829238 
0.1615005 0.07004772 0.7684518 
0.1410589 0.1603824 0.6985586 
0.1851328 0.0620466 0.7528206 
0.1512334 0.06937385 0.7793928 
0.1373543 0.03134512 0.8313006 
0.06345662 0.05969338 0.87685 
0.1385412 0.07277535 0.7886835 
0.1948698 0.06657588 0.7385543 
0.1675218 0.07660408 0.7558741 
0.1802958 0.0244153 0.7952889 
0.1102985 0.05805237 0.8316491 
0.1219717 0.05500904 0.8230193 
0.1109721 0.06518166 0.8238463 
0.1044498 0.02426457 0.8712857 
0.170981 0.05518023 0.7738388 
0.1796782 0.05262155 0.7677003 
0.1317275 0.08757257 0.7806999 
0.1545152 0.05198534 0.7934995 
0.1347733 0.05246541 0.8127613 
0.1542638 0.06138038 0.7843559 
0.08715597 0.05555191 0.8572921 
0.1443647 0.03046792 0.8251674 
0.1504283 0.04839978 0.8011719 
0.1282192 0.05420912 0.8175717 
0.1424399 0.07169455 0.7858656 
0.1011702 0.06061656 0.8382132 
0.1187938 0.04482887 0.8363774 
0.1471721 0.06212657 0.7907013 
0.2331543 0.04568669 0.721159 
0.1129439 0.02460174 0.8624543 
0.05750807 0.08878441 0.8537075 
0.1048611 0.05750853 0.8376304 
0.1793915 0.04105429 0.7795542 
0.08614092 0.09232035 0.8215387 
0.1516436 0.06543806 0.7829184 
0.1806695 0.1074119 0.7119186 
0.1635772 0.0448042 0.7916186 
0.1923324 0.06353508 0.7441325 
0.1101731 0.05553587 0.834291 
0.126051 0.0785723 0.7953767 
0.1149497 0.03395397 0.8510963 
0.1793724 0.04438861 0.7762389 
0.1403387 0.031143 0.8285183 
0.1444622 0.0625767 0.7929611 
0.1385609 0.06777928 0.7936598 
0.06016911 0.0624377 0.8773932 
0.1381291 0.02545487 0.836416 
0.1462234 0.0563215 0.7974551 
0.117637 0.04432311 0.8380399 
0.1394002 0.08407285 0.7765269 
0.08789901 0.06395349 0.8481475 
0.1256474 0.04865041 0.8257022 
0.13412 0.05828554 0.8075944 
0.08323803 0.06264623 0.8541157 
0.1201373 0.03032331 0.8495394 
0.1265672 0.03767398 0.8357588 
0.1158065 0.06299111 0.8212024 
0.114367 0.06793434 0.8176987 
0.1545317 0.09675856 0.7487097 
0.08415995 0.06919952 0.8466405 
0.1278918 0.08232711 0.7897811 
0.1131785 0.1051003 0.7817212 
0.1615664 0.02236697 0.8160666 
0.124025 0.04558491 0.8303901 
0.1122077 0.07117348 0.8166189 
0.2144446 0.05612066 0.7294347 
0.08680954 0.0966474 0.8165431 
0.162755 0.0506237 0.7866213 
0.1205276 0.08116559 0.7983068 
0.1139834 0.07010644 0.8159101 
0.1321049 0.04757462 0.8203205 
0.1439617 0.03716934 0.8188689 
0.1134646 0.03176888 0.8547665 
0.1438567 0.05595655 0.8001868 
0.08326214 0.0637199 0.853018 
0.1199795 0.0798211 0.8001994 
0.1331949 0.07285084 0.7939543 
0.1499857 0.05006902 0.7999453 
0.1784256 0.1205099 0.7010645 
0.1038608 0.04744207 0.8486972 
0.1887537 0.06537215 0.7458742 
0.1370469 0.03959111 0.823362 
0.07832326 0.03279069 0.8888861 
0.1219596 0.04399202 0.8340484 
0.1085184 0.04040259 0.851079 
0.1098801 0.02968581 0.8604341 
0.1214122 0.08145814 0.7971297 
0.1492635 0.08924273 0.7614937 
0.1154519 0.04195359 0.8425946 
0.1265051 0.03483458 0.8386604 
0.09928868 0.07938702 0.8213243 
0.1926973 0.08355949 0.7237433 
0.1390672 0.08277466 0.7781581 
0.1577856 0.02888345 0.8133309 
0.09015768 0.08430318 0.8255391 
0.1238446 0.02946243 0.846693 
0.1210028 0.06108463 0.8179126 
0.1437349 0.04232147 0.8139437 
0.1931215 0.050388 0.7564905 
0.1563999 0.0805845 0.7630156 
0.1153005 0.08846203 0.7962375 
0.1184074 0.03311749 0.8484751 
0.07915383 0.08636622 0.8344799 
0.08845229 0.07054662 0.8410011 
0.1261343 0.0584652 0.8154005 
0.08433333 0.09014634 0.8255203 
0.1312174 0.06947146 0.7993112 
0.1865227 0.09024276 0.7232346 
0.1287483 0.1325804 0.7386713 
0.1611477 0.03627597 0.8025763 
0.1371869 0.04798346 0.8148297 
0.1156631 0.09957885 0.784758 
0.1367239 0.01450592 0.8487702 
0.1756563 0.01003033 0.8143134 
0.1213401 0.02227563 0.8563842 
0.1525962 0.1308718 0.716532 
0.1394394 0.05321109 0.8073495 
0.1201791 0.08000652 0.7998144 
0.1235952 0.04885866 0.8275462 
0.08882222 0.05770803 0.8534697 
0.09545907 0.06913898 0.835402 
0.1188943 0.06602935 0.8150763 
0.1262981 0.08964808 0.7840538 
0.1627533 0.03395844 0.8032883 
0.1215632 0.02253647 0.8559003 
0.2198183 0.01540723 0.7647744 
0.1433633 0.03577989 0.8208568 
0.09468858 0.05746111 0.8478503 
0.1073563 0.07058739 0.8220563 
0.1276501 0.04688452 0.8254654 
0.1459129 0.0367852 0.817302 
0.1444406 0.07634947 0.77921 
0.1617186 0.05140178 0.7868796 
0.1499792 0.02732369 0.8226972 
0.1114 0.06852052 0.8200795 
0.1357683 0.040732 0.8234997 
0.1702764 0.04613998 0.7835837 
0.1050992 0.07189284 0.823008 
0.08766965 0.08402084 0.8283095 
0.1141839 0.04460367 0.8412125 
0.1593447 0.05502976 0.7856255 
0.1411282 0.07285187 0.7860199 
0.1588689 0.05413503 0.786996 
0.150785 0.0515861 0.7976289 
0.08182455 0.08339804 0.8347774 
0.1205972 0.08230299 0.7970998 
0.1105527 0.01931087 0.8701365 
0.1143287 0.07385974 0.8118115 
0.1387382 0.07914684 0.7821149 
0.1759534 0.06420721 0.7598394 
0.1780837 0.07070368 0.7512126 
0.08571936 0.008636272 0.9056444 
0.1450602 0.04547513 0.8094647 
0.1618811 0.03875707 0.7993619 
0.07162733 0.0359332 0.8924395 
0.1858098 0.06978717 0.744403 
0.09752198 0.02365033 0.8788277 
0.161085 0.05867707 0.7802379 
0.1307979 0.04350703 0.8256951 
0.2218899 0.0504266 0.7276834 
0.1420832 0.08851431 0.7694025 
0.1490667 0.03936169 0.8115716 
0.1608974 0.06814397 0.7709587 
0.1057267 0.07614018 0.8181331 
0.135955 0.03887957 0.8251654 
0.217088 0.03843816 0.7444739 
0.1003902 0.04142599 0.8581839 
0.1263605 0.05306203 0.8205774 
0.1491708 0.0951595 0.7556697 
0.1499953 0.07164262 0.7783621 
0.1375014 0.04107311 0.8214255 
0.1867125 0.05280908 0.7604784 
0.09240683 0.08942553 0.8181676 
0.09426422 0.05898842 0.8467474 
0.1009418 0.08630017 0.812758 
0.1379488 0.06170564 0.8003456 
0.1005116 0.04121305 0.8582754 
0.1388658 0.0430912 0.818043 
0.09514567 0.0587511 0.8461032 
0.1031315 0.1256331 0.7712353 
0.1869849 0.05879099 0.7542241 
0.2124854 0.007924275 0.7795903 
0.1022949 0.02217241 0.8755327 
0.1364901 0.02820447 0.8353054 
0.1616708 0.05311335 0.7852158 
0.1352177 0.02890158 0.8358807 
0.08639741 0.09663553 0.8169671 
0.1736643 0.07972448 0.7466112 
0.2113916 0.009767601 0.7788408 
0.1632314 0.001957575 0.8348111 
0.1881665 0.05197584 0.7598577 
0.1559416 0.0376649 0.8063935 
0.07335626 0.0829644 0.8436793 
0.1232421 0.1483206 0.7284374 
0.1267243 0.07841127 0.7948645 
0.07575252 0.07614107 0.8481064 
0.09858922 0.03762292 0.8637879 
0.1224659 0.03650804 0.841026 
0.1775345 0.01976234 0.8027032 
0.1354891 0.06724813 0.7972627 
0.1148969 0.04130831 0.8437948 
0.144476 0.07232521 0.7831988 
0.1451753 0.03622238 0.8186023 
0.1452407 0.0795016 0.7752577 
0.1735078 0.0764289 0.7500633 
0.1416685 0.03037848 0.8279531 
0.1430716 0.07729121 0.7796372 
0.08197919 0.05968091 0.8583399 
0.100797 0.06569808 0.833505 
0.1319372 0.07295361 0.7951092 
0.09020322 0.05072128 0.8590755 
0.1227379 0.06512809 0.812134 
0.08762437 0.05547021 0.8569054 
0.1277525 0.06476461 0.8074829 
0.184348 0.03927948 0.7763726 
0.1857663 0.03659156 0.7776421 
0.1163189 0.05184071 0.8318404 
0.1699109 0.04506884 0.7850202 
0.1184372 0.06226398 0.8192988 
0.1498784 0.02859758 0.821524 
0.1404846 0.05740404 0.8021113 
0.1778199 0.04959565 0.7725845 
0.09286715 0.04774324 0.8593896 
0.06506684 0.06925965 0.8656735 
0.1468837 0.0332404 0.8198759 
0.1470381 0.1001889 0.7527731 
0.1376624 0.03265445 0.8296831 
0.1509732 0.05146854 0.7975583 
0.09013222 0.06774395 0.8421238 
0.1501706 0.08598012 0.7638493 
0.1855053 0.04013947 0.7743552 
0.1522442 0.07677377 0.7709821 
0.130327 0.04505241 0.8246206 
0.1923604 0.08204729 0.7255923 
0.1672673 0.02895347 0.8037792 
0.1202523 0.03760027 0.8421474 
0.09173917 0.07163448 0.8366263 
0.1363761 0.08282274 0.7808012 
0.2245832 0.04706501 0.7283517 
0.1860442 0.06614087 0.7478149 
0.111299 0.07573515 0.8129658 
0.1672362 0.05906618 0.7736976 
0.1899592 0.02845527 0.7815856 
0.1222803 0.08701363 0.7907061 
0.1398181 0.04147737 0.8187046 
0.109141 0.06553037 0.8253286 
0.140932 0.06531925 0.7937488 
0.1354413 0.09197236 0.7725864 
0.1503979 0.04748182 0.8021202 
0.1389615 0.1013845 0.759654 
0.07079861 0.06038981 0.8688116 
0.1137696 0.08484451 0.8013859 
0.1221947 0.05500774 0.8227976 
0.1621249 0.09164521 0.7462299 
0.1905415 0.09880258 0.7106559 
0.127377 0.04703786 0.8255851 
0.121805 0.06261078 0.8155842 
0.108358 0.02648622 0.8651557 
0.1599967 0.06190497 0.7780983 
0.1179467 0.05405654 0.8279968 
0.07923623 0.1306966 0.7900671 
0.09712188 0.07612049 0.8267576 
0.1626953 0.04927016 0.7880346 
0.07846214 0.05832803 0.8632098 
0.07610924 0.1114127 0.8124781 
0.1112499 0.0772963 0.8114538 
0.07487736 0.1015397 0.823583 
0.1877851 0.06798505 0.7442299 
0.09548406 0.0797691 0.8247468 
0.08277392 0.0526381 0.864588 
0.1599506 0.05524341 0.784806 
0.09136896 0.06972607 0.838905 
0.1520463 0.06650602 0.7814477 
0.134414 0.07738567 0.7882004 
0.1101488 0.1097663 0.7800849 
0.1042095 0.06773793 0.8280525 
0.2030902 0.02724094 0.7696689 
0.1328303 0.05534339 0.8118263 
0.1370898 0.123562 0.7393482 
0.1328836 0.03849137 0.8286251 
0.125223 0.03718811 0.8375889 
0.1650983 0.1125552 0.7223466 
0.1051628 0.03816508 0.8566721 
0.1626198 0.1015708 0.7358094 
0.09573027 0.05358339 0.8506863 
0.1270134 0.06637152 0.8066151 
0.1271029 0.07520211 0.797695 
0.09379683 0.07566329 0.8305399 
0.1110315 0.03246761 0.8565008 
0.1729019 0.08072886 0.7463692 
0.1278948 0.08953789 0.7825674 
0.1335049 0.06244742 0.8040477 
0.08898058 0.09775222 0.8132672 
0.102733 0.03081508 0.8664519 
0.1844016 0.1124501 0.7031483 
0.1723234 0.04566986 0.7820067 
0.1303332 0.03969654 0.8299703 
0.1303288 0.05280711 0.8168641 
0.1836445 0.04003785 0.7763177 
0.1161795 0.0861551 0.7976654 
0.1214922 0.03283086 0.8456769 
0.1549358 0.06001374 0.7850505 
0.1192485 0.06594297 0.8148085 
0.07437669 0.05521184 0.8704115 
0.1479891 0.05761796 0.7943929 
0.1636319 0.08657018 0.7497979 
0.1416264 0.03299951 0.8253741 
0.1380432 0.08557635 0.7763804 
0.1283632 0.04565093 0.8259859 
0.1091982 0.05426274 0.8365391 
0.1007938 0.0859014 0.8133048 
0.07661177 0.04650873 0.8768795 
0.1500844 0.09412745 0.7557881 
0.1392054 0.06626725 0.7945273 
0.1733394 0.03833844 0.7883221 
0.1311689 0.06600874 0.8028224 
0.1147904 0.1074403 0.7777693 
0.1342734 0.04455648 0.8211701 
0.1053358 0.03204726 0.8626169 
0.1710204 0.04656502 0.7824145 
0.08811628 0.08267536 0.8292084 
0.1406517 0.07158036 0.787768 
0.1400559 0.06268362 0.7972605 
0.1475202 0.04777718 0.8047026 
0.09128583 0.07364384 0.8350703 
0.1372368 0.07866872 0.7840945 
0.1349349 0.05987771 0.8051874 
0.15172 0.02887463 0.8194054 
0.1158788 0.03594664 0.8481745 
0.1723779 0.06615925 0.7614628 
0.1515928 0.05191896 0.7964883 
0.1671872 0.07910923 0.7537035 
0.1449695 0.06448672 0.7905438 
0.1138582 0.06764063 0.8185012 
0.1379272 0.07787647 0.7841963 
0.1904247 0.06930156 0.7402737 
0.06773943 0.04609454 0.886166 
0.129382 0.04505853 0.8255594 
0.09017987 0.06071103 0.8491091 
0.1235651 0.04255792 0.833877 
0.09949885 0.05951728 0.8409839 
0.09613358 0.04848767 0.8553787 
0.1383145 0.07133488 0.7903506 
0.07519253 0.05019838 0.8746091 
0.1248253 0.05673299 0.8184417 
0.07553748 0.05300098 0.8714615 
0.1247493 0.06419536 0.8110553 
0.1794123 0.04952686 0.7710608 
0.1348987 0.06963978 0.7954615 
0.117044 0.1195076 0.7634485 
0.1602514 0.05877834 0.7809702 
0.1330059 0.06879871 0.7981954 
0.07255536 0.08403152 0.8434131 
0.1638414 0.06907212 0.7670865 
0.1751179 0.02969678 0.7951853 
0.1088047 0.1384344 0.7527609 
0.141907 0.05843507 0.7996579 
0.142017 0.04448405 0.813499 
0.1092903 0.05454266 0.836167 
0.1169145 0.03930299 0.8437825 
0.08916389 0.04313405 0.8677021 
0.1871441 0.06057341 0.7522825 
0.1070147 0.04741306 0.8455723 
0.06878152 0.02992468 0.9012938 
0.1138197 0.09490169 0.7912786 
0.1263591 0.03516847 0.8384724 
0.1740435 0.05679672 0.7691597 
0.1250363 0.05477005 0.8201936 
0.1234421 0.05872319 0.8178347 
0.08942424 0.05331404 0.8572617 
0.1516446 0.06155068 0.7868048 
0.1325537 0.09096228 0.7764841 
0.1085073 0.05878083 0.8327119 
0.07246906 0.04562515 0.8819058 
0.1631213 0.03775584 0.7991228 
0.1488349 0.04785054 0.8033146 
0.119107 0.1265168 0.7543762 
0.2094036 0.02757375 0.7630226 
0.1050023 0.02090395 0.8740938 
0.1852406 0.05335065 0.7614088 
0.1317965 0.03753059 0.8306729 
0.1243017 0.05730376 0.8183945 
0.1527729 0.0446873 0.8025398 
0.2020761 0.03298685 0.764937 
0.130871 0.09035974 0.7787692 
0.136484 0.08367391 0.7798421 
0.1137561 0.1131407 0.7731032 
0.1518491 0.06048937 0.7876615 
0.1840934 0.0570728 0.7588338 
0.06736458 0.09550723 0.8371282 
0.0976817 0.08313386 0.8191844 
0.141878 0.03077728 0.8273447 
0.1135842 0.08763585 0.79878 
0.1370849 0.1002851 0.7626301 
0.1161296 0.04281571 0.8410547 
0.1962832 0.05600003 0.7477168 
0.1327875 0.06709811 0.8001144 
0.1370804 0.02099552 0.841924 
0.1599016 0.04361223 0.7964862 
0.07107467 0.09299613 0.8359292 
0.1700114 0.09351114 0.7364774 
0.1517001 0.09127654 0.7570233 
0.1830025 0.05127964 0.7657179 
0.1617117 0.05446578 0.7838225 
0.1156389 0.03284458 0.8515165 
0.1588353 0.0608141 0.7803506 
0.0996312 0.06339114 0.8369777 
0.2175274 0.05496644 0.7275061 
0.1470516 0.05322615 0.7997223 
0.2206451 0.03290416 0.7464508 
0.1107204 0.05601196 0.8332676 
0.1089843 0.04559539 0.8454203 
0.1005184 0.0485538 0.8509278 
0.1914 0.03901149 0.7695885 
