p_1 p_2 p_3 
0.07843888 0.8217551 0.09980601 
0.1260652 0.8018284 0.07210644 
0.07324025 0.8111328 0.1156269 
0.1411814 0.7944105 0.06440816 
0.05027236 0.8427275 0.1070002 
0.06915085 0.7891445 0.1417046 
0.05277579 0.7896464 0.1575778 
0.07342195 0.791216 0.135362 
0.1243076 0.7892769 0.08641546 
0.04183428 0.8282247 0.129941 
0.05325686 0.8487173 0.09802579 
0.02186709 0.8144544 0.1636785 
0.05521228 0.7994184 0.1453693 
0.0831878 0.7535388 0.1632734 
0.1414642 0.7461923 0.1123435 
0.05178766 0.8312128 0.1169995 
0.03469353 0.7633374 0.2019691 
0.02768139 0.8519369 0.1203817 
0.05141222 0.8047312 0.1438566 
0.02871866 0.798504 0.1727774 
0.04893471 0.8335514 0.1175139 
0.04296534 0.7983156 0.1587191 
0.09251977 0.8089363 0.0985439 
0.04455637 0.8509109 0.1045327 
0.06255428 0.8416073 0.0958384 
0.08476766 0.8092795 0.1059529 
0.05122553 0.8723116 0.0764629 
0.0560428 0.8363319 0.1076253 
0.1085939 0.7539982 0.1374079 
0.03872664 0.8601184 0.101155 
0.07358401 0.7697634 0.1566526 
0.07029365 0.8449457 0.08476064 
0.02777403 0.8323286 0.1398973 
0.05133188 0.8516452 0.09702293 
0.09806646 0.8192837 0.08264981 
0.04555931 0.8619966 0.09244408 
0.04647195 0.8456223 0.1079058 
0.04576392 0.7343222 0.2199139 
0.07465578 0.7453741 0.1799701 
0.01761541 0.8060396 0.176345 
0.04983603 0.8298743 0.1202897 
0.06111516 0.8457412 0.0931436 
0.06619619 0.7539901 0.1798137 
0.06461682 0.7208509 0.2145323 
0.03535768 0.8203287 0.1443136 
0.0260942 0.8301489 0.1437569 
0.1346466 0.7147573 0.1505961 
0.07602014 0.7560467 0.1679331 
0.05620948 0.8390278 0.1047627 
0.05963768 0.8442828 0.0960795 
0.05777442 0.8030872 0.1391384 
0.1074572 0.8155003 0.07704247 
0.1110418 0.7815897 0.1073685 
0.0592795 0.751883 0.1888375 
0.06248267 0.8316303 0.105887 
0.05210787 0.8261636 0.1217285 
0.05068173 0.8326782 0.11664 
0.08781553 0.8200495 0.092135 
0.03878194 0.8136233 0.1475947 
0.01655234 0.8176949 0.1657528 
0.05930775 0.8160559 0.1246364 
0.07862424 0.7983604 0.1230153 
0.05093381 0.7903579 0.1587082 
0.03769517 0.8144591 0.1478458 
0.02081018 0.7920085 0.1871813 
0.09492878 0.75146 0.1536112 
0.02402421 0.7617646 0.2142112 
0.007451371 0.8267596 0.1657891 
0.04463237 0.8403596 0.115008 
0.1246208 0.7338155 0.1415637 
0.1114975 0.7538608 0.1346417 
0.0883672 0.8213284 0.0903044 
0.09953403 0.7256543 0.1748117 
0.1225496 0.7665581 0.1108923 
0.03557885 0.8059723 0.1584488 
0.03509639 0.7883465 0.1765572 
0.05643164 0.8589739 0.08459442 
0.04103018 0.818878 0.1400919 
0.07374556 0.7795867 0.1466677 
0.04024049 0.8153305 0.144429 
0.06471313 0.7731283 0.1621586 
0.09098202 0.8014639 0.1075541 
0.01610925 0.8581753 0.1257154 
0.102756 0.7432571 0.1539869 
0.08622809 0.8020022 0.1117697 
0.09289557 0.7558307 0.1512737 
0.03255623 0.850257 0.1171868 
0.03343408 0.8426268 0.1239391 
0.04714437 0.8126376 0.140218 
0.04062298 0.8091691 0.150208 
0.05901052 0.7783622 0.1626273 
0.05659629 0.8074562 0.1359475 
0.1511879 0.73284 0.115972 
0.1108933 0.7202605 0.1688462 
0.1187979 0.6752134 0.2059887 
0.02456954 0.7910588 0.1843717 
0.02755449 0.8297298 0.1427157 
0.04408256 0.843473 0.1124445 
0.2093934 0.6752115 0.1153951 
0.02585461 0.8226188 0.1515266 
0.1479249 0.6890882 0.1629868 
0.04377809 0.8068842 0.1493377 
0.04418721 0.7185163 0.2372965 
0.04626667 0.7283673 0.2253661 
0.07700766 0.7604111 0.1625813 
0.06190261 0.8030873 0.1350101 
0.06667833 0.8434161 0.08990554 
0.02878238 0.8683817 0.1028359 
0.05559917 0.8088158 0.1355851 
0.05350223 0.8346475 0.1118503 
0.05939185 0.7816723 0.1589359 
0.03673001 0.8250948 0.1381752 
0.03415504 0.7456015 0.2202434 
0.09781955 0.7549341 0.1472463 
0.0427629 0.8072178 0.1500193 
0.0658422 0.8315144 0.1026434 
0.06846952 0.8692918 0.06223865 
0.03096849 0.8351958 0.1338357 
0.04500465 0.7969473 0.1580481 
0.05124908 0.8415604 0.1071905 
0.07967424 0.807861 0.1124647 
0.02974986 0.902085 0.0681651 
0.1107649 0.7740261 0.1152091 
0.09291009 0.8223419 0.08474803 
0.03993297 0.7557779 0.2042891 
0.02063581 0.6964874 0.2828768 
0.02925043 0.8067946 0.163955 
0.002650998 0.807922 0.189427 
0.0298943 0.7137591 0.2563466 
0.04336809 0.8697961 0.08683586 
0.05976568 0.7977122 0.1425221 
0.07146287 0.8234557 0.1050814 
0.06342049 0.7816081 0.1549714 
0.02324416 0.8251132 0.1516426 
0.07411229 0.7355691 0.1903187 
0.01948784 0.7843123 0.1961999 
0.0623681 0.8163167 0.1213152 
0.05363644 0.8294588 0.1169047 
0.1050881 0.7591001 0.1358118 
0.04605583 0.8238073 0.1301369 
0.06544902 0.8021505 0.1324004 
0.0423301 0.7629834 0.1946865 
0.03975496 0.8006462 0.1595988 
0.07949146 0.7846943 0.1358142 
0.02333547 0.8489417 0.1277228 
0.03516855 0.8064438 0.1583877 
0.03576066 0.7978998 0.1663395 
0.03942777 0.6994819 0.2610904 
0.05770943 0.8037445 0.1385461 
0.07355006 0.8457318 0.08071815 
0.09775216 0.75371 0.1485378 
0.04286182 0.7755721 0.1815661 
0.0405762 0.7415803 0.2178435 
0.1187295 0.7099605 0.1713099 
0.06855033 0.8307532 0.1006965 
0.05335654 0.8099698 0.1366736 
0.0259811 0.8177573 0.1562616 
0.06970465 0.8219927 0.1083026 
0.02431229 0.8107218 0.1649659 
0.05922023 0.7948684 0.1459114 
0.08365818 0.7706927 0.1456492 
0.05518368 0.7560426 0.1887737 
0.03686289 0.8208895 0.1422476 
0.06174918 0.7966004 0.1416504 
0.04525181 0.8652648 0.08948336 
0.03537094 0.8268361 0.137793 
0.06106384 0.7755561 0.16338 
0.0682851 0.7967498 0.1349651 
0.05161923 0.8140526 0.1343282 
0.02912588 0.8267038 0.1441703 
0.04550522 0.8366211 0.1178737 
0.08468863 0.7646091 0.1507022 
0.01326277 0.8622916 0.1244457 
0.05299087 0.8003436 0.1466655 
0.06605303 0.7990071 0.1349399 
0.05805203 0.6841909 0.257757 
0.09535999 0.775382 0.129258 
0.03540683 0.7914874 0.1731058 
0.07212624 0.7909796 0.1368942 
0.03909882 0.8722619 0.08863923 
0.05996379 0.7881957 0.1518405 
0.07706412 0.8319958 0.09094003 
0.09300674 0.7773298 0.1296635 
0.05393964 0.829548 0.1165124 
0.0372752 0.7905156 0.1722093 
0.08470343 0.8068851 0.1084114 
0.1010895 0.7550428 0.1438677 
0.08173129 0.7643808 0.1538879 
0.08328272 0.8040301 0.1126872 
0.08082737 0.7983256 0.1208471 
0.07692985 0.787949 0.1351212 
0.061039 0.8081516 0.1308094 
0.0534006 0.794033 0.1525664 
0.09552387 0.7588371 0.145639 
0.07457073 0.722224 0.2032053 
0.1145893 0.7726425 0.1127682 
0.1446237 0.7016375 0.1537388 
0.1156941 0.7345739 0.149732 
0.02404382 0.8346281 0.1413281 
0.1571887 0.7823901 0.06042119 
0.02656021 0.8465986 0.1268412 
0.04782146 0.8723899 0.07978868 
0.0707517 0.7814415 0.1478068 
0.06903759 0.784805 0.1461575 
0.09475736 0.7380182 0.1672244 
0.02772251 0.8435023 0.1287752 
0.05432513 0.8033799 0.142295 
0.0399568 0.7900465 0.1699966 
0.07609775 0.7902815 0.1336207 
0.03149848 0.8223428 0.1461587 
0.04436937 0.8171714 0.1384593 
0.0464154 0.8388864 0.1146982 
0.08063487 0.8648144 0.05455074 
0.06102102 0.8113133 0.1276656 
0.06100428 0.8077981 0.1311976 
0.1650999 0.7110578 0.1238424 
0.09351287 0.710537 0.1959501 
0.0306816 0.8655874 0.103731 
0.05752014 0.7509275 0.1915523 
0.09000711 0.7938479 0.1161449 
0.05000556 0.7684731 0.1815213 
0.05923657 0.7667842 0.1739793 
0.08988906 0.7142843 0.1958266 
0.08810516 0.7893812 0.1225136 
0.1034999 0.8307405 0.06575968 
0.07561584 0.7879364 0.1364478 
0.05537184 0.7623974 0.1822308 
0.07390633 0.8317645 0.09432919 
0.08231615 0.8197994 0.09788445 
0.08041199 0.7807419 0.1388461 
0.01730762 0.8583403 0.1243521 
0.09955627 0.8139897 0.08645405 
0.06902014 0.7391377 0.1918421 
0.05402975 0.7962203 0.14975 
0.05418009 0.7585634 0.1872565 
0.0806658 0.7625208 0.1568134 
0.04936955 0.8522943 0.09833617 
0.05798818 0.7584742 0.1835376 
0.1083638 0.8401731 0.05146315 
0.07155965 0.7858116 0.1426288 
0.03681104 0.8512209 0.111968 
0.05924159 0.7619479 0.1788106 
0.05442391 0.8273511 0.118225 
0.04836958 0.8133178 0.1383126 
0.07947373 0.8083903 0.112136 
0.02254008 0.833051 0.1444089 
0.02566055 0.8032088 0.1711307 
0.05390912 0.8367056 0.1093853 
0.066423 0.7578618 0.1757152 
0.06313663 0.7835065 0.1533569 
0.07797034 0.735343 0.1866867 
0.0595948 0.8060736 0.1343316 
0.110778 0.8227364 0.06648556 
0.08495429 0.7241976 0.1908481 
0.04343947 0.8627828 0.09377771 
0.05212917 0.8521325 0.09573829 
0.04723977 0.8686023 0.08415794 
0.04263257 0.8167866 0.1405808 
0.05738338 0.8160639 0.1265527 
0.05985972 0.7675431 0.1725972 
0.05849366 0.8337288 0.1077776 
0.06957994 0.6866498 0.2437703 
0.0791801 0.7517241 0.1690958 
0.03007883 0.8278262 0.142095 
0.03899602 0.8742577 0.0867463 
0.066149 0.8080651 0.1257858 
0.05552334 0.846925 0.09755168 
0.0462877 0.7782602 0.1754521 
0.05710939 0.7802529 0.1626377 
0.06097636 0.8246084 0.1144152 
0.06206109 0.7734996 0.1644393 
0.03980659 0.8467834 0.11341 
0.1062617 0.7874078 0.1063305 
0.04863495 0.8117571 0.139608 
0.07852168 0.7655069 0.1559714 
0.08942081 0.7577541 0.1528251 
0.04003307 0.7910044 0.1689625 
0.07556383 0.7976621 0.1267741 
0.06978588 0.7735113 0.1567028 
0.1380102 0.8076798 0.05430999 
0.06291026 0.7431332 0.1939566 
0.0217251 0.813389 0.1648859 
0.04838935 0.7483516 0.2032591 
0.120091 0.7225564 0.1573527 
0.01507127 0.7965774 0.1883513 
0.0289867 0.8020739 0.1689394 
0.1220071 0.7768434 0.1011495 
0.1300231 0.8011893 0.06878762 
0.1958368 0.7720071 0.03215613 
0.1637177 0.7981071 0.03817524 
0.1659977 0.7317145 0.1022877 
0.1985499 0.7515895 0.0498606 
0.1550186 0.7794251 0.06555631 
0.1600741 0.7968664 0.04305953 
0.1358538 0.7994379 0.0647083 
0.183441 0.742713 0.07384604 
0.1038673 0.8075639 0.08856882 
0.177922 0.7810931 0.0409849 
0.1503644 0.819539 0.03009658 
0.1473945 0.8091167 0.04348877 
0.1496337 0.7631191 0.08724722 
0.1958907 0.7540377 0.05007162 
0.1791298 0.787 0.03387027 
0.2022605 0.7422559 0.05548354 
0.1186631 0.7569975 0.1243394 
0.1764329 0.7596422 0.0639249 
0.1241264 0.7814962 0.09437741 
0.1458947 0.7761951 0.07791022 
0.2015364 0.7615297 0.03693383 
0.1557254 0.7509191 0.0933555 
0.2402219 0.7065657 0.05321236 
0.117364 0.8082513 0.0743847 
0.08352985 0.8656429 0.05082728 
0.1154804 0.8388584 0.04566116 
0.1674056 0.7221872 0.1104072 
0.1753426 0.7532282 0.07142923 
0.1818871 0.7430211 0.07509179 
0.164244 0.7985995 0.03715651 
0.1229713 0.7966853 0.08034333 
0.1324148 0.8244526 0.04313251 
0.1590735 0.8022158 0.03871073 
0.1856286 0.7538989 0.06047247 
0.0919221 0.8100297 0.09804821 
0.1118604 0.7994667 0.08867291 
0.09107471 0.7859094 0.1230159 
0.1573417 0.7822504 0.06040785 
0.1087822 0.8449412 0.04627663 
0.1261925 0.8249521 0.04885545 
0.1278018 0.8061701 0.0660281 
0.1825657 0.7570409 0.06039336 
0.1735044 0.8164959 0.009999659 
0.1368608 0.7516517 0.1114875 
0.2098102 0.7358088 0.05438094 
0.1662233 0.8036697 0.03010702 
0.1050022 0.8427258 0.05227202 
0.07090845 0.8160123 0.1130792 
0.04108526 0.7807962 0.1781185 
0.144757 0.772013 0.08323003 
0.1069557 0.7595102 0.1335341 
0.04827635 0.8246997 0.127024 
0.06415942 0.8375554 0.09828519 
0.0887634 0.7473007 0.1639359 
0.08049179 0.7864922 0.133016 
0.07762294 0.8029166 0.1194604 
0.03892558 0.8148071 0.1462674 
0.1170724 0.6971649 0.1857627 
0.05430229 0.8206741 0.1250236 
0.04700903 0.8207892 0.1322017 
0.09699562 0.8187999 0.08420446 
0.08434841 0.7885646 0.127087 
0.06311618 0.8418036 0.0950802 
0.05180004 0.7712521 0.1769479 
0.080485 0.8093969 0.1101181 
0.04544848 0.8494705 0.105081 
0.06835406 0.7584617 0.1731842 
0.06649599 0.8125565 0.1209475 
0.0579811 0.8345351 0.1074838 
0.047812 0.8009314 0.1512566 
0.1143283 0.7310798 0.1545919 
0.02386882 0.8186357 0.1574955 
0.1507472 0.7810821 0.06817069 
0.06672567 0.7907261 0.1425482 
0.1053458 0.7758354 0.1188188 
0.04310504 0.8079762 0.1489188 
0.07518989 0.8136923 0.1111179 
0.05880087 0.8116809 0.1295182 
0.04868121 0.7510988 0.20022 
0.06432206 0.7347836 0.2008943 
0.07837056 0.7530302 0.1685993 
0.0640603 0.8062396 0.1297001 
0.09340311 0.7762425 0.1303543 
0.0788518 0.8343876 0.08676057 
0.06064471 0.7945089 0.1448464 
0.09331778 0.7640099 0.1426724 
0.1427971 0.7516203 0.1055825 
0.08032002 0.7778887 0.1417913 
0.04434842 0.7236676 0.231984 
0.04048397 0.8329612 0.1265549 
0.04413944 0.8572497 0.09861087 
0.06465462 0.8284895 0.1068559 
0.06692857 0.7517204 0.1813511 
0.09062239 0.830101 0.07927663 
0.1060439 0.8181128 0.07584325 
0.08432877 0.7784867 0.1371845 
0.05521028 0.6998405 0.2449492 
0.07061377 0.6697983 0.2595879 
0.07327471 0.7642929 0.1624324 
0.07323268 0.7838803 0.142887 
0.03169867 0.8141153 0.154186 
0.09547157 0.7591779 0.1453505 
0.09383141 0.7534686 0.1527 
0.05294061 0.7638048 0.1832546 
0.03221604 0.8910774 0.07670653 
0.08083659 0.6681911 0.2509724 
0.02226356 0.8273873 0.1503491 
0.0459901 0.8146644 0.1393455 
0.1136258 0.7738801 0.112494 
0.05097031 0.8152524 0.1337773 
0.02597657 0.7994686 0.1745549 
0.02507259 0.8881538 0.08677358 
0.08585419 0.7864911 0.1276547 
0.09987967 0.7808854 0.1192349 
0.05785939 0.7673943 0.1747463 
0.1167757 0.7484942 0.1347302 
0.08073975 0.7367508 0.1825094 
0.08613798 0.8201347 0.09372733 
0.07062651 0.7975828 0.1317907 
0.09846865 0.717981 0.1835503 
0.05511188 0.7545403 0.1903478 
0.09234828 0.7600414 0.1476103 
0.05828303 0.8046511 0.1370658 
0.07178214 0.6890527 0.2391651 
0.06768279 0.7650386 0.1672787 
0.07088414 0.852113 0.07700287 
0.06478051 0.79369 0.1415294 
0.06217674 0.854596 0.08322726 
0.0492346 0.7772417 0.1735237 
0.06449982 0.7978929 0.1376073 
0.05750217 0.7477693 0.1947286 
0.0476286 0.7466763 0.2056951 
0.07370161 0.8258371 0.1004613 
0.03253162 0.8249813 0.1424871 
0.1333874 0.7082351 0.1583775 
0.1355853 0.7337737 0.130641 
0.07326938 0.7883452 0.1383854 
0.06762349 0.8017639 0.1306126 
0.06923718 0.7966752 0.1340876 
0.1324738 0.7691496 0.09837666 
0.05400646 0.7598651 0.1861284 
0.1018325 0.7788407 0.1193268 
0.03097618 0.8470888 0.1219351 
0.06490469 0.7953497 0.1397456 
0.06646086 0.8243726 0.1091665 
0.03329725 0.8089359 0.1577669 
0.03847752 0.7981045 0.163418 
0.04998386 0.8338405 0.1161756 
0.08566344 0.8038851 0.1104514 
0.04804263 0.8014341 0.1505233 
0.05512454 0.8434649 0.1014105 
0.04754411 0.7608327 0.1916232 
0.09912644 0.7220998 0.1787738 
0.07676897 0.7230709 0.2001601 
0.07703998 0.8615407 0.06141934 
0.0579566 0.8512007 0.09084272 
0.04056737 0.7401321 0.2193006 
0.02506915 0.85918 0.1157508 
0.07303484 0.7721922 0.1547729 
0.0531749 0.7988957 0.1479295 
0.04131106 0.821762 0.1369269 
0.07664488 0.7835137 0.1398414 
0.03454349 0.8401467 0.1253098 
0.1285599 0.7169349 0.1545051 
0.04695953 0.7995903 0.1534502 
0.1048263 0.6739878 0.2211859 
0.08451525 0.8444653 0.07101948 
0.05550455 0.8072792 0.1372162 
0.05978697 0.8275999 0.1126131 
0.0626891 0.8153885 0.1219224 
0.03983445 0.8115495 0.148616 
0.03946704 0.8393291 0.1212038 
0.1063563 0.7082186 0.1854251 
0.06594183 0.7670111 0.167047 
0.08703586 0.747467 0.1654972 
0.03873454 0.8417516 0.1195138 
0.07724528 0.797328 0.1254267 
0.07885066 0.8074601 0.1136892 
0.08341099 0.7718516 0.1447374 
0.224044 0.7662649 0.009691078 
0.2615528 0.730107 0.008340245 
0.1045645 0.8281236 0.06731192 
0.1637466 0.7974645 0.0387889 
0.1198253 0.847948 0.03222673 
0.1568664 0.810928 0.03220555 
0.119886 0.8186073 0.06150675 
0.08579158 0.8341316 0.08007685 
0.1444389 0.7985795 0.05698161 
0.1550379 0.7698136 0.07514853 
0.157796 0.8042905 0.03791353 
0.1834519 0.7951365 0.02141163 
0.09171657 0.847147 0.06113638 
0.1823442 0.7661421 0.05151368 
0.1884897 0.746199 0.06531124 
0.1067113 0.7930151 0.1002736 
0.2173878 0.7092533 0.07335891 
0.1486191 0.800531 0.05084993 
0.1627492 0.7466804 0.09057036 
0.1097896 0.8416612 0.04854917 
0.0578361 0.8597258 0.08243815 
0.1690859 0.7668732 0.06404088 
0.1306486 0.8202057 0.04914572 
0.1815374 0.7538144 0.06464815 
0.1589735 0.7817995 0.05922696 
0.1200527 0.8328762 0.04707111 
0.1726979 0.7966882 0.03061389 
0.1639696 0.7533284 0.08270198 
0.2246259 0.7167264 0.0586477 
0.1416069 0.7123023 0.1460908 
0.1412369 0.7877098 0.07105335 
0.1081292 0.8603691 0.03150172 
0.119584 0.8287663 0.05164969 
0.1233785 0.8362173 0.04040425 
0.1147596 0.8548899 0.03035051 
0.1177727 0.788583 0.09364429 
0.1343996 0.8148373 0.05076313 
0.1542648 0.7628818 0.08285341 
0.1673169 0.7800891 0.05259391 
0.1901979 0.7755107 0.03429133 
0.1291057 0.7778023 0.093092 
0.1549939 0.7894791 0.05552698 
0.1229935 0.8440606 0.03294586 
0.07251042 0.8173059 0.1101836 
0.03861426 0.7938419 0.1675439 
0.1172103 0.8287225 0.05406721 
0.06286638 0.8735163 0.06361729 
0.13442 0.7742405 0.09133952 
0.1109263 0.8253281 0.06374566 
0.09916483 0.8292217 0.0716135 
0.1304907 0.803715 0.06579429 
0.1064152 0.8385253 0.05505949 
0.08637246 0.8163243 0.0973032 
0.08407406 0.7314902 0.1844358 
0.1972603 0.7865974 0.01614227 
0.1429309 0.823111 0.03395806 
0.1621505 0.783072 0.05477748 
0.193307 0.7802803 0.0264127 
0.1935941 0.8042557 0.002150185 
0.1540294 0.7717806 0.07419002 
0.1064684 0.8402438 0.05328772 
0.1036007 0.8294215 0.06697783 
0.1511525 0.7851466 0.06370093 
0.1675904 0.7814449 0.05096475 
0.07244056 0.8321114 0.09544805 
0.1283454 0.8206185 0.05103616 
0.1437108 0.8023206 0.05396859 
0.1446834 0.805906 0.04941068 
0.1965998 0.7660206 0.0373796 
0.1286156 0.8265756 0.0448088 
0.1386974 0.7548493 0.1064533 
0.2299052 0.6875202 0.08257463 
0.147017 0.7659916 0.08699146 
0.1676908 0.7702978 0.06201135 
0.1286736 0.8182171 0.05310934 
0.1319737 0.7574732 0.1105531 
0.09183345 0.8186052 0.08956131 
0.09016869 0.8061451 0.1036862 
0.1638762 0.8030543 0.03306949 
0.1179059 0.8587655 0.02332862 
0.09476183 0.8480194 0.05721875 
0.1507337 0.7875509 0.0617154 
0.1532732 0.7971642 0.0495626 
0.2483407 0.7241554 0.02750389 
0.1202865 0.7963788 0.0833347 
0.1968596 0.6848091 0.1183313 
0.1238472 0.8222525 0.05390032 
0.1363258 0.832134 0.03154021 
0.08550463 0.8503771 0.06411828 
0.1521365 0.7772509 0.07061263 
0.1299133 0.781004 0.08908272 
0.1474793 0.7938879 0.05863288 
0.1303202 0.8314975 0.0381823 
0.145018 0.7913095 0.06367249 
0.1528563 0.8266632 0.02048051 
0.163382 0.7785369 0.05808117 
0.1755947 0.7729251 0.05148021 
0.2105097 0.7766416 0.01284875 
0.1386736 0.8126618 0.04866463 
0.1526982 0.7847269 0.06257485 
0.1948373 0.7694308 0.03573191 
0.1015754 0.7892983 0.1091264 
0.1458739 0.7767475 0.07737853 
0.09876732 0.8158032 0.08542944 
0.1046944 0.8755449 0.01976063 
0.1668218 0.7781881 0.05499002 
0.1459063 0.817472 0.03662164 
0.1099258 0.8410715 0.04900271 
0.1320448 0.7662713 0.1016839 
0.1821457 0.7353542 0.0825001 
0.1561368 0.7936052 0.05025805 
0.08241823 0.7960959 0.1214859 
0.1568493 0.810062 0.03308865 
0.2255277 0.7062382 0.06823405 
0.1726332 0.7718974 0.05546942 
0.1512093 0.7760276 0.07276319 
0.1642322 0.7336644 0.1021034 
0.1122856 0.8310039 0.05671052 
0.09788063 0.8498282 0.05229116 
0.107612 0.7964243 0.09596375 
0.1576477 0.7967518 0.04560053 
0.1587504 0.8101239 0.0311257 
0.1029577 0.8607167 0.03632561 
0.1717336 0.8034346 0.02483181 
0.2043263 0.673894 0.1217797 
0.1936798 0.7526654 0.05365477 
0.1028862 0.8059845 0.09112928 
0.1407888 0.7638859 0.09532531 
0.2047214 0.738019 0.05725962 
0.3323862 0.6500807 0.01753311 
0.1013217 0.8510555 0.04762276 
0.161458 0.7869984 0.05154359 
0.1418727 0.8206698 0.03745746 
0.1590431 0.7546132 0.08634365 
0.1521101 0.7699894 0.07790051 
0.1688369 0.7660837 0.06507947 
0.1446447 0.7893256 0.0660297 
0.1369862 0.7936969 0.06931688 
0.1648341 0.7485422 0.08662373 
0.1366393 0.8208255 0.04253515 
0.1493148 0.7722712 0.07841399 
0.1524342 0.7857631 0.06180273 
0.1264928 0.7856686 0.08783864 
0.1476839 0.8211207 0.03119539 
0.05513483 0.8489566 0.0959086 
0.1304241 0.7490526 0.1205233 
0.1497416 0.8039992 0.04625927 
0.1450976 0.7852589 0.0696435 
0.09955828 0.8348271 0.06561465 
0.09975962 0.8342833 0.06595706 
0.1109958 0.8148363 0.07416791 
0.1048011 0.8682165 0.02698241 
0.1562134 0.7586218 0.08516475 
0.1490032 0.7987581 0.05223864 
0.1124438 0.8356913 0.05186492 
0.09234609 0.8031953 0.1044586 
0.12566 0.8242752 0.05006481 
0.1540163 0.7830567 0.06292699 
0.1763296 0.7629452 0.06072526 
0.1496643 0.760531 0.0898047 
0.1536461 0.7857373 0.06061661 
0.1930642 0.7631539 0.04378197 
0.1359059 0.7864012 0.07769284 
0.2559972 0.7161113 0.02789143 
0.1794909 0.7582802 0.06222892 
0.1391935 0.8036653 0.05714126 
0.1204333 0.8478663 0.03170046 
0.1752514 0.7548435 0.06990506 
0.1327613 0.7995211 0.06771764 
0.1409915 0.7888452 0.07016336 
0.1151398 0.8421783 0.0426819 
0.1200302 0.830373 0.04959686 
0.1724995 0.7548261 0.07267436 
0.1206699 0.8005142 0.07881597 
0.1180864 0.8367139 0.04519965 
0.09655431 0.8425359 0.06090976 
0.1141214 0.8339873 0.05189131 
0.1220752 0.8398573 0.03806759 
0.1021312 0.8316437 0.06622518 
0.1413523 0.8248616 0.03378611 
0.1430935 0.8280163 0.02889024 
0.1063487 0.7797595 0.1138918 
0.1091516 0.8161133 0.07473509 
0.199272 0.7678941 0.03283396 
0.09191508 0.8749236 0.03316129 
0.07869001 0.8483091 0.0730009 
0.1073749 0.8145469 0.07807815 
0.1722382 0.7663408 0.06142101 
0.1068048 0.8079404 0.08525477 
0.1698247 0.7643157 0.06585962 
0.09835672 0.8541482 0.04749504 
0.1178401 0.8457152 0.03644461 
0.1309806 0.7976971 0.07132225 
0.1448443 0.7402846 0.114871 
0.0974996 0.8559949 0.04650554 
0.0950209 0.8503676 0.0546115 
0.1524089 0.7950861 0.05250504 
0.1043991 0.7668228 0.1287781 
0.1263466 0.7816645 0.09198888 
0.149066 0.7829252 0.06800879 
0.1026207 0.8604242 0.03695508 
0.1574506 0.7457577 0.09679172 
0.1192305 0.7733224 0.1074471 
0.1417949 0.8207057 0.03749944 
0.08163517 0.8546624 0.06370238 
0.09404242 0.8198634 0.08609414 
0.1038993 0.799895 0.09620569 
0.1237218 0.8117535 0.06452471 
0.1537003 0.786512 0.05978778 
0.1400656 0.7946359 0.06529851 
0.1118699 0.7907992 0.09733088 
0.08710741 0.7374074 0.1754851 
0.145555 0.7869246 0.06752033 
0.09519726 0.783138 0.1216647 
0.2269732 0.7356821 0.03734463 
0.1402879 0.7614573 0.09825483 
0.1392622 0.8066512 0.05408658 
0.1747481 0.7650617 0.06019023 
0.1282651 0.7910857 0.08064925 
0.2054559 0.7285695 0.06597459 
0.134167 0.8183193 0.04751372 
0.1325632 0.8057085 0.06172836 
0.1720805 0.7794448 0.04847473 
0.1298216 0.7889844 0.08119401 
0.07933217 0.8583572 0.0623106 
0.1367233 0.8151701 0.04810656 
0.2438002 0.7267245 0.02947529 
0.1842951 0.773602 0.04210289 
0.1688315 0.7741371 0.05703133 
0.1633392 0.7689313 0.06772955 
0.1203297 0.813134 0.06653625 
0.1118222 0.8334611 0.05471664 
0.1084044 0.8119143 0.07968126 
0.09676421 0.8280343 0.07520149 
0.08550057 0.7067387 0.2077607 
0.114905 0.8539967 0.03109828 
0.1333835 0.8070117 0.05960489 
0.1639408 0.7720745 0.06398471 
0.1347417 0.7745285 0.09072983 
0.1912607 0.761589 0.04715022 
0.1561788 0.7793677 0.06445359 
0.1585437 0.8000304 0.04142589 
0.1266345 0.8427236 0.03064194 
0.1446296 0.8059954 0.04937508 
0.1424916 0.8192236 0.03828477 
0.1634344 0.7636642 0.07290137 
0.1552586 0.8091321 0.03560932 
0.07639062 0.8787091 0.04490023 
0.129353 0.783228 0.08741901 
0.09176249 0.8099263 0.09831124 
0.1926543 0.7259354 0.08141025 
0.1983369 0.7715241 0.03013899 
0.1065717 0.8291069 0.06432142 
0.08458432 0.8623853 0.0530304 
0.1446992 0.7968088 0.05849198 
0.08695258 0.8630173 0.05003015 
0.06641427 0.8396986 0.09388716 
0.1056521 0.7766681 0.1176798 
0.163458 0.7871407 0.04940129 
0.08630656 0.8147228 0.09897064 
0.08431556 0.8507551 0.06492937 
0.08259563 0.8376132 0.07979118 
0.1636113 0.7599432 0.07644546 
0.1067296 0.8371483 0.05612211 
0.1691299 0.7834422 0.04742792 
0.1411065 0.7972081 0.06168537 
0.2239743 0.7374024 0.03862335 
0.1850251 0.7694794 0.04549556 
0.1961606 0.7100623 0.09377708 
0.1541416 0.7813854 0.06447303 
0.06180632 0.8640539 0.0741398 
0.127168 0.8337616 0.03907041 
0.08460833 0.868211 0.04718071 
0.1008455 0.7994154 0.09973915 
0.193171 0.7449161 0.06191286 
0.134332 0.7940481 0.07161985 
0.1153808 0.7793305 0.1052887 
0.1087964 0.8286811 0.06252242 
0.08840129 0.8454884 0.06611029 
0.1871107 0.7616665 0.05122283 
0.09536469 0.8631835 0.04145185 
0.192359 0.744477 0.06316407 
0.113516 0.819614 0.06687009 
0.1460339 0.7598618 0.09410428 
0.1133539 0.7859132 0.1007329 
0.1507129 0.7729369 0.07635024 
0.09520179 0.8207311 0.08406707 
0.1049984 0.8228166 0.07218502 
0.2382505 0.6728313 0.08891821 
0.1822654 0.7578744 0.05986012 
0.1944959 0.7254141 0.08009001 
0.1858226 0.7594403 0.05473718 
0.1636052 0.7519557 0.08443909 
0.1601259 0.8002527 0.03962133 
0.1404763 0.8038848 0.05563886 
0.1421951 0.8031534 0.05465154 
0.1617709 0.7686342 0.06959493 
0.07717846 0.8498315 0.07299008 
0.1116429 0.8432514 0.04510563 
0.08821849 0.873207 0.0385745 
0.2292491 0.7265058 0.04424511 
0.1168102 0.8163177 0.06687203 
0.2136625 0.6897825 0.09655505 
0.09880161 0.8679226 0.0332758 
0.04284128 0.8952765 0.06188219 
0.08311467 0.8567869 0.06009848 
0.2329341 0.7386847 0.02838117 
0.1308593 0.8130433 0.05609742 
0.0798379 0.8775805 0.04258161 
0.1450165 0.7842652 0.07071837 
0.2218139 0.6867883 0.09139772 
0.1916571 0.7571063 0.05123656 
0.2055966 0.7502723 0.04413105 
0.1413345 0.7963865 0.06227901 
0.08771468 0.827283 0.08500231 
0.1072291 0.8054512 0.08731977 
0.1730865 0.6712152 0.1556983 
0.1384467 0.8285605 0.03299281 
0.1198899 0.7741209 0.1059892 
0.1819153 0.8123096 0.00577514 
0.1196039 0.8219461 0.05845002 
0.1983353 0.7398988 0.0617659 
0.09478229 0.8604283 0.04478945 
0.1610772 0.8131306 0.02579225 
0.1702429 0.7337606 0.09599659 
0.1889398 0.7637213 0.04733887 
0.2126704 0.7705341 0.01679552 
0.1254435 0.7885339 0.08602257 
0.1174251 0.8543821 0.02819289 
0.1632305 0.785696 0.05107341 
0.1633013 0.7769487 0.05975006 
0.1040431 0.801383 0.09457387 
0.1277966 0.8191243 0.0530791 
0.1709977 0.7756538 0.05334848 
0.1860894 0.7456748 0.06823581 
0.1377061 0.8204806 0.04181333 
0.141628 0.8425938 0.01577823 
0.1166123 0.7852896 0.09809807 
0.1265364 0.8183839 0.05507968 
0.2598649 0.7049146 0.03522047 
0.168535 0.7593238 0.07214121 
0.2121537 0.7075906 0.0802557 
0.1689518 0.7729912 0.05805703 
0.1221835 0.7996037 0.0782128 
0.07921025 0.8422714 0.07851837 
0.06802162 0.8099106 0.1220678 
0.1542917 0.7379106 0.1077977 
0.1202681 0.7567319 0.123 
0.1074675 0.8189416 0.0735909 
0.2165913 0.7463145 0.03709412 
0.1691194 0.7841045 0.04677611 
0.129499 0.7696349 0.1008661 
0.1825683 0.7421325 0.07529915 
0.1667909 0.7809187 0.05229048 
0.2098775 0.7503528 0.03976964 
0.1351049 0.8038214 0.06107369 
0.1964932 0.7803673 0.02313944 
0.2001473 0.7501945 0.04965823 
0.1468769 0.7982589 0.05486415 
0.1478573 0.7910754 0.06106735 
0.114904 0.8588402 0.02625577 
0.1490414 0.8135318 0.03742682 
0.194551 0.7687588 0.0366902 
0.1154312 0.8447329 0.0398359 
0.1152634 0.816291 0.06844566 
0.09078553 0.7875448 0.1216696 
0.1860334 0.7434112 0.07055545 
0.1180861 0.8309505 0.05096342 
0.1233124 0.7807934 0.09589423 
0.1170887 0.8000233 0.08288804 
0.132851 0.8310548 0.03609411 
0.1268353 0.8171858 0.05597893 
0.141311 0.7944814 0.06420767 
0.1499628 0.8060348 0.04400241 
0.1920745 0.7467966 0.06112884 
0.1641632 0.7806909 0.05514582 
0.0991137 0.8541694 0.04671693 
0.1246338 0.8261451 0.04922114 
0.1596894 0.7916349 0.04867572 
0.1333827 0.7996935 0.0669238 
0.1910825 0.7605865 0.04833106 
0.1725895 0.7978822 0.02952832 
0.1159586 0.8358279 0.04821348 
0.1551949 0.7801624 0.06464269 
0.1050114 0.8632667 0.03172185 
0.1112555 0.7729209 0.1158235 
0.1149897 0.8271422 0.05786811 
0.1837226 0.7275129 0.08876451 
0.1440908 0.7748234 0.0810858 
0.1032038 0.8649037 0.03189245 
0.1362331 0.7844928 0.07927402 
0.146825 0.7982534 0.0549216 
0.1617507 0.8109836 0.02726564 
0.1322159 0.8169606 0.05082352 
0.08135825 0.8106641 0.1079777 
0.1503253 0.7726991 0.07697563 
0.1072138 0.8119637 0.08082256 
0.1146914 0.8194885 0.06582004 
0.19165 0.7662339 0.04211614 
0.1044573 0.8238585 0.07168416 
0.1537326 0.7676103 0.07865713 
0.1705426 0.7097357 0.1197218 
0.1681548 0.7454738 0.08637147 
0.08425934 0.828729 0.08701171 
0.217642 0.7080508 0.07430717 
0.09828828 0.8536974 0.04801437 
0.1496631 0.7459572 0.1043797 
0.1239149 0.8047793 0.07130578 
0.1188468 0.8529379 0.02821523 
0.04748493 0.856931 0.0955841 
0.1072934 0.8514775 0.04122911 
0.1480565 0.7832319 0.06871157 
0.151556 0.7565302 0.09191383 
0.1506903 0.8133825 0.0359272 
0.1988486 0.7189499 0.08220154 
0.1343985 0.8131542 0.05244723 
0.133583 0.7843833 0.08203366 
0.1364712 0.7985574 0.0649714 
0.1247497 0.8276388 0.0476115 
0.08333626 0.8417337 0.07493002 
0.102825 0.8062387 0.09093639 
0.1878969 0.7645268 0.04757634 
0.1467712 0.8007236 0.05250521 
0.1210783 0.8126953 0.06622643 
0.1814794 0.7511662 0.06735439 
0.1128062 0.8229689 0.06422491 
0.1236908 0.8222188 0.05409039 
0.1838586 0.7923513 0.02379008 
0.2327943 0.7141689 0.05303685 
0.1478122 0.805599 0.0465888 
0.1626738 0.7884304 0.04889578 
0.1783311 0.7337249 0.08794398 
0.1806533 0.7555828 0.06376392 
0.1349831 0.7842056 0.08081125 
0.16545 0.7630092 0.07154085 
0.147678 0.7841935 0.06812851 
0.1037959 0.8155541 0.08064999 
0.1405118 0.7804722 0.07901601 
0.1653225 0.8037552 0.03092221 
0.1718755 0.786655 0.04146949 
0.1165701 0.8530743 0.0303556 
0.1626127 0.7432352 0.09415208 
0.2366251 0.7479693 0.01540566 
0.1239379 0.8037522 0.07230994 
0.2079607 0.7373388 0.05470049 
0.1656066 0.8331314 0.00126197 
0.2047273 0.7710645 0.02420813 
0.1259524 0.8636211 0.01042653 
0.1019349 0.8821913 0.01587381 
0.1749945 0.7785849 0.04642052 
0.07128458 0.8111238 0.1175917 
0.1102255 0.8206926 0.06908191 
0.1269682 0.8225492 0.05048258 
0.2699828 0.6883141 0.04170303 
0.1159992 0.8149994 0.06900141 
0.1330727 0.7789856 0.08794169 
0.09951343 0.7811912 0.1192953 
0.08819299 0.8303117 0.0814953 
0.1339666 0.766625 0.09940845 
0.1999413 0.7735028 0.02655583 
0.2130907 0.7016295 0.08527985 
0.1385408 0.805831 0.05562814 
0.08619939 0.8825132 0.03128739 
0.1711159 0.7662119 0.06267223 
0.126906 0.8147189 0.05837517 
0.1426761 0.7945833 0.06274061 
0.1671165 0.7926365 0.04024696 
0.2099864 0.6725319 0.1174817 
0.1677826 0.8141409 0.01807657 
0.1429147 0.7896395 0.06744583 
0.1686196 0.7774582 0.05392218 
0.1719869 0.8059495 0.02206361 
0.1763047 0.7698807 0.05381461 
0.1977273 0.7304658 0.07180688 
0.1623811 0.7872298 0.05038909 
0.1590098 0.7768673 0.06412298 
0.1035518 0.8058154 0.09063281 
0.1638579 0.7631925 0.07294963 
0.1369847 0.8256604 0.03735494 
0.142559 0.7874173 0.07002371 
0.1191505 0.811453 0.06939651 
0.1150215 0.8048619 0.08011657 
0.1399159 0.74602 0.1140641 
0.1372356 0.8110131 0.05175134 
0.1097505 0.8168767 0.07337276 
0.1148208 0.7738558 0.1113235 
0.09603151 0.8246185 0.07935003 
0.09919511 0.8603842 0.04042071 
0.153733 0.8314063 0.01486076 
0.05971228 0.8773973 0.06289041 
0.1722421 0.7966588 0.03109911 
0.1518379 0.7385481 0.109614 
0.1478712 0.792731 0.05939787 
0.2146046 0.7087292 0.07666615 
0.1465173 0.7805849 0.07289787 
0.1463308 0.8245482 0.02912103 
0.08722835 0.8642655 0.04850619 
0.1419748 0.7773132 0.080712 
0.17957 0.8074882 0.01294181 
0.1401152 0.8115887 0.04829607 
0.1591105 0.7982621 0.04262738 
0.04785017 0.8927475 0.05940237 
0.1061981 0.8246009 0.06920095 
0.08151731 0.816427 0.1020557 
0.1180524 0.7919488 0.08999886 
0.07909968 0.8468689 0.07403137 
0.1667681 0.771904 0.06132796 
0.1646402 0.7830881 0.05227163 
0.1768083 0.7795216 0.04367015 
0.1756909 0.7746421 0.04966694 
0.1299762 0.8172017 0.05282208 
0.1663142 0.800938 0.03274779 
0.1283212 0.78118 0.09049877 
0.1517609 0.7943085 0.05393058 
0.09636308 0.8412939 0.06234305 
0.1633739 0.7839492 0.05267699 
0.1267985 0.7334691 0.1397324 
0.04218106 0.7964192 0.1613997 
0.07145411 0.7304897 0.1980562 
0.04179413 0.7818877 0.1763182 
0.05412005 0.811458 0.134422 
0.04772849 0.7782408 0.1740307 
0.05340002 0.7888613 0.1577387 
0.08487574 0.8064756 0.1086487 
0.03821442 0.8083667 0.1534189 
0.03317088 0.7766874 0.1901417 
0.03505244 0.7160697 0.2488778 
0.03660745 0.8836602 0.07973234 
0.06679139 0.8296806 0.103528 
0.05784025 0.7723901 0.1697696 
0.06918025 0.7267127 0.2041071 
0.04881262 0.8823453 0.06884205 
0.07408947 0.7622091 0.1637014 
0.05016723 0.8035747 0.1462581 
0.04847892 0.7917825 0.1597386 
0.05498052 0.7155982 0.2294213 
0.0390954 0.8159278 0.1449767 
0.06986937 0.7723836 0.1577471 
0.0460353 0.7995845 0.1543802 
0.05825282 0.7863773 0.1553699 
0.06851195 0.7860211 0.1454669 
0.06979688 0.7880924 0.1421107 
0.06468253 0.7864276 0.1488899 
0.03330355 0.8488387 0.1178578 
0.1110979 0.7894223 0.09947974 
0.03974461 0.8397358 0.1205196 
0.09621496 0.7491782 0.1546069 
0.04503879 0.8351176 0.1198436 
0.06511066 0.8033645 0.1315249 
0.03831637 0.7930694 0.1686142 
0.04481278 0.8594316 0.09575567 
0.05764261 0.7667265 0.1756309 
0.0367323 0.8024728 0.1607949 
0.08892368 0.6845303 0.226546 
0.05948059 0.7016879 0.2388315 
0.05140071 0.8198186 0.1287807 
0.06859036 0.8303433 0.1010664 
0.07915074 0.7605018 0.1603474 
0.08347921 0.7978422 0.1186786 
0.06039065 0.8000574 0.1395519 
0.05189308 0.7754581 0.1726488 
0.08952402 0.8147668 0.09570915 
0.0550432 0.7908567 0.1541001 
0.09731049 0.7662442 0.1364453 
0.0825771 0.8205774 0.09684551 
0.08353333 0.8054543 0.1110123 
0.04941585 0.8155603 0.1350239 
0.05205862 0.8147219 0.1332194 
0.05241659 0.7898531 0.1577303 
0.07839512 0.8123411 0.1092637 
0.1764828 0.7176198 0.1058975 
0.117185 0.757921 0.124894 
0.0799896 0.806652 0.1133584 
0.05238886 0.8137625 0.1338486 
0.1078565 0.7874501 0.1046934 
0.03738318 0.8167142 0.1459026 
0.1365895 0.7148717 0.1485389 
0.1240666 0.7385228 0.1374106 
0.03908692 0.7886639 0.1722492 
0.2017165 0.718894 0.07938956 
0.07857016 0.8190754 0.1023545 
0.06356016 0.8205015 0.1159383 
0.1228157 0.7592062 0.1179781 
0.05442719 0.8525431 0.0930297 
0.0942287 0.7971703 0.108601 
0.05194489 0.7941432 0.1539119 
0.1246846 0.7656698 0.1096456 
0.09399112 0.7643128 0.141696 
0.0927321 0.8388227 0.06844521 
0.05513241 0.8470541 0.09781348 
0.08121273 0.8455016 0.07328565 
0.03013274 0.7508153 0.219052 
0.1118675 0.698461 0.1896714 
0.008029157 0.7772974 0.2146735 
0.04435727 0.8153573 0.1402854 
0.05340386 0.8269384 0.1196577 
0.0415329 0.8537583 0.1047088 
0.04945629 0.7917997 0.158744 
0.02062128 0.8032806 0.1760981 
0.09005431 0.7543146 0.1556311 
0.04313516 0.8334923 0.1233725 
0.04677408 0.8158059 0.13742 
0.01860156 0.822961 0.1584374 
0.05564977 0.7821031 0.1622471 
0.05268308 0.7749768 0.1723401 
0.071658 0.8519774 0.07636459 
0.06667596 0.8003297 0.1329944 
0.08004075 0.8139409 0.1060184 
0.05705603 0.8434525 0.0994915 
0.06482878 0.8140117 0.1211595 
0.09019797 0.7181666 0.1916354 
0.07346969 0.7531032 0.1734271 
0.04755966 0.8037833 0.148657 
0.04623142 0.866471 0.08729755 
0.03073525 0.801824 0.1674407 
0.0491368 0.7877066 0.1631566 
0.09237378 0.7445064 0.1631198 
0.02326486 0.8750854 0.1016498 
0.08089954 0.7725196 0.1465809 
0.06898005 0.7219655 0.2090545 
0.05713671 0.7970768 0.1457865 
0.05881346 0.835315 0.1058716 
0.01558816 0.8723456 0.1120663 
0.08198587 0.7883304 0.1296837 
0.0735511 0.7984581 0.1279908 
0.02294704 0.8178667 0.1591863 
0.08859626 0.7403661 0.1710377 
0.1271622 0.7699629 0.1028749 
0.1149001 0.7731142 0.1119857 
0.02858269 0.8613846 0.1100327 
0.01640114 0.8597635 0.1238354 
0.0325405 0.7988048 0.1686547 
0.04019203 0.8495301 0.1102778 
0.06683006 0.7626376 0.1705323 
0.007110437 0.8236838 0.1692057 
0.04976428 0.7929038 0.1573319 
0.07990352 0.8258276 0.0942689 
0.05799231 0.7946688 0.1473388 
0.06127663 0.8395066 0.09921677 
0.05564697 0.7914305 0.1529225 
0.03168683 0.7842282 0.184085 
0.06356284 0.8298413 0.1065959 
0.07047366 0.7735953 0.1559311 
0.08320273 0.7803703 0.136427 
0.08063696 0.7272727 0.1920903 
0.09270951 0.7698773 0.1374132 
0.05582556 0.8262485 0.1179259 
0.06899874 0.77937 0.1516313 
0.03625104 0.7851537 0.1785952 
0.05939632 0.8485863 0.09201737 
0.07948981 0.7622467 0.1582635 
0.04695051 0.8295662 0.1234833 
0.0424103 0.7728246 0.1847651 
0.03060702 0.8445619 0.1248311 
0.06607017 0.7928479 0.1410819 
0.05510567 0.8497481 0.09514627 
0.1030999 0.7969273 0.09997275 
0.1005221 0.7462583 0.1532196 
0.06216158 0.8467858 0.09105266 
0.1564893 0.714413 0.1290978 
0.0369774 0.7635926 0.19943 
0.07219432 0.7549476 0.172858 
0.08085508 0.7653685 0.1537764 
0.07492163 0.754168 0.1709104 
0.02630677 0.8555352 0.118158 
0.05952473 0.8309993 0.109476 
0.03426801 0.8341062 0.1316258 
0.03724334 0.7477323 0.2150244 
0.02989723 0.8627502 0.1073525 
0.02390874 0.8288705 0.1472207 
0.08056713 0.7382115 0.1812214 
0.05865404 0.8222994 0.1190466 
0.04408777 0.8588707 0.09704151 
0.07427063 0.7960298 0.1296996 
0.06120291 0.8106198 0.1281773 
0.08304936 0.7797152 0.1372355 
0.09856834 0.7887315 0.1127002 
0.08281482 0.7809285 0.1362567 
0.06760804 0.8120155 0.1203765 
0.1041128 0.715969 0.1799183 
0.1389105 0.6707317 0.1903578 
0.07042162 0.8194486 0.1101298 
0.08507369 0.7303693 0.184557 
0.05374833 0.7917051 0.1545465 
0.06671911 0.8039642 0.1293167 
0.06922148 0.7704687 0.1603098 
0.08498407 0.7976634 0.1173526 
0.1138753 0.7417517 0.1443729 
0.09676869 0.7873268 0.1159045 
0.04518635 0.8098869 0.1449268 
0.07191305 0.797133 0.130954 
0.03637069 0.8006834 0.1629459 
0.09060257 0.8075883 0.1018091 
0.03549837 0.7827358 0.1817658 
0.06237955 0.7840654 0.153555 
0.1170725 0.7428291 0.1400985 
0.03558959 0.8123859 0.1520245 
0.0658298 0.8007123 0.1334579 
0.04612525 0.8217626 0.1321122 
0.02321655 0.7823768 0.1944067 
0.06537941 0.8030247 0.1315959 
0.07382595 0.7304849 0.1956891 
0.06256032 0.782147 0.1552927 
0.05685177 0.841279 0.1018692 
0.0437637 0.8208838 0.1353525 
0.04977251 0.7879409 0.1622866 
0.06531955 0.7744659 0.1602145 
0.05071275 0.7783458 0.1709414 
0.04922996 0.7526273 0.1981427 
0.06341073 0.772857 0.1637323 
0.05643786 0.7888695 0.1546927 
0.08256206 0.7998852 0.1175527 
0.04883795 0.7359307 0.2152314 
0.1040459 0.8009515 0.09500266 
0.03746197 0.8211823 0.1413557 
0.05969635 0.8470318 0.09327187 
0.05425791 0.8463049 0.09943718 
0.1151437 0.8170171 0.06783925 
0.04503689 0.8503521 0.104611 
0.04969123 0.8021323 0.1481765 
0.01883009 0.8352944 0.1458755 
0.06260253 0.7860726 0.1513248 
0.04824848 0.84761 0.1041416 
0.04789287 0.8595924 0.0925147 
0.07219874 0.7391406 0.1886606 
0.03768873 0.8339367 0.1283746 
0.1338393 0.801929 0.06423174 
0.08434822 0.7714023 0.1442495 
0.1024729 0.7863281 0.111199 
0.01609895 0.8197554 0.1641457 
0.0001815302 0.7961345 0.2036839 
0.00462201 0.7323399 0.263038 
0.06708179 0.8088466 0.1240716 
0.02796116 0.8031113 0.1689276 
0.0575495 0.7856267 0.1568238 
0.03906137 0.7728197 0.1881189 
0.1109129 0.6997357 0.1893514 
0.06691163 0.8415676 0.09152079 
0.1147325 0.8393971 0.04587043 
0.02128898 0.7436804 0.2350306 
0.0321588 0.708637 0.2592042 
0.01603554 0.7910305 0.1929339 
0.003466818 0.8088974 0.1876358 
0.01297761 0.8090779 0.1779445 
0.09532988 0.8073231 0.09734697 
0.05915756 0.7714186 0.1694239 
0.02623958 0.8192427 0.1545177 
0.07905581 0.7595549 0.1613892 
0.04536211 0.8442849 0.110353 
0.06712231 0.7878561 0.1450216 
0.05082392 0.8125997 0.1365763 
0.05631281 0.7939748 0.1497124 
0.03398292 0.8401042 0.1259129 
0.04394744 0.8094817 0.1465709 
0.0629055 0.8157978 0.1212967 
0.04738205 0.7347206 0.2178974 
0.06711581 0.8047685 0.1281157 
0.04756193 0.7926065 0.1598316 
0.115471 0.7165208 0.1680082 
0.0551853 0.8174333 0.1273814 
0.07652334 0.7542283 0.1692484 
0.04987414 0.7999615 0.1501643 
0.04118772 0.8150849 0.1437274 
0.05976378 0.7758353 0.1644009 
0.02632535 0.7974942 0.1761805 
0.03899406 0.8564234 0.1045825 
0.0987828 0.7312264 0.1699908 
0.07557262 0.7370101 0.1874172 
0.1002246 0.6915571 0.2082182 
0.03925315 0.757396 0.2033509 
0.05830348 0.7427007 0.1989958 
0.05975616 0.7739137 0.1663301 
0.06902995 0.7551176 0.1758524 
0.04206332 0.8650723 0.09286443 
0.03458865 0.8549495 0.1104619 
0.03938246 0.8179503 0.1426673 
0.09136713 0.8355722 0.07306071 
0.03215335 0.8283968 0.1394498 
0.05772872 0.8108568 0.1314145 
0.07265044 0.7825978 0.1447517 
0.08558204 0.7651998 0.1492182 
0.07202701 0.8455092 0.08246377 
0.013944 0.842391 0.143665 
0.09606317 0.6943522 0.2095846 
0.08232291 0.749363 0.1683141 
0.02646356 0.8137735 0.159763 
0.06165001 0.7729291 0.1654209 
0.03030732 0.7659144 0.2037783 
0.07020444 0.834058 0.09573758 
0.06669805 0.7595475 0.1737545 
0.05838393 0.735845 0.205771 
0.07043182 0.8213244 0.1082438 
0.02982908 0.8476944 0.1224765 
