"p_1" "p_2" "p_3" "p_4"
0.001860023 0.7909598 0.05157358 0.1556066
0.01106512 0.778262 0.05502906 0.1556438
0.0007997306 0.7894023 0.04247677 0.1673212
0.001911118 0.7732563 0.06225027 0.1625823
0.008485975 0.8042489 0.04084956 0.1464156
0.001178407 0.7873484 0.05559509 0.1558781
0.001630297 0.7940385 0.05597006 0.1483612
0.001155129 0.7769639 0.04844402 0.1734369
0.001794347 0.7842811 0.05824071 0.1556839
0.002792993 0.7796435 0.06170146 0.155862
0.0003323569 0.7712115 0.05646113 0.171995
0.0114611 0.786253 0.04811807 0.1541679
0.0008768911 0.7768862 0.05405848 0.1681785
2.108195e-05 0.7869322 0.05015708 0.1628896
0.001297085 0.7895104 0.04685422 0.1623383
0.008343525 0.762205 0.0600256 0.1694259
0.006636818 0.7891483 0.04072121 0.1634936
0.0008634619 0.7676845 0.07160819 0.1598439
0.0009975953 0.8066956 0.04751326 0.1447936
8.206606e-06 0.7761509 0.05511039 0.1687305
0.007940122 0.7928814 0.04792073 0.1512577
0.001242964 0.7826242 0.05253124 0.1636016
0.0008065063 0.7863372 0.04762203 0.1652342
0.003019308 0.7789559 0.05053132 0.1674935
0.002785402 0.7897628 0.04956767 0.1578841
0.0004371908 0.7699762 0.05996995 0.1696167
1.146118e-05 0.7654633 0.05144564 0.1830796
0.003423818 0.77026 0.0477197 0.1785965
0.000517529 0.7925168 0.04343503 0.1635307
0.0002203904 0.7632576 0.06832388 0.1681982
0.007189638 0.7685365 0.04864872 0.1756251
0.0004711294 0.7939655 0.0455005 0.1600629
0.0007230065 0.7651001 0.06785675 0.1663202
0.007880766 0.7742811 0.04781684 0.1700213
0.0003742153 0.7686613 0.05227851 0.178686
0.001545363 0.7762944 0.05309211 0.1690681
0.0004992423 0.7920829 0.05009935 0.1573185
0.00201191 0.7803038 0.05969934 0.1579849
0.001407289 0.7872858 0.03684728 0.1744596
0.005681643 0.760736 0.04926575 0.1843166
0.001434803 0.7946019 0.05339274 0.1505706
0.001491606 0.8008251 0.03751965 0.1601636
0.005439952 0.7861603 0.05129879 0.1571009
0.0008271409 0.7480392 0.04828194 0.2028517
0.001325422 0.7881011 0.04319025 0.1673832
0.0004004568 0.7966242 0.04852596 0.1544494
0.01786202 0.7811478 0.05725654 0.1437336
0.0005624684 0.7511246 0.06495887 0.1833541
0.002923523 0.7669984 0.05042023 0.1796578
0.009595542 0.7945397 0.04855207 0.1473127
0.001200403 0.7767452 0.05811112 0.1639432
0.0007844743 0.7781919 0.05453617 0.1664875
0.0007896151 0.7792617 0.05003663 0.169912
0.0005831684 0.7679622 0.04308563 0.188369
0.002514034 0.786553 0.05315185 0.1577811
0.003780612 0.7710057 0.06059039 0.1646233
0.0008498763 0.7870225 0.04817256 0.1639551
0.005843079 0.7874963 0.04724108 0.1594196
0.00103515 0.7563289 0.06510375 0.1775322
0.0009830418 0.7925311 0.05628741 0.1501985
0.0001962203 0.7586002 0.05279007 0.1884135
0.0002024035 0.8057297 0.04364594 0.150422
0.001952741 0.7907466 0.05297784 0.1543229
0.005342422 0.7808144 0.04949805 0.1643451
0.0003276084 0.7795994 0.04742627 0.1726467
0.002239026 0.7809772 0.04635833 0.1704254
0.001239596 0.7577616 0.06511515 0.1758836
0.000240021 0.7796793 0.04227312 0.1778076
0.001773023 0.7607514 0.05967574 0.1777999
0.001531111 0.7783731 0.05146836 0.1686274
0.0005184847 0.783716 0.05080742 0.1649581
6.012482e-05 0.8151889 0.04972504 0.1350259
0.002439014 0.7867156 0.05360497 0.1572404
0.003268627 0.7664363 0.05125965 0.1790354
0.0004039825 0.7946346 0.04336403 0.1615974
0.0007677761 0.774906 0.05208065 0.1722455
0.002006021 0.794408 0.04708372 0.1565023
0.0003239031 0.7764361 0.05642785 0.1668121
0.001069706 0.8006133 0.04037322 0.1579438
0.002515744 0.7826047 0.05882527 0.1560543
0.0008752488 0.7558535 0.06284811 0.1804231
0.001415971 0.7719576 0.04892991 0.1776965
0.001004161 0.7762077 0.05906777 0.1637203
0.003202373 0.7726846 0.05814092 0.1659721
0.004336663 0.7665461 0.05195852 0.1771588
0.003548758 0.7621298 0.04897108 0.1853504
7.193736e-05 0.7819828 0.05278671 0.1651585
0.001071516 0.7495064 0.05799045 0.1914316
0.0008857728 0.7543185 0.05669296 0.1881028
0.001627218 0.7644119 0.06115242 0.1728084
1.54894e-05 0.7916601 0.04839701 0.1599274
0.001843167 0.784767 0.0590461 0.1543438
0.0008782138 0.7898841 0.04964973 0.159588
0.00218056 0.7845948 0.05641085 0.1568138
0.001895046 0.7807191 0.04323095 0.1741549
0.0002071742 0.7847488 0.05384608 0.161198
0.0003600606 0.7655543 0.05135901 0.1827267
0.00269882 0.7899786 0.05128823 0.1560343
0.001313021 0.7929098 0.04985235 0.1559249
0.004214732 0.7633999 0.06477425 0.1676111
0.0002479859 0.7670357 0.05226809 0.1804483
0.001392073 0.7844439 0.05399867 0.1601653
0.001313238 0.7870084 0.04597257 0.1657058
0.005920356 0.7507018 0.05295192 0.1904259
0.005954746 0.7515309 0.0629069 0.1796074
0.002943123 0.7782203 0.06422351 0.1546131
0.00199718 0.793988 0.04394452 0.1600703
0.002295655 0.7749942 0.04853827 0.1741719
0.0001287037 0.7939821 0.05871385 0.1471753
0.0006667535 0.7778224 0.06325246 0.1582584
0.0007363728 0.7634248 0.06499183 0.170847
0.006441949 0.8014172 0.04958003 0.1425608
0.0008603057 0.7923907 0.05766662 0.1490823
0.0004304028 0.7669553 0.05211253 0.1805018
0.003315937 0.7489566 0.06053874 0.1871888
6.84774e-05 0.7671097 0.05477711 0.1780447
0.002302819 0.771631 0.04543504 0.1806311
0.001541084 0.7765455 0.05522118 0.1666922
0.001031233 0.7916497 0.0518488 0.1554703
0.001434545 0.7802195 0.0616028 0.1567431
0.0008403803 0.7640478 0.05666992 0.1784419
0.006054655 0.7867118 0.04695065 0.1602829
0.004807812 0.7608736 0.06741432 0.1669043
0.0002286483 0.786944 0.04671312 0.1661142
0.0008966341 0.7682251 0.06611011 0.1647682
0.004805561 0.8098024 0.0415672 0.1438248
0.0001378185 0.7773138 0.05743533 0.1651131
0.007536521 0.796177 0.05456967 0.1417168
0.00671869 0.7490402 0.06563795 0.1786032
0.005392728 0.7868673 0.05125919 0.1564808
0.001658458 0.7790626 0.056527 0.1627519
0.002922972 0.7830341 0.05216953 0.1618734
0.002164107 0.7797574 0.05454812 0.1635304
0.002675047 0.7787887 0.06127168 0.1572646
0.003666798 0.7900895 0.06158624 0.1446575
0.001088474 0.8069786 0.04470497 0.147228
0.0004313773 0.8014902 0.04844846 0.1496299
0.0001146329 0.7967184 0.05883175 0.1443352
0.0001351162 0.7873257 0.05075381 0.1617854
0.0004201972 0.7822703 0.0668634 0.1504461
0.0002255097 0.7524039 0.0654138 0.1819568
0.0004132395 0.764312 0.05698378 0.178291
0.0002085735 0.7944092 0.05418939 0.1511928
0.0005623873 0.7942839 0.04934235 0.1558114
0.001917195 0.7736192 0.05300297 0.1714606
0.0003303922 0.7845144 0.0649964 0.1501588
0.0008501516 0.8067499 0.03664679 0.1557531
0.001027827 0.7724646 0.05151593 0.1749916
0.00699656 0.7829665 0.05630325 0.1537337
0.004902711 0.7863822 0.04349424 0.1652208
0.005744972 0.7921726 0.05383018 0.1482523
0.0004644768 0.7559921 0.04533771 0.1982057
0.0002792878 0.7718332 0.04910127 0.1787863
0.001080846 0.7821461 0.04498556 0.1717875
0.0001675083 0.7919505 0.05699077 0.1508912
0.002901544 0.7748547 0.05280862 0.1694352
0.004488413 0.758614 0.0572828 0.1796148
0.0002351412 0.7889466 0.06057983 0.1502384
0.0007842514 0.7966227 0.04547872 0.1571143
0.0006090116 0.7900265 0.06007505 0.1492894
0.005066504 0.7813972 0.05783558 0.1557007
0.000745924 0.7937685 0.05011638 0.1553692
0.001235773 0.7814533 0.06225342 0.1550576
0.001161822 0.7754446 0.0492091 0.1741845
0.003081007 0.7841251 0.04332199 0.1694719
0.0005927282 0.7958008 0.04834822 0.1552582
0.0002224744 0.8000801 0.04450186 0.1551956
0.000411822 0.7804273 0.06077121 0.1583897
0.0004264456 0.7869344 0.06018195 0.1524572
0.0009323304 0.776222 0.052613 0.1702327
0.001588987 0.7750276 0.06008253 0.1633009
0.001868313 0.7932641 0.05271571 0.1521519
0.0002944942 0.8035638 0.04063017 0.1555116
0.00255666 0.76279 0.06130027 0.1733531
0.0007517445 0.7620132 0.05909507 0.1781399
8.533384e-05 0.8000125 0.04204263 0.1578595
0.0005502711 0.765508 0.05651811 0.1774237
0.0003823237 0.7713154 0.05857244 0.1697298
0.0001274815 0.7752781 0.05213829 0.1724562
0.001323141 0.8000288 0.04968902 0.148959
0.0009321432 0.7810962 0.06293371 0.155038
8.621048e-05 0.7821503 0.05377071 0.1639928
0.0004197305 0.7804648 0.05386556 0.16525
9.870392e-05 0.7697058 0.05220399 0.1779915
0.003895308 0.7955783 0.05692526 0.1436011
0.0003928525 0.7949523 0.04644748 0.1582073
0.003253977 0.8017184 0.0497553 0.1452723
0.002304698 0.7742597 0.06221762 0.161218
0.002970377 0.7548067 0.04747547 0.1947474
0.0002352668 0.7898751 0.03970671 0.170183
0.001174281 0.7522505 0.06967081 0.1769044
0.001460917 0.7860415 0.05114611 0.1613514
0.002276105 0.7656293 0.06056185 0.1715328
0.0007814304 0.7495455 0.0530294 0.1966437
0.001931824 0.7741076 0.0453836 0.178577
0.0007942849 0.7932201 0.04645216 0.1595335
0.008041986 0.7728772 0.06494903 0.1541317
0.0002709102 0.7650762 0.05586535 0.1787875
0.0009794952 0.773267 0.05099915 0.1747543
7.661318e-05 0.7775125 0.04458873 0.1778221
0.001921293 0.7801529 0.04783686 0.1700889
0.0007086967 0.7747844 0.05693755 0.1675693
0.007194762 0.7832546 0.05251277 0.1570378
0.0007527158 0.7666145 0.05538897 0.1772438
0.000671953 0.7817186 0.05555083 0.1620587
0.002066022 0.7764768 0.05824713 0.16321
0.00270664 0.7808472 0.04491878 0.1715274
0.007145316 0.7946093 0.0451233 0.1531221
0.001763079 0.7721691 0.05924477 0.166823
0.0002712533 0.7823459 0.0632032 0.1541796
0.003576244 0.7873912 0.0528756 0.1561569
0.001827675 0.7685391 0.06104117 0.1685921
0.0005332012 0.7806892 0.05015429 0.1686234
0.0021942 0.7984068 0.05730625 0.1420927
0.003483177 0.7524433 0.05671444 0.1873591
0.004695376 0.7913343 0.05121282 0.1527575
0.003864475 0.7777616 0.04952146 0.1688524
0.001212205 0.7837179 0.04907323 0.1659966
0.00119778 0.7716884 0.0485218 0.178592
0.0003330722 0.7722661 0.0475972 0.1798036
0.0004382579 0.7823675 0.04259653 0.1745977
0.0004869881 0.7887591 0.05622072 0.1545332
0.000293942 0.8009319 0.04479148 0.1539826
0.003534163 0.770741 0.05062544 0.1750994
0.001492282 0.7675082 0.06681787 0.1641816
0.002020763 0.7522729 0.06959293 0.1761134
3.234043e-05 0.7805543 0.04178309 0.1776303
0.003184821 0.7481763 0.06014954 0.1884893
0.001470543 0.7762063 0.05464673 0.1676764
0.002088822 0.7961063 0.04417095 0.1576339
0.00158705 0.7934321 0.05161599 0.1533649
0.001462952 0.7660745 0.06299035 0.1694722
0.0002515691 0.7740459 0.06332177 0.1623808
0.001082271 0.7856197 0.05629022 0.1570078
0.001944526 0.7645222 0.06121612 0.1723172
0.0007583547 0.7817246 0.0574896 0.1600274
0.001920134 0.7791201 0.05312255 0.1658372
0.002770208 0.7875016 0.05314044 0.1565877
0.0005629664 0.7805242 0.0551521 0.1637607
0.001990432 0.7705305 0.03998979 0.1874892
0.001176889 0.7843573 0.05022661 0.1642392
0.0009186762 0.7979532 0.05379754 0.1473305
0.0005746077 0.7844204 0.05981478 0.1551903
0.0009169718 0.7706047 0.06033466 0.1681437
0.001270641 0.7848527 0.06018123 0.1536954
0.0005242028 0.7683527 0.05051965 0.1806034
0.002999911 0.7781629 0.05830598 0.1605312
0.004704787 0.7345573 0.05864455 0.2020934
0.0001622668 0.7742092 0.05256354 0.173065
2.589663e-05 0.7942716 0.05037078 0.1553317
0.0004492046 0.7876868 0.04066885 0.1711951
0.00170029 0.8023662 0.04561898 0.1503145
0.001430276 0.7900036 0.05838033 0.1501858
0.0001718034 0.7825558 0.05705121 0.1602212
0.0009824852 0.8113116 0.04046163 0.1472443
0.002793444 0.7723363 0.05375125 0.171119
0.001445147 0.769978 0.05598185 0.172595
0.0001010997 0.7894604 0.05167309 0.1587654
0.001681308 0.7828869 0.05070501 0.1647268
0.01819148 0.7786647 0.05613163 0.1470122
0.0001052225 0.7724525 0.06672027 0.160722
0.000536222 0.7934964 0.0544221 0.1515452
0.01111624 0.7569726 0.06169996 0.1702112
0.0004977582 0.7753245 0.05491368 0.1692641
0.00266093 0.8122663 0.04278203 0.1422908
0.0006350379 0.7717617 0.05541566 0.1721876
0.0004509046 0.7841029 0.04987151 0.1655747
0.0004584226 0.7588003 0.05920695 0.1815343
0.003519986 0.7898871 0.04526723 0.1613257
0.0001430729 0.7857944 0.05349712 0.1605654
0.003702429 0.7785286 0.0520708 0.1656982
0.002544841 0.7651715 0.06522044 0.1670632
3.9878e-05 0.7873926 0.04455599 0.1680116
0.0008359944 0.802479 0.04316277 0.1535222
0.0006280573 0.7816571 0.0575135 0.1602013
0.007255408 0.7625516 0.06029094 0.1699021
0.004883306 0.7823117 0.04649431 0.1663106
0.005168678 0.7660832 0.05541363 0.1733345
0.0009825625 0.7621504 0.05774266 0.1791244
0.0003812693 0.7947977 0.0504721 0.1543489
0.0004653714 0.7923059 0.05612291 0.1511058
0.01611681 0.8169742 0.04184128 0.1250677
0.0007346088 0.7961266 0.04413621 0.1590025
9.14513e-05 0.7877139 0.05147869 0.160716
0.002898318 0.7754425 0.05338043 0.1682788
0.0005609255 0.7849074 0.05085361 0.163678
0.001756246 0.7781577 0.04907655 0.1710095
0.0001494542 0.7751639 0.05645073 0.1682359
0.0004577895 0.7749379 0.05641646 0.1681878
0.002024556 0.7634908 0.04696373 0.1875209
0.0009744298 0.7712927 0.05898656 0.1687463
0.0009351868 0.7925724 0.04859462 0.1578978
0.006011976 0.7638317 0.0576384 0.172518
0.001229965 0.7795648 0.05870817 0.1604971
0.0004161561 0.7921106 0.05316277 0.1543104
0.02284585 0.7994658 0.05394832 0.12374
0.006002579 0.7854118 0.04369066 0.164895
0.0128066 0.7912266 0.05321991 0.1427469
0.09035481 0.7738527 0.04945023 0.08634225
0.1106545 0.7691382 0.05978117 0.06042614
0.1644574 0.7855642 0.04876083 0.001217522
0.1427691 0.7970096 0.05660954 0.003611726
0.1732064 0.7734736 0.05216229 0.001157679
0.1660676 0.7804216 0.05018225 0.003328581
0.1469573 0.7925793 0.0586072 0.001856246
0.1818415 0.7684595 0.04671126 0.002987697
0.1727917 0.7694541 0.0553861 0.00236803
0.1690566 0.7772198 0.0508971 0.002826444
0.1492139 0.7889527 0.06143135 0.0004020264
0.1600443 0.786893 0.05126767 0.001794995
0.1621173 0.7826339 0.05005529 0.005193562
0.1633945 0.7750859 0.05971177 0.001807837
0.1663143 0.7816127 0.0513697 0.0007032312
0.1569158 0.7932683 0.0492479 0.0005680126
0.1591965 0.7772013 0.06094211 0.002660066
0.1690509 0.7798943 0.05028421 0.0007705404
0.1712827 0.7688814 0.05841453 0.001421357
0.1556283 0.793882 0.04751422 0.002975487
0.164144 0.7860236 0.04941663 0.0004157948
0.176748 0.7746474 0.04769143 0.0009131352
0.1795924 0.7712603 0.04829366 0.0008536217
0.168035 0.7962724 0.03558264 0.0001098989
0.1591161 0.7921365 0.04840508 0.0003423553
0.1573685 0.7912008 0.05059036 0.0008403326
0.1603236 0.7891382 0.0492459 0.001292306
0.1454044 0.7847564 0.0636349 0.006204354
0.1753497 0.766129 0.05719443 0.00132679
0.1435535 0.7991657 0.0549415 0.002339309
0.154686 0.7859225 0.05464969 0.004741743
0.1625504 0.772524 0.05829947 0.006626133
0.1825026 0.7497304 0.06549772 0.002269299
0.1591465 0.7820511 0.05792905 0.00087327
0.1724552 0.771063 0.05526171 0.001220068
0.1793041 0.7704205 0.04919642 0.001078966
0.157054 0.7855112 0.05679272 0.0006420796
0.1777259 0.7650803 0.05507067 0.002123167
0.1832698 0.7568267 0.0587474 0.001156115
0.1680479 0.7826313 0.04824573 0.001075087
0.160899 0.7890119 0.04978614 0.0003029637
0.1543723 0.7898782 0.05320048 0.002548928
0.1563886 0.7968741 0.04592512 0.0008121424
0.1729616 0.7769669 0.04913273 0.0009387803
0.1459388 0.796136 0.05789199 3.317157e-05
0.1655226 0.7880655 0.04554361 0.0008682869
0.1668647 0.7737916 0.05789839 0.00144535
0.1650388 0.7876492 0.04724335 6.868893e-05
0.1664864 0.7675344 0.05531216 0.01066698
0.1739047 0.7605739 0.06408381 0.001437565
0.174053 0.7730689 0.05185973 0.001018363
0.1663109 0.7815166 0.0516013 0.0005712255
0.1916238 0.7462832 0.06190787 0.0001851154
0.1514748 0.7970623 0.05012075 0.001342155
0.1791087 0.7613765 0.05815619 0.001358605
0.1351459 0.8078962 0.05418286 0.002775022
0.1764984 0.7673325 0.0524372 0.003731844
0.1581601 0.7857287 0.05382237 0.002288873
0.1600639 0.781363 0.05425412 0.004318969
0.1546324 0.7992666 0.04239056 0.003710457
0.15846 0.7839745 0.05622894 0.001336608
0.1700754 0.7683642 0.0614329 0.0001275765
0.1514477 0.788738 0.05810358 0.00171066
0.1348786 0.7970435 0.06490479 0.003173138
0.1719402 0.7747958 0.05136017 0.001903894
0.1711622 0.769924 0.05718692 0.001726826
0.1558667 0.7980871 0.04519561 0.0008505615
0.1682099 0.7802885 0.05026178 0.00123978
0.1453777 0.7967748 0.0577639 8.352348e-05
0.1513634 0.7906719 0.0567158 0.001248883
0.1815147 0.7565956 0.05822622 0.003663491
0.1591516 0.7925945 0.04569527 0.002558615
0.1623003 0.7684303 0.06381418 0.00545528
0.1686797 0.7880749 0.04231639 0.0009290106
0.1734056 0.7852661 0.04019248 0.001135821
0.1262673 0.7911522 0.05408663 0.02849392
0.1476204 0.7831998 0.04938534 0.01979449
0.1596906 0.7700128 0.0664072 0.003889342
0.1593451 0.7831116 0.0513986 0.006144782
0.1667165 0.7773542 0.05176202 0.004167228
0.1731899 0.7776422 0.04514211 0.004025807
0.1690234 0.7852126 0.04531942 0.0004445746
0.1672698 0.7796393 0.05268271 0.0004082446
0.170118 0.7791671 0.05032334 0.000391561
0.1723834 0.7634431 0.06321429 0.0009592334
0.1574919 0.791819 0.0501683 0.0005208402
0.1714202 0.7673262 0.06113662 0.0001169333
0.1855458 0.7627721 0.05135977 0.0003222839
0.1815462 0.7757905 0.04178689 0.0008764496
0.1717924 0.772318 0.05360561 0.002283995
0.1659121 0.7765607 0.05526104 0.002266175
0.1732475 0.7791041 0.04527919 0.002369166
0.1371066 0.813094 0.04957098 0.0002283667
0.1826209 0.7733927 0.04396914 1.723533e-05
0.1873092 0.7631441 0.04879245 0.0007541823
0.1633615 0.7805472 0.05590126 0.0001900626
0.1854341 0.7615128 0.05155143 0.00150172
0.1820702 0.7695494 0.04823868 0.0001418117
0.1632449 0.7721212 0.06415516 0.0004787164
0.1768164 0.7623281 0.05967096 0.001184503
0.1805509 0.7699905 0.04889709 0.0005615784
0.1637779 0.7907101 0.04302362 0.002488361
0.1654671 0.7798769 0.05287746 0.001778575
0.1595385 0.7939621 0.04387792 0.002621505
0.1754997 0.7674983 0.05348458 0.00351738
0.1034595 0.8066428 0.05409857 0.03579912
0.1725331 0.7544785 0.05233801 0.0206504
0.1571694 0.7900147 0.04029477 0.01252118
0.1665535 0.7825469 0.04666508 0.004234507
0.1541195 0.7898374 0.0523094 0.003733686
0.1465587 0.8116174 0.04077892 0.001045069
0.166014 0.7850235 0.04128208 0.007680441
0.1687549 0.7874664 0.04250056 0.001278107
0.2113426 0.7397292 0.04589805 0.003030139
0.1744334 0.777569 0.04675253 0.0012451
0.1700892 0.7586155 0.07079144 0.0005038952
0.1768193 0.761042 0.05664118 0.005497588
0.1697044 0.7749732 0.05426231 0.001060068
0.1539261 0.7982817 0.04383887 0.003953342
0.1539432 0.7817539 0.05841642 0.005886543
0.1642613 0.7803188 0.05526111 0.0001588369
0.1606485 0.7820474 0.05571005 0.001594043
0.1742117 0.7548641 0.06991261 0.001011595
0.1629937 0.7850411 0.05194582 1.932369e-05
0.158079 0.7835421 0.05783041 0.0005484891
0.1779707 0.7733966 0.04710748 0.001525249
0.1834733 0.77019 0.04486747 0.001469325
0.1680497 0.779119 0.05164381 0.001187505
0.157864 0.8011655 0.03777978 0.003190755
0.1753746 0.7646899 0.05608837 0.003847068
0.1803544 0.7772865 0.04227431 8.476474e-05
0.1717211 0.7753982 0.05060743 0.002273274
0.1664817 0.7830141 0.04933777 0.001166426
0.165879 0.7641732 0.06698364 0.00296417
0.1535861 0.7969515 0.04519533 0.004267111
0.1612355 0.7890097 0.04915394 0.0006009364
0.1702544 0.7674502 0.05850432 0.003791054
0.1550052 0.7895054 0.05468906 0.0008003236
0.1712412 0.7797349 0.04858497 0.0004389187
0.1541527 0.7833775 0.06220243 0.0002673255
0.1715512 0.7730377 0.05520675 0.000204333
0.1765588 0.7790469 0.04376755 0.0006267671
0.1717588 0.7813398 0.04656263 0.0003387188
0.1672995 0.7835326 0.04814799 0.001019934
0.1635735 0.7708579 0.06129459 0.004273981
0.1927826 0.7559117 0.05026386 0.001041784
0.1596882 0.7823812 0.05771503 0.0002155915
0.1566813 0.7905122 0.05218929 0.0006171818
0.1615762 0.7877192 0.04951435 0.001190272
0.1760275 0.7526445 0.07042484 0.0009031782
0.1747636 0.779269 0.04544721 0.0005202697
0.1776783 0.7754956 0.04568323 0.001142798
0.1684539 0.7738223 0.05469253 0.003031335
0.1651594 0.7769985 0.05550932 0.002332769
0.1736359 0.7654491 0.06059737 0.00031764
0.1703419 0.7601235 0.06924895 0.0002856036
0.1591562 0.7738425 0.05717908 0.0098222
0.165914 0.7810622 0.05231789 0.0007058425
0.1838245 0.7681579 0.04738615 0.0006314332
0.1365611 0.789711 0.07367304 5.483343e-05
0.1346459 0.8119205 0.05173074 0.00170287
0.1707347 0.7709879 0.05781511 0.0004622385
0.1673869 0.7668088 0.05492621 0.01087813
0.1556141 0.7983547 0.04344047 0.002590762
0.1638825 0.7745451 0.05695145 0.004620937
0.1616237 0.7868105 0.0511554 0.0004104615
0.1477766 0.7890146 0.05878167 0.00442708
0.1651078 0.7781972 0.05217109 0.004523905
0.1641245 0.7789354 0.05452116 0.002418997
0.1604588 0.789724 0.04902096 0.000796255
0.1646495 0.7706375 0.06028592 0.004427069
0.1696695 0.7785444 0.04990679 0.001879322
0.1535772 0.789215 0.05496294 0.002244772
0.1727962 0.7849329 0.0418404 0.0004305886
0.1676272 0.7730304 0.05794909 0.001393332
0.1816817 0.760852 0.05727262 0.0001937061
0.1392604 0.8036824 0.05354566 0.003511492
0.1694369 0.7732646 0.05443734 0.00286117
0.1656653 0.7879882 0.04629397 5.251118e-05
0.1648196 0.7813731 0.05366654 0.0001407694
0.1744844 0.7592963 0.06312835 0.003090923
0.1560915 0.7928012 0.04549836 0.005608939
0.1572812 0.7809931 0.06125584 0.0004698627
0.1540369 0.8005155 0.0452642 0.0001833749
0.1614035 0.7845465 0.05264484 0.001405186
0.156611 0.7764757 0.06502111 0.001892202
0.1676377 0.7677897 0.06334466 0.001227866
0.1664024 0.7846286 0.04789534 0.001073711
0.1526396 0.7773833 0.05447705 0.01550005
0.1709251 0.7765018 0.05214251 0.0004306152
0.1652599 0.7788573 0.05475416 0.001128624
0.1610001 0.7858652 0.05164411 0.001490602
0.1518489 0.7976711 0.04600018 0.004479823
0.1695565 0.7789597 0.05111976 0.0003639802
0.1385329 0.8037139 0.05707422 0.0006789285
0.1757722 0.7538338 0.06863723 0.001756758
0.1727109 0.7592004 0.06723372 0.0008550161
0.175021 0.7816685 0.04231772 0.0009927671
0.1711095 0.7801022 0.04814338 0.0006449622
0.1539135 0.7836834 0.05909286 0.003310214
0.1627446 0.7864777 0.04716723 0.003610472
0.1556196 0.7912773 0.04757342 0.005529763
0.1514387 0.7699109 0.06585691 0.0127935
0.1782191 0.7618101 0.05966001 0.000310792
0.1662057 0.7806952 0.04424102 0.00885808
0.1669475 0.7842565 0.04848096 0.000314994
0.1670186 0.7711906 0.0612233 0.0005675269
0.1799794 0.7706823 0.04613208 0.003206182
0.1499518 0.7964075 0.0532346 0.0004060883
0.1712832 0.772843 0.05547837 0.0003953958
0.1622668 0.7694263 0.06309946 0.005207409
0.1598443 0.7738602 0.05777951 0.008515925
0.1712016 0.7764094 0.05226404 0.0001250315
0.1672619 0.7741804 0.05544445 0.003113283
0.1581899 0.7801248 0.05619914 0.005486188
0.1663692 0.7822429 0.05070649 0.0006814388
0.1713502 0.7834284 0.04448131 0.0007401423
0.1575608 0.7794918 0.06183359 0.001113829
0.181711 0.7617281 0.05568602 0.0008749192
0.1733224 0.7711501 0.05354675 0.001980751
0.1789678 0.7626159 0.05638834 0.002027984
0.1705878 0.7638614 0.06445217 0.001098623
0.1561371 0.7876695 0.0507599 0.00543343
0.1541017 0.7925577 0.05199449 0.001346104
0.1764922 0.7658923 0.05647344 0.001142011
0.1682917 0.7745501 0.05101704 0.006141152
0.1565204 0.7908423 0.05120856 0.001428723
0.1577635 0.796101 0.04483525 0.001300276
0.1728595 0.7770062 0.04718173 0.002952513
0.1655579 0.7746766 0.05929675 0.0004687535
0.1670075 0.7800113 0.05262358 0.0003575682
0.1441517 0.8128266 0.04254776 0.0004740226
0.1651297 0.7761887 0.05841325 0.0002683487
0.1875892 0.7534674 0.05666097 0.002282485
0.1778535 0.7670887 0.0512171 0.003840714
0.1433515 0.8021644 0.05159557 0.002888459
0.1551567 0.7986524 0.04555459 0.0006363001
0.1820849 0.7636463 0.05326731 0.001001566
0.1678196 0.7715 0.05852332 0.002157147
0.1713479 0.76566 0.06193778 0.001054332
0.1638486 0.7791238 0.05680006 0.0002275061
0.1669119 0.7751421 0.05739391 0.000552112
0.1423263 0.7967601 0.05877339 0.002140217
0.1694242 0.7672144 0.06300304 0.0003583589
0.159732 0.7813186 0.05708236 0.001867024
0.1679216 0.7934469 0.03526178 0.003369702
0.1849032 0.7713877 0.04256742 0.001141673
0.1673864 0.78196 0.05047659 0.000176985
0.1453631 0.8023272 0.05093515 0.001374534
0.1773008 0.7693888 0.05041504 0.002895334
0.1818882 0.7672747 0.0497636 0.001073451
0.1561391 0.7956663 0.04698618 0.001208461
0.1671375 0.7741757 0.05828718 0.0003996331
0.1608397 0.7878601 0.05105312 0.0002470117
0.1645582 0.780376 0.05187286 0.003192902
0.1897612 0.7574767 0.05106991 0.001692256
0.1701431 0.7754519 0.05400581 0.0003991547
0.1500767 0.8032316 0.04589037 0.0008013526
0.1720385 0.7823349 0.04554824 7.831376e-05
0.1604132 0.780887 0.05707067 0.001629088
0.1529271 0.7962245 0.04945966 0.001388717
0.1687092 0.7839585 0.04712087 0.0002113692
0.1618073 0.7729573 0.05967433 0.005560983
0.1549551 0.784113 0.04707945 0.01385242
0.1860733 0.7677764 0.04433881 0.001811543
0.1690399 0.7675145 0.06304109 0.0004045304
0.1556751 0.778908 0.06426576 0.001151183
0.1830949 0.7650065 0.05146274 0.0004359103
0.1610616 0.7965374 0.04077361 0.001627328
0.1610364 0.7740049 0.06243554 0.002523164
0.1759551 0.7506221 0.07287757 0.0005452272
0.1668055 0.7768136 0.05246124 0.00391973
0.1590934 0.7812657 0.05897496 0.0006659313
0.1879132 0.7448893 0.06390272 0.003294739
0.1756197 0.7678518 0.05374496 0.002783485
0.1561097 0.7915106 0.05009467 0.002285039
0.1540212 0.7902442 0.05441321 0.001321346
0.1584185 0.7671066 0.06982165 0.004653191
0.1347203 0.807549 0.0531381 0.004592671
0.1658131 0.7797666 0.05260151 0.001818794
0.1698109 0.7839299 0.04537241 0.0008867098
0.1749497 0.7662427 0.05422706 0.004580551
0.1768304 0.7639267 0.05902318 0.000219741
0.1653463 0.7789928 0.0538496 0.001811277
0.1592387 0.7872116 0.05135075 0.002199004
0.1770274 0.7689304 0.05400339 3.879526e-05
0.1706792 0.7689537 0.05999383 0.0003732504
0.1362996 0.8078426 0.05502591 0.0008318369
0.1783555 0.7638379 0.05664052 0.001166066
0.1710322 0.7777652 0.04930852 0.001894026
0.1366432 0.7908034 0.05823844 0.01431492
0.1663954 0.7728772 0.05934879 0.001378656
0.1629467 0.786119 0.05062428 0.00030998
0.1394829 0.8113876 0.04869634 0.0004331282
0.1593686 0.7867111 0.05346062 0.0004596642
0.1653966 0.7857776 0.04831574 0.0005100449
0.1626937 0.7908951 0.04383612 0.002575104
0.1385669 0.8165773 0.04471471 0.0001410566
0.1569896 0.7917377 0.04640434 0.004868416
0.1602539 0.7854028 0.054221 0.0001222635
0.1570253 0.7935905 0.04685217 0.002532033
0.1507846 0.7883975 0.0592995 0.001518364
0.1800248 0.7666179 0.05244377 0.0009134466
0.164701 0.7791798 0.05481299 0.001306295
0.1702692 0.7751249 0.05317062 0.001435264
0.1774163 0.7679212 0.05456177 0.0001007024
0.1662669 0.7857118 0.04687255 0.001148718
0.1615923 0.7882841 0.04897113 0.001152503
0.1583237 0.7831918 0.055872 0.002612518
0.167368 0.7906481 0.0419693 1.463e-05
0.1557298 0.7980506 0.04491894 0.001300613
0.1564702 0.7854942 0.05771874 0.000316816
0.157401 0.7952918 0.04626658 0.001040582
0.180553 0.7559275 0.0614614 0.002058161
0.1648779 0.7859511 0.047984 0.001186984
0.1664117 0.7759615 0.05349896 0.0041279
0.1623849 0.7847681 0.05133337 0.001513566
0.1660142 0.7780519 0.05302857 0.002905395
0.1630341 0.7753017 0.05894527 0.002718958
0.1562557 0.790667 0.04702636 0.006050959
0.1732739 0.7654177 0.0579401 0.003368261
0.1678169 0.7840401 0.04645089 0.001692143
0.1620676 0.7858951 0.05137307 0.0006642613
0.1452627 0.7979602 0.05546631 0.001310828
0.146452 0.8047609 0.04618756 0.002599473
0.1490486 0.7940859 0.05325797 0.00360751
0.1663812 0.7786739 0.05475752 0.0001874027
0.1620555 0.7838859 0.05331 0.0007485275
0.1803964 0.7742719 0.04169017 0.003641574
0.1573556 0.7859617 0.05344996 0.003232713
0.1722573 0.7844634 0.04020368 0.003075615
0.1678051 0.7678153 0.06203075 0.002348887
0.1450796 0.8090414 0.04407345 0.001805572
0.1768536 0.7698768 0.05301075 0.0002588415
0.1845305 0.7761838 0.03904123 0.0002444724
0.1864813 0.7627744 0.04980588 0.0009384702
0.1713141 0.7718716 0.05515335 0.001660955
0.1634784 0.7838651 0.05138451 0.001272004
0.1791217 0.7652175 0.05463485 0.001025941
0.1613688 0.7801681 0.05743776 0.001025362
0.177367 0.7707082 0.05186472 6.000704e-05
0.1693109 0.7753577 0.05373572 0.001595691
0.1665322 0.774077 0.05921978 0.0001710757
0.1753359 0.7663183 0.05805543 0.0002903527
0.1665876 0.7851122 0.04640862 0.001891604
0.1843316 0.7650712 0.04896413 0.001633105
0.1488045 0.7884943 0.06207146 0.0006297405
0.1540177 0.7944115 0.05026088 0.001309845
0.1614418 0.7784691 0.05932709 0.0007619779
0.1653083 0.7729556 0.06145136 0.0002847551
0.1572099 0.791348 0.048091 0.003351071
0.1738358 0.7852709 0.04074449 0.0001488317
0.1467961 0.7978014 0.05465022 0.0007522684
0.1477858 0.7867762 0.0652597 0.0001782625
0.1647392 0.7928322 0.04238954 3.899296e-05
0.1691881 0.7709256 0.05971743 0.000168949
0.1785147 0.7681465 0.04886918 0.004469592
0.1572303 0.7775177 0.05928837 0.005963587
0.1421543 0.8105519 0.0465206 0.0007731673
0.16296 0.7757391 0.06024014 0.001060741
0.1573938 0.7838774 0.0511343 0.007594501
0.179285 0.7713597 0.04497674 0.004378556
0.1735263 0.7774639 0.03987581 0.009134016
0.1534531 0.8022481 0.04147498 0.002823862
0.1502549 0.776554 0.06785809 0.005333064
0.157964 0.7911879 0.04539626 0.005451802
0.1705811 0.7664869 0.06245848 0.0004734886
0.1530218 0.7917063 0.04693926 0.008332624
0.1594581 0.7781107 0.06179028 0.0006409043
0.1695162 0.7763735 0.05307109 0.00103919
0.1505088 0.7839009 0.0654143 0.0001759809
0.1673493 0.7791213 0.05109112 0.002438186
0.1678137 0.7788343 0.05229639 0.001055603
0.1665679 0.7629823 0.06494091 0.005508945
0.1539741 0.7919342 0.04997654 0.004115184
0.173662 0.7833048 0.03810836 0.004924813
0.1486851 0.7942565 0.05633393 0.0007244367
0.1621319 0.7797797 0.05714194 0.0009465378
0.1848153 0.7584545 0.05662983 0.0001003905
0.1443038 0.8166767 0.0385666 0.000452881
0.1521163 0.7940773 0.05263481 0.001171575
0.1648101 0.7775251 0.05586689 0.001797905
0.1962653 0.7596121 0.04387466 0.0002479014
0.1463155 0.7898582 0.06341741 0.0004089225
0.1540911 0.7813835 0.06326089 0.001264535
0.1534083 0.7831102 0.0478854 0.0155961
0.1665734 0.7595671 0.07301817 0.0008413065
0.1540014 0.797327 0.04042876 0.008242885
0.1729489 0.773724 0.05250267 0.0008244678
0.1840698 0.7536413 0.06162643 0.0006624729
0.1688262 0.7688737 0.06104278 0.001257322
0.1668471 0.7814737 0.05113104 0.000548172
0.1707203 0.7804421 0.04728661 0.001551045
0.1595885 0.764499 0.05650705 0.01940544
0.157899 0.7763203 0.06035885 0.005421805
0.13364 0.8193369 0.04348954 0.003533537
0.1591438 0.7797534 0.05829702 0.002805863
0.187113 0.7627397 0.04856379 0.001583489
0.1819415 0.7627925 0.04993346 0.005332514
0.1573347 0.7854639 0.05216619 0.005035179
0.1601248 0.7849871 0.05081194 0.004076067
0.1511896 0.7945381 0.0536361 0.0006362198
0.1905019 0.7451825 0.06190181 0.002413735
0.1541643 0.7836505 0.06075063 0.001434634
0.1843296 0.7564216 0.05664792 0.002600813
0.1875739 0.7508023 0.05659145 0.005032261
0.169073 0.7756461 0.05375888 0.001521994
0.1557174 0.798958 0.04003656 0.005288028
0.1049949 0.7775536 0.0660642 0.05138737
0.1645926 0.761327 0.05062954 0.02345083
0.1308351 0.7837971 0.05364825 0.03171953
0.1432815 0.7897691 0.06249503 0.004454329
0.1786274 0.7671135 0.05252446 0.001734646
0.149666 0.7693888 0.07843736 0.002507841
0.1701914 0.7704886 0.0581806 0.001139425
0.1633477 0.7867029 0.04970803 0.0002413276
0.173701 0.7650606 0.06040773 0.0008306872
0.175234 0.7567523 0.06729644 0.0007172436
0.175341 0.7641717 0.05667477 0.003812515
0.1737492 0.7657158 0.06026539 0.0002696054
0.1324004 0.8047673 0.062753 7.931899e-05
0.1507206 0.7943297 0.05366365 0.001285961
0.1607272 0.7804613 0.05738852 0.001422992
0.1681638 0.7788522 0.05129404 0.001690002
0.1587974 0.7735576 0.06724442 0.0004005982
0.1493058 0.7913567 0.0587758 0.0005616526
0.1747886 0.7719966 0.05277345 0.0004412807
0.1632314 0.7848134 0.04829328 0.003661845
0.1795555 0.7585841 0.06167734 0.0001830513
0.164257 0.7846313 0.04966733 0.001444339
0.150671 0.7873478 0.05185731 0.01012392
0.1810582 0.7635124 0.05351273 0.001916621
0.1617116 0.7858034 0.05028727 0.002197773
0.1641148 0.7833027 0.05146234 0.001120149
0.1597545 0.7680033 0.06742626 0.004815954
0.1540116 0.7755567 0.06965628 0.0007754052
0.1458257 0.798578 0.05456491 0.001031371
0.173437 0.7829044 0.04321631 0.0004423521
0.1711539 0.7765869 0.0516303 0.0006288861
0.1600888 0.7916708 0.04803527 0.0002051082
0.1507601 0.7987255 0.04798103 0.002533414
0.1671735 0.7666773 0.06415793 0.001991239
0.1461466 0.8047416 0.04673704 0.00237476
0.1703876 0.778356 0.05021627 0.001040089
0.1584453 0.788061 0.05203418 0.001459544
0.1699787 0.7792596 0.04826408 0.002497558
0.1321095 0.8145266 0.04286259 0.01050124
0.188993 0.74647 0.0610021 0.003534867
0.1804575 0.7696044 0.04853025 0.001407893
0.1347088 0.8037897 0.06059072 0.0009107299
0.1752575 0.7586405 0.06604752 5.448223e-05
0.1882945 0.7456193 0.06529997 0.0007862205
0.170472 0.7792875 0.05001148 0.0002290101
0.1584186 0.7865413 0.05339895 0.001641166
0.1726304 0.7835343 0.04267703 0.001158219
0.1803965 0.7789629 0.0399666 0.0006739139
0.1667048 0.7823967 0.04808908 0.002809447
0.1607025 0.7831624 0.05221761 0.003917529
0.1638563 0.7744955 0.05944245 0.002205806
0.1644317 0.7843107 0.0507892 0.0004683949
0.1619519 0.7804177 0.05690668 0.0007236812
0.1510799 0.780024 0.06810463 0.0007914979
0.1918155 0.7562513 0.05111353 0.0008196374
0.1463001 0.7985312 0.05297613 0.002192635
0.163995 0.7875963 0.04767489 0.000733884
0.1518223 0.7750567 0.07185219 0.001268817
0.1652848 0.7841327 0.05039259 0.0001899212
0.1648374 0.7860793 0.04764535 0.001437891
0.151273 0.776734 0.07134348 0.0006494907
0.1700808 0.7746407 0.05476531 0.0005131127
0.1715009 0.7534007 0.07336054 0.001737897
0.1654104 0.7795867 0.05336543 0.00163742
0.1674814 0.7724812 0.05871412 0.001323274
0.1663702 0.7760517 0.05471042 0.002867678
0.1619936 0.7826522 0.05340345 0.001950794
0.1659795 0.7730017 0.05864762 0.002371209
0.1650208 0.7834125 0.04989407 0.0016726
0.1653844 0.7806059 0.05340698 0.0006027631
0.1601148 0.7890887 0.05072875 6.767526e-05
0.1580529 0.7655327 0.05398101 0.02243337
0.1521557 0.7922494 0.05111536 0.004479599
0.1853337 0.7594489 0.05236461 0.002852767
0.1877976 0.7485327 0.05927438 0.004395313
0.1694221 0.7756822 0.05299382 0.00190183
0.153861 0.7903318 0.05538551 0.0004216876
0.1534824 0.7878023 0.05370984 0.005005435
0.1597468 0.7793967 0.05613689 0.004719565
0.1682688 0.7777582 0.05245008 0.001522912
0.1764107 0.7715159 0.04852508 0.003548344
0.1479255 0.8080275 0.04375273 0.0002942287
0.187803 0.7577276 0.05267349 0.001795904
0.168116 0.7726323 0.05678096 0.002470733
0.1811847 0.7742199 0.04418394 0.000411495
0.1832445 0.7623387 0.05337982 0.001037003
0.1629074 0.7816798 0.05281911 0.002593717
0.1493686 0.7988581 0.05167867 9.471363e-05
0.1685483 0.7841122 0.04434005 0.002999413
0.1584499 0.7912704 0.04899742 0.001282235
0.1619922 0.7773367 0.05703731 0.003633746
0.1541529 0.7909201 0.05139945 0.003527632
0.1606789 0.781639 0.05546197 0.002220165
0.1659127 0.776392 0.05704126 0.0006540841
0.1721167 0.7607461 0.06064336 0.006493783
0.1536799 0.7686049 0.07750201 0.0002132078
0.1701654 0.7808435 0.04850456 0.000486494
0.16705 0.7705027 0.05910087 0.003346425
0.1510195 0.7948416 0.0527218 0.001417176
0.1611966 0.7788429 0.05775862 0.002201894
0.147144 0.7878818 0.06068469 0.004289514
0.1644415 0.7817935 0.04899026 0.004774706
0.1634016 0.7873244 0.04805888 0.001215086
0.1756417 0.7749368 0.04838665 0.001034839
0.1668145 0.7712832 0.06174939 0.0001529218
0.1501864 0.7945275 0.05466657 0.0006195596
0.1632787 0.7770281 0.05672953 0.002963652
0.1454774 0.7862223 0.06514503 0.003155319
0.155795 0.780325 0.06124922 0.002630737
0.1267261 0.7902141 0.06115228 0.02190746
0.100552 0.790116 0.05297047 0.05636148
0.1261079 0.787532 0.04881816 0.03754194
0.1160973 0.7830223 0.05039632 0.05048404
0.1199415 0.7748428 0.05200144 0.05321429
0.1507311 0.7712598 0.06693542 0.01107361
0.1499338 0.7855215 0.05015413 0.01439057
0.09877668 0.7800405 0.05398834 0.0671945
0.1628924 0.7751845 0.05779069 0.004132375
0.1454819 0.7876376 0.06316391 0.003716634
0.1480563 0.8024372 0.04775255 0.001753886
0.151024 0.8045741 0.04313366 0.001268245
0.153781 0.7783576 0.06340294 0.004458477
0.1831652 0.7584241 0.05742699 0.0009837161
0.164552 0.7802866 0.05244607 0.002715373
0.1496285 0.7906618 0.05926904 0.0004406517
0.1717294 0.7665532 0.05686457 0.004852849
0.1531509 0.8022542 0.04342479 0.001170102
0.1531341 0.7957485 0.05093179 0.0001855734
0.1737055 0.7693268 0.05306106 0.00390666
0.1349397 0.7993735 0.05995967 0.005727102
0.1616396 0.7726848 0.06144286 0.004232725
0.1612713 0.7616905 0.07414064 0.002897613
0.1566147 0.7925341 0.04803322 0.002817963
0.1565449 0.7887354 0.0509376 0.00378205
0.1602271 0.7916366 0.04630417 0.001832116
0.178796 0.7748279 0.04541801 0.0009580399
0.1535809 0.7845496 0.05126867 0.01060075
0.1672268 0.7695354 0.06313909 9.87041e-05
0.1528764 0.7756434 0.06134329 0.01013695
0.1703741 0.7733379 0.05325149 0.003036533
0.1601622 0.7665171 0.07158126 0.001739439
0.1688648 0.7727969 0.05743905 0.0008991865
0.1683648 0.7801908 0.04912167 0.002322818
0.1780328 0.7752556 0.04420801 0.002503665
0.1400362 0.8003009 0.05736933 0.002293605
0.186654 0.7522675 0.0607446 0.0003338634
0.160629 0.7776012 0.05786083 0.003909033
0.1407715 0.8038454 0.04996236 0.005420755
0.1792048 0.7735376 0.04338504 0.003872549
0.1638214 0.7838857 0.05215105 0.0001419172
0.1594247 0.7739126 0.06344292 0.00321974
0.1588166 0.7808169 0.05249903 0.007867424
0.1770053 0.7740477 0.04841375 0.0005332691
0.1774476 0.7713931 0.04924385 0.001915477
0.1774114 0.7688821 0.05297534 0.0007311021
0.1668909 0.7790024 0.05351015 0.0005965217
0.165607 0.7861334 0.04239867 0.005860945
0.1542907 0.7968752 0.04588523 0.002948871
0.1667553 0.7762305 0.05648987 0.000524272
0.1625485 0.7905029 0.04480011 0.002148439
0.175003 0.7702551 0.04852447 0.006217416
0.1736027 0.7842408 0.04204518 0.0001112862
0.1558482 0.7926737 0.0512644 0.000213694
0.1551602 0.7855422 0.05554494 0.003752653
0.1656452 0.7808987 0.05227827 0.001177827
0.1783615 0.7619904 0.05903572 0.0006123755
0.1593642 0.7985673 0.04203127 3.72728e-05
0.1713364 0.7669441 0.05655745 0.005162014
0.1659383 0.776028 0.05377156 0.004262122
0.1704008 0.7663493 0.06222445 0.001025505
0.1781444 0.7697992 0.05047103 0.00158527
0.1731014 0.7675492 0.05685746 0.002491881
0.163196 0.7743574 0.05494302 0.007503556
0.143915 0.7743966 0.05280476 0.02888362
0.1730956 0.7847094 0.03976379 0.002431239
0.1848599 0.7723857 0.04153215 0.001222263
0.1821695 0.770215 0.04689747 0.0007180022
0.1698692 0.7577462 0.07139988 0.0009847647
0.1780808 0.768105 0.05344912 0.0003650546
0.1660819 0.7808532 0.05278789 0.0002770042
0.1440348 0.8060368 0.04833887 0.001589475
0.1575619 0.7866401 0.05557625 0.0002217158
0.16141 0.7753835 0.06278411 0.0004223428
0.1726384 0.7807397 0.04580694 0.0008149132
0.1554515 0.7905127 0.05016826 0.003867544
0.173122 0.7682432 0.05503956 0.003595199
0.1556658 0.7858425 0.05844416 4.753654e-05
0.162564 0.7712413 0.06500491 0.00118975
0.174619 0.7690294 0.05436469 0.001986879
0.172463 0.7701621 0.05725917 0.0001156945
0.1729367 0.7773571 0.04708326 0.002622959
0.1717961 0.7876299 0.03971516 0.0008588515
0.1484056 0.7920879 0.0534644 0.006042175
0.1691716 0.7644171 0.06630423 0.0001070424
0.1484588 0.7864575 0.06374065 0.00134299
0.1754591 0.7708054 0.04870739 0.005028174
0.1648651 0.7870425 0.04715778 0.000934661
0.1642046 0.7697656 0.06599517 3.457825e-05
0.1733043 0.769319 0.05630108 0.001075693
0.1659941 0.7708967 0.0602588 0.002850411
0.1639944 0.7868387 0.04859316 0.0005737345
0.157053 0.7856071 0.05717029 0.0001696207
0.1483197 0.7745487 0.07596212 0.001169544
0.1702832 0.7664162 0.05554233 0.007758312
0.1745769 0.7645892 0.05595454 0.004879385
0.1257108 0.789305 0.0550168 0.02996735
0.1382266 0.7753422 0.07075343 0.01567776
0.1729704 0.7591331 0.06702311 0.0008733566
0.1569137 0.7690113 0.06640284 0.007672168
0.1627558 0.7734686 0.05918357 0.004591999
0.1607362 0.7866692 0.05120688 0.001387689
0.1663722 0.7809855 0.05153716 0.00110513
0.1592699 0.7856565 0.05314402 0.001929578
0.1699363 0.7822595 0.04416737 0.003636811
0.1633899 0.78994 0.04574067 0.0009294139
0.1542438 0.7924945 0.05134912 0.001912522
0.1647956 0.7976561 0.03446678 0.003081511
0.1646911 0.7761561 0.05783991 0.001312853
0.169771 0.7693373 0.06054609 0.0003456341
0.1429547 0.804469 0.05256253 1.382377e-05
0.1611202 0.7787737 0.05980613 0.0002999496
0.1676631 0.7838113 0.04815808 0.0003675222
0.1825978 0.7630478 0.05434093 1.35058e-05
0.1694385 0.756503 0.06681215 0.007246277
0.1538571 0.7890885 0.05688877 0.0001656953
