"p_1" "p_2" "p_3"
0.06459542 0.8200801 0.1153244
0.04228675 0.809767 0.1479462
0.0615334 0.8245982 0.1138684
0.05461691 0.8700339 0.07534919
0.05779037 0.7446358 0.1975738
0.07058325 0.7539319 0.1754849
0.05341754 0.8535766 0.09300583
0.06537621 0.8196595 0.1149643
0.03844356 0.6887303 0.2728261
0.08543592 0.7946171 0.1199469
0.07827103 0.8005529 0.121176
0.09373538 0.7849629 0.1213018
0.07653057 0.8009953 0.1224742
0.07701449 0.74704 0.1759455
0.06266756 0.7506138 0.1867187
0.07878111 0.811464 0.1097549
0.06972569 0.8131393 0.117135
0.05291164 0.8116155 0.1354728
0.07441994 0.8008412 0.1247389
0.06239863 0.7725241 0.1650773
0.06279845 0.8093038 0.1278978
0.08005423 0.8089647 0.1109811
0.04498592 0.8486607 0.1063534
0.1034271 0.8205316 0.07604122
0.03947165 0.8462349 0.1142935
0.0547446 0.7503124 0.194943
0.03862955 0.8386193 0.1227512
0.06941756 0.7906541 0.1399283
0.0387686 0.8432724 0.117959
0.03716715 0.8070785 0.1557543
0.02960755 0.8446518 0.1257407
0.151767 0.7512776 0.09695543
0.06272127 0.8016831 0.1355956
0.06180746 0.8227173 0.1154752
0.0492013 0.7856336 0.1651651
0.04023024 0.8018151 0.1579547
0.06573903 0.7550864 0.1791745
0.02024076 0.8233669 0.1563924
0.05322349 0.7522767 0.1944998
0.07138445 0.8039152 0.1247003
0.06192415 0.8226397 0.1154362
0.1025857 0.7502202 0.1471941
0.05802498 0.7954027 0.1465724
0.04773892 0.7821057 0.1701554
0.1137144 0.7138195 0.172466
0.1092246 0.7861589 0.1046165
0.08483121 0.7818391 0.1333297
0.05194497 0.7373522 0.2107029
0.04651913 0.8050106 0.1484702
0.07851911 0.7785533 0.1429276
0.03590053 0.8025604 0.161539
0.08954312 0.8277072 0.08274965
0.09035021 0.8081416 0.1015082
0.07276289 0.8517259 0.07551123
0.04007367 0.8113015 0.1486248
0.04754255 0.7756358 0.1768217
0.07627214 0.7705655 0.1531624
0.04045921 0.7757606 0.1837802
0.05331722 0.7891279 0.1575549
0.02276837 0.8067599 0.1704717
0.07135497 0.7934556 0.1351894
0.06924547 0.7806007 0.1501538
0.04433146 0.7862001 0.1694684
0.01577819 0.772761 0.2114608
0.1107264 0.7466383 0.1426353
0.03013788 0.8192223 0.1506399
0.02195263 0.8202749 0.1577724
0.04724542 0.7978619 0.1548926
0.07401821 0.7791806 0.1468012
0.08317924 0.8173305 0.09949029
0.08136795 0.7103331 0.208299
0.0486886 0.7483611 0.2029503
0.05341811 0.7963239 0.150258
0.07935334 0.7231414 0.1975053
0.1376833 0.7369475 0.1253691
0.08644608 0.7122024 0.2013515
0.04553594 0.8088789 0.1455852
0.05916159 0.7696995 0.1711389
0.1014511 0.7495031 0.1490457
0.03678986 0.820812 0.1423981
0.02279348 0.8063185 0.170888
0.0529149 0.7913917 0.1556934
0.07319034 0.7554683 0.1713414
0.09545472 0.7457712 0.1587741
0.03650704 0.7901268 0.1733662
0.05833983 0.8040633 0.1375969
0.08514162 0.7493111 0.1655473
0.02355507 0.8095331 0.1669118
0.04072358 0.765199 0.1940774
0.07567921 0.7750119 0.1493089
0.09649188 0.7749029 0.1286052
0.1026124 0.7485597 0.1488279
0.1074473 0.7618182 0.1307346
0.09458459 0.8338094 0.07160598
0.03805954 0.7804559 0.1814846
0.04187646 0.8003846 0.1577389
0.02825435 0.7952733 0.1764723
0.07572143 0.7807211 0.1435574
0.04894367 0.8250841 0.1259722
0.05187676 0.782309 0.1658142
0.06059948 0.8115001 0.1279004
0.1304538 0.7277765 0.1417696
0.1155225 0.7669464 0.1175311
0.09982835 0.785593 0.1145786
0.0451832 0.8398466 0.1149702
0.06851913 0.8318765 0.09960436
0.07642098 0.6982664 0.2253126
0.07716523 0.8176762 0.1051586
0.03909615 0.7661041 0.1947997
0.07381491 0.7668559 0.1593292
0.06085557 0.7821913 0.1569531
0.03561874 0.7403114 0.2240699
0.03836492 0.7796307 0.1820044
0.06102158 0.840598 0.09838038
0.06852166 0.7750945 0.1563838
0.1078925 0.7979762 0.09413139
0.1010722 0.7727919 0.1261359
0.05370215 0.815302 0.1309958
0.05214741 0.7094522 0.2384004
0.05990364 0.7861587 0.1539377
0.07580574 0.8434241 0.08077012
0.05141569 0.7454981 0.2030862
0.09511897 0.7614829 0.1433981
0.05308928 0.7785549 0.1683558
0.1978223 0.7425772 0.05960049
0.06790236 0.7317413 0.2003564
0.05160464 0.7748111 0.1735843
0.06222821 0.8764976 0.06127416
0.04305561 0.7965625 0.1603819
0.07311644 0.7299846 0.196899
0.05397922 0.8475834 0.09843738
0.0538536 0.7850711 0.1610753
0.05089291 0.7290816 0.2200255
0.06226849 0.7768844 0.1608471
0.05866557 0.8300886 0.1112458
0.04373963 0.8156854 0.140575
0.05137963 0.8530072 0.09561315
0.04484874 0.7969537 0.1581976
0.08209492 0.7873653 0.1305398
0.1225757 0.7031546 0.1742697
0.1240198 0.6959638 0.1800164
0.06299074 0.856347 0.08066229
0.02864128 0.8294158 0.1419429
0.08808206 0.7582627 0.1536552
0.06330379 0.8379215 0.09877474
0.05530076 0.8344386 0.1102607
0.03311343 0.8888589 0.07802763
0.08177825 0.7674164 0.1508054
0.04395524 0.8220819 0.1339628
0.08107838 0.7513128 0.1676088
0.0477531 0.8160585 0.1361885
0.06716872 0.8201356 0.1126957
0.05242364 0.7866869 0.1608895
0.05762801 0.8138189 0.1285531
0.08617913 0.8211824 0.09263846
0.09260836 0.7202445 0.1871471
0.05613376 0.7902235 0.1536427
0.07807485 0.7464442 0.1754809
0.05028611 0.8222571 0.1274568
0.06225261 0.793426 0.1443213
0.05930572 0.75739 0.1833043
0.05869801 0.7816334 0.1596686
0.05786135 0.7963186 0.14582
0.04502608 0.8393738 0.1156001
0.05126595 0.7926088 0.1561252
0.07473138 0.7180411 0.2072276
0.09432098 0.7503062 0.1553729
0.1341508 0.7362571 0.1295921
0.04099938 0.8481132 0.1108875
0.04350064 0.7732667 0.1832327
0.07501698 0.8198743 0.1051087
0.04340919 0.7527101 0.2038807
0.04319588 0.7808179 0.1759862
0.03709083 0.7925738 0.1703354
0.04064315 0.8086617 0.1506952
0.03940679 0.8278253 0.1327679
0.02200528 0.7846367 0.193358
0.03772397 0.7684349 0.1938411
0.06893562 0.79709 0.1339744
0.02835813 0.8560129 0.1156289
0.05764822 0.7894138 0.1529379
0.0424161 0.8729107 0.0846732
0.04235815 0.7623941 0.1952478
0.03738922 0.7849688 0.177642
0.04601263 0.8536113 0.1003761
0.06414165 0.8227061 0.1131522
0.03537106 0.8371426 0.1274863
0.05610869 0.8250976 0.1187938
0.07012171 0.8258636 0.1040147
0.05059289 0.8275325 0.1218746
0.03892565 0.8686869 0.09238747
0.002091006 0.8073528 0.1905561
0.03421961 0.813921 0.1518594
0.09696427 0.8293883 0.07364744
0.07152367 0.8221017 0.1063747
0.03700051 0.7795056 0.1834938
0.11282 0.7296051 0.1575749
0.03228429 0.8390844 0.1286313
0.04542519 0.8847623 0.06981254
0.06866978 0.780303 0.1510272
0.07474757 0.8000194 0.125233
0.07873036 0.780153 0.1411167
0.06238124 0.8292775 0.1083413
0.1378235 0.7907403 0.07143621
0.06702681 0.8094846 0.1234886
0.04723584 0.8647203 0.08804381
0.06431009 0.7588626 0.1768273
0.07456204 0.815943 0.1094949
0.1078495 0.7406093 0.1515411
0.1055571 0.7868864 0.1075565
0.1536552 0.7045022 0.1418426
0.05316305 0.7878969 0.15894
0.0541078 0.7850892 0.160803
0.02401881 0.7853766 0.1906045
0.07984292 0.7662349 0.1539221
0.05845911 0.7810715 0.1604694
0.02559025 0.8727755 0.1016343
0.1070515 0.7593517 0.1335968
0.08270453 0.8051527 0.1121428
0.0645575 0.8058281 0.1296144
0.04682605 0.761121 0.1920529
0.03745922 0.8401017 0.1224391
0.0692738 0.7837997 0.1469265
0.126743 0.7698126 0.1034443
0.1497757 0.7705671 0.07965722
0.09647915 0.7572031 0.1463178
0.03567872 0.8779705 0.08635074
0.02554063 0.8057377 0.1687216
0.1008964 0.7810666 0.118037
0.06704047 0.7897164 0.1432431
0.05621034 0.8352659 0.1085237
0.06701825 0.7757944 0.1571874
0.07746568 0.8201288 0.1024055
0.05438243 0.8394255 0.1061921
0.07426075 0.8094547 0.1162846
0.05280254 0.838797 0.1084005
0.06413443 0.8152374 0.1206281
0.1202684 0.7971747 0.08255685
0.08130676 0.7717363 0.1469569
0.0439282 0.8325168 0.123555
0.07244377 0.7377691 0.1897872
0.06376082 0.8069541 0.1292851
0.07954132 0.8597026 0.06075608
0.1040997 0.7518688 0.1440314
0.1002505 0.7991306 0.100619
0.1369881 0.6951799 0.1678321
0.06430181 0.813749 0.1219492
0.04895851 0.6974666 0.2535748
0.05063794 0.789648 0.1597141
0.03479751 0.7618071 0.2033954
0.02810618 0.8025054 0.1693884
0.08378544 0.7854988 0.1307158
0.04964929 0.8083019 0.1420488
0.03752093 0.846586 0.1158931
0.1030148 0.7348814 0.1621039
0.02467622 0.87299 0.1023338
0.09135629 0.8363252 0.07231848
0.07342381 0.836337 0.09023921
0.08382379 0.7902191 0.1259571
0.1114587 0.8325502 0.05599112
0.07924747 0.7920032 0.1287494
0.06808696 0.7971222 0.1347909
0.0568537 0.8345619 0.1085844
0.1563833 0.7650325 0.07858421
0.1188513 0.7865479 0.09460078
0.08248868 0.7998734 0.117638
0.06503898 0.8222734 0.1126876
0.09226044 0.8302525 0.0774871
0.1410827 0.7612672 0.09765002
0.132274 0.7803002 0.0874258
0.08983513 0.8029423 0.1072226
0.06540383 0.8573752 0.07722102
0.09472236 0.7604557 0.1448219
0.05329628 0.7712903 0.1754135
0.03500847 0.8257439 0.1392476
0.03522319 0.8457901 0.1189867
0.09085383 0.8112752 0.09787094
0.0526082 0.8190279 0.1283639
0.05689162 0.8019468 0.1411615
0.01966091 0.8538579 0.1264812
0.08145106 0.7446173 0.1739317
0.03535436 0.8217886 0.142857
0.08774083 0.7622481 0.1500111
0.04758964 0.7721608 0.1802496
0.02940388 0.7856045 0.1849916
0.07985921 0.7751721 0.1449687
0.09828048 0.7999632 0.1017563
0.03564899 0.8458769 0.1184742
0.0587331 0.8281214 0.1131455
0.06076959 0.8085385 0.1306919
0.072918 0.7682117 0.1588703
0.05207538 0.8088103 0.1391143
0.03477777 0.8293744 0.1358478
0.05610189 0.7860141 0.157884
0.04726506 0.8402419 0.112493
0.04232071 0.7751562 0.1825231
0.07839919 0.6993592 0.2222416
0.0577822 0.7258956 0.2163222
0.07701675 0.7670677 0.1559155
0.1144847 0.7983673 0.08714802
0.04312545 0.8106783 0.1461963
0.1016872 0.7669855 0.1313273
0.05139032 0.7708229 0.1777868
0.03717139 0.7962241 0.1666045
0.06753936 0.7696105 0.1628501
0.06450987 0.7987957 0.1366944
0.06763212 0.7941666 0.1382013
0.1179732 0.7325642 0.1494627
0.07812367 0.775644 0.1462324
0.1490245 0.7487195 0.102256
0.05161721 0.820268 0.1281148
0.06005183 0.7623316 0.1776166
0.03032373 0.8366001 0.1330762
0.08818474 0.7625274 0.1492879
0.07790553 0.8126812 0.1094133
0.04381866 0.7456218 0.2105595
0.08480499 0.6845446 0.2306504
0.0464331 0.8509087 0.1026582
0.07147652 0.8367252 0.09179829
0.0340898 0.8272677 0.1386425
0.007269085 0.8011919 0.191539
0.03443616 0.7737064 0.1918575
0.06978851 0.7966164 0.1335951
0.05441336 0.8533466 0.09224001
0.03389756 0.8149385 0.151164
0.1116503 0.8004142 0.08793546
0.05412889 0.7972683 0.1486028
0.09226039 0.8360041 0.07173556
0.09661211 0.7453199 0.1580679
0.05983581 0.8050647 0.1350994
0.02274513 0.8193547 0.1579002
0.03757966 0.8090564 0.153364
0.04720222 0.7938909 0.1589069
0.0581774 0.8218193 0.1200033
0.03961219 0.8020897 0.1582981
0.06329365 0.8325077 0.1041986
0.05499426 0.6967933 0.2482124
0.06233385 0.7566724 0.1809938
0.04721364 0.7874527 0.1653337
0.0351891 0.8935188 0.07129209
0.05435494 0.7363363 0.2093088
0.04464973 0.8124691 0.1428812
0.1325798 0.7683891 0.09903103
0.04801197 0.763346 0.188642
0.1151354 0.7574534 0.1274112
0.05688206 0.8123023 0.1308157
0.06129255 0.8210297 0.1176778
0.05227192 0.7370541 0.210674
0.04197271 0.82603 0.1319973
0.04952634 0.7758883 0.1745854
0.04737296 0.7860419 0.1665852
0.03708719 0.8220951 0.1408177
0.07426405 0.8073569 0.1183791
0.06162469 0.7849215 0.1534538
0.05202045 0.791188 0.1567916
0.1264668 0.7881449 0.08538827
0.08558836 0.756045 0.1583666
0.09398379 0.8306764 0.07533983
0.06204461 0.7883471 0.1496083
0.05429997 0.7710391 0.1746609
0.06925065 0.8460958 0.08465351
0.07015477 0.8079488 0.1218965
0.09378346 0.7807768 0.1254397
0.06105019 0.7809112 0.1580386
0.05916337 0.7078456 0.232991
0.07823819 0.7394726 0.1822892
0.0381354 0.8004578 0.1614068
0.06319809 0.8280019 0.1088
0.1220356 0.71005 0.1679144
0.07789344 0.7933 0.1288066
0.05564249 0.7606415 0.183716
0.06524393 0.8125788 0.1221772
0.1542596 0.7120042 0.1337362
0.0348817 0.7542325 0.2108858
0.03653362 0.6762185 0.2872479
0.07022592 0.6983823 0.2313918
0.08624492 0.8391137 0.07464135
0.05171384 0.7805446 0.1677416
0.09017687 0.7586286 0.1511945
0.05988148 0.8331786 0.10694
0.1334256 0.7203472 0.1462272
0.1037465 0.7760242 0.1202292
0.06188613 0.8065248 0.1315891
0.02682966 0.8789167 0.09425367
0.08798686 0.8146835 0.09732966
0.09410621 0.7949729 0.1109209
0.1192807 0.7255195 0.1551998
0.09969757 0.7955642 0.1047382
0.1037097 0.7961587 0.1001317
0.09010674 0.7569521 0.1529412
0.07481381 0.7399354 0.1852508
0.03539733 0.8401112 0.1244915
0.02987422 0.7810215 0.1891043
0.07175174 0.8216111 0.1066372
0.0414767 0.813153 0.1453703
0.07621814 0.7903493 0.1334326
0.04889589 0.8090102 0.1420939
0.0673635 0.8330983 0.09953819
0.04473614 0.8351276 0.1201362
0.04498175 0.8081723 0.1468459
0.106303 0.7911871 0.1025099
0.04923224 0.7554863 0.1952815
0.0691725 0.7654179 0.1654096
0.04481174 0.8505533 0.104635
0.08730663 0.7642919 0.1484015
0.09787361 0.8064118 0.09571456
0.04665564 0.850854 0.1024903
0.0846937 0.7885823 0.126724
0.0848208 0.8000544 0.1151248
0.03840718 0.829922 0.1316708
0.07011028 0.7921389 0.1377508
0.04415712 0.8525232 0.1033196
0.07654406 0.8049556 0.1185004
0.05284398 0.7722887 0.1748674
0.05856298 0.7582835 0.1831536
0.05106064 0.84772 0.1012193
0.03752502 0.7933583 0.1691167
0.06544004 0.7558749 0.1786851
0.08127229 0.7840616 0.1346661
0.05160037 0.8181412 0.1302584
0.08371915 0.7339905 0.1822904
0.05228383 0.7762879 0.1714283
0.05253751 0.8196393 0.1278232
0.06266144 0.7896272 0.1477114
0.1747591 0.7810657 0.04417516
0.09727209 0.7306499 0.172078
0.1023886 0.8139571 0.08365432
0.04406519 0.8256533 0.1302815
0.04954748 0.7725816 0.1778709
0.08558365 0.8147372 0.09967912
0.06624774 0.7979753 0.135777
0.09145179 0.7479637 0.1605845
0.04424808 0.800382 0.1553699
0.08205179 0.7730307 0.1449175
0.05621199 0.8532141 0.09057395
0.08353061 0.8033607 0.1131087
0.0539836 0.7738371 0.1721793
0.05581326 0.7719016 0.1722851
0.1223501 0.7705346 0.1071153
0.05534152 0.7712187 0.1734398
0.04302775 0.8270163 0.1299559
0.07071732 0.8139141 0.1153686
0.1024067 0.7757513 0.1218419
0.05253371 0.7995714 0.1478949
0.1249355 0.776066 0.09899849
0.05913425 0.8609222 0.07994358
0.03058288 0.8796195 0.08979765
0.07157029 0.7588761 0.1695536
0.07442436 0.7539397 0.1716359
0.03675984 0.8554891 0.1077511
0.103766 0.7728264 0.1234076
0.008645103 0.730742 0.2606129
0.0370253 0.7548869 0.2080878
0.04623809 0.765996 0.1877659
0.05717626 0.8407926 0.1020311
0.09797295 0.7468349 0.1551921
0.03344696 0.8149415 0.1516115
0.04025273 0.7665397 0.1932076
0.02044876 0.8432788 0.1362725
0.07458623 0.8132857 0.1121281
0.04952335 0.7688014 0.1816752
0.07604568 0.7563933 0.167561
0.05853066 0.8170631 0.1244063
0.04083813 0.8282415 0.1309204
0.02431299 0.838699 0.136988
0.06528358 0.8149321 0.1197843
0.06771559 0.8359849 0.09629955
0.06875307 0.8090393 0.1222077
0.02185155 0.8067847 0.1713638
0.05212942 0.8205393 0.1273313
0.05207607 0.8631615 0.08476246
0.05618476 0.8099702 0.133845
0.07346097 0.7709677 0.1555713
0.06630109 0.8043079 0.129391
0.0450976 0.744583 0.2103194
0.05812516 0.7737174 0.1681575
0.0229922 0.8880985 0.08890933
0.06848307 0.8417303 0.0897866
0.08435048 0.8500361 0.06561345
0.08333316 0.7612553 0.1554115
0.09934008 0.8330462 0.06761371
0.04228668 0.8429006 0.1148127
0.08149591 0.7238079 0.1946962
0.1031458 0.7975288 0.09932543
0.02483695 0.833783 0.14138
0.03648755 0.7447505 0.2187619
0.05843909 0.8551285 0.0864324
0.08198128 0.75998 0.1580387
0.05643584 0.8107114 0.1328528
0.08364678 0.7621909 0.1541623
0.08537104 0.8238584 0.09077059
0.09602394 0.7578825 0.1460935
0.1633723 0.8281323 0.008495387
0.01975338 0.7903097 0.189937
0.07525131 0.7490455 0.1757032
0.03365353 0.776005 0.1903415
0.05713879 0.7823705 0.1604907
0.1041831 0.846951 0.04886595
0.07644202 0.7687332 0.1548248
0.05311944 0.7814134 0.1654671
0.03334548 0.8238058 0.1428487
0.05350186 0.8625038 0.08399437
0.083206 0.8379531 0.07884093
0.03975911 0.8333966 0.1268443
0.05162618 0.8744025 0.07397131
0.0641654 0.8014438 0.1343908
0.06640827 0.7794486 0.1541432
0.08692507 0.7557303 0.1573446
0.06534743 0.7487412 0.1859114
0.07566024 0.8123835 0.1119563
0.02804853 0.7674674 0.204484
0.05360767 0.8248736 0.1215188
0.08452862 0.7879381 0.1275333
0.1330957 0.7454896 0.1214147
0.1024206 0.8011821 0.09639728
0.07583194 0.7848321 0.139336
0.06534528 0.830031 0.1046238
0.04416579 0.855519 0.1003153
0.0536304 0.7850494 0.1613202
0.05351432 0.8073304 0.1391553
0.05291352 0.7861261 0.1609604
0.06906297 0.7988415 0.1320955
0.09638092 0.7503047 0.1533143
0.0549037 0.8689637 0.07613261
0.1298568 0.7524017 0.1177415
0.0591231 0.8310714 0.1098055
0.1235724 0.7156563 0.1607714
0.07391468 0.7277877 0.1982976
0.0894424 0.8347115 0.0758461
0.1272555 0.7970321 0.07571237
0.07945672 0.7859133 0.1346299
0.03740202 0.8197032 0.1428947
0.02433275 0.8097169 0.1659503
0.07069156 0.7810311 0.1482773
0.08075837 0.8107889 0.1084528
0.09391901 0.783849 0.122232
0.03118171 0.8706397 0.09817861
0.0454366 0.8363629 0.1182005
0.03518039 0.80796 0.1568596
0.1700995 0.7774659 0.05243459
0.08295504 0.7519196 0.1651253
0.04896598 0.7847834 0.1662506
0.0618697 0.7598505 0.1782798
0.04142825 0.8272779 0.1312939
0.09677022 0.7986473 0.1045825
0.06071389 0.7700661 0.16922
0.03003896 0.7445447 0.2254163
0.06454936 0.8028916 0.132559
0.06709313 0.8442476 0.08865932
0.05380056 0.7779363 0.1682632
0.01841886 0.8360397 0.1455415
0.1891167 0.736708 0.07417528
0.1080391 0.7380205 0.1539404
0.1686819 0.7505108 0.08080731
0.07828118 0.8034048 0.118314
0.04179837 0.8238292 0.1343724
0.05871974 0.7881725 0.1531077
0.07246313 0.8297917 0.09774519
0.07868868 0.7757597 0.1455517
0.09673075 0.7338674 0.1694018
0.07859256 0.7401357 0.1812718
0.03814791 0.8089502 0.1529019
0.04987638 0.8256919 0.1244317
0.06368606 0.7314159 0.2048981
0.0712468 0.7624097 0.1663435
0.02467144 0.836745 0.1385836
0.09272852 0.7584775 0.1487939
0.06621406 0.8594016 0.07438434
0.04200738 0.8221678 0.1358248
0.05962032 0.7774866 0.1628931
0.07071809 0.8164386 0.1128434
0.05336428 0.8058621 0.1407736
0.07266237 0.7957473 0.1315903
0.04374907 0.7864494 0.1698015
0.06133752 0.7858248 0.1528377
0.04486927 0.8029718 0.1521589
0.046604 0.7809022 0.1724938
0.01687246 0.8463534 0.1367742
0.03441787 0.8408068 0.1247753
0.03652828 0.7933879 0.1700838
0.05029195 0.83348 0.116228
0.1030385 0.7276469 0.1693146
0.06669841 0.7864858 0.1468158
0.07841269 0.8557751 0.06581224
0.05137979 0.8139787 0.1346415
0.07831256 0.7976007 0.1240867
0.06278516 0.8382332 0.09898169
0.1179295 0.6926557 0.1894149
0.03355499 0.8339856 0.1324594
0.1168915 0.7541625 0.128946
0.06231971 0.7643599 0.1733204
0.03238601 0.7988211 0.1687929
0.04355828 0.7789737 0.177468
0.04811097 0.8217497 0.1301393
0.1016191 0.7999174 0.09846347
0.067069 0.7763164 0.1566146
0.04658278 0.7967336 0.1566836
0.0409101 0.7627212 0.1963687
0.06576131 0.7145044 0.2197343
0.05885541 0.8242834 0.1168612
0.05930761 0.7497415 0.1909508
0.07011701 0.7844572 0.1454258
0.04497708 0.8046421 0.1503808
0.03159152 0.8241098 0.1442987
0.04240971 0.7992605 0.1583298
0.02399958 0.8308611 0.1451393
0.1086683 0.7761053 0.1152264
0.05740634 0.8206885 0.1219051
0.03006695 0.8620344 0.1078987
0.0228628 0.8651762 0.111961
0.09492449 0.7037536 0.2013219
0.0563551 0.8660223 0.07762261
0.05227651 0.7578611 0.1898624
0.03615465 0.7651249 0.1987205
0.0737698 0.8356743 0.09055587
0.05819101 0.8467863 0.0950227
0.07686825 0.7953528 0.127779
0.08512745 0.8071943 0.1076783
0.07132855 0.761972 0.1666994
0.07943884 0.8294584 0.09110275
0.05661156 0.7797044 0.163684
0.05618282 0.7851243 0.1586929
0.06962739 0.8085686 0.121804
0.03899581 0.8071259 0.1538782
0.04496231 0.8277218 0.1273159
0.03884488 0.7759534 0.1852017
0.09862788 0.7970596 0.1043126
0.05264154 0.8396714 0.1076871
0.08778883 0.743412 0.1687992
0.05511106 0.8672564 0.07763249
0.08546033 0.766884 0.1476557
0.01076723 0.825775 0.1634578
0.09360713 0.7929468 0.1134461
0.06229064 0.8480435 0.08966581
0.06402641 0.7730351 0.1629384
0.05928412 0.8158424 0.1248735
0.04175962 0.7616529 0.1965875
0.0748324 0.7989996 0.126168
0.06941264 0.8203451 0.1102423
0.04361641 0.8647498 0.09163379
0.07798765 0.8305913 0.09142103
0.05899419 0.733777 0.2072289
0.04670586 0.7557282 0.197566
0.04463634 0.7702275 0.1851362
0.03138826 0.7890731 0.1795387
0.05561625 0.7900196 0.1543641
0.09891629 0.7995553 0.1015284
0.0612811 0.8264888 0.1122301
0.08156181 0.8017664 0.1166718
0.05993771 0.8914393 0.04862298
0.04194356 0.8103235 0.147733
0.06395507 0.7988269 0.1372181
0.09061752 0.7222117 0.1871708
0.09206674 0.7481071 0.1598262
0.06660043 0.7470071 0.1863925
0.03250434 0.8468552 0.1206405
0.09433289 0.7747633 0.1309038
0.03686813 0.7949805 0.1681514
0.1221394 0.6499745 0.2278861
0.02684814 0.8292877 0.1438641
0.07013399 0.7681742 0.1616918
0.03077596 0.8327428 0.1364813
0.03251772 0.8678351 0.09964716
0.06633091 0.809799 0.1238701
0.0628017 0.7899459 0.1472524
0.04601035 0.8507613 0.1032284
0.07013031 0.763316 0.1665536
0.03866216 0.7675288 0.193809
0.0694373 0.7956455 0.1349172
0.06141251 0.7583213 0.1802662
0.0492712 0.7603124 0.1904164
0.1115096 0.73643 0.1520604
0.07635781 0.7643821 0.1592601
0.07896576 0.8104677 0.1105665
0.08974792 0.8295667 0.08068539
0.07106741 0.7771171 0.1518155
0.06533779 0.7872202 0.147442
0.1105747 0.8428306 0.04659473
0.08472236 0.8112313 0.1040463
0.02542522 0.8388176 0.1357572
0.09258078 0.7915449 0.1158743
0.04539633 0.8055348 0.1490689
0.128172 0.76317 0.1086581
0.09151354 0.7808591 0.1276274
0.1007677 0.7285414 0.1706909
0.04169398 0.8118222 0.1464838
0.04841679 0.7553038 0.1962794
0.04925754 0.7771315 0.1736109
0.05798971 0.8653478 0.07666245
0.0575219 0.8449095 0.09756864
0.03342288 0.814904 0.1516731
0.05533089 0.8372122 0.1074569
0.05118407 0.8558497 0.09296619
0.09637156 0.7778197 0.1258087
0.05206389 0.8118048 0.1361313
0.05369331 0.7868278 0.1594789
0.02893254 0.815808 0.1552595
0.06546265 0.802014 0.1325234
0.0427717 0.7583977 0.1988306
0.112711 0.7894703 0.09781872
0.03552538 0.7828873 0.1815874
0.05935046 0.7850372 0.1556123
0.04088812 0.8149832 0.1441287
0.04266069 0.8383101 0.1190292
0.06854928 0.7482848 0.183166
0.02310342 0.8804552 0.09644138
0.06640726 0.819147 0.1144458
0.07480808 0.7080202 0.2171717
0.0415784 0.8292239 0.1291977
0.08535278 0.7063644 0.2082828
0.06433592 0.838191 0.09747312
0.08189667 0.7876807 0.1304226
0.05771449 0.8345098 0.1077757
0.09199386 0.8095264 0.0984797
0.04960638 0.8378774 0.1125162
0.0550701 0.7244253 0.2205046
0.08545499 0.8379147 0.07663035
0.04075106 0.8214119 0.137837
0.04373546 0.832344 0.1239205
0.08991444 0.7539959 0.1560897
0.05980636 0.7570897 0.183104
0.1032617 0.7414102 0.1553281
0.04245093 0.7375997 0.2199493
0.05953483 0.8039574 0.1365077
0.1300543 0.7434095 0.1265362
0.09856855 0.7749493 0.1264821
0.06361174 0.7955655 0.1408228
0.1395555 0.7769781 0.08346635
0.05139928 0.7755379 0.1730628
0.06160525 0.7661559 0.1722388
0.1004542 0.7314136 0.1681322
0.04461926 0.7859039 0.1694768
0.000665867 0.8125651 0.186769
0.08949554 0.8488614 0.06164302
0.08407198 0.7645232 0.1514048
0.04519495 0.748511 0.206294
0.08416744 0.8370537 0.07877885
0.03390721 0.8380675 0.1280253
0.07164883 0.7732215 0.1551296
0.04427187 0.838439 0.1172891
0.05081925 0.7890339 0.1601468
0.05764746 0.8470465 0.09530608
0.03452397 0.8457827 0.1196934
0.09756149 0.831856 0.07058251
0.05237814 0.8300452 0.1175767
0.06230743 0.7647923 0.1729003
0.04182503 0.8415273 0.1166476
0.05524775 0.7794644 0.1652879
0.07551863 0.7688651 0.1556163
0.05815296 0.8101305 0.1317166
0.1190489 0.7437638 0.1371873
0.03614902 0.8028588 0.1609921
0.05027982 0.8053808 0.1443394
0.1631897 0.7727592 0.06405118
0.06796939 0.7949136 0.137117
0.06046665 0.7808647 0.1586687
0.05735896 0.8105419 0.1320992
0.04824296 0.7596961 0.1920609
0.02915814 0.8191661 0.1516757
0.0572839 0.7937731 0.148943
0.0657809 0.8387724 0.09544668
0.1002567 0.7590813 0.1406621
0.09845552 0.7925967 0.1089478
0.1783438 0.7371667 0.08448945
0.06166847 0.8636733 0.07465823
0.09063649 0.7683098 0.1410537
0.03551747 0.8401119 0.1243706
0.06022189 0.8089761 0.130802
0.128863 0.7232463 0.1478908
0.06700969 0.8009051 0.1320852
0.1134682 0.76916 0.1173718
0.08776897 0.7759048 0.1363262
0.04237761 0.8512734 0.106349
0.06541098 0.7733516 0.1612374
0.09581775 0.8008888 0.1032935
0.1168155 0.7560563 0.1271281
0.05004658 0.8355617 0.1143917
0.05328866 0.8554587 0.09125267
0.03604959 0.7887112 0.1752392
0.0730122 0.817782 0.1092058
0.03679533 0.7970554 0.1661493
0.06805891 0.8266535 0.1052876
0.01812106 0.764811 0.2170679
0.07364412 0.7742781 0.1520777
0.09707298 0.7031595 0.1997676
0.0685769 0.8085472 0.1228759
0.05211056 0.8081776 0.1397118
0.03330311 0.835216 0.1314809
0.09014088 0.8199135 0.08994562
0.03740738 0.8039216 0.158671
0.05116986 0.838957 0.1098732
0.07477981 0.8450087 0.08021148
0.08045019 0.8121167 0.1074331
0.04933073 0.8519259 0.09874337
0.03283515 0.831668 0.1354969
0.05034113 0.8357093 0.1139495
0.07044742 0.8088958 0.1206568
0.03534484 0.8741355 0.09051966
0.09023696 0.7408251 0.1689379
0.09362309 0.7286588 0.1777181
0.1128174 0.7855804 0.1016022
0.09605897 0.8339359 0.07000513
0.1226341 0.7685041 0.1088618
0.02691804 0.8248126 0.1482693
0.04976072 0.8001955 0.1500438
0.039286 0.7966603 0.1640537
0.0559166 0.7429678 0.2011156
0.09177814 0.824508 0.08371387
0.09828716 0.7530422 0.1486707
0.06117225 0.8046012 0.1342266
0.1007875 0.7724351 0.1267774
0.08771804 0.7558391 0.1564428
0.08635117 0.7893158 0.124333
0.06997709 0.7287326 0.2012903
0.0878425 0.7129081 0.1992494
0.06053633 0.8368107 0.102653
0.05963758 0.7835263 0.1568361
0.06191069 0.8053896 0.1326997
0.06729615 0.7850219 0.147682
0.02915424 0.815419 0.1554268
0.06476475 0.8262496 0.1089856
0.06401863 0.7832951 0.1526863
0.07294643 0.7460444 0.1810092
0.08553126 0.7554715 0.1589973
0.02668692 0.8356928 0.1376202
0.05719617 0.7475967 0.1952071
0.05587401 0.8444627 0.09966327
0.09323262 0.782114 0.1246534
0.1008955 0.8042319 0.09487266
0.02851549 0.8453004 0.1261841
0.08918972 0.8159742 0.09483611
0.04220647 0.8043437 0.1534499
0.03810436 0.8122758 0.1496198
0.07306459 0.7767488 0.1501867
0.03737759 0.8493716 0.1132508
0.08086278 0.7743488 0.1447885
0.0991679 0.7209649 0.1798672
0.027645 0.8345632 0.1377918
0.0946881 0.7645445 0.1407674
0.0646262 0.8232187 0.1121551
0.03237691 0.8478714 0.1197517
0.0904963 0.7628561 0.1466476
0.0998493 0.7638862 0.1362645
0.02264423 0.816057 0.1612988
0.03529796 0.8498532 0.1148488
0.06406489 0.8470007 0.0889344
0.03276882 0.7098018 0.2574293
0.01766952 0.8609862 0.1213442
0.04133124 0.7991746 0.1594941
0.04080969 0.7945998 0.1645905
0.06342673 0.833251 0.1033222
0.1119107 0.7577091 0.1303802
0.03711842 0.8205367 0.1423449
0.06795526 0.8248765 0.1071682
0.04836462 0.7651802 0.1864552
0.0423325 0.8259599 0.1317076
0.03424215 0.8073231 0.1584347
0.0324102 0.8763939 0.09119587
0.06327901 0.8294567 0.1072643
0.1111157 0.7438757 0.1450086
0.04947913 0.8072154 0.1433054
0.07757775 0.7569368 0.1654855
0.1400895 0.7532028 0.1067077
0.06400349 0.7469535 0.189043
0.05026701 0.8343757 0.1153573
0.05175837 0.8170585 0.1311831
0.07729009 0.8398547 0.08285521
0.03713466 0.8360213 0.126844
0.1100533 0.7821801 0.1077665
0.04264237 0.7376157 0.2197419
0.02879982 0.8999564 0.07124382
0.08462975 0.7355341 0.1798361
0.07168149 0.8023378 0.1259807
0.09756154 0.7407275 0.161711
0.09109671 0.7628254 0.1460779
0.08262616 0.7877446 0.1296293
0.02792299 0.7856604 0.1864166
0.08542576 0.7527411 0.1618331
0.05529906 0.7286412 0.2160597
0.04780805 0.7892104 0.1629816
0.05271491 0.7904749 0.1568102
0.02604409 0.8306416 0.1433143
0.04356886 0.8127914 0.1436397
0.02476282 0.8727542 0.1024829
0.03604392 0.7870934 0.1768627
0.05405522 0.7934466 0.1524981
0.05096389 0.808568 0.1404681
0.03768074 0.8080053 0.154314
0.07360078 0.8187931 0.1076061
0.07415769 0.733553 0.1922893
0.04500842 0.8116552 0.1433364
0.02262102 0.8299123 0.1474667
0.03886003 0.8869359 0.07420407
0.06738619 0.7844732 0.1481406
0.04141892 0.8327902 0.1257909
0.07685132 0.791269 0.1318796
0.07921948 0.8149134 0.1058671
0.06645012 0.7622449 0.171305
0.05090168 0.8840824 0.06501592
0.06470233 0.74262 0.1926777
0.04510813 0.7995213 0.1553705
0.04652621 0.8674499 0.08602386
0.07898504 0.7571621 0.1638529
0.07564343 0.774044 0.1503126
0.05197236 0.8205401 0.1274876
0.06162789 0.8099462 0.1284259
0.07227172 0.7719739 0.1557544
0.08800639 0.7995247 0.1124689
0.05267641 0.7698356 0.177488
0.1040131 0.80976 0.08622692
0.05203535 0.8706532 0.07731149
0.07996176 0.745211 0.1748272
0.07113247 0.7486376 0.1802299
0.04522591 0.8033047 0.1514694
0.08199815 0.7538581 0.1641438
0.1081495 0.7697988 0.1220517
0.03084573 0.7574044 0.2117498
0.03292732 0.8224789 0.1445938
0.05195747 0.7692215 0.1788211
0.0651575 0.7884572 0.1463853
0.0485498 0.846475 0.1049752
0.03369184 0.7549614 0.2113468
0.06925561 0.8096695 0.1210749
0.05985277 0.7759398 0.1642074
0.05351781 0.7055167 0.2409655
0.04873133 0.8417496 0.1095191
0.04509838 0.8496309 0.1052707
0.08541809 0.7719466 0.1426353
0.05771191 0.7850971 0.157191
0.07514101 0.7560816 0.1687774
0.05647245 0.7435043 0.2000232
0.04390291 0.8065479 0.1495492
0.05149631 0.8161295 0.1323742
0.04446905 0.7927821 0.1627488
0.1765624 0.7766701 0.04676751
0.03635564 0.7844193 0.179225
0.06705853 0.7639302 0.1690112
0.08308639 0.8124806 0.104433
0.07141153 0.7215905 0.206998
0.0513134 0.8117319 0.1369547
0.037066 0.8411294 0.1218046
0.06886736 0.8392769 0.09185577
0.06792417 0.8101597 0.1219162
0.08018523 0.7921028 0.127712
0.07361027 0.8595949 0.06679484
0.024321 0.9100076 0.06567143
0.05920797 0.7416608 0.1991312
0.0924033 0.7611795 0.1464172
0.0735478 0.8230868 0.1033653
0.03041617 0.8095009 0.160083
0.04052705 0.8065035 0.1529695
0.0742341 0.7990179 0.126748
0.05944577 0.8282488 0.1123054
0.1131029 0.722866 0.1640311
0.0520012 0.8237752 0.1242236
0.04593346 0.7667219 0.1873447
0.07454793 0.7898992 0.1355529
0.07510233 0.7846186 0.140279
0.03297012 0.7873706 0.1796593
0.04971312 0.8115357 0.1387512
0.05315528 0.7597809 0.1870638
0.08702316 0.7662851 0.1466917
0.07802412 0.7275149 0.194461
0.08054116 0.7305672 0.1888916
0.03019773 0.887705 0.08209724
0.1048782 0.7360192 0.1591026
0.07399168 0.7931527 0.1328556
0.05037672 0.808584 0.1410393
0.05298887 0.7819093 0.1651018
0.04622637 0.8194066 0.134367
0.0401558 0.820109 0.1397352
0.07695996 0.8344921 0.08854793
0.04453187 0.8183141 0.1371541
0.1276507 0.8376981 0.03465116
0.04612173 0.8424316 0.1114466
0.07915911 0.798407 0.1224338
0.04703526 0.8039261 0.1490386
0.07287142 0.8406784 0.08645014
0.03906616 0.7890801 0.1718537
0.1149074 0.753473 0.1316196
0.06608124 0.8178649 0.1160539
0.06249435 0.838191 0.0993146
0.06115145 0.7819439 0.1569047
0.04489374 0.7804275 0.1746788
0.07323884 0.7795272 0.147234
0.06883492 0.8269788 0.1041863
0.09038536 0.7738415 0.1357732
0.07297411 0.7735229 0.1535029
0.05905793 0.787738 0.1532041
0.07628287 0.8117687 0.1119485
0.06429685 0.8159297 0.1197734
0.05670208 0.851453 0.09184497
0.04995425 0.7683767 0.1816691
0.04129982 0.8278684 0.1308318
0.05630814 0.8015662 0.1421257
0.09102285 0.739344 0.1696331
0.05221185 0.7572692 0.190519
0.03988378 0.808507 0.1516092
0.09063749 0.7848679 0.1244946
0.06194455 0.8505688 0.0874867
0.01727536 0.9043883 0.07833632
0.04471905 0.8695505 0.08573042
0.07037605 0.7906981 0.1389259
0.09141809 0.7721521 0.1364299
0.09523754 0.7926131 0.1121494
0.1031336 0.7445451 0.1523213
0.08691587 0.7723737 0.1407104
0.04311863 0.7703769 0.1865045
0.1223875 0.6938925 0.18372
0.07512519 0.7915452 0.1333296
0.03279534 0.8197971 0.1474075
0.08272265 0.7956137 0.1216636
0.07006234 0.745166 0.1847716
0.03134719 0.8501227 0.1185301
0.04197392 0.7428653 0.2151608
0.05837821 0.81464 0.1269818
0.05648205 0.8014179 0.1421
0.06555913 0.7262107 0.2082302
0.008863142 0.7877177 0.2034191
0.03785485 0.7322231 0.2299221
0.07788439 0.7500779 0.1720377
0.0394758 0.8274898 0.1330344
0.1388404 0.6781789 0.1829806
0.08054016 0.746911 0.1725489
0.04769284 0.8133754 0.1389317
0.07049993 0.7478308 0.1816693
0.08834309 0.8341262 0.07753076
0.03633738 0.7898549 0.1738077
0.06529619 0.8214783 0.1132255
0.03588728 0.8455963 0.1185164
0.04032403 0.76919 0.1904859
0.04504032 0.8126967 0.1422629
0.04849421 0.8389521 0.1125536
0.07915156 0.7796594 0.141189
0.07325315 0.8313723 0.09537455
0.02582086 0.80021 0.1739691
0.02346166 0.8616481 0.1148902
0.0632162 0.8151743 0.1216095
0.0687657 0.8181102 0.1131241
0.0790359 0.7750739 0.1458902
0.03145892 0.782463 0.1860781
0.04900606 0.7577713 0.1932227
0.05924537 0.8254048 0.1153498
0.07330968 0.7138419 0.2128485
0.1165013 0.7951752 0.08832354
0.165678 0.7304444 0.1038776
0.04684537 0.7778557 0.1752989
0.07593201 0.8098867 0.1141813
0.06148744 0.8170042 0.1215084
0.03981349 0.8173009 0.1428857
0.04244061 0.7923372 0.1652222
0.08627715 0.7760679 0.137655
0.03991637 0.8132448 0.1468388
0.05583657 0.8294816 0.1146818
0.05403697 0.7998536 0.1461094
0.074399 0.6945009 0.2311001
0.03237831 0.8273914 0.1402303
0.08415502 0.8300208 0.08582418
0.02506519 0.7589607 0.2159741
0.04935674 0.7592298 0.1914135
0.06773371 0.7734775 0.1587888
0.03147691 0.7864466 0.1820765
0.0530544 0.7624737 0.1844719
0.08205046 0.8322823 0.08566727
0.05829841 0.844286 0.09741561
0.07001299 0.8198954 0.1100916
0.06917091 0.8085175 0.1223116
0.05948796 0.8253792 0.1151328
0.03860423 0.8142351 0.1471607
0.0665022 0.7859672 0.1475306
0.04125453 0.7851777 0.1735677
0.03181147 0.8227401 0.1454484
0.05134015 0.8323894 0.1162704
0.02133436 0.7775906 0.2010751
0.04014603 0.8494823 0.1103717
0.1093193 0.7828031 0.1078776
0.04218934 0.7334504 0.2243602
0.1155391 0.7467651 0.1376958
0.05053795 0.8176268 0.1318353
0.05521809 0.8297947 0.1149872
0.1057872 0.7307556 0.1634572
0.03431675 0.803179 0.1625043
0.039221 0.8163162 0.1444628
0.0697325 0.8288086 0.1014589
0.06055466 0.8025686 0.1368767
0.05100677 0.7898726 0.1591206
0.0563317 0.7938508 0.1498175
0.02063664 0.8366438 0.1427196
0.06668069 0.7251499 0.2081694
0.0632715 0.8114731 0.1252554
0.07673609 0.802062 0.1212019
0.04487322 0.8159884 0.1391384
0.0556951 0.7771575 0.1671474
0.07720274 0.8041399 0.1186574
0.05652455 0.7860124 0.1574631
0.05525404 0.8522727 0.09247323
0.1172079 0.7373177 0.1454743
0.07722229 0.7168335 0.2059442
0.1005034 0.7729783 0.1265183
0.07411832 0.7787597 0.147122
0.0537997 0.8022284 0.1439719
0.1009616 0.7794259 0.1196125
0.05071994 0.7870319 0.1622481
0.08036466 0.8057901 0.1138453
0.03907717 0.8549995 0.1059234
0.05595627 0.7791638 0.16488
0.110282 0.7662515 0.1234666
0.1144861 0.7851202 0.1003937
0.07209283 0.8224617 0.1054455
0.03631979 0.7874464 0.1762338
0.07544611 0.7400693 0.1844846
0.05710019 0.7811182 0.1617816
0.1466577 0.7467871 0.1065553
0.1419328 0.7580457 0.1000215
0.0624893 0.8314481 0.1060626
0.02454286 0.8040273 0.1714298
0.06320065 0.8181064 0.118693
0.0622941 0.7597093 0.1779966
0.0970582 0.73319 0.1697518
0.06305296 0.7936035 0.1433435
0.1281729 0.7340491 0.137778
0.08788086 0.7761078 0.1360113
0.08182282 0.8025351 0.1156421
0.03592599 0.814981 0.149093
0.06665388 0.7641927 0.1691534
0.07391513 0.7921253 0.1339596
0.08619411 0.8050257 0.1087802
0.04967691 0.8096643 0.1406588
0.03901532 0.792175 0.1688097
0.04951031 0.8109809 0.1395088
0.03461049 0.8109499 0.1544396
0.0536569 0.8193597 0.1269834
0.106025 0.7336256 0.1603494
0.04273536 0.750755 0.2065096
0.0960485 0.7759465 0.1280051
0.01957436 0.8571182 0.1233075
0.06389703 0.790298 0.145805
0.08065093 0.6433713 0.2759777
0.0469878 0.7708465 0.1821657
0.06657607 0.8285393 0.1048846
0.09411857 0.7608302 0.1450513
0.04757898 0.7701451 0.1822759
0.09063895 0.8242779 0.08508313
0.1424381 0.7749626 0.0825993
0.1032317 0.7550052 0.1417632
0.1137148 0.7770424 0.1092429
0.08007687 0.7214036 0.1985195
0.08909082 0.833256 0.07765321
0.06315088 0.7635194 0.1733298
0.02878929 0.8109554 0.1602553
0.04368487 0.7698024 0.1865128
0.06314282 0.8107714 0.1260858
0.1047171 0.7886435 0.1066393
0.06242718 0.8179131 0.1196597
0.026225 0.8565519 0.1172231
0.1337444 0.7220995 0.1441561
0.03562344 0.8573974 0.1069792
0.06833739 0.8097886 0.121874
0.07888689 0.7807901 0.140323
0.05933354 0.7590498 0.1816167
0.04108143 0.8227209 0.1361976
0.0620367 0.8067456 0.1312177
0.07513505 0.8274678 0.09739712
0.05801056 0.8064783 0.1355111
0.08086926 0.7470184 0.1721123
0.07387687 0.7550599 0.1710632
0.03119675 0.817549 0.1512543
0.07903353 0.7917691 0.1291974
0.06095768 0.8283629 0.1106794
0.06455494 0.8301465 0.1052986
0.03853196 0.7803838 0.1810842
0.08058109 0.7783301 0.1410888
0.1203772 0.749202 0.1304208
0.03452635 0.759173 0.2063007
0.04212391 0.8164734 0.1414027
0.06494172 0.8522842 0.08277411
0.09168597 0.7643432 0.1439708
0.08805459 0.80748 0.1044654
0.04953063 0.8028266 0.1476428
0.06175379 0.782642 0.1556042
0.09627603 0.690758 0.212966
0.1083357 0.7725764 0.1190879
0.1272355 0.7777083 0.09505624
0.08510037 0.7429995 0.1719002
0.07743372 0.8377996 0.08476673
0.1295789 0.7244078 0.1460133
0.08872356 0.831811 0.07946541
0.06430793 0.8146242 0.1210679
0.04948407 0.7264734 0.2240425
0.06281417 0.8537585 0.08342734
0.0509779 0.8040465 0.1449756
0.03731653 0.8342006 0.1284828
0.0648491 0.8037 0.1314509
0.05966443 0.7937904 0.1465452
0.05650828 0.7870872 0.1564046
0.03378282 0.7920415 0.1741757
0.03321283 0.7635924 0.2031947
0.06993051 0.7984955 0.131574
0.01738411 0.7594346 0.2231813
0.03727258 0.8450267 0.1177008
0.05430223 0.7537824 0.1919153
0.05491156 0.8201402 0.1249482
0.08727555 0.7666256 0.1460988
0.06357624 0.7788086 0.1576152
0.07666357 0.7862668 0.1370697
0.06418577 0.7924037 0.1434105
0.0732207 0.781283 0.1454963
0.1004331 0.8020498 0.09751703
0.04277777 0.8020997 0.1551225
0.04434774 0.8425718 0.1130804
0.04917577 0.8427826 0.1080416
0.05482766 0.79211 0.1530624
0.0189956 0.8431751 0.1378293
0.04357652 0.8508429 0.1055806
0.108578 0.7635114 0.1279106
0.04103786 0.7790615 0.1799007
0.06052298 0.8205277 0.1189493
0.04405534 0.7579707 0.1979739
0.04282137 0.7989997 0.1581789
0.07006749 0.7537591 0.1761734
0.1234836 0.7673525 0.1091639
0.04799552 0.8432051 0.1087993
0.04694699 0.7414846 0.2115684
0.04272534 0.8021261 0.1551486
0.08125103 0.8158397 0.1029093
0.04078104 0.7896852 0.1695337
0.0607258 0.7147088 0.2245654
0.07242741 0.7641008 0.1634718
0.03439647 0.7979602 0.1676433
0.1032306 0.7252832 0.1714862
0.03258646 0.8002286 0.1671849
0.04706487 0.8293384 0.1235967
0.04375519 0.8272995 0.1289454
0.03237814 0.8293345 0.1382873
0.0487191 0.7361802 0.2151007
0.09662828 0.7581343 0.1452374
0.03260394 0.8329278 0.1344682
0.03064279 0.7945167 0.1748405
0.06147947 0.8124332 0.1260874
0.0810024 0.8286795 0.09031808
0.03760337 0.770013 0.1923836
0.07660331 0.7625038 0.1608929
0.03948051 0.8312023 0.1293172
0.05318232 0.8193758 0.1274418
0.0508143 0.8174673 0.1317183
0.1270402 0.7679117 0.1050481
0.05920649 0.8737985 0.06699504
0.1076959 0.7743409 0.1179633
0.08065393 0.8000758 0.1192703
0.1258508 0.763595 0.1105542
0.07807699 0.8035736 0.1183494
0.08530699 0.7468264 0.1678666
0.06333504 0.7959538 0.1407112
0.09119915 0.8155723 0.09322859
0.08811915 0.7111722 0.2007086
0.06963864 0.7187605 0.2116009
0.08922558 0.7998977 0.1108767
0.05439738 0.7632429 0.1823597
0.03631368 0.8031782 0.1605082
0.06865572 0.8015909 0.1297534
0.04370895 0.8392865 0.1170045
0.0652645 0.820381 0.1143545
0.1093793 0.7596585 0.1309623
0.05297134 0.7467212 0.2003075
0.09172704 0.7825645 0.1257085
0.06753281 0.7715528 0.1609144
0.03473072 0.8208625 0.1444068
0.02794748 0.7869561 0.1850965
0.07177406 0.7355762 0.1926497
0.09061595 0.8112442 0.09813986
0.0973023 0.8514147 0.05128301
0.08425138 0.7776592 0.1380894
0.1029663 0.7881784 0.1088554
0.09391076 0.7632315 0.1428577
0.1361725 0.770423 0.09340452
0.105935 0.7183909 0.1756741
0.05066397 0.758368 0.1909681
0.03640025 0.8580721 0.1055276
0.1158886 0.6414776 0.2426338
0.03562934 0.8280738 0.1362969
0.07131758 0.7670303 0.1616522
0.04004088 0.858379 0.1015802
0.049414 0.8035115 0.1470745
0.06973138 0.7871389 0.1431297
0.1072192 0.7636678 0.129113
0.06674525 0.7857066 0.1475482
0.08327711 0.7665462 0.1501767
0.1113935 0.8480546 0.04055188
0.1037013 0.725933 0.1703657
0.1240811 0.7797933 0.0961256
0.05387797 0.8051319 0.1409901
0.06325541 0.8225175 0.1142271
0.01486612 0.8446834 0.1404505
0.06934635 0.7947597 0.1358939
0.06758781 0.8323905 0.1000217
0.04759204 0.7608624 0.1915456
0.1061829 0.7159556 0.1778615
0.02599216 0.8837081 0.09029969
0.07053547 0.8176481 0.1118164
0.01962883 0.8931112 0.08725998
0.03836053 0.7719211 0.1897184
0.05286291 0.7686862 0.1784509
