p_1 p_2 p_3 p_4 
0.001815309 0.3533074 0.6422799 0.002597343 
0.001340478 0.3508971 0.6456351 0.002127397 
0.004982855 0.194647 0.794154 0.006216194 
0.0040863 0.1866806 0.8067126 0.00252053 
0.002966602 0.382708 0.6078737 0.006451694 
0.003891914 0.3464219 0.6494912 0.0001950293 
0.001610407 0.2374127 0.7598579 0.001118926 
0.001792708 0.3313263 0.6478999 0.01898108 
0.01747144 0.3544799 0.6258726 0.002176072 
0.01003299 0.2958189 0.6857252 0.008422894 
0.001630213 0.3222916 0.6713337 0.004744493 
0.008502754 0.2518711 0.7370181 0.002608089 
0.01754819 0.3204247 0.653953 0.008074112 
0.001701193 0.2640163 0.7271904 0.007092052 
0.003645343 0.3103393 0.6849995 0.001015825 
0.002388404 0.3210906 0.6611515 0.01536955 
0.001130668 0.3341749 0.6644665 0.0002279935 
0.0005535776 0.2998718 0.6876467 0.01192788 
0.003175465 0.282119 0.7131061 0.00159945 
0.0009903817 0.2873007 0.7091145 0.002594348 
0.004712066 0.2966056 0.6921712 0.00651114 
0.008262954 0.354305 0.6360926 0.001339408 
0.003511904 0.2787452 0.706919 0.01082388 
0.00421646 0.3412356 0.6542749 0.0002731011 
0.01420654 0.3034118 0.6771574 0.005224305 
0.02569088 0.2935531 0.6795873 0.001168757 
0.006797667 0.2981166 0.6925398 0.002545945 
0.007991604 0.2863935 0.704497 0.001117938 
0.004822736 0.3632257 0.6230208 0.008930796 
0.003287119 0.2991794 0.6911118 0.006421665 
0.001661904 0.254318 0.7425808 0.001439314 
0.0286327 0.3229883 0.6469612 0.00141776 
0.0004853077 0.2965546 0.7010843 0.001875861 
0.01072418 0.3022524 0.6798404 0.007183096 
0.002448498 0.3373815 0.6460409 0.01412908 
0.005312782 0.2708655 0.7081433 0.01567839 
0.009323824 0.2310088 0.7556038 0.004063616 
2.548214e-05 0.2683274 0.6949694 0.0366777 
0.03170459 0.2696466 0.6972336 0.001415189 
0.0002606404 0.2697844 0.7216572 0.008297748 
0.01073437 0.2727766 0.7077542 0.00873481 
0.0006804904 0.3222632 0.6626698 0.01438647 
0.001104537 0.2942926 0.6883807 0.01622216 
0.01079235 0.2850892 0.6871115 0.01700692 
0.009741181 0.305992 0.6827295 0.001537337 
0.003642077 0.3138136 0.6789442 0.003600154 
0.01068507 0.2483995 0.7318001 0.009115345 
0.01191159 0.177343 0.8076605 0.003084858 
0.01641064 0.3100189 0.6698256 0.003744793 
0.005291093 0.2963386 0.6947239 0.00364646 
0.01092311 0.3459411 0.6168152 0.02632059 
0.003536543 0.39783 0.5945252 0.004108256 
0.007180532 0.293691 0.6965022 0.00262622 
0.01596862 0.2423536 0.7381349 0.003542906 
0.02486279 0.3466411 0.6271834 0.001312732 
0.005511936 0.1857345 0.8076692 0.00108443 
0.007101007 0.3519425 0.6401942 0.0007622767 
0.002270774 0.2860353 0.6800905 0.03160343 
0.00350724 0.2208898 0.7713007 0.004302257 
0.01366076 0.2985597 0.6848508 0.002928702 
0.003163173 0.2896429 0.704839 0.002354928 
0.004372062 0.2966741 0.6945173 0.004436517 
0.003774861 0.1989377 0.7946657 0.002621833 
0.001687062 0.3532098 0.6328597 0.01224338 
0.005954752 0.2643229 0.7125629 0.01715945 
0.003488228 0.2703483 0.7172447 0.00891877 
0.003802883 0.3050856 0.6761958 0.01491573 
0.003731752 0.296724 0.6917995 0.007744736 
0.01220374 0.2810518 0.702824 0.003920423 
0.0153231 0.4369614 0.5424601 0.005255322 
0.006465767 0.3208856 0.6491583 0.0234904 
0.02184252 0.3257996 0.6481303 0.004227607 
0.009913845 0.2228762 0.7616136 0.005596366 
0.0009925175 0.2273917 0.7569364 0.0146794 
0.005035692 0.4080863 0.586332 0.0005459995 
0.01717751 0.264952 0.713201 0.004669474 
0.0009654201 0.4219189 0.5761854 0.00093025 
0.006771238 0.3085835 0.6828752 0.001770063 
0.01665296 0.2818833 0.6968015 0.004662242 
0.0001072061 0.2247147 0.7733079 0.001870173 
0.0005887569 0.2577065 0.7367232 0.004981612 
0.01160086 0.3262744 0.654307 0.007817691 
0.004141437 0.3044166 0.6845033 0.006938639 
0.009785102 0.3343575 0.6538058 0.002051655 
0.001043913 0.3232183 0.6702295 0.00550828 
0.006872101 0.2172272 0.7753321 0.0005686032 
0.001929824 0.248936 0.7473579 0.001776279 
0.001860711 0.2530184 0.7310574 0.01406351 
0.00156386 0.2280124 0.7691812 0.001242578 
0.006219763 0.3578142 0.6298567 0.006109358 
0.01102685 0.3127799 0.6680452 0.00814808 
0.02063107 0.2563035 0.7180346 0.005030878 
0.004448208 0.2310887 0.7462998 0.01816333 
0.009346325 0.2774548 0.7020263 0.01117256 
0.007859746 0.3633663 0.6272645 0.001509418 
0.001458531 0.3510289 0.6400879 0.007424663 
0.01259571 0.309999 0.6749165 0.002488804 
0.01027201 0.2994056 0.6889188 0.001403638 
0.01300246 0.2923312 0.6802313 0.01443503 
0.004864958 0.3453173 0.6484565 0.001361205 
0.01145018 0.3908505 0.5894155 0.008283799 
0.0006563253 0.3335594 0.6489782 0.01680611 
0.001890312 0.2341462 0.7617068 0.00225668 
0.001287574 0.2716332 0.7183379 0.00874134 
0.004144417 0.3402874 0.6535081 0.002060138 
0.00322593 0.2621162 0.7168856 0.01777218 
0.005778381 0.3353467 0.6554508 0.00342408 
0.01333222 0.3282896 0.6499378 0.008440408 
0.0006759262 0.2929608 0.6793837 0.02697957 
0.01876872 0.336166 0.6431675 0.001897798 
0.01150096 0.2394417 0.743241 0.005816336 
0.001696772 0.248094 0.7470131 0.003196179 
0.003207385 0.3000485 0.6864172 0.01032694 
0.008160317 0.3330229 0.6575239 0.001292939 
0.006760579 0.3373324 0.6489055 0.007001585 
0.002759763 0.2437524 0.745282 0.008205805 
0.004761047 0.3378684 0.6503894 0.0069812 
0.001525727 0.2447357 0.7489537 0.00478493 
0.007514534 0.2778805 0.6924213 0.02218362 
0.01923608 0.2721949 0.7071312 0.001437801 
0.003625923 0.2006303 0.7944054 0.001338388 
0.0006651929 0.2900646 0.7064333 0.0028369 
0.0002025673 0.2841656 0.7140496 0.00158227 
0.05501871 0.3178901 0.6246474 0.00244375 
0.004981989 0.3392978 0.6294975 0.02622271 
0.001441154 0.4020171 0.5887502 0.007791535 
0.01541381 0.326946 0.6470294 0.01061075 
0.01228453 0.3166143 0.6699464 0.00115481 
0.003403709 0.3379347 0.6456977 0.0129639 
0.009176208 0.2575798 0.716266 0.01697799 
0.002845893 0.2626965 0.7337011 0.0007564763 
0.000308037 0.2325848 0.7665955 0.0005117059 
0.002173529 0.2993336 0.6952575 0.003235366 
0.02924598 0.3291496 0.6339026 0.007701894 
0.003607225 0.2134532 0.7631923 0.01974724 
0.01307654 0.2907816 0.6897221 0.006419729 
0.0003420619 0.3542284 0.6364741 0.008955382 
0.002965716 0.2709993 0.7254871 0.0005479098 
0.001993728 0.3173071 0.678053 0.002646244 
0.0026097 0.2162476 0.7799294 0.00121338 
0.0005967019 0.3716439 0.6244614 0.003298003 
0.002561116 0.3823426 0.6088457 0.006250563 
0.006112527 0.2988802 0.6940435 0.0009637876 
0.0002531009 0.3454086 0.6451708 0.009167497 
0.00651182 0.298517 0.6771361 0.01783516 
0.005611983 0.2735758 0.7153486 0.005463581 
0.00685764 0.3131424 0.6779609 0.002039045 
0.001126813 0.3399841 0.6581215 0.0007676643 
0.008229218 0.197754 0.7830974 0.01091938 
0.003272559 0.3357872 0.6575467 0.003393581 
0.0138316 0.295605 0.6874883 0.003075088 
0.00317542 0.257508 0.7337235 0.005593111 
0.01358938 0.2891664 0.696438 0.0008061431 
0.009396698 0.3192087 0.6591123 0.01228236 
1.002106e-05 0.3230058 0.6765869 0.0003972608 
0.01899681 0.3569143 0.6238686 0.0002203244 
0.001604263 0.3297963 0.6632035 0.005395919 
0.007310345 0.315521 0.6748974 0.00227129 
0.005087196 0.2739912 0.7183024 0.002619219 
0.005025324 0.2561011 0.7375598 0.001313736 
0.02138738 0.3056491 0.6635135 0.009449988 
0.0009953551 0.3441171 0.6461431 0.008744419 
0.005182341 0.2503213 0.7283307 0.01616563 
0.009697786 0.4244422 0.5388753 0.02698469 
0.007056812 0.3138293 0.6791001 1.377096e-05 
0.01531729 0.2497119 0.7303794 0.004591332 
0.009833239 0.2704587 0.716477 0.003231023 
0.004128156 0.3154689 0.668526 0.01187688 
0.005028924 0.3196924 0.6739442 0.001334436 
0.03325003 0.2810728 0.671513 0.01416408 
0.01574141 0.2586157 0.720269 0.005373972 
0.003174233 0.2439835 0.7424639 0.0103783 
0.0005903495 0.3119691 0.6668153 0.02062532 
0.005430017 0.3012879 0.67473 0.01855202 
0.002390551 0.3395768 0.6567835 0.001249083 
0.002744147 0.2996519 0.6972242 0.0003798436 
0.004056227 0.3185894 0.6751053 0.002249063 
0.009764703 0.3786092 0.6053791 0.006247033 
0.0003975951 0.327951 0.6611032 0.01054817 
0.01389195 0.2791269 0.7034797 0.003501497 
0.00264283 0.2726752 0.7221353 0.002546622 
0.0186614 0.3382927 0.6390035 0.004042389 
0.004981437 0.3096797 0.6795524 0.005786488 
0.006083445 0.2372506 0.7506186 0.006047377 
0.004268371 0.232475 0.7621227 0.001134011 
0.000554028 0.224121 0.764678 0.01064695 
0.01813827 0.3227354 0.6567545 0.002371839 
0.0007500856 0.2621978 0.7230645 0.01398768 
0.01997092 0.3302335 0.6466143 0.003181216 
0.01109554 0.2842651 0.7035463 0.001093061 
0.003801809 0.194752 0.7946833 0.006762934 
0.0009770224 0.2643063 0.7315077 0.003209021 
0.003040077 0.2489383 0.7440288 0.003992798 
0.002070692 0.318855 0.6677232 0.01135117 
0.001061425 0.3228503 0.6570088 0.01907951 
0.0005830098 0.3078826 0.681687 0.00984735 
0.001883069 0.2064556 0.781015 0.0106463 
0.003813116 0.3581291 0.6298655 0.008192281 
0.002327125 0.3256633 0.6678813 0.004128299 
0.01758496 0.2396268 0.7381684 0.004619804 
0.003163748 0.332195 0.6551951 0.009446171 
0.004041154 0.2979811 0.6929157 0.005062072 
0.005538933 0.3435675 0.6467566 0.004136945 
0.0008436839 0.2890771 0.7016961 0.008383087 
0.002906274 0.3382512 0.653233 0.005609524 
0.01555774 0.352225 0.63048 0.001737257 
0.005806403 0.308631 0.685293 0.0002696375 
0.005400112 0.306412 0.6802345 0.007953352 
0.001237971 0.2588422 0.7331913 0.006728587 
0.01729981 0.2934167 0.6678223 0.02146118 
0.01119144 0.4044442 0.5783886 0.005975779 
0.005645425 0.2537706 0.7397634 0.0008206129 
0.01765377 0.3044695 0.6759341 0.001942723 
0.0007258932 0.319901 0.6751204 0.004252708 
0.01591524 0.3242136 0.6586864 0.001184773 
0.003819849 0.3285525 0.6493015 0.01832616 
0.01043721 0.2856528 0.6841394 0.01977062 
0.02196429 0.2418614 0.7286759 0.00749839 
0.003406352 0.3116747 0.6844081 0.0005108923 
0.005007039 0.2375424 0.7364162 0.0210344 
0.01020912 0.2977394 0.6826964 0.009355101 
0.001954687 0.4926432 0.5050391 0.0003629732 
0.007767077 0.2712928 0.7161619 0.00477824 
0.001918402 0.3509312 0.6339501 0.0132003 
0.01005139 0.2328389 0.7555096 0.001600103 
0.007067183 0.3649105 0.6233793 0.004642978 
0.004693135 0.3307012 0.6568962 0.007709447 
0.005364244 0.223327 0.7642423 0.00706646 
0.006338121 0.2001178 0.787111 0.006433105 
0.006189423 0.2667885 0.7105526 0.01646956 
0.001911553 0.3351922 0.6540364 0.008859918 
0.005114758 0.2466814 0.7354069 0.01279694 
0.0007307321 0.3923131 0.5939196 0.01303652 
0.01294032 0.3787097 0.6048481 0.003501848 
0.006877272 0.4365937 0.5533953 0.003133669 
0.003962534 0.2697967 0.7215789 0.004661829 
0.001160084 0.2716329 0.7252885 0.001918535 
0.004809794 0.2948164 0.6863465 0.01402731 
0.007287278 0.3017315 0.6897632 0.001218065 
0.0004239913 0.3266912 0.666229 0.006655858 
0.00724177 0.2602339 0.7308947 0.001629598 
0.008213404 0.3735857 0.6174642 0.0007367283 
0.003577097 0.4018408 0.5839996 0.01058245 
0.007826914 0.2993643 0.6787801 0.01402872 
0.007030974 0.2692147 0.7189505 0.004803788 
0.005899487 0.3124473 0.6750106 0.006642575 
0.009011251 0.2687082 0.7216363 0.0006442465 
0.0007086551 0.2719104 0.7252702 0.002110719 
0.005090664 0.3054284 0.6845122 0.004968744 
0.0159256 0.3047592 0.6732574 0.006057799 
0.01219345 0.3398123 0.6194212 0.0285731 
0.002432942 0.2536206 0.7353317 0.008614726 
0.007106625 0.3541423 0.6336389 0.005112168 
0.009338194 0.2160063 0.7719942 0.002661297 
0.009825412 0.3447372 0.6290372 0.01640017 
0.008044845 0.4384012 0.5492676 0.004286334 
0.003335985 0.3233538 0.6696266 0.003683608 
0.006111702 0.3972212 0.5946695 0.00199762 
0.003174775 0.2585926 0.7261509 0.01208174 
0.009118979 0.2540249 0.723297 0.01355904 
0.007417758 0.3876342 0.6042124 0.0007356323 
0.006254962 0.2437939 0.7289263 0.02102482 
0.0198766 0.3820509 0.5900024 0.00807011 
0.001481614 0.2279422 0.7497974 0.02077875 
0.01438432 0.2971761 0.6873475 0.001092076 
0.005602708 0.3371701 0.6502636 0.006963564 
0.002815285 0.2316425 0.7618575 0.003684745 
0.000813569 0.3123926 0.6737861 0.0130077 
0.002843334 0.285839 0.6938386 0.01747908 
0.0001499019 0.2839408 0.7054875 0.01042179 
0.001352151 0.2406755 0.7520712 0.005901139 
0.001553018 0.3157933 0.6803257 0.002327932 
0.0002292343 0.2700248 0.7222516 0.007494361 
0.01365197 0.3169345 0.6541333 0.01528028 
0.004414014 0.2878098 0.7044586 0.003317552 
0.02027731 0.2615086 0.717762 0.0004521184 
0.0002711573 0.2966421 0.689194 0.01389275 
0.0119059 0.2893123 0.6972759 0.001505827 
0.002332753 0.2536799 0.7377713 0.006216088 
0.004963249 0.2477066 0.7338785 0.01345165 
0.01036261 0.2796998 0.7077771 0.002160474 
0.001986863 0.2714525 0.7209219 0.005638707 
0.004912547 0.2226621 0.7600777 0.01234767 
0.02754647 0.3890528 0.5792857 0.0041151 
0.004456662 0.3260959 0.6664513 0.002996059 
0.002001199 0.2275954 0.7684291 0.001974253 
0.01040383 0.3261395 0.6577397 0.005717015 
0.004472147 0.3600597 0.6310761 0.004392033 
0.007314662 0.349922 0.6405622 0.00220112 
0.02930368 0.2173565 0.7399196 0.01342026 
0.0001762835 0.2447613 0.7524745 0.002587902 
0.01708898 0.360808 0.5962979 0.02580512 
0.004049626 0.2426449 0.7477856 0.005519851 
0.02131476 0.4351868 0.5391449 0.004353535 
0.004361875 0.2915562 0.6983821 0.005699846 
0.003414546 0.3658937 0.6291985 0.001493225 
0.003947159 0.3065885 0.6847179 0.004746478 
0.00194679 0.3126985 0.6819713 0.003383423 
0.001493578 0.2183892 0.7675551 0.01256215 
0.01728874 0.339075 0.6415152 0.002121102 
0.003788392 0.3247216 0.6558491 0.01564095 
0.008349024 0.3307681 0.6535421 0.007340836 
0.000614139 0.2141453 0.7815416 0.003698959 
0.002288249 0.2932853 0.701361 0.003065437 
0.003562559 0.2282787 0.7598884 0.008270325 
0.0003907307 0.4327591 0.5663448 0.0005053143 
0.005989707 0.3153158 0.6773808 0.001313735 
0.009321907 0.3176904 0.6680346 0.004953035 
0.00550034 0.3309708 0.66079 0.002738801 
0.0142157 0.3887036 0.5895938 0.007486848 
0.002447993 0.2613142 0.7292042 0.007033575 
0.003627038 0.2303612 0.747196 0.01881583 
0.0005173827 0.2835114 0.7065214 0.009449868 
0.01654582 0.3307815 0.6429377 0.009734961 
0.002259129 0.3332324 0.6642003 0.0003082085 
0.01796564 0.3192392 0.6543851 0.00841001 
0.009931288 0.3059635 0.6775978 0.006507476 
0.03210278 0.3038065 0.6621694 0.001921335 
0.01972046 0.2978047 0.6756993 0.006775606 
0.008508522 0.2563351 0.7325817 0.002574666 
0.01462576 0.2928477 0.6865182 0.006008387 
0.002697482 0.348275 0.6469212 0.002106293 
0.007084727 0.2883954 0.6895017 0.0150181 
0.003717509 0.3692454 0.6072901 0.01974704 
0.002942329 0.3207164 0.6683087 0.008032603 
0.0006139863 0.3803639 0.6179369 0.00108526 
0.007118077 0.3570766 0.6354391 0.0003661719 
0.0102076 0.2286578 0.7590158 0.00211881 
0.000498558 0.2166381 0.7686374 0.01422591 
0.005167089 0.2626137 0.7274114 0.004807731 
0.02879492 0.3023892 0.6610007 0.007815151 
0.0008448262 0.1996448 0.7923902 0.007120153 
0.001114053 0.3129839 0.6791117 0.006790319 
0.0003241707 0.3129725 0.6832425 0.003460805 
0.008356204 0.2194729 0.7672445 0.00492642 
0.006094694 0.2392189 0.7534494 0.001236945 
0.0009854605 0.2981365 0.6967164 0.004161686 
0.0009304346 0.3178903 0.6787153 0.00246402 
0.009274035 0.2845774 0.6728737 0.0332749 
0.01436073 0.2540966 0.7047194 0.02682325 
0.01201276 0.2185896 0.7628353 0.006562292 
0.0009585928 0.3636243 0.6288919 0.006525198 
0.006562697 0.2759617 0.7162952 0.001180454 
0.0027141 0.3110758 0.6793421 0.006868095 
0.002763606 0.3008657 0.687685 0.008685706 
0.0001418509 0.2974538 0.7013689 0.001035435 
0.02358168 0.3872011 0.5836987 0.005518561 
0.001975393 0.2702934 0.7258837 0.00184745 
0.0070757 0.2615221 0.7089112 0.02249101 
0.009683204 0.2894739 0.6965402 0.00430266 
0.001004131 0.2675252 0.7252654 0.006205297 
0.00320572 0.2138584 0.7770508 0.005885031 
0.02386103 0.3148591 0.6560047 0.005275192 
0.008644953 0.2637095 0.7275454 0.0001000948 
0.002167557 0.346634 0.6456609 0.005537579 
0.006086365 0.308713 0.6819995 0.003201073 
0.001761075 0.3272828 0.6663579 0.004598174 
0.003638677 0.4156573 0.5803824 0.0003216406 
0.0002487393 0.3580267 0.6278293 0.01389528 
0.006821592 0.3630404 0.6291689 0.0009691308 
0.005573981 0.2832734 0.6961017 0.01505096 
0.02392657 0.2574338 0.7138004 0.004839209 
0.009594364 0.2931405 0.696483 0.0007821141 
0.007270618 0.2624704 0.7279571 0.002301816 
0.02568889 0.307061 0.6665346 0.0007154729 
0.004240656 0.2482223 0.7407927 0.006744384 
5.008097e-05 0.2457695 0.7522018 0.001978621 
0.005739506 0.4442551 0.5487328 0.001272601 
0.004941246 0.2439749 0.7501185 0.0009653206 
0.02107992 0.3404659 0.6270112 0.01144302 
0.005849074 0.2801353 0.7131054 0.0009101581 
0.01013472 0.3780402 0.5931795 0.01864565 
0.00426134 0.2800413 0.7121486 0.003548729 
0.002186813 0.256937 0.7367114 0.004164834 
0.00239627 0.4040047 0.5857602 0.007838811 
0.001968098 0.3873203 0.6049903 0.005721316 
0.009895802 0.2035026 0.7857177 0.000883926 
0.002781894 0.2588371 0.7310482 0.007332762 
0.008713549 0.2650594 0.7234681 0.002758968 
0.005903779 0.3843652 0.6088454 0.000885663 
0.009373957 0.297084 0.6870283 0.006513676 
0.01333195 0.3400162 0.643643 0.003008836 
0.001740492 0.2987405 0.6991291 0.0003899362 
0.008779401 0.3227998 0.655547 0.01287384 
0.01149972 0.3147801 0.6642888 0.009431405 
0.001416834 0.2856621 0.7016685 0.01125259 
0.007228939 0.2907089 0.6953522 0.006709981 
0.0006996344 0.2812713 0.7148806 0.003148498 
0.01123032 0.290634 0.694553 0.00358267 
0.01611307 0.3045759 0.6786588 0.0006522775 
0.001702768 0.2018451 0.796333 0.0001190653 
0.00625581 0.245432 0.7403957 0.007916504 
0.008506287 0.274292 0.7153372 0.001864511 
0.004200758 0.2445548 0.747567 0.003677368 
0.0001195265 0.2935023 0.6953561 0.01102206 
0.001727791 0.4077202 0.5882651 0.00228691 
0.0004491876 0.2375247 0.7601869 0.001839144 
0.01857888 0.369284 0.6116748 0.000462352 
0.0002063675 0.3014422 0.6972611 0.001090357 
6.142953e-05 0.3026134 0.692836 0.00448915 
0.0003265512 0.309956 0.6881829 0.001534569 
0.01328406 0.2865388 0.6962759 0.003901238 
0.009292235 0.3560846 0.6343489 0.0002742668 
0.02600498 0.2655297 0.6963879 0.01207741 
0.002122196 0.3141199 0.6655166 0.01824132 
0.01304554 0.2227729 0.7514491 0.01273249 
0.002315165 0.1714139 0.8255872 0.0006837283 
0.001513701 0.3733989 0.6249581 0.0001293284 
0.009925326 0.3901087 0.5937976 0.006168343 
0.0005801881 0.2757515 0.7207497 0.002918569 
0.008405972 0.3301791 0.6587096 0.002705304 
0.005906596 0.2616499 0.7017038 0.03073973 
0.006794946 0.3080746 0.6802268 0.004903714 
0.004740008 0.2282362 0.7658147 0.001209035 
0.02369909 0.3256145 0.6434186 0.0072678 
0.003828996 0.2471935 0.7454344 0.003543064 
0.02717295 0.3707114 0.5921406 0.009975122 
0.001145372 0.3696005 0.6219682 0.007285934 
0.005221262 0.3730181 0.5799627 0.04179798 
0.002983248 0.3088143 0.6873129 0.0008895402 
0.004484731 0.3246329 0.6707543 0.0001280385 
0.006694061 0.2655307 0.7268995 0.0008756504 
0.00169426 0.3047498 0.6856129 0.007943077 
0.005887255 0.2243799 0.7593739 0.01035896 
0.00740172 0.2888134 0.6871061 0.0166788 
0.008148519 0.2935217 0.6884519 0.0098779 
0.01000427 0.3076949 0.6790381 0.003262756 
0.005917452 0.3142145 0.6641863 0.01568178 
0.002601262 0.3420185 0.6552366 0.0001435649 
9.373288e-05 0.3226723 0.6755938 0.001640217 
0.005358569 0.3181933 0.674732 0.001716192 
0.003767578 0.326414 0.6692136 0.0006048286 
0.006277873 0.4132961 0.5803165 0.00010957 
0.0009162225 0.279319 0.7149354 0.00482932 
0.004637591 0.2965032 0.692427 0.006432184 
0.01571718 0.2463498 0.7247829 0.01315002 
0.00586454 0.2424662 0.7424402 0.009229027 
0.005620628 0.3251566 0.6641379 0.005084817 
0.009798265 0.3354274 0.6487985 0.00597584 
0.009848722 0.2862642 0.6799584 0.02392874 
0.0121679 0.2014962 0.7763839 0.009952004 
0.02273512 0.2348088 0.7410413 0.001414736 
0.003123413 0.3594927 0.6271366 0.0102473 
0.01070249 0.284467 0.701277 0.003553471 
0.002170609 0.3186296 0.670977 0.008222774 
0.01275138 0.2675376 0.7136579 0.006053166 
0.01195302 0.2935301 0.6917757 0.002741238 
0.0128551 0.3189732 0.6548395 0.01333212 
0.01424551 0.2184402 0.7569881 0.01032627 
0.01670758 0.3874006 0.5849241 0.01096764 
0.001912918 0.302008 0.6938019 0.002277182 
0.01041681 0.3369915 0.6499388 0.002652941 
0.00894418 0.1904597 0.7978606 0.002735522 
0.002949894 0.2304449 0.7635612 0.003043987 
0.01328591 0.2567105 0.724261 0.005742557 
0.03741507 0.3283766 0.6275752 0.006633077 
0.001152822 0.2679089 0.7145432 0.01639513 
0.01724372 0.3154467 0.6579506 0.009358989 
0.01162975 0.3060855 0.6812023 0.001082471 
0.003185138 0.2485673 0.7425928 0.005654708 
0.005850047 0.2732026 0.7204827 0.000464622 
0.00989211 0.3336106 0.6546437 0.001853559 
0.001728821 0.2238757 0.7732621 0.001133345 
0.009977622 0.3574732 0.6165524 0.01599681 
0.006037159 0.3029823 0.6905405 0.0004400667 
0.0008422548 0.3159847 0.680769 0.002404073 
0.01290262 0.2945507 0.6851529 0.007393785 
0.01163825 0.3044415 0.6747257 0.009194502 
0.009947754 0.3127998 0.6751257 0.002126753 
0.003869626 0.2151506 0.7607104 0.02026936 
0.005148609 0.2872816 0.704934 0.002635776 
0.01203615 0.3190113 0.6671864 0.001766115 
0.001806107 0.3142812 0.6829956 0.00091706 
0.0001571593 0.3038866 0.6876274 0.008328796 
0.003233756 0.3290911 0.6531372 0.01453792 
0.002479595 0.2793812 0.7167773 0.001361862 
0.02169786 0.270539 0.6964758 0.0112873 
0.004757475 0.2972472 0.6811562 0.0168391 
0.00622428 0.3667556 0.62085 0.0061701 
0.008394575 0.2745627 0.7105544 0.006488308 
0.004873191 0.2920761 0.6912649 0.0117858 
0.007350122 0.3564697 0.6354745 0.0007056296 
0.003157299 0.2988538 0.6922758 0.005713135 
0.00257675 0.2898525 0.6958729 0.01169783 
0.002874573 0.2493932 0.7360203 0.01171194 
0.01296782 0.275293 0.7048042 0.006935006 
0.002943154 0.3583408 0.6304128 0.008303189 
0.002738419 0.2365844 0.7603353 0.0003418546 
0.01325741 0.3825397 0.6041902 1.270106e-05 
0.000272166 0.2058617 0.7929999 0.0008661986 
0.02406041 0.3630778 0.604561 0.008300861 
0.009866911 0.3056703 0.6820057 0.002457149 
0.008488731 0.2984663 0.6910193 0.00202574 
0.004227419 0.2858885 0.7036012 0.006282871 
0.001873563 0.303139 0.68153 0.01345748 
0.02487586 0.3154601 0.6419069 0.01775715 
0.01127575 0.3693319 0.6107698 0.008622488 
0.01354687 0.2788148 0.6761166 0.03152173 
0.02777002 0.2689678 0.6788921 0.02437004 
0.007763085 0.2867893 0.6971375 0.008310183 
0.009292946 0.3358187 0.6310707 0.02381767 
0.0003725436 0.2639228 0.7355821 0.0001225527 
0.004571335 0.2398648 0.7305604 0.02500349 
0.009944198 0.3421453 0.6458887 0.002021842 
0.004806569 0.2992446 0.6864445 0.00950433 
0.004987965 0.239621 0.7531137 0.002277306 
0.007631453 0.3364098 0.652039 0.00391972 
0.01154052 0.3456119 0.6426979 0.0001496498 
0.004975179 0.35214 0.6258431 0.01704175 
0.009252076 0.3133315 0.6679688 0.009447628 
0.001335694 0.2544206 0.7337678 0.01047586 
1.396039e-05 0.3840772 0.6034524 0.0124564 
0.002029602 0.2609084 0.7255074 0.01155457 
0.002737338 0.340039 0.6572087 1.501967e-05 
0.007947078 0.3063158 0.6834053 0.002331875 
0.009829083 0.2409499 0.7366412 0.01257984 
0.003847835 0.3865762 0.6059591 0.003616922 
0.002301463 0.2836893 0.7116546 0.002354607 
0.001818663 0.3161911 0.6782224 0.0037678 
0.002586801 0.3328683 0.6558445 0.008700423 
0.001366006 0.2259616 0.7539678 0.01870466 
0.00981818 0.3076176 0.6807458 0.001818442 
0.004635199 0.3249299 0.660557 0.009877866 
0.002183234 0.324824 0.6720019 0.000990861 
0.007556277 0.3043781 0.6773405 0.01072505 
0.008525718 0.377616 0.6012605 0.0125977 
0.01391584 0.2110166 0.7718647 0.003202787 
0.01640973 0.2937299 0.688851 0.001009465 
0.005920859 0.362338 0.6195607 0.0121805 
0.002218226 0.3424595 0.6523888 0.002933488 
0.007404548 0.2342061 0.7582119 0.000177475 
0.007300629 0.3103299 0.6752604 0.007109073 
0.01269503 0.2904007 0.6932761 0.003628169 
0.00281618 0.3144554 0.6821922 0.0005362277 
0.002539905 0.2927787 0.6924205 0.01226096 
0.006692155 0.2904427 0.7013719 0.001493236 
0.0009495694 0.315218 0.6654922 0.01834022 
0.00490379 0.3047073 0.6881816 0.002207302 
0.001429395 0.3256209 0.670763 0.002186702 
0.01292936 0.2799927 0.7023297 0.004748266 
0.007084518 0.2544705 0.7351283 0.0033167 
0.007692177 0.2566789 0.7337267 0.001902219 
0.005522884 0.3619998 0.6317487 0.0007285753 
0.0008139653 0.2762376 0.7115662 0.01138229 
0.01779567 0.3378247 0.6430028 0.001376786 
0.0050279 0.32917 0.6654902 0.000311955 
0.006131047 0.4066475 0.5800456 0.007175897 
0.002709396 0.3260694 0.6643304 0.006890769 
0.007715674 0.2761753 0.7093611 0.006747954 
0.009684083 0.3107401 0.6759397 0.003636146 
0.002215368 0.3229879 0.6747641 3.267067e-05 
0.000675349 0.3511182 0.6315023 0.01670414 
0.0008042553 0.2409457 0.7555772 0.002672835 
0.02850261 0.307774 0.6585173 0.005206118 
0.01559984 0.2235553 0.7607904 5.441253e-05 
0.001201693 0.3324782 0.6479017 0.01841845 
0.00620255 0.3299034 0.6534566 0.01043753 
0.01112403 0.2910165 0.694594 0.003265473 
1.52269e-05 0.4175704 0.5805664 0.001848036 
0.000768096 0.335045 0.6621131 0.002073856 
0.02188632 0.2683236 0.7036745 0.006115582 
0.03341092 0.357417 0.6088801 0.0002919854 
0.0009102738 0.1567576 0.8383657 0.003966419 
0.01972948 0.2937935 0.6854605 0.00101658 
0.00196969 0.3183992 0.6744911 0.005139949 
0.003192601 0.3067549 0.6714061 0.01864648 
0.009048869 0.3078474 0.6818535 0.001250263 
0.002190538 0.2890263 0.7026769 0.00610634 
0.004456613 0.3761862 0.600841 0.01851619 
0.001138903 0.3021782 0.6879544 0.008728428 
0.01058835 0.2566278 0.7299157 0.002868131 
0.01827341 0.3678599 0.613334 0.0005326528 
0.003145867 0.3771139 0.6122186 0.007521625 
0.001891127 0.2561662 0.7382086 0.003734071 
0.001555809 0.2554623 0.7408853 0.002096643 
0.001195518 0.3187841 0.6377391 0.04228123 
0.004775824 0.2173802 0.7669638 0.01088025 
0.002590889 0.362484 0.6324256 0.002499562 
0.01327387 0.3419894 0.6427424 0.001994357 
0.008680206 0.1950032 0.7949494 0.001367173 
0.004566605 0.2620428 0.7296776 0.003712971 
0.01581423 0.3011606 0.6775535 0.00547169 
0.003855717 0.3866117 0.6088624 0.00067015 
0.001127578 0.3328442 0.6635392 0.002488989 
0.008786434 0.303155 0.6835953 0.004463248 
0.01470525 0.3205551 0.6496073 0.01513233 
0.0007055092 0.2479066 0.7409697 0.01041813 
0.004845327 0.3394228 0.6445032 0.01122875 
0.01310947 0.248477 0.7309824 0.007431101 
0.004562355 0.335429 0.6529953 0.007013397 
0.001012732 0.456172 0.537877 0.004938243 
0.001401246 0.2763064 0.7206622 0.001630168 
0.00704284 0.3607523 0.6311397 0.001065136 
0.002609642 0.2910456 0.6990015 0.007343271 
0.02573685 0.2614332 0.6968265 0.01600352 
0.002007547 0.3006818 0.6960011 0.00130961 
8.659894e-05 0.2915547 0.7081338 0.0002249332 
0.007324081 0.2798294 0.7112896 0.001556931 
0.005483096 0.2931263 0.6973628 0.00402779 
0.01242273 0.3589559 0.620471 0.008150395 
0.003359921 0.2786122 0.7167748 0.001253045 
0.009025595 0.218879 0.7674582 0.004637203 
0.005021577 0.2393645 0.7509876 0.004626412 
0.002541294 0.2314069 0.740534 0.02551773 
0.01272194 0.2810657 0.7027659 0.003446456 
0.004164504 0.3027251 0.6879903 0.005120128 
0.0003118871 0.2793524 0.712463 0.007872674 
0.002654595 0.3040453 0.6906009 0.002699159 
0.002252105 0.2439189 0.7463045 0.007524487 
0.005820863 0.3105753 0.6820591 0.001544685 
0.004177896 0.362105 0.6313817 0.0023354 
0.01171694 0.2904441 0.6907125 0.00712642 
0.005812876 0.272813 0.7063089 0.01506526 
0.001710421 0.2850995 0.7030267 0.01016333 
0.004488457 0.3042055 0.6907695 0.0005364908 
0.01226644 0.3057045 0.6807944 0.001234678 
0.005273308 0.3487993 0.6424939 0.003433449 
0.003488347 0.3419389 0.6469239 0.00764885 
0.001139408 0.2578049 0.7388017 0.002253925 
0.002749782 0.27073 0.7203387 0.006181433 
0.007757804 0.3369639 0.6518197 0.003458589 
0.001971104 0.334846 0.6239089 0.03927396 
0.00261023 0.3045968 0.6915023 0.001290693 
0.00661501 0.3113306 0.6815812 0.0004731646 
0.01767102 0.3771623 0.6042402 0.0009265305 
0.02051597 0.3518294 0.6224238 0.005230818 
0.001407697 0.3288235 0.668193 0.001575892 
0.01320708 0.2287189 0.7579991 7.49464e-05 
0.002191826 0.2797318 0.7114331 0.006643275 
0.0004455576 0.3070791 0.6826796 0.009795741 
0.009038356 0.290791 0.6941569 0.006013706 
0.001676181 0.248785 0.7479177 0.001621088 
0.01121862 0.2072437 0.7712713 0.01026633 
0.01237982 0.3308295 0.6433387 0.013452 
0.002525991 0.2596755 0.7300958 0.007702716 
0.001889671 0.2886187 0.701477 0.008014591 
0.01501206 0.2063572 0.7747107 0.003920045 
0.0007925551 0.3133122 0.6785097 0.007385534 
0.007578524 0.2828656 0.6894861 0.02006981 
0.01082807 0.3477408 0.6412373 0.0001938915 
0.008506389 0.2453585 0.7424059 0.003729174 
0.01169993 0.2037635 0.7738363 0.0107002 
0.003309434 0.2207792 0.7734231 0.002488305 
0.009685607 0.2904645 0.6802003 0.01964958 
0.007230416 0.2929671 0.6935601 0.006242464 
0.007552719 0.2464802 0.7443263 0.001640845 
0.007018845 0.3811862 0.606781 0.005013927 
0.009023427 0.2777658 0.7067246 0.006486248 
0.01293455 0.2014473 0.7726925 0.01292558 
0.003259259 0.2821167 0.7056294 0.008994628 
0.003805293 0.2962888 0.6993693 0.0005366088 
0.003010635 0.2963082 0.6890683 0.01161282 
0.006471816 0.3065073 0.6611827 0.02583822 
0.003597722 0.2822572 0.7077906 0.006354434 
0.006762477 0.3475493 0.6390171 0.006671122 
0.001549647 0.3097324 0.685942 0.002775876 
0.007161684 0.3121402 0.6796687 0.001029399 
0.009150705 0.2566837 0.7292414 0.004924144 
0.003892915 0.3108665 0.6833454 0.001895253 
0.005189557 0.2868044 0.7024791 0.00552695 
0.005846123 0.3122179 0.6791808 0.002755179 
0.0007460954 0.3162912 0.68182 0.00114272 
0.04000607 0.2214224 0.7318713 0.0067002 
0.00200365 0.2731882 0.7217898 0.003018403 
0.002750926 0.2221156 0.7733539 0.001779607 
0.001162421 0.3487888 0.626594 0.0234548 
0.008592451 0.3789036 0.6124374 6.661127e-05 
0.01237741 0.2664919 0.7134963 0.007634341 
0.01688645 0.2805096 0.7019105 0.0006934159 
0.00251105 0.3413907 0.6476622 0.00843609 
0.002479722 0.3190854 0.6757456 0.002689243 
0.01518813 0.3436975 0.6295264 0.01158794 
0.001562357 0.3287637 0.6554295 0.01424447 
0.02204734 0.2306925 0.7466821 0.0005780432 
0.003468806 0.3684083 0.6268095 0.001313367 
0.001848716 0.3270217 0.6691554 0.001974182 
0.01162474 0.3798691 0.6018464 0.006659767 
0.02761621 0.2977298 0.6737963 0.0008576515 
0.002488697 0.3155236 0.6816915 0.0002961914 
0.004379243 0.3227553 0.6665099 0.006355484 
0.01904656 0.3569673 0.6156249 0.008361276 
0.00222804 0.2705459 0.71803 0.00919611 
0.009829044 0.2850881 0.6963624 0.008720467 
0.04797757 0.3568653 0.5930719 0.002085222 
0.002390323 0.229476 0.7671962 0.00093756 
0.0008906407 0.2746467 0.7178833 0.006579319 
0.01440855 0.395257 0.5859877 0.004346786 
0.003962609 0.3868665 0.5785463 0.03062454 
0.00527031 0.3274698 0.6672516 8.29341e-06 
0.002971242 0.3168766 0.6628179 0.01733422 
0.00800323 0.2931407 0.6975715 0.001284587 
0.003502365 0.2943695 0.6852412 0.01688698 
0.01265764 0.3573091 0.6279934 0.002039782 
0.000340015 0.2880757 0.7094626 0.002121679 
0.002202086 0.2646903 0.7304687 0.002638939 
0.009483848 0.3428139 0.6394607 0.008241494 
0.005445255 0.32383 0.6654566 0.005268206 
0.01587545 0.3187756 0.6596032 0.005745785 
0.002859321 0.265226 0.7246603 0.007254397 
0.009037633 0.3003722 0.6867756 0.003814529 
0.0364337 0.3754691 0.5869709 0.001126264 
0.004066696 0.3069435 0.6830439 0.005945936 
0.006308979 0.283827 0.702303 0.007561034 
0.01026373 0.2478177 0.7084857 0.0334328 
0.003031764 0.3087576 0.6847483 0.003462336 
0.001222451 0.2005491 0.7864926 0.01173588 
0.03121695 0.2343204 0.72047 0.01399266 
0.002985924 0.3451619 0.6463932 0.005458993 
0.0003028739 0.3571239 0.6271985 0.01537477 
0.01424556 0.2745006 0.7105598 0.0006941036 
0.0007493387 0.3397976 0.6509259 0.008527149 
0.01861913 0.3402578 0.6293896 0.01173346 
0.005161434 0.2790801 0.687147 0.02861149 
0.00815217 0.4233055 0.5481069 0.0204355 
0.01212298 0.3088482 0.6759259 0.003102924 
0.002028061 0.3611043 0.6320654 0.004802216 
0.005324129 0.3742694 0.6177018 0.002704637 
0.01016745 0.2361079 0.7536173 0.0001073635 
0.001043857 0.243716 0.7049478 0.05029235 
0.0002197407 0.3534779 0.6446332 0.001669209 
0.00218598 0.2878977 0.7096702 0.0002461331 
0.02223371 0.2643507 0.6924247 0.02099091 
0.002757283 0.3699928 0.6270974 0.0001524743 
0.01664502 0.2530965 0.7197044 0.0105541 
0.01290705 0.2711325 0.6944247 0.0215357 
0.01054833 0.2614013 0.7234761 0.004574227 
0.00137244 0.282994 0.6945291 0.02110445 
0.00796582 0.2445411 0.7307977 0.01669537 
0.02268608 0.2924158 0.6820029 0.002895208 
0.006382726 0.2777069 0.6988827 0.01702762 
0.0001417718 0.3092397 0.6892771 0.001341402 
0.01125734 0.3065095 0.6584486 0.02378453 
0.004517372 0.2414598 0.7454907 0.008532202 
0.009880554 0.3401729 0.6497267 0.0002198451 
0.007247165 0.2322732 0.7541798 0.006299848 
0.00471484 0.2535701 0.7414863 0.0002287794 
0.01336255 0.258109 0.7170893 0.01143915 
0.01188882 0.2752895 0.7032646 0.009557064 
0.004239575 0.3109073 0.6820932 0.002759996 
0.0002514856 0.2499999 0.7402892 0.009459428 
0.001427184 0.319459 0.6783645 0.000749317 
0.001636252 0.3115227 0.6815164 0.005324615 
0.002809912 0.3595944 0.6172275 0.0203682 
8.653899e-05 0.3452129 0.6527128 0.001987742 
0.001724105 0.4077892 0.588398 0.00208867 
0.0003250845 0.2416528 0.7498108 0.008211368 
0.001082052 0.312226 0.6752025 0.01148943 
0.005491299 0.3433864 0.641641 0.009481334 
0.001318316 0.303852 0.6941372 0.0006924654 
0.002214275 0.3325055 0.664252 0.001028284 
0.01078381 0.2270936 0.7584835 0.003639076 
0.001481386 0.2215496 0.7737554 0.003213556 
0.008153083 0.3998599 0.5754545 0.01653255 
0.001272772 0.2853966 0.7023159 0.01101479 
0.0158883 0.2659605 0.715449 0.002702128 
0.0083476 0.2891051 0.6995558 0.002991562 
0.002731797 0.3158717 0.6807122 0.0006842744 
0.01641166 0.2175892 0.7496773 0.01632184 
0.002215167 0.3824477 0.5916478 0.02368939 
0.006542216 0.223886 0.7690512 0.0005205216 
0.009100952 0.2923382 0.6924881 0.006072825 
0.004777418 0.2624414 0.7317243 0.001056874 
0.00261233 0.3220068 0.6735402 0.001840744 
0.005449915 0.2438013 0.7477341 0.003014685 
0.003069782 0.2725656 0.7040523 0.02031229 
0.006471077 0.3099956 0.6745213 0.00901207 
0.01639117 0.3253736 0.6391322 0.01910301 
0.006487892 0.2828775 0.7018928 0.008741791 
0.001482118 0.329859 0.6681871 0.0004717583 
0.008047106 0.2721626 0.7163309 0.003459389 
0.006673309 0.2780019 0.7056805 0.009644267 
0.00470884 0.3273546 0.6624804 0.005456208 
0.01566588 0.196272 0.7762157 0.0118464 
0.001617054 0.3425876 0.6511067 0.004688686 
0.009529312 0.3531187 0.6298788 0.007473146 
0.001579579 0.2166144 0.7798348 0.001971287 
0.007558041 0.2924728 0.6824008 0.01756838 
0.003543093 0.2825929 0.7082953 0.005568674 
0.000622173 0.2906098 0.6994289 0.009339083 
0.008868468 0.3226857 0.6619803 0.006465557 
0.005737343 0.2074446 0.7742737 0.01254433 
0.004426034 0.3418307 0.653505 0.000238212 
0.003645972 0.2515418 0.7409026 0.003909675 
0.001118912 0.2392591 0.7405321 0.01908986 
0.002799524 0.2881708 0.7089377 9.19642e-05 
0.002630279 0.2335133 0.7560107 0.007845742 
0.002950974 0.3472194 0.6481436 0.001686113 
0.007794874 0.2696335 0.7174492 0.00512245 
0.004297079 0.2839599 0.6902579 0.0214851 
0.005033097 0.2922314 0.6791198 0.0236157 
0.005715535 0.2959275 0.6944919 0.003865075 
0.0003038537 0.3129203 0.6827651 0.004010737 
0.001031402 0.373075 0.6247191 0.00117447 
0.009588571 0.4103702 0.5639255 0.01611569 
0.006947821 0.2090355 0.7728265 0.01119017 
0.002512318 0.2061437 0.7811148 0.0102292 
0.005563162 0.306377 0.6877579 0.0003019469 
0.01614153 0.4348338 0.5372524 0.01177225 
0.005557058 0.2419179 0.7337213 0.01880368 
0.01340688 0.3101718 0.6695198 0.006901526 
0.005670543 0.2741397 0.7176909 0.002498845 
0.001161989 0.2857912 0.7127927 0.0002540603 
0.02032082 0.2333242 0.7357596 0.01059537 
0.01204931 0.3250934 0.6521143 0.01074298 
0.002466525 0.2630829 0.7272436 0.007206962 
0.02104885 0.3245899 0.6136905 0.04067079 
0.01920745 0.282937 0.6975458 0.000309801 
0.001541191 0.2888657 0.7093145 0.0002786153 
0.002512122 0.3633308 0.6307913 0.003365756 
0.0001073396 0.3328091 0.6448235 0.02226009 
0.01286478 0.3909601 0.5917016 0.00447357 
0.0003740974 0.2757153 0.7142973 0.009613367 
0.002280327 0.3139359 0.6756344 0.008149388 
0.007674848 0.2269369 0.7647007 0.0006876047 
0.00307386 0.3018197 0.6941243 0.0009821997 
0.0007908687 0.3951859 0.6030554 0.0009677541 
0.007243504 0.3069194 0.6841383 0.001698819 
0.006143961 0.2658956 0.7214123 0.006548137 
0.001838481 0.2505757 0.7311162 0.01646955 
0.003079147 0.2706582 0.7208808 0.005381946 
0.009399943 0.3080118 0.668643 0.01394527 
0.004696717 0.3147734 0.6787655 0.001764391 
0.01221282 0.3419236 0.631384 0.01447952 
0.007640942 0.2621297 0.723187 0.007042377 
0.00378405 0.4133078 0.5797838 0.00312428 
0.001172028 0.2274909 0.7693609 0.001976128 
0.0004785034 0.3443279 0.6481687 0.007024978 
0.006386792 0.3221215 0.6710122 0.0004794868 
0.007761648 0.3047856 0.6859213 0.001531426 
0.009182267 0.3118953 0.662097 0.01682544 
0.0008893806 0.3433453 0.655678 8.733117e-05 
0.0008711124 0.288992 0.7068928 0.003244126 
0.0005295262 0.3329215 0.6575879 0.008961066 
0.002206706 0.3105068 0.6782301 0.009056482 
0.01782974 0.2293565 0.7525165 0.0002972519 
0.006802544 0.2873484 0.7045645 0.001284617 
0.001439999 0.2671858 0.7299791 0.001395089 
0.008988531 0.3149226 0.6681898 0.007899132 
0.005520391 0.2856999 0.699511 0.00926868 
0.001727352 0.3428115 0.6524075 0.003053611 
0.004367458 0.3184711 0.673421 0.003740445 
0.002906946 0.3593999 0.6344543 0.003238859 
0.01062999 0.2901804 0.6949637 0.004225831 
0.000253161 0.284521 0.7118289 0.003396972 
0.002221913 0.2257358 0.7668696 0.005172684 
1.350673e-05 0.2362433 0.752894 0.01084911 
0.003837566 0.2370078 0.7446463 0.01450828 
0.0113607 0.3103207 0.6769323 0.00138626 
0.006524864 0.2645241 0.7266229 0.002328061 
0.01235564 0.3006388 0.6855254 0.001480189 
0.045726 0.2870285 0.6647271 0.002518383 
0.002706386 0.3827994 0.5968114 0.01768277 
0.0008109503 0.3218178 0.6597879 0.01758335 
0.007789305 0.3777004 0.6110124 0.003497943 
0.002958634 0.2563715 0.7360097 0.004660086 
0.01052695 0.2236034 0.7508479 0.01502181 
9.943246e-05 0.2844505 0.7097213 0.00572882 
0.001594379 0.2958202 0.6967346 0.005850868 
0.01481589 0.2766989 0.704221 0.004264131 
0.002674801 0.3499103 0.645024 0.002390897 
1.117417e-05 0.279545 0.7162128 0.004231043 
0.0002799769 0.3361753 0.6552251 0.00831966 
0.02370227 0.2981346 0.6674451 0.01071805 
0.0034791 0.2827276 0.7042378 0.009555477 
0.01346319 0.2545609 0.7314355 0.0005404751 
0.006360591 0.2799893 0.7108898 0.002760281 
0.007132067 0.2256536 0.7594385 0.007775866 
0.003800284 0.3897793 0.6058097 0.0006107234 
0.001265442 0.2843997 0.7097897 0.004545097 
0.003943593 0.3130281 0.6799275 0.003100816 
0.006523782 0.3532748 0.6042439 0.0359575 
0.003451304 0.3185505 0.6766402 0.001358048 
0.001658738 0.3386983 0.6582035 0.001439457 
0.009660344 0.1760136 0.8065704 0.007755634 
0.006733447 0.3173647 0.6506116 0.02529029 
0.002793393 0.3500403 0.6400581 0.007108221 
0.007303053 0.2302495 0.7480241 0.01442343 
0.001814978 0.3635003 0.6335339 0.001150788 
0.009696049 0.3432324 0.6449066 0.002165015 
0.004604586 0.3067014 0.6458349 0.0428591 
0.008788714 0.2607144 0.7254339 0.005063067 
0.01298435 0.3720399 0.6090764 0.005899408 
0.01040956 0.3235528 0.6631285 0.002909167 
0.01026383 0.2939419 0.6949156 0.0008786941 
0.001242598 0.4058188 0.5927652 0.0001733989 
0.003085724 0.2813527 0.7032048 0.01235677 
0.01863267 0.2430394 0.731932 0.006395959 
0.0167684 0.3634868 0.6171056 0.002639247 
0.0005863968 0.3516103 0.6357555 0.01204776 
0.01219529 0.2892108 0.6937174 0.004876572 
0.01358311 0.2683847 0.7095687 0.008463552 
0.00178546 0.3781692 0.6197936 0.0002517686 
0.017112 0.2448124 0.7338468 0.00422885 
0.00387787 0.2489662 0.7273673 0.01978862 
0.01666323 0.2589609 0.7220702 0.002305673 
0.0006474817 0.3329153 0.651819 0.01461824 
0.002858962 0.3736174 0.6095028 0.01402078 
0.01672942 0.27089 0.6890023 0.02337825 
0.002867642 0.3959721 0.6006692 0.0004911412 
0.00273295 0.2701145 0.7169824 0.01017014 
0.002953295 0.3417953 0.649107 0.006144389 
0.002906237 0.317283 0.6543043 0.02550645 
0.001349689 0.3315919 0.6551143 0.01194417 
