"p_1" "p_2" "p_3"
0.2882699 0.3440624 0.3676677
0.2468413 0.4727341 0.2804246
0.343278 0.3471334 0.3095887
0.2466814 0.4150963 0.3382223
0.265111 0.367561 0.367328
0.2275815 0.3907381 0.3816805
0.3387546 0.3626024 0.298643
0.2639047 0.4223532 0.3137421
0.2586107 0.417057 0.3243323
0.2753597 0.4714985 0.2531419
0.1933898 0.4068473 0.399763
0.2472482 0.3909696 0.3617822
0.2563118 0.3931919 0.3504963
0.2508418 0.4030252 0.346133
0.3998131 0.3233677 0.2768192
0.3173948 0.4254248 0.2571805
0.2770778 0.4086265 0.3142957
0.2802855 0.3891739 0.3305406
0.3066483 0.3866286 0.3067231
0.2950716 0.4331321 0.2717963
0.2895865 0.3703108 0.3401027
0.3125222 0.3903301 0.2971477
0.2553198 0.4341995 0.3104807
0.2362834 0.3450486 0.418668
0.2226043 0.490397 0.2869987
0.2217404 0.4684377 0.3098219
0.3615037 0.3867229 0.2517734
0.3786581 0.2966946 0.3246473
0.2759745 0.3804141 0.3436115
0.247978 0.5321468 0.2198753
0.3690782 0.4057571 0.2251647
0.2538662 0.4007908 0.3453429
0.2748147 0.4198869 0.3052985
0.323715 0.3664903 0.3097948
0.2071191 0.4262436 0.3666373
0.3229211 0.3782133 0.2988656
0.189831 0.4862604 0.3239085
0.2721302 0.460017 0.2678528
0.2880712 0.4177718 0.294157
0.2627266 0.4504387 0.2868347
0.2390772 0.3971389 0.3637839
0.2686369 0.4128029 0.3185602
0.2674727 0.378349 0.3541783
0.3187095 0.3575907 0.3236998
0.3334655 0.3864805 0.280054
0.3625379 0.4177403 0.2197218
0.260871 0.468765 0.270364
0.3033764 0.4595723 0.2370513
0.2652741 0.4363607 0.2983652
0.3101788 0.3932347 0.2965865
0.2135146 0.4127942 0.3736912
0.2567589 0.3884957 0.3547455
0.2622936 0.4257772 0.3119292
0.2507695 0.4525772 0.2966533
0.2175892 0.468862 0.3135488
0.1846723 0.3886973 0.4266304
0.2784312 0.4421906 0.2793782
0.3364802 0.3396106 0.3239092
0.2453888 0.4455622 0.309049
0.2417646 0.4401159 0.3181195
0.2924493 0.4854202 0.2221305
0.2451579 0.4122435 0.3425986
0.2745158 0.4628147 0.2626695
0.40726 0.3840282 0.2087118
0.245567 0.4455801 0.3088529
0.2576472 0.3844592 0.3578936
0.2508792 0.3742954 0.3748254
0.293927 0.4483829 0.2576901
0.2430379 0.3328822 0.4240799
0.2477065 0.4137117 0.3385818
0.2558312 0.3577862 0.3863827
0.2926495 0.3447313 0.3626191
0.2656175 0.3740166 0.3603659
0.2449848 0.3672269 0.3877883
0.2108364 0.452101 0.3370627
0.3274679 0.3055964 0.3669357
0.2585026 0.4072338 0.3342636
0.2145192 0.4520725 0.3334083
0.2908177 0.4059543 0.303228
0.247349 0.4483318 0.3043192
0.3180211 0.358919 0.3230599
0.3481943 0.3596124 0.2921933
0.2200706 0.4019555 0.3779739
0.2929444 0.487214 0.2198416
0.2927027 0.3490914 0.3582059
0.315329 0.3749775 0.3096935
0.2803522 0.3749714 0.3446764
0.2790729 0.3988164 0.3221107
0.2848267 0.3658725 0.3493007
0.2685568 0.3988439 0.3325993
0.2727086 0.4603282 0.2669631
0.3073061 0.4663765 0.2263174
0.3181248 0.3712368 0.3106384
0.2081286 0.4262026 0.3656688
0.3271147 0.4084653 0.2644199
0.2996651 0.4751318 0.2252031
0.2547656 0.4239331 0.3213012
0.3169954 0.3745479 0.3084567
0.2756932 0.3586457 0.3656611
0.2351242 0.5110064 0.2538694
0.3319649 0.458482 0.2095531
0.2906714 0.3763257 0.3330028
0.2610647 0.4089062 0.3300291
0.2030649 0.4161408 0.3807943
0.2817942 0.4285769 0.2896289
0.3182992 0.3531319 0.3285688
0.2687256 0.4615547 0.2697197
0.3109652 0.346547 0.3424878
0.2694872 0.360895 0.3696178
0.2399313 0.4622719 0.2977968
0.3154641 0.3523713 0.3321646
0.3627966 0.3164044 0.3207991
0.3053407 0.383067 0.3115923
0.2497302 0.3814918 0.3687781
0.321363 0.3236689 0.3549681
0.2716788 0.3583747 0.3699465
0.2838129 0.4433925 0.2727946
0.2884967 0.4791048 0.2323985
0.2501966 0.4945268 0.2552767
0.2305931 0.4648877 0.3045191
0.345334 0.2899761 0.3646899
0.2619717 0.2893941 0.4486342
0.2916173 0.4517513 0.2566314
0.3132726 0.4091198 0.2776075
0.2597004 0.4153548 0.3249448
0.4083639 0.3123351 0.279301
0.2941546 0.4275436 0.2783019
0.3034812 0.4146403 0.2818786
0.1998541 0.4503121 0.3498338
0.2784425 0.4028403 0.3187172
0.3239264 0.3678157 0.3082579
0.2478194 0.3707179 0.3814627
0.2882675 0.4564637 0.2552688
0.2573719 0.3828081 0.35982
0.2913153 0.4299522 0.2787326
0.2287965 0.4756733 0.2955302
0.238349 0.459642 0.302009
0.302766 0.4193437 0.2778904
0.198891 0.3955453 0.4055637
0.2739557 0.3305536 0.3954907
0.2790884 0.4204323 0.3004793
0.2817158 0.3896155 0.3286687
0.2324257 0.3641156 0.4034587
0.2592519 0.3518176 0.3889306
0.3011722 0.4021986 0.2966292
0.2191866 0.4207759 0.3600375
0.330406 0.3891969 0.2803971
0.3020845 0.4499488 0.2479666
0.2656241 0.3322596 0.4021163
0.2642443 0.387819 0.3479367
0.1968283 0.4441935 0.3589782
0.275093 0.4955639 0.2293432
0.2687471 0.4137472 0.3175057
0.2473709 0.4029505 0.3496786
0.3372063 0.406411 0.2563827
0.3105204 0.353251 0.3362286
0.3634003 0.3621148 0.274485
0.2531718 0.4376836 0.3091447
0.3054885 0.4021956 0.2923159
0.3109485 0.358562 0.3304895
0.3367418 0.352559 0.3106992
0.278457 0.3278706 0.3936723
0.3145626 0.3713399 0.3140974
0.2592801 0.4446321 0.2960877
0.3050177 0.3817885 0.3131938
0.2809543 0.4575681 0.2614776
0.2378846 0.4378523 0.3242631
0.2418102 0.3303661 0.4278237
0.3102192 0.3477847 0.3419961
0.2918921 0.2825 0.4256079
0.3498279 0.4105954 0.2395767
0.1701787 0.364757 0.4650643
0.295008 0.325448 0.3795439
0.2554292 0.4499384 0.2946324
0.3878091 0.3096074 0.3025835
0.2703324 0.4190714 0.3105962
0.3309995 0.4281631 0.2408373
0.3172708 0.4478605 0.2348687
0.2655515 0.4157373 0.3187112
0.2712231 0.4128724 0.3159044
0.2940645 0.4314502 0.2744853
0.2423579 0.4485378 0.3091042
0.2495582 0.4029251 0.3475166
0.2715953 0.4547077 0.273697
0.3109096 0.4077192 0.2813713
0.3069362 0.3849161 0.3081477
0.2384277 0.4505088 0.3110635
0.2548795 0.4221602 0.3229604
0.2559125 0.366003 0.3780845
0.3561075 0.3696371 0.2742554
0.2278169 0.410243 0.3619401
0.31809 0.3442966 0.3376133
0.3036585 0.3782136 0.3181279
0.3035363 0.3416717 0.3547919
0.283425 0.3942899 0.322285
0.3331846 0.3872011 0.2796143
0.3269175 0.3879667 0.2851158
0.2865891 0.3697961 0.3436148
0.403053 0.3363588 0.2605882
0.2008954 0.4582557 0.3408488
0.3100375 0.3730453 0.3169171
0.2999408 0.3865881 0.3134711
0.2543633 0.392831 0.3528057
0.3199246 0.4749797 0.2050957
0.296286 0.3730393 0.3306747
0.2485614 0.3917391 0.3596996
0.3143013 0.378852 0.3068467
0.3118499 0.4026766 0.2854735
0.2481963 0.4251009 0.3267028
0.3392537 0.3399027 0.3208437
0.3227226 0.4540299 0.2232475
0.2750315 0.4744983 0.2504702
0.2463208 0.4443333 0.309346
0.2256501 0.5171138 0.2572361
0.3894027 0.358344 0.2522532
0.2897025 0.4387147 0.2715828
0.2561311 0.4326415 0.3112274
0.2438641 0.3843329 0.3718029
0.2270663 0.4546927 0.3182411
0.2272626 0.472239 0.3004985
0.2951863 0.3970028 0.3078108
0.327678 0.3483071 0.3240149
0.2481042 0.4403593 0.3115365
0.1962303 0.4735567 0.3302129
0.2632305 0.4195752 0.3171943
0.2969426 0.3948145 0.3082429
0.2061939 0.4400802 0.3537259
0.2461225 0.5162973 0.2375802
0.3002809 0.3546855 0.3450336
0.2487297 0.393347 0.3579234
0.2614615 0.4039619 0.3345767
0.2384673 0.3900667 0.371466
0.2731387 0.3729701 0.3538912
0.3336851 0.3852314 0.2810835
0.2738574 0.4510522 0.2750904
0.2412771 0.4574893 0.3012336
0.3240004 0.4639432 0.2120564
0.2106162 0.5397273 0.2496565
0.2123364 0.5001572 0.2875064
0.29179 0.3872296 0.3209804
0.2586933 0.4180532 0.3232535
0.2998626 0.4349658 0.2651716
0.2916369 0.3840554 0.3243078
0.3894547 0.2911309 0.3194144
0.3098929 0.368726 0.3213811
0.3460172 0.3649711 0.2890116
0.2994005 0.4061904 0.2944092
0.3098414 0.4098228 0.2803358
0.196746 0.5030878 0.3001662
0.2748529 0.3540944 0.3710527
0.3215822 0.3687123 0.3097055
0.2511965 0.4470659 0.3017377
0.33287 0.3412763 0.3258537
0.3578174 0.4063147 0.2358679
0.2415092 0.4666753 0.2918155
0.260919 0.4227961 0.3162849
0.2756794 0.3588016 0.3655189
0.3520939 0.3713249 0.2765812
0.2248745 0.4339222 0.3412033
0.211444 0.4120776 0.3764784
0.2557267 0.4109279 0.3333454
0.2724709 0.4758925 0.2516366
0.2371866 0.4651344 0.297679
0.3292259 0.4764561 0.194318
0.3616498 0.3525322 0.285818
0.2883046 0.4074404 0.3042551
0.2800602 0.360422 0.3595178
0.2483319 0.4458917 0.3057764
0.3217904 0.4052725 0.2729372
0.2317346 0.4212221 0.3470433
0.2902081 0.4496926 0.2600993
0.2624199 0.3628408 0.3747393
0.377772 0.4166297 0.2055983
0.3192906 0.3653551 0.3153542
0.242492 0.4715649 0.2859431
0.3658957 0.333221 0.3008834
0.2831581 0.3743673 0.3424746
0.29487 0.4489849 0.2561451
0.2909094 0.374257 0.3348336
0.3199445 0.3555943 0.3244611
0.2550696 0.4351753 0.3097552
0.3624021 0.3533645 0.2842334
0.2822984 0.4503617 0.2673399
0.3071504 0.3871991 0.3056505
0.2526748 0.3387723 0.4085529
0.2116795 0.4582787 0.3300418
0.2584333 0.3731273 0.3684394
0.2722737 0.481461 0.2462653
0.2266433 0.4115916 0.3617651
0.3425281 0.3515695 0.3059023
0.2995849 0.371078 0.3293372
0.2578798 0.3597102 0.38241
0.1966797 0.435854 0.3674663
0.2996734 0.2810565 0.4192701
0.2894681 0.3869143 0.3236177
0.2689111 0.4572198 0.2738691
0.3446035 0.4397096 0.2156869
0.294283 0.4024101 0.3033069
0.3073606 0.3193317 0.3733077
0.2800779 0.3962595 0.3236626
0.2871082 0.4267516 0.2861403
0.2804549 0.4214714 0.2980737
0.2204326 0.4132958 0.3662716
0.3196848 0.3508679 0.3294473
0.2903984 0.4486782 0.2609235
0.2409867 0.4135669 0.3454464
0.318944 0.3921067 0.2889492
0.2287262 0.5533438 0.21793
0.307143 0.3415636 0.3512934
0.274521 0.3875904 0.3378886
0.237552 0.4512741 0.3111739
0.2385673 0.4874785 0.2739542
0.3296824 0.3654842 0.3048334
0.2971685 0.3375377 0.3652939
0.2379719 0.363738 0.3982901
0.1885914 0.5085498 0.3028588
0.2432177 0.4289309 0.3278514
0.3050101 0.4301604 0.2648295
0.2400063 0.4118985 0.3480951
0.3196122 0.4344681 0.2459197
0.3197195 0.4576088 0.2226717
0.277877 0.4291737 0.2929493
0.3419757 0.3814042 0.2766202
0.3073505 0.3606314 0.3320181
0.3702226 0.3741073 0.2556701
0.2277963 0.4369632 0.3352405
0.2514884 0.4126498 0.3358617
0.2864407 0.3228709 0.3906885
0.2463589 0.4161866 0.3374544
0.2728694 0.4694275 0.2577031
0.2585618 0.4189072 0.322531
0.3153609 0.3522687 0.3323704
0.2727448 0.4612099 0.2660453
0.2393254 0.3992684 0.3614062
0.2678658 0.4463575 0.2857767
0.2107763 0.4590652 0.3301586
0.2617725 0.4103322 0.3278953
0.286878 0.4349288 0.2781931
0.3019891 0.3895614 0.3084495
0.2379063 0.4075606 0.3545331
0.2634969 0.3603638 0.3761393
0.3347094 0.3906182 0.2746724
0.2854728 0.3577076 0.3568196
0.2416663 0.5099458 0.2483879
0.3159864 0.4363494 0.2476642
0.2120104 0.4239851 0.3640045
0.2917283 0.3824763 0.3257955
0.2736595 0.4408655 0.285475
0.2865443 0.5057164 0.2077392
0.2999933 0.3780678 0.3219389
0.2646642 0.3643027 0.3710331
0.3496985 0.3703895 0.279912
0.229388 0.4739103 0.2967017
0.2108321 0.4827646 0.3064033
0.3434589 0.4177085 0.2388327
0.3202461 0.3807097 0.2990441
0.2507422 0.4786581 0.2705996
0.2294556 0.3979906 0.3725538
0.2428332 0.4825415 0.2746252
0.2526416 0.4636351 0.2837234
0.2403708 0.4474177 0.3122116
0.2736777 0.3985518 0.3277705
0.2787784 0.4592508 0.2619709
0.1640692 0.5314005 0.3045303
0.2185041 0.342621 0.4388749
0.3421905 0.386926 0.2708836
0.33051 0.3738437 0.2956463
0.3228695 0.3460142 0.3311163
0.2291219 0.4799176 0.2909606
0.239617 0.4339975 0.3263856
0.3465365 0.4190673 0.2343962
0.3708241 0.3459319 0.2832441
0.3283216 0.3405737 0.3311047
0.377564 0.3165263 0.3059097
0.2910089 0.3863679 0.3226232
0.3362629 0.3221231 0.341614
0.3186579 0.4372431 0.244099
0.3136649 0.3412828 0.3450522
0.3649747 0.3349937 0.3000316
0.2759159 0.4385428 0.2855413
0.2533825 0.3694148 0.3772027
0.3024268 0.3923894 0.3051838
0.2841833 0.317112 0.3987046
0.2992627 0.3650906 0.3356466
0.2938953 0.3281983 0.3779064
0.2529649 0.4746947 0.2723404
0.2371327 0.4076296 0.3552376
0.2359935 0.3493419 0.4146645
0.1947721 0.4544777 0.3507502
0.3148078 0.3302939 0.3548983
0.2792774 0.4129407 0.3077819
0.2696735 0.4264647 0.3038619
0.232448 0.4613585 0.3061935
0.2868161 0.3911722 0.3220117
0.2763 0.3852906 0.3384094
0.2968484 0.44689 0.2562616
0.2807373 0.3902548 0.3290078
0.3289687 0.3343299 0.3367014
0.3295619 0.4193164 0.2511217
0.2890621 0.3311892 0.3797488
0.3415185 0.3651845 0.2932971
0.303331 0.4327653 0.2639037
0.2885744 0.3634611 0.3479646
0.2667839 0.4047254 0.3284907
0.2772016 0.4157155 0.3070829
0.2842973 0.4623758 0.253327
0.2597451 0.3963013 0.3439536
0.2325167 0.4013964 0.3660869
0.3326247 0.3842199 0.2831554
0.4030738 0.2768055 0.3201207
0.2761975 0.386507 0.3372955
0.3330191 0.4127158 0.2542651
0.2443506 0.3629556 0.3926938
0.3543843 0.3329139 0.3127018
0.2928701 0.3586357 0.3484942
0.285069 0.3734439 0.3414871
0.244223 0.3793876 0.3763893
0.3193598 0.3735374 0.3071028
0.3617097 0.3266275 0.3116628
0.2976315 0.372651 0.3297175
0.3291005 0.3607247 0.3101748
0.3042641 0.3985175 0.2972184
0.1846931 0.5451285 0.2701784
0.2568927 0.4295706 0.3135367
0.2901882 0.3928128 0.316999
0.2380801 0.479332 0.2825879
0.2467441 0.381199 0.3720569
0.2630982 0.4101225 0.3267793
0.3645653 0.3488122 0.2866225
0.2755684 0.391868 0.3325636
0.2621269 0.3703718 0.3675014
0.3528747 0.35458 0.2925453
0.2616737 0.3956125 0.3427139
0.242708 0.4511012 0.3061909
0.2853997 0.3790689 0.3355315
0.3127817 0.4097189 0.2774995
0.3106264 0.3430358 0.3463378
0.241031 0.4577462 0.3012228
0.2083103 0.5016807 0.290009
0.1908438 0.4254474 0.3837088
0.2863202 0.4650872 0.2485925
0.3017905 0.3460912 0.3521183
0.2848061 0.3678265 0.3473673
0.2245354 0.4011491 0.3743156
0.2900261 0.4346695 0.2753044
0.2807388 0.3612563 0.3580049
0.2884286 0.3501826 0.3613888
0.2859177 0.4053016 0.3087807
0.3172261 0.3370251 0.3457488
0.2893785 0.334392 0.3762295
0.3032615 0.3738441 0.3228943
0.2936415 0.4189378 0.2874207
0.3432319 0.3102633 0.3465048
0.2057917 0.3832867 0.4109217
0.2563349 0.4209725 0.3226925
0.3462012 0.3645698 0.289229
0.3309803 0.4031886 0.2658311
0.280831 0.4526358 0.2665333
0.2670043 0.4449832 0.2880126
0.3290085 0.3758351 0.2951564
0.3535106 0.4542056 0.1922838
0.2762411 0.4948308 0.2289282
0.25906 0.4796151 0.2613249
0.2332059 0.4394009 0.3273933
0.268805 0.3875547 0.3436403
0.2586517 0.3573575 0.3839909
0.3134935 0.4022185 0.2842879
0.3591494 0.385709 0.2551416
0.2594875 0.4414585 0.299054
0.2521431 0.3960629 0.351794
0.2474911 0.3928336 0.3596754
0.2992891 0.3880479 0.312663
0.2474098 0.4416272 0.310963
0.2958922 0.3952223 0.3088855
0.328517 0.4549865 0.2164965
0.3152538 0.3948243 0.2899219
0.3654941 0.3095205 0.3249854
0.2993459 0.3445162 0.3561378
0.2623808 0.4698715 0.2677478
0.2433318 0.4542167 0.3024515
0.2440741 0.3714104 0.3845155
0.2787796 0.3447041 0.3765164
0.2538022 0.5298758 0.216322
0.3946305 0.3521985 0.2531711
0.2318877 0.4895968 0.2785155
0.2182264 0.3995133 0.3822603
0.3004778 0.36888 0.3306422
0.210676 0.3948867 0.3944373
0.2882046 0.389115 0.3226804
0.2482131 0.4001466 0.3516403
0.3452848 0.3986478 0.2560674
0.3155234 0.3836647 0.3008118
0.2482693 0.4326671 0.3190636
0.2715254 0.3685492 0.3599254
0.2732774 0.4270661 0.2996566
0.2575218 0.4720284 0.2704498
0.3080634 0.3991348 0.2928018
0.2679779 0.4467314 0.2852906
0.2526046 0.438466 0.3089294
0.1915212 0.5007888 0.30769
0.2501831 0.406816 0.3430009
0.258385 0.4583023 0.2833127
0.2809764 0.4072434 0.3117802
0.3175168 0.3904588 0.2920244
0.2780501 0.3804777 0.3414722
0.3342146 0.3459106 0.3198748
0.2709611 0.4604485 0.2685904
0.26096 0.427452 0.311588
0.2831882 0.3684837 0.3483281
0.337478 0.357301 0.305221
0.3766736 0.3206747 0.3026517
0.2597291 0.4388116 0.3014593
0.2178146 0.4479225 0.3342629
0.3402513 0.4039816 0.2557671
0.207648 0.4815154 0.3108365
0.2326826 0.4226144 0.344703
0.3587955 0.3352953 0.3059092
0.3130155 0.4138292 0.2731554
0.2563018 0.3703058 0.3733924
0.2489832 0.4234993 0.3275175
0.2924226 0.4491041 0.2584733
0.3192853 0.37716 0.3035547
0.3168974 0.3086342 0.3744684
0.3108935 0.370628 0.3184785
0.315122 0.3949428 0.2899352
0.2492658 0.4826526 0.2680816
0.2917737 0.4523228 0.2559034
0.211511 0.375728 0.412761
0.2883766 0.4129305 0.2986929
0.3093179 0.3815713 0.3091108
0.2263982 0.4711362 0.3024656
0.3076415 0.4882158 0.2041427
0.2676154 0.4606876 0.271697
0.322028 0.3908395 0.2871326
0.3136594 0.4052453 0.2810953
0.1948598 0.5240029 0.2811373
0.2984907 0.3849356 0.3165738
0.3357555 0.4005073 0.2637371
0.3573112 0.3967025 0.2459863
0.2930304 0.3301121 0.3768575
0.3394286 0.3615537 0.2990177
0.3147255 0.4542275 0.231047
0.3429168 0.4225337 0.2345495
0.3134107 0.443585 0.2430042
0.2358721 0.3988915 0.3652364
0.2911742 0.3955726 0.3132531
0.2615934 0.4347882 0.3036185
0.3094308 0.3794464 0.3111228
0.2867116 0.3659375 0.3473509
0.2639671 0.4301741 0.3058587
0.2755495 0.4708518 0.2535987
0.2871553 0.4769273 0.2359175
0.3408668 0.4611636 0.1979696
0.1973658 0.544039 0.2585952
0.298948 0.3845649 0.3164871
0.3218419 0.359775 0.3183831
0.2651262 0.4947662 0.2401076
0.2671272 0.3296935 0.4031793
0.2941384 0.3994551 0.3064065
0.2567448 0.4052666 0.3379886
0.2565208 0.4654716 0.2780076
0.3565163 0.4255934 0.2178904
0.3284875 0.3280801 0.3434324
0.1833938 0.3869358 0.4296704
0.2824234 0.4215995 0.2959771
0.3199668 0.3026882 0.377345
0.3091852 0.3498044 0.3410104
0.233489 0.4493597 0.3171514
0.3180337 0.3414447 0.3405216
0.2397383 0.4289892 0.3312726
0.3022581 0.3965574 0.3011845
0.3072627 0.3933679 0.2993695
0.2917732 0.437784 0.2704428
0.2700659 0.3879113 0.3420228
0.2194396 0.364176 0.4163844
0.283948 0.361981 0.354071
0.3528605 0.3864492 0.2606902
0.3082568 0.4430896 0.2486536
0.236391 0.4700011 0.2936079
0.2530875 0.4122796 0.3346328
0.286305 0.4736273 0.2400677
0.2736006 0.4172442 0.3091552
0.2357257 0.3923545 0.3719198
0.185609 0.4667823 0.3476086
0.1903148 0.447495 0.3621902
0.2840313 0.4326214 0.2833472
0.2264171 0.4375724 0.3360105
0.365513 0.3471374 0.2873496
0.2928209 0.355506 0.3516731
0.2233363 0.4200312 0.3566325
0.3281676 0.3896761 0.2821564
0.2969791 0.446028 0.2569928
0.323255 0.3742921 0.3024529
0.2809475 0.400875 0.3181775
0.2794186 0.4585384 0.262043
0.2085979 0.4897165 0.3016856
0.3062121 0.4078105 0.2859774
0.2630394 0.466813 0.2701476
0.3383487 0.4273333 0.234318
0.3193631 0.3756825 0.3049544
0.2374642 0.4351227 0.3274131
0.223636 0.4529999 0.3233641
0.2800363 0.3788328 0.3411309
0.206822 0.51868 0.2744979
0.2720774 0.4515022 0.2764204
0.2772711 0.4446512 0.2780777
0.313848 0.4145674 0.2715845
0.3073732 0.4005379 0.2920889
0.2245571 0.4089403 0.3665026
0.2831044 0.4347011 0.2821945
0.2737544 0.4148911 0.3113546
0.2891397 0.4765729 0.2342873
0.3012266 0.4504215 0.2483519
0.2456696 0.4196489 0.3346814
0.2532448 0.4359703 0.3107849
0.2563338 0.4101519 0.3335143
0.2903098 0.4465282 0.263162
0.293283 0.3304918 0.3762253
0.3296477 0.3872345 0.2831178
0.3154673 0.3435963 0.3409364
0.2445337 0.5130472 0.2424191
0.3550216 0.3355933 0.3093851
0.2365203 0.4545071 0.3089727
0.3060259 0.4037925 0.2901816
0.2021231 0.5502569 0.2476199
0.2773512 0.4197102 0.3029386
0.2606223 0.3880002 0.3513775
0.2424812 0.3881817 0.369337
0.2814623 0.4146759 0.3038618
0.2194111 0.4349765 0.3456124
0.2394318 0.4053586 0.3552096
0.2747415 0.4204017 0.3048568
0.2411757 0.4936634 0.2651609
0.3262506 0.3802023 0.2935471
0.4314244 0.3242323 0.2443433
0.2332539 0.4544933 0.3122529
0.3098073 0.4401423 0.2500504
0.3540693 0.3451634 0.3007673
0.2408989 0.4616083 0.2974928
0.3269513 0.3908908 0.2821579
0.2777765 0.3972479 0.3249756
0.2957303 0.4315517 0.2727181
0.2347617 0.4170932 0.348145
0.2715766 0.4627322 0.2656913
0.2253805 0.3714171 0.4032024
0.2588512 0.4320227 0.3091261
0.237851 0.4571041 0.3050448
0.2978247 0.3534409 0.3487344
0.275763 0.4251436 0.2990934
0.2671767 0.4039466 0.3288767
0.2952933 0.4257992 0.2789076
0.2273688 0.4406096 0.3320216
0.2864364 0.4028474 0.3107162
0.2729571 0.4058642 0.3211787
0.3179881 0.3995359 0.2824761
0.2530044 0.3038139 0.4431817
0.2651045 0.4350963 0.2997993
0.2788884 0.4130785 0.308033
0.3743831 0.3343301 0.2912868
0.2315718 0.4654054 0.3030228
0.2603464 0.36957 0.3700836
0.1810499 0.4835203 0.3354298
0.3170372 0.4642783 0.2186845
0.2840446 0.4238826 0.2920728
0.3258126 0.3479911 0.3261963
0.3662098 0.3119645 0.3218257
0.3839886 0.314155 0.3018564
0.2717759 0.378925 0.3492991
0.2131942 0.4816589 0.305147
0.2737176 0.4087658 0.3175167
0.2553695 0.4454017 0.2992288
0.2629726 0.365123 0.3719044
0.3034746 0.3352154 0.36131
0.2918576 0.4252832 0.2828592
0.2760054 0.4064311 0.3175635
0.2905116 0.3751941 0.3342943
0.3700462 0.3861409 0.2438129
0.214884 0.517495 0.267621
0.3153817 0.4413166 0.2433017
0.2648985 0.4256997 0.3094018
0.3264358 0.3962149 0.2773494
0.2652533 0.4706041 0.2641426
0.1833093 0.503426 0.3132647
0.2604477 0.4600299 0.2795224
0.3122117 0.3389122 0.3488761
0.2918775 0.4301579 0.2779646
0.2777988 0.4223252 0.299876
0.2700537 0.3623767 0.3675696
0.3139663 0.359314 0.3267197
0.3425125 0.3554938 0.3019937
0.2486125 0.5042857 0.2471018
0.3092384 0.3106042 0.3801575
0.2703998 0.4240775 0.3055227
0.2500489 0.4222586 0.3276925
0.2808249 0.3788424 0.3403328
0.2621787 0.4167676 0.3210537
0.2264969 0.5407446 0.2327586
0.3531012 0.3103164 0.3365824
0.2598991 0.4003899 0.339711
0.2720954 0.3716693 0.3562354
0.2723297 0.4294979 0.2981724
0.2791335 0.4585688 0.2622977
0.2872474 0.3615339 0.3512187
0.3127175 0.3089537 0.3783287
0.2462727 0.4010456 0.3526817
0.3300994 0.3443534 0.3255472
0.2923354 0.3660001 0.3416645
0.2078326 0.4161688 0.3759986
0.2910916 0.4786359 0.2302724
0.1983613 0.4345222 0.3671165
0.2632662 0.428152 0.3085818
0.2627806 0.4283281 0.3088913
0.3223199 0.3429767 0.3347034
0.2738675 0.3544635 0.3716689
0.2897588 0.4870079 0.2232333
0.2251437 0.4193109 0.3555454
0.2683244 0.3793379 0.3523377
0.2657199 0.4150296 0.3192505
0.3349595 0.3802808 0.2847597
0.3810469 0.3449376 0.2740155
0.3008436 0.3685742 0.3305822
0.2574469 0.3903586 0.3521945
0.2794064 0.4012577 0.3193359
0.2866909 0.3862165 0.3270926
0.2172872 0.4286062 0.3541066
0.234171 0.3790795 0.3867495
0.2932127 0.4376981 0.2690892
0.2327551 0.4429005 0.3243444
0.2771246 0.4369915 0.2858839
0.3118653 0.4575677 0.230567
0.2642622 0.4534927 0.282245
0.3146496 0.350094 0.3352565
0.3045704 0.4207714 0.2746583
0.3017432 0.3792854 0.3189714
0.2908427 0.4216664 0.2874909
0.2699508 0.3535913 0.3764579
0.2113317 0.4800582 0.3086102
0.2718862 0.4377746 0.2903392
0.2151801 0.3873591 0.3974608
0.2551678 0.4087866 0.3360456
0.2847361 0.4468882 0.2683756
0.3519414 0.3256945 0.3223641
0.2994764 0.4488975 0.2516261
0.2832489 0.4507332 0.2660179
0.2612345 0.4125387 0.3262268
0.2930537 0.405595 0.3013513
0.2575666 0.4488605 0.2935729
0.2963438 0.4286744 0.2749817
0.3411193 0.378315 0.2805657
0.241331 0.4743282 0.2843408
0.2770377 0.433494 0.2894683
0.2511574 0.3684947 0.3803479
0.2542089 0.3783782 0.3674129
0.2571671 0.384352 0.3584809
0.3477475 0.2571071 0.3951454
0.2658313 0.4055832 0.3285855
0.3353711 0.3879986 0.2766303
0.3251763 0.3742493 0.3005744
0.287128 0.4428454 0.2700266
0.2341622 0.4948877 0.27095
0.3114495 0.398842 0.2897084
0.2379267 0.3633801 0.3986932
0.2752902 0.3544619 0.3702479
0.287867 0.487257 0.224876
0.2542299 0.4386089 0.3071612
0.317431 0.447691 0.234878
0.2711284 0.4019864 0.3268852
0.223276 0.4019054 0.3748186
0.1700351 0.4579857 0.3719792
0.3150311 0.3842405 0.3007284
0.2551546 0.3925869 0.3522585
0.3521329 0.3786996 0.2691675
0.317929 0.3482023 0.3338687
0.3617303 0.3792042 0.2590655
0.2518614 0.3301466 0.417992
0.2400412 0.4872306 0.2727282
0.2956003 0.3891284 0.3152713
0.2806973 0.4515882 0.2677145
0.2404438 0.3808552 0.378701
0.3185601 0.4511139 0.230326
0.2747321 0.4075098 0.3177581
0.3013724 0.3660311 0.3325965
0.3307098 0.4353694 0.2339208
0.3073346 0.4417771 0.2508883
0.2558868 0.4236814 0.3204318
0.3109675 0.390623 0.2984095
0.242762 0.4191856 0.3380524
0.2578161 0.4508434 0.2913405
0.3013293 0.3525207 0.3461499
0.3157862 0.4682002 0.2160136
0.2876883 0.3176037 0.394708
0.2310322 0.4736332 0.2953346
0.3117214 0.415091 0.2731876
0.2869518 0.4381685 0.2748797
0.2369208 0.4132512 0.3498281
0.2783489 0.4337403 0.2879108
0.3371199 0.3295519 0.3333282
0.3068222 0.3734677 0.3197101
0.2305687 0.4290753 0.340356
0.3291133 0.3750586 0.295828
0.2448914 0.3559566 0.399152
0.2581042 0.4710372 0.2708586
0.269323 0.4550222 0.2756548
0.2151268 0.4014693 0.3834039
0.3110659 0.3292071 0.359727
0.3106657 0.3784494 0.310885
0.2262151 0.4705054 0.3032795
0.1934685 0.4831378 0.3233937
0.3430621 0.3903495 0.2665884
0.2181976 0.4618763 0.3199262
0.2001211 0.4627496 0.3371293
0.2655909 0.4521567 0.2822524
0.2462301 0.4237027 0.3300672
0.2308806 0.4500108 0.3191086
0.3012135 0.3918516 0.3069349
0.2907336 0.3918853 0.3173811
0.2444838 0.4244852 0.331031
0.2784923 0.4116517 0.3098559
0.2127825 0.4925949 0.2946226
0.3011549 0.3897491 0.309096
0.3819452 0.3276489 0.2904059
0.2416393 0.4292569 0.3291038
0.3246023 0.4130852 0.2623124
0.3231397 0.3917969 0.2850634
0.1908402 0.446221 0.3629388
0.2709825 0.3912042 0.3378133
0.2659055 0.380245 0.3538495
0.3255184 0.4403575 0.2341241
0.3191353 0.3634133 0.3174514
0.3020251 0.3709575 0.3270174
0.3292653 0.3547571 0.3159776
0.2719301 0.434553 0.2935169
0.314245 0.3665453 0.3192097
0.2667458 0.3954724 0.3377819
0.2375202 0.4486096 0.3138702
0.3445129 0.3742963 0.2811908
0.3087874 0.372025 0.3191876
0.3210496 0.3905255 0.288425
0.2747968 0.3420678 0.3831355
0.2756199 0.4081456 0.3162345
0.2739496 0.4629204 0.26313
0.2793935 0.3788341 0.3417724
0.2198142 0.3750626 0.4051233
0.2722173 0.4322046 0.2955781
0.2177271 0.4827486 0.2995243
0.3635008 0.3734245 0.2630747
0.1912157 0.4240708 0.3847134
0.20557 0.4633928 0.3310372
0.3226471 0.3608626 0.3164903
0.3365 0.3804078 0.2830922
0.283373 0.4086845 0.3079425
0.2617391 0.3875268 0.3507341
0.3565556 0.4154257 0.2280187
0.2613566 0.36968 0.3689634
0.2794433 0.4240689 0.2964877
0.3129221 0.3370097 0.3500682
0.3297392 0.3747327 0.2955281
0.2602534 0.4277241 0.3120225
0.3243984 0.4297774 0.2458242
0.27459 0.3795311 0.345879
0.2512616 0.3855989 0.3631395
0.3092533 0.3343822 0.3563645
0.20767 0.4518861 0.3404439
0.2429009 0.4708211 0.2862779
0.2070926 0.4823849 0.3105225
0.2630855 0.3421011 0.3948134
0.2834258 0.3327233 0.3838509
0.2659541 0.4103189 0.323727
0.2569497 0.430532 0.3125184
0.3275177 0.4448572 0.2276252
0.2971588 0.4193658 0.2834754
0.2876817 0.3535861 0.3587322
0.3117435 0.3685095 0.319747
0.2547453 0.4158999 0.3293549
0.223918 0.4107349 0.3653471
0.2337517 0.3559467 0.4103015
0.262745 0.4323825 0.3048725
0.2102059 0.3638363 0.4259579
0.2812533 0.5150694 0.2036773
0.2063069 0.4696022 0.3240908
0.3300381 0.3651051 0.3048568
0.2405306 0.4465985 0.312871
0.3210359 0.4173845 0.2615796
0.2498445 0.4201721 0.3299834
0.2774405 0.3770582 0.3455013
0.2703225 0.4077613 0.3219162
0.2606922 0.4427973 0.2965104
0.3053362 0.3643036 0.3303602
0.1684735 0.4595274 0.3719991
0.2181821 0.4607254 0.3210924
0.2674656 0.4294427 0.3030917
0.265986 0.3490084 0.3850057
0.3367282 0.3007557 0.3625161
0.2927349 0.4216265 0.2856386
0.3302597 0.2498111 0.4199292
0.2716806 0.3815389 0.3467804
0.3873188 0.3117505 0.3009307
0.2446914 0.4921094 0.2631992
0.2460549 0.4012735 0.3526715
0.2661549 0.382154 0.3516911
0.2834876 0.4389469 0.2775656
0.2790729 0.4655043 0.2554228
0.2670139 0.3889972 0.3439888
0.3167604 0.331658 0.3515816
0.2713668 0.436112 0.2925212
0.2647032 0.3598145 0.3754823
0.2944825 0.4051785 0.3003391
0.3197951 0.3801574 0.3000475
0.3126229 0.3475896 0.3397875
0.347246 0.4044459 0.2483081
0.3447774 0.4552888 0.1999338
0.3011473 0.3870743 0.3117784
0.2671481 0.3961077 0.3367442
0.3191659 0.4342545 0.2465795
0.3109039 0.4029859 0.2861103
0.2954752 0.3402793 0.3642456
0.2470144 0.4528371 0.3001485
0.3049693 0.418769 0.2762617
0.2997015 0.422067 0.2782316
0.3699803 0.3471235 0.2828963
0.1752056 0.4922069 0.3325874
0.2183614 0.48651 0.2951286
0.3598168 0.3030647 0.3371185
0.2890809 0.3857995 0.3251196
0.1997106 0.4205241 0.3797653
0.366642 0.335408 0.29795
0.31864 0.357584 0.323776
0.266471 0.4365218 0.2970072
0.2919759 0.3493719 0.3586522
0.2839781 0.4600608 0.255961
0.3126313 0.413925 0.2734438
0.2803012 0.4337249 0.285974
0.2404091 0.4473071 0.3122837
0.2614023 0.463794 0.2748037
0.2261981 0.4468053 0.3269966
0.3082958 0.4202101 0.2714942
0.2190474 0.4537786 0.327174
0.307673 0.4026147 0.2897123
0.3255905 0.3899408 0.2844687
0.2793017 0.438961 0.2817373
0.303493 0.3698868 0.3266202
0.3748141 0.3934688 0.2317171
0.2671013 0.3588659 0.3740328
0.3049935 0.407408 0.2875986
0.232534 0.4241484 0.3433176
0.3242664 0.4037571 0.2719765
0.2207639 0.4344029 0.3448331
0.2215094 0.3578156 0.420675
0.3548196 0.3352686 0.3099118
0.2478185 0.4431848 0.3089967
0.2431157 0.5168356 0.2400487
0.2855681 0.4384309 0.2760009
0.3005806 0.3531195 0.3462999
0.3754526 0.3334338 0.2911136
0.2944243 0.3545942 0.3509815
0.2870534 0.4106362 0.3023104
0.2811848 0.4405927 0.2782225
0.3108883 0.4229629 0.2661489
0.2740135 0.3569531 0.3690334
0.2839841 0.4092981 0.3067178
0.339875 0.3641923 0.2959327
0.3602772 0.4056507 0.2340721
0.2538603 0.447281 0.2988587
0.2727238 0.4026052 0.3246709
0.2788769 0.3951454 0.3259777
0.3024138 0.4329931 0.2645931
0.2905676 0.4066732 0.3027592
0.310858 0.4332606 0.2558814
0.3247232 0.3839586 0.2913182
0.1863041 0.4700908 0.3436051
0.2865976 0.393396 0.3200064
0.303545 0.3812746 0.3151804
0.2477375 0.403177 0.3490855
0.2345768 0.5309274 0.2344958
0.2862822 0.3923167 0.3214011
0.3037975 0.3659569 0.3302456
0.2734123 0.3252927 0.4012951
0.2467423 0.4457527 0.307505
0.2187899 0.4516139 0.3295962
0.2598451 0.4263912 0.3137637
0.2535433 0.3626915 0.3837651
0.2760377 0.5138407 0.2101215
0.2721333 0.3889304 0.3389363
0.2517055 0.5078228 0.2404717
0.2410652 0.4693425 0.2895923
0.2575268 0.3801399 0.3623334
0.2999297 0.4050882 0.2949821
0.3088214 0.4323272 0.2588514
0.3354264 0.3986183 0.2659553
0.2499489 0.3235946 0.4264565
0.3326115 0.4109636 0.256425
0.2685785 0.409601 0.3218204
0.3128401 0.3545917 0.3325682
0.3418516 0.3534127 0.3047357
0.2625182 0.3706 0.3668818
0.2953506 0.3646105 0.340039
0.3010425 0.4496556 0.2493019
0.3055113 0.4309426 0.2635462
0.2600379 0.4023076 0.3376545
0.2929142 0.4270976 0.2799882
0.3125811 0.3765031 0.3109158
0.2598972 0.3952265 0.3448763
0.3688867 0.3312929 0.2998204
0.3410979 0.3488084 0.3100937
0.2348899 0.4838974 0.2812127
0.2646315 0.43634 0.2990285
0.3003555 0.3719703 0.3276742
0.235545 0.4163024 0.3481526
0.1661241 0.4629561 0.3709198
0.3333141 0.378388 0.2882979
0.2739061 0.3586122 0.3674816
0.2647883 0.3487404 0.3864712
0.255497 0.4513437 0.2931593
0.251214 0.4099958 0.3387902
0.3241287 0.4405026 0.2353687
0.2852123 0.4084587 0.306329
0.2377608 0.3902264 0.3720128
0.2912129 0.4407582 0.2680289
0.3036999 0.4238534 0.2724466
0.2940677 0.3982716 0.3076607
0.3270095 0.3757485 0.297242
0.3335361 0.3921943 0.2742696
0.2630971 0.3844565 0.3524464
0.3012505 0.4014679 0.2972816
0.3092501 0.3581576 0.3325924
0.2387282 0.3937815 0.3674903
0.2817423 0.4539937 0.264264
0.307163 0.4565583 0.2362787
0.2845103 0.4243758 0.2911138
0.3304835 0.3107283 0.3587882
0.2503732 0.4336858 0.315941
0.3265398 0.37884 0.2946202
0.2115011 0.4586418 0.3298571
0.3140285 0.3148446 0.3711269
0.3225696 0.4163643 0.2610661
0.2583432 0.4179225 0.3237343
0.2976502 0.4040672 0.2982827
0.1926461 0.4884966 0.3188572
0.3208115 0.4289183 0.2502702
0.2986719 0.3746151 0.326713
0.2278818 0.4913292 0.2807891
0.2596379 0.5059037 0.2344583
0.3076973 0.3557899 0.3365128
0.3048686 0.3999329 0.2951986
0.2955024 0.423957 0.2805406
0.2715555 0.3552058 0.3732386
0.2592222 0.4907397 0.2500381
0.3562005 0.4009615 0.242838
0.2260189 0.3969078 0.3770734
0.2185941 0.4340132 0.3473927
0.3605182 0.3557806 0.2837011
0.1844306 0.411836 0.4037334
0.2195009 0.4333364 0.3471627
0.3489131 0.2844583 0.3666286
0.2486972 0.3710568 0.380246
0.2247858 0.5224122 0.252802
0.2751922 0.4596189 0.2651889
0.2356072 0.2946268 0.469766
0.3016216 0.3312433 0.3671351
0.2559334 0.4865976 0.257469
0.262415 0.4593272 0.2782578
0.2382156 0.4140234 0.347761
0.3180627 0.3738028 0.3081345
0.279288 0.353907 0.3668051
0.3197135 0.460541 0.2197455
0.2759078 0.4401428 0.2839494
0.2570655 0.4798119 0.2631226
0.382597 0.3676008 0.2498022
0.2436194 0.4729783 0.2834023
0.2980133 0.3447584 0.3572283
0.2680115 0.4674523 0.2645362
0.2580113 0.470537 0.2714517
0.2670464 0.3452031 0.3877505
0.3371719 0.3955027 0.2673254
0.2753669 0.4269388 0.2976943
0.2112593 0.4290362 0.3597045
0.3358729 0.3773109 0.2868163
0.3201266 0.3907192 0.2891542
0.2756837 0.3839907 0.3403256
0.3231972 0.3352388 0.341564
0.3194774 0.3218382 0.3586844
0.3086512 0.3656263 0.3257225
0.3021901 0.3791823 0.3186276
0.1830686 0.4033057 0.4136257
0.1712363 0.4546918 0.3740718
0.2625453 0.4108748 0.3265799
0.2329851 0.4960371 0.2709778
0.2482049 0.4160828 0.3357123
0.2596071 0.3794945 0.3608984
0.2573352 0.4978976 0.2447672
0.2813934 0.3994245 0.3191821
0.2952134 0.4795251 0.2252615
0.2438264 0.3830493 0.3731243
0.3085278 0.3732278 0.3182444
0.3358779 0.3236466 0.3404755
0.1643741 0.3930048 0.4426211
0.3007622 0.4344716 0.2647662
0.2669401 0.3592837 0.3737762
0.3253837 0.4015506 0.2730657
0.325082 0.3815545 0.2933635
0.380256 0.2933392 0.3264047
0.2793888 0.3747253 0.3458859
0.2733576 0.4318581 0.2947843
0.3081444 0.4013778 0.2904778
0.2511789 0.4327534 0.3160677
0.2436625 0.4182442 0.3380933
0.2455938 0.4382759 0.3161303
0.2783891 0.3898098 0.3318011
0.3763702 0.2814494 0.3421803
0.259516 0.3403874 0.4000966
0.2852321 0.3954084 0.3193595
0.2974697 0.42194 0.2805902
0.3241854 0.3563928 0.3194218
0.2035812 0.4244262 0.3719926
0.2762353 0.3666536 0.3571111
0.2319066 0.419606 0.3484874
0.2262702 0.3627629 0.4109669
0.2490345 0.453951 0.2970145
0.3123663 0.3318455 0.3557882
0.2288698 0.4374392 0.333691
0.2943186 0.4210217 0.2846597
0.3497315 0.3620903 0.2881782
0.3203097 0.3783185 0.3013719
0.249817 0.4875385 0.2626445
0.3813389 0.3648096 0.2538516
0.3853328 0.3813985 0.2332688
0.2639228 0.4193602 0.316717
0.3038925 0.3004062 0.3957013
0.228597 0.4123415 0.3590615
0.2457128 0.4077242 0.346563
0.2729964 0.393118 0.3338856
0.3293447 0.2757311 0.3949242
0.2907768 0.444317 0.2649062
0.2653942 0.3994961 0.3351096
0.3394317 0.2978572 0.362711
0.2963498 0.3757588 0.3278914
0.2728926 0.4075289 0.3195784
0.2837702 0.419467 0.2967628
0.2968394 0.4998025 0.2033581
0.2589281 0.4245776 0.3164943
0.3222276 0.3746977 0.3030746
0.3882246 0.362312 0.2494634
0.3104328 0.4327568 0.2568104
0.295717 0.4008177 0.3034652
0.3490753 0.4100343 0.2408904
0.2143569 0.4516354 0.3340077
0.3034401 0.4493397 0.2472202
0.2843959 0.3898992 0.3257049
0.2649621 0.4929936 0.2420443
0.2420244 0.4138937 0.3440819
0.2736699 0.3668176 0.3595126
0.2211587 0.4849597 0.2938816
0.1991536 0.4828068 0.3180396
0.3197466 0.4091066 0.2711468
0.2388507 0.4179506 0.3431987
0.3718622 0.3979451 0.2301927
0.2907051 0.4120059 0.297289
0.2831869 0.4003258 0.3164872
0.2140685 0.4436131 0.3423184
0.3255932 0.3817136 0.2926932
0.3178325 0.3599885 0.322179
0.3204607 0.3766008 0.3029385
0.2446184 0.4314331 0.3239485
0.3828285 0.3380534 0.279118
0.3215248 0.4482774 0.2301977
0.3000187 0.4323538 0.2676275
0.2106138 0.4538012 0.335585
0.2577958 0.4092405 0.3329637
0.2399167 0.4034719 0.3566114
0.3066282 0.3352758 0.358096
0.2294619 0.4153257 0.3552123
0.2799328 0.4023912 0.3176761
0.3799642 0.3154729 0.3045629
0.2948744 0.4617241 0.2434015
0.2543277 0.3961019 0.3495705
0.2294453 0.4555406 0.3150141
0.2602791 0.4025504 0.3371706
0.2209131 0.430334 0.348753
0.3186306 0.4092702 0.2720991
0.3025621 0.3866631 0.3107748
0.2516036 0.4572958 0.2911006
0.2835798 0.4090858 0.3073344
0.2550861 0.3660462 0.3788676
0.2551861 0.4374974 0.3073164
0.2744038 0.3409914 0.3846048
0.2804767 0.4355011 0.2840222
0.3618638 0.412968 0.2251682
0.2623637 0.4047794 0.332857
0.268912 0.4637573 0.2673307
0.2784837 0.3570306 0.3644858
0.2896741 0.3487044 0.3616215
0.256455 0.4417798 0.3017652
0.2941439 0.3937159 0.3121401
0.2827474 0.4199708 0.2972817
0.3087883 0.3227841 0.3684276
0.325944 0.3225741 0.351482
0.278077 0.391386 0.330537
0.3388085 0.3846257 0.2765657
0.2977757 0.3840575 0.3181668
0.3744384 0.3716026 0.253959
0.2704675 0.4133785 0.316154
0.3627072 0.4136534 0.2236395
0.2913328 0.4275582 0.2811089
0.2538752 0.4906488 0.255476
0.2723877 0.4528196 0.2747926
0.3505919 0.405508 0.2439001
0.3382801 0.3905798 0.2711401
0.3333777 0.3669585 0.2996638
0.296065 0.3935351 0.3103999
0.2558477 0.393267 0.3508853
0.2700884 0.4496677 0.2802439
0.3001641 0.3343463 0.3654896
0.3580805 0.3970503 0.2448692
0.3065749 0.4938521 0.199573
0.1940542 0.3598629 0.4460829
0.2194127 0.3649581 0.4156292
0.3086207 0.4101399 0.2812394
0.2850709 0.4686896 0.2462395
0.2783641 0.4363705 0.2852653
0.2482707 0.4173752 0.3343541
0.3196661 0.3860188 0.2943152
0.2525226 0.4727732 0.2747042
0.278252 0.4297581 0.2919898
0.3012225 0.4314106 0.2673668
0.2515771 0.4276204 0.3208026
0.3498605 0.45792 0.1922194
0.2934619 0.3668705 0.3396676
0.2359101 0.4718183 0.2922717
0.2207553 0.4298312 0.3494135
0.252029 0.3999358 0.3480352
0.2428076 0.3951458 0.3620466
0.2543404 0.444501 0.3011586
0.2548767 0.4539462 0.2911771
0.2997344 0.4525439 0.2477217
0.244696 0.4016477 0.3536563
0.3088926 0.3476636 0.3434438
0.3339071 0.3782597 0.2878332
0.3151039 0.3779011 0.306995
0.2828068 0.4166489 0.3005443
0.2735356 0.3947795 0.3316849
0.2755973 0.4404242 0.2839785
0.1801788 0.4905122 0.329309
0.351146 0.2893824 0.3594716
0.2191134 0.316072 0.4648147
0.3041803 0.3911405 0.3046792
0.3784203 0.3731023 0.2484774
0.3006264 0.3791487 0.320225
0.3217824 0.3214493 0.3567682
0.2641909 0.4212306 0.3145785
0.2428155 0.4488919 0.3082927
0.3395366 0.418499 0.2419644
0.2547105 0.4534646 0.2918249
0.2747265 0.3533942 0.3718793
0.1937011 0.4869726 0.3193262
0.3263704 0.4006835 0.272946
0.3671529 0.3577244 0.2751227
0.2768464 0.3991453 0.3240083
0.3422938 0.3271436 0.3305626
0.3204179 0.3763284 0.3032537
0.2712939 0.484877 0.2438292
0.287952 0.424666 0.287382
0.3740822 0.3295703 0.2963475
0.2397627 0.4379831 0.3222542
0.2624672 0.4579157 0.2796171
0.2979932 0.4757077 0.2262991
0.2628936 0.4484543 0.2886521
0.2101465 0.3916761 0.3981775
0.3195189 0.4055673 0.2749138
0.3776944 0.3553512 0.2669544
0.2440082 0.4837962 0.2721956
0.2860743 0.4367324 0.2771933
0.2250785 0.4563226 0.3185988
0.2722885 0.3687265 0.358985
0.2008367 0.3981521 0.4010112
0.2381737 0.4259645 0.3358618
0.1886298 0.4550037 0.3563665
0.2347184 0.4282513 0.3370303
0.3012708 0.3557237 0.3430055
0.2843563 0.4696991 0.2459446
0.3264065 0.3680391 0.3055545
0.222655 0.4867639 0.2905811
0.3030081 0.4060092 0.2909827
0.2084404 0.3662299 0.4253297
0.2393665 0.4446368 0.3159967
0.3762461 0.3367571 0.2869969
0.2796235 0.3193522 0.4010242
0.2456415 0.5026427 0.2517158
0.3102055 0.3204463 0.3693482
0.2769926 0.4042087 0.3187987
0.3500916 0.3328779 0.3170305
0.2379844 0.4900396 0.271976
0.3794953 0.3391749 0.2813298
0.2833475 0.3690541 0.3475984
0.2571475 0.3866285 0.356224
0.2627589 0.3867142 0.3505269
0.199905 0.4410717 0.3590234
0.3282965 0.3182243 0.3534791
0.2851899 0.4361494 0.2786607
0.2464625 0.4753894 0.278148
0.210684 0.4051939 0.3841221
0.2691181 0.3878568 0.3430251
0.3113674 0.3574232 0.3312093
0.3156639 0.4223836 0.2619525
0.3093438 0.3863047 0.3043515
0.258095 0.4872096 0.2546954
0.3779659 0.3723205 0.2497136
0.2680621 0.4995775 0.2323603
0.2879498 0.4437026 0.2683477
0.2821791 0.3763313 0.3414896
0.2393115 0.5186455 0.2420429
0.2981118 0.3548266 0.3470616
0.2906602 0.4534823 0.2558575
0.210242 0.4796972 0.3100608
0.3700656 0.3864615 0.2434729
0.2588327 0.4530535 0.2881138
0.347923 0.3576424 0.2944346
0.3539594 0.3174635 0.3285771
0.2274188 0.4637914 0.3087898
0.3128891 0.4107081 0.2764028
0.2731506 0.425303 0.3015464
0.2511212 0.3761719 0.3727069
0.2770544 0.4363585 0.2865871
0.2675947 0.470742 0.2616633
0.3530258 0.293079 0.3538951
0.2543825 0.4289366 0.3166809
0.2917519 0.4600398 0.2482083
0.2667322 0.3995771 0.3336907
0.2855779 0.4100394 0.3043826
0.3341784 0.3318469 0.3339747
0.276757 0.4076549 0.3155881
0.3262928 0.4106144 0.2630928
0.2589105 0.393831 0.3472584
0.2505043 0.4206518 0.3288438
0.3115475 0.4712066 0.2172459
0.327278 0.3803828 0.2923392
0.2554517 0.4812993 0.2632489
0.3038206 0.3995224 0.2966571
0.3234032 0.4497105 0.2268864
0.207307 0.4487155 0.3439775
0.3149438 0.4652602 0.219796
0.2828855 0.362623 0.3544914
0.2240531 0.3803689 0.395578
0.409257 0.314364 0.2763789
0.2608112 0.41081 0.3283787
0.247269 0.3700927 0.3826383
0.2662118 0.4184855 0.3153027
0.1999405 0.4029818 0.3970776
