p_1 p_2 p_3 p_4 
0.001624637 0.2816535 0.7133982 0.003323599 
0.01330487 0.2256113 0.7606744 0.000409433 
0.01877353 0.2690668 0.711647 0.0005126823 
0.002377939 0.4420247 0.5547974 0.0007999608 
0.02791393 0.2446305 0.7205165 0.006939041 
0.00249535 0.345817 0.6491092 0.002578384 
0.006133005 0.3931073 0.5955127 0.005246957 
0.001265353 0.3175476 0.6766084 0.004578621 
0.01574295 0.3396025 0.6446386 1.588182e-05 
0.006431028 0.2859592 0.6970251 0.0105847 
0.001232394 0.3153778 0.6513464 0.03204346 
0.002173436 0.3133525 0.6802789 0.004195207 
0.000376496 0.2195552 0.7780695 0.001998758 
0.001515374 0.3319471 0.6664954 4.210815e-05 
0.0007979888 0.3451957 0.6388639 0.01514242 
0.009537852 0.2733797 0.7024369 0.01464553 
0.0427517 0.1909182 0.7570814 0.009248661 
0.01171122 0.3629561 0.6121633 0.01316935 
0.001589797 0.2950577 0.702441 0.0009114571 
0.003885389 0.2881197 0.7039926 0.004002295 
0.01721297 0.3075426 0.6713631 0.003881327 
0.0120384 0.2549097 0.7304073 0.002644658 
0.002143012 0.2856534 0.7111419 0.001061647 
0.01152086 0.2259933 0.7612395 0.001246375 
0.00416006 0.3058572 0.6795463 0.01043637 
0.01403206 0.2352095 0.7501211 0.0006373355 
0.002807159 0.2540461 0.7403742 0.002772525 
0.0004427796 0.3238618 0.6675207 0.008174756 
0.001235028 0.2281007 0.769898 0.0007662352 
0.007306 0.3026799 0.6875391 0.002475038 
0.008221812 0.2823576 0.7093774 4.313773e-05 
0.002985409 0.3060419 0.6660132 0.02495952 
0.006364219 0.2883715 0.7030178 0.002246529 
0.005946109 0.3223197 0.6636033 0.008130846 
0.0006054752 0.3207109 0.6747654 0.003918258 
2.482005e-05 0.3287888 0.6600697 0.01111673 
0.0007623314 0.3079314 0.68921 0.002096236 
0.001633207 0.3046252 0.685319 0.008422646 
0.006505322 0.3256728 0.6668738 0.0009480617 
0.004597119 0.33983 0.6485999 0.00697296 
0.02526543 0.3442693 0.6235098 0.0069555 
0.01278126 0.2213953 0.759142 0.006681414 
0.008184693 0.3239914 0.6667256 0.001098327 
0.01009728 0.3573637 0.6306608 0.001878277 
0.01626332 0.3805539 0.5986486 0.004534153 
0.01128975 0.3852964 0.5834072 0.02000659 
0.01053548 0.3720982 0.608183 0.009183275 
0.005681171 0.3804094 0.6137602 0.0001492369 
0.0001785238 0.406393 0.5767792 0.01664924 
0.006573491 0.3059458 0.6777521 0.009728634 
0.01030314 0.3197031 0.6488923 0.02110139 
0.00182844 0.3282385 0.6666551 0.003277877 
0.008320461 0.2895674 0.6908387 0.01127341 
0.0002063881 0.3068077 0.6841569 0.00882897 
0.01113576 0.2820726 0.6925983 0.01419334 
0.003808469 0.2462545 0.7497896 0.0001474014 
0.005416312 0.2804334 0.7093841 0.004766186 
0.001649868 0.3304014 0.6647988 0.003149935 
0.01318763 0.3155622 0.6706058 0.0006443973 
0.007037501 0.2733417 0.7153479 0.004272845 
0.001182142 0.2970892 0.6964578 0.005270868 
0.003635183 0.3579762 0.6366681 0.001720436 
0.005647348 0.3300456 0.6585145 0.005792573 
0.01427342 0.2630121 0.7206648 0.002049639 
0.003809653 0.2812874 0.6991846 0.01571834 
0.005391134 0.3603912 0.6339296 0.000288048 
0.004435015 0.1885636 0.8005178 0.006483591 
0.01187603 0.2211503 0.7555064 0.01146722 
0.005681488 0.2689129 0.7248114 0.0005941562 
0.0263337 0.2809448 0.6884996 0.004221965 
0.004318708 0.2610462 0.7266835 0.007951598 
0.003752137 0.2330479 0.7572505 0.005949548 
0.006901473 0.2893106 0.6923469 0.01144098 
0.01830799 0.2575256 0.7026192 0.02154716 
0.01416656 0.3732087 0.6119118 0.0007130286 
0.0009585535 0.2475816 0.7489321 0.002527824 
0.01216667 0.2992016 0.6885973 3.442208e-05 
0.000175647 0.4355166 0.5581974 0.006110418 
0.002286425 0.2423041 0.7333168 0.02209265 
0.01950475 0.3471061 0.6320792 0.001309993 
0.002998797 0.342864 0.6440422 0.01009502 
0.003968692 0.2813962 0.713209 0.001426068 
0.01401839 0.2891362 0.693098 0.003747425 
0.009209534 0.3057544 0.6846526 0.0003835481 
0.01502738 0.2022214 0.7819494 0.0008018619 
0.009268476 0.232753 0.7478253 0.01015319 
0.01217156 0.2635909 0.7122438 0.01199378 
0.007385656 0.3497563 0.6406894 0.002168593 
0.001295003 0.3637293 0.6273507 0.007624993 
0.006480861 0.2346061 0.7537502 0.005162827 
0.001286161 0.3065157 0.6748509 0.01734725 
0.004489817 0.2553914 0.7303556 0.009763121 
0.01584282 0.3326822 0.631832 0.01964297 
0.005845488 0.3502534 0.6370192 0.006881864 
0.0028437 0.3148275 0.670895 0.01143382 
0.002992241 0.2850191 0.7111319 0.000856715 
0.01133064 0.2712011 0.7139036 0.003564713 
0.005387007 0.2166863 0.7779202 6.470472e-06 
0.002060168 0.3154411 0.6789546 0.00354409 
0.004488016 0.3214337 0.672648 0.001430257 
0.0005418879 0.2476059 0.7382121 0.01364012 
0.002190528 0.3783596 0.6169153 0.00253461 
0.01492369 0.3332488 0.6460125 0.00581503 
0.009068747 0.3498915 0.6273083 0.01373143 
8.613418e-06 0.1833932 0.8138135 0.002784733 
0.0006831479 0.2815374 0.7133785 0.004400931 
0.002115256 0.2764268 0.7190044 0.002453498 
0.004124643 0.2761973 0.7140986 0.005579491 
0.001581957 0.2698299 0.7166105 0.01197765 
0.001069855 0.2606627 0.7377089 0.0005586009 
0.0003211566 0.3059551 0.6860936 0.007630054 
0.009519828 0.2687086 0.7189536 0.002818003 
0.005063766 0.3589081 0.6359216 0.0001066146 
0.007632525 0.2811292 0.688373 0.02286522 
0.03743301 0.2608474 0.6968513 0.004868284 
0.009647362 0.2884726 0.7006188 0.001261205 
0.002437162 0.3930726 0.603118 0.001372227 
0.0001202715 0.2991789 0.6942803 0.006420535 
0.002031996 0.3303076 0.6559358 0.01172461 
0.01169002 0.2727172 0.7122488 0.003344016 
0.00406507 0.3149547 0.6801848 0.0007954499 
0.001888856 0.327407 0.6657276 0.004976509 
0.006044373 0.3021634 0.6901088 0.001683455 
0.003262929 0.3258984 0.6524747 0.01836396 
0.02252085 0.3717939 0.6026815 0.003003747 
0.002099448 0.2907051 0.700083 0.007112487 
0.00115542 0.3156136 0.6820381 0.001192857 
0.06286736 0.2591244 0.6768452 0.001163059 
0.005759848 0.3445228 0.6378047 0.01191263 
0.006925097 0.3059504 0.6594139 0.02771056 
0.02462274 0.2967475 0.6760355 0.002594325 
0.005029696 0.24274 0.7467978 0.005432493 
0.005548826 0.2869478 0.7060097 0.001493686 
0.001736468 0.2923578 0.7021428 0.003762906 
0.007591661 0.3222434 0.638149 0.03201595 
0.001276308 0.2802849 0.7039998 0.01443895 
0.004023711 0.3935625 0.6013373 0.001076413 
0.004833019 0.2466081 0.7271859 0.02137295 
0.005998753 0.3429886 0.6445502 0.006462426 
0.003355295 0.2601043 0.7354949 0.001045495 
0.002482188 0.297764 0.6546662 0.04508753 
0.002213426 0.2274787 0.7652055 0.005102422 
0.02032749 0.3190736 0.6573247 0.003274202 
0.003659676 0.3853035 0.6053576 0.005679232 
0.006292931 0.3219843 0.6714093 0.0003134485 
0.006798257 0.2903271 0.6924251 0.01044951 
0.00433766 0.3526723 0.6411563 0.001833679 
0.01238176 0.2396019 0.7207909 0.02722546 
0.01176978 0.2872703 0.6936918 0.007268118 
0.00868454 0.2918857 0.6927932 0.006636616 
0.007610187 0.1880877 0.7815675 0.02273468 
0.02026775 0.2821605 0.6819031 0.0156686 
0.02003407 0.1587796 0.8098028 0.01138355 
0.004236133 0.3911498 0.6027273 0.001886768 
0.01864278 0.2383942 0.7332403 0.00972264 
0.004535387 0.2922823 0.6997023 0.003480084 
0.003970186 0.2684209 0.7190057 0.00860316 
0.001293815 0.1969624 0.8015711 0.0001726032 
0.01035255 0.2754555 0.7006012 0.01359073 
0.004542228 0.345047 0.6471483 0.003262506 
0.01387278 0.3198055 0.664419 0.001902644 
0.006363725 0.2776137 0.703963 0.01205957 
0.01049478 0.2027217 0.7795851 0.007198347 
0.002230021 0.3317556 0.661161 0.004853438 
0.01000512 0.3540184 0.6236088 0.01236774 
0.009104382 0.226538 0.7455622 0.01879543 
0.007147103 0.3067606 0.6822154 0.003876937 
0.01061266 0.1992664 0.7778385 0.01228246 
0.003620178 0.3556685 0.6402113 0.00050008 
0.007200189 0.3305048 0.6618486 0.0004464197 
0.003249534 0.2587118 0.7367196 0.001318991 
0.009991349 0.2609966 0.7185203 0.01049178 
0.0002281377 0.3285027 0.6589371 0.01233209 
0.003436496 0.3635118 0.6322025 0.0008491718 
0.009337459 0.2658156 0.7218203 0.00302665 
0.002509121 0.2430468 0.7478099 0.00663419 
0.003551885 0.3024154 0.6831425 0.0108902 
0.01250446 0.3794487 0.6026278 0.005419062 
0.00457557 0.2957859 0.6916215 0.008017084 
0.0298631 0.282579 0.6865974 0.0009605555 
0.0001828707 0.2107608 0.7843588 0.004697614 
0.01220322 0.2648552 0.7208902 0.002051414 
0.01773066 0.2877493 0.6873283 0.007191798 
0.001047539 0.2735138 0.7246397 0.0007989586 
0.005692437 0.2028969 0.7894683 0.001942356 
0.02279092 0.2889085 0.6797717 0.008528878 
0.0009165011 0.3417548 0.645063 0.01226568 
0.0008708708 0.2524786 0.7453431 0.001307408 
0.00877662 0.237275 0.7486619 0.00528652 
0.003347857 0.3361251 0.6569159 0.003611118 
0.002843469 0.2297347 0.7600447 0.00737713 
0.0008712745 0.3390009 0.653153 0.006974836 
0.01117393 0.3649806 0.6195402 0.00430527 
0.001696671 0.3043213 0.6808113 0.01317072 
0.02488723 0.2744379 0.6950485 0.005626346 
0.01785324 0.2849279 0.6901125 0.0071063 
0.004531332 0.3300713 0.6597537 0.005643755 
0.0009761559 0.3255575 0.671759 0.001707337 
0.002858775 0.2809303 0.7148505 0.001360408 
0.002243422 0.2614792 0.730487 0.005790361 
0.01788317 0.3734172 0.6073688 0.001330842 
0.00147712 0.2716151 0.7266722 0.0002355616 
0.003314953 0.2872165 0.7073893 0.002079312 
0.004102415 0.3823683 0.590468 0.02306129 
0.002378736 0.2809079 0.6852728 0.03144058 
0.02388495 0.305742 0.6697794 0.0005936141 
0.01776394 0.2942301 0.6862694 0.001736615 
0.004752428 0.4660502 0.5177227 0.01147468 
0.005655181 0.2359808 0.7523113 0.00605277 
0.008616748 0.2604635 0.7285275 0.002392255 
0.006433679 0.3071884 0.684361 0.002016935 
0.008214254 0.312438 0.6781948 0.001152854 
0.003973599 0.1888843 0.7996633 0.00747878 
0.0005640994 0.2835057 0.7127624 0.00316788 
0.002146674 0.2363192 0.7586897 0.002844504 
0.00586788 0.239816 0.7489184 0.005397732 
0.02116438 0.2817317 0.6953779 0.001725992 
0.02852389 0.2771031 0.6779691 0.01640388 
0.0003151742 0.2757866 0.7070936 0.01680464 
0.01009948 0.2857567 0.6911955 0.01294833 
0.0009877789 0.2487679 0.7460851 0.004159204 
0.0005483802 0.3635221 0.6249477 0.01098175 
0.01219544 0.3378027 0.6445166 0.005485269 
5.51491e-06 0.3682906 0.6300122 0.001691679 
0.005200325 0.2452109 0.7321795 0.01740929 
0.0144294 0.2738945 0.7031776 0.008498516 
0.01213729 0.208214 0.769974 0.009674737 
0.001958896 0.3361937 0.6542032 0.007644208 
0.01420328 0.2950118 0.685688 0.005096938 
0.002415471 0.281689 0.7024897 0.01340582 
0.02023207 0.3015243 0.6749173 0.003326299 
0.001298997 0.35754 0.6271336 0.01402738 
0.00463606 0.2629459 0.7242877 0.008130299 
0.0001347729 0.3921455 0.5995657 0.00815406 
0.0004330906 0.2146178 0.7787488 0.006200395 
0.005190693 0.344965 0.6305194 0.01932488 
0.007411404 0.342374 0.6257355 0.02447907 
0.007409447 0.2952199 0.6771528 0.0202178 
0.002859144 0.3431295 0.6370035 0.01700787 
0.008362519 0.3042629 0.6736989 0.01367562 
0.005070294 0.2768867 0.7116497 0.006393339 
0.007708378 0.2086191 0.7827767 0.000895842 
0.001283718 0.3129792 0.6844415 0.001295594 
0.02538653 0.3167518 0.6472668 0.01059487 
0.007988691 0.2312342 0.7543118 0.006465309 
0.01750307 0.2670925 0.7014108 0.0139936 
0.0007891646 0.38625 0.599575 0.01338583 
0.001827357 0.2593976 0.7370352 0.001739831 
0.003144371 0.2404985 0.7551948 0.001162328 
0.005172484 0.2815262 0.7022499 0.01105142 
0.02327054 0.2998635 0.6716054 0.005260569 
0.02839877 0.2735498 0.685009 0.01304242 
0.002489863 0.2888663 0.7071454 0.0014984 
0.0004821906 0.3310247 0.658549 0.009944094 
0.001012504 0.2774579 0.7159841 0.005545562 
0.003269058 0.2722092 0.7116979 0.01282381 
0.01259477 0.3220288 0.6366286 0.02874781 
0.007217848 0.3409061 0.6492198 0.002656242 
0.0005728039 0.2961632 0.7008824 0.002381636 
0.0007150884 0.3683933 0.6209141 0.009977519 
0.007623291 0.4091597 0.569458 0.01375905 
0.0008861869 0.3199137 0.6787178 0.0004823196 
0.00220518 0.2978751 0.685526 0.01439377 
0.002276149 0.2339223 0.7595205 0.004281072 
0.01134563 0.3232149 0.6546744 0.01076509 
0.003855585 0.2997736 0.6854258 0.01094505 
0.004326762 0.3587655 0.6140172 0.02289051 
0.02820335 0.3921281 0.5708263 0.008842327 
0.01538081 0.2818078 0.6611208 0.04169053 
0.02170812 0.3070009 0.6677688 0.003522204 
0.0007036361 0.2876257 0.70243 0.00924059 
0.01116498 0.2309643 0.7568468 0.001023897 
0.008986862 0.257504 0.7295171 0.003992035 
0.003908863 0.2785094 0.7088243 0.008757383 
0.003240171 0.3965101 0.5965368 0.003712968 
0.008416667 0.2551656 0.7329581 0.003459609 
0.02083036 0.2667682 0.6794577 0.03294373 
0.01107148 0.3119155 0.6709346 0.00607843 
0.001988535 0.2368632 0.7437971 0.01735114 
0.00668944 0.2155712 0.7774523 0.0002869996 
0.01645081 0.3303866 0.6459956 0.00716703 
0.000162978 0.2576032 0.7403857 0.001848089 
0.005492484 0.3853303 0.6070872 0.00209009 
0.006159782 0.3587835 0.6291671 0.005889644 
0.004806024 0.2661952 0.7243033 0.004695397 
0.01146971 0.2742239 0.7107157 0.003590677 
0.003944739 0.3014045 0.6887985 0.005852285 
0.001141249 0.3497386 0.6452122 0.003907948 
0.0009000304 0.2520153 0.7384151 0.008669617 
0.003998334 0.283691 0.7100639 0.002246846 
0.000250439 0.347233 0.6472473 0.005269215 
0.003443205 0.2918716 0.698706 0.005979188 
0.004461988 0.3161664 0.6694594 0.00991224 
0.02471789 0.2709634 0.6991387 0.005180054 
0.007550951 0.2664979 0.7165593 0.009391814 
0.009100908 0.3281008 0.6617564 0.001041845 
0.01184129 0.2662485 0.7207285 0.001181649 
0.0376098 0.2454925 0.7041085 0.01278919 
0.02998433 0.2418291 0.7170638 0.01112275 
0.005274386 0.2896444 0.7034851 0.001596056 
0.03105647 0.2671619 0.6997958 0.001985814 
0.008417199 0.3199748 0.6689063 0.002701777 
0.005626905 0.3307377 0.6629296 0.0007058207 
0.01088773 0.3892065 0.5859807 0.01392507 
0.003384472 0.4138521 0.5494312 0.03333226 
0.01318095 0.2717354 0.7124974 0.002586217 
0.005997483 0.28471 0.6847443 0.02454823 
0.0003621612 0.2391159 0.7408533 0.01966861 
0.00497921 0.3403349 0.6498626 0.004823333 
0.0009300172 0.4018143 0.5930759 0.004179787 
0.01561043 0.2515137 0.7303661 0.002509767 
0.004287765 0.3070511 0.6708214 0.01783973 
0.01218661 0.2705703 0.7094127 0.007830371 
0.0018155 0.3684567 0.628592 0.00113578 
0.0003128039 0.2995062 0.6952772 0.004903798 
0.004788701 0.3012049 0.6891632 0.004843182 
0.002206729 0.3453743 0.652086 0.0003329609 
0.0005276367 0.3198727 0.6761093 0.003490397 
0.004184792 0.3325231 0.6619853 0.001306795 
0.0008209707 0.3284078 0.6661182 0.004653055 
0.004317185 0.2223161 0.7733134 5.326917e-05 
0.01730302 0.3155082 0.6671371 5.161205e-05 
0.001516193 0.3122331 0.6828277 0.003422952 
0.004443649 0.287728 0.6972607 0.01056766 
0.0005558443 0.3290365 0.6687004 0.001707313 
0.006446525 0.2973016 0.6942567 0.001995114 
0.005632826 0.2616755 0.7058882 0.02680347 
0.006637006 0.2042847 0.7879487 0.001129605 
0.009673125 0.2277826 0.7500101 0.01253419 
0.003819118 0.1972131 0.7985413 0.0004264511 
0.00287306 0.3381425 0.6526134 0.006371004 
0.003600031 0.1895857 0.7882913 0.01852297 
0.02096635 0.3720981 0.6047015 0.002234066 
0.002334532 0.2638198 0.7067641 0.0270816 
0.002070789 0.3669965 0.6298394 0.001093322 
0.001445679 0.2657826 0.7323316 0.0004401084 
0.005664497 0.3488067 0.640171 0.005357827 
0.01080714 0.3095976 0.6717113 0.007883901 
0.01104459 0.3516295 0.6162795 0.02104644 
0.003884912 0.3749351 0.6172353 0.003944718 
0.002635266 0.3905641 0.6025564 0.004244159 
0.0002190033 0.2849817 0.7114744 0.003324883 
0.003503918 0.2874853 0.7030442 0.005966568 
0.01371013 0.3187315 0.6505207 0.01703763 
0.005961879 0.3687848 0.6176557 0.007597659 
0.004544978 0.2987507 0.6928583 0.00384596 
0.006340377 0.313709 0.677351 0.002599604 
0.007868408 0.2627801 0.7244879 0.004863514 
0.0002585885 0.3242728 0.6634977 0.01197091 
0.002305894 0.304858 0.6873782 0.005457927 
0.01885114 0.2917841 0.6771099 0.01225488 
0.008802752 0.2374783 0.7528208 0.000898163 
0.0006689585 0.1403466 0.8559806 0.003003876 
0.009059631 0.2372764 0.7339523 0.01971168 
0.03229324 0.2761842 0.6864904 0.005032101 
0.008387499 0.1952268 0.7813346 0.01505117 
0.003979766 0.3663335 0.6281054 0.00158136 
0.01041176 0.2295073 0.7582484 0.001832612 
0.003195441 0.2998761 0.6967491 0.0001793952 
0.01264223 0.2841014 0.6900023 0.01325416 
0.0102748 0.3535356 0.6261227 0.01006682 
0.01264954 0.289779 0.6974531 0.0001183312 
0.001947926 0.3013259 0.6878971 0.008829078 
0.005321293 0.2097223 0.7816415 0.003314908 
0.002535379 0.2358529 0.7512283 0.01038334 
0.00123723 0.3328505 0.6573403 0.008571981 
0.01899951 0.3493109 0.6292644 0.002425203 
0.009866541 0.2837673 0.7054949 0.000871297 
0.004024597 0.2371266 0.754882 0.003966793 
0.001481506 0.3267051 0.6522035 0.01960993 
0.008248233 0.2889374 0.6952406 0.007573738 
0.03101333 0.2735086 0.6883091 0.00716894 
0.02421943 0.2376037 0.7327311 0.005445764 
0.004404416 0.3248049 0.6660974 0.004693268 
0.01111946 0.3292826 0.6443364 0.01526157 
0.006312177 0.2405809 0.7527402 0.0003667386 
0.005788529 0.2393781 0.737608 0.01722538 
0.002716651 0.2880875 0.706513 0.002682849 
0.001163786 0.3265647 0.6671631 0.005108436 
0.005375481 0.3555383 0.6380254 0.001060802 
0.01681783 0.340118 0.6356025 0.007461692 
0.006584081 0.336723 0.6553286 0.00136434 
0.009230889 0.3568209 0.6271662 0.006782023 
0.01142468 0.2407421 0.7473188 0.0005143414 
0.0004653943 0.3680019 0.628379 0.003153683 
0.02044042 0.3856758 0.5896023 0.004281501 
0.0009462484 0.2260168 0.7611137 0.01192326 
0.006219651 0.2973348 0.6807763 0.0156692 
0.002899616 0.2529507 0.7266979 0.0174517 
0.007693063 0.3022319 0.6870612 0.003013912 
0.01005907 0.2656268 0.7197562 0.004557885 
0.00457819 0.3410669 0.6443877 0.009967267 
0.008516865 0.3115943 0.6795013 0.0003875551 
0.01434544 0.3335447 0.6497629 0.002346958 
0.0009596507 0.3535368 0.6445426 0.0009609421 
0.001321424 0.3331502 0.6644838 0.001044595 
0.002456046 0.2695765 0.7072945 0.02067297 
0.02090266 0.2991219 0.6760899 0.003885589 
0.00390349 0.2413227 0.751369 0.003404816 
0.005772379 0.4191896 0.5734628 0.001575232 
0.001360275 0.3644573 0.6296563 0.004526085 
0.005092403 0.3551326 0.6348728 0.004902242 
0.01432325 0.3088775 0.6569339 0.01986533 
0.009440385 0.3200084 0.668868 0.001683149 
0.005364895 0.2632324 0.7299421 0.00146061 
0.001977776 0.2647686 0.7277611 0.005492597 
0.001899813 0.3727759 0.6238935 0.00143077 
0.0005076734 0.1972259 0.7973788 0.004887669 
0.003851519 0.2847872 0.7012542 0.01010707 
0.001939626 0.2767906 0.7163 0.004969847 
0.01856303 0.3194611 0.6553848 0.006591028 
0.01383562 0.2857169 0.6816989 0.01874858 
0.001221926 0.3063457 0.6859597 0.006472744 
0.006103716 0.3659072 0.6236888 0.004300316 
0.0002896808 0.3251741 0.671953 0.002583188 
0.006719597 0.3161072 0.6607381 0.01643507 
0.004398973 0.2943473 0.6820332 0.01922047 
0.003564808 0.3465993 0.631416 0.01841994 
0.0124955 0.3535481 0.6273145 0.006641878 
0.00552929 0.2858347 0.7077665 0.0008695487 
0.007078893 0.3596542 0.6331832 8.370455e-05 
0.000348344 0.3095094 0.6862693 0.003872954 
0.01648567 0.3516065 0.6140085 0.0178994 
0.001456751 0.2867404 0.7111871 0.0006157444 
0.004028051 0.2955039 0.6780988 0.02236924 
0.0121589 0.2572607 0.7304097 0.0001707306 
0.0009563156 0.2765616 0.7203607 0.002121301 
0.008457469 0.2781055 0.7099095 0.003527586 
0.002296988 0.3563017 0.623515 0.01788631 
0.0009265149 0.4102913 0.5824073 0.00637491 
0.006791576 0.2966041 0.6955076 0.001096742 
0.02359632 0.3503963 0.6251572 0.0008501328 
0.001827362 0.2897133 0.7058738 0.002585559 
0.002620342 0.2428678 0.7301641 0.02434783 
0.0005916748 0.2886209 0.688405 0.02238235 
0.003304323 0.3070092 0.6821091 0.007577415 
0.001132126 0.299788 0.6964384 0.002641441 
0.007835115 0.2874479 0.7006118 0.004105163 
0.02222328 0.3413269 0.6360339 0.0004158959 
0.001147389 0.3081348 0.6722363 0.01848151 
0.004509264 0.2704319 0.7250086 5.021106e-05 
0.0007649553 0.2703029 0.7183702 0.01056201 
0.01227944 0.2922742 0.6563829 0.03906346 
0.01686859 0.224278 0.692939 0.06591439 
0.009853557 0.3188455 0.6645365 0.006764463 
0.008151895 0.2447178 0.743752 0.003378291 
5.954556e-05 0.2691766 0.7291436 0.001620221 
0.0008827714 0.2603742 0.7384979 0.0002451017 
0.001492799 0.2317812 0.7412026 0.02552338 
0.0004938374 0.2353688 0.757655 0.006482328 
0.003494456 0.2177358 0.7764374 0.002332363 
0.002008512 0.3021308 0.6945665 0.001294247 
0.01066813 0.3341994 0.649372 0.005760485 
0.002344031 0.2978304 0.6970078 0.002817796 
0.0008117731 0.3087796 0.6824088 0.00799982 
0.005647784 0.346755 0.6468863 0.0007108941 
0.0004330152 0.3423171 0.6545753 0.002674604 
0.01867711 0.2885803 0.6908094 0.001933181 
0.005814649 0.2549326 0.7353405 0.003912289 
0.01040341 0.2787128 0.7072584 0.003625404 
0.00715718 0.2781938 0.7120169 0.002632128 
0.03104361 0.3019488 0.6646626 0.002344927 
0.01593764 0.2769932 0.7070096 5.950541e-05 
0.008219251 0.3042934 0.6754497 0.01203761 
0.00237601 0.3446607 0.6475705 0.005392814 
0.02802119 0.2399886 0.7117063 0.02028392 
0.004388354 0.3782734 0.5976731 0.01966524 
0.008154065 0.3312374 0.6594999 0.001108645 
0.005232923 0.3052184 0.6781365 0.01141223 
0.004983075 0.2643464 0.7290843 0.001586262 
0.01167126 0.2673866 0.7202079 0.0007342062 
0.001562885 0.3365591 0.6562685 0.005609574 
0.009298229 0.2772469 0.7008911 0.01256377 
0.008163662 0.3319562 0.6442945 0.01558562 
0.0002869905 0.2934049 0.6947573 0.01155088 
0.003777153 0.3121667 0.6737815 0.01027462 
0.008037085 0.3546234 0.5998526 0.03748688 
0.008072121 0.2938594 0.6900762 0.007992261 
0.01435547 0.2676187 0.7105255 0.007500328 
0.002586745 0.3134201 0.6838565 0.0001366189 
0.003045792 0.3068455 0.6883847 0.001723998 
0.006809052 0.3176394 0.6741096 0.001442041 
0.0007992237 0.2369399 0.753304 0.008956918 
0.00672439 0.2718 0.7069655 0.01451008 
0.002807049 0.3781208 0.6174281 0.001644003 
0.001204008 0.3227535 0.6727571 0.003285398 
0.001583814 0.2921273 0.7041212 0.002167614 
0.0004550638 0.2712939 0.7263663 0.001884759 
0.001679291 0.2293187 0.7622008 0.006801209 
0.01363357 0.2830737 0.6940429 0.00924976 
0.01893961 0.296227 0.6828546 0.001978709 
0.01839383 0.2676 0.6986759 0.0153303 
0.005217664 0.3610097 0.6276171 0.00615555 
0.004761523 0.2916277 0.7028616 0.0007490812 
0.003046403 0.2606165 0.7248312 0.01150582 
0.01024037 0.2948564 0.6920072 0.002896043 
0.006258359 0.2555222 0.7374608 0.0007587204 
0.001006798 0.3976015 0.5919097 0.009482075 
0.004941869 0.3070421 0.684272 0.003744019 
0.01798283 0.2921595 0.6810408 0.008816883 
0.01067797 0.3165925 0.6726471 8.243617e-05 
0.0002069885 0.3304666 0.6550986 0.01422783 
0.004574151 0.2699032 0.7227994 0.002723249 
0.003008273 0.3451071 0.6511888 0.0006958258 
0.0002868363 0.4273055 0.5720655 0.0003422044 
0.003858365 0.2703328 0.7195381 0.006270688 
0.0004576355 0.2828834 0.7164758 0.000183178 
0.006570657 0.3665437 0.6255075 0.001378187 
0.008614203 0.3879978 0.6012945 0.002093534 
0.004508205 0.4036802 0.5897593 0.002052274 
0.02017848 0.2081379 0.7687661 0.002917555 
0.001596332 0.3042323 0.694079 9.240553e-05 
0.01367616 0.3533004 0.6291349 0.003888555 
0.003365912 0.3645602 0.6302431 0.001830871 
0.002123628 0.3289581 0.667316 0.001602236 
0.01834977 0.3215741 0.6542551 0.005820962 
0.002518306 0.2722519 0.7063284 0.0189014 
0.001556075 0.329672 0.6602137 0.008558214 
0.01161469 0.2740109 0.6993444 0.01503004 
0.02566995 0.2488826 0.7046258 0.02082166 
0.001659973 0.1676618 0.8280275 0.002650696 
0.01916535 0.2785158 0.7004473 0.001871634 
0.0259558 0.2295546 0.7429058 0.001583803 
0.0008555872 0.3624021 0.6313902 0.005352064 
0.01477657 0.3050612 0.6632112 0.01695104 
0.003397488 0.3478572 0.6190337 0.02971156 
0.008529822 0.3032887 0.6799879 0.008193522 
0.01273317 0.3081843 0.6771705 0.001912027 
0.004619659 0.3541544 0.6408509 0.0003750124 
0.006163297 0.2833286 0.7070086 0.00349953 
0.01228566 0.2735997 0.7125326 0.001582102 
0.01473052 0.2348418 0.7483365 0.002091218 
0.006387663 0.2116514 0.7600589 0.02190204 
0.003130101 0.2405251 0.7559064 0.0004384762 
0.01728237 0.21803 0.7524538 0.01223384 
0.0135759 0.3657086 0.6153635 0.005352073 
0.01579043 0.2802062 0.7001302 0.003873109 
0.005186134 0.383023 0.6099654 0.001825545 
0.005004485 0.3627091 0.618115 0.01417141 
0.0005756087 0.2655933 0.7134787 0.02035241 
0.003887673 0.3326007 0.6517592 0.01175246 
0.006586082 0.3485862 0.6349532 0.009874519 
0.01045107 0.3859847 0.6030223 0.0005419269 
0.003248064 0.2365808 0.7560781 0.004092981 
0.008334536 0.2077719 0.7779044 0.005989177 
0.01000768 0.3320907 0.6486734 0.009228216 
0.0151652 0.3374578 0.6461037 0.001273323 
0.004588902 0.2340487 0.7603043 0.001058016 
0.01200966 0.3359726 0.6295869 0.02243084 
0.001324715 0.3363228 0.6591037 0.003248799 
0.00148851 0.354473 0.6400313 0.004007177 
0.002990428 0.2065991 0.7859622 0.004448255 
0.003413658 0.3003262 0.6935123 0.00274782 
0.002015943 0.305637 0.6917177 0.0006293372 
0.01346741 0.3489182 0.6195949 0.01801953 
0.00647722 0.3361502 0.650002 0.007370611 
0.000308023 0.2475553 0.7499773 0.002159372 
0.01668613 0.273457 0.7061173 0.003739543 
0.007802637 0.2356184 0.7276316 0.0289474 
0.0004861791 0.3681651 0.627773 0.003575765 
0.0005454267 0.3647408 0.6341876 0.0005261666 
0.00245066 0.3004491 0.6941964 0.002903926 
0.01036456 0.2518204 0.7357117 0.002103434 
0.0001190185 0.2514904 0.7341715 0.0142191 
0.003576529 0.3354008 0.6573822 0.003640472 
0.004485236 0.2545189 0.7368403 0.00415563 
0.007955498 0.1876701 0.7963141 0.008060256 
0.0007715339 0.3507791 0.6312034 0.01724599 
0.001357519 0.2535691 0.7414983 0.003575027 
0.003541145 0.2472887 0.7458821 0.003288052 
0.004527756 0.3134855 0.6781484 0.003838292 
0.004623659 0.3302697 0.6491375 0.01596915 
0.01535941 0.2462544 0.7348548 0.003531412 
0.002189956 0.3924975 0.5997897 0.005522798 
0.02447194 0.2347424 0.7400517 0.0007339702 
0.01735566 0.3424293 0.6338036 0.006411444 
0.008405112 0.1769626 0.8013815 0.0132508 
0.001824556 0.2938586 0.680151 0.02416591 
0.01620144 0.2602905 0.7190729 0.004435175 
0.01251878 0.2959217 0.6915144 4.512447e-05 
0.01004504 0.2499651 0.73283 0.007159925 
0.01988573 0.3328414 0.6465355 0.0007373365 
0.00587409 0.2794523 0.7030979 0.01157571 
0.002024645 0.3223051 0.6697692 0.005901063 
0.01315428 0.377598 0.6053302 0.003917509 
0.004095536 0.3590279 0.6359408 0.0009358009 
0.000536895 0.2389492 0.7504332 0.01008074 
0.01318465 0.3054519 0.6809531 0.0004102776 
9.797659e-05 0.4349571 0.5621897 0.002755176 
0.01215601 0.3222941 0.6641088 0.00144109 
0.001967282 0.307311 0.6860176 0.004704122 
0.0341188 0.2433457 0.7068187 0.01571677 
0.001667332 0.4029143 0.5795665 0.01585183 
0.008828822 0.2563789 0.7139902 0.02080205 
0.001316747 0.2744257 0.709152 0.01510549 
0.001718935 0.3012908 0.6955087 0.001481601 
0.01217508 0.3850041 0.6009858 0.001835065 
0.0039985 0.3706225 0.6166318 0.008747163 
0.003194688 0.3584393 0.633496 0.004870021 
0.009233728 0.341949 0.6416051 0.007212124 
0.002120626 0.2931993 0.6929966 0.01168351 
0.004672964 0.2786631 0.7057862 0.01087772 
0.005208282 0.3304601 0.6632378 0.001093832 
0.007439082 0.3171346 0.6743822 0.001044184 
0.02076335 0.2566927 0.721941 0.0006029676 
0.003438272 0.2800785 0.7092511 0.007232149 
0.00973762 0.2745928 0.7099501 0.005719394 
0.008003396 0.3422419 0.6485464 0.0012083 
0.009698606 0.3697075 0.6103549 0.01023897 
0.002067669 0.3672813 0.6303497 0.0003013126 
0.003465599 0.2253094 0.7571058 0.0141192 
0.007048049 0.3725904 0.6063027 0.01405893 
0.03937693 0.3036723 0.6496455 0.007305241 
0.001393145 0.3013942 0.6964915 0.0007211294 
0.009775345 0.3697356 0.6197922 0.0006968223 
0.02058907 0.2562115 0.7213064 0.001892961 
0.007194699 0.3065566 0.6846365 0.001612211 
0.009677852 0.3261124 0.6607792 0.003430556 
0.001977784 0.284281 0.7129589 0.0007823627 
0.01118041 0.2956245 0.6905089 0.002686158 
0.006419736 0.3182992 0.6708867 0.004394382 
0.008650482 0.3327717 0.6581646 0.0004132836 
0.006794416 0.2412575 0.7448583 0.007089742 
0.0009922241 0.3356064 0.6607984 0.002603062 
0.01799938 0.2677951 0.7101964 0.004009081 
2.499092e-05 0.3117144 0.6792025 0.009058071 
0.01427627 0.3416847 0.6436728 0.0003661782 
0.0003357369 0.2740199 0.7110366 0.01460781 
0.0006723762 0.3180419 0.6783453 0.002940454 
0.005896315 0.3169616 0.668978 0.008164135 
0.001302935 0.346781 0.6440775 0.007838544 
0.009020549 0.2752912 0.7120769 0.003611349 
0.0117617 0.2977564 0.6904774 4.584232e-06 
0.003498306 0.2351474 0.7413305 0.02002385 
0.009998561 0.3039027 0.680597 0.005501735 
0.001667247 0.3445316 0.6496295 0.00417161 
0.002574163 0.3047377 0.6880843 0.004603834 
5.195929e-05 0.3749389 0.6139393 0.01106988 
0.001474637 0.2566253 0.7407191 0.001181011 
0.0134846 0.3127983 0.673011 0.000706013 
0.007135345 0.3645116 0.6141655 0.01418756 
0.002295219 0.3142635 0.6775158 0.005925399 
0.004814646 0.2967697 0.6953588 0.003056908 
0.008881329 0.32637 0.6639853 0.0007633439 
0.01134337 0.2365291 0.7397051 0.0124225 
0.01089394 0.2714673 0.7098071 0.007831629 
0.0002095039 0.2745049 0.7194629 0.005822643 
0.00968592 0.3358478 0.6209654 0.03350092 
0.005659248 0.2750412 0.7115135 0.007786068 
0.03143307 0.3261927 0.6412935 0.00108071 
0.00871893 0.2841993 0.6971805 0.00990127 
0.002411608 0.2676906 0.7220565 0.007841353 
0.01334564 0.3152747 0.6705509 0.0008287546 
0.002417901 0.294445 0.694889 0.008248054 
0.007438274 0.2593673 0.7237182 0.009476252 
0.0007651652 0.2821333 0.707466 0.009635576 
0.01139415 0.3161974 0.672345 6.341855e-05 
0.005749048 0.2329033 0.7335101 0.02783754 
0.002476523 0.2725187 0.72315 0.00185482 
0.002009203 0.3236281 0.6721414 0.002221328 
0.006839477 0.2833546 0.7076306 0.002175357 
0.01588888 0.3242432 0.6578287 0.002039162 
0.002242783 0.2336148 0.7605928 0.003549619 
0.008927966 0.2799315 0.6892242 0.02191639 
0.003675303 0.2980169 0.6977986 0.000509182 
0.01926088 0.3152598 0.6598749 0.005604435 
0.01225792 0.2611365 0.7260504 0.0005550912 
0.001445929 0.3341392 0.6626726 0.001742307 
0.001483334 0.3005105 0.6938034 0.00420276 
0.01901066 0.2147058 0.7147592 0.05152429 
0.003159449 0.3282579 0.6674738 0.001108865 
0.006439395 0.2805648 0.6994687 0.01352702 
0.01326903 0.3123997 0.6535986 0.02073261 
0.01401272 0.3051206 0.6674431 0.01342363 
0.003287033 0.2875615 0.6796873 0.02946419 
0.008572923 0.2772269 0.7131919 0.001008268 
0.003882654 0.3311614 0.6582093 0.006746641 
0.003562987 0.3032336 0.690528 0.002675388 
0.02100626 0.3206687 0.6535026 0.004822452 
0.01236963 0.2599531 0.7240472 0.003630157 
0.007946934 0.2865055 0.6680211 0.03752647 
0.002306191 0.2917793 0.7018083 0.00410615 
0.003449554 0.2645469 0.7250271 0.00697643 
0.01721006 0.3306634 0.650779 0.001347498 
8.101194e-05 0.2595219 0.7369552 0.003441864 
0.007878479 0.3730276 0.6154717 0.003622173 
0.008541237 0.3866464 0.5941623 0.01065007 
0.007070757 0.2513343 0.7338845 0.007710485 
0.002270978 0.2649234 0.726769 0.00603663 
8.186424e-05 0.2496204 0.7426931 0.007604649 
0.01635175 0.4010688 0.5812203 0.001359117 
0.000822753 0.3655637 0.6332185 0.000395029 
0.00162862 0.3072488 0.6797477 0.01137492 
0.0002858298 0.2547363 0.7390674 0.005910493 
0.001230284 0.2519108 0.7357725 0.01108639 
0.01632179 0.2000404 0.7799921 0.003645762 
0.01726251 0.337113 0.6437875 0.00183697 
0.01355128 0.3404924 0.6245049 0.02145142 
0.0008823095 0.3459227 0.6528686 0.0003264294 
0.006983033 0.2170435 0.7651 0.01087354 
0.008223118 0.3159247 0.6686028 0.007249307 
9.186058e-05 0.2912479 0.7061633 0.002497001 
0.0003807819 0.2124678 0.7638007 0.02335076 
0.007535193 0.2962453 0.6957683 0.0004511844 
0.0004803407 0.2675851 0.7316373 0.0002972269 
0.01082292 0.3409294 0.6470629 0.001184744 
0.01081223 0.3125677 0.6716531 0.004966898 
0.01443261 0.3461017 0.6309548 0.008510796 
0.01113261 0.2246939 0.7557283 0.008445174 
0.0005161562 0.4390372 0.5565733 0.003873402 
0.008503207 0.3070948 0.6797117 0.004690311 
0.000287362 0.3080067 0.6902495 0.001456469 
0.01289609 0.238541 0.7386105 0.009952466 
0.002904106 0.2583814 0.7281289 0.01058563 
0.01794188 0.2380975 0.7430831 0.0008775844 
0.0003169637 0.2570712 0.7361407 0.006471099 
0.0005285551 0.2369398 0.7609575 0.001574161 
0.004993794 0.3127453 0.6766495 0.005611381 
0.0165951 0.3850866 0.5969949 0.001323433 
0.01084242 0.3012358 0.6846915 0.0032303 
0.004414155 0.3155379 0.6674491 0.01259883 
0.005229861 0.3470993 0.6464505 0.001220259 
0.003112953 0.294551 0.7004167 0.001919381 
0.0008835498 0.3403423 0.6561233 0.002650802 
0.0009647666 0.3532492 0.6432498 0.002536231 
0.004495243 0.2828906 0.6919945 0.02061967 
0.006299187 0.1940925 0.7940146 0.005593646 
0.001056631 0.2627691 0.7342195 0.001954723 
0.001333457 0.2849431 0.7006938 0.01302969 
0.000153108 0.3028948 0.6917096 0.005242538 
0.007143935 0.2740741 0.7090675 0.009714463 
0.004207936 0.3374376 0.6546543 0.003700155 
0.002612285 0.3134712 0.6771356 0.006780878 
0.0005324001 0.17881 0.8169699 0.003687683 
0.002872896 0.3199441 0.6770159 0.0001670201 
0.006257247 0.2932236 0.6951606 0.005358531 
0.004245078 0.2048863 0.7763875 0.01448113 
0.001291544 0.3010718 0.6969461 0.0006905022 
0.005779531 0.2548857 0.7384372 0.0008975219 
0.0003047477 0.2786935 0.7144736 0.006528124 
0.002424666 0.3426846 0.6247569 0.03013386 
0.0006206611 0.2524878 0.746207 0.0006845277 
0.002420063 0.2954522 0.6936929 0.008434776 
0.01292781 0.263557 0.7154051 0.008110062 
0.0006847319 0.290937 0.7070153 0.001362984 
0.02567414 0.3337407 0.6347634 0.005821851 
0.001434796 0.3405467 0.6442485 0.01376994 
0.006296123 0.3087154 0.6797562 0.005232196 
0.0003196441 0.2786123 0.7207408 0.0003272297 
0.00257558 0.2984198 0.6983229 0.0006817499 
0.002055634 0.2563097 0.737317 0.004317656 
0.001902555 0.3759484 0.6213334 0.0008157038 
0.003544505 0.3871859 0.6068835 0.002386075 
0.01538404 0.2857642 0.6937696 0.005082229 
0.00488824 0.3521528 0.6387086 0.00425034 
0.01522963 0.3947197 0.5855975 0.004453145 
0.01199972 0.3903777 0.5912399 0.006382655 
0.002836754 0.2936704 0.6711733 0.03231957 
0.004410257 0.383766 0.611313 0.0005107587 
0.00718279 0.3225428 0.6580966 0.01217786 
0.009968486 0.2706065 0.7128992 0.00652589 
0.007415885 0.3108608 0.6815857 0.0001375277 
1.421736e-05 0.2700099 0.7227801 0.007195853 
0.002766766 0.4059882 0.5878036 0.003441369 
0.01039066 0.2828512 0.687463 0.01929515 
0.001843017 0.271831 0.7256749 0.0006511214 
0.004109123 0.3224367 0.6677764 0.005677733 
0.002660956 0.2779507 0.7192067 0.0001816994 
0.01155345 0.2833518 0.6868414 0.01825329 
0.01592102 0.2013274 0.7750732 0.007678353 
0.001761434 0.3095785 0.6870751 0.001585062 
0.002687162 0.2773504 0.7185389 0.001423535 
0.0471297 0.2469761 0.6968155 0.009078662 
0.001246611 0.229431 0.7661538 0.00316858 
5.167608e-06 0.3857935 0.601061 0.0131403 
0.005010611 0.2846094 0.7092627 0.001117336 
0.005222466 0.2251749 0.7542718 0.01533083 
0.003489905 0.3544856 0.6392396 0.002784922 
0.0009907172 0.2383573 0.7498806 0.01077146 
0.006923512 0.2828645 0.7090779 0.001134098 
0.005047703 0.2296299 0.7622848 0.003037603 
0.0001318242 0.2621726 0.7321181 0.005577534 
0.02270421 0.2364398 0.7204323 0.02042363 
0.002225417 0.2723553 0.721747 0.003672268 
0.009066683 0.3272208 0.660636 0.003076463 
0.002794945 0.2647338 0.7310756 0.001395713 
0.007367611 0.2384512 0.7499898 0.004191322 
0.008629604 0.2964044 0.6824244 0.01254162 
0.005702614 0.2746965 0.7189074 0.0006934101 
0.009044284 0.354641 0.6312889 0.005025767 
0.003071518 0.2373716 0.7509539 0.008602918 
0.003400711 0.2791451 0.7158829 0.001571309 
0.004199573 0.3854575 0.591106 0.01923691 
0.002515887 0.273532 0.7128597 0.01109239 
0.00199772 0.3219429 0.6719291 0.004130254 
8.921469e-05 0.2996341 0.6931088 0.007167961 
0.001712688 0.3534819 0.639207 0.005598443 
0.0074273 0.3598742 0.6195367 0.01316176 
0.008669438 0.3544786 0.6367711 8.081151e-05 
0.01593089 0.3231001 0.6541808 0.006788124 
1.035742e-05 0.259472 0.7376013 0.00291641 
0.02861148 0.2681279 0.702751 0.0005096511 
0.003393336 0.3419936 0.6359499 0.01866311 
0.006574634 0.2581552 0.7337785 0.001491683 
0.003427393 0.3613287 0.6319593 0.003284637 
0.001249755 0.2433107 0.7432917 0.01214784 
0.01921838 0.3028184 0.6778157 0.0001475281 
0.00469018 0.3536877 0.6342822 0.007339959 
0.02041381 0.266446 0.7049535 0.008186679 
0.00135256 0.2525805 0.7370426 0.009024287 
0.002271531 0.2769696 0.7069553 0.01380356 
0.00725941 0.2679798 0.671847 0.05291378 
0.007022218 0.3571886 0.6351973 0.0005919078 
0.02322958 0.2831951 0.6906258 0.002949462 
0.003575198 0.2326724 0.7589552 0.00479727 
0.0001621644 0.2723113 0.7236169 0.003909647 
0.005992284 0.3489021 0.6432639 0.001841776 
0.0146855 0.2624909 0.7157684 0.007055174 
0.01462963 0.3157749 0.6641271 0.0054684 
0.003187046 0.3860114 0.6060287 0.004772918 
0.0002919418 0.2902811 0.7077798 0.001647167 
0.002828545 0.3474033 0.6490759 0.0006922476 
0.005649842 0.2544661 0.7251322 0.01475192 
0.002052466 0.2848005 0.6915297 0.02161735 
0.00338619 0.2997884 0.6721599 0.02466553 
0.007522017 0.3278708 0.6496065 0.01500069 
0.007831408 0.2774599 0.7082762 0.00643252 
0.01430262 0.3068591 0.6743579 0.004480338 
0.003682863 0.3786689 0.6175994 4.880035e-05 
0.005712414 0.2037225 0.7868443 0.003720747 
0.0001228782 0.262833 0.7314959 0.005548253 
0.003592666 0.3446066 0.6404816 0.01131916 
0.0228 0.3134836 0.6503495 0.01336688 
6.78316e-05 0.3439886 0.6454073 0.01053621 
0.01420433 0.2131936 0.7516372 0.02096489 
0.0008243612 0.2994786 0.6805717 0.01912533 
0.003424589 0.2874093 0.7083085 0.000857675 
8.997262e-05 0.3148791 0.6767191 0.008311804 
0.005185373 0.3241451 0.6702077 0.0004618155 
0.001494942 0.2601623 0.7277571 0.01058564 
0.007349609 0.2598629 0.729306 0.003481523 
0.01914163 0.3480283 0.6308356 0.00199445 
0.01082366 0.3476867 0.6379904 0.003499242 
0.01706765 0.2268211 0.7555275 0.0005837724 
0.005855535 0.3118155 0.681585 0.0007439253 
0.02822839 0.2683968 0.6988941 0.004480721 
0.001577951 0.2387972 0.7580733 0.001551542 
0.002488389 0.2768609 0.7195166 0.001134053 
0.03656416 0.2237897 0.7356297 0.004016487 
0.003785586 0.3951935 0.5954373 0.005583662 
0.01206041 0.2616181 0.6950641 0.0312574 
0.004696228 0.2798795 0.7075866 0.007837673 
0.01088157 0.2755582 0.6946608 0.01889946 
0.01483539 0.2922631 0.6850401 0.007861469 
0.007774165 0.299986 0.6875935 0.004646306 
0.02103483 0.2694021 0.7052942 0.004268894 
0.005357155 0.2218421 0.7612014 0.01159931 
0.003917884 0.3444289 0.6329277 0.01872547 
0.02050381 0.3229188 0.6542827 0.002294697 
0.0002642139 0.31402 0.6759188 0.009797015 
0.006112211 0.2478268 0.7378945 0.00816644 
0.00789651 0.3734034 0.6089022 0.009797834 
0.003440259 0.311443 0.6836769 0.001439871 
0.0007678493 0.3010693 0.693797 0.004365915 
0.004742819 0.2827338 0.7000515 0.01247188 
0.005024774 0.2478466 0.7432365 0.003892092 
0.003682418 0.2980369 0.6974604 0.0008202576 
0.001781511 0.2352628 0.7486457 0.01430992 
0.0207606 0.1996717 0.7735781 0.005989568 
0.009974935 0.3670704 0.6092486 0.01370612 
0.006336676 0.3879933 0.6038158 0.001854216 
0.001045385 0.273331 0.7255786 4.501584e-05 
0.01155576 0.2332134 0.7526888 0.002542092 
0.0008932232 0.2566033 0.7377507 0.004752765 
0.001813111 0.3094326 0.6883186 0.0004356567 
0.02510427 0.3273744 0.6472975 0.0002239168 
0.006782806 0.2861986 0.6987486 0.008270012 
0.0004466709 0.2316097 0.7647352 0.00320845 
0.0004522525 0.2911068 0.7043697 0.004071271 
0.01337776 0.3193426 0.6652269 0.002052808 
0.003135186 0.2511004 0.7449655 0.0007989106 
0.003667096 0.2711335 0.7226355 0.002563948 
0.00475003 0.317165 0.6504327 0.02765229 
0.0113147 0.3493082 0.6371066 0.002270528 
0.001087157 0.2874164 0.7073871 0.004109348 
0.001654114 0.4050537 0.5910323 0.002259834 
0.007329976 0.2450845 0.7314331 0.01615243 
0.003962089 0.2977174 0.6979156 0.0004049454 
0.000699122 0.3183615 0.6742514 0.006688011 
0.005287289 0.275829 0.7157245 0.00315919 
0.0001916121 0.414626 0.5735205 0.01166185 
0.006935547 0.2734099 0.7084596 0.01119494 
0.0006643706 0.2384446 0.758342 0.002549062 
0.003267642 0.3106998 0.6837226 0.002309965 
0.009504288 0.2648205 0.7249813 0.000693923 
0.004353316 0.2826738 0.7068652 0.006107733 
0.01328315 0.3299784 0.6553735 0.001364876 
0.01055064 0.265127 0.7227114 0.001610919 
0.01704947 0.3177328 0.664253 0.0009646416 
0.002315569 0.2968927 0.6971228 0.003668884 
0.001459549 0.3016441 0.6750076 0.02188878 
