"p_1" "p_2" "p_3"
0.3455116 0.2408863 0.4136021
0.346526 0.3322756 0.3211984
0.3715397 0.2196836 0.4087767
0.2770871 0.2970594 0.4258534
0.3050227 0.2625247 0.4324526
0.3038973 0.2008512 0.4952516
0.2992759 0.3112708 0.3894533
0.3291523 0.2438594 0.4269883
0.2901598 0.2721847 0.4376555
0.1882232 0.2726791 0.5390977
0.2836714 0.288761 0.4275675
0.3462006 0.2938927 0.3599066
0.3038753 0.3356847 0.36044
0.3171812 0.3044667 0.378352
0.2996407 0.2595926 0.4407667
0.3009138 0.3126015 0.3864847
0.3083874 0.2930018 0.3986109
0.2887367 0.3174607 0.3938027
0.2953783 0.2343526 0.4702691
0.2951963 0.3030183 0.4017854
0.2733157 0.2688013 0.457883
0.3945194 0.1778871 0.4275934
0.3057142 0.2551846 0.4391011
0.3670542 0.2027042 0.4302416
0.2539615 0.2588827 0.4871559
0.3028076 0.2916321 0.4055603
0.3073288 0.2949803 0.397691
0.2697275 0.2946446 0.4356279
0.3150831 0.2555137 0.4294031
0.3256404 0.1618481 0.5125115
0.3363865 0.2288307 0.4347828
0.3696057 0.2358551 0.3945392
0.2798839 0.2666804 0.4534357
0.3483104 0.2045399 0.4471497
0.3459399 0.2970127 0.3570473
0.2902305 0.2692275 0.4405421
0.234276 0.2795419 0.4861821
0.3810484 0.2332751 0.3856765
0.2583045 0.3049623 0.4367332
0.2464365 0.3015841 0.4519794
0.328384 0.2911617 0.3804543
0.3338877 0.3581201 0.3079922
0.3242838 0.2055579 0.4701583
0.3210126 0.2874323 0.3915551
0.3534255 0.2674611 0.3791134
0.3621951 0.2263297 0.4114752
0.3022193 0.2334145 0.4643662
0.3043513 0.3081986 0.3874501
0.3579242 0.3022213 0.3398545
0.36688 0.3093785 0.3237415
0.2698961 0.357353 0.3727509
0.3331797 0.2672326 0.3995877
0.3492651 0.3506739 0.300061
0.3547075 0.2953839 0.3499086
0.3095854 0.2326886 0.457726
0.3116283 0.2755844 0.4127873
0.3336491 0.2289633 0.4373875
0.3313455 0.2610882 0.4075663
0.2650242 0.2570075 0.4779683
0.317574 0.2157738 0.4666522
0.247868 0.3355919 0.4165401
0.3100493 0.3260065 0.3639442
0.3461449 0.1997701 0.4540851
0.2119421 0.2745189 0.513539
0.2778774 0.3363045 0.3858181
0.3318187 0.2508818 0.4172995
0.3046928 0.3732571 0.3220501
0.3021545 0.3253392 0.3725063
0.3361749 0.3666618 0.2971632
0.3387007 0.3103035 0.3509958
0.3313762 0.1832885 0.4853352
0.3584478 0.1848584 0.4566938
0.2853829 0.3456788 0.3689383
0.3633529 0.2498153 0.3868318
0.3023195 0.3202 0.3774805
0.2769328 0.2985316 0.4245356
0.3265817 0.2875035 0.3859148
0.2886793 0.2626506 0.4486701
0.2422885 0.2683733 0.4893382
0.2894954 0.2890401 0.4214645
0.3338764 0.2357055 0.4304181
0.2764561 0.3196134 0.4039305
0.3543429 0.2639336 0.3817235
0.3366283 0.2624311 0.4009406
0.3460338 0.2715442 0.382422
0.3288814 0.2954954 0.3756232
0.3126612 0.3113689 0.3759698
0.2616814 0.287192 0.4511265
0.3299381 0.2466433 0.4234186
0.2791266 0.307108 0.4137655
0.2593921 0.3260678 0.4145401
0.2788949 0.3223023 0.3988028
0.2519217 0.3538431 0.3942352
0.3213388 0.3275814 0.3510797
0.3013655 0.2755087 0.4231258
0.3112728 0.2866594 0.4020679
0.3085508 0.2459952 0.445454
0.3090265 0.216683 0.4742905
0.2608424 0.3534177 0.3857398
0.2504498 0.3276288 0.4219214
0.3618195 0.3054084 0.3327721
0.3446183 0.2088695 0.4465122
0.2557946 0.2605868 0.4836186
0.4085728 0.2607164 0.3307109
0.3099308 0.2925674 0.3975018
0.3512189 0.2665398 0.3822412
0.2870574 0.305911 0.4070316
0.245074 0.3361792 0.4187468
0.36788 0.284336 0.347784
0.2414193 0.3432794 0.4153013
0.2904058 0.2875638 0.4220304
0.3036786 0.285349 0.4109723
0.2972996 0.2979578 0.4047426
0.3490805 0.3283487 0.3225709
0.3411987 0.2958627 0.3629385
0.3049455 0.2391451 0.4559095
0.3222402 0.3362698 0.34149
0.3160868 0.2764345 0.4074787
0.2807883 0.2939388 0.4252729
0.3496757 0.2826323 0.367692
0.2910327 0.249325 0.4596422
0.2319451 0.2645521 0.5035028
0.3572642 0.2502391 0.3924967
0.2526472 0.3317371 0.4156157
0.300493 0.3550652 0.3444419
0.3040948 0.2207863 0.4751189
0.2902641 0.2738201 0.4359158
0.2939749 0.290481 0.4155442
0.3024063 0.2241892 0.4734045
0.3810833 0.187581 0.4313357
0.3021882 0.2734569 0.4243549
0.3094939 0.2667253 0.4237808
0.2261342 0.3232603 0.4506055
0.2314185 0.3555991 0.4129824
0.3436088 0.3174596 0.3389316
0.3425204 0.2941848 0.3632949
0.314452 0.2284393 0.4571087
0.3050983 0.2127588 0.4821429
0.29883 0.3154364 0.3857336
0.2568028 0.2740528 0.4691444
0.3756216 0.2940004 0.330378
0.2331031 0.3513171 0.4155799
0.2849719 0.2102969 0.5047312
0.3875955 0.2397322 0.3726723
0.2886252 0.297188 0.4141868
0.3346849 0.29401 0.3713051
0.3818893 0.2305891 0.3875216
0.2607428 0.3174426 0.4218145
0.273409 0.2477686 0.4788224
0.255551 0.3713083 0.3731407
0.3185083 0.3210489 0.3604428
0.2977068 0.2907095 0.4115838
0.3164036 0.2882579 0.3953384
0.2342589 0.3006073 0.4651338
0.2861906 0.3043326 0.4094768
0.3906894 0.1588685 0.4504421
0.2199182 0.3660185 0.4140632
0.292013 0.3179446 0.3900424
0.1869579 0.3033444 0.5096977
0.2984768 0.2589972 0.442526
0.25458 0.2237331 0.5216869
0.3972928 0.2434402 0.359267
0.3685551 0.2413956 0.3900493
0.370316 0.2447552 0.3849288
0.2425507 0.3429635 0.4144858
0.3406648 0.2627802 0.396555
0.3525111 0.2634498 0.3840392
0.4186983 0.2873075 0.2939943
0.3556913 0.3176326 0.3266761
0.2853454 0.3020691 0.4125855
0.3778557 0.2117368 0.4104075
0.2488854 0.3245773 0.4265373
0.2548891 0.2737603 0.4713506
0.2333278 0.3555006 0.4111716
0.2622417 0.3321148 0.4056435
0.3841214 0.2918227 0.3240559
0.3529956 0.2592599 0.3877445
0.3387872 0.2585327 0.4026802
0.2870224 0.2781436 0.434834
0.2441796 0.3792845 0.3765359
0.2885809 0.2963609 0.4150582
0.284342 0.2817618 0.4338962
0.3529858 0.2640616 0.3829526
0.3318556 0.2623998 0.4057445
0.2732606 0.2789478 0.4477916
0.2610759 0.2852699 0.4536542
0.3613917 0.2046437 0.4339646
0.3054132 0.2663005 0.4282863
0.4341591 0.2470555 0.3187855
0.3829501 0.2440664 0.3729835
0.2557514 0.3439779 0.4002708
0.2532007 0.2820582 0.4647411
0.2983448 0.3080483 0.393607
0.319162 0.2983811 0.3824569
0.2941748 0.264634 0.4411912
0.2822294 0.2962584 0.4215121
0.2618698 0.3033451 0.434785
0.3018088 0.3061291 0.3920621
0.3962748 0.2610619 0.3426633
0.2754158 0.2535768 0.4710074
0.2644029 0.3165527 0.4190444
0.2856658 0.2844702 0.429864
0.3381086 0.2689245 0.3929669
0.3439406 0.328025 0.3280344
0.273796 0.3319753 0.3942287
0.3202179 0.2778105 0.4019717
0.2413667 0.2293747 0.5292586
0.2378812 0.3253151 0.4368037
0.316799 0.22593 0.457271
0.345597 0.2675007 0.3869023
0.3559666 0.2882849 0.3557486
0.3509469 0.2694556 0.3795974
0.3469238 0.3363795 0.3166967
0.2334759 0.3962378 0.3702863
0.4084048 0.240333 0.3512622
0.3110788 0.27785 0.4110712
0.2841889 0.3159716 0.3998396
0.2427686 0.3234946 0.4337368
0.3167829 0.2924507 0.3907664
0.3656852 0.2986498 0.335665
0.3197027 0.2076996 0.4725977
0.2747289 0.3204875 0.4047837
0.2649768 0.2728173 0.4622059
0.2342031 0.2928419 0.4729549
0.2949924 0.2390663 0.4659413
0.2947819 0.2313045 0.4739135
0.3345597 0.2964521 0.3689882
0.3050848 0.3525783 0.3423369
0.3367052 0.3005154 0.3627794
0.3705847 0.25043 0.3789853
0.4161279 0.2234292 0.3604429
0.3044263 0.2824199 0.4131538
0.3218025 0.2482438 0.4299536
0.2767537 0.2936292 0.4296171
0.3877309 0.2929468 0.3193223
0.2407798 0.3095662 0.449654
0.3004006 0.2018354 0.4977639
0.3985838 0.2183142 0.383102
0.3570924 0.2385127 0.4043949
0.3236184 0.2831157 0.393266
0.3749727 0.2799275 0.3450998
0.2998797 0.2747168 0.4254035
0.2360462 0.2996372 0.4643166
0.2413457 0.2720584 0.4865959
0.2780887 0.2726849 0.4492265
0.3305084 0.2561549 0.4133366
0.2560811 0.3739826 0.3699363
0.2582976 0.2627835 0.4789189
0.3131603 0.2875091 0.3993306
0.3446527 0.24956 0.4057873
0.4393012 0.2512736 0.3094252
0.3277854 0.2893614 0.3828532
0.3301853 0.2903775 0.3794372
0.2824976 0.2933114 0.424191
0.2984186 0.3410815 0.3604999
0.2541232 0.2809622 0.4649146
0.4021327 0.2259675 0.3718998
0.2812855 0.2894623 0.4292522
0.2786635 0.2842749 0.4370616
0.3240316 0.1885501 0.4874183
0.2228318 0.3214685 0.4556997
0.36137 0.2147045 0.4239255
0.4153675 0.2375625 0.34707
0.2828735 0.3038748 0.4132517
0.2708561 0.3040731 0.4250708
0.3645091 0.2648421 0.3706488
0.3222875 0.2945508 0.3831617
0.2487414 0.2731502 0.4781085
0.3975333 0.1947764 0.4076903
0.2194082 0.3020434 0.4785484
0.3244842 0.3325019 0.3430138
0.2849454 0.2659131 0.4491415
0.2830098 0.3720719 0.3449183
0.3423243 0.2679438 0.3897319
0.3626299 0.2634774 0.3738926
0.3047543 0.2533365 0.4419092
0.2251837 0.3037555 0.4710607
0.376372 0.257254 0.366374
0.310988 0.3395531 0.3494589
0.2517289 0.2962584 0.4520127
0.4157612 0.2436203 0.3406185
0.334104 0.1930395 0.4728565
0.2586436 0.2551408 0.4862156
0.301997 0.3539996 0.3440034
0.3059148 0.341376 0.3527092
0.3012136 0.2244978 0.4742886
0.2792948 0.3367103 0.3839949
0.2676408 0.380975 0.3513841
0.3219433 0.2463418 0.4317149
0.2936759 0.2868255 0.4194986
0.4114363 0.2378767 0.350687
0.2518 0.3148931 0.4333069
0.2933111 0.3372937 0.3693951
0.2530043 0.3148216 0.4321741
0.3428331 0.2905648 0.3666022
0.2861094 0.2780989 0.4357917
0.2733042 0.245106 0.4815897
0.2930585 0.2787384 0.4282031
0.3419738 0.2783465 0.3796797
0.2648125 0.2236545 0.511533
0.2522778 0.2544213 0.4933009
0.3946718 0.2029068 0.4024214
0.4236669 0.1623861 0.413947
0.310142 0.2943636 0.3954944
0.2437672 0.2920578 0.4641749
0.3148387 0.3070364 0.3781248
0.3074697 0.3155287 0.3770015
0.3695241 0.2576648 0.3728111
0.3731893 0.1737467 0.453064
0.3833746 0.1985307 0.4180947
0.3530577 0.2585426 0.3883997
0.3557381 0.2968299 0.3474319
0.3652323 0.3079414 0.3268263
0.2788435 0.2426707 0.4784858
0.3001612 0.3185378 0.381301
0.2887426 0.3404371 0.3708203
0.3271003 0.249839 0.4230607
0.3308623 0.2937927 0.375345
0.2886819 0.2611891 0.450129
0.2684842 0.292889 0.4386268
0.2435863 0.2929852 0.4634285
0.3594716 0.2732762 0.3672521
0.425446 0.2330605 0.3414935
0.3231215 0.2607645 0.4161139
0.3144786 0.2573265 0.4281949
0.3283382 0.2787722 0.3928895
0.3871002 0.2988531 0.3140467
0.3047542 0.3010796 0.3941662
0.3596032 0.3295293 0.3108675
0.3344309 0.3149971 0.350572
0.3427543 0.2840242 0.3732214
0.4029377 0.2003243 0.396738
0.3308022 0.2900115 0.3791863
0.3762335 0.2457628 0.3780037
0.2887165 0.350373 0.3609105
0.2887797 0.2574175 0.4538028
0.3062905 0.2935279 0.4001816
0.3177806 0.2634538 0.4187656
0.3250994 0.3126531 0.3622475
0.2801657 0.2028502 0.516984
0.2223068 0.2895515 0.4881417
0.3122271 0.2667504 0.4210225
0.2806139 0.2526218 0.4667643
0.3405989 0.2559649 0.4034362
0.3231046 0.3143963 0.3624991
0.269139 0.2638595 0.4670016
0.2793974 0.3515098 0.3690928
0.297443 0.311303 0.391254
0.273414 0.2573867 0.4691993
0.2781255 0.2517101 0.4701644
0.2438852 0.2505606 0.5055543
0.3675747 0.2839497 0.3484755
0.3827447 0.2867229 0.3305325
0.3054941 0.3261575 0.3683484
0.2921799 0.332291 0.3755291
0.2556178 0.2617797 0.4826025
0.2808048 0.265396 0.4537991
0.2628973 0.3594348 0.3776679
0.3425367 0.2641226 0.3933407
0.3868042 0.2403105 0.3728853
0.3215616 0.2915533 0.3868851
0.3372461 0.3186135 0.3441403
0.3123961 0.2865237 0.4010802
0.254666 0.3043287 0.4410053
0.2667472 0.2820843 0.4511684
0.3132951 0.3075123 0.3791926
0.3229113 0.2604181 0.4166706
0.3503224 0.2419717 0.4077058
0.3108342 0.275275 0.4138908
0.2762502 0.3462017 0.3775481
0.3574424 0.2499266 0.3926309
0.3172522 0.3430042 0.3397436
0.2821137 0.309603 0.4082832
0.3664153 0.3065738 0.327011
0.2214406 0.241769 0.5367905
0.369389 0.2681575 0.3624535
0.2500781 0.2258751 0.5240469
0.3314627 0.2359242 0.4326131
0.3461228 0.182665 0.4712123
0.3499974 0.3134639 0.3365386
0.2985476 0.2902202 0.4112322
0.3565203 0.2119433 0.4315364
0.3029989 0.2213147 0.4756864
0.3327774 0.3171235 0.3500991
0.3030615 0.2837744 0.4131641
0.2834461 0.3267388 0.3898151
0.3692555 0.2451052 0.3856393
0.359149 0.2887083 0.3521427
0.4080498 0.1986771 0.3932731
0.2690565 0.2867237 0.4442198
0.2448161 0.3386165 0.4165674
0.3472982 0.2191815 0.4335203
0.3463309 0.2898115 0.3638576
0.3160884 0.284569 0.3993427
0.2506302 0.3031425 0.4462272
0.2786481 0.3322412 0.3891107
0.3202935 0.2516125 0.428094
0.2638496 0.349402 0.3867484
0.3070906 0.3263224 0.366587
0.3133591 0.2867798 0.3998611
0.3680301 0.3162943 0.3156756
0.285592 0.3119015 0.4025065
0.2726793 0.2260312 0.5012895
0.3578018 0.2144384 0.4277598
0.3398922 0.251732 0.4083758
0.3577583 0.2648731 0.3773686
0.3720627 0.2631328 0.3648045
0.3163167 0.2717342 0.4119491
0.3675547 0.2849622 0.3474831
0.3293112 0.2990022 0.3716866
0.3520191 0.2350138 0.4129671
0.382354 0.2760064 0.3416397
0.367493 0.289852 0.342655
0.2773648 0.2037822 0.518853
0.3224685 0.341769 0.3357624
0.2808277 0.2499333 0.4692391
0.2757321 0.3272919 0.3969759
0.3898322 0.2360861 0.3740818
0.3039807 0.2640287 0.4319906
0.2366967 0.3056173 0.457686
0.2452559 0.3091418 0.4456023
0.3587863 0.2199654 0.4212483
0.3642894 0.2849761 0.3507345
0.3045388 0.2911945 0.4042667
0.3477211 0.2384123 0.4138666
0.3249485 0.3276266 0.3474249
0.3761992 0.3197953 0.3040055
0.2650317 0.2647334 0.4702349
0.2788359 0.2061997 0.5149644
0.3449162 0.1791507 0.4759331
0.2493488 0.3111801 0.4394711
0.3037342 0.2543597 0.4419061
0.2753261 0.3104806 0.4141933
0.3620569 0.2399212 0.3980219
0.2547594 0.4253886 0.319852
0.2565988 0.2769127 0.4664886
0.3241205 0.2978723 0.3780072
0.3081644 0.2243917 0.4674439
0.3178712 0.3438774 0.3382515
0.2843983 0.2710373 0.4445643
0.3379374 0.2907727 0.3712898
0.3144588 0.2521847 0.4333565
0.2654777 0.3290851 0.4054372
0.3178624 0.2976453 0.3844922
0.261495 0.2991512 0.4393537
0.3245152 0.2362164 0.4392684
0.2962566 0.298886 0.4048574
0.2682648 0.2694986 0.4622365
0.2781215 0.2687226 0.4531559
0.2669631 0.4322235 0.3008134
0.2817111 0.2778389 0.44045
0.25665 0.3583377 0.3850123
0.3205832 0.2848383 0.3945785
0.3654165 0.2426548 0.3919286
0.2882295 0.2569895 0.4547809
0.3344806 0.2782156 0.3873039
0.3156253 0.3016895 0.3826852
0.2451285 0.3906665 0.364205
0.2744521 0.3038684 0.4216795
0.3091679 0.2226335 0.4681986
0.2596142 0.2650184 0.4753673
0.1971907 0.2534727 0.5493365
0.2355136 0.3197536 0.4447328
0.2841884 0.2806865 0.4351251
0.3224733 0.2512245 0.4263022
0.3931746 0.2727431 0.3340823
0.2610989 0.2956092 0.4432919
0.2943918 0.3449752 0.360633
0.4251569 0.1928983 0.3819449
0.2615238 0.3498591 0.3886171
0.2825887 0.2415878 0.4758236
0.2903167 0.2509821 0.4587013
0.2579379 0.3432536 0.3988085
0.2737496 0.2579842 0.4682662
0.3487025 0.3299956 0.3213019
0.3299825 0.2534543 0.4165633
0.2373106 0.3091242 0.4535652
0.3305632 0.2997114 0.3697255
0.2915625 0.3182681 0.3901694
0.3363343 0.2183214 0.4453443
0.2034681 0.2867872 0.5097447
0.2824026 0.2911546 0.4264427
0.2910104 0.2388276 0.470162
0.3934663 0.2225238 0.3840099
0.2544599 0.2558244 0.4897157
0.2751577 0.279629 0.4452133
0.2502444 0.3121803 0.4375753
0.3704024 0.2487901 0.3808075
0.3475119 0.3238515 0.3286366
0.3754774 0.283989 0.3405336
0.3168906 0.2830444 0.400065
0.3406392 0.2612012 0.3981596
0.3596501 0.2716132 0.3687367
0.2640451 0.2164607 0.5194942
0.333318 0.2563567 0.4103253
0.3722092 0.2035381 0.4242527
0.389492 0.2524377 0.3580703
0.3333893 0.2780135 0.3885972
0.3337259 0.3267829 0.3394912
0.3894569 0.2547605 0.3557826
0.3379029 0.2225382 0.4395589
0.3267505 0.2439417 0.4293078
0.3072341 0.2695538 0.423212
0.261249 0.2793136 0.4594374
0.287082 0.29424 0.4186779
0.3280265 0.2901464 0.3818271
0.257426 0.2923264 0.4502477
0.2885267 0.2482164 0.4632568
0.3281488 0.2953306 0.3765206
0.2469561 0.2289129 0.524131
0.3163497 0.2087341 0.4749162
0.2866311 0.2627784 0.4505905
0.327599 0.2859435 0.3864574
0.2551085 0.3236702 0.4212213
0.328936 0.2386977 0.4323663
0.2569461 0.3347651 0.4082888
0.368281 0.3153608 0.3163583
0.2619526 0.2863938 0.4516537
0.3893156 0.2420673 0.3686171
0.3203692 0.2683136 0.4113172
0.3224099 0.2643982 0.4131919
0.2465037 0.2969717 0.4565247
0.3589826 0.2423445 0.3986729
0.3004626 0.240689 0.4588484
0.3169656 0.2278347 0.4551997
0.2800734 0.2921995 0.4277272
0.3366983 0.2756437 0.3876581
0.2946806 0.299221 0.4060984
0.3503135 0.222745 0.4269414
0.3101949 0.3122672 0.3775379
0.2834228 0.3288475 0.3877297
0.3426724 0.2397121 0.4176155
0.2088975 0.3191847 0.4719178
0.267422 0.3049541 0.4276238
0.3422883 0.2476513 0.4100604
0.2891012 0.3275464 0.3833524
0.3056409 0.3223233 0.3720357
0.2928833 0.3598683 0.3472484
0.3519265 0.1501971 0.4978763
0.3680798 0.2919168 0.3400033
0.266161 0.3234718 0.4103672
0.3046377 0.3420071 0.3533551
0.3948143 0.2658154 0.3393703
0.2968335 0.2848804 0.4182861
0.3643474 0.2556301 0.3800225
0.293588 0.3103785 0.3960336
0.3045475 0.2734615 0.421991
0.2815361 0.2544436 0.4640203
0.2434179 0.3478434 0.4087386
0.2602382 0.2687311 0.4710307
0.3585189 0.3104897 0.3309914
0.3040823 0.2315455 0.4643722
0.2801382 0.2835156 0.4363462
0.2736429 0.3350807 0.3912763
0.3244967 0.2787001 0.3968032
0.2797169 0.2649836 0.4552994
0.282742 0.2463444 0.4709136
0.3806485 0.2233949 0.3959566
0.3160568 0.3189923 0.3649509
0.4120544 0.2799441 0.3080015
0.2943394 0.2900991 0.4155616
0.315714 0.2961753 0.3881107
0.3064819 0.2171938 0.4763243
0.3596362 0.2177516 0.4226122
0.3211117 0.3257396 0.3531486
0.3182736 0.3296795 0.3520469
0.2289515 0.1859581 0.5850904
0.318177 0.2931754 0.3886475
0.2882857 0.2663951 0.4453192
0.3174414 0.2856789 0.3968798
0.2693645 0.3261427 0.4044929
0.2960924 0.3432737 0.3606339
0.3018886 0.2642075 0.4339038
0.3290904 0.2349311 0.4359786
0.2874834 0.2952812 0.4172353
0.3097673 0.2765285 0.4137043
0.3466947 0.25073 0.4025753
0.2947604 0.2905254 0.4147142
0.3105974 0.3209435 0.3684591
0.3625669 0.271858 0.3655751
0.3188801 0.2517008 0.4294191
0.3272599 0.341404 0.3313361
0.3369238 0.219606 0.4434702
0.3013856 0.2539779 0.4446364
0.4019272 0.2905783 0.3074946
0.2934742 0.2937764 0.4127494
0.2911521 0.273027 0.4358209
0.2585126 0.2837085 0.457779
0.2977457 0.3783906 0.3238637
0.4174243 0.2250009 0.3575748
0.3367684 0.3037707 0.3594609
0.27194 0.308996 0.419064
0.3076119 0.2604815 0.4319066
0.2915558 0.2421143 0.4663299
0.2682857 0.2991209 0.4325934
0.3736086 0.1737614 0.45263
0.2634304 0.3096275 0.4269421
0.3037121 0.2440122 0.4522757
0.3201108 0.2581065 0.4217827
0.3459044 0.2332969 0.4207987
0.414744 0.2353644 0.3498915
0.2815951 0.3155376 0.4028674
0.2844526 0.3137937 0.4017536
0.3247999 0.2576472 0.4175529
0.3035726 0.2312938 0.4651336
0.2984163 0.2275288 0.4740549
0.3309092 0.2843875 0.3847033
0.3922721 0.2392608 0.3684671
0.2581595 0.2638599 0.4779806
0.3840445 0.2491467 0.3668087
0.3399894 0.2880632 0.3719474
0.3486777 0.3243033 0.3270189
0.2755213 0.3562671 0.3682117
0.3520706 0.2569892 0.3909401
0.385079 0.2571651 0.3577559
0.3204763 0.3166596 0.3628641
0.2306673 0.3405386 0.4287941
0.3528513 0.2196052 0.4275436
0.2878337 0.2514436 0.4607227
0.2754074 0.3911122 0.3334804
0.3302503 0.2362961 0.4334535
0.309057 0.3353431 0.3555998
0.305351 0.2826462 0.4120027
0.313169 0.2326863 0.4541447
0.396984 0.2330289 0.3699871
0.2862911 0.3687551 0.3449538
0.3779233 0.3129813 0.3090954
0.3185448 0.2572376 0.4242176
0.3545867 0.2490759 0.3963374
0.3317377 0.2674909 0.4007714
0.2926625 0.3300986 0.3772389
0.2942586 0.2766626 0.4290788
0.3228936 0.237355 0.4397514
0.3303238 0.3063489 0.3633273
0.2654733 0.2975569 0.4369698
0.2823451 0.318693 0.3989619
0.2787861 0.2074626 0.5137512
0.2537044 0.3015366 0.444759
0.3099011 0.3656382 0.3244607
0.3122424 0.3321607 0.3555969
0.2922511 0.3545547 0.3531942
0.4024882 0.2602282 0.3372836
0.3041045 0.2517891 0.4441064
0.3292234 0.2793955 0.3913811
0.3560136 0.2484164 0.3955699
0.3401712 0.2400438 0.419785
0.2297325 0.3742798 0.3959877
0.2813359 0.3635843 0.3550798
0.2441825 0.3663872 0.3894304
0.349699 0.2304184 0.4198826
0.3389862 0.3358408 0.325173
0.3062337 0.3027839 0.3909824
0.3356506 0.2560832 0.4082662
0.3086865 0.2289474 0.462366
0.3569251 0.2612931 0.3817818
0.3735657 0.2935682 0.3328661
0.2327634 0.2747756 0.4924609
0.2497253 0.2896518 0.4606229
0.3885491 0.2326253 0.3788257
0.326305 0.2445153 0.4291797
0.3143759 0.2796881 0.4059359
0.2952942 0.2632397 0.4414661
0.2711727 0.3364147 0.3924126
0.3484538 0.3348582 0.316688
0.4112245 0.2003762 0.3883993
0.3460099 0.240366 0.413624
0.2603748 0.2860724 0.4535529
0.242495 0.3200481 0.4374569
0.3454116 0.2885579 0.3660305
0.2951013 0.2822186 0.4226801
0.3680947 0.3164775 0.3154278
0.2942133 0.329038 0.3767487
0.3302115 0.2575694 0.412219
0.2642906 0.2616514 0.4740581
0.3620397 0.2017186 0.4362417
0.290312 0.3013199 0.4083681
0.3074055 0.3589883 0.3336062
0.3166445 0.2634627 0.4198928
0.2601991 0.3284123 0.4113886
0.358355 0.1996963 0.4419487
0.2385172 0.3062864 0.4551964
0.2998646 0.1768553 0.5232801
0.2252344 0.2505121 0.5242535
0.3757565 0.250334 0.3739095
0.3222598 0.3029962 0.374744
0.3266484 0.2808662 0.3924854
0.301505 0.192475 0.50602
0.296083 0.2602465 0.4436705
0.3426547 0.236085 0.4212603
0.359751 0.2658011 0.3744479
0.2761742 0.2887195 0.4351063
0.2587261 0.2389969 0.502277
0.2755336 0.2677072 0.4567592
0.3350868 0.3133545 0.3515587
0.2685825 0.3306789 0.4007387
0.3282121 0.3117564 0.3600315
0.3425484 0.2796032 0.3778483
0.2784996 0.3699506 0.3515499
0.2608275 0.3447787 0.3943938
0.3095883 0.2710901 0.4193215
0.2940454 0.2454898 0.4604648
0.341863 0.2397865 0.4183505
0.2426861 0.3098274 0.4474865
0.3276575 0.2488598 0.4234827
0.3217027 0.2974534 0.3808438
0.3917813 0.3022803 0.3059384
0.30949 0.269125 0.421385
0.3301251 0.263105 0.40677
0.274433 0.2843074 0.4412595
0.3884172 0.2685295 0.3430534
0.3403259 0.2858885 0.3737856
0.2704592 0.2772226 0.4523181
0.2989325 0.3502118 0.3508557
0.3112077 0.2486922 0.4401001
0.3210022 0.283852 0.3951458
0.2750581 0.3368037 0.3881382
0.3284075 0.2112414 0.4603512
0.4356252 0.2270366 0.3373382
0.3021729 0.3167154 0.3811118
0.2895339 0.3423786 0.3680876
0.285286 0.3349011 0.379813
0.272151 0.2530176 0.4748314
0.4232167 0.2884777 0.2883056
0.3633022 0.2198564 0.4168414
0.3199567 0.3039155 0.3761278
0.216221 0.3919389 0.3918401
0.3079169 0.2962709 0.3958121
0.292253 0.3088842 0.3988628
0.1775242 0.2589815 0.5634943
0.4193213 0.192974 0.3877047
0.3065845 0.3131107 0.3803047
0.3600371 0.2745384 0.3654245
0.3048389 0.2580647 0.4370964
0.3027186 0.3521196 0.3451617
0.3017418 0.3283669 0.3698913
0.3842867 0.28838 0.3273333
0.2861978 0.3168284 0.3969738
0.3660021 0.2551909 0.378807
0.2687168 0.3433312 0.387952
0.3349131 0.2832596 0.3818272
0.3695708 0.2389877 0.3914415
0.3457801 0.2909067 0.3633132
0.307168 0.3440555 0.3487765
0.2949365 0.2597957 0.4452678
0.3203457 0.3048223 0.374832
0.3868817 0.1580327 0.4550857
0.2990465 0.3106269 0.3903267
0.3514231 0.2347807 0.4137962
0.3092217 0.258923 0.4318553
0.3864497 0.2330365 0.3805138
0.2672365 0.3029194 0.429844
0.4554496 0.1953699 0.3491805
0.3147296 0.2745893 0.4106811
0.3227101 0.3059571 0.3713328
0.3456411 0.2690729 0.385286
0.3174857 0.3087948 0.3737195
0.369339 0.2679287 0.3627324
0.3057118 0.3215072 0.372781
0.3818418 0.2335134 0.3846449
0.297196 0.2892514 0.4135525
0.3352566 0.3339781 0.3307653
0.3139019 0.3080166 0.3780815
0.250411 0.3100222 0.4395667
0.2620751 0.3201006 0.4178243
0.3102627 0.2552196 0.4345177
0.2722292 0.1903155 0.5374553
0.3174807 0.2774597 0.4050596
0.3041309 0.2164281 0.479441
0.3501099 0.2331183 0.4167717
0.3050039 0.2735354 0.4214607
0.3354294 0.2508442 0.4137264
0.3258321 0.3126904 0.3614775
0.3598274 0.2640361 0.3761365
0.2272148 0.2995314 0.4732539
0.2690422 0.3000196 0.4309382
0.3884563 0.278231 0.3333128
0.266007 0.2765561 0.4574369
0.2809602 0.3025373 0.4165025
0.2733198 0.2884969 0.4381833
0.2991649 0.3281647 0.3726705
0.2648102 0.2393371 0.4958527
0.2920324 0.2961379 0.4118297
0.3447131 0.2391231 0.4161638
0.2683668 0.3040461 0.4275871
0.3835404 0.2766989 0.3397606
0.38208 0.2692729 0.348647
0.2554473 0.2709558 0.4735969
0.2636784 0.2767157 0.4596059
0.2465669 0.380223 0.3732101
0.2215195 0.3688963 0.4095842
0.2987193 0.2121277 0.489153
0.2697277 0.3680559 0.3622164
0.3701331 0.2566815 0.3731854
0.2271129 0.3313664 0.4415207
0.308094 0.2121899 0.479716
0.3465368 0.3137534 0.3397099
0.2570213 0.3681285 0.3748502
0.3098429 0.272822 0.4173351
0.3324862 0.3238719 0.3436419
0.2935749 0.3014459 0.4049792
0.2866738 0.2715174 0.4418088
0.3062029 0.3209454 0.3728518
0.3002867 0.3218944 0.3778189
0.2919703 0.2879829 0.4200468
0.3037708 0.2890317 0.4071975
0.3569272 0.2433586 0.3997142
0.3383543 0.2243586 0.4372871
0.3281603 0.3286081 0.3432315
0.3498119 0.2742839 0.3759042
0.2827618 0.3451188 0.3721194
0.3575759 0.2099048 0.4325194
0.2924505 0.314909 0.3926405
0.2855491 0.3615735 0.3528773
0.3670009 0.2671211 0.3658779
0.345901 0.2626679 0.3914312
0.3228275 0.2837626 0.3934099
0.3282995 0.2629192 0.4087813
0.3820549 0.2234217 0.3945234
0.2942809 0.3099754 0.3957437
0.3381373 0.1759679 0.4858948
0.2454317 0.2562569 0.4983113
0.2912127 0.260243 0.4485444
0.2373443 0.3560129 0.4066428
0.2804233 0.2582565 0.4613202
0.2629158 0.291959 0.4451252
0.3299223 0.296088 0.3739896
0.2939295 0.2826236 0.423447
0.3313064 0.2770323 0.3916613
0.2680005 0.3229457 0.4090538
0.2769633 0.2747943 0.4482423
0.3200471 0.2651625 0.4147904
0.3183266 0.2866561 0.3950172
0.3019678 0.3644132 0.333619
0.4282464 0.1765102 0.3952434
0.2976323 0.3144681 0.3878996
0.3107885 0.2911079 0.3981036
0.3270337 0.295199 0.3777673
0.2988265 0.3131297 0.3880437
0.3124473 0.2424545 0.4450982
0.3304896 0.3260043 0.3435061
0.3468313 0.2055839 0.4475848
0.3392803 0.300881 0.3598386
0.3239958 0.2844013 0.3916029
0.4100782 0.2568952 0.3330265
0.3042687 0.2340938 0.4616375
0.35325 0.3091652 0.3375848
0.2825325 0.2675415 0.449926
0.2627229 0.3239543 0.4133228
0.2955789 0.3113142 0.393107
0.2845542 0.2797156 0.4357302
0.3039061 0.3703413 0.3257526
0.4091183 0.1736086 0.4172731
0.3275124 0.3804369 0.2920506
0.2894129 0.3008556 0.4097315
0.2455207 0.3277018 0.4267775
0.287381 0.337986 0.374633
0.309049 0.2522307 0.4387203
0.2406248 0.3011577 0.4582175
0.3430777 0.2789497 0.3779725
0.3880862 0.2805 0.3314139
0.3542705 0.2759978 0.3697317
0.2894331 0.3416864 0.3688805
0.3270343 0.2358802 0.4370855
0.313859 0.2898704 0.3962706
0.3008983 0.243993 0.4551088
0.3544689 0.2143827 0.4311484
0.3812691 0.2184324 0.4002984
0.3244656 0.2291537 0.4463806
0.2774889 0.2345416 0.4879696
0.3619796 0.2335487 0.4044717
0.3478367 0.2443159 0.4078474
0.3764911 0.2636404 0.3598685
0.3234909 0.232509 0.4440002
0.3160426 0.414999 0.2689585
0.3308253 0.2429938 0.4261809
0.3450476 0.2702032 0.3847492
0.3158621 0.2693069 0.414831
0.2951851 0.3197151 0.3850998
0.2791547 0.3746226 0.3462227
0.2635325 0.291098 0.4453694
0.3770691 0.1919288 0.4310021
0.3394931 0.2994862 0.3610207
0.2380048 0.3389133 0.4230819
0.3850791 0.2681067 0.3468141
0.2873741 0.3508232 0.3618027
0.349535 0.2630922 0.3873727
0.2948519 0.1867036 0.5184445
0.2967382 0.2908945 0.4123673
0.3107193 0.2818029 0.4074778
0.305145 0.2541477 0.4407074
0.317485 0.2602387 0.4222762
0.2696998 0.2976938 0.4326064
0.3685799 0.2715714 0.3598487
0.3045877 0.2514653 0.4439469
0.3182373 0.2763726 0.4053901
0.3665569 0.2866147 0.3468283
0.3159784 0.2991145 0.3849071
0.3682077 0.2189314 0.4128609
0.3670774 0.3189409 0.3139816
0.2836753 0.2951028 0.4212219
0.3718991 0.238367 0.3897339
0.2283398 0.2604239 0.5112363
0.326052 0.1954169 0.4785311
0.3401303 0.2692641 0.3906056
0.3104735 0.2459532 0.4435734
0.3645458 0.2547633 0.3806909
0.3266882 0.3100804 0.3632314
0.2971848 0.2682257 0.4345895
0.3431367 0.1964497 0.4604136
0.2881521 0.2959872 0.4158607
0.3775191 0.287814 0.3346669
0.3147888 0.2565427 0.4286685
0.3386263 0.2972853 0.3640884
0.2678293 0.3145618 0.4176089
0.2566435 0.278884 0.4644725
0.3157459 0.2453473 0.4389068
0.2585411 0.3070582 0.4344007
0.3150471 0.2693414 0.4156115
0.2645682 0.2467776 0.4886541
0.2804489 0.2749932 0.444558
0.2583602 0.2960652 0.4455745
0.2469375 0.3557367 0.3973259
0.3434456 0.2541856 0.4023688
0.3368938 0.3112647 0.3518416
0.3166182 0.3585173 0.3248646
0.3473801 0.2977169 0.3549029
0.3431489 0.2938759 0.3629752
0.278909 0.260299 0.460792
0.3597017 0.2502536 0.3900447
0.2393861 0.2882817 0.4723322
0.2294349 0.3373368 0.4332283
0.2276841 0.3368714 0.4354445
0.288404 0.2929536 0.4186424
0.297033 0.2988866 0.4040804
0.3076563 0.3114321 0.3809116
0.3340614 0.2546175 0.4113211
0.3538675 0.2557436 0.390389
0.2696844 0.2800508 0.4502647
0.3807741 0.272387 0.3468389
0.3565758 0.2500929 0.3933313
0.3461457 0.1955707 0.4582836
0.3234496 0.338161 0.3383894
0.2651273 0.2149809 0.5198918
0.3022155 0.2407345 0.45705
0.3269278 0.3190814 0.3539908
0.2789477 0.3117555 0.4092969
0.3778681 0.2051782 0.4169537
0.3709209 0.256923 0.3721561
0.3077395 0.3138896 0.3783709
0.3278178 0.2885549 0.3836273
0.2191141 0.383425 0.3974609
0.281044 0.293002 0.425954
0.3205602 0.1947323 0.4847076
0.2845648 0.2514217 0.4640135
0.4112687 0.2370983 0.351633
0.2649978 0.3357611 0.3992411
0.2441774 0.2676467 0.4881759
0.247776 0.3441675 0.4080565
0.3184397 0.3125756 0.3689847
0.2599998 0.3499293 0.3900709
0.3049502 0.4004091 0.2946407
0.2510693 0.3137878 0.4351429
0.3694601 0.2770786 0.3534614
0.2782359 0.2889969 0.4327672
0.2529494 0.3289293 0.4181213
0.3747786 0.2252466 0.3999748
0.3490511 0.271343 0.3796059
0.3205256 0.2955632 0.3839112
0.2374422 0.264214 0.4983437
0.3225075 0.2280023 0.4494901
0.3173048 0.2814634 0.4012318
0.2550016 0.2617523 0.4832461
0.3820424 0.2493514 0.3686062
0.3648782 0.1956733 0.4394486
0.2879468 0.3386145 0.3734386
0.2707248 0.3769518 0.3523235
0.3312224 0.2621266 0.4066511
0.3006678 0.350853 0.3484792
0.2528191 0.3440159 0.4031651
0.3145871 0.3123914 0.3730215
0.3470487 0.2333365 0.4196147
0.3337652 0.2932054 0.3730294
0.3253559 0.2004471 0.474197
0.2330466 0.3597554 0.407198
0.27209 0.3499507 0.3779593
0.2352942 0.3298744 0.4348314
0.2954068 0.257576 0.4470171
0.3155939 0.2905676 0.3938385
0.3107749 0.2521072 0.4371179
0.35071 0.2346107 0.4146793
0.3676862 0.2078801 0.4244337
0.2371025 0.3273046 0.4355929
0.2773018 0.3318393 0.3908589
0.2445562 0.3757696 0.3796742
0.3092725 0.2833807 0.4073468
0.3195326 0.269732 0.4107354
0.3765357 0.232961 0.3905033
0.2060221 0.3014723 0.4925055
0.2406514 0.2857227 0.4736259
0.3186576 0.2441987 0.4371437
0.2616228 0.2874128 0.4509645
0.3148443 0.2848567 0.400299
0.3204471 0.2907639 0.388789
0.324125 0.2868744 0.3890006
0.2735042 0.3623922 0.3641035
0.2778881 0.2115421 0.5105697
0.3040314 0.2811605 0.4148081
0.2083177 0.2875762 0.504106
0.2896024 0.2550699 0.4553277
0.2739163 0.307909 0.4181747
0.295774 0.2860388 0.4181872
0.2426136 0.2754232 0.4819633
0.3718104 0.1898103 0.4383793
0.2749451 0.2984568 0.4265981
0.3491779 0.2718825 0.3789396
0.2874259 0.3033618 0.4092123
0.2640522 0.2643859 0.4715619
0.3531784 0.2348448 0.4119768
0.3661232 0.2936236 0.3402532
0.3868208 0.2394099 0.3737692
0.3211173 0.2773942 0.4014884
0.3317283 0.2746066 0.3936651
0.2634351 0.2722391 0.4643258
0.2826426 0.2742847 0.4430727
0.2793777 0.2638794 0.4567428
0.3517622 0.2305474 0.4176904
0.2973067 0.2688582 0.4338352
0.2899363 0.2398406 0.4702231
0.3454241 0.2645723 0.3900036
0.2785423 0.3168805 0.4045772
0.3588055 0.3044911 0.3367033
0.330062 0.3375067 0.3324313
0.3799182 0.2287987 0.3912831
0.2829923 0.288403 0.4286047
0.3408762 0.2926744 0.3664494
0.4549038 0.2053035 0.3397926
0.3031963 0.2651546 0.4316491
0.2816509 0.3137377 0.4046114
0.3434538 0.2676353 0.3889109
0.2987277 0.2699196 0.4313528
0.3271503 0.294385 0.3784647
0.304202 0.2623086 0.4334894
0.3208111 0.2554624 0.4237265
0.321176 0.2525452 0.4262788
0.3107538 0.2636361 0.4256101
0.3045355 0.3080816 0.3873829
0.3462564 0.3067686 0.346975
0.3695623 0.2832896 0.3471481
0.2965983 0.2565641 0.4468376
0.2590025 0.3139855 0.427012
0.2639313 0.2737775 0.4622912
0.3892837 0.2235055 0.3872108
0.3042499 0.3346289 0.3611212
0.2353499 0.314706 0.4499441
0.2518187 0.2960604 0.4521208
0.2879419 0.2996456 0.4124126
0.3159124 0.2593115 0.424776
0.3220891 0.2645023 0.4134087
0.2716858 0.3377643 0.3905499
0.2931646 0.2431198 0.4637156
0.3645657 0.2485235 0.3869107
0.3815341 0.2454609 0.373005
0.2860766 0.2861132 0.4278101
0.3306539 0.268073 0.4012731
0.3128098 0.2047928 0.4823975
0.1852334 0.3696849 0.4450817
0.308154 0.2557264 0.4361196
0.299749 0.319547 0.380704
0.3544157 0.1747884 0.4707959
0.3179289 0.2954131 0.386658
0.3248315 0.265906 0.4092626
0.2568452 0.2710705 0.4720843
0.377834 0.2531385 0.3690275
0.2818363 0.3346719 0.3834918
0.272308 0.3041456 0.4235464
0.3135059 0.2606014 0.4258928
0.3014856 0.2568124 0.441702
0.2424856 0.2373476 0.5201668
0.3490055 0.3282108 0.3227837
0.3892531 0.1555795 0.4551674
0.3438586 0.2877898 0.3683516
0.2979992 0.3693021 0.3326987
0.212755 0.3352114 0.4520336
0.3662159 0.2662676 0.3675165
0.2679762 0.2632222 0.4688016
0.4076812 0.2069334 0.3853854
0.2894542 0.2625839 0.4479618
0.3408167 0.272561 0.3866223
0.2705376 0.3212075 0.4082549
0.3201443 0.292092 0.3877637
0.4129421 0.2404662 0.3465917
0.343505 0.2848957 0.3715992
0.3060929 0.2856906 0.4082165
0.2774395 0.3230686 0.3994919
0.2433725 0.2829243 0.4737032
0.3436383 0.2837096 0.3726521
0.2755978 0.2541092 0.470293
0.3333845 0.2957394 0.3708762
0.299129 0.2511188 0.4497521
0.3451971 0.2339335 0.4208693
0.2520931 0.2599478 0.4879591
0.2662094 0.3192095 0.4145811
0.3278505 0.2923366 0.3798128
0.3090092 0.2545188 0.436472
0.2574464 0.2860826 0.456471
0.3851194 0.225452 0.3894285
0.3964339 0.2243494 0.3792167
0.3292034 0.3138234 0.3569733
0.2959378 0.2224999 0.4815623
0.2881547 0.3282549 0.3835904
0.334792 0.1766938 0.4885142
0.3210782 0.3257154 0.3532064
0.2285455 0.2866657 0.4847888
0.3518082 0.2918613 0.3563306
0.3479809 0.2687423 0.3832768
0.3679722 0.2306299 0.4013979
0.2735613 0.247634 0.4788046
0.3316416 0.2704464 0.397912
0.3036305 0.325607 0.3707625
0.2485882 0.3016398 0.449772
0.3512283 0.3164691 0.3323026
0.2975948 0.2856438 0.4167614
0.353866 0.2654382 0.3806957
0.31661 0.25075 0.4326401
0.2718825 0.2740275 0.45409
0.2939803 0.2082073 0.4978124
0.2932328 0.3332429 0.3735243
0.3465616 0.2285533 0.4248851
0.3480291 0.2238875 0.4280834
0.2748144 0.293102 0.4320835
0.3455782 0.2674836 0.3869382
0.3161484 0.2564664 0.4273852
0.351611 0.2443777 0.4040112
0.3968684 0.297259 0.3058726
0.3173998 0.2782546 0.4043455
0.2653532 0.3056169 0.4290299
0.3327279 0.294195 0.373077
0.3130599 0.2289842 0.4579559
0.3989399 0.2407449 0.3603151
0.2912916 0.3021474 0.406561
0.2517088 0.2621032 0.486188
0.3089158 0.3058688 0.3852154
0.2505674 0.3703429 0.3790897
0.3371593 0.2425739 0.4202668
0.3349818 0.2852252 0.379793
0.3320924 0.2308736 0.437034
0.2890159 0.2327046 0.4782795
0.3101135 0.2724685 0.4174181
0.3081406 0.2443401 0.4475193
0.3393048 0.2761674 0.3845277
0.2748813 0.3146864 0.4104323
0.3931218 0.2303681 0.3765101
0.2448076 0.4380051 0.3171873
0.2702879 0.285533 0.4441791
0.3586114 0.2060245 0.4353641
0.274058 0.2987903 0.4271517
0.3571009 0.1678398 0.4750594
0.3319106 0.2711599 0.3969296
0.3292492 0.3272927 0.3434581
0.2750388 0.2162676 0.5086935
0.3454158 0.2840471 0.3705371
0.2843664 0.3134424 0.4021912
0.3100506 0.2099428 0.4800065
0.2431497 0.3176972 0.4391531
0.2891035 0.2551531 0.4557433
0.3088191 0.2448903 0.4462907
0.3274041 0.2784786 0.3941173
0.4112918 0.230543 0.3581651
0.4503328 0.2531103 0.296557
0.3411169 0.2791855 0.3796977
0.277131 0.3106145 0.4122545
0.2639109 0.3465546 0.3895345
0.2991333 0.3109805 0.3898862
0.3245512 0.2685719 0.4068769
0.284364 0.3577483 0.3578876
0.2791442 0.2510976 0.4697583
0.2126053 0.2428667 0.544528
0.3195242 0.2734765 0.4069994
0.2658239 0.2931802 0.4409959
0.2526589 0.2493752 0.4979658
0.3097255 0.22789 0.4623845
0.3155407 0.2640796 0.4203797
0.2417053 0.3155789 0.4427158
0.3022225 0.2856515 0.412126
0.2934797 0.382527 0.3239933
0.4226864 0.2333891 0.3439245
0.3369686 0.2364639 0.4265675
0.3157431 0.2768951 0.4073617
0.3856028 0.2632881 0.3511091
0.3355651 0.3026803 0.3617545
0.3027616 0.2928363 0.404402
0.3107369 0.2618322 0.4274309
0.2551108 0.2988101 0.4460791
0.2880985 0.2559317 0.4559698
0.3349114 0.2403909 0.4246977
0.3250075 0.2677932 0.4071993
0.3632726 0.2706742 0.3660532
0.2857921 0.2924085 0.4217994
0.2709206 0.3185222 0.4105572
0.2932029 0.3274933 0.3793037
0.2441283 0.3063287 0.449543
0.3286502 0.30861 0.3627398
0.2988879 0.3043678 0.3967443
0.3887729 0.2896674 0.3215597
0.3357625 0.2739607 0.3902768
0.3125626 0.2934394 0.393998
0.2924083 0.3705961 0.3369955
0.2931288 0.3455527 0.3613185
0.3537987 0.2635871 0.3826141
0.2952896 0.3154863 0.3892241
0.3851346 0.2549665 0.3598989
0.3321957 0.2755596 0.3922447
0.2995048 0.3372003 0.3632948
0.3572669 0.2956182 0.3471149
0.2403694 0.3458186 0.413812
0.3662552 0.2164114 0.4173334
0.2819733 0.3026685 0.4153581
0.245234 0.2544594 0.5003065
0.2846464 0.2525977 0.4627559
0.2994503 0.2740699 0.4264798
0.3238227 0.1991396 0.4770377
0.3045925 0.2668615 0.4285459
0.3130789 0.2593361 0.427585
0.3788169 0.2564407 0.3647424
0.2937499 0.1916007 0.5146493
0.2869149 0.2853824 0.4277027
0.2406831 0.2504366 0.5088803
0.285934 0.2843254 0.4297406
0.3069573 0.2328493 0.4601934
0.2792718 0.2406605 0.4800677
0.4108841 0.2580006 0.3311153
0.3118411 0.3201448 0.3680141
0.3569455 0.1913608 0.4516937
0.3445563 0.247005 0.4084387
0.3214242 0.3136309 0.364945
0.2910109 0.3219872 0.3870019
0.307412 0.2620947 0.4304934
0.2611933 0.3077268 0.4310799
0.2832393 0.3267016 0.3900591
0.335958 0.2218707 0.4421713
0.3579414 0.297941 0.3441176
0.3304848 0.2896404 0.3798748
0.3175466 0.188136 0.4943173
0.2920427 0.243751 0.4642063
0.3637952 0.3467893 0.2894155
0.2736407 0.3949966 0.3313626
0.2935868 0.2639433 0.4424699
0.2936788 0.3570194 0.3493018
0.3710442 0.2259119 0.4030439
0.3225937 0.2442358 0.4331705
0.3264387 0.2384855 0.4350758
0.3614803 0.2487675 0.3897522
0.3136996 0.2438338 0.4424666
0.3203538 0.3395257 0.3401205
0.2829731 0.2532396 0.4637873
0.247736 0.2476038 0.5046602
0.3125732 0.3053025 0.3821243
0.3649149 0.2741053 0.3609798
0.3224387 0.2840772 0.3934841
0.236529 0.3693081 0.3941629
0.274985 0.3163024 0.4087125
0.3586289 0.2700343 0.3713369
0.3661352 0.225615 0.4082499
0.2344273 0.3161154 0.4494572
0.3310608 0.2637397 0.4051994
0.3681465 0.2706553 0.3611981
0.2758142 0.3519349 0.3722509
0.3173977 0.2439103 0.438692
0.2432236 0.3380185 0.418758
0.3401629 0.2877394 0.3720977
0.2673657 0.319969 0.4126653
0.2307378 0.2710205 0.4982417
0.2675324 0.2526561 0.4798115
0.2017927 0.3743068 0.4239004
0.3583286 0.26679 0.3748814
0.2803238 0.3348191 0.3848572
0.2855926 0.2654357 0.4489718
0.2357494 0.268985 0.4952656
0.2927839 0.2929726 0.4142434
0.2786637 0.2975324 0.4238039
0.208596 0.3320256 0.4593784
0.3438765 0.2562284 0.3998952
0.4002559 0.2547964 0.3449477
0.2538413 0.3029753 0.4431834
0.2921712 0.2872053 0.4206235
0.2737364 0.2134482 0.5128154
0.2837053 0.3339483 0.3823464
0.2741029 0.3070692 0.418828
0.2876399 0.2739778 0.4383823
0.2697354 0.2596769 0.4705877
0.3885532 0.2695531 0.3418938
0.2835137 0.3339495 0.3825368
0.329756 0.3318927 0.3383513
0.3240966 0.2608744 0.415029
0.3091844 0.277308 0.4135076
0.3651368 0.2428076 0.3920555
0.3300929 0.2396112 0.4302959
0.2780518 0.3848861 0.3370621
0.3427837 0.2325713 0.424645
0.3394972 0.2836029 0.3768999
0.3192082 0.2648508 0.415941
0.336832 0.312197 0.350971
0.2919903 0.2678495 0.4401603
0.3878573 0.1848185 0.4273241
0.2894935 0.2619449 0.4485616
0.4032862 0.2538817 0.3428321
0.4134292 0.2323394 0.3542315
0.2420892 0.3105813 0.4473295
0.270618 0.2787311 0.4506509
0.3165658 0.2815497 0.4018846
0.2810114 0.3799732 0.3390154
0.2770771 0.3047118 0.4182112
0.2589745 0.2256796 0.5153459
0.3267819 0.2687633 0.4044549
0.2985167 0.2460783 0.455405
0.4137213 0.1876437 0.398635
0.3850716 0.2363229 0.3786055
0.3893372 0.257662 0.3530008
0.2406586 0.3785147 0.3808267
0.3168898 0.3253066 0.3578036
0.2285738 0.3273378 0.4440883
0.2318734 0.2885061 0.4796205
0.2761933 0.3487932 0.3750135
0.3254002 0.2494804 0.4251194
0.3422687 0.2583546 0.3993767
0.3986001 0.1708695 0.4305304
0.3069832 0.2056122 0.4874047
0.2801417 0.2987257 0.4211326
0.2682055 0.3471627 0.3846318
0.3231284 0.2591973 0.4176743
0.2500679 0.2781892 0.4717429
0.2961324 0.2404155 0.4634521
0.2809356 0.197047 0.5220174
0.4075569 0.2021981 0.390245
0.3403562 0.3313105 0.3283333
0.332362 0.2514555 0.4161825
0.3227281 0.3105266 0.3667453
0.2680278 0.3497826 0.3821896
0.3233103 0.2555789 0.4211108
0.3368847 0.2981779 0.3649374
0.3013668 0.3391666 0.3594667
0.3102924 0.4021039 0.2876037
0.2693504 0.3745465 0.3561031
0.3412064 0.3050184 0.3537752
0.3231289 0.3140591 0.362812
0.3812784 0.1991176 0.419604
0.3902848 0.1950599 0.4146553
