"p_1" "p_2" "p_3"
0.05610418 0.8065791 0.1373167
0.05723237 0.7751178 0.1676499
0.06393656 0.7720491 0.1640144
0.05426638 0.784744 0.1609896
0.05972523 0.7702928 0.169982
0.06042962 0.7570321 0.1825383
0.05073585 0.7883841 0.1608801
0.05011746 0.7734565 0.176426
0.05241673 0.7925322 0.1550511
0.04001214 0.7919394 0.1680485
0.04665539 0.7772859 0.1760587
0.06324211 0.7900631 0.1466948
0.06326361 0.7834981 0.1532383
0.05301863 0.7685821 0.1783993
0.06060707 0.77023 0.1691629
0.05653019 0.7732112 0.1702586
0.05355905 0.7905974 0.1558435
0.04825314 0.7876873 0.1640595
0.06267595 0.7685243 0.1687997
0.05029048 0.7775451 0.1721644
0.05411012 0.7958133 0.1500766
0.05996593 0.7767921 0.1632419
0.04741213 0.8156251 0.1369628
0.04447046 0.7745377 0.1809918
0.06334664 0.7662957 0.1703577
0.06032584 0.7948762 0.1447979
0.06375039 0.748831 0.1874186
0.06174052 0.752399 0.1858605
0.05949171 0.8058111 0.1346971
0.05314361 0.7814923 0.1653641
0.05893274 0.7961681 0.1448991
0.05279142 0.8014425 0.145766
0.05822636 0.7670458 0.1747278
0.04930323 0.7750755 0.1756213
0.05940866 0.8010229 0.1395684
0.05175077 0.7873043 0.1609449
0.05126681 0.7709927 0.1777405
0.06009399 0.7775085 0.1623975
0.06384462 0.7681551 0.1680002
0.04729609 0.7892566 0.1634473
0.05438569 0.7808193 0.164795
0.0467384 0.7897469 0.1635147
0.05920025 0.7640868 0.176713
0.06143066 0.7811129 0.1574564
0.05228489 0.7943361 0.153379
0.06280107 0.7622574 0.1749415
0.05922567 0.7877162 0.1530582
0.0543171 0.781938 0.1637449
0.05558166 0.7617307 0.1826876
0.04120196 0.7874569 0.1713411
0.0491892 0.797501 0.1533098
0.04148307 0.8112297 0.1472873
0.04938345 0.7987064 0.1519102
0.05304866 0.7730095 0.1739418
0.0602825 0.7585264 0.1811911
0.04141765 0.7770258 0.1815565
0.05953894 0.7898279 0.1506331
0.05272282 0.7703925 0.1768847
0.04848665 0.7804523 0.171061
0.0565091 0.7859872 0.1575037
0.03674739 0.7856964 0.1775562
0.05626491 0.7935327 0.1502024
0.06026853 0.7880714 0.1516601
0.05077064 0.798391 0.1508383
0.04399046 0.7894909 0.1665186
0.05224868 0.7844301 0.1633212
0.05228039 0.7849036 0.162816
0.06233781 0.7757238 0.1619384
0.05475398 0.7786959 0.1665502
0.0643545 0.7579133 0.1777322
0.06139193 0.7523935 0.1862146
0.052116 0.7904875 0.1573965
0.04838717 0.7997855 0.1518273
0.05970505 0.7768928 0.1634022
0.0800151 0.7717431 0.1482418
0.06136124 0.7747225 0.1639162
0.05702642 0.7736818 0.1692918
0.04929767 0.7886815 0.1620208
0.04724776 0.7807942 0.1719581
0.04772689 0.7756472 0.1766259
0.05447798 0.7844516 0.1610704
0.05030285 0.781524 0.1681731
0.06303716 0.7757619 0.1612009
0.05424655 0.7636001 0.1821534
0.05129943 0.7846201 0.1640805
0.05232316 0.7820576 0.1656192
0.05888689 0.8070993 0.1340138
0.05114032 0.7918774 0.1569823
0.05056456 0.7860843 0.1633512
0.04846449 0.8123643 0.1391712
0.0642613 0.7727188 0.1630199
0.04576524 0.7867255 0.1675092
0.07224318 0.7622778 0.165479
0.05812512 0.7784925 0.1633824
0.05458881 0.755729 0.1896822
0.05722821 0.7734405 0.1693313
0.05532584 0.7778977 0.1667765
0.04878391 0.7935115 0.1577046
0.05175264 0.7762617 0.1719857
0.05071366 0.7957249 0.1535614
0.05297188 0.7884449 0.1585832
0.04775605 0.7786315 0.1736125
0.05569118 0.7747366 0.1695723
0.04333328 0.7871053 0.1695614
0.05075543 0.7707515 0.1784931
0.04855315 0.7537196 0.1977272
0.05470897 0.7701234 0.1751676
0.06449797 0.7501573 0.1853447
0.06163233 0.7792968 0.1590709
0.04692086 0.7970385 0.1560406
0.05221491 0.7936135 0.1541716
0.04553455 0.7858977 0.1685677
0.05596054 0.7926503 0.1513891
0.06928137 0.7801248 0.1505938
0.06675178 0.7730884 0.1601599
0.051607 0.7727215 0.1756715
0.04808581 0.7829341 0.1689801
0.05636629 0.7607973 0.1828364
0.04926233 0.7926418 0.1580959
0.0624127 0.7745642 0.1630231
0.04832431 0.7835668 0.1681088
0.05616731 0.7870753 0.1567574
0.0365984 0.8187799 0.1446217
0.04821306 0.7935813 0.1582056
0.04883584 0.7824002 0.1687639
0.04667316 0.803782 0.1495448
0.04218558 0.8041999 0.1536146
0.05219966 0.7852593 0.1625411
0.04581224 0.7760235 0.1781642
0.05941565 0.7740394 0.166545
0.05811436 0.7830009 0.1588848
0.05093798 0.777912 0.17115
0.05333485 0.7549854 0.1916798
0.04741689 0.8063302 0.1462529
0.05035975 0.7692011 0.1804391
0.04782912 0.8012266 0.1509443
0.05143974 0.7752923 0.173268
0.04488137 0.8021128 0.1530059
0.05110711 0.793254 0.1556388
0.0519372 0.7934687 0.1545941
0.06137294 0.7818359 0.1567911
0.04906306 0.7703327 0.1806042
0.05812075 0.7654055 0.1764737
0.06547343 0.762622 0.1719045
0.05581565 0.8043416 0.1398428
0.0485294 0.7985142 0.1529564
0.05364701 0.7772229 0.16913
0.04728583 0.7855339 0.1671803
0.04921553 0.794952 0.1558325
0.04992222 0.7702433 0.1798345
0.05121295 0.7742124 0.1745746
0.06336091 0.7848219 0.1518172
0.05887896 0.7928543 0.1482668
0.04155847 0.812582 0.1458596
0.06889502 0.7788231 0.1522819
0.05244858 0.756687 0.1908644
0.05889249 0.7866492 0.1544583
0.07367235 0.7638931 0.1624346
0.05619267 0.7823014 0.161506
0.05598779 0.7911559 0.1528563
0.05846866 0.7709523 0.1705791
0.04902211 0.7497767 0.2012012
0.06587623 0.7966637 0.1374601
0.05158312 0.7722548 0.1761621
0.05587714 0.7815701 0.1625528
0.05526135 0.7674765 0.1772622
0.07007679 0.7615628 0.1683604
0.0453733 0.7886542 0.1659725
0.04656303 0.7951666 0.1582704
0.05176651 0.7856769 0.1625566
0.0495894 0.7647205 0.1856901
0.06137879 0.7819112 0.15671
0.0684642 0.7498448 0.181691
0.06290247 0.7701134 0.1669841
0.07186884 0.7792539 0.1488773
0.06128794 0.7961889 0.1425231
0.05829994 0.7635801 0.17812
0.05720729 0.7902683 0.1525244
0.0580906 0.7825594 0.15935
0.0541033 0.7749404 0.1709563
0.05265717 0.7748325 0.1725104
0.05432797 0.7882056 0.1574664
0.0519786 0.7922762 0.1557452
0.05646962 0.7922226 0.1513077
0.04953807 0.7784052 0.1720567
0.05560358 0.7560121 0.1883843
0.06119541 0.7641644 0.1746402
0.04322501 0.7969076 0.1598674
0.0595915 0.776737 0.1636715
0.05684713 0.7818558 0.1612971
0.06238362 0.7689678 0.1686485
0.05273247 0.7848586 0.1624089
0.05821173 0.7982218 0.1435665
0.04792491 0.7982677 0.1538074
0.05522513 0.7943126 0.1504623
0.06135382 0.7799625 0.1586837
0.05479786 0.7871443 0.1580578
0.05876757 0.8064272 0.1348053
0.04831362 0.771851 0.1798354
0.05342481 0.7824215 0.1641536
0.04516477 0.7936174 0.1612178
0.05795997 0.7677354 0.1743046
0.05217028 0.8131782 0.1346515
0.03984349 0.7823731 0.1777834
0.06081484 0.8023129 0.1368723
0.06048151 0.7868898 0.1526287
0.05354801 0.7783498 0.1681022
0.05121513 0.789803 0.1589819
0.03954846 0.7867671 0.1736844
0.04705993 0.7890767 0.1638634
0.05485288 0.7681976 0.1769495
0.05755662 0.7912566 0.1511868
0.05294243 0.7707062 0.1763513
0.05434085 0.7780414 0.1676178
0.05980366 0.7766856 0.1635107
0.07126289 0.7552501 0.173487
0.05521607 0.7921767 0.1526072
0.05920423 0.7618418 0.1789539
0.05994307 0.7691877 0.1708692
0.05520831 0.7714842 0.1733074
0.043642 0.7890033 0.1673547
0.05906299 0.7887136 0.1522234
0.05884662 0.7760558 0.1650976
0.05166989 0.7772281 0.171102
0.05606333 0.7862076 0.157729
0.05982257 0.7777853 0.1623922
0.05323102 0.7805824 0.1661866
0.05457945 0.7958317 0.1495889
0.06552815 0.7800549 0.154417
0.04846206 0.8024292 0.1491087
0.04671421 0.7746534 0.1786324
0.05646923 0.7760818 0.167449
0.0557284 0.7690857 0.1751859
0.06681295 0.7698374 0.1633497
0.06048037 0.7723566 0.167163
0.05375858 0.7789278 0.1673136
0.04916956 0.7938743 0.1569562
0.05591558 0.7750049 0.1690795
0.0419896 0.7902402 0.1677702
0.05785527 0.7969098 0.1452349
0.05151945 0.7895953 0.1588853
0.05199863 0.7906055 0.1573959
0.05749073 0.7655058 0.1770035
0.05187238 0.7913998 0.1567279
0.04959465 0.7776387 0.1727666
0.05347686 0.7855566 0.1609665
0.04940898 0.7934859 0.1571051
0.05174813 0.7908951 0.1573568
0.06074185 0.7520579 0.1872002
0.05168701 0.7842874 0.1640256
0.04563722 0.8223886 0.1319742
0.05300374 0.7846269 0.1623694
0.05740549 0.774527 0.1680675
0.05127073 0.7813337 0.1673956
0.05931593 0.8119338 0.1287503
0.05805869 0.7836993 0.158242
0.06760409 0.7763496 0.1560463
0.05701277 0.7934386 0.1495486
0.06470675 0.7769521 0.1583412
0.0499428 0.7685071 0.1815501
0.05919547 0.772111 0.1686935
0.04620255 0.7781371 0.1756603
0.0646396 0.7658912 0.1694692
0.0473164 0.7858014 0.1668822
0.05379158 0.7888368 0.1573716
0.05160494 0.7913752 0.1570199
0.06432267 0.7806841 0.1549933
0.06580758 0.7705934 0.163599
0.04802446 0.8026013 0.1493742
0.04599943 0.8042104 0.1497902
0.04350848 0.768842 0.1876495
0.05910433 0.7857189 0.1551768
0.04968358 0.7737497 0.1765667
0.05329561 0.7710566 0.1756478
0.04885908 0.8034214 0.1477195
0.04193577 0.7716422 0.186422
0.05003422 0.7883328 0.161633
0.05102672 0.7722518 0.1767215
0.05988032 0.7796636 0.1604561
0.05141849 0.7976948 0.1508867
0.04430256 0.7791123 0.1765851
0.03875415 0.7781498 0.1830961
0.06037646 0.7668986 0.172725
0.05649229 0.7784356 0.1650721
0.04532938 0.8006908 0.1539799
0.0424172 0.800354 0.1572288
0.05356241 0.7938215 0.1526161
0.05339276 0.7941106 0.1524966
0.05902082 0.763504 0.1774752
0.04566818 0.7985579 0.1557739
0.04500466 0.7843662 0.1706291
0.06944914 0.7636558 0.1668951
0.06056491 0.7998999 0.1395352
0.0710487 0.7594205 0.1695308
0.04784247 0.7854988 0.1666587
0.07528443 0.7767621 0.1479535
0.06324378 0.7781504 0.1586058
0.04955044 0.8069451 0.1435045
0.05808245 0.7921404 0.1497772
0.05849034 0.7763876 0.165122
0.04681235 0.7833838 0.1698039
0.05545177 0.7593083 0.18524
0.05088023 0.7914192 0.1577005
0.04970531 0.8108643 0.1394304
0.04444185 0.7954511 0.160107
0.04421788 0.7920226 0.1637595
0.06601445 0.7578376 0.1761479
0.05091995 0.7759633 0.1731168
0.06117962 0.775021 0.1637994
0.05617288 0.7915343 0.1522928
0.04393862 0.7773022 0.1787592
0.05239295 0.7975679 0.1500392
0.05965313 0.7753765 0.1649704
0.05230422 0.7950039 0.1526919
0.04925682 0.7845825 0.1661606
0.07242563 0.7596382 0.1679362
0.05781078 0.785368 0.1568212
0.04696919 0.7903757 0.1626551
0.07767204 0.7559175 0.1664104
0.05537389 0.7918835 0.1527426
0.05906238 0.7718193 0.1691183
0.05945088 0.7542039 0.1863452
0.05456583 0.7918229 0.1536113
0.0495687 0.7877475 0.1626838
0.04420144 0.784585 0.1712135
0.05464016 0.7908324 0.1545275
0.06363964 0.7831261 0.1532343
0.05643919 0.7681098 0.175451
0.06028795 0.7625276 0.1771844
0.05946385 0.7711342 0.1694019
0.05112698 0.7751149 0.1737581
0.06678551 0.7590373 0.1741772
0.06262618 0.7742263 0.1631475
0.05143893 0.798159 0.1504021
0.06047874 0.7848682 0.1546531
0.06451382 0.7812291 0.1542571
0.04786805 0.7795517 0.1725802
0.05698091 0.7603028 0.1827163
0.05702301 0.773206 0.169771
0.06192447 0.7797002 0.1583754
0.05723165 0.7837648 0.1590035
0.0569665 0.7548845 0.188149
0.05978256 0.7561821 0.1840353
0.0574431 0.7956991 0.1468578
0.04961179 0.7777605 0.1726277
0.0593041 0.7988171 0.1418788
0.05700262 0.7780687 0.1649287
0.05298041 0.7785453 0.1684743
0.05222358 0.7848111 0.1629653
0.057742 0.7889852 0.1532728
0.04845294 0.783696 0.1678511
0.05009914 0.7743935 0.1755074
0.04803127 0.7927819 0.1591869
0.0405775 0.7979153 0.1615072
0.04847765 0.7875081 0.1640142
0.06978426 0.7687101 0.1615056
0.05259566 0.7721621 0.1752422
0.05662 0.7748834 0.1684966
0.05738911 0.766321 0.1762899
0.06118892 0.7743789 0.1644321
0.04894217 0.7815893 0.1694685
0.04608589 0.7921353 0.1617788
0.05332137 0.7589589 0.1877197
0.04765942 0.8037496 0.148591
0.06693901 0.7492735 0.1837875
0.06692403 0.7723657 0.1607103
0.06918988 0.7767745 0.1540356
0.05263935 0.7979868 0.1493738
0.05300145 0.7874101 0.1595885
0.05820981 0.7815049 0.1602853
0.05111657 0.7832903 0.1655932
0.05302096 0.773415 0.173564
0.04950853 0.7874844 0.1630071
0.05442518 0.7900577 0.1555171
0.04476127 0.7634861 0.1917526
0.06518828 0.7827801 0.1520316
0.05858059 0.7813899 0.1600295
0.04782436 0.7913848 0.1607908
0.05829178 0.7655542 0.176154
0.06750908 0.7777127 0.1547782
0.06163772 0.7540046 0.1843577
0.0389767 0.7903061 0.1707172
0.05258573 0.7536561 0.1937582
0.04590299 0.7873899 0.1667071
0.048046 0.7948019 0.1571521
0.04780007 0.7532253 0.1989747
0.0487723 0.7881009 0.1631268
0.06004994 0.7547701 0.1851799
0.05974028 0.7979373 0.1423224
0.04726077 0.7970302 0.155709
0.05109405 0.7752761 0.1736298
0.06044388 0.7603255 0.1792306
0.0615235 0.7771177 0.1613588
0.05986231 0.7736505 0.1664872
0.05700415 0.7928924 0.1501034
0.05481173 0.7711081 0.1740802
0.04944351 0.7941908 0.1563657
0.06187906 0.7891738 0.1489471
0.05853924 0.8105756 0.1308852
0.06004011 0.7908694 0.1490905
0.05692338 0.758552 0.1845246
0.05741521 0.7907719 0.1518129
0.04852369 0.7983251 0.1531512
0.05457156 0.7850782 0.1603503
0.05296467 0.7693992 0.1776361
0.04670613 0.7915912 0.1617027
0.05832083 0.7844175 0.1572616
0.04485863 0.7948788 0.1602626
0.054325 0.7888086 0.1568664
0.05577737 0.7815287 0.1626939
0.05163598 0.7906716 0.1576924
0.06292607 0.7683678 0.1687061
0.04895143 0.7790382 0.1720104
0.06720537 0.766835 0.1659596
0.06463923 0.7791476 0.1562132
0.06505017 0.7642096 0.1707403
0.05617028 0.798807 0.1450227
0.06086127 0.7810678 0.1580709
0.06320474 0.7621658 0.1746295
0.05470424 0.7773672 0.1679285
0.0422126 0.7944467 0.1633407
0.05389248 0.7846029 0.1615046
0.04625742 0.7609342 0.1928084
0.04326589 0.7758236 0.1809105
0.06173026 0.7415037 0.1967661
0.0491446 0.7939405 0.1569149
0.05321867 0.7958698 0.1509115
0.05388845 0.7724581 0.1736534
0.06231338 0.7770624 0.1606242
0.0593954 0.7582464 0.1823582
0.05766419 0.7990944 0.1432414
0.05728088 0.8004323 0.1422868
0.05790109 0.7927776 0.1493213
0.04578489 0.7934419 0.1607732
0.06744424 0.7691641 0.1633916
0.06340908 0.781245 0.1553459
0.05903371 0.7657124 0.1752539
0.05839101 0.7508737 0.1907353
0.04156828 0.8040786 0.1543531
0.04934291 0.8111896 0.1394675
0.06082727 0.7716444 0.1675284
0.04504807 0.8089974 0.1459546
0.05103449 0.7863416 0.1626239
0.0539663 0.7725135 0.1735202
0.07144386 0.7715308 0.1570253
0.04899688 0.7815382 0.1694649
0.04775808 0.8029396 0.1493024
0.05459267 0.7997463 0.145661
0.05901307 0.7770659 0.1639211
0.05515788 0.790482 0.1543601
0.04655804 0.8011927 0.1522493
0.04369535 0.7726455 0.1836592
0.05411449 0.7991601 0.1467254
0.04358259 0.8001337 0.1562837
0.04869423 0.7990015 0.1523042
0.03794747 0.7989139 0.1631386
0.04035225 0.8060247 0.1536231
0.04561478 0.7928131 0.1615721
0.05069966 0.7932008 0.1560995
0.05412918 0.7659873 0.1798836
0.05989757 0.7651542 0.1749482
0.05417595 0.7724556 0.1733685
0.05335726 0.7824947 0.1641481
0.04212588 0.7915677 0.1663064
0.05546113 0.7914053 0.1531336
0.06007151 0.7695576 0.1703709
0.04602421 0.7843965 0.1695793
0.05183476 0.7826288 0.1655365
0.06094681 0.7732841 0.1657691
0.0562141 0.7937016 0.1500843
0.05109213 0.759489 0.1894189
0.04880512 0.7800142 0.1711807
0.04787929 0.7806803 0.1714404
0.04967727 0.7827571 0.1675656
0.05949015 0.7805565 0.1599534
0.06437648 0.7767363 0.1588873
0.05237262 0.7805296 0.1670977
0.05054733 0.7920346 0.157418
0.05841965 0.7851272 0.1564532
0.05238081 0.794783 0.1528362
0.0518983 0.7792983 0.1688034
0.05112005 0.7846418 0.1642382
0.0462983 0.7786313 0.1750704
0.05920813 0.764092 0.1766998
0.04658675 0.7790328 0.1743805
0.07111981 0.7516541 0.1772261
0.0477055 0.7883473 0.1639471
0.05115485 0.794152 0.1546932
0.04887226 0.7746004 0.1765273
0.05715796 0.7615052 0.1813368
0.05446408 0.7926034 0.1529326
0.04243045 0.8107425 0.146827
0.05654428 0.7708952 0.1725605
0.04834869 0.7953965 0.1562548
0.05942211 0.8000095 0.1405684
0.04918989 0.7808883 0.1699218
0.05680587 0.7864128 0.1567814
0.04820008 0.7905822 0.1612177
0.04515442 0.7781647 0.1766809
0.04558673 0.7874158 0.1669975
0.05655041 0.77343 0.1700196
0.04847326 0.784315 0.1672117
0.04934698 0.7970975 0.1535555
0.07154849 0.7462137 0.1822378
0.0536956 0.7705446 0.1757598
0.06050285 0.7616857 0.1778114
0.05495039 0.773572 0.1714776
0.04786353 0.7812285 0.170908
0.05030259 0.7798066 0.1698908
0.06213311 0.7647715 0.1730954
0.0579808 0.780911 0.1611082
0.05164378 0.7873916 0.1609646
0.04655793 0.7770307 0.1764113
0.05291904 0.7582405 0.1888404
0.05583302 0.7873903 0.1567766
0.04501405 0.7978793 0.1571067
0.0623069 0.7843076 0.1533855
0.05980454 0.7699762 0.1702192
0.05733752 0.7812144 0.1614481
0.04790192 0.788485 0.1636131
0.04783784 0.7949197 0.1572424
0.04865202 0.7966023 0.1547457
0.05080632 0.7871451 0.1620486
0.06956827 0.7822697 0.148162
0.04034654 0.7739015 0.185752
0.07532068 0.7626538 0.1620255
0.04522696 0.7852509 0.1695222
0.05035078 0.7699177 0.1797316
0.05238067 0.7884348 0.1591846
0.04680137 0.7761652 0.1770334
0.04869436 0.7976931 0.1536125
0.05991083 0.7995995 0.1404897
0.05547325 0.7611 0.1834268
0.0531367 0.7983624 0.1485009
0.06943013 0.7671495 0.1634204
0.05045233 0.7797353 0.1698123
0.05150939 0.7747744 0.1737162
0.06062088 0.7500778 0.1893013
0.04269972 0.791396 0.1659043
0.05782867 0.7769079 0.1652634
0.05486011 0.7728831 0.1722568
0.05171335 0.7788101 0.1694766
0.04911806 0.7500304 0.2008516
0.06099108 0.7824271 0.1565818
0.0562626 0.7877388 0.1559986
0.06414956 0.7692068 0.1666437
0.04957352 0.7873286 0.1630979
0.0533239 0.7780769 0.1685992
0.05577323 0.7859995 0.1582273
0.06760302 0.7783639 0.154033
0.06408241 0.7735392 0.1623784
0.06205801 0.7842164 0.1537256
0.04895139 0.8082983 0.1427503
0.04086298 0.8141398 0.1449972
0.05715356 0.7858467 0.1569997
0.03810872 0.7822523 0.179639
0.06578791 0.7821399 0.1520722
0.05603114 0.7898459 0.1541229
0.06064848 0.768761 0.1705905
0.04153501 0.7846469 0.1738181
0.05402735 0.7850662 0.1609064
0.06021992 0.7944107 0.1453693
0.06281475 0.7747435 0.1624418
0.06265931 0.7740702 0.1632705
0.06276393 0.7587262 0.1785099
0.05350766 0.7797161 0.1667763
0.05196117 0.7759647 0.1720741
0.04855366 0.7545244 0.196922
0.04001278 0.800329 0.1596582
0.05418541 0.7939897 0.1518249
0.05900789 0.7745999 0.1663922
0.04515852 0.783412 0.1714294
0.04846871 0.7913907 0.1601406
0.06602453 0.7685106 0.1654648
0.04905981 0.7785945 0.1723457
0.0501735 0.7776681 0.1721584
0.06845976 0.7766042 0.1549361
0.05480092 0.7878028 0.1573963
0.05469871 0.7781358 0.1671655
0.04408655 0.775535 0.1803784
0.05326811 0.7837935 0.1629384
0.06013842 0.7705597 0.1693018
0.05174085 0.7808364 0.1674227
0.05732339 0.7635845 0.1790921
0.04218078 0.7983362 0.159483
0.04949408 0.7774269 0.173079
0.06205714 0.7832715 0.1546713
0.05411331 0.7929975 0.1528892
0.05533811 0.7537641 0.1908978
0.05057237 0.7677777 0.1816499
0.06544415 0.7834068 0.151149
0.04904449 0.79053 0.1604256
0.04302734 0.7814224 0.1755503
0.0638416 0.7701246 0.1660338
0.03829488 0.7933767 0.1683284
0.04585859 0.8107606 0.1433808
0.06208406 0.7845057 0.1534103
0.04576797 0.8004949 0.1537371
0.05635109 0.7854866 0.1581623
0.05694359 0.7649358 0.1781206
0.05104596 0.7912734 0.1576806
0.04383827 0.7845886 0.1715732
0.06178574 0.7626633 0.175551
0.05786243 0.7492536 0.1928839
0.04858849 0.8010126 0.1503989
0.06438441 0.7696445 0.1659711
0.05114718 0.7760074 0.1728455
0.0463594 0.7885033 0.1651373
0.0612235 0.7813284 0.1574481
0.05824414 0.7712835 0.1704723
0.05055686 0.7679112 0.1815319
0.04800859 0.7874275 0.1645639
0.05814217 0.7859278 0.1559301
0.04837129 0.7819357 0.169693
0.05841287 0.7897857 0.1518014
0.04790512 0.7765428 0.1755521
0.06101189 0.7827457 0.1562425
0.04951924 0.7898735 0.1606073
0.04803427 0.7858158 0.1661499
0.04917377 0.7718079 0.1790184
0.05200087 0.7857783 0.1622208
0.04020661 0.7754472 0.1843461
0.05342248 0.8028433 0.1437342
0.04687973 0.7857355 0.1673848
0.04474262 0.8080169 0.1472405
0.04483261 0.7922874 0.16288
0.05688601 0.7802953 0.1628187
0.05220372 0.7430557 0.2047406
0.06272619 0.7865524 0.1507214
0.05843549 0.7804324 0.1611321
0.05243606 0.7638086 0.1837554
0.06467467 0.7692866 0.1660387
0.05601577 0.7936825 0.1503018
0.05349388 0.8045105 0.1419956
0.06106468 0.78291 0.1560253
0.04753051 0.7786333 0.1738362
0.05040076 0.7891097 0.1604896
0.05036472 0.7720597 0.1775756
0.04988391 0.8000669 0.1500492
0.04859853 0.783176 0.1682254
0.05128401 0.8055836 0.1431324
0.05227987 0.787089 0.1606311
0.04713387 0.7885419 0.1643242
0.06702573 0.7697023 0.163272
0.051103 0.7854296 0.1634674
0.05472815 0.7714297 0.1738422
0.05224377 0.7753749 0.1723813
0.04839527 0.7723792 0.1792255
0.0494115 0.792664 0.1579245
0.03790942 0.7982242 0.1638663
0.05804291 0.7941992 0.1477579
0.0721929 0.7833758 0.1444313
0.05228878 0.7984071 0.1493041
0.05012435 0.7765622 0.1733135
0.05252801 0.7775204 0.1699516
0.08470909 0.7499026 0.1653883
0.06417721 0.7673244 0.1684984
0.08258871 0.7574589 0.1599524
0.04422806 0.7730767 0.1826953
0.05219645 0.7750445 0.172759
0.05532462 0.7828259 0.1618495
0.07271873 0.7581468 0.1691344
0.05518421 0.7473035 0.1975123
0.0562147 0.7920841 0.1517012
0.0496635 0.7965406 0.1537959
0.05747393 0.7792719 0.1632542
0.05413945 0.7914013 0.1544592
0.05729218 0.7777249 0.164983
0.04292232 0.8027102 0.1543675
0.04059267 0.7716379 0.1877694
0.06510267 0.7740525 0.1608448
0.04001544 0.7806073 0.1793773
0.05599275 0.7821801 0.1618271
0.05004751 0.7858888 0.1640637
0.0516562 0.7777188 0.170625
0.06441902 0.7693727 0.1662083
0.05750478 0.7939361 0.1485591
0.05029782 0.8020289 0.1476733
0.05686565 0.7748733 0.168261
0.05682211 0.8005533 0.1426246
0.06830488 0.7887278 0.1429673
0.05146515 0.7740222 0.1745127
0.05960987 0.7833968 0.1569933
0.05015387 0.7941096 0.1557365
0.04196185 0.7979945 0.1600436
0.04729792 0.7826502 0.1700519
0.05957406 0.7919236 0.1485023
0.06762148 0.773147 0.1592315
0.0532685 0.7910532 0.1556783
0.04349662 0.8047503 0.1517531
0.05871213 0.7732056 0.1680823
0.061335 0.7887996 0.1498654
0.05678075 0.7822277 0.1609915
0.06418354 0.7635889 0.1722276
0.05536575 0.7708123 0.173822
0.04933172 0.7602588 0.1904095
0.0517209 0.8016261 0.146653
0.04172666 0.7924268 0.1658466
0.04374798 0.8060039 0.1502481
0.04826609 0.7823834 0.1693505
0.05386023 0.7665876 0.1795521
0.04601514 0.7806458 0.1733391
0.06467917 0.7744512 0.1608697
0.05618373 0.7705561 0.1732602
0.05101315 0.7944029 0.1545839
0.05986781 0.7784212 0.161711
0.05135025 0.7659538 0.1826959
0.05814807 0.7685659 0.173286
0.07204391 0.7792569 0.1486992
0.056022 0.7791651 0.1648129
0.05337074 0.7785232 0.1681061
0.04961959 0.7693102 0.1810702
0.06111665 0.7863767 0.1525066
0.03540608 0.806802 0.1577919
0.05017565 0.7811714 0.168653
0.05546892 0.7865554 0.1579756
0.05718828 0.7984717 0.14434
0.06268222 0.7823498 0.154968
0.0527019 0.7974733 0.1498248
0.06126686 0.7751495 0.1635836
0.05502148 0.7735566 0.1714219
0.04344522 0.7976934 0.1588614
0.05364753 0.773767 0.1725854
0.05570717 0.7966802 0.1476126
0.04558127 0.8112244 0.1431943
0.05217841 0.780495 0.1673266
0.04898045 0.7857713 0.1652482
0.05286925 0.7713912 0.1757396
0.05054316 0.7872933 0.1621635
0.04575849 0.7956294 0.1586121
0.06043448 0.7826355 0.15693
0.04793496 0.8012432 0.1508218
0.04660458 0.7887033 0.1646922
0.04627328 0.7825699 0.1711568
0.04982821 0.7838529 0.1663189
0.05198187 0.7846134 0.1634048
0.05308027 0.7829206 0.1639991
0.06388067 0.7738149 0.1623045
0.04908542 0.7788025 0.172112
0.04665467 0.7986094 0.1547359
0.05919455 0.779676 0.1611295
0.05028432 0.7781266 0.1715891
0.06031049 0.7701919 0.1694976
0.06225659 0.7965546 0.1411888
0.05952772 0.7698942 0.1705781
0.04964732 0.7915768 0.1587759
0.04692825 0.7617118 0.19136
0.04715027 0.8087825 0.1440672
0.04441225 0.8135491 0.1420386
0.04951456 0.7971401 0.1533453
0.03867715 0.7679508 0.193372
0.04043597 0.7814442 0.1781198
0.04359473 0.8003665 0.1560387
0.06275983 0.7930562 0.1441839
0.04694054 0.7951899 0.1578696
0.06371685 0.760327 0.1759561
0.04581242 0.7904289 0.1637587
0.05953586 0.8027692 0.1376949
0.05709975 0.7756193 0.1672809
0.06799749 0.7794648 0.1525377
0.05212073 0.7795252 0.1683541
0.04787984 0.7907674 0.1613527
0.05972566 0.763281 0.1769933
0.06237918 0.7809357 0.1566851
0.05191432 0.7815555 0.1665302
0.06219125 0.7833594 0.1544493
0.05828875 0.7729373 0.168774
0.05619245 0.77348 0.1703275
0.06377843 0.7691313 0.1670903
0.06374951 0.7536411 0.1826094
0.05738018 0.7822587 0.1603611
0.04805778 0.7669157 0.1850265
0.04445804 0.7953969 0.1601451
0.06191428 0.8057967 0.132289
0.0607578 0.7827627 0.1564795
0.06823423 0.7495216 0.1822442
0.0608482 0.7841215 0.1550303
0.05055472 0.7963807 0.1530645
0.05707235 0.7864125 0.1565152
0.05059409 0.7802372 0.1691687
0.0546532 0.7929661 0.1523807
0.05343699 0.7706846 0.1758784
0.05979802 0.7658648 0.1743372
0.06058006 0.7947652 0.1446547
0.05326962 0.7739765 0.1727539
0.06294671 0.7877312 0.1493221
0.05552754 0.7816948 0.1627776
0.04385603 0.8009205 0.1552234
0.04727592 0.7971917 0.1555324
0.05105815 0.777316 0.1716258
0.05511215 0.7795737 0.1653142
0.05986812 0.7591009 0.181031
0.05187132 0.7708792 0.1772495
0.0567419 0.7719961 0.171262
0.05613301 0.7734024 0.1704646
0.05134716 0.7823485 0.1663044
0.05728568 0.7782949 0.1644194
0.04885949 0.7805437 0.1705968
0.0610318 0.7954711 0.1434971
0.04425946 0.7912299 0.1645106
0.04590985 0.7805647 0.1735255
0.04983568 0.797966 0.1521984
0.05700842 0.7703134 0.1726782
0.05087703 0.7774943 0.1716287
0.05450407 0.8012692 0.1442268
0.05663226 0.7849742 0.1583936
0.05683925 0.7972176 0.1459431
0.05777889 0.7809231 0.161298
0.06029928 0.7635228 0.1761779
0.0647271 0.7698841 0.1653888
0.06270161 0.7563223 0.1809761
0.05962451 0.7738165 0.166559
0.0500028 0.7747634 0.1752338
0.05850662 0.790421 0.1510724
0.04222082 0.7922139 0.1655653
0.05267092 0.7880602 0.1592689
0.06013639 0.7710098 0.1688538
0.04372261 0.8052771 0.1510003
0.05530012 0.7687662 0.1759337
0.05996659 0.7620253 0.1780081
0.05452486 0.7852161 0.160259
0.05017299 0.7706315 0.1791955
0.05714682 0.7725926 0.1702606
0.05314292 0.7795831 0.167274
0.04279786 0.798387 0.1588152
0.05975854 0.7872272 0.1530143
0.04876572 0.7780259 0.1732084
0.06334534 0.7692704 0.1673843
0.05145079 0.791155 0.1573942
0.04527591 0.7743973 0.1803268
0.05284692 0.7933466 0.1538065
0.06532812 0.8116001 0.1230718
0.04302073 0.7754706 0.1815087
0.05079601 0.7616817 0.1875223
0.05621325 0.793663 0.1501237
0.03998699 0.7803346 0.1796785
0.04991654 0.778047 0.1720364
0.04855798 0.76665 0.1847921
0.04885189 0.7861166 0.1650315
0.0523542 0.7960503 0.1515956
0.04229003 0.7881693 0.1695407
0.05248361 0.7728255 0.1746909
0.05667656 0.7525577 0.1907657
0.05633594 0.7808768 0.1627873
0.04935764 0.7908706 0.1597717
0.05725912 0.7862939 0.156447
0.04530278 0.7705998 0.1840974
0.04896706 0.784047 0.1669859
0.04816297 0.8040814 0.1477557
0.04660618 0.7748507 0.1785431
0.06144081 0.7791376 0.1594216
0.05580893 0.7970291 0.1471619
0.05627131 0.7818451 0.1618836
0.05171193 0.7976831 0.150605
0.05530031 0.7769527 0.167747
0.04296941 0.7968943 0.1601363
0.05291804 0.7826563 0.1644256
0.05607823 0.7848513 0.1590705
0.05398599 0.7741699 0.1718441
0.0485856 0.7910749 0.1603395
0.0558731 0.7823969 0.16173
0.04858153 0.7926107 0.1588077
0.07132505 0.7671379 0.1615371
0.05648696 0.7725566 0.1709564
0.05050126 0.7900061 0.1594927
0.05713251 0.7857811 0.1570864
0.05768077 0.7851815 0.1571378
0.05566331 0.7646318 0.1797049
0.05499097 0.7813049 0.1637041
0.04893694 0.7853825 0.1656805
0.07105982 0.7748551 0.1540851
0.04519023 0.7616476 0.1931622
0.04725182 0.7797425 0.1730057
0.06342529 0.7525433 0.1840314
0.0465808 0.7896423 0.1637769
0.05173601 0.7824726 0.1657914
0.06558715 0.7763908 0.1580221
0.03779408 0.7942213 0.1679846
0.05670141 0.7749485 0.1683501
0.06250197 0.7917008 0.1457972
0.0583603 0.7755484 0.1660913
0.05220418 0.7930417 0.1547541
0.06470956 0.7860292 0.1492612
0.04840397 0.7789735 0.1726226
0.05252821 0.7915955 0.1558763
0.05292927 0.782134 0.1649367
0.05145472 0.7896273 0.1589179
0.07233531 0.7589586 0.1687061
0.05255635 0.7825346 0.1649091
0.05365643 0.7823311 0.1640125
0.07462932 0.7720731 0.1532976
0.06722185 0.7998233 0.1329549
0.05443468 0.7845659 0.1609994
0.05483458 0.7760986 0.1690668
0.06593815 0.7637456 0.1703163
0.05126347 0.7927559 0.1559806
0.0482794 0.7800542 0.1716664
0.05075854 0.8058084 0.1434331
0.05689729 0.7745017 0.168601
0.05695607 0.7796154 0.1634285
0.05707265 0.7736853 0.169242
0.06399279 0.7934616 0.1425456
0.05419706 0.7963624 0.1494405
0.06771034 0.7789014 0.1533883
0.06652945 0.7590572 0.1744134
0.04899926 0.7567948 0.1942059
0.05180258 0.7869837 0.1612137
0.05539664 0.7714703 0.1731331
0.06099189 0.7499117 0.1890964
0.06190981 0.7734935 0.1645967
0.06200788 0.7588766 0.1791155
0.06029762 0.774466 0.1652363
0.05582812 0.7590797 0.1850922
0.05208608 0.7839374 0.1639765
0.05723085 0.7708068 0.1719623
0.0468106 0.7693527 0.1838367
0.06097091 0.7950212 0.1440079
0.06517074 0.7640086 0.1708207
0.05835922 0.7871254 0.1545154
0.05880279 0.7724388 0.1687584
0.05747158 0.7934124 0.149116
0.04800716 0.7672623 0.1847305
0.04317999 0.7884374 0.1683826
0.0467966 0.8129419 0.1402615
0.05413075 0.7769267 0.1689425
0.05756259 0.7831222 0.1593152
0.05385324 0.7910262 0.1551206
0.06831222 0.7634859 0.1682019
0.0600053 0.7749586 0.1650361
0.04706208 0.7667807 0.1861572
0.05563379 0.7804282 0.163938
0.06419439 0.7685734 0.1672322
0.0524514 0.7670095 0.1805391
0.05741834 0.7860109 0.1565708
0.05274976 0.7966982 0.1505521
0.0379818 0.7846579 0.1773603
0.05180021 0.7819352 0.1662646
0.05125126 0.7844074 0.1643414
0.05529634 0.7791343 0.1655693
0.06108721 0.7807776 0.1581352
0.05574595 0.7783641 0.16589
0.0546172 0.776117 0.1692658
0.04484438 0.8026758 0.1524798
0.05497364 0.7809169 0.1641095
0.04650872 0.8034492 0.1500421
0.05396398 0.7804587 0.1655773
0.06103036 0.791029 0.1479406
0.04333291 0.8059774 0.1506897
0.0559847 0.7627411 0.1812742
0.05844146 0.7700843 0.1714743
0.04083132 0.7773808 0.1817879
0.05989967 0.7813914 0.158709
0.05222433 0.7754217 0.172354
0.05545179 0.7802287 0.1643195
0.05201408 0.7787149 0.169271
0.07544321 0.7706342 0.1539226
0.05211657 0.7961308 0.1517526
0.06258126 0.7680291 0.1693897
0.05610782 0.7785803 0.1653118
0.05684435 0.7692018 0.1739538
0.05911495 0.7597125 0.1811726
0.05382509 0.7732379 0.172937
0.04604483 0.7882189 0.1657363
0.071843 0.7419313 0.1862257
0.05293727 0.8006636 0.1463992
0.05422613 0.7815235 0.1642503
0.05248369 0.8020911 0.1454252
0.04118725 0.7896228 0.1691899
0.06417982 0.789699 0.1461211
0.06048577 0.7679844 0.1715298
0.05331133 0.7952268 0.1514619
0.05998356 0.7741943 0.1658221
0.05181108 0.7890036 0.1591853
0.05182116 0.7932641 0.1549147
0.04823947 0.7715422 0.1802183
0.04164177 0.7871423 0.1712159
0.06433489 0.7989804 0.1366847
0.06245659 0.7879168 0.1496266
0.05529762 0.7979977 0.1467046
0.05950747 0.7495935 0.190899
0.05872559 0.7761079 0.1651665
0.05638312 0.7722479 0.171369
0.05341755 0.7850873 0.1614951
0.06307852 0.7866481 0.1502733
0.04597101 0.7828678 0.1711611
0.05947569 0.7860014 0.1545229
0.05694299 0.7653271 0.1777299
0.05609699 0.7772216 0.1666814
0.05428669 0.8004214 0.1452919
0.05637689 0.7891709 0.1544522
0.06303408 0.7830068 0.1539591
0.04456094 0.7644371 0.1910019
0.06694013 0.7746185 0.1584413
0.05716003 0.7762031 0.1666369
0.05192765 0.7770928 0.1709795
0.05074426 0.7646974 0.1845584
0.06171918 0.7748747 0.1634061
0.05656182 0.7676932 0.175745
0.05103801 0.7988315 0.1501305
0.04850775 0.7674702 0.184022
0.05291604 0.7773855 0.1696985
0.05798248 0.7832509 0.1587667
0.0512552 0.7926046 0.1561402
0.05788028 0.7897515 0.1523682
0.06589729 0.776648 0.1574547
0.0501302 0.7842896 0.1655803
0.05923467 0.7706524 0.170113
0.05707481 0.7936065 0.1493187
0.04613438 0.7807162 0.1731495
0.0626534 0.7576686 0.179678
0.05142099 0.7919243 0.1566547
0.06455259 0.7900457 0.1454017
0.060145 0.7776404 0.1622146
0.04747536 0.7809056 0.1716191
0.06308722 0.751823 0.1850898
0.06431401 0.7687409 0.1669451
0.05491762 0.7668385 0.1782439
0.05789772 0.7872573 0.1548449
0.0562277 0.8020687 0.1417036
0.04421721 0.8071245 0.1486583
0.06672035 0.7712993 0.1619804
0.06330237 0.7743344 0.1623632
0.04903746 0.8130828 0.1378797
0.05900761 0.7421839 0.1988085
0.06263318 0.784232 0.1531348
0.05445919 0.7980792 0.1474616
0.05383513 0.7955144 0.1506505
0.04761608 0.7791931 0.1731908
0.058999 0.7991971 0.1418039
0.05404319 0.7873022 0.1586546
0.05179048 0.7928287 0.1553808
0.05846009 0.7660856 0.1754543
0.05990415 0.7600102 0.1800856
0.03743391 0.7836579 0.1789082
0.05937079 0.7685515 0.1720777
0.05194263 0.7798939 0.1681635
0.06576015 0.7532848 0.180955
0.04727801 0.8080099 0.144712
0.05694954 0.7925627 0.1504878
0.06306613 0.7763439 0.16059
0.05399105 0.7776195 0.1683895
0.04504345 0.7942894 0.1606671
0.05058665 0.7798776 0.1695357
0.06230489 0.7829837 0.1547114
0.0640442 0.7745046 0.1614512
0.05607175 0.7675032 0.1764251
0.033427 0.8121648 0.1544082
0.05713093 0.782402 0.1604671
0.06415602 0.7715731 0.1642709
0.04319204 0.7808734 0.1759346
0.05562028 0.7681125 0.1762673
0.05294757 0.774031 0.1730214
0.04753904 0.785665 0.1667959
0.06013546 0.7642046 0.17566
0.0590558 0.7846663 0.1562779
0.05919575 0.7794248 0.1613794
0.06116242 0.7579975 0.1808401
0.05088842 0.7785484 0.1705631
0.06198854 0.7895475 0.148464
0.06263767 0.7518439 0.1855184
0.05056259 0.774445 0.1749924
0.04256502 0.7842923 0.1731426
0.05732384 0.7729266 0.1697496
0.06699009 0.7801063 0.1529036
0.0469272 0.7887148 0.164358
0.06594452 0.7732318 0.1608237
0.06925754 0.7789683 0.1517742
0.05014667 0.7908002 0.1590531
0.04576267 0.7994228 0.1548146
0.05293141 0.8044387 0.1426299
0.05455918 0.7871628 0.158278
0.05766989 0.7808668 0.1614633
0.05640613 0.7983516 0.1452423
0.04304477 0.7924578 0.1644974
0.05323394 0.7769347 0.1698314
0.03989467 0.8014966 0.1586088
0.0468264 0.7920735 0.1611001
0.06122028 0.7554292 0.1833505
0.05098998 0.7987464 0.1502636
0.05720941 0.7536993 0.1890913
0.05261109 0.8037269 0.143662
0.06333856 0.7759639 0.1606976
0.05133256 0.800867 0.1478004
0.05240879 0.787035 0.1605562
0.05820403 0.7716862 0.1701098
0.04650888 0.8047065 0.1487846
0.06006994 0.7627718 0.1771582
0.0611025 0.7895924 0.1493051
0.06878055 0.7803917 0.1508277
0.05081315 0.7739265 0.1752603
0.05554113 0.7989228 0.1455361
0.04855138 0.7979971 0.1534516
0.05891782 0.7897449 0.1513373
0.06350536 0.7864683 0.1500263
0.0488174 0.7722389 0.1789437
0.03684259 0.796357 0.1668004
0.0459513 0.788704 0.1653447
0.05079964 0.8059364 0.143264
0.06750474 0.7908118 0.1416834
0.05513876 0.771542 0.1733192
0.06451272 0.7758453 0.159642
0.06071786 0.7899907 0.1492915
0.04999612 0.7614032 0.1886006
0.04894794 0.7745373 0.1765147
0.03979177 0.7814362 0.178772
0.05555916 0.7831983 0.1612426
0.0420198 0.7655202 0.19246
0.06289166 0.7977834 0.1393249
0.05385087 0.7781402 0.1680089
0.04927035 0.7834514 0.1672783
0.06372661 0.7845643 0.1517091
0.04739874 0.783642 0.1689592
0.04936227 0.774641 0.1759967
0.04078566 0.7908113 0.168403
0.05866715 0.7730514 0.1682815
0.05513722 0.8006516 0.1442111
0.06961171 0.7570237 0.1733646
0.05112116 0.7865467 0.1623322
0.0597373 0.7913436 0.1489191
0.04784665 0.7700426 0.1821107
0.05903591 0.7525593 0.1884047
0.06407859 0.7655195 0.1704019
0.06189702 0.7672174 0.1708856
0.06729186 0.7666384 0.1660698
0.04676107 0.7667937 0.1864453
0.06789675 0.7906991 0.1414041
0.04364596 0.7937812 0.1625729
0.05097058 0.7782174 0.170812
0.04137763 0.7902759 0.1683465
0.06399108 0.7823846 0.1536243
0.05721008 0.7918726 0.1509173
0.06628721 0.7712712 0.1624416
0.05027697 0.7998579 0.1498652
0.05326977 0.7491648 0.1975655
0.06342097 0.7474886 0.1890904
0.05361262 0.7864745 0.1599129
0.05017688 0.7723319 0.1774913
0.0482853 0.7981331 0.1535816
0.05083958 0.7784571 0.1707033
0.04840287 0.7969255 0.1546717
0.04344456 0.7747796 0.1817758
0.04652555 0.7703854 0.183089
0.04694307 0.790104 0.1629529
0.05312286 0.7742855 0.1725916
0.05603466 0.7816882 0.1622771
0.06850534 0.7643128 0.1671819
0.05132672 0.8031557 0.1455176
0.06850105 0.7538313 0.1776676
0.04736151 0.774821 0.1778175
0.04605667 0.7966963 0.157247
0.05452429 0.7641228 0.1813529
0.05563199 0.7785669 0.1658011
0.05525762 0.7966239 0.1481185
0.05993241 0.803643 0.1364246
0.05689646 0.7628307 0.1802728
0.05327415 0.7806382 0.1660876
0.04312344 0.795689 0.1611876
0.05966605 0.7764337 0.1639002
0.05554685 0.7807473 0.1637058
0.0521173 0.7462688 0.2016139
0.0592757 0.7805109 0.1602134
0.05865551 0.7586614 0.1826831
0.05260751 0.7943196 0.1530729
0.05719699 0.7743259 0.1684771
0.06522104 0.7867471 0.1480319
0.04944586 0.7983702 0.152184
0.04550478 0.7986319 0.1558633
0.06604677 0.7684084 0.1655449
0.04639737 0.7701377 0.1834649
0.05633514 0.7727321 0.1709328
0.05155263 0.77553 0.1729174
0.05800147 0.7737806 0.1682179
0.05372507 0.7793511 0.1669238
0.05279587 0.7907466 0.1564575
0.0570672 0.8034814 0.1394514
0.05512688 0.7734691 0.171404
0.07214931 0.7695048 0.1583459
0.0520289 0.8014307 0.1465404
0.04754604 0.7912854 0.1611686
0.04782212 0.7941614 0.1580164
0.06306498 0.7767065 0.1602285
0.04986516 0.8066292 0.1435056
0.05392198 0.7957955 0.1502825
0.0401026 0.7848482 0.1750492
0.05530237 0.7848434 0.1598542
0.04791344 0.7883075 0.1637791
0.04559458 0.7804283 0.1739771
0.04966961 0.8038616 0.1464687
0.05617959 0.7649344 0.178886
0.04993524 0.7644597 0.185605
0.0559367 0.7865417 0.1575216
0.04836948 0.7832231 0.1684075
0.05479355 0.7747569 0.1704496
0.04468482 0.7908712 0.1644439
0.04996012 0.7932977 0.1567422
0.05547573 0.7885119 0.1560124
0.04870474 0.7791502 0.172145
0.04242106 0.7689102 0.1886687
0.04580437 0.7529386 0.201257
0.05303041 0.7913457 0.1556239
0.05500269 0.790674 0.1543234
0.0592329 0.7962343 0.1445328
0.05816209 0.7762589 0.165579
0.0440481 0.799026 0.1569259
0.053599 0.7842651 0.1621359
0.0475407 0.7878979 0.1645613
0.07273651 0.7597904 0.1674731
0.06612526 0.774732 0.1591427
0.05081708 0.7957251 0.1534578
0.06062456 0.765906 0.1734694
0.04210121 0.7646377 0.1932611
0.05630514 0.7767585 0.1669364
0.05130542 0.7794725 0.1692221
0.05732828 0.7582652 0.1844065
0.06701529 0.7867216 0.1462631
0.0536623 0.7930402 0.1532975
0.05413806 0.7889702 0.1568918
0.06119908 0.768916 0.1698849
0.0589905 0.7680112 0.1729983
0.08301917 0.7686156 0.1483652
0.05843211 0.7857439 0.155824
0.06416639 0.8029462 0.1328874
0.05341021 0.7870928 0.159497
0.05138585 0.8090262 0.139588
0.07401075 0.7809354 0.1450538
0.05419867 0.7914214 0.1543799
0.05837167 0.7745539 0.1670745
0.04926053 0.7664317 0.1843078
0.06792904 0.7750028 0.1570681
0.05159681 0.7898036 0.1585996
0.06265402 0.762168 0.175178
0.0458344 0.782922 0.1712436
0.0530951 0.7717762 0.1751287
0.05351487 0.7626273 0.1838578
0.0538292 0.7881644 0.1580064
0.05364148 0.766559 0.1797995
0.0569039 0.7790083 0.1640878
0.05601464 0.7881188 0.1558665
0.05630208 0.7711261 0.1725719
0.05644392 0.7723723 0.1711838
0.06513274 0.7597399 0.1751274
0.06306875 0.7712996 0.1656316
0.06194852 0.8003919 0.1376596
0.05890016 0.7810648 0.1600351
0.05450839 0.7840539 0.1614377
0.06712822 0.7819043 0.1509675
0.05421177 0.7965489 0.1492393
0.06576035 0.7872661 0.1469735
0.07141285 0.7463736 0.1822136
0.05407221 0.7743525 0.1715752
0.04620546 0.7829176 0.170877
0.05335886 0.7685714 0.1780697
0.04360179 0.8096114 0.1467868
0.05302851 0.7961135 0.150858
0.04629834 0.7893278 0.1643739
0.06606752 0.7876199 0.1463126
0.05163388 0.7739832 0.1743829
0.05167877 0.7838182 0.1645031
0.04818684 0.7769453 0.1748678
0.05253392 0.7598152 0.1876509
0.05407175 0.7736153 0.172313
0.05351406 0.7748169 0.1716691
0.05419029 0.7766064 0.1692033
0.05197159 0.7923442 0.1556842
0.05214477 0.7589158 0.1889395
0.05268626 0.7896961 0.1576177
0.05063874 0.7736299 0.1757314
0.05334301 0.7969183 0.1497387
0.05437353 0.8044652 0.1411613
0.05285268 0.7750691 0.1720783
0.05849439 0.7912198 0.1502858
0.05780279 0.7773273 0.1648699
0.04386936 0.8055781 0.1505526
0.06441672 0.8031191 0.1324642
0.05551771 0.7531889 0.1912933
0.05832574 0.778196 0.1634782
0.06809399 0.7644136 0.1674925
0.05530497 0.7679232 0.1767718
0.05423666 0.7765372 0.1692261
0.04620051 0.7843674 0.1694321
0.0653004 0.7901427 0.1445569
0.06038582 0.7959197 0.1436945
0.04924158 0.8008555 0.1499029
0.04737776 0.7620709 0.1905513
0.06470385 0.7446016 0.1906946
0.06416273 0.7889931 0.1468442
0.05546049 0.7622152 0.1823243
0.04652399 0.7844487 0.1690274
0.05806636 0.7781313 0.1638024
0.06057719 0.7836035 0.1558193
0.04807574 0.7861555 0.1657688
0.05944681 0.7753806 0.1651726
0.05409917 0.7860479 0.1598529
0.05259686 0.7749624 0.1724407
0.05757554 0.7889209 0.1535036
0.04508666 0.7930944 0.161819
0.06568844 0.7757506 0.158561
0.0541768 0.7674705 0.1783527
0.06880759 0.7810315 0.1501609
0.06232707 0.7843691 0.1533039
0.06283303 0.7644088 0.1727582
0.04939406 0.8018641 0.1487418
