p_1 p_2 p_3 
0.1659514 0.8074963 0.02655228 
0.1651796 0.7881546 0.04666581 
0.182519 0.736554 0.08092697 
0.2005334 0.7691191 0.03034746 
0.1774209 0.778451 0.04412806 
0.1507254 0.8029166 0.04635798 
0.1302472 0.7929232 0.07682959 
0.1784676 0.7314034 0.09012898 
0.1457964 0.807436 0.04676763 
0.1707829 0.7785072 0.05070991 
0.138026 0.7891484 0.07282559 
0.1165408 0.7760042 0.107455 
0.1464483 0.7843822 0.0691694 
0.199726 0.7466974 0.05357662 
0.1963712 0.7317617 0.07186713 
0.1583303 0.7959614 0.0457084 
0.1843068 0.7187823 0.0969109 
0.0988803 0.8460342 0.05508545 
0.2025255 0.7146355 0.08283902 
0.1499217 0.7665001 0.08357816 
0.164537 0.777243 0.05822004 
0.07962122 0.8871826 0.03319615 
0.1371206 0.8098031 0.05307628 
0.1103938 0.7855835 0.1040227 
0.131638 0.8066573 0.0617047 
0.1891406 0.7719078 0.03895164 
0.1240974 0.768836 0.1070666 
0.05589399 0.8202928 0.1238132 
0.1758243 0.7656077 0.05856799 
0.1335677 0.7554867 0.1109456 
0.1456951 0.8240161 0.0302888 
0.1412358 0.7710118 0.08775247 
0.1637864 0.7688403 0.06737326 
0.1460789 0.7692901 0.084631 
0.1437323 0.8042899 0.05197782 
0.08800006 0.8541872 0.05781272 
0.1348469 0.7913211 0.07383208 
0.1134335 0.7774636 0.1091029 
0.08934212 0.8233543 0.08730354 
0.1665055 0.7754585 0.05803598 
0.09525393 0.8577036 0.04704248 
0.1360142 0.8223649 0.04162093 
0.1808509 0.7586789 0.06047029 
0.08810378 0.8621534 0.04974281 
0.2270284 0.7270375 0.04593409 
0.2137859 0.7003669 0.08584719 
0.09976075 0.7761887 0.1240506 
0.1774607 0.7768035 0.04573581 
0.1494651 0.7824015 0.06813347 
0.1302794 0.8262825 0.04343805 
0.08386521 0.824908 0.09122682 
0.1157337 0.8048626 0.07940373 
0.07932992 0.8821384 0.03853166 
0.2138767 0.720907 0.06521636 
0.09232821 0.8654035 0.04226826 
0.2564034 0.6696292 0.0739674 
0.1670684 0.8018992 0.03103236 
0.1508152 0.7564414 0.09274341 
0.155404 0.7949524 0.04964353 
0.09352858 0.8199775 0.08649394 
0.1322286 0.7563006 0.1114708 
0.1053135 0.8347297 0.05995685 
0.1202238 0.820605 0.05917119 
0.1093425 0.812518 0.07813946 
0.1647262 0.7818088 0.053465 
0.1660909 0.7082927 0.1256164 
0.1684714 0.8085691 0.02295953 
0.226475 0.7673776 0.006147399 
0.1534241 0.8334863 0.0130896 
0.1900994 0.762749 0.04715163 
0.1620811 0.8201447 0.0177742 
0.1500306 0.8337867 0.01618267 
0.2072465 0.77403 0.01872357 
0.222336 0.7753932 0.002270736 
0.1838432 0.805248 0.01090879 
0.09660372 0.8563875 0.04700881 
0.1227036 0.8218074 0.05548894 
0.1160945 0.8124797 0.07142572 
0.1330235 0.8190023 0.04797423 
0.05182399 0.8720528 0.07612316 
0.1319647 0.776438 0.09159722 
0.06911736 0.8361534 0.09472923 
0.1593941 0.6934148 0.1471911 
0.1400676 0.7507885 0.1091438 
0.1328189 0.8352572 0.03192393 
0.151203 0.7336578 0.1151392 
0.06583476 0.8305858 0.1035794 
0.1083035 0.8398888 0.0518077 
0.1676711 0.7920724 0.04025653 
0.2022389 0.7448177 0.05294338 
0.1017648 0.843137 0.05509818 
0.1774171 0.7037921 0.1187908 
0.1281959 0.7443065 0.1274975 
0.1897833 0.6715298 0.1386869 
0.1117333 0.8116657 0.07660097 
0.04965167 0.8380248 0.1123235 
0.1063214 0.7904954 0.1031832 
0.1289947 0.8226966 0.04830871 
0.227749 0.7159169 0.05633403 
0.1133501 0.7909317 0.09571822 
0.1735067 0.7757456 0.05074765 
0.1530944 0.7624025 0.08450312 
0.09972814 0.8630588 0.03721305 
0.1722042 0.7839656 0.04383019 
0.1112087 0.7723925 0.1163988 
0.09669965 0.8114824 0.09181797 
0.09212716 0.8293368 0.07853604 
0.1454009 0.7632301 0.09136903 
0.1886741 0.7237355 0.0875904 
0.1017158 0.8803236 0.01796067 
0.07647056 0.8898902 0.03363925 
0.2041174 0.7186569 0.0772257 
0.1286609 0.7883272 0.08301199 
0.1327622 0.7926879 0.07454991 
0.1315201 0.7935476 0.07493227 
0.1873329 0.7826935 0.02997367 
0.1215704 0.8388988 0.03953074 
0.1341594 0.8150656 0.05077503 
0.1803045 0.7771073 0.04258824 
0.1718753 0.8049746 0.02315008 
0.2282959 0.7047811 0.06692293 
0.1912524 0.8052729 0.003474652 
0.1255636 0.8631021 0.01133429 
0.158103 0.8400879 0.001809147 
0.1780944 0.7475998 0.07430578 
0.1119969 0.7807158 0.1072873 
0.1266539 0.8229614 0.05038473 
0.16675 0.8117808 0.02146914 
0.1831334 0.7814073 0.03545937 
0.135818 0.7009615 0.1632205 
0.1581365 0.7971158 0.0447477 
0.0914305 0.7685513 0.1400182 
0.2366594 0.7367759 0.02656471 
0.1732858 0.7864021 0.04031212 
0.1150273 0.7708147 0.1141581 
0.1115102 0.78723 0.1012598 
0.1430136 0.8157168 0.04126959 
0.177159 0.7493392 0.07350182 
0.1583168 0.7729352 0.06874803 
0.1002708 0.8652119 0.03451733 
0.1480975 0.7638939 0.08800865 
0.1436535 0.8116542 0.04469226 
0.2046542 0.743906 0.05143971 
0.1557459 0.7721746 0.07207951 
0.04404047 0.8698044 0.0861551 
0.1438411 0.8029703 0.05318857 
0.1124506 0.8138779 0.07367141 
0.08709809 0.871906 0.04099589 
0.1156668 0.8567556 0.0275776 
0.1746087 0.7732739 0.05211737 
0.1489275 0.7920659 0.05900661 
0.1594293 0.7945592 0.0460115 
0.1296342 0.7748309 0.09553492 
0.07414244 0.822759 0.1030986 
0.1249012 0.8181754 0.05692338 
0.1181565 0.7961994 0.08564414 
0.1764985 0.7357892 0.0877123 
0.09445109 0.801741 0.1038079 
0.1144519 0.8026864 0.08286167 
0.154893 0.7798365 0.06527046 
0.1415583 0.7778433 0.08059842 
0.08419931 0.8120379 0.1037628 
0.1195732 0.7935388 0.08688796 
0.09362842 0.7697555 0.1366161 
0.1340101 0.8062672 0.05972272 
0.1108677 0.8279828 0.06114945 
0.168711 0.7713176 0.05997138 
0.1545807 0.789529 0.05589032 
0.1555317 0.7757675 0.06870082 
0.2493958 0.7253559 0.02524828 
0.1777122 0.7467917 0.07549617 
0.1704474 0.7736027 0.05594994 
0.1898918 0.7197068 0.09040145 
0.1385781 0.7771249 0.08429703 
0.1426832 0.7712073 0.08610954 
0.1278707 0.8371292 0.03500015 
0.1615497 0.7303826 0.1080677 
0.1321701 0.8426428 0.0251871 
0.1670362 0.7829053 0.05005846 
0.09490162 0.8689441 0.03615429 
0.1264914 0.8260969 0.04741163 
0.09017411 0.8133371 0.09648881 
0.1016506 0.8491945 0.04915493 
0.09191071 0.8136097 0.09447957 
0.08607698 0.7934308 0.1204923 
0.09006871 0.8515269 0.05840439 
0.1272632 0.8071338 0.06560304 
0.06675458 0.808658 0.1245874 
0.1072232 0.795102 0.09767481 
0.1184166 0.7712368 0.1103467 
0.1285448 0.7967517 0.0747035 
0.09348468 0.8291525 0.07736286 
0.1042656 0.8389017 0.05683273 
0.1643621 0.7783886 0.05724935 
0.1254053 0.826386 0.04820865 
0.1394196 0.8076848 0.05289558 
0.1311792 0.7981047 0.07071611 
0.174777 0.7865286 0.03869437 
0.1575475 0.7670973 0.07535529 
0.0968499 0.85663 0.04652007 
0.1841759 0.7600142 0.05580982 
0.1185498 0.8067987 0.07465147 
0.1728648 0.7839262 0.04320894 
0.2173967 0.7271685 0.05543484 
0.09734935 0.8385501 0.0641006 
0.1059322 0.8284172 0.06565064 
0.07125959 0.8623541 0.06638633 
0.1018702 0.7844202 0.1137096 
0.1657982 0.7617598 0.07244206 
0.1759447 0.7805176 0.04353775 
0.1083667 0.8030645 0.08856884 
0.135565 0.7845864 0.07984854 
0.1827417 0.7575065 0.05975178 
0.1517283 0.8045357 0.04373598 
0.1090192 0.780691 0.1102898 
0.09550751 0.8652646 0.0392279 
0.1148647 0.8420679 0.04306741 
0.1433645 0.8161854 0.04045007 
0.1758466 0.7461955 0.07795793 
0.2071597 0.74847 0.04437033 
0.09668348 0.806027 0.09728952 
0.1216536 0.8093072 0.0690392 
0.1803986 0.726706 0.09289537 
0.08921128 0.8357377 0.07505102 
0.1527779 0.7929671 0.05425495 
0.1432063 0.8228715 0.03392224 
0.1648025 0.8033882 0.03180934 
0.1898769 0.7571626 0.05296054 
0.1004829 0.8140477 0.08546937 
0.1824898 0.7854046 0.03210552 
0.1284936 0.787851 0.08365542 
0.1050132 0.811418 0.08356875 
0.1794498 0.7683072 0.05224297 
0.05353738 0.7287612 0.2177014 
0.04294248 0.7885974 0.1684601 
0.03643737 0.8228663 0.1406964 
0.09062463 0.7235431 0.1858323 
0.1144405 0.769901 0.1156585 
0.07894038 0.7205931 0.2004665 
0.05859858 0.8340671 0.1073343 
0.05662065 0.8076585 0.1357209 
0.04004638 0.8462293 0.1137243 
0.0544502 0.8115018 0.134048 
0.05336814 0.6755588 0.271073 
0.07640094 0.7995883 0.1240108 
0.1093982 0.7301013 0.1605005 
0.01996024 0.8842915 0.0957483 
0.08805687 0.7658124 0.1461307 
0.04404687 0.7986122 0.1573409 
0.04696297 0.7795875 0.1734495 
0.1612858 0.7624162 0.07629797 
0.1192112 0.7290368 0.1517519 
0.05395628 0.8228141 0.1232296 
0.1358347 0.7142122 0.1499531 
0.09031143 0.8336898 0.07599876 
0.04714956 0.7822507 0.1705998 
0.1162702 0.748967 0.1347628 
0.03090243 0.8092492 0.1598483 
0.05910254 0.7148345 0.226063 
0.1204846 0.7823887 0.09712675 
0.1424762 0.7277852 0.1297386 
0.04709345 0.7425737 0.2103328 
0.0467406 0.7865333 0.1667261 
0.05468456 0.760196 0.1851195 
0.03397018 0.7932864 0.1727434 
0.03985295 0.8801244 0.08002267 
0.05142115 0.8163619 0.132217 
0.08479958 0.8050114 0.110189 
0.06021209 0.8124167 0.1273712 
0.02922591 0.8243507 0.1464234 
0.03521018 0.8247206 0.1400692 
0.06725655 0.7591947 0.1735487 
0.1076364 0.8141453 0.07821827 
0.1207738 0.7243906 0.1548356 
0.09212205 0.7781977 0.1296802 
0.06052682 0.7994279 0.1400453 
0.05271903 0.7781884 0.1690926 
0.1040771 0.7516919 0.144231 
0.05972788 0.8001758 0.1400963 
0.04512652 0.7386088 0.2162646 
0.04315652 0.769735 0.1871085 
0.07189497 0.7481213 0.1799837 
0.0957891 0.7676988 0.1365121 
0.08006829 0.8148247 0.1051071 
0.0657246 0.8075754 0.1267 
0.05112623 0.7862665 0.1626073 
0.04739949 0.797116 0.1554845 
0.0527028 0.8439565 0.1033407 
0.09537105 0.7430149 0.161614 
0.04119662 0.7811748 0.1776286 
0.08117797 0.7603351 0.1584869 
0.05378391 0.7930251 0.153191 
0.04665771 0.7911101 0.1622322 
0.08878487 0.7471711 0.164044 
0.0684341 0.7634069 0.168159 
0.05861058 0.7323755 0.2090139 
0.08976042 0.7226072 0.1876323 
0.05355655 0.8232481 0.1231953 
0.02933648 0.8271489 0.1435146 
0.08035371 0.7686614 0.1509848 
0.03907046 0.7903623 0.1705673 
0.08627985 0.7969754 0.1167448 
0.07098155 0.7817122 0.1473062 
0.08783268 0.7692265 0.1429408 
0.09531044 0.7779949 0.1266947 
0.064685 0.7294258 0.2058892 
0.02581402 0.7762632 0.1979228 
0.06525809 0.8014265 0.1333154 
0.08364594 0.7086924 0.2076617 
0.09554417 0.8279449 0.07651089 
0.03570268 0.8534861 0.1108112 
0.07554278 0.7789505 0.1455067 
0.08637896 0.8025206 0.1111004 
0.0594595 0.7848324 0.1557081 
0.08526136 0.7961613 0.1185774 
0.1788773 0.7496103 0.0715124 
0.09375013 0.8437358 0.06251404 
0.1114273 0.7354422 0.1531306 
0.07577338 0.6325838 0.2916428 
0.04843254 0.775406 0.1761615 
0.02985313 0.7747885 0.1953584 
0.0306083 0.7975661 0.1718256 
0.04313402 0.8401337 0.1167323 
0.07227342 0.8124284 0.1152982 
0.09564454 0.7092228 0.1951327 
0.06379313 0.8175413 0.1186655 
0.05053323 0.8343147 0.1151521 
0.03825096 0.8062364 0.1555126 
0.1116824 0.7653629 0.1229547 
0.04767638 0.8410509 0.1112727 
0.1281168 0.7740111 0.09787208 
0.05246399 0.7787016 0.1688344 
0.1227609 0.7835072 0.09373184 
0.0823198 0.8165157 0.1011645 
0.05773872 0.8216508 0.1206105 
0.1031598 0.720586 0.1762542 
0.04081818 0.8150912 0.1440907 
0.01862745 0.7456279 0.2357446 
0.03702216 0.8687138 0.09426406 
0.1020415 0.7075867 0.1903718 
0.04455428 0.7899342 0.1655116 
0.1133851 0.7957715 0.0908434 
0.01719357 0.8134512 0.1693552 
0.1187408 0.7604208 0.1208385 
0.0002533441 0.8579097 0.141837 
0.03862523 0.8009941 0.1603806 
0.05071469 0.8492208 0.1000645 
0.07177432 0.7928936 0.1353321 
0.04733994 0.877945 0.0747151 
0.07461912 0.7948292 0.1305517 
0.03214284 0.8558732 0.111984 
0.0661906 0.8076775 0.1261319 
0.05630673 0.8384433 0.1052499 
0.05773236 0.8563435 0.08592415 
0.03499263 0.8062445 0.1587629 
0.02319857 0.7812513 0.1955501 
0.06859185 0.765294 0.1661141 
0.1094947 0.7567989 0.1337065 
0.04025451 0.834311 0.1254345 
0.05136383 0.7783524 0.1702838 
0.1220659 0.770135 0.1077991 
0.02871854 0.8191755 0.1521059 
0.1330322 0.7443732 0.1225946 
0.06893419 0.8260253 0.1050405 
0.08214178 0.841175 0.0766832 
0.07916773 0.8089314 0.1119009 
0.04993898 0.8073616 0.1426994 
0.05952569 0.7979521 0.1425222 
0.1385662 0.729561 0.1318728 
0.04556559 0.8226086 0.1318258 
0.02191192 0.7344121 0.2436759 
0.05645591 0.7944754 0.1490687 
0.0827968 0.7717097 0.1454935 
0.05888988 0.8461767 0.09493344 
0.04856316 0.8380999 0.113337 
0.1589259 0.7769594 0.06411463 
0.1727848 0.8260926 0.001122662 
0.1237854 0.8315147 0.04469987 
0.1561845 0.8386443 0.005171168 
0.229376 0.7618125 0.008811556 
0.1823221 0.8025429 0.01513503 
0.2526823 0.7303078 0.01700994 
0.1280519 0.8009973 0.07095077 
0.1653595 0.7606474 0.07399309 
0.1548593 0.7473912 0.09774949 
0.1205245 0.8141942 0.06528121 
0.1912739 0.7455266 0.06319948 
0.1151537 0.8099555 0.07489085 
0.1470129 0.7786914 0.0742957 
0.1571945 0.8197125 0.02309295 
0.1397197 0.8344742 0.02580608 
0.1015159 0.7736387 0.1248454 
0.1560859 0.8287109 0.01520326 
0.1952322 0.729205 0.07556279 
0.06895915 0.8995517 0.03148918 
0.1463845 0.8125696 0.04104588 
0.1641366 0.7978423 0.03802104 
0.1160708 0.8398154 0.04411382 
0.07975713 0.8919405 0.02830238 
0.1416573 0.7779609 0.0803818 
0.1810215 0.7473604 0.07161815 
0.07442381 0.8642481 0.06132809 
0.1348446 0.8384532 0.02670214 
0.1363768 0.8033997 0.06022357 
0.1733252 0.7730078 0.05366693 
0.1134 0.8066617 0.07993833 
0.1379331 0.8250819 0.03698496 
0.08176231 0.873854 0.04438368 
0.1088899 0.7839082 0.1072019 
0.1047348 0.7732077 0.1220575 
0.188543 0.758502 0.052955 
0.1566718 0.7998828 0.04344541 
0.1578238 0.7812057 0.06097055 
0.1527274 0.7853377 0.06193486 
0.1173813 0.8005053 0.08211332 
0.1470632 0.8079348 0.04500197 
0.09691278 0.8578855 0.04520168 
0.1218272 0.8081729 0.06999988 
0.1162688 0.823556 0.0601752 
0.1802928 0.7505052 0.069202 
0.1166704 0.8548551 0.02847448 
0.1377956 0.8413426 0.02086175 
0.1745045 0.7619385 0.06355702 
0.1108137 0.7694386 0.1197478 
0.2247717 0.7728425 0.002385784 
0.1704381 0.7926725 0.03688935 
0.1681573 0.7759622 0.05588044 
0.2178059 0.7295301 0.05266394 
0.1511571 0.7819181 0.06692482 
0.07484757 0.7931191 0.1320334 
0.09386123 0.7660613 0.1400774 
0.03522339 0.8114098 0.1533668 
0.05147939 0.8183507 0.1301699 
0.03256716 0.7991137 0.1683191 
0.07678252 0.786093 0.1371244 
0.05103809 0.8313051 0.1176568 
0.0646609 0.8218508 0.1134883 
0.08325789 0.7852689 0.1314732 
0.07725203 0.7155803 0.2071677 
0.04446932 0.8083793 0.1471514 
0.09411282 0.8153008 0.09058633 
0.0868572 0.7465383 0.1666045 
0.06604567 0.7862654 0.1476889 
0.06988982 0.8044435 0.1256667 
0.06203747 0.8278948 0.1100678 
0.05636679 0.6911929 0.2524403 
0.08963645 0.7945292 0.1158343 
0.03409419 0.838994 0.1269118 
0.06335194 0.8001603 0.1364878 
0.0773689 0.8205464 0.1020847 
0.03447994 0.7784235 0.1870966 
0.06444152 0.8020174 0.1335411 
0.08034488 0.7909461 0.1287091 
0.05576156 0.7727409 0.1714976 
0.07763108 0.7842771 0.1380918 
0.08063735 0.7465763 0.1727863 
0.02386242 0.7875021 0.1886355 
0.06447413 0.7168434 0.2186824 
0.02089439 0.8950942 0.0840114 
0.06076155 0.7753003 0.1639381 
0.07391201 0.7853134 0.1407746 
0.03018439 0.8662971 0.1035185 
0.1174748 0.6855956 0.1969296 
0.04437567 0.7643485 0.1912759 
0.1071038 0.7678393 0.1250568 
0.1167641 0.739433 0.1438029 
0.05678234 0.8761046 0.06711303 
0.1024481 0.7794947 0.1180572 
0.09276006 0.762206 0.145034 
0.05771184 0.745518 0.1967702 
0.06378758 0.8333669 0.1028455 
0.04856607 0.838294 0.1131399 
0.07775143 0.8368047 0.08544391 
0.03498242 0.8515561 0.1134615 
0.02739562 0.8157748 0.1568295 
0.05640878 0.800623 0.1429682 
0.04735639 0.8140357 0.1386079 
0.07111586 0.802547 0.1263371 
0.05307759 0.8291484 0.117774 
0.06308682 0.8257736 0.1111396 
0.0770838 0.8198195 0.1030967 
0.128426 0.7861171 0.08545687 
0.07333065 0.781287 0.1453824 
0.05563497 0.7969209 0.1474442 
0.0509071 0.7698838 0.1792091 
0.07558563 0.8181974 0.1062169 
0.1094753 0.7862501 0.1042746 
0.04768927 0.8220709 0.1302399 
0.01265409 0.8210011 0.1663448 
0.05351445 0.8629708 0.08351477 
0.03762773 0.8459528 0.1164195 
0.04783627 0.8086349 0.1435289 
0.06958282 0.8246582 0.1057589 
0.03893963 0.8265412 0.1345192 
0.08169049 0.7822301 0.1360794 
0.05151025 0.8149383 0.1335515 
0.03227074 0.7680103 0.1997189 
0.03939937 0.8061574 0.1544432 
0.05212608 0.8427825 0.1050914 
0.06737336 0.7818221 0.1508045 
0.09799025 0.7716383 0.1303715 
0.03514354 0.8275715 0.137285 
0.0469201 0.8377826 0.1152973 
0.1092935 0.7807627 0.1099438 
0.07053954 0.8045955 0.124865 
0.09298115 0.7843286 0.1226902 
0.1018521 0.7254805 0.1726674 
0.06127452 0.759233 0.1794925 
0.03717133 0.8409012 0.1219275 
0.06123349 0.7360304 0.2027361 
0.04483249 0.7978665 0.157301 
0.09075533 0.7115447 0.1977 
0.04745038 0.7893548 0.1631948 
0.05292604 0.8372173 0.1098566 
0.06797334 0.7987692 0.1332574 
0.07756441 0.7920737 0.1303619 
0.1039553 0.7404716 0.1555731 
0.03669589 0.8015261 0.161778 
0.06530102 0.7044205 0.2302785 
0.08154277 0.7515138 0.1669434 
0.1305362 0.7369237 0.1325402 
0.06970211 0.8157535 0.1145444 
0.02960616 0.8258831 0.1445107 
0.06375403 0.8197259 0.1165201 
0.02327113 0.8241687 0.1525601 
0.08430383 0.722178 0.1935182 
0.06837784 0.7516761 0.179946 
0.03234493 0.7939519 0.1737032 
0.2065848 0.718337 0.0750782 
0.1223228 0.7233618 0.1543154 
0.04691921 0.8208274 0.1322534 
0.03318584 0.7669419 0.1998723 
0.042834 0.8543438 0.1028222 
0.1388922 0.6547272 0.2063806 
0.03323337 0.756596 0.2101706 
0.0351439 0.7115827 0.2532734 
0.07088028 0.8149638 0.1141559 
0.07328205 0.8340364 0.09268154 
0.09643059 0.7634238 0.1401456 
0.07268812 0.8287665 0.09854542 
0.1066252 0.7386165 0.1547583 
0.06362266 0.8141795 0.1221978 
0.09103029 0.7600883 0.1488814 
0.06417162 0.7712021 0.1646263 
0.033896 0.8215815 0.1445225 
0.06245769 0.7951557 0.1423866 
0.04235733 0.7966333 0.1610093 
0.07064208 0.8195492 0.1098087 
0.05329119 0.7707884 0.1759204 
0.03178513 0.797877 0.1703378 
0.1050749 0.7126881 0.182237 
0.02394469 0.8721769 0.1038784 
0.06995946 0.7555764 0.1744642 
0.05088759 0.7879566 0.1611558 
0.05188457 0.7440029 0.2041126 
0.07620739 0.8019998 0.1217928 
0.0945746 0.7862232 0.1192022 
0.08786316 0.79558 0.1165569 
0.0194047 0.8503171 0.1302782 
0.00460252 0.7586283 0.2367692 
0.02102581 0.8704392 0.1085349 
0.003959704 0.8133269 0.1827134 
0.03423442 0.7554563 0.2103093 
0.1036846 0.7865552 0.1097602 
0.02443252 0.8224353 0.1531322 
0.1092354 0.7350431 0.1557214 
0.03391106 0.905113 0.06097595 
0.07261873 0.8086611 0.1187202 
0.07550649 0.7491761 0.1753174 
0.1111184 0.7083687 0.1805129 
0.0685487 0.8035957 0.1278556 
0.04475944 0.7353073 0.2199333 
0.06595625 0.8234631 0.1105806 
0.09233419 0.7359058 0.17176 
0.08337807 0.8328267 0.08379525 
0.09739631 0.7370789 0.1655248 
0.04152617 0.7647995 0.1936743 
0.09709045 0.7883044 0.1146052 
0.1134311 0.7949057 0.0916632 
0.05434345 0.7602521 0.1854044 
0.05759383 0.8313741 0.111032 
0.05108162 0.7680715 0.1808469 
0.06417365 0.7758132 0.1600132 
0.08400517 0.8087006 0.1072942 
0.2090461 0.6965303 0.09442361 
0.08683746 0.7453974 0.1677651 
0.05168756 0.751741 0.1965715 
0.07987637 0.7783563 0.1417674 
0.03823534 0.8368421 0.1249225 
0.06484542 0.8307405 0.104414 
0.1104018 0.796522 0.09307622 
0.07396319 0.7683274 0.1577094 
0.04228971 0.8197759 0.1379344 
0.05959703 0.726165 0.2142379 
0.06977199 0.7969273 0.1333007 
0.08149666 0.7901314 0.128372 
0.03564333 0.7879519 0.1764048 
0.04903637 0.8069987 0.1439649 
0.04216097 0.7780658 0.1797732 
0.04195227 0.8289862 0.1290615 
0.09267372 0.7747261 0.1326002 
0.07206926 0.6828275 0.2451032 
0.07923305 0.8004767 0.1202903 
0.07808283 0.8522299 0.06968723 
0.05687213 0.721236 0.2218919 
0.04283777 0.8202312 0.136931 
0.04636351 0.7548624 0.198774 
0.05620479 0.8122166 0.1315786 
0.06496688 0.8385837 0.0964494 
0.03791983 0.737403 0.2246771 
0.05479081 0.7912906 0.1539186 
0.0321108 0.788786 0.1791032 
0.04157089 0.7871927 0.1712364 
0.03206421 0.8230853 0.1448505 
0.05497067 0.7547756 0.1902538 
0.05039701 0.8561123 0.09349064 
0.02496958 0.8345722 0.1404582 
0.07611764 0.7432313 0.180651 
0.08118394 0.7922769 0.1265392 
0.08149979 0.7961673 0.1223329 
0.06545377 0.823037 0.1115092 
0.07656761 0.8045044 0.118928 
0.06895317 0.7477973 0.1832495 
0.04455807 0.7748988 0.1805431 
0.02378041 0.8318059 0.1444137 
0.08687089 0.7718693 0.1412599 
0.1276708 0.7532492 0.11908 
0.07761243 0.8001212 0.1222664 
0.05668166 0.7382233 0.205095 
0.1843646 0.6981093 0.117526 
0.07670322 0.6863536 0.2369432 
0.05487807 0.744682 0.2004399 
0.05020897 0.8271209 0.1226701 
0.05408415 0.7864272 0.1594887 
0.08240941 0.7814124 0.1361782 
0.06294152 0.6774094 0.2596491 
0.04662037 0.7758264 0.1775533 
0.05020469 0.866239 0.08355635 
0.08090094 0.8029069 0.1161921 
0.06421822 0.7879226 0.1478592 
0.1167485 0.8373044 0.04594707 
0.04405491 0.8391886 0.1167565 
0.04744127 0.8191671 0.1333917 
0.05379926 0.8292402 0.1169605 
0.05201427 0.7655786 0.1824071 
0.06147475 0.7799189 0.1586063 
0.06803682 0.7263367 0.2056265 
0.05636749 0.8616181 0.08201445 
0.09194617 0.7267106 0.1813433 
0.0583559 0.8246514 0.1169927 
0.05625736 0.8663214 0.07742129 
0.04981202 0.8443945 0.1057935 
0.09706716 0.6990977 0.2038351 
0.02491568 0.8601911 0.1148933 
0.02656916 0.8040283 0.1694025 
0.03015143 0.8047559 0.1650927 
0.09784237 0.659995 0.2421626 
0.02396759 0.871094 0.1049385 
0.07157401 0.7818946 0.1465314 
0.1182291 0.7269904 0.1547805 
0.1042137 0.7594802 0.1363061 
0.04970091 0.7479739 0.2023252 
0.1404602 0.7489626 0.1105772 
0.08982199 0.7571593 0.1530187 
0.09609853 0.7208721 0.1830293 
0.04873827 0.8428474 0.1084143 
0.07926237 0.7957915 0.1249462 
0.0372438 0.7976029 0.1651534 
0.1075306 0.7670788 0.1253906 
0.09420339 0.7686515 0.1371451 
0.05867681 0.8074481 0.133875 
0.05275851 0.8696403 0.07760122 
0.1252777 0.7211116 0.1536107 
0.0427666 0.8269416 0.1302918 
0.07335146 0.8016416 0.1250069 
0.04084778 0.8022072 0.1569451 
0.07431403 0.7827398 0.1429462 
0.06009492 0.8035528 0.1363523 
0.07497329 0.7871927 0.137834 
0.05485585 0.7802458 0.1648984 
0.02831565 0.8315574 0.140127 
0.072953 0.7434187 0.1836283 
0.07778131 0.801021 0.1211977 
0.06081396 0.7580415 0.1811446 
0.09353431 0.687244 0.2192217 
0.09030995 0.7588622 0.1508279 
0.04987063 0.7538577 0.1962716 
0.07782672 0.7332274 0.1889459 
0.06345654 0.7559851 0.1805583 
0.05886641 0.8105954 0.1305382 
0.0301429 0.8548708 0.1149863 
0.06655667 0.8034196 0.1300237 
0.02855341 0.8399519 0.1314947 
0.06886499 0.7444331 0.1867019 
0.09579749 0.7217032 0.1824993 
0.04769735 0.821635 0.1306677 
0.03314615 0.8424773 0.1243766 
0.07070933 0.7559361 0.1733546 
0.02004345 0.7171254 0.2628311 
0.1098207 0.732346 0.1578333 
0.1039545 0.7860884 0.109957 
0.03671914 0.8803971 0.08288373 
0.02339999 0.8774407 0.09915932 
0.1013597 0.7531796 0.1454607 
0.06776822 0.8409574 0.09127433 
0.05346309 0.8043942 0.1421427 
0.04520746 0.8503224 0.1044701 
0.03847817 0.8162217 0.1453001 
0.03297 0.8112188 0.1558112 
0.07688795 0.7796639 0.1434481 
0.04118501 0.8156549 0.1431601 
0.0527839 0.8221621 0.125054 
0.04704799 0.7853605 0.1675916 
0.03494397 0.8153724 0.1496836 
0.07118363 0.8126543 0.116162 
0.1245725 0.6715 0.2039275 
0.1154847 0.7221294 0.1623859 
0.05107313 0.7437207 0.2052062 
0.05780007 0.799334 0.1428659 
0.04299192 0.7732724 0.1837356 
0.04200996 0.8418627 0.1161273 
0.07109947 0.8156972 0.1132034 
0.08897065 0.6994606 0.2115687 
0.08838123 0.7863639 0.1252549 
0.1022935 0.7821607 0.1155458 
0.1319163 0.7455396 0.1225441 
0.07661227 0.771563 0.1518248 
0.04282871 0.7729701 0.1842012 
0.03468148 0.8247127 0.1406058 
0.121049 0.7758694 0.1030815 
0.01715871 0.8132781 0.1695632 
0.03970731 0.8458449 0.1144478 
0.06686807 0.8024273 0.1307046 
0.08588254 0.7492847 0.1648328 
0.0526263 0.7809892 0.1663845 
0.06256651 0.8504615 0.086972 
0.05912774 0.8205359 0.1203363 
0.07029943 0.8052243 0.1244763 
0.06552775 0.7678299 0.1666423 
0.09192782 0.8030718 0.1050004 
0.05818585 0.8376583 0.1041558 
0.07366796 0.8133502 0.1129819 
0.03503095 0.905968 0.05900108 
0.06125437 0.815253 0.1234927 
0.02647901 0.7617727 0.2117483 
0.03344775 0.8249927 0.1415596 
0.05208051 0.7996241 0.1482954 
0.05710419 0.7618854 0.1810104 
0.1512475 0.7424081 0.1063444 
0.05000804 0.7642818 0.1857102 
0.02785195 0.8868852 0.08526285 
0.02964439 0.8647275 0.1056281 
0.04793496 0.7970134 0.1550517 
0.1017209 0.746043 0.1522361 
0.05639378 0.8210294 0.1225769 
0.05150604 0.8556174 0.09287652 
0.07221471 0.785066 0.1427193 
0.02849026 0.8090903 0.1624194 
0.04469115 0.7961503 0.1591585 
0.06620546 0.7863743 0.1474203 
0.02628654 0.8607385 0.112975 
0.0907859 0.7507869 0.1584272 
0.06154909 0.8029037 0.1355472 
0.04009186 0.8131602 0.146748 
0.04941403 0.8215824 0.1290036 
0.03918353 0.8162864 0.14453 
0.04572409 0.8307111 0.1235648 
0.05439467 0.8105796 0.1350257 
0.127779 0.7971938 0.07502716 
0.09766886 0.7376466 0.1646845 
0.05386989 0.74287 0.2032602 
0.08483694 0.8367117 0.07845134 
0.04992196 0.8391438 0.1109342 
0.1572904 0.6802451 0.1624645 
0.1131905 0.7944395 0.09237001 
0.09767704 0.7961674 0.1061555 
0.04360257 0.854392 0.1020055 
0.06681476 0.818315 0.1148702 
0.03240274 0.8588314 0.1087658 
0.0878494 0.8124189 0.0997317 
0.1084685 0.7611745 0.130357 
0.05753066 0.8785914 0.06387799 
0.04984753 0.7677025 0.18245 
0.01890609 0.8657743 0.1153196 
0.07072951 0.7460996 0.1831709 
0.0625884 0.7615668 0.1758448 
0.03154945 0.7813114 0.1871392 
0.05323781 0.7993394 0.1474228 
0.04226787 0.8162168 0.1415154 
0.04392735 0.8399954 0.1160772 
0.04151643 0.8752156 0.08326792 
0.07302256 0.7994675 0.1275099 
0.05286824 0.7042809 0.2428509 
0.07559227 0.7772488 0.1471589 
0.07318361 0.7961944 0.130622 
0.04860607 0.7784636 0.1729303 
0.05735219 0.8050308 0.137617 
0.003467621 0.7625141 0.2340183 
0.03585027 0.7901739 0.1739758 
0.03919239 0.8174527 0.1433549 
0.07893328 0.8039736 0.1170932 
0.09120643 0.7670804 0.1417131 
0.0805162 0.798789 0.1206948 
0.05333012 0.7971979 0.149472 
0.07053947 0.7621514 0.1673092 
0.03897042 0.8453848 0.1156448 
0.05644848 0.7973608 0.1461908 
0.03118167 0.826606 0.1422123 
0.0520406 0.7726659 0.1752935 
0.07459827 0.7616375 0.1637642 
0.04670808 0.7984031 0.1548888 
0.05754125 0.8380495 0.1044093 
0.0005105762 0.7945133 0.2049761 
0.05853092 0.818601 0.1228681 
0.04640026 0.8016586 0.1519412 
0.05834073 0.7932702 0.1483891 
0.08540265 0.7668731 0.1477242 
0.1144285 0.7225969 0.1629746 
0.03853198 0.8733657 0.08810234 
0.1066216 0.8273198 0.06605852 
0.08134508 0.8343504 0.08430447 
0.07203562 0.7903655 0.1375988 
0.1061005 0.8120874 0.08181207 
0.1059011 0.8217176 0.07238122 
0.08592224 0.7978185 0.1162593 
0.1015696 0.7858966 0.1125338 
0.01315808 0.8248046 0.1620373 
0.05941465 0.8248439 0.1157415 
0.08558653 0.7728506 0.1415629 
0.0866375 0.7754078 0.1379547 
0.08301263 0.7820033 0.1349841 
0.1442828 0.7920355 0.06368166 
0.05727356 0.796869 0.1458574 
0.04495429 0.7891295 0.1659162 
0.1013018 0.7529717 0.1457265 
0.04669935 0.7865316 0.166769 
0.07516155 0.7305822 0.1942562 
0.0481067 0.7936805 0.1582128 
0.06821863 0.8008999 0.1308815 
0.0736406 0.8152808 0.1110786 
0.0365856 0.8290257 0.1343887 
0.03262532 0.8408683 0.1265064 
0.06179999 0.8474172 0.09078278 
0.02735229 0.8095565 0.1630912 
0.03424805 0.7879018 0.1778501 
0.06681061 0.7818403 0.1513491 
0.04836923 0.7784287 0.173202 
0.05713311 0.7871507 0.1557161 
0.05384713 0.7448078 0.2013451 
0.05690875 0.7876338 0.1554575 
0.0790549 0.739112 0.1818331 
0.05155892 0.8290913 0.1193497 
0.05193824 0.8219335 0.1261282 
0.0544013 0.7827137 0.162885 
0.0526865 0.7936309 0.1536826 
0.0786727 0.8032367 0.1180906 
0.07369852 0.8157884 0.110513 
0.08504058 0.7620266 0.1529328 
0.04255126 0.8276475 0.1298012 
0.1200168 0.727868 0.1521152 
0.09078174 0.8010042 0.108214 
0.240967 0.7542326 0.004800412 
0.1432788 0.8098679 0.04685337 
0.1550163 0.8066341 0.03834954 
0.1622458 0.7609326 0.07682163 
0.177457 0.7552159 0.06732712 
0.158842 0.7788881 0.06226988 
0.1227194 0.8225382 0.05474239 
0.1329197 0.8130982 0.0539821 
0.1614352 0.7692337 0.06933105 
0.05725353 0.8984561 0.04429032 
0.1294918 0.8156889 0.05481932 
0.1433228 0.7776825 0.07899472 
0.1607969 0.7074463 0.1317568 
0.1750149 0.7113508 0.1136342 
0.1717555 0.7923994 0.03584508 
0.1800928 0.775118 0.04478917 
0.1752367 0.7870744 0.0376889 
0.1003596 0.8539105 0.04572987 
0.1178779 0.810669 0.07145318 
0.1571245 0.8026551 0.0402204 
0.1055178 0.8240933 0.07038886 
0.1359066 0.7968457 0.06724767 
0.168668 0.8035521 0.02777994 
0.1232565 0.8351099 0.04163358 
0.1450216 0.7963118 0.05866661 
0.1603971 0.8186673 0.02093562 
0.1649787 0.7064316 0.1285897 
0.1425643 0.8125985 0.04483721 
0.2320159 0.691151 0.07683314 
0.1582329 0.8047368 0.03703033 
0.1362338 0.8039697 0.0597965 
0.1669478 0.796445 0.03660727 
0.2659526 0.6895536 0.04449376 
0.1593103 0.7763185 0.06437118 
0.1253105 0.7723006 0.1023889 
0.1519515 0.8005983 0.04745019 
0.1717752 0.73857 0.08965472 
0.1386248 0.8132009 0.04817438 
0.1752687 0.7340833 0.09064791 
0.1552693 0.8003763 0.04435435 
0.1408572 0.8145456 0.04459721 
0.1137158 0.8221925 0.0640917 
0.06563222 0.796405 0.1379627 
0.1057708 0.7781292 0.1161 
0.123582 0.7998156 0.07660234 
0.107424 0.8496835 0.04289247 
0.1718224 0.7704128 0.0577648 
0.1002842 0.7961784 0.1035374 
0.07913722 0.8882294 0.03263334 
0.1555836 0.7930485 0.05136787 
0.09421729 0.8673727 0.03840998 
0.1952985 0.7695186 0.03518293 
0.1126494 0.8291609 0.05818974 
0.08837856 0.8008648 0.1107567 
0.2168768 0.70254 0.08058315 
0.1043809 0.7489109 0.1467082 
0.07727771 0.8617952 0.06092711 
0.08111584 0.8491873 0.0696969 
0.145942 0.74092 0.113138 
0.1428157 0.7959942 0.0611901 
0.1635847 0.7888921 0.04752326 
0.158048 0.7750991 0.06685285 
0.1847157 0.6950048 0.1202794 
0.1304731 0.7965004 0.07302647 
0.1756045 0.7567588 0.06763671 
0.1937607 0.7398768 0.06636256 
0.1376743 0.7934689 0.06885688 
0.1431595 0.8198292 0.03701128 
0.1251703 0.8472852 0.02754457 
0.173086 0.7484869 0.07842708 
0.0880306 0.8401842 0.07178524 
0.1031068 0.8186481 0.07824511 
0.149882 0.8097118 0.04040621 
0.1202938 0.7863541 0.09335213 
0.06852732 0.7766228 0.1548499 
0.108616 0.8104591 0.08092495 
0.1756706 0.7619267 0.06240266 
0.1520847 0.8346692 0.01324615 
0.1696344 0.7836651 0.04670052 
0.1723603 0.7714852 0.05615442 
0.1625542 0.8096371 0.02780872 
0.1906582 0.7290466 0.08029521 
0.2017703 0.7563517 0.04187792 
0.118599 0.8256346 0.05576636 
0.1060331 0.7920472 0.1019197 
0.1347822 0.7595892 0.1056287 
0.181481 0.7441161 0.07440296 
0.113875 0.8506211 0.03550394 
0.09753801 0.8471975 0.05526446 
0.1108359 0.7944981 0.09466606 
0.1695407 0.7527992 0.07766015 
0.1248548 0.7785587 0.09658643 
0.1355047 0.8135846 0.05091076 
0.2156939 0.767618 0.01668816 
0.1404884 0.8377454 0.02176612 
0.1250674 0.7868213 0.0881113 
0.1600022 0.7995131 0.04048466 
0.1757709 0.8026574 0.02157165 
0.1620293 0.790024 0.0479467 
0.175803 0.7598171 0.06437992 
0.1339366 0.7957341 0.0703293 
0.1252067 0.823862 0.05093131 
0.1200034 0.8230059 0.05699063 
0.1068484 0.8013277 0.09182387 
0.1141907 0.8450313 0.04077802 
0.1043118 0.8123445 0.08334372 
0.1063341 0.815493 0.07817286 
0.1657664 0.7826001 0.05163357 
0.1847909 0.7235635 0.09164559 
0.1731088 0.7500617 0.07682952 
0.1722696 0.7866355 0.04109494 
0.1926659 0.7264674 0.08086672 
0.2004185 0.7418355 0.05774602 
0.1504311 0.8055982 0.0439707 
0.1389743 0.7658586 0.09516712 
0.1241562 0.8062935 0.0695503 
0.1156366 0.8020666 0.08229677 
0.1425217 0.7901755 0.06730277 
0.1569522 0.7970305 0.04601734 
0.09699171 0.8793972 0.02361109 
0.2448476 0.6885158 0.06663666 
0.2111775 0.7689986 0.01982394 
0.1898448 0.7446369 0.06551838 
0.1171728 0.7961049 0.08672227 
0.1297275 0.8517311 0.01854149 
0.1220085 0.8260868 0.05190474 
0.1282296 0.8339584 0.037812 
0.1432726 0.8088297 0.04789763 
0.1082636 0.7644882 0.1272483 
0.1498985 0.7473978 0.1027036 
0.1613242 0.7822055 0.05647031 
0.1230144 0.8458523 0.03113328 
0.2023286 0.7745222 0.0231492 
0.128311 0.8018304 0.06985858 
0.1778818 0.7981873 0.02393086 
0.1955658 0.7166169 0.08781728 
0.1450441 0.7919921 0.0629638 
0.1176718 0.8506922 0.03163608 
0.1599666 0.7876376 0.05239581 
0.126339 0.7983068 0.0753542 
0.1145465 0.8583115 0.02714202 
0.1272199 0.854263 0.01851713 
0.1795646 0.7758 0.04463536 
0.1209445 0.8313293 0.04772612 
0.1119462 0.8351613 0.05289252 
0.1796005 0.7590787 0.06132082 
0.1898166 0.7631062 0.04707725 
0.122741 0.8338884 0.04337063 
0.1512691 0.7964213 0.05230961 
0.07020416 0.8548531 0.07494273 
0.1526149 0.7882655 0.05911963 
0.1621146 0.7169735 0.120912 
0.1540715 0.7547694 0.09115907 
0.1757404 0.7790671 0.04519254 
0.09394099 0.8485295 0.05752952 
0.09946034 0.8394575 0.06108214 
0.1822901 0.7306563 0.08705359 
0.1561009 0.808192 0.03570705 
0.1714802 0.7519414 0.07657849 
0.0849104 0.8665889 0.04850074 
0.1148048 0.8002962 0.084899 
0.1754111 0.7778069 0.04678193 
0.1677785 0.8018704 0.03035114 
0.1689269 0.7754214 0.05565171 
0.1723373 0.7828496 0.04481311 
0.1863439 0.7393856 0.07427049 
0.09760796 0.8477451 0.05464689 
0.1895021 0.7685754 0.0419225 
0.198625 0.7690066 0.0323684 
0.09266679 0.852494 0.05483926 
0.1745426 0.7820819 0.04337548 
0.1803683 0.740891 0.07874069 
0.1488795 0.7768167 0.07430381 
0.1220806 0.7867061 0.09121326 
0.09600468 0.8154049 0.08859041 
0.1423705 0.8160947 0.04153488 
0.1267559 0.788672 0.08457205 
0.1902281 0.7222586 0.08751328 
0.2146906 0.7453015 0.04000794 
0.1372687 0.7522182 0.1105131 
0.1793402 0.779023 0.0416368 
0.1897346 0.766672 0.04359339 
0.1936126 0.7688857 0.03750161 
0.171471 0.7985386 0.0299904 
0.1556549 0.80305 0.04129517 
0.1479625 0.7813307 0.07070687 
0.1405932 0.7395173 0.1198895 
0.0887324 0.8894459 0.02182167 
0.1267053 0.7993127 0.07398197 
0.1400921 0.7528131 0.1070948 
0.1314511 0.8154332 0.05311572 
0.2205433 0.7611737 0.01828301 
0.1003054 0.8451429 0.05455172 
0.1872458 0.773956 0.03879826 
0.09974127 0.8054381 0.09482062 
0.130539 0.8145829 0.05487815 
0.156527 0.7733084 0.07016462 
0.2339979 0.7535674 0.0124347 
0.2094758 0.7560222 0.03450198 
0.1129511 0.8469111 0.0401378 
0.2547434 0.6828326 0.062424 
0.195677 0.7836056 0.0207174 
0.1066532 0.8189921 0.07435471 
0.1983341 0.7925252 0.009140694 
0.1708309 0.7939021 0.03526699 
0.1347327 0.7339972 0.1312701 
0.1287573 0.8042277 0.067015 
0.1104133 0.7725346 0.1170521 
0.1540481 0.7903749 0.05557703 
0.09828079 0.8579315 0.04378767 
0.1450206 0.8039697 0.05100972 
0.1131077 0.8051663 0.08172598 
0.1859698 0.7502428 0.06378745 
0.1729462 0.7984963 0.0285575 
0.06703928 0.7776473 0.1553134 
0.2076449 0.7391459 0.05320915 
0.1562815 0.7407608 0.1029577 
0.1566564 0.767976 0.07536753 
0.1443784 0.8046834 0.05093822 
0.1664413 0.7841164 0.04944229 
0.1273828 0.8136571 0.05896009 
0.08755616 0.8528021 0.05964178 
0.1404894 0.7975926 0.06191805 
0.0938085 0.8651355 0.04105602 
0.1335154 0.7969403 0.06954422 
0.1476229 0.7492959 0.1030811 
0.08213179 0.8716472 0.04622099 
0.1898235 0.7397904 0.07038611 
0.123451 0.7865101 0.09003887 
0.0941348 0.8269318 0.07893336 
0.1117092 0.7997788 0.08851195 
0.06595351 0.8786629 0.05538359 
0.1645764 0.7095192 0.1259043 
0.2011634 0.7968568 0.001979723 
0.216145 0.7837194 0.0001355784 
0.1680162 0.8217423 0.01024147 
0.1595658 0.7996859 0.04074834 
0.2161083 0.6748444 0.1090473 
0.1165701 0.845827 0.03760284 
0.1906401 0.7836174 0.02574257 
0.1261739 0.757804 0.1160221 
0.09669836 0.8481999 0.05510171 
0.1395689 0.8005295 0.0599016 
0.1316596 0.8203398 0.04800057 
0.1470335 0.7850249 0.06794156 
0.105541 0.8360838 0.05837525 
0.1565575 0.7805163 0.06292624 
0.2018505 0.7100491 0.08810039 
0.1401033 0.7694169 0.09047987 
0.1026276 0.7601356 0.1372368 
0.1766981 0.7610011 0.06230077 
0.1446568 0.7839981 0.0713451 
0.1593132 0.7936952 0.04699163 
0.1244402 0.7870445 0.0885153 
0.2646284 0.6878724 0.04749912 
0.1168922 0.8475008 0.035607 
0.1933675 0.7295751 0.07705744 
0.1091887 0.8208071 0.0700042 
0.1248183 0.736932 0.1382497 
0.1555829 0.7361868 0.1082304 
0.09091652 0.7655679 0.1435156 
0.1449432 0.7609589 0.09409792 
0.1077241 0.8134801 0.07879576 
0.1298491 0.7714687 0.09868223 
0.1650478 0.7726474 0.06230477 
0.2010743 0.7496276 0.04929815 
0.08750273 0.8477754 0.06472185 
0.157558 0.7848969 0.05754519 
0.09618122 0.8454672 0.05835156 
0.1519 0.7736891 0.07441086 
0.1758175 0.7787485 0.04543401 
0.1320584 0.7614948 0.1064467 
0.1531306 0.7765969 0.07027251 
0.1253006 0.7625908 0.1121086 
0.2042617 0.7333026 0.06243567 
0.1565077 0.758886 0.08460632 
0.1225397 0.8146453 0.06281505 
0.1319773 0.8013794 0.06664324 
0.1196434 0.8247727 0.05558394 
0.1213217 0.8062951 0.07238313 
0.1688166 0.7697699 0.06141352 
0.1194779 0.8511966 0.02932545 
0.1163762 0.8099499 0.07367397 
0.1387093 0.7903652 0.07092556 
0.1598997 0.7773428 0.06275753 
0.2267045 0.71984 0.0534555 
0.09193358 0.7748631 0.1332033 
0.1525866 0.7507822 0.09663125 
0.1370276 0.7629637 0.1000088 
0.1582788 0.7900459 0.05167532 
0.1220394 0.837341 0.04061962 
0.1763789 0.7639039 0.05971723 
0.1170477 0.8628335 0.0201188 
0.09453061 0.8738124 0.03165699 
0.1730418 0.7956664 0.03129187 
0.1656357 0.8078532 0.02651109 
0.07584283 0.8320087 0.09214846 
0.1601532 0.7683077 0.07153917 
0.1834441 0.758659 0.0578969 
0.1737758 0.776378 0.04984614 
0.07920102 0.852685 0.06811393 
0.07419934 0.8597456 0.0660551 
0.06705252 0.8687626 0.06418485 
0.1021427 0.8260277 0.07182958 
0.1259789 0.7284747 0.1455464 
0.1549752 0.7500383 0.0949865 
0.1527072 0.773274 0.07401877 
0.1550199 0.7773723 0.06760771 
0.08791521 0.867277 0.04480783 
0.1535929 0.7946144 0.05179268 
0.1318643 0.8373242 0.0308115 
0.1140717 0.85086 0.03506826 
0.1565406 0.7626101 0.08084931 
0.1774159 0.813865 0.008719137 
0.2135983 0.7250012 0.06140054 
0.148395 0.8175409 0.03406411 
0.1323861 0.7856646 0.0819493 
0.2135861 0.7649377 0.02147615 
0.143677 0.8495709 0.006752094 
0.219339 0.7617874 0.01887359 
0.07405841 0.8415424 0.08439917 
0.1357886 0.8311951 0.03301626 
0.09358566 0.8494699 0.05694448 
0.1998596 0.7320807 0.06805972 
0.1501016 0.8111514 0.03874706 
0.09651687 0.8543438 0.04913937 
0.1316073 0.7814496 0.08694306 
0.1127229 0.7803136 0.1069635 
0.1300556 0.8371363 0.03280802 
0.173649 0.7842446 0.04210641 
0.08818576 0.8153019 0.0965123 
0.1079688 0.7923882 0.09964302 
0.1714364 0.7738612 0.0547024 
0.1499275 0.8126124 0.03746008 
0.1414811 0.7967599 0.061759 
0.1295562 0.7877675 0.08267627 
0.1658493 0.8024559 0.03169483 
0.07875292 0.8400991 0.08114799 
0.1363026 0.7931923 0.07050511 
0.1260258 0.7607616 0.1132126 
0.1229516 0.7960251 0.08102327 
0.2295962 0.7370518 0.03335197 
0.1950157 0.7332899 0.07169441 
0.1163977 0.7899476 0.09365468 
0.1695791 0.7708109 0.05961002 
0.1486512 0.7621545 0.08919435 
0.09834723 0.7906663 0.1109864 
0.1879516 0.7807141 0.03133429 
0.1099268 0.7969901 0.09308311 
0.1733508 0.7393201 0.08732904 
0.1300349 0.8079152 0.06204997 
0.1106732 0.8288095 0.0605173 
0.1860618 0.7720573 0.04188089 
0.1941043 0.7445803 0.06131548 
0.1537914 0.7761949 0.07001371 
0.1236583 0.809184 0.0671577 
0.1286237 0.830949 0.04042731 
0.1087193 0.8577399 0.03354082 
0.1928423 0.7203284 0.08682935 
0.09857352 0.8110299 0.09039654 
0.1443814 0.8207803 0.03483835 
0.1299755 0.8011969 0.06882763 
0.1703269 0.7754415 0.05423159 
0.1447416 0.7557762 0.09948219 
0.1391817 0.774137 0.08668128 
0.1129429 0.7646299 0.1224272 
0.09310959 0.799264 0.1076264 
0.146226 0.7875618 0.06621216 
0.1870499 0.7460415 0.06690857 
0.1218742 0.8457137 0.03241213 
0.1479828 0.7799272 0.07209 
0.1499548 0.8048242 0.04522101 
0.1165775 0.8507838 0.0326387 
0.1289273 0.7420217 0.129051 
0.006050114 0.8300679 0.1638819 
0.01102634 0.827723 0.1612507 
0.004571765 0.7888397 0.2065886 
0.1259459 0.7505764 0.1234777 
0.08730056 0.8440258 0.06867366 
0.1518692 0.765033 0.08309782 
0.0936762 0.7364927 0.1698311 
0.05547587 0.7960196 0.1485045 
0.05652337 0.7828075 0.1606691 
0.08021337 0.7536634 0.1661232 
0.0575259 0.8170941 0.12538 
0.04405081 0.834651 0.1212982 
0.05122555 0.7333661 0.2154083 
0.05561583 0.7643915 0.1799926 
0.07130476 0.7925367 0.1361585 
0.06128452 0.78982 0.1488955 
0.05623763 0.7602917 0.1834706 
0.09888212 0.7208534 0.1802645 
0.05225324 0.8372571 0.1104897 
0.0781493 0.7491186 0.1727321 
0.0346621 0.8371752 0.1281627 
0.09481737 0.7639853 0.1411973 
0.07101582 0.8157031 0.113281 
0.05317261 0.7458369 0.2009904 
0.04531106 0.8116887 0.1430002 
0.1208719 0.7488907 0.1302374 
0.08650219 0.7934452 0.1200526 
0.1786612 0.7446112 0.07672757 
