"p_1" "p_2" "p_3"
0.1345302 0.7932325 0.07223735
0.1680232 0.7868303 0.04514645
0.1609484 0.774948 0.06410353
0.1756206 0.7636508 0.06072858
0.172959 0.7755312 0.05150984
0.1642627 0.7774719 0.05826536
0.1398461 0.8085298 0.05162415
0.1630318 0.7822226 0.05474564
0.1540966 0.7859719 0.05993156
0.1605366 0.7832729 0.05619048
0.1744969 0.7703581 0.05514508
0.1805562 0.7664135 0.05303025
0.1565001 0.7950392 0.04846073
0.1646384 0.766849 0.06851263
0.16341 0.7891164 0.04747355
0.1863126 0.7682017 0.04548574
0.1620722 0.7938088 0.04411904
0.157017 0.7788313 0.06415169
0.1732595 0.7776227 0.04911787
0.1737436 0.7745208 0.0517356
0.1734651 0.7906626 0.03587232
0.1620614 0.7781647 0.05977391
0.1598232 0.7794009 0.06077584
0.1674696 0.7702925 0.06223792
0.1596981 0.7845191 0.05578281
0.1651069 0.787081 0.04781206
0.1569247 0.791648 0.05142729
0.1787035 0.7675063 0.05379015
0.1771983 0.7731786 0.04962311
0.1694853 0.7668978 0.06361686
0.1680655 0.777718 0.0542165
0.1729609 0.7603052 0.0667339
0.1494766 0.7977669 0.05275655
0.1612871 0.7841114 0.05460144
0.1663791 0.7732126 0.06040831
0.1673518 0.7734903 0.05915786
0.1640011 0.7863061 0.04969278
0.15563 0.7863388 0.05803115
0.1596751 0.7894806 0.0508443
0.1590548 0.784633 0.05631216
0.1516912 0.79075 0.05755877
0.1608794 0.78756 0.05156058
0.1615666 0.7880584 0.05037498
0.1553995 0.7929858 0.05161468
0.1633738 0.783054 0.0535722
0.1610743 0.7907916 0.04813405
0.1600206 0.7788288 0.06115058
0.1593605 0.7872668 0.05337273
0.1542317 0.7890178 0.05675048
0.1539287 0.7868007 0.05927054
0.1634534 0.7867923 0.04975431
0.1652163 0.7750846 0.05969913
0.1563188 0.7969289 0.0467523
0.1562036 0.7869968 0.05679962
0.1647322 0.7865766 0.04869123
0.1602463 0.7797482 0.06000546
0.1560003 0.7905674 0.05343227
0.1948029 0.7480354 0.05716174
0.1598479 0.7861125 0.05403965
0.1615951 0.7737855 0.06461941
0.1544518 0.7914886 0.05405957
0.1556403 0.784949 0.05941076
0.1681294 0.7884319 0.04343869
0.1610771 0.7819457 0.05697723
0.1483931 0.790093 0.06151393
0.1665656 0.7730848 0.06034959
0.1520229 0.7798679 0.0681092
0.1829312 0.7706305 0.04643834
0.13143 0.811152 0.05741809
0.1593536 0.7857052 0.05494116
0.175025 0.7711985 0.05377653
0.1805328 0.7606041 0.05886311
0.1559163 0.7979031 0.04618064
0.1817194 0.76497 0.05331068
0.171948 0.7746803 0.05337169
0.1685397 0.777708 0.0537523
0.1627201 0.7910404 0.04623951
0.1630366 0.79591 0.04105342
0.1967106 0.7431711 0.06011824
0.1455884 0.8033056 0.05110599
0.1896093 0.7600423 0.05034835
0.1803495 0.7497252 0.06992536
0.1568222 0.7916117 0.0515661
0.1610063 0.7813469 0.05764678
0.1494745 0.7923376 0.05818791
0.1546938 0.7730729 0.07223328
0.1756299 0.7619336 0.06243648
0.1550293 0.7934826 0.0514881
0.1727398 0.7766082 0.05065198
0.1561719 0.7947303 0.04909781
0.1602376 0.7753382 0.06442428
0.1908332 0.7499262 0.05924058
0.1742752 0.7640319 0.06169285
0.1598652 0.7978961 0.0422387
0.144768 0.7980502 0.0571818
0.1515576 0.7839119 0.06453049
0.1700487 0.779081 0.05087025
0.1726254 0.764675 0.06269962
0.1577043 0.7789601 0.06333562
0.1807664 0.764663 0.05457057
0.1499859 0.8023151 0.04769895
0.1608801 0.7810289 0.05809103
0.1792497 0.7608106 0.05993964
0.1615288 0.8032089 0.03526228
0.1795201 0.7765013 0.04397856
0.154992 0.7849489 0.06005904
0.1794223 0.7592096 0.06136803
0.1802956 0.7580171 0.06168728
0.1416309 0.7986867 0.05968239
0.1711079 0.7743104 0.05458171
0.1691879 0.7659621 0.06484999
0.1627541 0.7819617 0.05528421
0.1552555 0.7880797 0.05666479
0.1717367 0.7674968 0.0607665
0.1581076 0.7963501 0.04554231
0.1686268 0.774439 0.05693417
0.1715292 0.7715776 0.05689316
0.1583695 0.7674979 0.07413267
0.181627 0.7633528 0.05502012
0.1750277 0.7798749 0.04509741
0.1602758 0.7825054 0.05721882
0.1617226 0.7886966 0.04958082
0.1813234 0.7617481 0.05692844
0.1575766 0.786408 0.05601542
0.1499963 0.7973069 0.05269682
0.1696459 0.7735369 0.05681714
0.1805894 0.7666981 0.05271241
0.174228 0.7760169 0.04975517
0.1612897 0.7862273 0.05248294
0.1863869 0.7738212 0.03979191
0.1693465 0.7646316 0.06602188
0.1530982 0.7878423 0.05905949
0.1682666 0.7592666 0.07246677
0.1542536 0.7961909 0.04955548
0.1545991 0.7917862 0.0536147
0.1647503 0.7678186 0.06743109
0.1558467 0.7817856 0.06236769
0.1405853 0.7985803 0.06083438
0.1731725 0.7673192 0.05950829
0.1516959 0.7957199 0.05258414
0.1648826 0.7675459 0.06757149
0.1507447 0.7939677 0.05528756
0.1597908 0.7769717 0.0632375
0.1600831 0.7885079 0.05140899
0.1552197 0.7860877 0.05869257
0.1551588 0.77731 0.06753123
0.1823994 0.7470099 0.0705907
0.1723796 0.7712687 0.05635167
0.1688126 0.7790187 0.05216877
0.1781274 0.7727304 0.04914225
0.1657451 0.7773551 0.05689979
0.166584 0.7795284 0.05388768
0.1925177 0.7457572 0.06172513
0.1618336 0.7743784 0.06378796
0.1913089 0.7569396 0.0517515
0.1784474 0.7743209 0.04723169
0.1653679 0.7735483 0.06108379
0.1591082 0.7932185 0.04767327
0.1908545 0.756333 0.05281251
0.1522709 0.798121 0.04960811
0.1641752 0.7822519 0.05357283
0.1648109 0.7753078 0.05988129
0.1453959 0.8013126 0.05329149
0.1653858 0.7848673 0.04974686
0.1608362 0.7825495 0.05661421
0.1519492 0.7887492 0.05930159
0.1880362 0.761664 0.05029978
0.1391344 0.8045606 0.05630508
0.1698447 0.7725633 0.05759191
0.1693983 0.7743418 0.05625995
0.1460316 0.7952925 0.0586759
0.1576868 0.7704197 0.07189349
0.1544982 0.7976193 0.04788244
0.1605871 0.7821319 0.05728092
0.139809 0.7959611 0.06422986
0.1550878 0.7876757 0.05723645
0.1579321 0.7762587 0.06580918
0.1614801 0.7702007 0.06831928
0.1576015 0.7854761 0.05692235
0.1677063 0.7692023 0.06309135
0.1710431 0.7778957 0.05106123
0.1749573 0.7652557 0.05978706
0.1522378 0.792329 0.05543315
0.1781214 0.7711448 0.05073377
0.1603888 0.7949162 0.04469504
0.1410139 0.8042637 0.05472244
0.1806719 0.7663524 0.05297572
0.1783407 0.769246 0.05241328
0.1620251 0.7752846 0.06269023
0.169248 0.7770712 0.05368082
0.1826354 0.7500846 0.06727995
0.155216 0.7729754 0.07180862
0.1613151 0.7678277 0.07085717
0.1681615 0.7800611 0.05177732
0.1585069 0.7878364 0.05365679
0.1809942 0.7559783 0.06302754
0.1608441 0.7905407 0.04861514
0.182442 0.7576889 0.05986908
0.1808778 0.7710172 0.04810505
0.1689985 0.771962 0.0590395
0.1594056 0.7667293 0.07386508
0.1615758 0.7696097 0.0688145
0.1660701 0.7711702 0.06275967
0.1534229 0.7867948 0.0597823
0.1546982 0.7904812 0.0548206
0.1469375 0.8035753 0.04948727
0.1447967 0.7939767 0.06122659
0.1529607 0.8046464 0.04239287
0.1634524 0.7835924 0.0529552
0.1532356 0.7970658 0.04969864
0.1669111 0.7539374 0.07915155
0.1645938 0.7841171 0.05128912
0.1739222 0.7689222 0.05715559
0.1690476 0.7913039 0.03964853
0.15623 0.7765722 0.06719777
0.1694585 0.7814081 0.04913344
0.1544792 0.7929439 0.05257686
0.164434 0.7746219 0.06094406
0.1722637 0.7741262 0.05361008
0.1812844 0.7681215 0.05059419
0.1591053 0.7832084 0.05768631
0.1817672 0.7645403 0.05369253
0.1502702 0.7896906 0.06003917
0.1754445 0.7657156 0.05883989
0.1569467 0.7880477 0.05500559
0.1546523 0.7897327 0.05561498
0.1373534 0.7952285 0.0674181
0.1736829 0.7788427 0.0474744
0.1482582 0.7955223 0.0562195
0.1565838 0.782719 0.06069725
0.1580153 0.7927675 0.04921728
0.1621552 0.7960121 0.04183273
0.1444313 0.7959629 0.05960576
0.1552315 0.7871315 0.05763702
0.1505297 0.8034544 0.04601587
0.1637192 0.7756133 0.06066747
0.1684562 0.7701917 0.06135212
0.1600953 0.7867053 0.0531994
0.1707623 0.7762736 0.0529641
0.1398602 0.8040558 0.05608403
0.1669603 0.7775148 0.0555249
0.1599938 0.7684472 0.07155897
0.157754 0.7747658 0.06748017
0.1668144 0.7890804 0.04410515
0.1480689 0.7974173 0.05451382
0.1566158 0.7878911 0.05549313
0.1733116 0.7629657 0.06372273
0.1507168 0.7999288 0.04935444
0.183282 0.7584771 0.05824096
0.1666226 0.7901749 0.04320249
0.1590319 0.7859617 0.05500636
0.1777354 0.7579973 0.06426727
0.1537643 0.7865142 0.05972151
0.1557097 0.7839646 0.06032574
0.1739927 0.7822448 0.04376243
0.1434855 0.7970702 0.05944432
0.1656138 0.7871105 0.04727568
0.1802605 0.7702559 0.04948357
0.1626102 0.7595511 0.07783872
0.1795872 0.7615104 0.05890234
0.1701674 0.7687077 0.06112489
0.153552 0.7879353 0.05851269
0.1738581 0.7814225 0.04471944
0.168099 0.779538 0.05236302
0.1790375 0.7688239 0.0521386
0.1697959 0.7776174 0.05258664
0.164021 0.7771436 0.05883541
0.1732257 0.7717484 0.05502586
0.1474218 0.7914822 0.06109598
0.1668483 0.7732824 0.0598693
0.1635834 0.7803615 0.05605515
0.1543871 0.7875809 0.05803198
0.1843675 0.7682652 0.04736729
0.1629822 0.7754791 0.06153869
0.1522993 0.7832897 0.06441099
0.1608524 0.7720812 0.06706639
0.1547015 0.7942029 0.05109555
0.1779016 0.7760691 0.0460293
0.1623942 0.7806528 0.05695297
0.1687568 0.7804173 0.0508259
0.161926 0.7791374 0.05893658
0.1506251 0.7807313 0.06864356
0.1698876 0.772087 0.05802536
0.1625583 0.7926097 0.04483204
0.1433401 0.8085939 0.04806598
0.1409391 0.7941496 0.06491134
0.1730903 0.7762069 0.0507028
0.1557318 0.775856 0.06841218
0.1654448 0.7908123 0.0437429
0.1686618 0.7719371 0.05940109
0.1837918 0.7706819 0.04552637
0.162588 0.7953828 0.04202917
0.1670331 0.7711677 0.06179917
0.1600926 0.7899404 0.04996703
0.1883989 0.761538 0.05006305
0.1411601 0.8029579 0.05588205
0.1507248 0.7798262 0.06944897
0.1567489 0.7805042 0.06274687
0.1781256 0.7742162 0.04765813
0.165255 0.784413 0.05033197
0.167193 0.7832654 0.04954157
0.13669 0.8053888 0.05792113
0.1632692 0.7878305 0.04890032
0.1651202 0.771846 0.06303382
0.1570118 0.7960586 0.04692959
0.1665732 0.7655687 0.06785808
0.1352573 0.8049555 0.05978723
0.1675497 0.7890604 0.04338988
0.1805664 0.7651942 0.05423943
0.1557318 0.7788207 0.06544748
0.1619666 0.7789173 0.05911611
0.1710193 0.7737623 0.05521847
0.1444706 0.8084237 0.04710574
0.1565897 0.7812223 0.06218797
0.1525175 0.7981742 0.04930832
0.1554671 0.7682674 0.07626547
0.1865364 0.7653437 0.04811987
0.1714427 0.783244 0.04531328
0.1682769 0.7672823 0.06444085
0.1553242 0.8013336 0.04334216
0.1728468 0.7807842 0.04636899
0.1527081 0.7830461 0.06424579
0.1873998 0.7678724 0.04472778
0.1785013 0.7630367 0.05846192
0.1692698 0.7768998 0.05383041
0.172428 0.7749884 0.0525836
0.1458574 0.8028067 0.05133587
0.168342 0.7635112 0.0681468
0.1579254 0.7845921 0.05748247
0.1445863 0.8003595 0.05505428
0.1690219 0.7927655 0.0382126
0.193553 0.7642376 0.04220933
0.166798 0.7921993 0.04100271
0.1688941 0.787316 0.04378988
0.152247 0.7768604 0.07089259
0.1713422 0.7597118 0.06894596
0.1707247 0.7806672 0.04860804
0.1715909 0.7880433 0.04036582
0.1509914 0.7936456 0.05536293
0.1670111 0.7812094 0.05177956
0.1486487 0.8027984 0.04855289
0.1496346 0.79735 0.05301545
0.1435683 0.8057736 0.05065811
0.1600015 0.7796328 0.06036572
0.1621289 0.7928153 0.04505579
0.169856 0.76487 0.06527407
0.1440364 0.7897925 0.06617111
0.1414545 0.8029784 0.05556707
0.1758369 0.7684597 0.05570346
0.1651062 0.7760938 0.05880008
0.1596949 0.7883597 0.05194532
0.1792417 0.7548991 0.06585928
0.1564421 0.7952425 0.04831541
0.181213 0.768949 0.04983796
0.1615059 0.7794448 0.05904938
0.1634327 0.7847279 0.05183936
0.199817 0.735722 0.06446105
0.1866664 0.7693434 0.04399024
0.1486034 0.7873694 0.06402718
0.1682508 0.7903465 0.04140277
0.1750514 0.7608128 0.0641358
0.1855404 0.7617046 0.05275499
0.1768829 0.7699361 0.05318106
0.1502901 0.8019512 0.04775864
0.1576259 0.789725 0.05264914
0.1537321 0.7993641 0.04690382
0.1778311 0.7606121 0.06155679
0.1645055 0.7808545 0.05463994
0.1585893 0.7899035 0.05150718
0.1585633 0.7906449 0.05079173
0.1675499 0.7770746 0.05537548
0.1572339 0.7733462 0.06941987
0.1820923 0.7816563 0.03625143
0.1627921 0.792389 0.04481887
0.18067 0.7574793 0.06185068
0.1602693 0.7820018 0.05772894
0.1551475 0.7825658 0.06228668
0.1750293 0.7695282 0.05544246
0.1526537 0.795688 0.05165829
0.166083 0.7756601 0.05825687
0.155132 0.7987555 0.04611244
0.1609651 0.7959187 0.04311617
0.1698938 0.7657133 0.06439285
0.1405545 0.8178264 0.04161909
0.1375953 0.7943225 0.06808221
0.1549409 0.7988631 0.04619598
0.1606697 0.7769132 0.06241715
0.1579907 0.7832097 0.05879966
0.1593371 0.7942175 0.04644542
0.1479651 0.8024725 0.0495624
0.1946571 0.7567106 0.04863234
0.1998113 0.7523519 0.0478368
0.1551768 0.7805106 0.06431265
0.1746969 0.77427 0.05103311
0.1432442 0.7995113 0.05724457
0.1628002 0.794141 0.04305878
0.1834331 0.7594909 0.05707607
0.1763976 0.7668208 0.05678156
0.1623417 0.7838184 0.05383988
0.1640457 0.778326 0.05762824
0.1523118 0.786806 0.06088222
0.1732863 0.7650551 0.06165858
0.166492 0.7769966 0.05651131
0.1639096 0.7740847 0.06200568
0.1627495 0.7774931 0.05975732
0.167532 0.7752865 0.0571815
0.1802941 0.758435 0.06127083
0.1886161 0.7572427 0.0541412
0.1603497 0.7779638 0.06168646
0.1574846 0.7897187 0.05279673
0.1368899 0.8127738 0.05033634
0.1739916 0.7584791 0.06752937
0.1508293 0.8072435 0.04192719
0.1628598 0.791441 0.0456992
0.1699712 0.7772852 0.0527436
0.1639238 0.7789356 0.05714064
0.154682 0.7807371 0.06458088
0.1597217 0.792241 0.0480373
0.1465839 0.7932108 0.06020532
0.1725669 0.7670412 0.06039192
0.1648224 0.7841569 0.05102077
0.1607129 0.788057 0.05123014
0.1690876 0.776062 0.05485033
0.1607355 0.7862625 0.05300205
0.1739977 0.781492 0.04451036
0.1578101 0.7829325 0.05925747
0.1646342 0.7836366 0.05172922
0.1523405 0.8074935 0.04016602
0.1467517 0.7990375 0.05421087
0.1688214 0.7722105 0.05896807
0.1655745 0.7808025 0.05362307
0.1627522 0.7906749 0.04657288
0.1692869 0.78757 0.04314308
0.186463 0.7566682 0.0568687
0.1745592 0.7708754 0.05456542
0.1838145 0.7637616 0.05242384
0.1624877 0.790969 0.04654327
0.1582443 0.7819114 0.05984429
0.1467209 0.8095271 0.04375208
0.1543601 0.7817597 0.06388012
0.1628569 0.7848956 0.05224743
0.1675523 0.7687379 0.06370988
0.1612494 0.7867754 0.05197521
0.1537674 0.7802378 0.06599477
0.1616812 0.7961634 0.04215536
0.154832 0.787186 0.05798203
0.1621084 0.7804389 0.05745268
0.1763239 0.7736899 0.04998624
0.159426 0.7943874 0.04618657
0.167385 0.7691726 0.06344247
0.1574938 0.7841484 0.05835784
0.1713438 0.7752501 0.05340603
0.1665133 0.7704258 0.06306094
0.1607514 0.7704832 0.06876537
0.1926137 0.7536308 0.05375555
0.1655451 0.7814056 0.05304931
0.1867111 0.7602208 0.053068
0.1593284 0.7714301 0.0692415
0.1664988 0.781072 0.05242922
0.1618777 0.7770714 0.06105092
0.1621579 0.7691722 0.06866994
0.1626051 0.7823302 0.05506467
0.1763084 0.7718674 0.05182413
0.1416104 0.7948274 0.06356219
0.178683 0.7594891 0.06182793
0.157979 0.7918908 0.05013019
0.1578842 0.7971546 0.04496122
0.1822932 0.7723395 0.04536726
0.1520889 0.7868327 0.06107842
0.1654438 0.7749269 0.05962926
0.1682089 0.7772791 0.05451198
0.1657722 0.7878723 0.04635544
0.1539717 0.785577 0.06045132
0.1703607 0.7790827 0.05055659
0.139393 0.7949416 0.06566538
0.1556299 0.7857877 0.05858238
0.1737993 0.7692835 0.05691721
0.1511882 0.7984253 0.05038648
0.1709019 0.7713947 0.05770344
0.1729075 0.7768647 0.05022779
0.1878268 0.7524626 0.0597106
0.1749778 0.7693871 0.0556351
0.160648 0.7671515 0.07220047
0.1470682 0.8026299 0.05030189
0.1788445 0.7740939 0.04706165
0.1622774 0.7619897 0.07573288
0.1551687 0.8003577 0.04447361
0.1629528 0.7810001 0.05604709
0.1784525 0.7635435 0.05800401
0.1553098 0.7872573 0.05743291
0.1650813 0.7851283 0.04979048
0.1913678 0.7510153 0.05761697
0.1709105 0.7720083 0.05708118
0.1573636 0.7894372 0.0531992
0.1652953 0.7807189 0.05398577
0.1714976 0.7825998 0.04590257
0.1707548 0.7794413 0.04980383
0.1570785 0.7863792 0.05654233
0.152891 0.785068 0.06204096
0.1634567 0.7876394 0.04890381
0.1523088 0.7926782 0.05501305
0.1737098 0.7799547 0.04633546
0.1750141 0.7636674 0.06131849
0.168447 0.7864691 0.04508391
0.1705974 0.7763334 0.05306925
0.1772024 0.7677126 0.05508497
0.1678523 0.7689132 0.06323451
0.1472493 0.7892533 0.06349741
0.1513498 0.7883133 0.06033686
0.1637281 0.798505 0.03776692
0.1596316 0.7915481 0.04882029
0.1611684 0.7741099 0.06472175
0.1528897 0.7959689 0.05114141
0.1438331 0.8065448 0.04962214
0.1812125 0.7629743 0.05581319
0.1510932 0.7811769 0.06772989
0.1539396 0.7858215 0.06023892
0.1580101 0.7969851 0.04500483
0.1715223 0.7750438 0.05343381
0.1576813 0.7862928 0.05602595
0.16745 0.7928971 0.03965293
0.1807945 0.7564135 0.06279199
0.1542316 0.7852096 0.0605588
0.1612872 0.7877821 0.0509307
0.1421651 0.7921714 0.0656635
0.1475592 0.7875335 0.06490729
0.1712564 0.7739807 0.05476292
0.1627906 0.7828913 0.05431815
0.1573287 0.7958059 0.04686533
0.1619689 0.7880616 0.04996952
0.1548745 0.785664 0.05946149
0.1591399 0.7819674 0.05889265
0.1631501 0.7700984 0.0667515
0.1653298 0.7746198 0.06005034
0.1814025 0.7727691 0.04582844
0.1574554 0.7936301 0.04891454
0.1677736 0.7826294 0.04959702
0.1738011 0.7664838 0.05971517
0.1661838 0.7805044 0.05331182
0.1606944 0.7778678 0.06143782
0.1591537 0.7797309 0.06111544
0.165252 0.779652 0.05509595
0.1517086 0.8001007 0.04819068
0.1750899 0.775349 0.04956115
0.1753225 0.7786855 0.04599202
0.1682892 0.7755994 0.05611147
0.1590839 0.7800458 0.06087035
0.1513229 0.7793889 0.06928822
0.1543041 0.8014088 0.04428704
0.1827769 0.7665281 0.05069498
0.1448299 0.8110541 0.04411599
0.1758375 0.7735006 0.05066189
0.1529598 0.7889156 0.05812463
0.1710791 0.7777085 0.0512124
0.1606946 0.795978 0.04332736
0.1561258 0.7920416 0.05183254
0.1608254 0.7732688 0.06590581
0.140525 0.8167723 0.04270269
0.1576658 0.7920941 0.05024013
0.1535469 0.7928957 0.05355743
0.1762029 0.7745271 0.04927005
0.1599349 0.7840794 0.05598571
0.1616147 0.7843489 0.05403644
0.166054 0.7802196 0.05372639
0.172766 0.7785367 0.04869723
0.1610794 0.7823891 0.05653148
0.1372333 0.8086806 0.05408612
0.149568 0.7989715 0.05146053
0.1596688 0.7840656 0.05626565
0.1764312 0.7738035 0.04976528
0.1750858 0.7804383 0.04447593
0.1779613 0.7691141 0.05292458
0.1602097 0.7734595 0.06633082
0.1881049 0.7554326 0.05646253
0.1619825 0.7772514 0.06076604
0.1546242 0.7820642 0.0633116
0.1638536 0.7762671 0.05987932
0.1677811 0.7857362 0.04648271
0.1806868 0.7573351 0.06197807
0.1602566 0.7870888 0.05265453
0.1568902 0.7721197 0.07099008
0.1654981 0.7521329 0.08236893
0.194681 0.7642529 0.0410661
0.1535346 0.8080722 0.03839322
0.1709861 0.7837883 0.04522561
0.1620673 0.7832707 0.05466196
0.1689593 0.7646838 0.06635682
0.1608028 0.7876134 0.05158373
0.1586926 0.7918549 0.04945256
0.1764173 0.7775536 0.0460291
0.1516184 0.799351 0.04903057
0.1666788 0.781753 0.0515682
0.16602 0.7675837 0.06639635
0.1762279 0.7637981 0.05997396
0.1903048 0.7640722 0.04562295
0.14063 0.805042 0.05432801
0.1565934 0.7821515 0.0612551
0.1423926 0.7934168 0.06419055
0.1967641 0.7596729 0.04356299
0.1945018 0.7536323 0.05186583
0.1623013 0.7866029 0.05109574
0.1584183 0.7945805 0.0470012
0.1621758 0.7878874 0.04993679
0.1577146 0.7841885 0.05809688
0.1689928 0.7655869 0.06542028
0.1798504 0.7576094 0.06254023
0.1630978 0.7892895 0.04761271
0.1750019 0.7738809 0.05111718
0.1739173 0.7731377 0.05294501
0.1610224 0.7767622 0.06221545
0.1528373 0.7958474 0.05131538
0.1575718 0.7885729 0.05385528
0.1647075 0.7766884 0.05860414
0.1497308 0.7960599 0.05420931
0.1523336 0.7975161 0.05015028
0.1519006 0.8018976 0.04620177
0.1472567 0.8023864 0.05035691
0.1572584 0.7759248 0.06681677
0.1525824 0.7924444 0.05497323
0.1671609 0.7884932 0.04434599
0.1668802 0.7833399 0.04977987
0.1841904 0.7588151 0.05699448
0.1666028 0.7770022 0.05639503
0.1709564 0.775494 0.05354962
0.1690023 0.7698064 0.06119132
0.1902502 0.7500084 0.05974148
0.1787375 0.7675605 0.05370202
0.1866258 0.7515581 0.06181612
0.1513088 0.8009907 0.04770045
0.1572979 0.7804222 0.06227997
0.1480644 0.8017525 0.05018316
0.1655754 0.7900428 0.04438185
0.1612081 0.7866232 0.05216868
0.153102 0.7909919 0.05590617
0.1562045 0.7969701 0.04682547
0.1803268 0.7619987 0.05767459
0.161583 0.7944639 0.04395315
0.1606373 0.7800244 0.05933835
0.1601465 0.7891694 0.05068416
0.1591148 0.79244 0.04844511
0.1715286 0.7941412 0.03433024
0.1948956 0.7570952 0.04800921
0.1636608 0.7726129 0.06372631
0.1738332 0.7755637 0.05060316
0.1511156 0.7970186 0.05186577
0.1789274 0.7782945 0.04277813
0.155016 0.7750434 0.06994063
0.172343 0.7598574 0.06779958
0.1557092 0.7889275 0.05536322
0.164328 0.7796636 0.05600843
0.1830447 0.7679736 0.04898168
0.1587618 0.7982508 0.04298739
0.1508622 0.7928682 0.05626955
0.1429363 0.8028767 0.05418697
0.1937277 0.7463548 0.05991751
0.1598075 0.7867305 0.05346195
0.1781778 0.7779768 0.04384545
0.148119 0.7923811 0.05949985
0.1484421 0.7904823 0.06107567
0.1800543 0.7648341 0.05511168
0.1594208 0.7843568 0.05622247
0.1756429 0.7686822 0.05567489
0.134142 0.7930018 0.07285613
0.1652038 0.7867125 0.04808369
0.17496 0.7748027 0.05023735
0.1557452 0.7905331 0.05372166
0.1575499 0.778464 0.06398609
0.1502925 0.8031221 0.04658546
0.1528727 0.7820654 0.0650619
0.1667135 0.7689783 0.06430813
0.1577025 0.7819644 0.06033314
0.1728802 0.7858304 0.04128947
0.1712567 0.761235 0.06750832
0.2046041 0.7423289 0.05306702
0.1689881 0.7657139 0.06529799
0.1598215 0.763083 0.07709548
0.1686321 0.7667399 0.06462799
0.1729448 0.7760143 0.05104093
0.1532907 0.7956655 0.05104376
0.1581725 0.7858168 0.05601065
0.1704866 0.7773278 0.05218557
0.1621738 0.7630268 0.07479945
0.1603814 0.7856807 0.05393794
0.1574658 0.7807408 0.06179338
0.1691357 0.7743362 0.05652815
0.1831073 0.7716577 0.04523503
0.1607654 0.7892726 0.04996194
0.1512204 0.7822703 0.06650931
0.1705804 0.7835624 0.04585718
0.1681957 0.7849665 0.04683786
0.1618115 0.7898608 0.04832769
0.1581185 0.7950089 0.04687261
0.1556061 0.7965951 0.04779877
0.166515 0.7795333 0.05395175
0.1664985 0.7868299 0.04667161
0.1703053 0.7778521 0.05184257
0.1460383 0.8020718 0.05188996
0.1617868 0.7823229 0.05589027
0.1596886 0.7907002 0.04961116
0.18385 0.7687176 0.04743235
0.156199 0.7901636 0.05363735
0.1590696 0.789394 0.0515364
0.1426997 0.796011 0.06128929
0.1598881 0.7972611 0.04285081
0.1792554 0.7824921 0.03825251
0.1707147 0.7835505 0.04573486
0.1589416 0.7868695 0.05418889
0.1800876 0.7670228 0.05288958
0.1696649 0.7682522 0.06208295
0.1521184 0.7959053 0.05197629
0.1660651 0.7776632 0.05627174
0.1582073 0.7821408 0.05965194
0.1709691 0.7596253 0.06940557
0.1797889 0.7652094 0.05500165
0.156218 0.788235 0.05554702
0.1738503 0.7763503 0.04979944
0.1684995 0.7656343 0.06586622
0.1453603 0.7961109 0.0585288
0.1808472 0.7755126 0.04364021
0.1792248 0.7579827 0.06279245
0.1628391 0.7753576 0.06180327
0.1515281 0.7840061 0.06446577
0.163702 0.7886643 0.0476337
0.157881 0.789633 0.05248591
0.1648882 0.7709846 0.06412718
0.1440706 0.7957951 0.06013426
0.1807184 0.7649108 0.05437082
0.1543637 0.8005935 0.04504282
0.1627167 0.8025531 0.03473025
0.1435763 0.796249 0.06017466
0.1704675 0.7763287 0.05320387
0.1797902 0.7623849 0.05782484
0.1735954 0.7738389 0.05256574
0.1656193 0.7777236 0.05665705
0.1703879 0.7574964 0.07211563
0.168271 0.7761001 0.05562889
0.1797184 0.7648398 0.05544186
0.1622668 0.7996168 0.03811639
0.1545589 0.7883441 0.05709702
0.1646998 0.7839827 0.05131756
0.1816421 0.7619839 0.05637397
0.1586269 0.7867498 0.0546234
0.1575479 0.787983 0.05446907
0.1520141 0.7888847 0.05910121
0.1788666 0.7524044 0.06872903
0.1696601 0.7781013 0.05223865
0.15391 0.7990724 0.04701766
0.1640156 0.7830241 0.0529603
0.1689955 0.7700586 0.0609459
0.1680718 0.7727254 0.05920288
0.1682438 0.7575415 0.07421465
0.1476911 0.8071007 0.04520817
0.1590834 0.7965933 0.04432326
0.1636252 0.760872 0.07550279
0.1372061 0.8121493 0.05064461
0.184376 0.7478248 0.06779916
0.1586787 0.7704284 0.07089284
0.1582941 0.7858113 0.05589458
0.1556098 0.7985586 0.04583159
0.1711004 0.7746278 0.05427183
0.1719533 0.774973 0.05307365
0.1512495 0.7783621 0.07038846
0.1465215 0.8054937 0.04798473
0.171327 0.7853382 0.04333484
0.1792675 0.7628591 0.05787336
0.1538909 0.7948509 0.0512582
0.1695647 0.7757328 0.05470252
0.1708357 0.7645472 0.06461714
0.1718019 0.7802931 0.04790501
0.1837819 0.7572912 0.0589269
0.1585996 0.792533 0.04886736
0.1689067 0.7693654 0.06172798
0.1463213 0.7907866 0.06289202
0.1641257 0.7849401 0.05093423
0.1696008 0.7623014 0.06809782
0.1746743 0.7697256 0.05560016
0.1476369 0.7881677 0.06419538
0.1615401 0.7730901 0.06536984
0.1511934 0.7893879 0.05941869
0.1635982 0.7886666 0.04773522
0.169552 0.7684966 0.06195142
0.1564263 0.7798209 0.06375279
0.1824941 0.7686104 0.04889544
0.1510553 0.7941095 0.05483524
0.1787584 0.7828261 0.03841554
0.1664936 0.7727775 0.06072886
0.1511455 0.7922266 0.05662784
0.1629561 0.7878552 0.0491887
0.1801214 0.7704287 0.04944983
0.1553872 0.8046546 0.03995826
0.182533 0.7535872 0.06387979
0.1616511 0.7825529 0.05579593
0.159875 0.7733997 0.06672529
0.157279 0.7841496 0.05857142
0.1855154 0.7512324 0.06325213
0.1749919 0.7585261 0.06648196
0.1537021 0.7812048 0.06509305
0.1625376 0.7975126 0.03994977
0.1826905 0.7614111 0.05589838
0.1526104 0.79717 0.05021956
0.1596743 0.7961814 0.04414439
0.1769993 0.7695595 0.05344125
0.1626999 0.776782 0.06051805
0.187147 0.764643 0.04821002
0.1450759 0.7947534 0.06017062
0.1629111 0.7812032 0.05588572
0.1615401 0.7936031 0.0448568
0.1380824 0.8028418 0.05907574
0.1769369 0.7667553 0.05630783
0.182213 0.7575953 0.06019174
0.1766428 0.7723676 0.05098962
0.1412916 0.8098201 0.04888824
0.1772433 0.7644193 0.05833741
0.1477683 0.7983413 0.05389041
0.1481521 0.7969088 0.05493909
0.1588717 0.7878857 0.05324255
0.1412826 0.8146347 0.04408267
0.1707368 0.7726143 0.05664896
0.1515001 0.7899585 0.05854137
0.1332134 0.793814 0.07297263
0.1887018 0.7661444 0.04515388
0.1505325 0.7958133 0.05365417
0.1648299 0.7756245 0.05954553
0.1738996 0.7847967 0.04130365
0.1551236 0.7797403 0.06513613
0.1680812 0.7840046 0.04791412
0.151319 0.8044149 0.04426606
0.1663336 0.7753259 0.05834048
0.1588219 0.7952103 0.04596774
0.1534067 0.7992962 0.04729705
0.1581005 0.7970482 0.04485126
0.1791778 0.7797655 0.04105668
0.1606161 0.7847584 0.05462547
0.1841731 0.7589565 0.05687046
0.1553657 0.7796383 0.06499606
0.1614989 0.7912554 0.04724562
0.1562597 0.7765264 0.06721388
0.1664547 0.7561689 0.07737645
0.1592659 0.7967255 0.04400857
0.1643814 0.7751718 0.06044685
0.1733761 0.7702561 0.05636777
0.1510826 0.8032164 0.04570096
0.1522509 0.7929733 0.05477579
0.140188 0.8012889 0.05852312
0.1741661 0.774145 0.05168881
0.1789849 0.7494528 0.07156233
0.1547034 0.7960892 0.04920737
0.1463346 0.7829054 0.07075993
0.1706507 0.7840717 0.04527756
0.1769629 0.7796272 0.04340987
0.1421072 0.7992771 0.05861572
0.1723721 0.7729638 0.05466412
0.1663676 0.7883341 0.04529837
0.1670445 0.7848931 0.04806241
0.1697012 0.7752407 0.05505813
0.1598792 0.776443 0.06367785
0.1801947 0.7812641 0.03854113
0.1671997 0.7883866 0.04441368
0.1527542 0.7703211 0.0769247
0.1745225 0.7821577 0.04331983
0.1504476 0.7861171 0.06343523
0.1484372 0.7976292 0.05393364
0.1668065 0.7602927 0.07290079
0.1860229 0.759607 0.05437011
0.1458725 0.8048657 0.04926179
0.1594732 0.7681713 0.07235548
0.168367 0.7758105 0.05582242
0.1698214 0.7736134 0.05656517
0.1693445 0.7722882 0.05836732
0.1603087 0.7848154 0.05487596
0.1650236 0.7877443 0.04723214
0.1531662 0.7943421 0.05249176
0.1720948 0.7669337 0.06097145
0.1647789 0.7824941 0.05272701
0.1536604 0.782801 0.06353854
0.1772339 0.7659455 0.05682064
0.160894 0.7720405 0.06706549
0.1736619 0.7582539 0.06808426
0.1519527 0.7870362 0.0610111
0.1776756 0.7646691 0.05765523
0.1767485 0.7723073 0.0509441
0.1600974 0.7819824 0.05792015
0.1673484 0.7796611 0.05299045
0.1475488 0.7923237 0.06012745
0.1803422 0.7666864 0.05297144
0.1645863 0.7891891 0.04622461
0.1873159 0.748946 0.06373814
0.1571108 0.7778558 0.06503334
0.1548305 0.7898854 0.05528409
0.1595905 0.7953301 0.04507942
0.1303689 0.8120658 0.0575653
0.1642182 0.7864343 0.04934749
0.1700672 0.7847539 0.04517891
0.1674559 0.7660087 0.06653535
0.1561459 0.7944104 0.04944373
0.1539602 0.7980543 0.04798553
0.1773623 0.7730065 0.04963122
0.1754452 0.7699133 0.05464156
0.1475968 0.784392 0.06801122
0.1555156 0.786478 0.05800637
0.1669775 0.7743025 0.05871997
0.16904 0.770813 0.06014701
0.1611059 0.7757833 0.06311082
0.1552687 0.7783219 0.0664094
0.1746728 0.7683054 0.05702173
0.184412 0.7598355 0.0557525
0.1574832 0.7963239 0.04619294
0.1822004 0.7592044 0.05859519
0.1591861 0.7848446 0.05596935
0.1533364 0.7873626 0.05930095
0.187371 0.7615189 0.05111015
0.1514782 0.7895581 0.05896377
0.1673859 0.7760476 0.05656652
0.1650024 0.793068 0.04192955
0.1749485 0.7721809 0.05287063
0.1542699 0.7962272 0.04950293
0.1568686 0.7857196 0.05741183
0.1655034 0.7650415 0.06945508
0.1879377 0.764626 0.0474363
0.1593503 0.7885343 0.05211532
0.1662864 0.7782137 0.05549993
0.1513087 0.7950066 0.05368466
0.1592494 0.7915587 0.04919195
0.1743986 0.7721451 0.05345632
0.1750755 0.7909696 0.03395487
0.1616236 0.778295 0.0600814
0.1764087 0.777636 0.04595534
0.1677048 0.7794395 0.0528557
0.1714145 0.781201 0.04738447
0.1652099 0.7763056 0.05848458
0.1678004 0.7714044 0.06079516
0.1747212 0.7791434 0.04613545
0.1636524 0.7853955 0.05095213
0.1482637 0.7831848 0.06855145
0.1565298 0.7959316 0.04753861
0.1607613 0.7731123 0.06612639
0.170211 0.7768729 0.05291616
0.1762578 0.7778908 0.0458514
0.1646968 0.7753022 0.060001
0.1762632 0.764271 0.05946585
0.15317 0.7956307 0.05119928
0.1771339 0.7717903 0.05107576
0.1673932 0.7808691 0.05173772
0.1609124 0.7897525 0.0493351
0.1868118 0.7624029 0.05078538
0.1905175 0.7607629 0.04871963
0.1648602 0.7847359 0.05040385
0.1845668 0.7407185 0.07471474
0.1554775 0.7881694 0.05635304
0.1452162 0.8054173 0.0493665
0.1819657 0.7650781 0.05295619
0.1755416 0.7727881 0.05167037
0.1646564 0.7739539 0.06138973
0.1573001 0.7693378 0.07336211
0.1524372 0.7948119 0.05275089
0.176401 0.77722 0.04637898
0.1696128 0.7723393 0.05804783
0.15137 0.7892827 0.05934729
0.1719167 0.7802561 0.04782713
0.1570428 0.7847823 0.05817496
0.155164 0.7810034 0.06383259
0.160924 0.7938768 0.04519922
0.1512738 0.7924569 0.05626929
0.1738667 0.7831158 0.04301755
0.1704875 0.7770477 0.05246482
0.1709826 0.785921 0.04309644
0.1681645 0.7829532 0.0488823
0.1632119 0.7753503 0.06143784
0.1570623 0.7955663 0.04737142
0.1785171 0.769804 0.05167892
0.1865852 0.7471314 0.06628338
0.1562952 0.7855824 0.05812231
0.1508251 0.8012913 0.0478836
0.1773242 0.7652031 0.05747277
0.1710548 0.7837312 0.04521404
0.1347999 0.801497 0.06370308
0.1436618 0.7969042 0.05943392
0.1620944 0.7850235 0.0528821
0.2054376 0.7385767 0.05598568
0.1563618 0.7797433 0.0638949
0.1801589 0.7604329 0.05940818
0.1620543 0.7806289 0.05731671
0.1583337 0.7890958 0.05257047
0.1523076 0.806825 0.04086743
0.1664636 0.7835274 0.05000896
0.144758 0.8068928 0.04834918
0.1532628 0.7992421 0.04749513
0.1612113 0.7900818 0.04870684
0.1585642 0.7836369 0.05779896
0.130335 0.7958265 0.07383846
0.1999842 0.7509933 0.04902256
0.1892834 0.7651353 0.04558125
0.1543543 0.7764441 0.06920161
0.1408295 0.8152589 0.04391163
0.1580594 0.7913965 0.05054416
0.1605917 0.7821819 0.05722648
0.1606261 0.7896531 0.04972084
0.1684019 0.7723278 0.05927034
0.1460495 0.78899 0.06496052
0.145948 0.7959652 0.05808684
0.1713892 0.7833127 0.04529806
0.1782808 0.7684711 0.05324812
0.1573747 0.7732976 0.06932768
0.1716857 0.7746052 0.05370905
0.1522451 0.7999036 0.04785131
0.1766189 0.7766737 0.04670741
0.1553435 0.7969958 0.04766069
0.1663576 0.7706577 0.06298467
0.1661836 0.7699055 0.06391085
0.1862506 0.7682033 0.04554615
0.1717314 0.7790142 0.04925446
0.1534326 0.7948978 0.05166957
0.1478261 0.796742 0.05543194
0.1579848 0.7854442 0.05657101
0.1655852 0.7721455 0.06226936
0.1628346 0.7929016 0.04426379
0.1607952 0.7849153 0.05428943
0.1523189 0.7913742 0.05630683
0.1484354 0.7739052 0.07765946
0.1590923 0.7914927 0.04941498
0.1627281 0.7699042 0.06736773
0.1580438 0.7765008 0.06545539
0.1520893 0.7988681 0.04904256
0.1919632 0.7385789 0.06945783
0.1805041 0.76921 0.05028588
0.1578446 0.785339 0.05681635
0.1488619 0.7988602 0.05227785
0.1571659 0.7865444 0.05628967
0.1585028 0.7812221 0.06027512
0.1843514 0.7591571 0.05649143
0.1507223 0.7932199 0.05605783
0.160785 0.7917432 0.04747177
0.177993 0.7469305 0.07507656
0.171673 0.7689607 0.05936636
0.1754525 0.7622826 0.06226494
0.151643 0.7870494 0.06130758
0.165727 0.7932659 0.04100706
0.151727 0.7949583 0.05331469
0.1616541 0.782528 0.05581785
0.1533197 0.7958524 0.05082782
0.1836402 0.7655909 0.05076897
0.1752581 0.7828015 0.04194033
0.1617381 0.7840849 0.05417691
0.1505941 0.7979965 0.05140939
0.1542975 0.7881502 0.05755233
0.1430481 0.8042576 0.05269429
0.1411082 0.8007665 0.05812534
0.1453615 0.8102933 0.04434523
0.1646065 0.7843605 0.051033
0.1679806 0.7762553 0.05576412
0.1612281 0.7727518 0.06602004
0.1520222 0.7723798 0.07559798
0.1692988 0.778586 0.05211517
0.1631461 0.7823922 0.05446174
0.1850925 0.7572982 0.05760933
0.1584559 0.7904526 0.0510915
0.166569 0.7806504 0.05278061
0.1582608 0.7796537 0.06208551
0.1563127 0.7721004 0.0715869
0.1660888 0.7805829 0.05332838
0.1599091 0.7738285 0.06626243
0.1744933 0.7861319 0.03937474
0.1709298 0.7777512 0.05131901
0.1657044 0.7939277 0.0403679
0.1519156 0.7969161 0.05116832
0.1489052 0.7968101 0.05428468
0.163838 0.7771877 0.05897425
0.1695288 0.767743 0.06272821
0.1616203 0.7920807 0.04629902
0.1640058 0.7936119 0.04238237
0.1503446 0.7941832 0.05547215
0.190717 0.7545906 0.0546924
0.1782797 0.779245 0.04247521
0.1486815 0.8103656 0.04095282
0.1713448 0.7773178 0.05133739
0.1458045 0.7986484 0.05554712
0.1568021 0.8017042 0.04149369
0.1340243 0.8173535 0.0486222
0.1606668 0.7874292 0.05190401
0.1479451 0.7913605 0.06069443
0.1483861 0.7981787 0.05343521
0.1579096 0.7829753 0.05911511
0.1786037 0.7619446 0.0594517
0.1419178 0.7932142 0.06486804
0.1703354 0.7613069 0.06835761
0.1772473 0.7598272 0.06292558
0.1707779 0.7748045 0.05441764
0.1391704 0.7957845 0.06504507
0.1723148 0.775711 0.05197418
0.1508778 0.7834059 0.06571629
0.144986 0.7989523 0.05606168
0.1609166 0.8043822 0.03470117
0.1733175 0.7651626 0.06151989
0.1518242 0.7841537 0.06402218
0.161731 0.7886107 0.04965827
0.1613363 0.7747795 0.0638842
0.1837309 0.7612524 0.05501669
0.1546655 0.796122 0.04921254
0.1604573 0.7746206 0.06492215
0.1519608 0.7950722 0.05296692
0.1779558 0.7717311 0.05031305
0.1747817 0.7619402 0.06327811
0.1543573 0.7865328 0.05910991
0.1291298 0.7969978 0.07387233
0.1510767 0.799161 0.04976223
0.1461561 0.8016136 0.05223034
0.1490636 0.790099 0.06083739
0.1511881 0.7979965 0.05081548
0.1839142 0.7540111 0.06207469
0.1633096 0.7755649 0.06112552
0.1655097 0.7825333 0.05195701
0.1434429 0.7969892 0.05956789
0.1473061 0.7847145 0.06797939
0.1647851 0.7675968 0.06761815
0.1564719 0.7657645 0.07776365
0.1546602 0.778769 0.06657081
0.1350371 0.8145273 0.05043563
0.1722555 0.7711 0.05664449
0.1560549 0.7888192 0.05512594
0.1675903 0.7734686 0.05894109
0.175399 0.7687216 0.0558794
0.1577005 0.7776263 0.06467317
0.1754247 0.7744188 0.05015646
0.172721 0.7658417 0.06143724
0.170718 0.781364 0.04791795
0.1639848 0.7695278 0.06648739
0.1664271 0.7754694 0.05810349
0.15864 0.805316 0.03604401
0.1721896 0.7783303 0.0494801
0.160368 0.7804963 0.05913572
0.1487395 0.8098596 0.04140087
0.1459997 0.8015647 0.05243562
0.1485356 0.7951637 0.05630072
0.1946234 0.7560042 0.04937234
0.1699238 0.7681692 0.06190706
0.1614334 0.7953357 0.04323081
0.1612676 0.7867833 0.0519491
0.1573102 0.7875536 0.0551362
0.1750843 0.7679978 0.05691797
0.1596016 0.7915408 0.04885761
0.1703554 0.7725965 0.05704812
0.1557752 0.7804261 0.06379874
0.1547469 0.7918142 0.05343885
0.1588036 0.7868964 0.0543
0.174726 0.7714988 0.0537752
0.1631731 0.7778387 0.05898817
0.1761571 0.7621344 0.06170853
0.173041 0.7890843 0.0378747
0.1626677 0.7805271 0.05680524
0.1415017 0.8097148 0.04878351
0.149346 0.7965885 0.05406545
0.14687 0.8041928 0.04893711
0.1690343 0.7810925 0.04987328
0.1687192 0.7797749 0.05150584
0.1469348 0.8016722 0.051393
0.162929 0.7813812 0.0556898
0.1773566 0.7661388 0.0565046
0.1741282 0.7541463 0.07172549
0.1528784 0.7764641 0.07065746
0.1720754 0.7631496 0.06477497
0.1674938 0.777968 0.05453824
0.1644475 0.7725892 0.06296334
0.1674984 0.774787 0.05771463
0.1808082 0.7661997 0.05299213
0.1462374 0.8001303 0.05363232
0.1330922 0.8026252 0.06428256
0.1826111 0.7670212 0.05036774
0.1624409 0.7890161 0.04854297
0.1630894 0.7780834 0.05882719
0.1661019 0.7815571 0.05234098
0.1501683 0.8047532 0.04507852
0.1441991 0.8002898 0.05551111
0.1824488 0.7632303 0.05432083
0.1671293 0.7770542 0.05581655
0.1820564 0.758304 0.05963951
0.1714753 0.7681052 0.06041945
0.174025 0.7682009 0.05777414
0.1699062 0.7717021 0.05839164
0.1510387 0.7902564 0.05870495
0.1427166 0.784001 0.07328235
0.1783403 0.7799991 0.04166055
0.146317 0.7987287 0.0549543
0.1407971 0.8073042 0.05189868
0.1617931 0.7911688 0.04703812
0.1862663 0.7627063 0.0510274
0.1587872 0.7883205 0.05289231
0.1838908 0.7594455 0.05666374
0.1614153 0.7807558 0.05782883
0.1752329 0.7796527 0.04511439
0.1559126 0.7781538 0.06593358
0.1485498 0.7993671 0.05208303
0.1652523 0.7802975 0.05445024
0.1523334 0.7935175 0.05414918
0.1756459 0.7815584 0.04279572
0.1497163 0.7926078 0.05767591
0.1791742 0.7748599 0.0459659
0.1668693 0.7797994 0.05333132
0.1733965 0.7735847 0.05301878
0.1744843 0.7721187 0.05339697
0.162656 0.7735497 0.0637943
0.1443951 0.7923082 0.06329672
0.1389353 0.7958558 0.06520885
0.183119 0.7782536 0.03862747
0.1570514 0.7921154 0.05083314
0.1557399 0.7905029 0.05375724
0.1633681 0.7942856 0.04234629
0.1909073 0.76008 0.04901279
0.154722 0.7790907 0.06618726
0.154369 0.7865523 0.05907864
0.154818 0.7918499 0.05333205
0.1558381 0.7909933 0.05316858
0.1582186 0.7899375 0.05184387
0.1510503 0.7904305 0.05851914
0.183321 0.7651869 0.05149213
0.1579277 0.7865785 0.05549385
0.1426522 0.8100387 0.04730908
0.1712759 0.7850535 0.04367061
0.1545355 0.7842929 0.06117165
0.1597993 0.7697585 0.07044227
0.1863547 0.7595831 0.0540622
0.148237 0.7947299 0.05703317
0.1841744 0.7723148 0.04351079
0.1668026 0.7797773 0.05342011
0.1495373 0.7915004 0.05896226
0.166986 0.7809584 0.05205555
0.1747149 0.7707206 0.05456453
0.160195 0.7907938 0.04901119
0.1314674 0.8054014 0.06313117
0.1574499 0.782374 0.06017602
0.1770506 0.7678314 0.05511799
0.1720299 0.7838881 0.04408203
0.1679638 0.7879496 0.04408663
0.1540243 0.7871896 0.05878607
0.1702957 0.7637668 0.06593751
0.1616879 0.7855837 0.05272837
0.1552797 0.7963998 0.04832058
0.1667848 0.7653932 0.06782201
0.1452673 0.792087 0.06264568
0.1911883 0.7599445 0.04886719
0.1565645 0.7769814 0.06645403
0.1560198 0.7814499 0.06253033
0.1756716 0.7596806 0.06464779
0.1589144 0.7891675 0.05191812
0.1551567 0.7821847 0.06265855
0.1727874 0.7692437 0.05796894
0.1460709 0.7982022 0.05572685
0.1595529 0.79005 0.0503971
0.1495072 0.7888269 0.06166586
0.1644066 0.7872101 0.04838324
0.1819295 0.7574058 0.06066465
0.1751155 0.7673008 0.05758368
0.1685882 0.7792175 0.0521943
0.1704734 0.766678 0.06284869
0.1661649 0.7723852 0.06144984
0.1592173 0.7939777 0.04680493
0.1620294 0.7774321 0.06053855
0.1550324 0.7836942 0.06127339
0.1674419 0.7744654 0.05809275
0.177749 0.7670112 0.05523981
0.1578541 0.7861956 0.05595036
0.1470399 0.8007199 0.05224029
0.1798125 0.7581302 0.06205734
0.1525176 0.7793059 0.06817653
0.1630567 0.7749257 0.06201761
0.1539305 0.7941766 0.0518929
0.1664495 0.7707897 0.06276078
0.1649042 0.7917259 0.04336996
0.1488269 0.8047106 0.04646252
0.1669078 0.7784062 0.05468597
0.1481727 0.7952504 0.05657689
0.1775976 0.767483 0.05491946
0.1455283 0.8005795 0.05389218
0.1451563 0.7947449 0.0600988
0.1690171 0.773335 0.05764792
0.1714845 0.7766034 0.05191211
0.1779205 0.7681523 0.05392725
0.1565493 0.7904811 0.05296962
0.1737938 0.771341 0.05486529
0.158888 0.8009381 0.04017389
0.1621604 0.7737013 0.06413834
0.1663977 0.7688037 0.06479861
0.1709073 0.770657 0.0584357
0.1698151 0.773647 0.05653788
0.1535228 0.8016544 0.04482284
0.1591109 0.7886031 0.05228601
0.1582706 0.7876841 0.05404534
0.1517175 0.7864067 0.06187585
0.1748559 0.7634308 0.0617133
0.1543288 0.7794679 0.0662033
0.172044 0.7645317 0.06342429
0.1609124 0.7846028 0.0544848
0.1616375 0.7890221 0.04934049
0.1552731 0.795505 0.04922194
0.1795788 0.7573671 0.06305419
0.1603192 0.7928653 0.04681553
0.1838721 0.7489401 0.0671878
0.1392518 0.8204712 0.04027697
0.1587048 0.7837167 0.0575785
0.1650694 0.7797658 0.05516472
0.1808363 0.7659708 0.05319283
0.1770162 0.7771025 0.04588128
0.1367156 0.7913055 0.07197891
0.185912 0.7656737 0.0484143
