"p_1" "p_2" "p_3" "p_4"
0.06542894 0.1735897 0.008767057 0.7522143
0.04747712 0.1757056 0.001276947 0.7755403
0.06080844 0.177095 0.002326476 0.7597701
0.05860876 0.1651762 0.002550808 0.7736643
0.05591636 0.1616766 0.0006163962 0.7817907
0.07375252 0.151305 0.007484299 0.7674582
0.0505501 0.1680591 0.00874766 0.7726432
0.04372875 0.1457482 0.002961967 0.807561
0.0571387 0.1634097 0.0001480622 0.7793035
0.05261131 0.159883 0.000226109 0.7872796
0.04657628 0.1474954 0.0006358701 0.8052924
0.05266851 0.1736214 0.01246173 0.7612483
0.04746432 0.1430397 0.001275431 0.8082206
0.03750001 0.1796289 0.001676254 0.7811949
0.05846593 0.1734887 0.001204154 0.7668412
0.04355237 0.1623725 0.001746501 0.7923287
0.07210105 0.1511004 0.001081454 0.7757171
0.05512416 0.1566552 0.008608815 0.7796119
0.06025166 0.1595813 0.0006126703 0.7795543
0.04557043 0.1753301 0.007996066 0.7711034
0.05924911 0.1513412 0.005421164 0.7839885
0.05759402 0.1580252 0.0007563833 0.7836244
0.04298744 0.155546 0.009621696 0.7918449
0.04084332 0.1530207 0.002355699 0.8037803
0.04420339 0.1810143 0.005087869 0.7696945
0.07948881 0.171287 0.002947503 0.7462767
0.050735 0.1725802 0.0001397632 0.776545
0.06071646 0.1792792 0.005797104 0.7542072
0.05434494 0.1765295 0.0051213 0.7640042
0.05900729 0.1567584 0.005860901 0.7783734
0.04753935 0.1534178 0.006667029 0.7923758
0.04406307 0.1412555 0.02574751 0.788934
0.06949752 0.1569936 0.0001656542 0.7733432
0.0579035 0.1707234 0.006559972 0.7648131
0.06537584 0.1411684 0.01088203 0.7825737
0.05452439 0.1629491 0.006206347 0.7763202
0.06766235 0.1669605 0.002785399 0.7625918
0.05280721 0.1729104 0.0003847101 0.7738977
0.04849192 0.1846389 0.003389234 0.7634799
0.06116416 0.1367355 0.00369786 0.7984025
0.06873687 0.1729044 0.001833065 0.7565257
0.05024236 0.1630505 0.0101993 0.7765079
0.06287189 0.1537709 0.003555192 0.779802
0.05177637 0.1729732 0.003734781 0.7715156
0.05773802 0.151793 0.007134437 0.7833345
0.05419136 0.1875333 0.006016492 0.7522588
0.04282228 0.1744936 0.004455503 0.7782286
0.05438391 0.1479972 0.002184529 0.7954343
0.03889876 0.1728727 0.01711217 0.7711163
0.05630094 0.1533498 0.0226008 0.7677484
0.05376297 0.1632404 0.005177513 0.7778192
0.05225245 0.1900408 0.01157601 0.7461307
0.04391443 0.1687956 0.00484409 0.7824458
0.05912682 0.1660829 0.006187594 0.7686027
0.05517704 0.163755 0.00558298 0.775485
0.04812671 0.1580168 0.004841608 0.7890149
0.05120353 0.1752089 0.004689916 0.7688976
0.04692315 0.173381 0.0001457439 0.7795501
0.05629473 0.1448607 0.02105967 0.7777849
0.05345969 0.164304 0.0002206683 0.7820157
0.05635117 0.152948 0.00213122 0.7885696
0.06133264 0.1538853 0.006825412 0.7779567
0.05152152 0.1689618 0.007201208 0.7723155
0.06419988 0.1378038 0.0133682 0.7846281
0.04838292 0.1707302 0.00298135 0.7779056
0.05927314 0.1566445 0.003799585 0.7802828
0.05013599 0.170924 0.004022322 0.7749177
0.04928301 0.1700185 0.00709612 0.7736024
0.04805558 0.1756897 0.000893654 0.7753611
0.06196903 0.1632132 0.02277096 0.7520468
0.05047555 0.1572946 0.002765502 0.7894643
0.05990664 0.1562908 0.01019042 0.7736121
0.05292653 0.1849134 0.005383388 0.7567767
0.05893367 0.1394008 0.004798272 0.7968673
0.05380685 0.1663395 0.00620481 0.7736488
0.04768059 0.1774961 0.002857883 0.7719654
0.06479308 0.1645364 0.001427589 0.7692429
0.06451402 0.1475897 0.002134852 0.7857614
0.05303796 0.1560603 0.0014618 0.7894399
0.06026641 0.1769568 0.002716966 0.7600599
0.05257362 0.1439705 0.002408581 0.8010473
0.04020265 0.1774912 0.0009718778 0.7813343
0.05351634 0.1813613 0.005253702 0.7598686
0.04946478 0.1482385 0.002246374 0.8000503
0.05452129 0.1751665 0.002202231 0.76811
0.05317195 0.160205 0.0008676107 0.7857554
0.0693618 0.1518047 0.001525685 0.7773078
0.05155691 0.1613075 0.002491607 0.784644
0.05249044 0.1677191 0.002500819 0.7772897
0.0557409 0.1708779 0.0007556642 0.7726255
0.05844237 0.1482761 0.0144178 0.7788637
0.05925874 0.1704934 0.005418386 0.7648294
0.05023479 0.1736527 0.0006732313 0.7754392
0.05440308 0.1751262 0.005970908 0.7644998
0.0583837 0.1656052 0.007968402 0.7680427
0.0446463 0.1648296 0.008691021 0.7818331
0.05450253 0.1713875 0.002198085 0.7719119
0.05482164 0.1571213 0.02213325 0.7659238
0.0539229 0.1755371 0.003561905 0.7669781
0.05118026 0.1641598 0.007923296 0.7767366
0.04863729 0.1796189 0.0003940205 0.7713498
0.04403391 0.1741025 0.002246731 0.7796169
0.04780162 0.1821003 0.0009358342 0.7691623
0.04852559 0.1572761 0.006733295 0.787465
0.04875592 0.1570091 0.0002484093 0.7939866
0.05043319 0.1563005 0.0005156721 0.7927506
0.06139273 0.1409236 0.0002188597 0.7974648
0.05264127 0.1617807 0.007591324 0.7779867
0.05583929 0.152968 0.002069075 0.7891236
0.05949664 0.1673636 1.50069e-05 0.7731248
0.04747193 0.1703792 0.001208725 0.7809401
0.05037647 0.1460589 0.0009311385 0.8026335
0.06490575 0.1582717 0.001696975 0.7751255
0.05966079 0.1580088 4.945459e-06 0.7823255
0.06381513 0.1723817 0.003117027 0.7606862
0.04659583 0.1525614 0.003985841 0.7968569
0.05285498 0.1864585 0.002512764 0.7581737
0.0547181 0.1628329 0.01447981 0.7679692
0.04279641 0.1594727 0.0002568726 0.797474
0.06066357 0.1684295 0.007568256 0.7633387
0.05212487 0.1802555 0.0004443944 0.7671752
0.03059313 0.1663831 0.005220682 0.7978031
0.05495338 0.1745486 0.00151208 0.768986
0.05720313 0.1627825 0.005036882 0.7749775
0.05131587 0.1689814 4.585275e-05 0.7796569
0.04991894 0.1655272 0.004843872 0.77971
0.05633917 0.1667821 0.000727475 0.7761513
0.05191031 0.1526004 0.001103115 0.7943862
0.04556902 0.1600697 0.0004947284 0.7938665
0.05814903 0.1366164 0.0005654111 0.8046692
0.05782826 0.1333777 0.006844651 0.8019494
0.06213239 0.1594137 0.007861603 0.7705923
0.0518471 0.1642223 0.004016617 0.7799139
0.05647005 0.1701661 0.001594648 0.7717692
0.04852327 0.1718303 0.004366504 0.7752799
0.0515052 0.1737539 0.007108 0.7676329
0.05659817 0.1487406 0.0001043994 0.7945569
0.06499308 0.1456899 0.004519052 0.784798
0.05396174 0.1754761 7.638071e-05 0.7704858
0.05594412 0.1758456 0.004258341 0.7639519
0.05492426 0.1967438 0.004496456 0.7438354
0.04983946 0.1606049 0.002179836 0.7873758
0.05633901 0.1570083 0.0001506333 0.7865021
0.05924291 0.154299 0.0004742161 0.7859839
0.05868918 0.1697272 0.00142538 0.7701582
0.05816058 0.1553677 0.0009984862 0.7854733
0.03932572 0.1734325 0.005011902 0.7822299
0.04595835 0.1545043 0.005404661 0.7941327
0.04554236 0.171129 0.0001528992 0.7831757
0.04993967 0.1584236 0.002703715 0.788933
0.05913599 0.1442844 0.001461812 0.7951178
0.05342533 0.1818629 0.01137462 0.7533372
0.05318279 0.181537 0.00146653 0.7638137
0.04254601 0.1832783 0.003353846 0.7708219
0.04549611 0.174047 0.002504026 0.7779528
0.06498648 0.1562396 0.001346392 0.7774275
0.04318758 0.1517138 0.003326572 0.801772
0.04798266 0.1614912 0.005417563 0.7851086
0.04870824 0.1627598 0.0009836742 0.7875483
0.04903206 0.1469662 0.001299203 0.8027025
0.06178521 0.1562735 0.001802188 0.7801391
0.04801581 0.1580803 0.00559248 0.7883114
0.05017384 0.1878499 0.003909582 0.7580667
0.06261785 0.155696 0.00435631 0.7773299
0.05840189 0.1707113 8.372188e-07 0.770886
0.04634524 0.1830178 9.550629e-05 0.7705415
0.05678218 0.1436161 0.004923424 0.7946783
0.06587303 0.1716653 0.005625858 0.7568358
0.06549053 0.1351779 0.003156564 0.7961751
0.04480704 0.1759812 0.003402867 0.7758089
0.05193179 0.1830612 0.002773759 0.7622333
0.05748391 0.1524974 0.007013871 0.7830049
0.05158824 0.1592507 0.0142059 0.7749551
0.06085234 0.1513303 0.01196057 0.7758568
0.06778072 0.1492632 0.01675012 0.766206
0.05280284 0.1638339 0.001480175 0.7818831
0.05010514 0.1756829 0.001074164 0.7731378
0.04973211 0.1744244 0.001246876 0.7745966
0.05528105 0.1580963 0.0007530382 0.7858697
0.04159684 0.1666733 0.0005084264 0.7912214
0.04403674 0.1388164 0.01357722 0.8035696
0.04853061 0.1699487 0.001207317 0.7803134
0.05808692 0.1522825 0.000333256 0.7892973
0.06808936 0.1588951 0.00223047 0.7707851
0.08613646 0.1467636 0.003727924 0.763372
0.04315528 0.1686679 0.0003502843 0.7878265
0.06546572 0.1559015 0.005685321 0.7729474
0.05194474 0.1747906 0.001645962 0.7716187
0.03541097 0.1497284 0.0109948 0.8038659
0.05306363 0.1576124 0.004210599 0.7851134
0.05539206 0.1456173 0.01033125 0.7886593
0.05195187 0.169458 0.01259696 0.7659932
0.0571945 0.1589315 0.001118095 0.7827559
0.05243059 0.1582243 0.01235686 0.7769882
0.06669954 0.159309 0.007897956 0.7660935
0.04965234 0.1318313 0.008938029 0.8095783
0.05909312 0.1748124 0.006439432 0.7596551
0.04810763 0.1653163 0.01270397 0.7738721
0.0387386 0.174384 0.01044849 0.7764289
0.06576509 0.1560048 0.00630788 0.7719222
0.06786878 0.1652318 0.01055798 0.7563414
0.06101351 0.1461163 0.00656493 0.7863052
0.05069057 0.1697168 0.0004822233 0.7791104
0.05779503 0.153052 0.0005627737 0.7885902
0.05135783 0.1564268 0.02638848 0.7658268
0.0606517 0.1541263 0.001677395 0.7835447
0.05355281 0.1452934 0.006754672 0.7943992
0.06097478 0.1440455 0.006379361 0.7886004
0.05719271 0.1670518 0.001835654 0.7739198
0.05218616 0.1575111 0.004662418 0.7856403
0.06981417 0.1730514 0.002996894 0.7541376
0.05764696 0.1527957 0.001327106 0.7882303
0.03285372 0.168202 0.01971578 0.7792285
0.01887004 0.1553915 0.03951672 0.7862217
0.007689374 0.1693949 0.05157615 0.7713395
0.0001551115 0.1580569 0.05401857 0.7877695
0.000603235 0.1418497 0.05702879 0.8005183
0.002137631 0.1722837 0.04848989 0.7770888
8.675567e-05 0.1560142 0.05685415 0.7870449
0.008450632 0.146613 0.0510631 0.7938733
0.002104713 0.1667484 0.06417665 0.7669703
0.01282146 0.1575947 0.05586779 0.773716
0.004232726 0.1586411 0.05697803 0.7801481
0.001475127 0.1682457 0.04977606 0.7805032
0.002458502 0.1735578 0.04691509 0.7770686
0.004000347 0.1894518 0.04650836 0.7600395
0.01841634 0.1552074 0.04936869 0.7770075
0.002901971 0.1436655 0.04720589 0.8062267
0.004563166 0.1616355 0.05062434 0.783177
0.002681539 0.189164 0.05180429 0.7563502
0.004408795 0.1644385 0.07313319 0.7580196
0.004479896 0.1539378 0.06470672 0.7768756
0.007239443 0.160525 0.05669659 0.775539
0.008812428 0.1453837 0.04461183 0.801192
0.001264108 0.1697995 0.05595332 0.7729831
0.01106185 0.1538638 0.05341556 0.7816588
0.003551595 0.1690519 0.05742824 0.7699683
0.000566395 0.16498 0.0691284 0.7653252
0.02490601 0.169914 0.02950958 0.7756704
0.02894668 0.1459335 0.01138194 0.8137379
0.03353535 0.1731879 0.02303282 0.770244
0.02801172 0.15966 0.0270455 0.7852827
0.03304625 0.1426262 0.02174789 0.8025797
0.03006704 0.16652 0.03166858 0.7717444
0.0008445949 0.1684133 0.05673547 0.7740067
0.003650154 0.1649202 0.047647 0.7837827
0.0009446319 0.1586445 0.05346497 0.7869459
0.001167817 0.1474885 0.05039512 0.8009485
0.002843077 0.1728306 0.06179127 0.7625351
0.001425907 0.1608907 0.05210213 0.7855813
0.005346538 0.1676226 0.05483481 0.772196
0.001375258 0.1583367 0.06236958 0.7779185
0.001976787 0.1611754 0.05488172 0.7819661
0.001331513 0.1593572 0.05977557 0.7795357
0.0198456 0.1540442 0.05190604 0.7742042
0.001020842 0.172423 0.05165422 0.7749019
0.00463667 0.173476 0.0653151 0.7565723
0.004568764 0.1669529 0.03669603 0.7917823
0.001773658 0.1608543 0.05228313 0.7850889
0.002849128 0.1551698 0.0691846 0.7727964
0.004114454 0.1762742 0.05263066 0.7669806
0.0003336985 0.1729928 0.06562085 0.7610527
0.003164757 0.163067 0.05799856 0.7757697
0.001424937 0.1827709 0.0625224 0.7532817
0.007119351 0.1619811 0.04910826 0.7817913
0.01175031 0.1583109 0.04787588 0.7820629
0.003219606 0.1475761 0.05368907 0.7955152
0.02518243 0.152735 0.07381599 0.7482665
0.001248349 0.1552152 0.0522791 0.7912574
0.005013882 0.1816786 0.04658042 0.7667271
0.005734491 0.1755541 0.05845893 0.7602525
0.004586587 0.1595268 0.05602209 0.7798645
0.0004601296 0.1804346 0.04130529 0.7778
0.000211219 0.1487293 0.06687814 0.7841813
0.002192183 0.1425542 0.06026112 0.7949925
0.004960512 0.1605654 0.06209464 0.7723795
0.002044022 0.1696922 0.04620126 0.7820625
0.009083673 0.1817618 0.0554463 0.7537082
0.01206165 0.1325153 0.04967078 0.8057523
0.004118052 0.1570608 0.05124568 0.7875754
0.00662754 0.1677875 0.06362497 0.76196
0.006166621 0.1642906 0.04440199 0.7851408
0.001428762 0.1619774 0.04395587 0.792638
0.002355015 0.1671843 0.05066968 0.779791
0.008919433 0.1632493 0.05156671 0.7762646
0.002295934 0.1479615 0.05985519 0.7898873
0.01577244 0.1560756 0.05416633 0.7739856
0.001367209 0.1711628 0.06373397 0.763736
0.00115 0.1561115 0.04562236 0.7971161
0.0006727875 0.1482739 0.05662938 0.7944239
0.0008415008 0.157073 0.05005553 0.79203
0.0001794409 0.1912966 0.05718003 0.7513439
0.0006472401 0.1739631 0.04949159 0.775898
0.002057308 0.1712194 0.05555272 0.7711705
0.001513903 0.171123 0.04563745 0.7817257
0.001359909 0.1593071 0.06705703 0.772276
0.00792714 0.160222 0.047949 0.7839018
0.002383786 0.1535826 0.04154562 0.8024879
0.002035809 0.1626142 0.04745634 0.7878936
0.007241972 0.1799631 0.04523604 0.7675589
0.001663738 0.1808143 0.0494105 0.7681115
0.001414259 0.1593822 0.05771759 0.7814859
0.002302232 0.162255 0.05851137 0.7769314
0.00647282 0.1613503 0.04479116 0.7873858
0.01540291 0.173848 0.0533581 0.757391
0.00271283 0.1733809 0.04048983 0.7834165
0.00489725 0.1517639 0.05005821 0.7932806
0.001721516 0.159637 0.06359155 0.7750499
0.000944485 0.1644325 0.03961035 0.7950127
0.00360694 0.1661987 0.04975852 0.7804359
0.0006333986 0.1708481 0.06079379 0.7677247
6.156992e-05 0.1507254 0.05993866 0.7892744
0.01709126 0.1461136 0.05692327 0.7798719
0.001711266 0.1469215 0.06687926 0.784488
0.001653417 0.1747057 0.0552583 0.7683825
0.002254523 0.1430115 0.05305861 0.8016753
0.0001625016 0.183241 0.03781942 0.7787771
0.001448899 0.137669 0.06828589 0.7925963
0.00125077 0.1716019 0.05312762 0.7740197
0.005268689 0.1618115 0.05997736 0.7729424
0.005803589 0.1511353 0.05496061 0.7881005
0.01422206 0.1485594 0.05226522 0.7849533
0.003918365 0.19325 0.05735527 0.7454764
0.000356806 0.1826281 0.04846254 0.7685526
0.008024978 0.1685692 0.05412515 0.7692807
0.004003729 0.165774 0.05031919 0.7799031
0.001803967 0.1609122 0.05165922 0.7856247
0.005739271 0.1471108 0.06345649 0.7836935
0.01044302 0.1595101 0.05154657 0.7785003
0.006290322 0.1604938 0.0433952 0.7898207
0.00136207 0.1598007 0.05890951 0.7799278
0.005003908 0.1518143 0.03893165 0.8042502
0.001252053 0.1571341 0.05265858 0.7889553
0.005036981 0.1397079 0.05640437 0.7988508
0.0211788 0.1548118 0.05159397 0.7724154
0.001262265 0.1489671 0.06519974 0.7845709
0.007630897 0.1615741 0.06706037 0.7637346
0.005314971 0.1508869 0.06667126 0.7771269
0.002014339 0.1588994 0.05479575 0.7842905
0.0002340512 0.1626289 0.0445476 0.7925894
0.003154043 0.1725576 0.04783386 0.7764545
0.001188776 0.1710437 0.04755399 0.7802135
0.003139754 0.170673 0.05486289 0.7713244
0.005209513 0.1630167 0.05742301 0.7743508
1.502693e-05 0.1588372 0.04955771 0.7915901
0.007466398 0.1623511 0.04913219 0.7810503
0.005614032 0.1728739 0.04977784 0.7717343
0.006016873 0.1612172 0.05798673 0.7747792
0.007350264 0.1389447 0.06214087 0.7915642
0.009338385 0.160947 0.0499753 0.7797394
0.01376617 0.1683621 0.0499936 0.7678781
0.001415189 0.153894 0.05296993 0.7917208
0.01770191 0.1590583 0.05989052 0.7633493
0.004596085 0.1538888 0.0595221 0.781993
0.00223954 0.1662557 0.0702319 0.7612728
0.001377632 0.1401293 0.06391806 0.794575
0.004419186 0.1891932 0.04990366 0.756484
0.001618601 0.1492682 0.06126057 0.7878526
0.003907131 0.1766568 0.0366322 0.7828039
0.007654974 0.1638329 0.05224127 0.7762709
0.006754958 0.161259 0.04781755 0.7841685
0.008031531 0.1621625 0.05341645 0.7763895
0.0001656603 0.1611271 0.06943621 0.769271
0.003393767 0.1454757 0.06199827 0.7891322
0.005514202 0.1628045 0.05643805 0.7752432
0.004784234 0.174267 0.05112737 0.7698214
0.007182411 0.1826686 0.04543687 0.7647121
0.0008430491 0.1798659 0.05818794 0.7611031
0.001166606 0.1430011 0.05864241 0.7971899
0.01188156 0.1652546 0.04116188 0.781702
0.005402764 0.1432933 0.04851227 0.8027917
0.003561893 0.1629288 0.05000974 0.7834996
0.002887714 0.1916177 0.05635124 0.7491434
0.01307849 0.1504826 0.06284873 0.7735901
0.003579021 0.1760883 0.04462103 0.7757116
0.004691447 0.1603251 0.04950255 0.7854809
0.00174859 0.1735721 0.04922062 0.7754587
0.02534604 0.1249604 0.04322969 0.8064638
0.001057188 0.1535212 0.04292679 0.8024948
0.0001893834 0.1752362 0.05861531 0.7659592
0.002829223 0.1849348 0.04629967 0.7659363
0.001581483 0.1600102 0.06413122 0.7742771
0.001436977 0.1630148 0.05857045 0.7769778
0.003479104 0.1542973 0.06193097 0.7802926
0.001768439 0.1833085 0.04333455 0.7715885
0.004474186 0.1601851 0.05301005 0.7823307
0.005626157 0.1850523 0.04416302 0.7651585
0.001629349 0.1462896 0.06192285 0.7901582
0.005654111 0.1778904 0.06456094 0.7518946
0.001912951 0.1706255 0.07076472 0.7566968
2.549868e-05 0.1692092 0.05017654 0.7805888
0.006001643 0.1758142 0.06790555 0.7502786
0.002277356 0.1716633 0.05557675 0.7704826
0.0005951122 0.1442776 0.04675926 0.808368
0.0008483612 0.1652233 0.05087098 0.7830573
0.003511388 0.1651656 0.06977571 0.7615473
0.0041978 0.1729286 0.05355223 0.7693214
0.002224252 0.1575492 0.0595166 0.78071
0.01016892 0.1565973 0.06858278 0.764651
0.0005858742 0.1435337 0.04760214 0.8082783
0.001992044 0.166869 0.06262578 0.7685131
0.001958507 0.1601007 0.05077227 0.7871685
0.02045912 0.1492631 0.06546573 0.7648121
0.0487837 0.109948 0.05447355 0.7867948
0.04616136 0.1347169 0.06318315 0.7559386
0.02840756 0.1401287 0.05888784 0.7725759
0.06793876 0.08877051 0.05510812 0.7881826
0.004403376 0.1634781 0.0688989 0.7632196
0.00129677 0.1762149 0.0605682 0.7619201
0.003355484 0.1698635 0.05398704 0.7727939
0.01002859 0.1656941 0.06793632 0.756341
0.000988285 0.1651264 0.05899291 0.7748924
0.005831944 0.1761547 0.04661183 0.7714015
0.0006233151 0.1605539 0.05336878 0.785454
0.001522955 0.1485997 0.06087049 0.7890069
0.008775552 0.1468015 0.05378276 0.7906402
0.002119623 0.1736536 0.05096256 0.7732642
0.002964671 0.1448943 0.03938905 0.812752
0.002985951 0.1606473 0.04625495 0.7901118
0.001836949 0.1659196 0.04693117 0.7853122
0.004073512 0.161077 0.07572725 0.7591222
0.004963586 0.1353303 0.06022632 0.7994798
0.005596176 0.1512877 0.05359734 0.7895188
0.004993258 0.1534107 0.05132173 0.7902743
0.00291092 0.1838238 0.05562059 0.7576447
0.006592942 0.1438011 0.05398984 0.7956161
0.001404247 0.1538874 0.05060612 0.7941023
0.004945081 0.1678037 0.07318287 0.7540683
0.01750749 0.1706211 0.05344422 0.7584272
0.03156615 0.1597185 0.06320249 0.7455128
0.008258964 0.1568606 0.04358448 0.791296
0.0004163605 0.1743545 0.04888667 0.7763425
0.009735783 0.1695365 0.04419963 0.776528
0.01427751 0.1487067 0.0583578 0.778658
0.00347021 0.1766785 0.04722341 0.7726279
0.008800553 0.1427301 0.04761486 0.8008545
0.01298545 0.1739458 0.05452982 0.758539
0.002516028 0.1632962 0.05518114 0.7790066
0.01208783 0.1633774 0.06282213 0.7617127
0.001816727 0.1782428 0.06341729 0.7565231
0.0008114943 0.1529588 0.05653923 0.7896905
0.00558344 0.1558516 0.05313245 0.7854325
0.002449294 0.1485321 0.05065997 0.7983586
0.009148633 0.1469142 0.04980235 0.7941348
0.0022343 0.1594673 0.04869212 0.7896063
0.00250285 0.1627885 0.05145038 0.7832583
0.01513188 0.1746572 0.04172431 0.7684866
0.002753664 0.1731676 0.0380065 0.7860723
0.004303204 0.1572088 0.0590491 0.7794389
0.01157931 0.1526076 0.05557797 0.7802351
0.003968922 0.1632882 0.04184136 0.7909015
0.003122803 0.1545467 0.05496808 0.7873624
0.001532092 0.1663827 0.05449949 0.7775857
0.0029447 0.167709 0.05697401 0.7723723
0.000899778 0.1575248 0.0669546 0.7746208
0.0005928714 0.1845399 0.06365743 0.7512098
0.001111241 0.1363587 0.05126265 0.8112674
0.00422557 0.1720281 0.06014747 0.7635989
0.002885274 0.1659018 0.05710775 0.7741052
0.00242535 0.1579547 0.05599117 0.7836288
0.003713579 0.1580192 0.05777614 0.7804911
0.006902577 0.1530311 0.04445972 0.7956066
0.01384007 0.1496705 0.04175885 0.7947306
0.008622079 0.1610818 0.05363715 0.776659
0.004526226 0.1782183 0.03753461 0.7797208
0.01136011 0.1525992 0.05742523 0.7786155
0.01163942 0.1456984 0.05302013 0.7896421
0.002467207 0.154858 0.05531952 0.7873553
0.0006264237 0.1622808 0.06119153 0.7759013
0.002322182 0.1765198 0.05338669 0.7677713
0.01162499 0.1540338 0.05636237 0.7779789
0.001617759 0.1691965 0.06607685 0.7631089
7.889343e-05 0.1775631 0.04854021 0.7738178
0.01029289 0.1716445 0.05272095 0.7653417
0.01209792 0.1511214 0.06898886 0.7677918
0.004959633 0.1653958 0.04950502 0.7801396
0.001805924 0.1620183 0.0540763 0.7820995
0.008683088 0.1778279 0.05358326 0.7599058
0.007578873 0.1565002 0.04610045 0.7898205
0.0001194776 0.1561099 0.0624834 0.7812872
0.003556118 0.1542614 0.05753544 0.784647
0.0008566951 0.1663176 0.03748996 0.7953357
0.008713454 0.1649887 0.05257564 0.7737222
0.0004806983 0.1642668 0.06105825 0.7741942
0.006138784 0.1713017 0.0669489 0.7556106
0.01471995 0.173742 0.05637611 0.755162
0.001944238 0.1628611 0.05367871 0.781516
0.009214298 0.1746242 0.05805941 0.7581021
0.007576977 0.1632421 0.05331607 0.7758648
0.0002478202 0.1680525 0.0608883 0.7708114
0.002993208 0.1407086 0.05781703 0.7984811
0.007332362 0.1635877 0.05606982 0.7730101
0.009152596 0.1683311 0.05032133 0.772195
0.006676896 0.1710227 0.04741601 0.7748844
0.001295835 0.1575664 0.05525423 0.7858836
0.001880526 0.1779279 0.05339474 0.7667968
0.004957044 0.1575913 0.05243056 0.7850211
0.01023563 0.1712096 0.06515363 0.7534011
0.004812258 0.1919711 0.05434327 0.7488734
0.01108234 0.1607144 0.04992809 0.7782751
0.002254203 0.1686131 0.04926142 0.7798713
0.004041727 0.163393 0.05586707 0.7766982
0.002367503 0.1455261 0.0547695 0.7973369
0.002096211 0.1610908 0.05380329 0.7830097
0.0002779145 0.1572462 0.04791215 0.7945637
0.0004702887 0.143031 0.0677415 0.7887572
0.002491807 0.1755588 0.06224812 0.7597013
0.004917851 0.1591947 0.05936755 0.7765199
0.001786901 0.1620643 0.04694612 0.7892027
0.0138339 0.1666241 0.05773953 0.7618024
0.006145937 0.1724844 0.05633399 0.7650356
0.003618333 0.1806525 0.04474589 0.7709833
0.0007307503 0.165893 0.04289034 0.790486
0.004299847 0.1643273 0.04959545 0.7817774
0.01340725 0.1793829 0.05488842 0.7523214
0.003669587 0.1672049 0.05095938 0.7781662
0.01261341 0.1482133 0.05216325 0.78701
0.006384372 0.1535528 0.04055701 0.7995058
0.02710494 0.1292034 0.04465257 0.7990391
0.004314594 0.2023999 0.06098919 0.7322963
0.01197965 0.1697701 0.04441499 0.7738352
0.01238406 0.162327 0.05350232 0.7717866
0.002648635 0.1589483 0.04320614 0.7951969
0.01514028 0.1608899 0.04944653 0.7745232
0.005623869 0.1626179 0.05022438 0.7815339
0.005019052 0.1799214 0.0493082 0.7657513
0.001037277 0.1815984 0.04596603 0.7713983
0.002561401 0.1711381 0.06635869 0.7599418
0.002056752 0.1505588 0.0547736 0.7926109
0.001662595 0.1964052 0.05283213 0.7491001
0.002683035 0.1524978 0.05081925 0.7939999
0.001516559 0.1623279 0.0511902 0.7849653
0.004510413 0.1512833 0.04810335 0.7961029
0.003495715 0.1559692 0.0559704 0.7845647
0.01092779 0.1582058 0.05681743 0.774049
0.003566106 0.1456681 0.0525558 0.79821
0.009478664 0.1393914 0.05505817 0.7960718
0.01215792 0.1517379 0.05120593 0.7848982
0.005410832 0.1495949 0.06045297 0.7845412
0.001972953 0.1648957 0.05574994 0.7773814
0.0001062951 0.1674481 0.06259144 0.7698542
0.000350314 0.1723861 0.06783826 0.7594253
0.006893928 0.1813998 0.05624445 0.7554618
0.0007381381 0.1622207 0.07204415 0.764997
0.004187028 0.1703344 0.04947787 0.7760006
0.005746346 0.1738085 0.04733841 0.7731067
0.003615527 0.1457024 0.07027021 0.7804119
0.001627332 0.1682156 0.05026578 0.7798913
0.0008770631 0.1523679 0.04451111 0.802244
0.0028102 0.1808769 0.04991237 0.7664005
0.004099478 0.1726293 0.05896044 0.7643108
0.002368094 0.1671419 0.04361289 0.7868771
0.008610225 0.1614026 0.04674413 0.7832431
0.007291326 0.1647346 0.05824584 0.7697282
0.008432872 0.1430592 0.05022362 0.7982843
0.004474295 0.1733175 0.05959922 0.762609
0.002738839 0.1585111 0.05358552 0.7851646
0.0008249042 0.1462 0.05332541 0.7996497
0.004014035 0.1385534 0.05702604 0.8004066
0.005697045 0.1689454 0.04608875 0.7792688
0.001502966 0.1541642 0.04345887 0.800874
0.01267314 0.1841813 0.05371304 0.7494325
0.001137272 0.1717316 0.06258104 0.7645501
0.002187672 0.1816084 0.05073674 0.7654671
0.004416776 0.1699837 0.05087072 0.7747288
0.006913721 0.1625012 0.0524612 0.7781239
0.005279966 0.1531245 0.0625977 0.7789978
0.01334811 0.1556644 0.05043316 0.7805544
0.0007899696 0.1694868 0.06678485 0.7629384
0.0009230384 0.1576867 0.05807033 0.78332
0.00139679 0.1722995 0.0638899 0.7624139
0.00599196 0.150972 0.05461005 0.7884259
0.003078375 0.1740075 0.04809111 0.7748231
0.0006140887 0.158623 0.05933438 0.7814285
0.014615 0.179142 0.05449499 0.751748
0.0001451158 0.1614679 0.06622505 0.7721619
0.005800547 0.1433916 0.06706328 0.7837446
0.01015528 0.1652814 0.05842108 0.7661422
0.01170143 0.1991803 0.04722846 0.7418898
0.008462903 0.1626507 0.054566 0.7743204
0.002413402 0.1698178 0.06477188 0.7629969
0.004733277 0.1326101 0.06236237 0.8002943
0.001050617 0.1526868 0.04945293 0.7968097
0.000152173 0.1661038 0.06413121 0.7696128
0.0003574814 0.1621381 0.06164815 0.7758563
0.001552148 0.1691077 0.07835339 0.7509868
0.002581958 0.1647998 0.05035531 0.7822629
0.001938102 0.1744676 0.05807613 0.7655182
0.003962086 0.1704674 0.05536456 0.7702059
0.009741627 0.1500371 0.063161 0.7770602
0.01503929 0.1364968 0.04785966 0.8006043
0.06067249 0.1219912 0.06200209 0.7553342
0.005261724 0.1688866 0.04526577 0.7805859
0.02018291 0.1440642 0.04365802 0.7920948
0.01996705 0.1662602 0.05930816 0.7544646
0.002857866 0.1767675 0.04519253 0.7751821
0.001366404 0.1675981 0.05544398 0.7755915
0.003469344 0.1510542 0.06538128 0.7800952
8.300955e-06 0.1739565 0.05833666 0.7676986
0.001434591 0.152462 0.05464527 0.7914581
0.005663601 0.1389365 0.05664218 0.7987577
0.007349364 0.1503449 0.05274977 0.7895559
0.001112518 0.1586037 0.05439583 0.7858879
0.0002817579 0.1774893 0.06437382 0.7578551
0.003140041 0.1742285 0.06759895 0.7550325
3.616328e-05 0.155984 0.05845889 0.7855209
0.006820629 0.187937 0.04948401 0.7557584
0.007227694 0.1553034 0.05772812 0.7797408
0.0008207655 0.1472741 0.05564616 0.796259
0.001607206 0.1630872 0.06118041 0.7741252
0.00153194 0.1630129 0.05293775 0.7825174
0.003031181 0.1744427 0.03474254 0.7877836
0.001424512 0.1553428 0.05031108 0.7929216
0.01680634 0.1570526 0.0495966 0.7765445
0.001020792 0.1844418 0.06854063 0.7459968
0.003499412 0.1581594 0.06694575 0.7713954
0.001534382 0.1565921 0.06903661 0.7728369
0.0005128496 0.1609323 0.06242524 0.7761296
0.001048574 0.1497773 0.05762442 0.7915497
0.0009108567 0.1703828 0.05834737 0.7703589
0.006348851 0.1430365 0.05562596 0.7949887
0.001567029 0.1320698 0.07165786 0.7947053
0.0006248806 0.1742919 0.03839644 0.7866868
0.00145035 0.156693 0.07167343 0.7701832
0.003251139 0.1687227 0.06148435 0.7665418
0.0001246327 0.1653376 0.06457012 0.7699676
0.001992652 0.1524031 0.06063316 0.7849711
0.01788384 0.1502169 0.051129 0.7807703
0.00285872 0.1657184 0.06017414 0.7712487
0.000318691 0.1479455 0.04558186 0.806154
0.0001808922 0.1606052 0.06368154 0.7755324
0.01030108 0.158268 0.04600809 0.7854228
0.0005382847 0.1534394 0.04432347 0.8016989
0.0007894791 0.1730366 0.05401661 0.7721573
0.007126776 0.1493943 0.05995906 0.7835198
0.006548007 0.15812 0.05491263 0.7804194
0.004445629 0.1712868 0.05206256 0.7722051
0.001432735 0.1833155 0.056469 0.7587827
0.006014389 0.1684476 0.05143776 0.7741002
0.003758973 0.1919105 0.05463194 0.7496986
0.004642468 0.180918 0.06303716 0.7514023
0.02934249 0.1573685 0.05252725 0.7607617
0.0007941334 0.1619973 0.05409234 0.7831162
0.007006265 0.1622343 0.06007065 0.7706888
0.002066428 0.1702775 0.05665419 0.7710019
0.009313213 0.1367761 0.06839364 0.785517
0.003143473 0.1528592 0.05097232 0.793025
0.005804774 0.15249 0.05080365 0.7909016
0.007193698 0.142789 0.05820051 0.7918168
0.003031423 0.1569676 0.05667146 0.7833296
0.001025874 0.1461241 0.06765611 0.7851939
0.001769426 0.1511273 0.05799429 0.789109
0.003384051 0.1514391 0.05027561 0.7949012
0.001779602 0.1680389 0.05545709 0.7747245
0.01596299 0.1557729 0.04955504 0.7787091
0.001465051 0.1535458 0.05616841 0.7888207
0.00161869 0.1605634 0.05759262 0.7802253
0.0007869566 0.1657878 0.05764442 0.7757808
0.0019869 0.1830538 0.04967048 0.7652889
0.004292481 0.1616397 0.047304 0.7867638
3.039603e-05 0.156749 0.06592901 0.7772916
0.0003696811 0.1648665 0.06269893 0.7720649
0.001066014 0.1813998 0.05442529 0.7631089
0.002667733 0.1675012 0.05522854 0.7746025
0.0008029553 0.1441122 0.05044943 0.8046354
0.005482295 0.1807401 0.05181958 0.761958
0.005668975 0.1552792 0.05721719 0.7818347
0.004702865 0.1613209 0.06474723 0.769229
0.01167627 0.1673241 0.05338819 0.7676115
0.008481224 0.1705255 0.06234222 0.7586511
8.467646e-05 0.1770264 0.04834275 0.7745462
0.0003696027 0.1716533 0.04507194 0.7829052
0.007040073 0.1662792 0.04969132 0.7769894
0.003929746 0.1631045 0.06580662 0.7671592
0.001359626 0.1501179 0.05897249 0.78955
0.007304903 0.1501799 0.04914121 0.793374
2.48007e-06 0.158572 0.05663397 0.7847915
0.0312537 0.1520553 0.03327557 0.7834154
0.0001785314 0.170382 0.0514388 0.7780007
0.001448323 0.1741963 0.05427423 0.7700812
1.142683e-05 0.1477515 0.0575797 0.7946574
0.003019889 0.1595813 0.06758575 0.7698131
0.003764261 0.1558394 0.05068659 0.7897098
0.003678572 0.1748821 0.04537196 0.7760673
0.001201732 0.1736255 0.04551349 0.7796593
0.008793206 0.1663797 0.04920673 0.7756204
0.02695555 0.1678505 0.07402686 0.7311671
0.004685329 0.1724224 0.06449377 0.7583985
0.001032134 0.1816991 0.05644927 0.7608195
0.002021663 0.1510911 0.04354349 0.8033438
0.006932011 0.1726833 0.06545722 0.7549275
0.001295868 0.1504483 0.06318861 0.7850672
0.002952442 0.1556439 0.04452077 0.7968829
0.03470299 0.1752031 0.05003254 0.7400613
0.001534415 0.1562234 0.04518086 0.7970613
0.003107176 0.1694419 0.06446799 0.7629829
0.004687292 0.1533252 0.0605663 0.7814212
0.01403794 0.1591066 0.04612058 0.7807349
0.001966831 0.1735562 0.05555683 0.7689202
0.003149971 0.1637053 0.05929069 0.7738541
0.004168465 0.1606171 0.04567528 0.7895391
0.006224655 0.1733805 0.04855342 0.7718414
0.008141354 0.1791969 0.06402967 0.7486321
0.007709372 0.1814684 0.04198832 0.7688339
0.00106753 0.1476368 0.05962162 0.791674
0.002430071 0.1524188 0.05194993 0.7932012
0.009352737 0.1449544 0.07062314 0.7750698
0.002406298 0.1685882 0.05813671 0.7708688
0.001593116 0.1565352 0.05309047 0.7887812
0.003564826 0.1574766 0.06627867 0.77268
0.003964841 0.1496409 0.0546407 0.7917536
0.002964473 0.1675387 0.05165258 0.7778443
0.002159622 0.1533741 0.06997928 0.774487
0.006020607 0.1648545 0.05882942 0.7702954
0.002361807 0.1464656 0.04756394 0.8036086
0.0008647737 0.1753867 0.05509418 0.7686543
0.0004345943 0.1786877 0.04783288 0.7730449
0.0007611414 0.1714481 0.05684298 0.7709478
0.01085918 0.1425227 0.04918841 0.7974297
0.00154334 0.1726683 0.05137802 0.7744103
0.00124758 0.1732871 0.0466138 0.7788515
0.004445385 0.1542462 0.04959923 0.7917092
0.002192717 0.1613765 0.04013998 0.7962908
0.001301085 0.1818259 0.05428173 0.7625913
0.0001034298 0.1579522 0.06340952 0.7785348
0.001881363 0.1603509 0.05740737 0.7803604
0.01214538 0.1511786 0.06727336 0.7694027
0.002722839 0.1842826 0.04149725 0.7714973
0.006236315 0.180596 0.05672687 0.7564409
0.002467921 0.1519914 0.05063947 0.7949013
0.0009864713 0.1700536 0.06125987 0.7677001
0.004451686 0.1566727 0.05460632 0.7842693
0.003746571 0.1621453 0.04869741 0.7854107
0.005993152 0.1741928 0.052051 0.7677631
0.003102755 0.1580357 0.0471514 0.7917101
0.01383277 0.1668281 0.05597686 0.7633623
0.004074344 0.1461886 0.05270718 0.7970299
0.0001707263 0.1795535 0.04556118 0.7747146
0.0004907239 0.1703192 0.04993263 0.7792575
0.0008105097 0.1716843 0.05111241 0.7763928
0.003532124 0.1594934 0.05816503 0.7788095
0.003851233 0.1610935 0.05288463 0.7821706
0.01003026 0.146937 0.05835084 0.7846819
0.002591529 0.1455503 0.05141442 0.8004437
0.001090258 0.1632112 0.05241992 0.7832786
0.0001366833 0.17161 0.05268833 0.775565
0.008512098 0.1451734 0.04827176 0.7980428
0.001100204 0.1592499 0.05910077 0.7805491
0.01006778 0.1544131 0.05979305 0.7757261
0.004363815 0.160675 0.04833842 0.7866228
0.001210234 0.1770336 0.05127463 0.7704815
0.004721049 0.1602406 0.06479153 0.7702468
0.01808069 0.164407 0.05373685 0.7637754
0.03045706 0.1353301 0.04085726 0.7933556
0.0006384312 0.1626252 0.05564005 0.7810964
0.00424746 0.1671088 0.0503048 0.7783389
4.888731e-05 0.150909 0.04805401 0.8009881
0.003846851 0.1521219 0.04148878 0.8025425
0.0004202334 0.1566787 0.06944006 0.773461
0.003880443 0.1701632 0.04805337 0.777903
0.002397047 0.168339 0.05216567 0.7770983
0.0009307167 0.1685585 0.0572111 0.7732997
0.001238127 0.1507826 0.05983368 0.7881456
0.003587446 0.1545543 0.05527363 0.7865846
0.008448821 0.1677031 0.07279148 0.7510566
0.003938484 0.157734 0.04818619 0.7901413
0.002459223 0.1684081 0.04562503 0.7835076
0.003317415 0.170157 0.04790205 0.7786236
0.008098067 0.1894938 0.04547534 0.7569328
0.005013324 0.1757829 0.04992095 0.7692828
0.002274973 0.1674468 0.04962467 0.7806535
0.0004907508 0.1626641 0.0560081 0.7808371
0.0007292329 0.1555717 0.04701813 0.7966809
0.006228055 0.1540053 0.06431379 0.7754528
0.05619695 0.1259914 0.04809932 0.7697123
0.02028927 0.1701901 0.04556683 0.7639538
0.03675979 0.1690024 0.03326846 0.7609693
0.019025 0.1675954 0.05428126 0.7590983
0.0008464868 0.1734839 0.05495561 0.770714
0.00101539 0.141166 0.06656718 0.7912514
0.0004060122 0.1678923 0.03646115 0.7952405
0.003100586 0.1564383 0.05114262 0.7893185
0.001425328 0.1638458 0.06499468 0.7697342
0.006264718 0.1850937 0.05472811 0.7539135
0.0005494266 0.175937 0.05715303 0.7663605
0.0008330738 0.1522594 0.04983983 0.7970677
0.009345903 0.1786048 0.04930779 0.7627415
0.001671315 0.1512843 0.05070795 0.7963364
0.00711272 0.1678419 0.069402 0.7556434
0.002903481 0.1533846 0.04811235 0.7955996
0.00412858 0.1765007 0.05677161 0.7625991
0.00189147 0.1624618 0.04858587 0.7870609
0.00453779 0.1659547 0.04423704 0.7852704
0.00882707 0.1622427 0.05674121 0.772189
0.004055794 0.1678323 0.044998 0.7831139
0.002108035 0.1535515 0.03736641 0.8069741
0.006595323 0.1690617 0.06243893 0.7619041
0.002941511 0.1666338 0.04968314 0.7807415
0.003397621 0.179853 0.04238164 0.7743678
0.002915771 0.1572745 0.06726796 0.7725417
0.02405067 0.140724 0.04755271 0.7876727
0.004438782 0.1609395 0.05913699 0.7754848
0.0001160595 0.1663597 0.05442613 0.7790981
0.008312977 0.1318007 0.06037392 0.7995124
0.004931223 0.1559884 0.05782813 0.7812523
0.006339681 0.1536026 0.05935686 0.7807009
0.00830039 0.1478575 0.04763662 0.7962055
0.0151387 0.1533179 0.05772589 0.7738175
0.02869833 0.1353345 0.05829044 0.7776767
0.03289535 0.121953 0.05041508 0.7947366
0.02855356 0.1322073 0.04615592 0.7930833
0.04216927 0.1162784 0.06558469 0.7759676
0.001682194 0.1863649 0.04369404 0.7682588
0.0001662052 0.1636993 0.06469633 0.7714382
0.004967113 0.1665256 0.05842981 0.7700775
0.0002947831 0.1670079 0.0538542 0.7788431
0.002216028 0.1610614 0.05921631 0.7775063
0.003420986 0.1503779 0.05481367 0.7913874
0.004784593 0.1789773 0.05313415 0.763104
0.003990113 0.185365 0.04675942 0.7638854
0.0005351132 0.1683409 0.04884197 0.7822821
0.0004111834 0.1596659 0.05310971 0.7868132
0.002210457 0.166157 0.05485544 0.7767771
0.005811372 0.1716157 0.05327469 0.7692982
0.003007767 0.1498092 0.05400641 0.7931767
0.002032363 0.1664373 0.06226521 0.7692651
0.002299252 0.1766604 0.05234108 0.7686993
0.001358906 0.1671187 0.0514952 0.7800272
0.002076556 0.1604094 0.05864648 0.7788675
0.002762496 0.167317 0.05611564 0.7738048
0.007092207 0.1487758 0.0636456 0.7804864
0.002254071 0.1526915 0.06606237 0.778992
0.005072329 0.1479479 0.05149855 0.7954813
0.004441163 0.1372205 0.05136228 0.8069761
0.0008206245 0.1664845 0.05890471 0.7737901
0.00811681 0.1779338 0.04773679 0.7662126
0.02253252 0.1666916 0.05439329 0.7563826
9.282734e-05 0.1520375 0.05199791 0.7958717
0.006214534 0.1704284 0.0529151 0.770442
0.0008847464 0.1802925 0.04213489 0.7766878
0.0009469294 0.1678641 0.05633599 0.774853
0.0003138504 0.1661585 0.05618735 0.7773403
1.828852e-05 0.176435 0.05216374 0.771383
0.001146256 0.1708611 0.04933607 0.7786565
0.003334994 0.1772336 0.04198307 0.7774484
0.00435831 0.176212 0.0476392 0.7717905
0.002517301 0.1633655 0.05240907 0.7817081
0.001116442 0.1888601 0.05483465 0.7551888
0.001991339 0.1644353 0.05429469 0.7792786
0.0003303642 0.1819342 0.043401 0.7743344
0.004593874 0.1719096 0.0493714 0.7741251
0.003884953 0.1487388 0.05134008 0.7960361
0.004554088 0.1465625 0.06019284 0.7886906
0.002335832 0.1389737 0.04610998 0.8125805
0.01815897 0.1441914 0.05056648 0.7870832
0.0005076963 0.1584063 0.05584986 0.7852361
0.004855161 0.1682909 0.07185001 0.7550039
0.002266298 0.1738019 0.05821752 0.7657143
0.00207756 0.1660884 0.06700838 0.7648257
0.001739518 0.1723281 0.05493276 0.7709996
0.01337624 0.1797267 0.04774117 0.7591559
0.005117999 0.1882185 0.04645842 0.7602051
0.0008015224 0.1536159 0.05968442 0.7858982
0.01479613 0.1575935 0.04571425 0.7818961
0.007292972 0.143876 0.05593586 0.7928952
0.004576085 0.1456096 0.07310134 0.7767129
0.001661725 0.1673174 0.06375389 0.767267
0.003510666 0.1207598 0.05059069 0.8251388
0.01407563 0.1685821 0.04535941 0.7719829
0.006791495 0.1517156 0.0536035 0.7878894
0.006529969 0.1676609 0.05477538 0.7710338
0.005262703 0.1550998 0.06319116 0.7764463
0.007810086 0.1680096 0.05338728 0.770793
0.0120003 0.1730604 0.06995887 0.7449804
0.01607308 0.1541076 0.04507278 0.7847465
0.0004721301 0.1607258 0.05437662 0.7844254
0.00112414 0.1563411 0.05630234 0.7862324
0.009092312 0.1988544 0.0446212 0.7474321
0.008480596 0.1785938 0.05606349 0.7568621
0.002956745 0.1566905 0.05468764 0.7856651
0.003385565 0.145971 0.04298803 0.8076554
0.001250916 0.1546434 0.06406174 0.780044
0.002341987 0.1617984 0.05071734 0.7851422
0.001009542 0.1553839 0.0627274 0.7808792
0.006428326 0.1653391 0.06507163 0.7631609
0.005061237 0.1456493 0.05979079 0.7894987
0.001802155 0.1581802 0.05850217 0.7815155
0.001745478 0.1791433 0.05396515 0.7651461
0.001931006 0.1902766 0.04997119 0.7578212
0.008951387 0.1503118 0.05440078 0.7863361
0.001070047 0.1628278 0.05295643 0.7831457
0.00344505 0.1547734 0.04747607 0.7943055
0.0125362 0.1652226 0.0554526 0.7667886
0.0002032062 0.1417038 0.05498294 0.80311
0.0002126453 0.1760602 0.05251428 0.7712129
0.002027764 0.1839382 0.03865301 0.775381
0.0166437 0.1665482 0.03606106 0.7807471
0.01259148 0.1615402 0.05271211 0.7731562
0.023062 0.1543347 0.05998848 0.7626149
0.006972409 0.1505379 0.04163268 0.800857
0.001788137 0.1757363 0.04871586 0.7737597
0.008950452 0.1575463 0.05551744 0.7779858
0.0007362182 0.1611998 0.04844742 0.7896166
7.357567e-05 0.1625782 0.05231056 0.7850377
0.00104214 0.1714952 0.05214798 0.7753147
0.001728196 0.173058 0.06600041 0.7592134
0.001366484 0.155156 0.06469338 0.7787842
0.003853576 0.1931682 0.04986224 0.753116
0.002602044 0.158301 0.05584453 0.7832525
5.992553e-06 0.1599973 0.05436162 0.7856351
0.007616807 0.1654968 0.05128387 0.7756025
0.001114481 0.1543276 0.05477969 0.7897782
0.003194711 0.1787062 0.05446052 0.7636386
0.002079325 0.1752659 0.0434052 0.7792496
0.008033422 0.1643871 0.06811398 0.7594655
0.002732964 0.1582443 0.05760303 0.7814197
0.0008609379 0.1744607 0.04502413 0.7796543
0.009942492 0.1387729 0.05338748 0.7978971
0.01119603 0.160023 0.0617271 0.7670539
0.001126383 0.1617109 0.04619285 0.7909698
0.007729344 0.1678719 0.04632446 0.7780743
0.009475986 0.1545785 0.04532313 0.7906224
0.0003804693 0.1547325 0.06108379 0.7838033
0.00244727 0.1774544 0.05665104 0.7634473
0.0001633018 0.1611474 0.06087925 0.7778101
0.0005696264 0.1777065 0.05470211 0.7670217
0.0008668133 0.1492684 0.07324874 0.776616
0.001156957 0.1685539 0.0656198 0.7646693
0.0008059709 0.1494898 0.04798924 0.801715
0.002945216 0.1584414 0.05308649 0.7855269
0.0006382445 0.1651672 0.06158827 0.7726062
0.00305883 0.1701922 0.05501405 0.771735
0.01257006 0.1683777 0.05429229 0.76476
0.003268538 0.1525959 0.06508604 0.7790495
0.005181241 0.184157 0.05482344 0.7558383
0.001121134 0.1779932 0.06195723 0.7589284
0.0009905169 0.16535 0.05637379 0.7772857
0.001201903 0.1580719 0.0655435 0.7751827
0.001010839 0.1579908 0.05419525 0.7868031
