p_1 p_2 p_3 
0.3222573 0.4153907 0.262352 
0.265153 0.3395308 0.3953162 
0.319695 0.4019332 0.2783718 
0.1949761 0.4901555 0.3148684 
0.2877506 0.4617529 0.2504964 
0.3350036 0.3539388 0.3110576 
0.3668214 0.3700917 0.263087 
0.2756051 0.4389871 0.2854079 
0.2899229 0.4893225 0.2207546 
0.3597534 0.3494056 0.290841 
0.3014151 0.3390227 0.3595622 
0.3450798 0.3578867 0.2970335 
0.2639741 0.4187307 0.3172952 
0.2918044 0.4615763 0.2466193 
0.3173843 0.4347136 0.2479021 
0.3180171 0.3620289 0.319954 
0.2137446 0.4059208 0.3803346 
0.271347 0.4477607 0.2808923 
0.2048923 0.5069602 0.2881476 
0.287065 0.4285847 0.2843503 
0.2760931 0.3990469 0.3248601 
0.2143415 0.3717906 0.4138679 
0.2872253 0.385197 0.3275777 
0.3074468 0.3962249 0.2963283 
0.2084824 0.4971013 0.2944162 
0.2280955 0.4534917 0.3184128 
0.2279273 0.5004004 0.2716723 
0.2486286 0.4157981 0.3355733 
0.2899773 0.3759943 0.3340283 
0.2931742 0.3793589 0.3274669 
0.3656829 0.3381535 0.2961636 
0.20244 0.4116347 0.3859252 
0.2352369 0.4444367 0.3203265 
0.2465086 0.491535 0.2619564 
0.3126746 0.3113078 0.3760176 
0.3085766 0.3631357 0.3282876 
0.2688399 0.4922473 0.2389128 
0.2572422 0.4076909 0.3350669 
0.3374042 0.3077261 0.3548698 
0.234836 0.4515491 0.3136149 
0.234152 0.4390095 0.3268385 
0.3394396 0.3698399 0.2907205 
0.3596212 0.4138521 0.2265267 
0.3126524 0.4218405 0.2655071 
0.3248164 0.3941449 0.2810387 
0.2152268 0.4380066 0.3467666 
0.2956057 0.3595887 0.3448056 
0.3154315 0.3370641 0.3475044 
0.322286 0.3946016 0.2831123 
0.2758213 0.4449463 0.2792324 
0.245095 0.4831621 0.2717429 
0.3084852 0.4631994 0.2283155 
0.3334267 0.3931514 0.2734219 
0.3292078 0.3415917 0.3292005 
0.212338 0.3917497 0.3959123 
0.3926424 0.3829441 0.2244135 
0.2488428 0.397567 0.3535902 
0.2930707 0.4089544 0.297975 
0.3089406 0.3196628 0.3713965 
0.2585861 0.3777761 0.3636378 
0.2379721 0.4036507 0.3583771 
0.2735192 0.3668815 0.3595993 
0.2724074 0.3539376 0.373655 
0.2202857 0.4731059 0.3066085 
0.307448 0.4273174 0.2652346 
0.320092 0.3727193 0.3071887 
0.2190367 0.4999387 0.2810246 
0.3461369 0.3626735 0.2911896 
0.2526874 0.4135581 0.3337544 
0.3543937 0.4208371 0.2247692 
0.2583771 0.3553651 0.3862578 
0.3029828 0.3567574 0.3402598 
0.2774187 0.4576014 0.2649799 
0.3374248 0.4199706 0.2426046 
0.334424 0.418438 0.247138 
0.3341065 0.3390346 0.3268588 
0.2964236 0.4019588 0.3016176 
0.2713774 0.4031944 0.3254281 
0.351563 0.376443 0.2719941 
0.2131535 0.4425376 0.3443089 
0.2643306 0.3901424 0.345527 
0.2365021 0.5031779 0.26032 
0.2286328 0.4328044 0.3385628 
0.2809714 0.4978025 0.2212261 
0.3592474 0.3925026 0.2482499 
0.336822 0.3697721 0.293406 
0.2586682 0.4100065 0.3313253 
0.2483215 0.349605 0.4020735 
0.2779683 0.4022387 0.319793 
0.2937537 0.403802 0.3024443 
0.2942271 0.3834488 0.3223241 
0.2523159 0.3405987 0.4070855 
0.3174998 0.4653867 0.2171136 
0.2999327 0.3883064 0.3117609 
0.2389692 0.4243468 0.336684 
0.2673242 0.4434587 0.2892171 
0.2473377 0.4652184 0.2874439 
0.2452021 0.4482811 0.3065169 
0.2422256 0.4731786 0.2845958 
0.2690357 0.3747426 0.3562217 
0.2496119 0.4222518 0.3281363 
0.3712607 0.3892508 0.2394885 
0.2467647 0.3993141 0.3539212 
0.2252501 0.4314995 0.3432504 
0.2381119 0.4482052 0.3136829 
0.272723 0.3934078 0.3338692 
0.2538943 0.3950179 0.3510878 
0.2975917 0.3908557 0.3115526 
0.2601702 0.422195 0.3176348 
0.2970864 0.4480899 0.2548237 
0.3199724 0.3687634 0.3112642 
0.3059423 0.3700996 0.3239581 
0.2202948 0.4671821 0.3125231 
0.288767 0.365417 0.345816 
0.2832091 0.4243682 0.2924227 
0.2452904 0.4035622 0.3511473 
0.291164 0.4959057 0.2129303 
0.2897673 0.3781843 0.3320484 
0.2688409 0.4214039 0.3097552 
0.2112227 0.4191573 0.36962 
0.3272789 0.3875064 0.2852147 
0.2483002 0.4363859 0.3153139 
0.1988543 0.4592206 0.3419251 
0.2389484 0.4111366 0.3499151 
0.2758523 0.3773346 0.3468132 
0.3005937 0.3497023 0.349704 
0.236225 0.3606724 0.4031026 
0.2971106 0.3862374 0.316652 
0.3414648 0.4106364 0.2478988 
0.267563 0.4185982 0.3138388 
0.2102407 0.4622712 0.3274881 
0.2564938 0.4633469 0.2801592 
0.2858208 0.3964893 0.3176899 
0.33693 0.381138 0.281932 
0.2924569 0.3832336 0.3243095 
0.3246556 0.3051824 0.370162 
0.2828822 0.4232179 0.2939 
0.2504696 0.471302 0.2782284 
0.2784058 0.3850743 0.3365199 
0.3561321 0.2846782 0.3591896 
0.3507416 0.4041553 0.2451031 
0.3571238 0.3703359 0.2725403 
0.3087455 0.3822039 0.3090506 
0.2845633 0.4549716 0.260465 
0.2968624 0.3808286 0.3223089 
0.3029695 0.4071213 0.2899092 
0.2747213 0.2949043 0.4303744 
0.3482483 0.3368557 0.314896 
0.2599503 0.4030881 0.3369616 
0.2803261 0.397239 0.3224349 
0.3030073 0.3361756 0.3608171 
0.327105 0.3789715 0.2939235 
0.2312652 0.390543 0.3781918 
0.3444139 0.406519 0.2490671 
0.2702606 0.4204734 0.3092659 
0.3252306 0.2975092 0.3772603 
0.2976638 0.4231224 0.2792137 
0.3117759 0.4201213 0.2681028 
0.3430552 0.3969651 0.2599797 
0.2420513 0.3858111 0.3721375 
0.255573 0.4073345 0.3370926 
0.2667352 0.4543796 0.2788852 
0.2354495 0.3842221 0.3803285 
0.2346982 0.3824122 0.3828897 
0.3032957 0.3785087 0.3181956 
0.364569 0.356485 0.278946 
0.2161555 0.4559288 0.3279157 
0.2665121 0.3987238 0.334764 
0.2262224 0.452397 0.3213806 
0.2784162 0.4030974 0.3184864 
0.3155878 0.4139032 0.2705091 
0.2122081 0.5076245 0.2801674 
0.2830623 0.3459386 0.3709992 
0.3187728 0.4209488 0.2602784 
0.2630375 0.4071257 0.3298367 
0.2092612 0.4868076 0.3039312 
0.2980813 0.4567604 0.2451583 
0.2815628 0.482612 0.2358252 
0.3122168 0.3484571 0.339326 
0.2612724 0.385019 0.3537086 
0.3218605 0.3906535 0.2874859 
0.293879 0.3396998 0.3664211 
0.2675706 0.435082 0.2973473 
0.2906948 0.3539521 0.3553531 
0.2403331 0.497965 0.2617019 
0.2489442 0.4256046 0.3254512 
0.2772094 0.4239616 0.2988291 
0.2736379 0.4537074 0.2726548 
0.3520051 0.3573715 0.2906235 
0.2255059 0.4211952 0.353299 
0.2818359 0.4685091 0.249655 
0.2565048 0.4698727 0.2736225 
0.3333253 0.3756688 0.2910059 
0.3848415 0.3310244 0.2841341 
0.3042468 0.3853458 0.3104074 
0.2048834 0.4758663 0.3192502 
0.328325 0.3995573 0.2721177 
0.2988002 0.4811228 0.220077 
0.2664594 0.4296681 0.3038725 
0.2622927 0.468973 0.2687344 
0.2885568 0.3987935 0.3126497 
0.2775853 0.4010944 0.3213203 
0.2345251 0.5079292 0.2575457 
0.2349627 0.3468933 0.418144 
0.3159858 0.4211337 0.2628805 
0.1984913 0.3588924 0.4426163 
0.2732168 0.4409281 0.2858551 
0.2637719 0.4062191 0.330009 
0.2367878 0.4617219 0.3014903 
0.226813 0.4542564 0.3189305 
0.3245673 0.3964392 0.2789935 
0.335264 0.407978 0.2567579 
0.2956572 0.405839 0.2985038 
0.3624199 0.3739596 0.2636206 
0.2434024 0.4185949 0.3380027 
0.2519893 0.4755397 0.272471 
0.2010597 0.4508733 0.348067 
0.4065968 0.2685555 0.3248477 
0.2902654 0.3722212 0.3375133 
0.2669316 0.3866643 0.3464042 
0.2895297 0.478975 0.2314953 
0.3580096 0.345374 0.2966165 
0.3122249 0.3688877 0.3188874 
0.2698601 0.452964 0.2771759 
0.2171621 0.4678138 0.315024 
0.2544822 0.432261 0.3132568 
0.2651433 0.4160564 0.3188003 
0.2617 0.4032207 0.3350793 
0.2547379 0.4058219 0.3394402 
0.353406 0.4302906 0.2163033 
0.3656299 0.3022654 0.3321048 
0.4280041 0.3258418 0.2461541 
0.2848369 0.3248878 0.3902753 
0.2660518 0.4353243 0.2986239 
0.2746218 0.4621234 0.2632549 
0.23946 0.4189828 0.3415572 
0.3221482 0.4130997 0.2647521 
0.2620566 0.392035 0.3459084 
0.299095 0.415555 0.28535 
0.2678856 0.3832506 0.3488638 
0.272143 0.4494985 0.2783585 
0.2606414 0.3563913 0.3829674 
0.2059187 0.4076739 0.3864074 
0.1883631 0.4097953 0.4018417 
0.2889045 0.4339115 0.2771841 
0.2926471 0.3624579 0.3448951 
0.2904185 0.3986055 0.310976 
0.2648136 0.4292495 0.3059369 
0.2437537 0.4535477 0.3026986 
0.3182588 0.3687253 0.3130159 
0.3192511 0.3312871 0.3494618 
0.3531884 0.4028635 0.2439481 
0.2286833 0.4916145 0.2797022 
0.2723203 0.463896 0.2637837 
0.2312099 0.4754539 0.2933362 
0.3212355 0.3910539 0.2877106 
0.2510283 0.4201856 0.3287861 
0.2893974 0.3518191 0.3587835 
0.2328484 0.5029036 0.264248 
0.2970679 0.3694667 0.3334654 
0.2591805 0.4567583 0.2840612 
0.322557 0.4127431 0.2646998 
0.2818902 0.3967266 0.3213832 
0.2888014 0.4321498 0.2790489 
0.3561551 0.4001393 0.2437056 
0.2253688 0.431796 0.3428352 
0.3270377 0.3956172 0.2773451 
0.2791952 0.3778755 0.3429293 
0.2600121 0.4259909 0.313997 
0.2467459 0.4280647 0.3251894 
0.2339218 0.4346897 0.3313885 
0.2482972 0.4381112 0.3135916 
0.24585 0.4695076 0.2846424 
0.2364205 0.4902152 0.2733643 
0.2552741 0.3532462 0.3914797 
0.3650384 0.3714117 0.2635499 
0.2734946 0.3814691 0.3450363 
0.2953299 0.379647 0.3250231 
0.2891059 0.369356 0.3415381 
0.3633624 0.3605367 0.276101 
0.2260951 0.441066 0.3328388 
0.2971027 0.3963945 0.3065027 
0.2482573 0.5411656 0.2105771 
0.3325083 0.4028179 0.2646738 
0.2983946 0.3362189 0.3653865 
0.2954352 0.4444532 0.2601116 
0.2663821 0.4036356 0.3299823 
0.226687 0.4786925 0.2946206 
0.2508358 0.444167 0.3049972 
0.2953779 0.3889783 0.3156438 
0.2158664 0.4820156 0.302118 
0.2571481 0.445737 0.2971149 
0.3007257 0.3962803 0.302994 
0.2848632 0.413682 0.3014549 
0.2432547 0.4480767 0.3086686 
0.2814151 0.3945853 0.3239996 
0.3070951 0.3248778 0.3680271 
0.2335949 0.434189 0.3322161 
0.2779603 0.4135911 0.3084486 
0.2694003 0.4448552 0.2857445 
0.2897445 0.3698648 0.3403907 
0.2525674 0.4113597 0.3360728 
0.2900691 0.353435 0.3564959 
0.25793 0.432848 0.309222 
0.2795652 0.3813849 0.33905 
0.2508645 0.4145634 0.3345721 
0.2729966 0.2992204 0.427783 
0.3110601 0.3143053 0.3746346 
0.233303 0.4190275 0.3476695 
0.3663004 0.2623358 0.3713638 
0.3616985 0.3606159 0.2776857 
0.3016835 0.4549477 0.2433689 
0.249048 0.4041166 0.3468353 
0.3266228 0.4648833 0.2084939 
0.2541498 0.4332477 0.3126026 
0.2282495 0.4040425 0.367708 
0.2720161 0.4460319 0.281952 
0.3019634 0.3919809 0.3060557 
0.3167268 0.4406595 0.2426137 
0.2317617 0.4975512 0.2706871 
0.3120964 0.4181762 0.2697275 
0.3938151 0.3657205 0.2404644 
0.3216887 0.3535021 0.3248092 
0.2643897 0.4693746 0.2662357 
0.2477229 0.3041385 0.4481386 
0.2740819 0.4690911 0.256827 
0.301437 0.3496651 0.3488978 
0.286113 0.4087956 0.3050913 
0.2770724 0.3683382 0.3545894 
0.3119145 0.378644 0.3094414 
0.2430389 0.4589494 0.2980117 
0.3043141 0.4274836 0.2682023 
0.3131459 0.344372 0.3424821 
0.2546288 0.3471461 0.3982251 
0.2853396 0.419572 0.2950885 
0.3054816 0.3920972 0.3024211 
0.2898534 0.3922026 0.317944 
0.3675652 0.3909141 0.2415207 
0.2951808 0.3558323 0.3489869 
0.2983618 0.4605349 0.2411034 
0.3503345 0.3677595 0.281906 
0.2433649 0.3696683 0.3869668 
0.2234045 0.3952506 0.3813449 
0.2348946 0.4509904 0.314115 
0.3018224 0.43899 0.2591876 
0.3010671 0.4301477 0.2687852 
0.251141 0.4336351 0.3152239 
0.2922566 0.4050333 0.3027101 
0.1962114 0.4966525 0.3071361 
0.2342833 0.4384313 0.3272854 
0.2707005 0.5209288 0.2083707 
0.3237433 0.4135617 0.2626949 
0.3356097 0.3756037 0.2887866 
0.2154065 0.4476212 0.3369723 
0.2566373 0.5198973 0.2234654 
0.3449216 0.3313678 0.3237106 
0.251222 0.4520902 0.2966878 
0.3379356 0.4382273 0.2238371 
0.3229568 0.3691273 0.3079159 
0.2819584 0.3597159 0.3583256 
0.2838374 0.3623099 0.3538527 
0.2324609 0.4636483 0.3038908 
0.2844311 0.381938 0.3336308 
0.227289 0.386886 0.385825 
0.2142056 0.434805 0.3509894 
0.3110251 0.398943 0.2900318 
0.2745282 0.3851792 0.3402926 
0.2693428 0.4014716 0.3291855 
0.254471 0.5183359 0.227193 
0.2443734 0.3517866 0.40384 
0.2821278 0.3771865 0.3406857 
0.32409 0.348966 0.3269441 
0.3487612 0.3642061 0.2870327 
0.2627379 0.4379362 0.2993259 
0.2651913 0.4136123 0.3211964 
0.2293911 0.4209162 0.3496927 
0.2239896 0.5031322 0.2728783 
0.3169971 0.3704719 0.312531 
0.2852775 0.4127181 0.3020044 
0.2766847 0.4035684 0.3197469 
0.2670623 0.4718819 0.2610558 
0.3084261 0.3573197 0.3342542 
0.2028787 0.4399033 0.357218 
0.3181816 0.4042742 0.2775441 
0.2725894 0.2813199 0.4460908 
0.2100321 0.4992767 0.2906912 
0.3262018 0.279574 0.3942242 
0.2200245 0.4728645 0.307111 
0.3018351 0.3433755 0.3547894 
0.3470927 0.4411441 0.2117632 
0.2753875 0.4184795 0.306133 
0.2305957 0.4758136 0.2935907 
0.3413309 0.4123556 0.2463136 
0.2559492 0.4730809 0.2709699 
0.3136355 0.3963652 0.2899993 
0.2474169 0.4401456 0.3124375 
0.2292154 0.5043481 0.2664365 
0.3653836 0.3097573 0.3248591 
0.3240596 0.3611725 0.3147679 
0.2771759 0.4355511 0.287273 
0.3024524 0.3304233 0.3671243 
0.2659761 0.4484972 0.2855267 
0.371967 0.3244057 0.3036274 
0.3466372 0.3841811 0.2691817 
0.2990525 0.4172236 0.2837239 
0.2935889 0.4030457 0.3033654 
0.3337593 0.404044 0.2621967 
0.2710602 0.4009567 0.3279831 
0.2985469 0.4034861 0.297967 
0.277969 0.4289897 0.2930414 
0.3724922 0.2868157 0.3406921 
0.2387396 0.4499843 0.3112761 
0.3244963 0.411067 0.2644366 
0.2325059 0.4797025 0.2877916 
0.319564 0.3016829 0.3787531 
0.2827998 0.4415686 0.2756316 
0.3343396 0.3941818 0.2714786 
0.2288006 0.3793486 0.3918508 
0.3329079 0.4384506 0.2286415 
0.21121 0.4580346 0.3307554 
0.2667425 0.3849536 0.3483039 
0.2112675 0.3601988 0.4285337 
0.27719 0.4741995 0.2486105 
0.3056896 0.3806359 0.3136745 
0.2837339 0.4220029 0.2942632 
0.3549266 0.3747617 0.2703117 
0.2163478 0.5059317 0.2777205 
0.2522415 0.4316856 0.3160729 
0.2489565 0.4208384 0.3302051 
0.2504271 0.4205423 0.3290306 
0.2510278 0.4853315 0.2636407 
0.3221468 0.3992138 0.2786394 
0.2656552 0.4361222 0.2982225 
0.274432 0.4237332 0.3018348 
0.2686629 0.3845563 0.3467808 
0.2783398 0.4241059 0.2975543 
0.3374979 0.3972094 0.2652927 
0.2813385 0.3909669 0.3276947 
0.3437211 0.3611556 0.2951233 
0.2719828 0.4643076 0.2637096 
0.2848212 0.4301613 0.2850175 
0.2518451 0.3847858 0.3633691 
0.2046805 0.3978115 0.397508 
0.3379475 0.3671053 0.2949472 
0.2402685 0.4010623 0.3586692 
0.3055106 0.3534054 0.341084 
0.2667993 0.4321985 0.3010023 
0.2738639 0.3189765 0.4071596 
0.2953154 0.3974816 0.307203 
0.342118 0.3200687 0.3378133 
0.2915026 0.3883495 0.320148 
0.3431029 0.3865779 0.2703192 
0.2715277 0.4419056 0.2865667 
0.3051299 0.4741851 0.220685 
0.241494 0.3919787 0.3665273 
0.29772 0.4032373 0.2990427 
0.328593 0.3390294 0.3323776 
0.2673856 0.3800839 0.3525305 
0.3465212 0.3560867 0.2973921 
0.3384772 0.3287796 0.3327432 
0.2735225 0.4575922 0.2688853 
0.2097697 0.4638853 0.326345 
0.3364593 0.3541442 0.3093965 
0.3268399 0.3997347 0.2734254 
0.2593092 0.4044432 0.3362476 
0.238089 0.4403883 0.3215227 
0.3076415 0.3737919 0.3185666 
0.2982136 0.3584056 0.3433808 
0.2482633 0.4150412 0.3366955 
0.2631784 0.3942908 0.3425308 
0.3099107 0.4310431 0.2590462 
0.2998994 0.3808881 0.3192125 
0.2314748 0.4055027 0.3630225 
0.28543 0.3417345 0.3728355 
0.2929691 0.4382589 0.2687719 
0.2933694 0.4683436 0.238287 
0.2998726 0.3453965 0.3547309 
0.285119 0.3999768 0.3149042 
0.228926 0.3781757 0.3928983 
0.2060223 0.4281482 0.3658295 
0.2086496 0.5033171 0.2880332 
0.2499713 0.3796297 0.370399 
0.2922511 0.3351918 0.3725571 
0.2508277 0.5293159 0.2198564 
0.2244697 0.4094821 0.3660482 
0.335909 0.3711599 0.2929311 
0.2787101 0.3884678 0.3328221 
0.2808261 0.4735608 0.2456131 
0.3513066 0.3805142 0.2681792 
0.3111575 0.3502258 0.3386167 
0.2988836 0.3993438 0.3017726 
0.3139808 0.3448879 0.3411313 
0.260094 0.4564358 0.2834702 
0.2535974 0.4114392 0.3349633 
0.3186033 0.2698473 0.4115493 
0.3421786 0.3671184 0.290703 
0.2403236 0.4486541 0.3110223 
0.2382624 0.4772954 0.2844422 
0.2381505 0.4523606 0.3094889 
0.3598326 0.3409342 0.2992331 
0.2844172 0.35115 0.3644328 
0.2803567 0.4146172 0.3050261 
0.2684082 0.3595261 0.3720658 
0.2268582 0.4666561 0.3064857 
0.2900636 0.4598648 0.2500717 
0.2862045 0.4131254 0.3006701 
0.3249027 0.3735446 0.3015527 
0.3373732 0.322394 0.3402328 
0.218521 0.5013544 0.2801246 
0.2809763 0.4386948 0.2803289 
0.2564054 0.496144 0.2474506 
0.2820577 0.4725886 0.2453538 
0.302577 0.4100934 0.2873296 
0.2915772 0.3925713 0.3158516 
0.3165375 0.3270425 0.35642 
0.3013676 0.3939427 0.3046897 
0.2055359 0.4390361 0.355428 
0.3272553 0.3886088 0.2841359 
0.3159963 0.3553244 0.3286793 
0.2237243 0.4343526 0.3419231 
0.2842247 0.3851066 0.3306687 
0.2895724 0.4211967 0.2892309 
0.2768666 0.4371197 0.2860137 
0.2915597 0.3839513 0.3244889 
0.3042544 0.3832035 0.3125421 
0.2698507 0.4589331 0.2712161 
0.2480812 0.3295412 0.4223776 
0.2818624 0.4310696 0.287068 
0.3525085 0.343449 0.3040425 
0.2787296 0.3678282 0.3534422 
0.2194993 0.4023204 0.3781803 
0.3081025 0.3484565 0.343441 
0.3358741 0.3564772 0.3076486 
0.2890905 0.3890167 0.3218928 
0.295609 0.446869 0.257522 
0.3341653 0.362984 0.3028507 
0.2574668 0.3272759 0.4152573 
0.2116762 0.4593196 0.3290042 
0.3091304 0.4089662 0.2819035 
0.2504829 0.457746 0.2917711 
0.3620024 0.3511307 0.2868669 
0.2643562 0.403699 0.3319448 
0.2420775 0.4466831 0.3112393 
0.2764016 0.3502226 0.3733758 
0.3225883 0.4264699 0.2509418 
0.289589 0.388863 0.321548 
0.2402394 0.4181215 0.341639 
0.3628627 0.3851828 0.2519545 
0.3147911 0.3880504 0.2971585 
0.2551296 0.4095749 0.3352955 
0.3415834 0.3801729 0.2782436 
0.3209855 0.347634 0.3313805 
0.2744689 0.4483366 0.2771945 
0.234746 0.4060713 0.3591826 
0.2264938 0.418321 0.3551852 
0.2649684 0.4983232 0.2367085 
0.2977884 0.3595283 0.3426834 
0.2729616 0.4246479 0.3023905 
0.232847 0.4808444 0.2863086 
0.3056001 0.3848631 0.3095368 
0.2275439 0.4702244 0.3022318 
0.3117458 0.4140151 0.2742392 
0.3338991 0.2645634 0.4015375 
0.1817762 0.4253696 0.3928542 
0.2275916 0.3693491 0.4030593 
0.2772626 0.3409844 0.381753 
0.2737326 0.3006352 0.4256322 
0.3387808 0.3739467 0.2872725 
0.2699326 0.4458505 0.284217 
0.2140938 0.5145488 0.2713574 
0.2931166 0.4638453 0.2430381 
0.3342886 0.3956436 0.2700678 
0.2818998 0.3631961 0.3549041 
0.287233 0.3456957 0.3670713 
0.3424495 0.3471947 0.3103558 
0.2853308 0.4090449 0.3056242 
0.4016572 0.3381191 0.2602238 
0.174493 0.4943878 0.3311191 
0.3623253 0.3748323 0.2628424 
0.2885493 0.5092553 0.2021954 
0.284279 0.3360416 0.3796795 
0.3106685 0.389577 0.2997546 
0.37438 0.325883 0.299737 
0.3422393 0.3571429 0.3006178 
0.2286006 0.3980338 0.3733656 
0.2469375 0.4339256 0.319137 
0.2428737 0.4041249 0.3530014 
0.2774096 0.4140646 0.3085258 
0.3098878 0.3554496 0.3346626 
0.2071913 0.4894202 0.3033885 
0.3830392 0.3301938 0.286767 
0.2432857 0.4436449 0.3130694 
0.2441138 0.4711007 0.2847855 
0.2462883 0.4094782 0.3442335 
0.3137688 0.4438921 0.2423392 
0.3211775 0.3652226 0.3135999 
0.2675516 0.3855142 0.3469343 
0.2642087 0.4526997 0.2830917 
0.2623379 0.4781657 0.2594964 
0.2268263 0.4923579 0.2808159 
0.2143807 0.5119081 0.2737112 
0.237914 0.4684396 0.2936463 
0.3810851 0.3173471 0.3015677 
0.3070644 0.4415822 0.2513534 
0.3448551 0.2768174 0.3783275 
0.2962508 0.4077311 0.2960181 
0.2761269 0.3804908 0.3433824 
0.3732031 0.2973702 0.3294267 
0.2631348 0.4248782 0.311987 
0.3136936 0.391238 0.2950684 
0.2171507 0.4494594 0.3333898 
0.2854755 0.3925326 0.3219919 
0.2815915 0.4259813 0.2924273 
0.1880094 0.5331546 0.2788359 
0.1942234 0.4525417 0.3532348 
0.3417135 0.3779314 0.2803551 
0.2883785 0.3628558 0.3487656 
0.299633 0.4275014 0.2728656 
0.2817121 0.444077 0.2742109 
0.245096 0.4588717 0.2960323 
0.2274502 0.4197714 0.3527784 
0.3087939 0.3894282 0.3017779 
0.2583001 0.5303584 0.2113415 
0.3196432 0.3960582 0.2842986 
0.2734094 0.476268 0.2503226 
0.2875309 0.44679 0.2656791 
0.2654309 0.4020879 0.3324812 
0.3294946 0.2950619 0.3754435 
0.3086947 0.3785826 0.3127226 
0.2114945 0.3869401 0.4015655 
0.3230296 0.3752142 0.3017561 
0.3190087 0.406072 0.2749193 
0.3037704 0.3934086 0.302821 
0.2843658 0.3563861 0.3592481 
0.4063349 0.3409297 0.2527354 
0.3266848 0.3259286 0.3473866 
0.244481 0.5056619 0.2498572 
0.2415794 0.4150207 0.3433998 
0.2047429 0.4357973 0.3594598 
0.2836215 0.3759828 0.3403957 
0.2582505 0.3758258 0.3659237 
0.2538151 0.4722387 0.2739462 
0.2168056 0.4281767 0.3550177 
0.2624738 0.4239896 0.3135366 
0.2986983 0.4210345 0.2802672 
0.2074768 0.4285799 0.3639432 
0.269726 0.4752933 0.2549807 
0.237524 0.4702954 0.2921805 
0.2454343 0.4528902 0.3016755 
0.2571304 0.4521909 0.2906786 
0.2179756 0.4225572 0.3594672 
0.2653993 0.3636873 0.3709134 
0.2581054 0.456588 0.2853067 
0.3042469 0.4081666 0.2875865 
0.2941248 0.4081898 0.2976854 
0.348135 0.2966427 0.3552222 
0.2982015 0.4303457 0.2714528 
0.2154431 0.3866321 0.3979248 
0.3161088 0.3222921 0.3615991 
0.2672601 0.5081362 0.2246037 
0.2753746 0.3874999 0.3371255 
0.2309744 0.4605636 0.308462 
0.3152439 0.4174506 0.2673054 
0.2950003 0.4379714 0.2670283 
0.3281014 0.3566935 0.3152051 
0.2046001 0.4374185 0.3579813 
0.3077403 0.4217691 0.2704906 
0.2917027 0.3194436 0.3888536 
0.297198 0.3915347 0.3112673 
0.3159727 0.3866001 0.2974272 
0.3088146 0.3607799 0.3304055 
0.2406232 0.4237182 0.3356586 
0.2807565 0.4260684 0.293175 
0.308421 0.3631142 0.3284648 
0.3536659 0.3501894 0.2961447 
0.3044458 0.3696982 0.325856 
0.2423593 0.4718139 0.2858268 
0.2381337 0.4464577 0.3154087 
0.2932875 0.3831689 0.3235437 
0.2494732 0.4643034 0.2862233 
0.3021264 0.3493651 0.3485085 
0.242858 0.4502553 0.3068867 
0.2170289 0.4366003 0.3463708 
0.264387 0.5000648 0.2355482 
0.2972003 0.5103665 0.1924332 
0.2423361 0.5327937 0.2248702 
0.2676734 0.433662 0.2986646 
0.3527417 0.3758806 0.2713777 
0.3290315 0.4425829 0.2283856 
0.3282705 0.3786753 0.2930542 
0.3218515 0.4043888 0.2737597 
0.2667166 0.4125709 0.3207125 
0.2497313 0.4307654 0.3195033 
0.3307671 0.4253541 0.2438788 
0.2938281 0.439739 0.2664329 
0.2615714 0.4282352 0.3101934 
0.2999765 0.4196417 0.2803818 
0.222204 0.5792156 0.1985804 
0.2942101 0.3623161 0.3434738 
0.2860471 0.3466899 0.367263 
0.2495289 0.3924844 0.3579867 
0.3049767 0.3491352 0.3458881 
0.2767621 0.4005313 0.3227066 
0.2555334 0.4333954 0.3110711 
0.2637553 0.4322738 0.3039709 
0.2806677 0.4733769 0.2459554 
0.2198835 0.4419049 0.3382116 
0.3634291 0.3394511 0.2971198 
0.2394317 0.5080174 0.2525508 
0.2381753 0.4240447 0.33778 
0.3756245 0.3526063 0.2717692 
0.2721898 0.4148541 0.3129561 
0.2437828 0.4480807 0.3081366 
0.3651231 0.3337363 0.3011406 
0.246881 0.4288767 0.3242424 
0.3639108 0.4049124 0.2311767 
0.2983409 0.3850945 0.3165646 
0.2215494 0.4955044 0.2829462 
0.2537385 0.3425394 0.4037221 
0.2221942 0.4633598 0.3144459 
0.3237803 0.3605175 0.3157021 
0.2820883 0.3488834 0.3690283 
0.2008273 0.3668392 0.4323334 
0.2526435 0.3728958 0.3744607 
0.3399631 0.4039986 0.2560382 
0.3779475 0.382474 0.2395785 
0.293088 0.3455283 0.3613837 
0.2988915 0.4451661 0.2559424 
0.2731034 0.3930626 0.333834 
0.2685701 0.4146488 0.316781 
0.2589113 0.4675141 0.2735746 
0.2123092 0.363369 0.4243219 
0.3781646 0.3200582 0.3017772 
0.3133607 0.3369108 0.3497285 
0.2785982 0.4086328 0.312769 
0.2486383 0.4174897 0.333872 
0.2502279 0.4720391 0.277733 
0.2961334 0.4491151 0.2547515 
0.2742442 0.3101196 0.4156363 
0.3527317 0.3427603 0.304508 
0.230118 0.4248274 0.3450546 
0.3048666 0.3360488 0.3590846 
0.270274 0.3883827 0.3413434 
0.2334665 0.4660329 0.3005005 
0.2066474 0.4927494 0.3006031 
0.2750553 0.4107002 0.3142445 
0.2829146 0.4383755 0.27871 
0.2948121 0.3896606 0.3155273 
0.3552195 0.3670713 0.2777092 
0.2829301 0.3893792 0.3276907 
0.2627848 0.4649923 0.2722229 
0.272122 0.4243376 0.3035404 
0.2556297 0.3700592 0.3743111 
0.2423195 0.4587339 0.2989466 
0.3061713 0.4067683 0.2870604 
0.2303797 0.4777282 0.2918921 
0.2847844 0.3737589 0.3414567 
0.3566254 0.3719169 0.2714577 
0.2871254 0.3233289 0.3895457 
0.3188418 0.342236 0.3389222 
0.2321814 0.4950616 0.272757 
0.2107427 0.4446242 0.344633 
0.3114937 0.4301987 0.2583076 
0.3633852 0.3392464 0.2973684 
0.2926836 0.3747556 0.3325609 
0.216692 0.4685681 0.3147399 
0.3527329 0.3591671 0.2880999 
0.2617643 0.4464312 0.2918045 
0.2449517 0.4135404 0.3415079 
0.3305161 0.3579117 0.3115722 
0.2775326 0.3279962 0.3944712 
0.3333913 0.3448163 0.3217924 
0.3944384 0.3902354 0.2153262 
0.3176162 0.3912326 0.2911512 
0.3286823 0.4294511 0.2418666 
0.2817774 0.4418962 0.2763264 
0.2752868 0.4760392 0.2486741 
0.3024882 0.3637776 0.3337342 
0.2409579 0.4405281 0.318514 
0.3414627 0.4115387 0.2469986 
0.2959693 0.4332461 0.2707845 
0.2162362 0.5439193 0.2398445 
0.3493869 0.3842265 0.2663866 
0.2168061 0.461665 0.3215289 
0.2636079 0.3225682 0.4138239 
0.3451016 0.4098001 0.2450983 
0.2711442 0.4014029 0.3274529 
0.2810673 0.5027228 0.2162099 
0.3513106 0.366075 0.2826144 
0.3076026 0.3832762 0.3091213 
0.264681 0.4400129 0.2953061 
0.2310681 0.479682 0.2892499 
0.2642062 0.3687183 0.3670756 
0.2335037 0.4480774 0.3184188 
0.2924645 0.4231736 0.2843619 
0.2073251 0.5067485 0.2859264 
0.2619379 0.4300696 0.3079924 
0.3208978 0.3835758 0.2955265 
0.1732175 0.5171235 0.309659 
0.363126 0.3565514 0.2803226 
0.3267603 0.3676508 0.3055889 
0.272789 0.4475194 0.2796916 
0.2066775 0.4531698 0.3401526 
0.3031921 0.3983623 0.2984457 
0.234315 0.4149475 0.3507375 
0.237202 0.3839633 0.3788347 
0.3100519 0.4167028 0.2732454 
0.3133726 0.4081504 0.278477 
0.2363692 0.4466499 0.3169809 
0.3458435 0.3909744 0.2631821 
0.250333 0.3565064 0.3931607 
0.3553462 0.4083003 0.2363535 
0.2068042 0.5183325 0.2748633 
0.2097181 0.5139952 0.2762866 
0.2108781 0.4996197 0.2895022 
0.2709399 0.4103007 0.3187594 
0.2549308 0.4733269 0.2717423 
0.2045332 0.5052991 0.2901677 
0.2759939 0.311849 0.4121571 
0.2270864 0.4387696 0.3341441 
0.441482 0.2774293 0.2810886 
0.3164815 0.4003147 0.2832038 
0.2332747 0.3800987 0.3866266 
0.260625 0.4667427 0.2726323 
0.277935 0.4993017 0.2227633 
0.2619379 0.4453914 0.2926707 
0.2597477 0.453787 0.2864653 
0.2334733 0.4442254 0.3223013 
0.3610841 0.4073953 0.2315206 
0.2593604 0.400494 0.3401456 
0.2166225 0.44877 0.3346075 
0.2729626 0.3807074 0.3463301 
0.2596173 0.3602943 0.3800885 
0.3175269 0.3330316 0.3494415 
0.2716123 0.405058 0.3233297 
0.3136859 0.375715 0.3105991 
0.2988864 0.3848802 0.3162334 
0.3121823 0.371397 0.3164207 
0.2999949 0.4095829 0.2904222 
0.3224445 0.3453614 0.3321941 
0.3495177 0.3768742 0.273608 
0.2290453 0.4613946 0.3095601 
0.2464076 0.4488638 0.3047286 
0.3742101 0.3468403 0.2789496 
0.2755829 0.4039477 0.3204694 
0.284301 0.3691558 0.3465431 
0.3260049 0.3804642 0.2935309 
0.285795 0.4132065 0.3009985 
0.3011313 0.3823854 0.3164833 
0.1904613 0.5694898 0.240049 
0.2332675 0.4641021 0.3026304 
0.2330931 0.3616139 0.405293 
0.2504067 0.4062817 0.3433116 
0.3314969 0.4131219 0.2553812 
0.2939357 0.4525761 0.2534882 
0.1755561 0.418577 0.4058669 
0.2706074 0.3324636 0.396929 
0.2671365 0.4329315 0.299932 
0.2552383 0.3885162 0.3562454 
0.3120571 0.4061813 0.2817617 
0.2434995 0.4029684 0.3535321 
0.2362423 0.4117196 0.352038 
0.3361722 0.3739085 0.2899193 
0.199137 0.4853872 0.3154758 
0.314869 0.4035787 0.2815523 
0.2547371 0.391275 0.353988 
0.2210786 0.3823042 0.3966172 
0.2668115 0.3780634 0.3551251 
0.3219518 0.3789361 0.2991121 
0.2892424 0.3245293 0.3862283 
0.3880847 0.3961288 0.2157866 
0.26706 0.4525167 0.2804233 
0.2932713 0.3709575 0.3357713 
0.2698371 0.4188875 0.3112754 
0.2126497 0.4720328 0.3153175 
0.3398869 0.3456935 0.3144196 
0.277964 0.3886342 0.3334018 
0.2524281 0.3861037 0.3614682 
0.2576224 0.4457946 0.296583 
0.2752541 0.3795309 0.345215 
0.2905295 0.3969211 0.3125494 
0.2489678 0.3906703 0.3603619 
0.3029363 0.3323676 0.3646961 
0.2248608 0.403323 0.3718162 
0.2541807 0.3546835 0.3911358 
0.3218136 0.269062 0.4091244 
0.2788432 0.3984032 0.3227536 
0.3123956 0.4353807 0.2522237 
0.3015061 0.3941591 0.3043349 
0.2750107 0.3946335 0.3303559 
0.2717312 0.4057698 0.322499 
0.2645457 0.400983 0.3344714 
0.2086459 0.4591576 0.3321965 
0.2173887 0.4503693 0.332242 
0.2470724 0.4195031 0.3334245 
0.2875278 0.4390355 0.2734367 
0.2593176 0.5099625 0.2307199 
0.356527 0.3787227 0.2647503 
0.3242715 0.4681606 0.2075679 
0.306625 0.4096027 0.2837722 
0.2599519 0.3945366 0.3455114 
0.2850584 0.4373399 0.2776016 
0.2565361 0.4704685 0.2729954 
0.3147517 0.3688052 0.3164431 
0.277346 0.4164152 0.3062389 
0.2492255 0.4161492 0.3346252 
0.2675627 0.4525766 0.2798608 
0.3115991 0.383128 0.305273 
0.2780761 0.3991282 0.3227957 
0.3031107 0.3993392 0.2975501 
0.3260838 0.3280429 0.3458733 
0.32897 0.3830726 0.2879574 
0.4359942 0.3032893 0.2607165 
0.2442153 0.4554861 0.3002987 
0.2461732 0.3940293 0.3597975 
0.2690826 0.4516756 0.2792418 
0.3505394 0.3485758 0.3008849 
0.2080196 0.4174448 0.3745356 
0.2710248 0.4947406 0.2342346 
0.3169236 0.3395468 0.3435296 
0.2448705 0.4025655 0.352564 
0.2071052 0.402871 0.3900238 
0.2659868 0.425753 0.3082602 
0.2103197 0.4201353 0.3695449 
0.2232705 0.4603037 0.3164258 
0.2835793 0.4344868 0.2819339 
0.2994704 0.498765 0.2017646 
0.298422 0.4306134 0.2709646 
0.2361373 0.4422997 0.321563 
0.3114802 0.3596518 0.328868 
0.272702 0.4456352 0.2816629 
0.2520764 0.3901956 0.3577281 
0.251417 0.4193553 0.3292276 
0.2522608 0.4912403 0.2564989 
0.3201781 0.3968266 0.2829953 
0.3617663 0.393598 0.2446357 
0.2816892 0.4637852 0.2545256 
0.3479745 0.3733301 0.2786954 
0.194278 0.4733675 0.3323545 
0.3040627 0.2804004 0.4155369 
0.2403546 0.401555 0.3580904 
0.2653626 0.4251724 0.309465 
0.2155016 0.4452131 0.3392853 
0.3374463 0.3828844 0.2796693 
0.2784768 0.3366902 0.384833 
0.3016253 0.346609 0.3517657 
0.3711757 0.4241602 0.2046641 
0.3052314 0.352831 0.3419377 
0.2654524 0.3541288 0.3804188 
0.2282132 0.4516814 0.3201054 
0.3465402 0.3796795 0.2737802 
0.2902709 0.3240382 0.385691 
0.2519829 0.3829842 0.3650329 
0.2657015 0.4070728 0.3272257 
0.2574837 0.3293478 0.4131685 
0.2846849 0.4024105 0.3129046 
0.3079179 0.3300968 0.3619853 
0.4101036 0.3256994 0.2641969 
0.1996554 0.3800219 0.4203228 
0.2547195 0.5191865 0.226094 
0.2778775 0.43617 0.2859525 
0.2221099 0.395396 0.382494 
0.2837088 0.4639029 0.2523883 
0.2266415 0.4902582 0.2831004 
0.272711 0.4011064 0.3261826 
0.2624049 0.4402632 0.2973319 
0.3146949 0.3709156 0.3143895 
0.1954501 0.4407593 0.3637906 
0.2345146 0.3667568 0.3987286 
0.3394796 0.3194479 0.3410725 
0.2637842 0.4377456 0.2984702 
0.2567205 0.5134706 0.2298089 
0.247373 0.483714 0.2689131 
0.2419911 0.3508824 0.4071265 
0.2445754 0.4413044 0.3141202 
0.2920105 0.3749746 0.3330148 
0.2523681 0.4664954 0.2811365 
0.3039898 0.4030647 0.2929455 
0.2894529 0.4497486 0.2607985 
0.2575845 0.4534589 0.2889565 
0.3287021 0.417476 0.2538218 
0.2677358 0.4464144 0.2858498 
0.2266335 0.4288527 0.3445138 
0.2008025 0.431058 0.3681395 
0.2292647 0.44103 0.3297053 
0.4308804 0.3389723 0.2301473 
0.3010069 0.3470841 0.351909 
0.3018608 0.4202971 0.2778421 
0.1857584 0.4870132 0.3272284 
0.2975715 0.3948735 0.3075551 
0.212878 0.4326315 0.3544905 
0.2172285 0.4131007 0.3696708 
0.2515947 0.4168936 0.3315116 
0.3284309 0.3971935 0.2743755 
0.2439519 0.4155289 0.3405193 
0.267306 0.4718237 0.2608703 
0.293159 0.3956888 0.3111522 
0.2529318 0.409893 0.3371752 
0.3291563 0.3720488 0.2987949 
0.2294216 0.4194277 0.3511507 
0.3114595 0.3464829 0.3420576 
0.3111807 0.4208928 0.2679265 
0.378353 0.356083 0.265564 
0.2674199 0.3818419 0.3507383 
0.3155385 0.4078932 0.2765683 
0.3177034 0.4399265 0.24237 
0.3498764 0.3514025 0.2987211 
0.2431302 0.453853 0.3030168 
0.2845655 0.377695 0.3377396 
0.2712023 0.3951158 0.333682 
0.3084657 0.4647134 0.2268209 
0.2409949 0.4849517 0.2740534 
0.3030123 0.3777786 0.3192091 
0.1924076 0.4551676 0.3524249 
0.2715451 0.4866891 0.2417658 
0.3580692 0.323553 0.3183779 
0.229378 0.4129668 0.3576552 
0.2453578 0.4566414 0.2980008 
0.2657555 0.4113662 0.3228783 
0.211179 0.5509878 0.2378332 
0.2713786 0.4622316 0.2663898 
0.3424391 0.3882377 0.2693232 
0.2789582 0.3986904 0.3223514 
0.2915507 0.3193675 0.3890818 
0.3287446 0.4120098 0.2592456 
0.3664464 0.3398885 0.2936651 
0.2632583 0.4901849 0.2465568 
0.2293867 0.4531565 0.3174568 
0.3195109 0.4221959 0.2582932 
0.3208707 0.3817729 0.2973565 
0.2290009 0.4344591 0.3365399 
0.2845218 0.4332783 0.2821999 
0.2281367 0.5730942 0.1987691 
0.2741247 0.4463493 0.279526 
0.2079922 0.4077654 0.3842424 
0.2512612 0.3802316 0.3685072 
0.3103166 0.3498015 0.3398819 
0.2898485 0.4300852 0.2800663 
0.1844019 0.4369518 0.3786463 
0.2580052 0.3877978 0.3541969 
0.2726668 0.4413494 0.2859837 
0.3244574 0.3911409 0.2844016 
0.2164526 0.4781538 0.3053936 
0.2827511 0.3888942 0.3283547 
0.239882 0.5149924 0.2451256 
0.2264126 0.442274 0.3313134 
0.2673102 0.430467 0.3022227 
0.2234943 0.5218669 0.2546389 
0.3089005 0.4092952 0.2818042 
0.1955369 0.4699183 0.3345448 
0.2480461 0.3923762 0.3595777 
0.2143398 0.486985 0.2986752 
0.2622604 0.5044105 0.2333291 
0.2934606 0.4144023 0.2921371 
0.2976191 0.4204611 0.2819199 
0.2485239 0.4044 0.3470761 
0.2511736 0.4086038 0.3402226 
0.2801498 0.3991106 0.3207396 
0.2936337 0.381833 0.3245332 
0.3126547 0.422767 0.2645784 
0.3302495 0.3456385 0.3241119 
0.2479735 0.3560318 0.3959947 
0.2817881 0.3088678 0.409344 
0.290373 0.4485941 0.261033 
0.3075466 0.3677007 0.3247527 
0.2777943 0.4297625 0.2924432 
0.275927 0.3756189 0.3484541 
0.2798887 0.390548 0.3295633 
0.3367427 0.3408158 0.3224414 
0.2413614 0.4271548 0.3314838 
0.2542916 0.3849509 0.3607575 
0.3412129 0.3653176 0.2934695 
0.2466609 0.3983865 0.3549526 
0.2798769 0.2848291 0.4352939 
0.2456891 0.4207401 0.3335708 
0.2451151 0.4163918 0.338493 
0.2931607 0.3877137 0.3191257 
0.2621793 0.3499667 0.387854 
0.3157298 0.440633 0.2436373 
0.2827961 0.3882741 0.3289298 
0.3334087 0.3291293 0.337462 
0.2892078 0.3796105 0.3311818 
0.2744841 0.4407224 0.2847934 
0.3190613 0.4220758 0.2588629 
0.2935702 0.4756432 0.2307866 
0.3706939 0.3819374 0.2473687 
0.2922513 0.4239394 0.2838092 
0.3050718 0.3949794 0.2999488 
0.2178556 0.4388355 0.3433089 
0.2952067 0.4119178 0.2928755 
0.3233562 0.4014478 0.275196 
0.2345607 0.3610122 0.4044271 
0.2984901 0.4418102 0.2596997 
0.2249959 0.3588792 0.4161249 
0.2692347 0.3427847 0.3879806 
0.3028906 0.3997953 0.2973142 
0.259067 0.3929644 0.3479686 
0.2756566 0.4908946 0.2334488 
0.3289937 0.3559432 0.3150631 
0.2685104 0.4347669 0.2967227 
0.2501527 0.4324272 0.3174201 
0.2465031 0.4741575 0.2793394 
0.3281945 0.4046185 0.2671871 
0.2599608 0.5110417 0.2289975 
0.3035698 0.3448563 0.3515739 
0.2599028 0.3460585 0.3940386 
0.3179423 0.4325608 0.2494969 
0.2736789 0.3892159 0.3371053 
0.3466648 0.3186711 0.3346641 
0.2371879 0.3074398 0.4553723 
0.2200059 0.5194927 0.2605014 
0.3221765 0.2860206 0.3918029 
0.220604 0.4890639 0.2903321 
0.2910048 0.3527648 0.3562304 
0.3574255 0.3256783 0.3168962 
0.2093439 0.5073962 0.2832599 
0.2285331 0.4970333 0.2744336 
0.2577583 0.3861291 0.3561126 
0.2695598 0.4431903 0.2872498 
0.246496 0.4789195 0.2745845 
0.2889446 0.2953989 0.4156566 
0.2410724 0.36652 0.3924076 
0.2347354 0.4845339 0.2807306 
0.2863975 0.47558 0.2380225 
0.2414839 0.4228146 0.3357015 
0.2703831 0.4217109 0.3079059 
0.2929083 0.4541286 0.2529631 
0.2677753 0.3951243 0.3371005 
0.3456883 0.3298372 0.3244745 
0.2689678 0.4227271 0.3083051 
0.3135786 0.4081331 0.2782884 
0.2595441 0.4919685 0.2484875 
0.2868069 0.3659483 0.3472448 
0.2268815 0.4712878 0.3018307 
0.256551 0.4518884 0.2915606 
0.2764061 0.4591888 0.2644051 
0.3110098 0.3762586 0.3127316 
0.2794663 0.3584208 0.3621128 
0.2933023 0.4158788 0.2908189 
0.2167363 0.4161269 0.3671368 
0.3158521 0.3485946 0.3355533 
0.2676816 0.374558 0.3577604 
0.2822157 0.4479595 0.2698248 
0.3058549 0.4372117 0.2569334 
0.2577005 0.403272 0.3390276 
0.2599704 0.4247949 0.3152347 
0.2373475 0.4284529 0.3341996 
0.181707 0.4550634 0.3632296 
0.3116549 0.3461606 0.3421845 
0.3269693 0.3925271 0.2805036 
0.2881159 0.3842904 0.3275936 
0.291175 0.3274451 0.3813799 
0.2251266 0.4041233 0.3707501 
0.3140325 0.3418248 0.3441427 
0.2041175 0.3651826 0.4306999 
0.2965118 0.4015636 0.3019246 
0.2660011 0.4354911 0.2985079 
0.2744825 0.4507391 0.2747784 
0.2922466 0.3487262 0.3590272 
0.3043335 0.344893 0.3507735 
0.3389344 0.415011 0.2460546 
0.2852224 0.5025888 0.2121888 
0.310514 0.4042741 0.285212 
0.2564489 0.5178722 0.2256789 
0.2831336 0.3924739 0.3243925 
0.2562889 0.4222616 0.3214495 
0.2219082 0.4364107 0.3416811 
0.3364261 0.4332028 0.2303711 
0.2251977 0.3767449 0.3980573 
0.3384261 0.4276969 0.233877 
0.2950466 0.4486795 0.2562739 
0.3422678 0.343271 0.3144611 
0.3900941 0.3850036 0.2249023 
0.2361051 0.4481053 0.3157897 
0.3009883 0.4762642 0.2227474 
0.3189586 0.4064778 0.2745636 
0.2241376 0.4165344 0.359328 
0.3318351 0.3568899 0.311275 
0.1994265 0.4940352 0.3065383 
0.2303549 0.4928799 0.2767652 
0.3282181 0.4296914 0.2420905 
0.2538934 0.4322006 0.313906 
0.2630258 0.4660198 0.2709544 
0.2783958 0.3721343 0.3494699 
0.3337171 0.3823069 0.283976 
0.3521667 0.40421 0.2436233 
0.2568071 0.4831445 0.2600485 
0.3577708 0.430729 0.2115002 
0.3504776 0.3861359 0.2633865 
0.2428423 0.4501185 0.3070393 
0.3065488 0.3890089 0.3044423 
0.3221791 0.3446787 0.3331422 
0.2824836 0.4342028 0.2833136 
0.3207523 0.3824066 0.2968412 
0.3183933 0.3915116 0.2900952 
0.2919039 0.3963067 0.3117894 
0.1953019 0.4681843 0.3365137 
0.2519481 0.4178349 0.330217 
0.2927253 0.3938389 0.3134358 
0.3088044 0.4005978 0.2905977 
0.304128 0.3765477 0.3193243 
0.2785979 0.4358538 0.2855484 
0.3635747 0.3657242 0.270701 
0.2593157 0.4529719 0.2877125 
0.2525708 0.472927 0.2745022 
0.2977151 0.4478006 0.2544842 
0.2819455 0.3831439 0.3349106 
0.3299517 0.3492665 0.3207818 
0.2499013 0.3939849 0.3561138 
0.1980361 0.5307291 0.2712348 
0.2675365 0.4429848 0.2894788 
0.2799593 0.3769157 0.343125 
0.3450828 0.4219381 0.232979 
0.258446 0.4387304 0.3028236 
0.2043507 0.5574684 0.2381809 
0.2682178 0.4261698 0.3056124 
0.3074347 0.3844756 0.3080897 
0.2831256 0.4274758 0.2893987 
0.2220607 0.3747863 0.4031531 
0.2996691 0.4216011 0.2787298 
0.2813423 0.4452205 0.2734373 
0.3047828 0.4131753 0.2820419 
0.3382604 0.4073452 0.2543943 
0.318962 0.4062202 0.2748177 
0.335947 0.4341229 0.2299301 
0.3337515 0.3618073 0.3044411 
0.3281128 0.4227671 0.2491202 
0.2580301 0.4247328 0.317237 
0.3113619 0.4063845 0.2822536 
0.2890995 0.4425958 0.2683047 
0.3026345 0.3970396 0.3003259 
0.3586697 0.3559318 0.2853985 
0.2699749 0.4285981 0.301427 
0.2250288 0.4342591 0.3407121 
0.2620383 0.4731221 0.2648396 
0.1911036 0.4373357 0.3715607 
0.2502455 0.4802111 0.2695435 
0.2811657 0.3341874 0.3846469 
0.352071 0.3647251 0.2832038 
0.2977809 0.3234643 0.3787549 
0.2159705 0.4197206 0.3643089 
0.2552501 0.3995708 0.3451791 
0.2516399 0.3869668 0.3613933 
0.3287248 0.3714008 0.2998743 
0.3602713 0.2931407 0.346588 
0.3264039 0.3772537 0.2963424 
0.2457123 0.4141376 0.3401501 
0.2421258 0.3882712 0.3696029 
0.2262871 0.4227877 0.3509252 
0.2820008 0.4186679 0.2993313 
0.2262744 0.431093 0.3426326 
0.2915986 0.4171174 0.291284 
0.2039936 0.4942713 0.3017351 
0.2880942 0.4129468 0.298959 
0.2579351 0.3635171 0.3785478 
0.2995691 0.3663354 0.3340954 
0.2697158 0.4235947 0.3066895 
0.2904352 0.4306725 0.2788923 
0.2557738 0.4793525 0.2648737 
0.2618502 0.446482 0.2916678 
0.1318718 0.5023144 0.3658138 
0.319934 0.3919658 0.2881002 
0.2252131 0.4641471 0.3106398 
0.3156277 0.386363 0.2980093 
0.2872747 0.4055845 0.3071408 
0.2288196 0.3606819 0.4104985 
0.2523471 0.4418285 0.3058245 
0.1949094 0.4873696 0.317721 
0.2837465 0.4384623 0.2777912 
0.3265002 0.4056443 0.2678555 
0.2617042 0.4300527 0.3082431 
0.3083848 0.3302765 0.3613388 
0.2995585 0.3656017 0.3348398 
0.3255115 0.3813138 0.2931747 
0.3333232 0.3510673 0.3156095 
0.2901839 0.4348657 0.2749504 
0.2438732 0.4776892 0.2784376 
0.267696 0.3764451 0.3558589 
0.2865208 0.4056905 0.3077886 
0.3296863 0.3692686 0.3010451 
0.2362821 0.4681386 0.2955793 
0.2681678 0.4086283 0.3232039 
0.2766628 0.4000037 0.3233336 
0.259544 0.438915 0.301541 
0.2456595 0.3829887 0.3713518 
0.2416557 0.3254358 0.4329084 
0.3132309 0.3957323 0.2910368 
0.2399645 0.5127298 0.2473057 
0.2654219 0.3759356 0.3586425 
0.2476192 0.3503082 0.4020725 
0.2928865 0.4550595 0.252054 
0.3653215 0.3782876 0.2563908 
0.2774008 0.4612132 0.261386 
0.3140532 0.3728898 0.313057 
0.3022532 0.3872439 0.3105029 
0.2381047 0.4132767 0.3486186 
0.2435427 0.4104587 0.3459985 
0.2299111 0.4357577 0.3343312 
0.2282245 0.4711294 0.3006461 
0.2393847 0.3761513 0.384464 
0.2858823 0.4311374 0.2829803 
0.3055004 0.4098072 0.2846924 
0.3381601 0.3487437 0.3130962 
0.2437343 0.4111032 0.3451625 
