"p_1" "p_2" "p_3"
0.1638494 0.780066 0.05608459
0.1620179 0.7796526 0.05832945
0.1527796 0.7911715 0.05604896
0.1570048 0.7822773 0.06071786
0.1446571 0.8027412 0.05260167
0.1520455 0.7882943 0.05966021
0.1719823 0.7746453 0.05337242
0.161544 0.7795228 0.05893317
0.1803315 0.7735139 0.0461546
0.1700939 0.7765093 0.05339686
0.14651 0.7988668 0.05462321
0.1518355 0.7947963 0.05336812
0.1514854 0.7929241 0.0555905
0.1554625 0.7892823 0.05525516
0.1595229 0.7861767 0.0543004
0.1507977 0.7971535 0.05204886
0.1613778 0.7841068 0.05451538
0.1680559 0.7610895 0.07085459
0.1514218 0.7936029 0.05497536
0.1532105 0.7837348 0.0630547
0.158507 0.7889382 0.05255479
0.1900455 0.7614432 0.04851132
0.1777 0.7648248 0.05747519
0.1685367 0.7738119 0.05765136
0.1924802 0.7534233 0.05409644
0.1722442 0.7761955 0.05156026
0.1571603 0.7980729 0.04476683
0.184429 0.7678024 0.04776857
0.1800987 0.7714545 0.04844678
0.1773188 0.7609282 0.06175302
0.1559933 0.7916862 0.05232051
0.1843546 0.7711918 0.04445359
0.1643432 0.7843626 0.05129419
0.1753878 0.7759362 0.04867593
0.1714029 0.778333 0.05026419
0.1494875 0.781454 0.06905849
0.1702691 0.7702438 0.05948711
0.1565782 0.784761 0.0586608
0.1710377 0.7780245 0.05093773
0.1517078 0.7869122 0.06137999
0.1769873 0.7587598 0.06425288
0.1631401 0.7855482 0.05131164
0.1634592 0.7804539 0.0560869
0.1561833 0.7967073 0.04710949
0.1606148 0.7998171 0.03956811
0.1505697 0.795733 0.05369739
0.1615457 0.7901867 0.0482676
0.1647797 0.7827112 0.05250902
0.14961 0.7988009 0.05158906
0.1501197 0.8093744 0.04050589
0.1614561 0.7885345 0.05000941
0.1648699 0.7749547 0.06017535
0.1515053 0.7869005 0.06159417
0.1518168 0.7919969 0.05618622
0.1471346 0.7950607 0.05780474
0.1831444 0.7641131 0.05274253
0.1391361 0.8140995 0.04676437
0.1343223 0.8111348 0.05454289
0.1591898 0.7845542 0.05625597
0.1790192 0.7657596 0.05522117
0.1685646 0.7661977 0.06523776
0.1500088 0.7862953 0.0636959
0.1544409 0.7736119 0.0719472
0.1775068 0.7666309 0.05586226
0.1850819 0.7665015 0.04841657
0.151289 0.8046586 0.04405239
0.1512383 0.7937343 0.05502737
0.149293 0.797266 0.05344101
0.168227 0.7680056 0.06376746
0.1488567 0.7989902 0.05215313
0.1805971 0.7739101 0.04549281
0.1865029 0.7583864 0.0551107
0.1522063 0.791481 0.05631269
0.1549055 0.7949146 0.05017989
0.1598885 0.7723181 0.06779343
0.1626925 0.7754896 0.06181786
0.1760005 0.7755193 0.0484802
0.1608646 0.7646347 0.07450069
0.1492983 0.7885383 0.06216337
0.1646032 0.7832946 0.05210218
0.1780772 0.7741295 0.04779333
0.1502105 0.8146545 0.03513501
0.1549886 0.7730451 0.07196636
0.1787018 0.7681515 0.05314664
0.1598168 0.792874 0.04730922
0.1726831 0.7733607 0.05395626
0.1633976 0.7729915 0.06361088
0.1372715 0.8109277 0.05180073
0.1402023 0.8019497 0.05784797
0.193496 0.7470907 0.05941327
0.1555878 0.7743799 0.07003234
0.1769429 0.7626414 0.06041576
0.1642257 0.7756557 0.06011857
0.1431358 0.8028427 0.05402145
0.1640763 0.7743459 0.06157779
0.1612703 0.786895 0.05183475
0.1527432 0.7928804 0.05437649
0.1768613 0.7764668 0.04667181
0.1668485 0.7781356 0.05501583
0.1540011 0.7786444 0.06735451
0.1589695 0.7981088 0.04292177
0.1877358 0.7651873 0.04707686
0.1528729 0.7826917 0.06443541
0.1585971 0.7835863 0.05781652
0.166194 0.7860642 0.04774181
0.1464399 0.7947479 0.05881216
0.1792831 0.7505557 0.07016121
0.1649848 0.7794043 0.05561093
0.1569569 0.7934946 0.04954846
0.1857217 0.7567985 0.05747985
0.1814889 0.7618696 0.05664145
0.1602231 0.7869822 0.05279468
0.1829205 0.7517952 0.06528433
0.1552383 0.7845242 0.06023752
0.1817578 0.7634831 0.05475915
0.1603018 0.7805913 0.05910689
0.1537578 0.7907673 0.05547491
0.1565525 0.7882245 0.05522305
0.1608787 0.782338 0.0567833
0.1521673 0.8006611 0.04717156
0.1704871 0.7796632 0.0498497
0.1564162 0.7858711 0.05771268
0.1603879 0.7921597 0.04745245
0.1478034 0.7963564 0.05584028
0.1662796 0.7826115 0.05110886
0.1738065 0.7787952 0.0473984
0.1656374 0.779298 0.05506453
0.1775668 0.7732603 0.0491729
0.1791752 0.7698027 0.0510221
0.1753232 0.7694164 0.05526037
0.1497329 0.8034581 0.04680903
0.1460655 0.8024483 0.05148623
0.1802273 0.7558057 0.06396697
0.1648227 0.7887195 0.04645785
0.1762961 0.7751819 0.04852198
0.1610195 0.7834288 0.05555175
0.1555508 0.7931432 0.05130598
0.1532842 0.7852942 0.06142161
0.1630406 0.7809252 0.05603414
0.1498358 0.8040808 0.04608338
0.1606086 0.7842757 0.05511566
0.1615993 0.7816771 0.05672352
0.1734662 0.769472 0.05706181
0.1440014 0.7964781 0.05952052
0.1637959 0.7748045 0.06139962
0.1548815 0.8025855 0.04253303
0.1991814 0.7399837 0.06083489
0.1572024 0.7902897 0.0525079
0.1611589 0.7924415 0.04639965
0.1741555 0.7751457 0.05069878
0.162374 0.7896023 0.04802373
0.1532424 0.7924566 0.05430103
0.1736222 0.7601781 0.06619972
0.1665216 0.7743204 0.05915799
0.1454486 0.7964652 0.05808615
0.1876629 0.7676737 0.04466338
0.1671284 0.7770891 0.05578251
0.1831119 0.7629941 0.053894
0.1579639 0.795079 0.04695709
0.1664026 0.7772029 0.0563945
0.1791825 0.7654039 0.05541359
0.1740204 0.7740547 0.05192485
0.1412427 0.7984949 0.06026236
0.1906309 0.7650678 0.04430126
0.1455918 0.7962347 0.05817354
0.1399181 0.8049457 0.05513615
0.1640896 0.7818748 0.05403556
0.1516427 0.7954375 0.05291976
0.158428 0.7725577 0.06901427
0.1605312 0.7873893 0.05207943
0.1576109 0.7908243 0.05156485
0.1611309 0.7700061 0.06886297
0.1622701 0.7903141 0.04741577
0.1365206 0.8125716 0.05090781
0.1499198 0.795814 0.05426627
0.1723663 0.7815416 0.04609217
0.1667603 0.7680836 0.06515612
0.1643783 0.7687285 0.06689311
0.1490333 0.794967 0.05599977
0.17254 0.7806207 0.04683935
0.1608298 0.7871109 0.05205931
0.1813394 0.778724 0.03993659
0.1558404 0.7751 0.06905959
0.1723347 0.770808 0.05685729
0.1488349 0.8014703 0.04969483
0.165138 0.7872259 0.04763613
0.1560916 0.7945605 0.04934789
0.1558 0.7920053 0.0521947
0.1667925 0.7833081 0.04989937
0.1594876 0.792795 0.04771736
0.1794325 0.75905 0.06151749
0.1594626 0.7696984 0.07083897
0.1433801 0.7942613 0.06235868
0.1513062 0.7968352 0.05185864
0.1698244 0.7770954 0.05308025
0.1532488 0.7748687 0.07188249
0.1660085 0.7804247 0.0535668
0.1454835 0.8039403 0.05057614
0.184352 0.7662682 0.04937973
0.1581831 0.7898826 0.05193432
0.1565891 0.7877084 0.05570246
0.1792349 0.7709639 0.04980121
0.1604282 0.7993453 0.04022652
0.1504995 0.7994831 0.05001742
0.1696428 0.7671318 0.06322544
0.1588554 0.781108 0.06003659
0.1720231 0.7760362 0.05194073
0.1686469 0.7768478 0.05450528
0.166912 0.7741497 0.05893828
0.1526569 0.786183 0.06116005
0.1617891 0.7869511 0.05125985
0.1696679 0.7775571 0.05277505
0.1825598 0.7726071 0.04483307
0.1709107 0.7554228 0.07366652
0.175229 0.7581488 0.06662227
0.1825125 0.7597289 0.05775858
0.1754477 0.7664975 0.05805481
0.1875954 0.7603505 0.05205409
0.1666502 0.7634253 0.06992451
0.1794888 0.7692819 0.05122936
0.1564934 0.7994442 0.04406236
0.1525811 0.7823325 0.06508644
0.1632849 0.794153 0.04256211
0.157073 0.7896236 0.05330337
0.1423508 0.7913636 0.06628553
0.1533934 0.7935108 0.05309589
0.1621933 0.7829757 0.05483095
0.1483253 0.8007473 0.05092743
0.1735328 0.769407 0.05706011
0.1643259 0.7755758 0.06009838
0.1688424 0.7856015 0.04555609
0.1748203 0.7735753 0.05160442
0.1830807 0.7615248 0.05539447
0.17323 0.7854208 0.04134929
0.1746377 0.7722718 0.0530905
0.1781799 0.7660745 0.05574555
0.1496283 0.7819099 0.06846184
0.1646332 0.7890256 0.04634124
0.1555779 0.7842383 0.06018382
0.1744008 0.7830949 0.04250428
0.1537049 0.7932072 0.0530879
0.1781593 0.7738129 0.04802775
0.1497573 0.7894635 0.06077927
0.1631614 0.7750813 0.06175727
0.1699167 0.7790404 0.05104292
0.1696113 0.7932496 0.0371391
0.153742 0.7918473 0.05441073
0.1435072 0.8074768 0.04901605
0.1694956 0.7740501 0.0564543
0.1604167 0.7830549 0.05652844
0.1578235 0.7782872 0.06388928
0.1502533 0.7935347 0.05621196
0.1660862 0.7791958 0.05471801
0.1736077 0.769486 0.0569063
0.1519421 0.7935735 0.05448443
0.1542791 0.7914264 0.0542945
0.1661224 0.7844067 0.04947087
0.1543645 0.7958468 0.04978867
0.1486088 0.7958805 0.05551069
0.1610542 0.7781777 0.0607681
0.203476 0.7523435 0.04418046
0.170197 0.7713388 0.05846425
0.1812928 0.7676594 0.05104777
0.156047 0.7921683 0.05178466
0.1526721 0.7779998 0.06932811
0.1618463 0.7739911 0.06416257
0.1723269 0.7619149 0.06575816
0.1531228 0.7808878 0.06598942
0.1591457 0.7820785 0.05877585
0.1533859 0.7998588 0.04675529
0.1944008 0.7458465 0.05975275
0.1682681 0.7734928 0.05823915
0.1650183 0.7866884 0.04829328
0.1674928 0.7769922 0.05551502
0.1690064 0.7889285 0.04206503
0.147674 0.7987733 0.05355269
0.1828005 0.7584072 0.05879229
0.1607462 0.7997676 0.03948613
0.1510512 0.7876713 0.06127758
0.1914184 0.7469022 0.06167941
0.1561437 0.790992 0.0528643
0.1619907 0.7754704 0.0625389
0.1516642 0.7982955 0.0500403
0.1625869 0.7792518 0.0581613
0.1553397 0.7786542 0.06600614
0.1739674 0.7678187 0.05821399
0.1474506 0.8111793 0.04137011
0.1766611 0.7679391 0.05539976
0.1657769 0.7794962 0.05472694
0.16547 0.7802891 0.05424081
0.1746446 0.7705864 0.054769
0.168437 0.7902426 0.04132041
0.2145094 0.711821 0.07366954
0.1570219 0.7815373 0.06144085
0.1469784 0.7807024 0.0723192
0.1514126 0.7907885 0.05779886
0.1798751 0.7716396 0.04848531
0.1432386 0.7848297 0.07193178
0.1878059 0.758749 0.05344513
0.1592924 0.7857648 0.05494285
0.1500697 0.8087685 0.04116174
0.1834704 0.7553677 0.06116188
0.1554222 0.7843521 0.06022574
0.1368633 0.8090118 0.0541249
0.16043 0.7766666 0.06290338
0.1830723 0.7644057 0.05252194
0.1561095 0.7945943 0.04929619
0.1644561 0.7928736 0.04267036
0.1929746 0.7416166 0.06540873
0.1665677 0.7700559 0.06337637
0.1670534 0.774088 0.05885855
0.1812751 0.7615933 0.05713163
0.149834 0.7953676 0.05479845
0.1786502 0.7666713 0.05467851
0.1625811 0.786683 0.05073584
0.1784782 0.775894 0.04562784
0.1335356 0.7981892 0.06827523
0.1646764 0.7941257 0.04119786
0.1518597 0.7947406 0.0533997
0.1705845 0.7776735 0.05174191
0.166522 0.779482 0.05399593
0.1556032 0.7667613 0.0776356
0.1507877 0.8015832 0.04762908
0.1584414 0.7859907 0.05556793
0.1579538 0.7836967 0.05834944
0.1697642 0.7813045 0.04893124
0.1542008 0.7934046 0.05239463
0.1729171 0.7770195 0.05006335
0.1715274 0.7668158 0.06165677
0.1410618 0.8075684 0.05136981
0.151923 0.7907526 0.05732437
0.1695387 0.7663296 0.06413169
0.1573216 0.791122 0.05155641
0.1584558 0.7860766 0.0554676
0.1689335 0.7832433 0.04782322
0.1655931 0.7762694 0.05813746
0.1386714 0.8128553 0.04847329
0.1656834 0.7710248 0.06329184
0.1818956 0.7685109 0.04959345
0.1652395 0.784316 0.05044454
0.1519575 0.789138 0.05890451
0.173192 0.7850251 0.04178287
0.1698366 0.7784799 0.05168345
0.1767156 0.7618493 0.06143513
0.1813627 0.7776226 0.04101475
0.1452613 0.7900853 0.06465337
0.1548578 0.7875678 0.05757431
0.158963 0.7839657 0.05707133
0.1690553 0.7676404 0.06330429
0.1623709 0.7828606 0.05476853
0.1819481 0.7570594 0.0609925
0.168356 0.7676642 0.06397976
0.1598999 0.7950244 0.0450757
0.1669775 0.7846866 0.04833592
0.1701151 0.7799511 0.04993382
0.1666516 0.7784033 0.05494515
0.1845348 0.7719926 0.04347261
0.1756143 0.7627094 0.06167637
0.1367016 0.7996203 0.0636781
0.1538533 0.7867046 0.05944211
0.153456 0.7878319 0.0587121
0.1670965 0.7832221 0.0496814
0.147707 0.7940878 0.05820521
0.1508988 0.783387 0.06571427
0.1501885 0.8019024 0.04790912
0.1496699 0.7841665 0.06616361
0.1801398 0.7670329 0.05282729
0.1593565 0.7870508 0.05359276
0.1651311 0.7720372 0.06283164
0.1521662 0.793856 0.05397777
0.1670089 0.778441 0.05455014
0.1613879 0.79089 0.04772209
0.1411907 0.7997193 0.05908996
0.1412047 0.8031554 0.05563996
0.1652512 0.7858427 0.04890609
0.1669547 0.7619701 0.07107517
0.1611285 0.780943 0.05792858
0.1601582 0.7725192 0.06732264
0.1643164 0.7842939 0.05138974
0.1313035 0.7948893 0.07380716
0.1479054 0.8008387 0.05125586
0.1727227 0.777939 0.04933832
0.1618836 0.7820971 0.05601932
0.1658457 0.779886 0.05426827
0.1545084 0.7837919 0.06169977
0.1559726 0.7916452 0.05238222
0.1485125 0.8009683 0.05051924
0.1618943 0.7753241 0.06278154
0.1490955 0.8020176 0.04888694
0.1703643 0.7738296 0.05580614
0.1797441 0.7758407 0.04441517
0.1609344 0.7762584 0.06280718
0.1933508 0.7555387 0.05111045
0.1752115 0.7569545 0.067834
0.1563197 0.7894612 0.05421904
0.1647653 0.781148 0.05408671
0.1458718 0.8028795 0.05124864
0.1683637 0.7771987 0.05443764
0.1437695 0.8034631 0.05276734
0.163794 0.7796567 0.05654938
0.1721109 0.7610878 0.06680132
0.1608066 0.7871857 0.05200772
0.1703077 0.7722213 0.0574709
0.1640566 0.788051 0.04789242
0.150097 0.7802756 0.06962742
0.1362707 0.8010255 0.06270379
0.1799859 0.7727324 0.04728162
0.1670331 0.7867516 0.04621537
0.159483 0.780813 0.05970406
0.1775651 0.7786236 0.04381132
0.1775093 0.7706985 0.05179217
0.1729463 0.7768189 0.0502348
0.1414197 0.8011669 0.05741336
0.1573377 0.7943763 0.04828592
0.1630698 0.7925114 0.04441881
0.1372143 0.8102212 0.05256449
0.1424416 0.7950851 0.06247331
0.171428 0.7711311 0.05744095
0.1500889 0.7915228 0.05838827
0.1575816 0.7940526 0.04836585
0.1601162 0.7788407 0.06104312
0.1469809 0.7861312 0.06688786
0.1531838 0.782291 0.06452525
0.1450987 0.7966393 0.05826207
0.1502917 0.7926357 0.05707263
0.1649673 0.7792979 0.05573476
0.1716014 0.7720751 0.05632353
0.1611117 0.7888699 0.05001848
0.1443071 0.8025366 0.0531563
0.1513767 0.8041498 0.04447348
0.1604999 0.778477 0.06102312
0.1597954 0.7882394 0.05196522
0.149999 0.7903753 0.05962572
0.1461605 0.7963564 0.05748308
0.1486534 0.7940221 0.05732447
0.1430202 0.8050548 0.05192496
0.1461531 0.7924134 0.06143354
0.1658631 0.7727704 0.06136652
0.1565231 0.7799937 0.06348316
0.1467559 0.796505 0.05673912
0.1483461 0.7910403 0.0606136
0.1816729 0.7657058 0.05262127
0.1507124 0.7895817 0.05970589
0.1753157 0.7615958 0.06308846
0.1667041 0.7680096 0.06528624
0.1605914 0.7830472 0.05636133
0.1728892 0.7772054 0.0499054
0.1388641 0.8009273 0.06020855
0.1488212 0.7807889 0.07038999
0.1627175 0.7872942 0.04998836
0.1601884 0.7907856 0.049026
0.1647594 0.7820313 0.0532093
0.1828981 0.754146 0.06295591
0.1596386 0.7828474 0.05751399
0.1422139 0.7944072 0.06337895
0.1704116 0.7811252 0.04846328
0.1667799 0.7737674 0.05945276
0.1570827 0.7791098 0.06380756
0.1523863 0.7990686 0.04854508
0.1658246 0.7647389 0.06943652
0.1548322 0.7868247 0.05834308
0.175037 0.7583406 0.0666224
0.1742026 0.7749047 0.0508927
0.1703712 0.7677723 0.06185648
0.1891768 0.7524567 0.05836646
0.1587231 0.7889789 0.05229802
0.1761285 0.7653015 0.05856993
0.1693353 0.7762053 0.05445937
0.1625778 0.7806971 0.05672507
0.1703972 0.7758883 0.05371448
0.1587873 0.763377 0.07783569
0.1779649 0.7751929 0.04684219
0.1733369 0.7675259 0.05913718
0.1511813 0.7843889 0.06442986
0.1703668 0.7558993 0.07373393
0.1596685 0.7846589 0.05567253
0.1716552 0.7683777 0.05996712
0.1563135 0.7737727 0.06991378
0.1519086 0.7834759 0.06461543
0.173697 0.7661804 0.0601226
0.1466935 0.7936186 0.05968785
0.1760771 0.7603221 0.06360076
0.1717364 0.7787428 0.0495208
0.1854014 0.7712745 0.04332409
0.1550489 0.7755193 0.06943184
0.1307097 0.8166883 0.05260196
0.1488364 0.7981167 0.0530469
0.1489971 0.7942664 0.05673653
0.1781734 0.7688782 0.05294841
0.1813722 0.7601048 0.05852299
0.152304 0.7842502 0.06344577
0.1474259 0.7943722 0.0582019
0.1649081 0.7804253 0.05466656
0.1767178 0.7745558 0.04872641
0.1560915 0.7958336 0.04807496
0.1512481 0.7977256 0.05102628
0.1650655 0.7766586 0.05827598
0.1612396 0.7813325 0.05742783
0.1618801 0.7817655 0.05635432
0.1684498 0.7751809 0.05636933
0.1509344 0.8064362 0.04262935
0.1658681 0.7736653 0.06046652
0.1645776 0.7864178 0.04900452
0.1592033 0.7765145 0.0642822
0.1576829 0.8019505 0.04036659
0.1838811 0.7565616 0.05955737
0.1773149 0.7764166 0.04626844
0.1603253 0.7803874 0.05928727
0.1540872 0.7891603 0.05675255
0.1656579 0.7731333 0.06120877
0.1584608 0.7877024 0.05383683
0.159811 0.7990796 0.04110942
0.163424 0.7962192 0.04035674
0.1634637 0.7822296 0.05430673
0.1786842 0.7744493 0.04686657
0.1784436 0.7724672 0.04908917
0.127722 0.809438 0.06283999
0.1761894 0.7744327 0.04937792
0.1772097 0.7720354 0.0507549
0.170716 0.7812551 0.0480289
0.1900792 0.7666997 0.04322111
0.1557925 0.7964101 0.04779739
0.1783484 0.7676409 0.0540107
0.1473476 0.7883099 0.06434252
0.1620001 0.7854599 0.05254004
0.1579854 0.7791045 0.06291009
0.1745414 0.7711589 0.05429969
0.143069 0.7934361 0.06349495
0.1799213 0.7719088 0.04816986
0.1817191 0.7719221 0.04635886
0.1793866 0.7603214 0.06029206
0.1432548 0.7954435 0.06130165
0.1677378 0.7824028 0.04985945
0.1590915 0.7864849 0.05442356
0.1797178 0.7703417 0.04994049
0.1596153 0.7776405 0.06274428
0.1665333 0.7808046 0.05266213
0.1557135 0.7764888 0.06779768
0.1742706 0.7751926 0.05053689
0.1839515 0.7751864 0.04086213
0.1779891 0.7765844 0.04542653
0.1804868 0.7612606 0.0582526
0.1708776 0.7738273 0.05529514
0.1598315 0.7927097 0.04745886
0.1561791 0.7902583 0.0535626
0.1630714 0.7663978 0.07053083
0.1512423 0.7872165 0.06154118
0.1412311 0.8074176 0.05135135
0.1762685 0.7789772 0.04475429
0.1664491 0.7702113 0.06333962
0.1713464 0.7761148 0.05253882
0.1654552 0.7741515 0.06039332
0.1687405 0.7804396 0.05081998
0.1689037 0.7832698 0.04782642
0.1793535 0.7849326 0.0357139
0.1657651 0.7813438 0.05289111
0.1607776 0.7897089 0.04951348
0.1601332 0.7911284 0.04873837
0.173674 0.7711121 0.05521394
0.154346 0.7868278 0.05882622
0.1861511 0.7487274 0.06512146
0.1482099 0.7833641 0.06842601
0.1523548 0.7795211 0.06812412
0.1613613 0.7890218 0.04961693
0.1511638 0.7877758 0.06106044
0.1724905 0.7729174 0.05459209
0.1586973 0.7973625 0.04394028
0.1502413 0.8020504 0.04770832
0.1670806 0.7797724 0.05314702
0.1836853 0.768631 0.04768373
0.1647486 0.7724021 0.0628493
0.1784283 0.7658734 0.0556983
0.170845 0.7704287 0.05872633
0.1552146 0.8027669 0.04201845
0.1734156 0.7805363 0.04604809
0.1668084 0.7726387 0.06055296
0.1853671 0.7636242 0.05100873
0.1558135 0.7804112 0.06377532
0.1697167 0.7820942 0.04818901
0.1595026 0.7875271 0.05297031
0.1758541 0.7853633 0.03878264
0.1700051 0.777944 0.05205091
0.1599469 0.7930084 0.04704472
0.1461132 0.7935198 0.06036698
0.1377364 0.7924359 0.06982767
0.1576345 0.7869475 0.05541798
0.1683537 0.7702111 0.06143515
0.1554074 0.771027 0.07356557
0.1749757 0.7505518 0.07447248
0.1732065 0.7659885 0.06080502
0.1484647 0.7946694 0.0568659
0.153816 0.7894182 0.05676585
0.1865108 0.7705621 0.04292706
0.1721969 0.7917534 0.03604972
0.1786687 0.7757823 0.04554894
0.172512 0.7763099 0.05117816
0.1509303 0.8045178 0.0445519
0.1706394 0.7720328 0.05732778
0.1635765 0.7748153 0.06160817
0.1662519 0.7724161 0.061332
0.1495028 0.7890356 0.06146155
0.1510858 0.7882135 0.06070071
0.1691208 0.7762612 0.05461792
0.1669003 0.7871559 0.04594375
0.1553717 0.785423 0.05920534
0.1716523 0.7747389 0.05360879
0.1939862 0.7521278 0.05388596
0.183516 0.7598643 0.0566197
0.1550872 0.7868633 0.0580495
0.1748516 0.7708326 0.05431575
0.1622614 0.7918376 0.04590103
0.1520853 0.7967301 0.05118461
0.1760488 0.7665558 0.05739537
0.1763846 0.7634925 0.06012292
0.1823642 0.7641109 0.05352498
0.1586216 0.7887084 0.05266993
0.1628866 0.7791889 0.05792453
0.1798318 0.7544524 0.06571588
0.1719684 0.7787332 0.04929842
0.1831191 0.7554704 0.06141049
0.1887608 0.7555297 0.05570952
0.1795164 0.7730305 0.04745316
0.1469352 0.7967847 0.05628014
0.1830659 0.7660024 0.05093174
0.1476213 0.7805842 0.07179457
0.1783991 0.7637022 0.0578987
0.1411643 0.7884134 0.07042226
0.141118 0.8113792 0.04750272
0.1437684 0.7964713 0.05976025
0.1383501 0.7913874 0.07026246
0.1563689 0.7807607 0.06287038
0.1790715 0.7670527 0.05387576
0.1512106 0.7897351 0.05905439
0.1560495 0.7827243 0.06122613
0.1620767 0.7855539 0.05236944
0.1770339 0.7670956 0.05587052
0.1730609 0.7658705 0.06106855
0.1618419 0.7703941 0.06776397
0.1431578 0.7898633 0.06697885
0.1739611 0.7628819 0.06315699
0.1594556 0.7836859 0.05685855
0.191789 0.7507041 0.0575069
0.1666415 0.7753257 0.05803286
0.1625382 0.7854365 0.05202526
0.158813 0.7978038 0.04338324
0.155221 0.7839507 0.06082834
0.1859623 0.7538802 0.06015743
0.1687388 0.7763474 0.05491385
0.1374822 0.7980076 0.06451023
0.1603724 0.7836639 0.05596367
0.156137 0.7958667 0.04799634
0.1773598 0.7654338 0.05720647
0.1558191 0.7892078 0.05497306
0.1625296 0.7912777 0.04619276
0.1650574 0.7599101 0.07503258
0.1508158 0.7942937 0.05489046
0.1739567 0.7767364 0.04930686
0.1672603 0.7802374 0.05250239
0.1662225 0.7829184 0.05085908
0.1827998 0.7759652 0.04123503
0.1635237 0.7897489 0.04672746
0.1519762 0.8059716 0.04205214
0.1518482 0.8017637 0.04638813
0.1620902 0.7894451 0.04846475
0.1634269 0.7764194 0.06015367
0.1633805 0.7826984 0.05392113
0.1624061 0.7875433 0.05005066
0.1698687 0.7663121 0.06381924
0.1640171 0.7774418 0.05854107
0.1513726 0.793258 0.05536938
0.1411378 0.7984826 0.06037958
0.1684537 0.7748222 0.05672416
0.1576965 0.7795244 0.06277906
0.1688056 0.7678574 0.06333702
0.1946087 0.753314 0.05207733
0.1700297 0.7759168 0.05405349
0.1602879 0.7780819 0.06163027
0.1795199 0.7567123 0.06376783
0.1741884 0.7767736 0.04903801
0.1600639 0.7860419 0.05389424
0.1647299 0.7844039 0.05086623
0.1606971 0.7856696 0.05363328
0.1693177 0.7719761 0.05870617
0.1581318 0.7702435 0.0716247
0.1583451 0.7737043 0.06795055
0.1684481 0.7811902 0.05036174
0.1567664 0.7857325 0.0575011
0.16678 0.7830291 0.05019093
0.1617785 0.7764017 0.06181983
0.1646504 0.7811254 0.05422426
0.1732929 0.7633648 0.06334228
0.1635887 0.7884395 0.04797187
0.1652685 0.7731156 0.06161593
0.1527934 0.7937134 0.05349325
0.1505782 0.8028354 0.04658636
0.1464381 0.7926271 0.06093481
0.1604045 0.784442 0.05515356
0.1674666 0.7818943 0.05063913
0.1576054 0.775658 0.06673661
0.1550538 0.7868005 0.05814569
0.1684504 0.7793511 0.05219852
0.164055 0.7822878 0.05365712
0.150286 0.773783 0.07593102
0.1563867 0.7951518 0.04846153
0.1453118 0.8003662 0.05432195
0.1594245 0.7706224 0.0699531
0.1523972 0.8008863 0.04671645
0.1519911 0.7993529 0.04865599
0.1798163 0.762427 0.05775665
0.1470962 0.7875113 0.06539251
0.1611599 0.7827328 0.05610728
0.1736059 0.7765437 0.04985033
0.1759308 0.7735815 0.05048776
0.1792862 0.7615389 0.05917492
0.1625796 0.7809644 0.05645605
0.1658563 0.7741091 0.06003457
0.1608022 0.7857566 0.05344112
0.1859633 0.7634981 0.05053862
0.1761135 0.7627829 0.06110368
0.1851204 0.7732483 0.04163131
0.1488273 0.7951122 0.05606044
0.1722214 0.7776003 0.05017835
0.1752088 0.7709786 0.05381258
0.1495781 0.7882254 0.06219652
0.144294 0.7994959 0.05621012
0.1782873 0.7765948 0.04511785
0.1579427 0.7863898 0.05566749
0.1637908 0.7888574 0.04735175
0.1528598 0.7856256 0.06151461
0.1680464 0.7845985 0.04735511
0.1496545 0.7843587 0.06598674
0.1691415 0.7818998 0.04895876
0.1449748 0.7892595 0.0657657
0.1636206 0.7898504 0.04652901
0.1621636 0.7767595 0.06107684
0.1564812 0.7940482 0.04947055
0.1602879 0.7892835 0.0504286
0.1801376 0.7617674 0.05809493
0.1443205 0.8070844 0.04859511
0.1684502 0.7715954 0.05995435
0.1915724 0.7524096 0.05601801
0.1683508 0.7710903 0.06055888
0.16159 0.7888049 0.04960501
0.1684979 0.7820039 0.0494982
0.1694407 0.78123 0.04932925
0.1601772 0.7833883 0.05643451
0.1633387 0.7758634 0.06079792
0.1675498 0.7622389 0.07021136
0.1648893 0.7739315 0.06117918
0.1662002 0.7766663 0.05713357
0.1513165 0.7837496 0.06493389
0.1563559 0.7850483 0.0585958
0.1784658 0.7501568 0.07137745
0.1658388 0.7849479 0.04921323
0.1678081 0.7821559 0.05003599
0.1758921 0.7697801 0.05432781
0.1547005 0.7988787 0.04642081
0.1541215 0.7907481 0.05513038
0.167636 0.7801422 0.05222179
0.1769004 0.7670121 0.05608747
0.1552637 0.7810378 0.0636985
0.1828991 0.765928 0.05117292
0.1567753 0.7803618 0.06286287
0.1504461 0.7965078 0.05304604
0.1642607 0.7845623 0.05117706
0.1716928 0.7792413 0.04906591
0.1804509 0.7651504 0.05439867
0.1537894 0.7981018 0.04810882
0.1705029 0.7695085 0.05998862
0.1819979 0.7593152 0.05868687
0.1754153 0.7574536 0.06713114
0.1637854 0.7785576 0.05765705
0.1633058 0.7815549 0.05513929
0.1708068 0.7826386 0.04655465
0.1584832 0.7984695 0.04304724
0.1719213 0.7663521 0.06172651
0.1578269 0.7750456 0.06712748
0.137674 0.7838056 0.07852046
0.1550919 0.7952109 0.04969726
0.1601179 0.777011 0.06287115
0.1363919 0.7979305 0.06567763
0.1486306 0.7822547 0.06911477
0.1740978 0.7616423 0.0642599
0.1770267 0.7720171 0.05095612
0.1570322 0.8017525 0.04121529
0.1696992 0.7745748 0.05572601
0.1553045 0.7923472 0.05234828
0.1571925 0.7908746 0.05193289
0.15036 0.7871737 0.06246625
0.1450799 0.7830379 0.07188227
0.1578518 0.7869532 0.05519493
0.1591293 0.7993988 0.04147186
0.1738689 0.7735551 0.05257596
0.1774372 0.7747261 0.04783668
0.1769522 0.7734063 0.04964148
0.1640813 0.7761 0.05981875
0.1725432 0.772666 0.05479086
0.1633899 0.7890058 0.04760426
0.1722269 0.7793753 0.04839781
0.1677532 0.7652599 0.06698692
0.1572476 0.7965083 0.04624408
0.1622639 0.7700497 0.06768641
0.1613891 0.7923391 0.04627177
0.1765924 0.7635294 0.05987821
0.1403113 0.8092896 0.05039913
0.1609691 0.7841326 0.05489825
0.1703124 0.7695229 0.06016474
0.167053 0.7874419 0.04550511
0.1573184 0.7819446 0.060737
0.1820059 0.7769875 0.04100667
0.1619392 0.788092 0.04996885
0.1664821 0.7733159 0.06020203
0.1669035 0.7895272 0.0435693
0.175841 0.7782109 0.04594814
0.1536613 0.796758 0.04958071
0.1675702 0.7714915 0.06093826
0.1846048 0.7588069 0.05658834
0.188808 0.7703023 0.04088967
0.1620785 0.7806831 0.05723843
0.1307987 0.821856 0.04734533
0.1673999 0.7719413 0.06065887
0.1671024 0.7739329 0.05896468
0.1572141 0.7918891 0.05089685
0.1472874 0.7928362 0.05987649
0.1620231 0.7854398 0.0525371
0.1535796 0.7841978 0.06222259
0.1476946 0.8021973 0.05010809
0.1473539 0.7966925 0.05595354
0.1693706 0.7846507 0.04597875
0.1647493 0.7951607 0.04009004
0.1437937 0.7978197 0.0583866
0.1564484 0.7871973 0.0563543
0.1575048 0.7771362 0.065359
0.1560641 0.7804567 0.06347921
0.1522864 0.7988965 0.0488171
0.1537999 0.7954296 0.05077049
0.1523187 0.7922287 0.05545264
0.1515937 0.7938647 0.05454156
0.1535949 0.793479 0.05292612
0.173284 0.7743672 0.05234879
0.1702789 0.7655347 0.06418641
0.17315 0.7715955 0.05525445
0.1787369 0.7690752 0.05218793
0.1476465 0.7929579 0.0593956
0.1652943 0.7588006 0.07590515
0.1730079 0.7725013 0.05449083
0.1706142 0.7626754 0.06671036
0.1591597 0.7865741 0.05426621
0.1638827 0.7750112 0.06110602
0.1874453 0.7556789 0.0568758
0.1616186 0.7637889 0.07459255
0.1696916 0.7746616 0.05564687
0.1964962 0.750256 0.05324772
0.1612738 0.786171 0.05255511
0.181751 0.7698963 0.04835267
0.1577096 0.7737973 0.06849307
0.1602493 0.7929203 0.04683039
0.1570847 0.7915167 0.05139863
0.1467357 0.8020603 0.05120405
0.1778369 0.747425 0.0747381
0.1491241 0.8047616 0.04611429
0.1500894 0.7893542 0.06055644
0.1432729 0.8009094 0.05581772
0.1612586 0.7877741 0.05096732
0.148985 0.7789539 0.07206111
0.164098 0.7777382 0.05816378
0.1469574 0.8060637 0.04697889
0.1857244 0.7516538 0.06262185
0.1598418 0.7914719 0.04868625
0.1618807 0.7813387 0.05678056
0.1475903 0.7889192 0.06349049
0.1926366 0.7530211 0.05434223
0.1548547 0.7938635 0.05128184
0.1580205 0.7761767 0.06580283
0.1649283 0.7934613 0.04161038
0.1593365 0.7937512 0.04691235
0.1653453 0.7780776 0.0565771
0.1536355 0.7845257 0.06183876
0.1793234 0.76115 0.05952656
0.1585326 0.7811117 0.06035562
0.1542473 0.8007936 0.04495915
0.1568452 0.7665092 0.07664563
0.1801306 0.7699056 0.04996382
0.1658931 0.7867418 0.04736509
0.1581656 0.7723714 0.06946302
0.1776018 0.7692636 0.05313468
0.1519129 0.7826095 0.06547759
0.1556549 0.7999468 0.04439832
0.1870621 0.7474799 0.06545801
0.160619 0.7873221 0.05205892
0.1413704 0.8114564 0.04717318
0.1719883 0.7754937 0.05251801
0.1739543 0.7689438 0.05710192
0.1603827 0.789118 0.05049933
0.177672 0.7746457 0.04768231
0.1581643 0.7808837 0.06095201
0.1537804 0.784575 0.06164464
0.1682271 0.7854907 0.04628222
0.1566361 0.7809493 0.0624146
0.1586912 0.7965753 0.04473357
0.1685204 0.7796777 0.0518019
0.1549876 0.7881154 0.05689691
0.1560247 0.7907953 0.05317999
0.1558074 0.7891737 0.05501894
0.1644528 0.7690404 0.0665068
0.1561434 0.7803034 0.06355326
0.1665215 0.7761257 0.05735281
0.1647015 0.7798866 0.05541194
0.1718324 0.7660857 0.06208194
0.1721816 0.76154 0.06627836
0.1775244 0.7609728 0.06150285
0.1332188 0.8092344 0.05754678
0.1738668 0.7754599 0.05067331
0.1552336 0.7786245 0.06614197
0.1629717 0.778648 0.05838035
0.1657174 0.7719776 0.06230495
0.1638151 0.7941062 0.04207874
0.146534 0.7997095 0.05375643
0.1572488 0.7989794 0.04377173
0.1600939 0.7886026 0.05130347
0.1754618 0.7687676 0.05577051
0.1591771 0.7826305 0.05819242
0.1737328 0.7760894 0.05017779
0.1677814 0.7775274 0.0546912
0.1604836 0.7797888 0.05972761
0.1483947 0.7905222 0.06108301
0.1708016 0.766919 0.06227936
0.1743793 0.7793596 0.04626101
0.1436436 0.7905076 0.06584882
0.1699732 0.769973 0.06005384
0.1456521 0.8116765 0.04267143
0.1454113 0.7963264 0.05826231
0.155422 0.7860399 0.05853809
0.1752366 0.7735506 0.05121276
0.1563267 0.7795303 0.06414292
0.155007 0.7903524 0.05464068
0.1750361 0.776349 0.04861488
0.1715373 0.7701323 0.05833046
0.175355 0.7634251 0.06121989
0.1558813 0.7983276 0.04579108
0.1570222 0.787023 0.05595475
0.1488061 0.7993493 0.05184459
0.1463017 0.7987852 0.05491314
0.1662804 0.7866956 0.04702396
0.178387 0.7618592 0.05975387
0.1646606 0.775261 0.06007838
0.1774487 0.7783034 0.0442479
0.1716471 0.7765649 0.05178792
0.1591607 0.7879581 0.05288127
0.1842085 0.7601393 0.05565215
0.1915695 0.7537819 0.05464862
0.1631863 0.7857358 0.05107792
0.1634888 0.7826232 0.053888
0.1702596 0.7563617 0.07337864
0.1563006 0.782218 0.06148133
0.1615892 0.7861989 0.05221187
0.1433311 0.8002348 0.0564341
0.1500509 0.7973288 0.05262033
0.1703304 0.7711933 0.05847637
0.1562961 0.7840118 0.0596921
0.1530792 0.7789917 0.06792914
0.1549963 0.7921453 0.0528584
0.156976 0.7875896 0.05543443
0.1716062 0.7547665 0.07362729
0.1600749 0.7878077 0.05211743
0.1578839 0.7758824 0.06623377
0.1693183 0.7820702 0.04861151
0.179371 0.7667364 0.05389258
0.1617703 0.7708624 0.06736733
0.1824448 0.7676468 0.04990844
0.1850788 0.762771 0.05215018
0.1703006 0.7843753 0.04532411
0.1376277 0.792307 0.07006528
0.1707679 0.7781298 0.05110237
0.2031302 0.7540758 0.04279402
0.1710484 0.7697698 0.0591818
0.1556223 0.8021487 0.04222904
0.1560871 0.7998553 0.04405759
0.1716073 0.7742815 0.05411121
0.1726659 0.7735638 0.0537703
0.1667022 0.7924257 0.04087207
0.1720633 0.7743749 0.05356183
0.1471211 0.7979077 0.05497118
0.1529554 0.7917023 0.05534225
0.1547236 0.7777555 0.06752087
0.1588006 0.7865641 0.05463528
0.1509245 0.7956918 0.05338375
0.170799 0.7764864 0.05271458
0.1713229 0.772884 0.05579311
0.1564784 0.7975855 0.04593608
0.1719648 0.774338 0.05369719
0.1825294 0.7597466 0.05772405
0.1837766 0.7731334 0.04308997
0.1598668 0.7722279 0.06790528
0.1713308 0.7790107 0.04965853
0.1645384 0.7737118 0.06174978
0.1530357 0.7727838 0.0741806
0.174377 0.7732034 0.05241952
0.1678427 0.7739072 0.05825007
0.1607732 0.7892448 0.049982
0.165263 0.7885647 0.04617228
0.1507043 0.7847256 0.06457008
0.1649659 0.7860002 0.04903393
0.159146 0.7839987 0.05685538
0.1641667 0.790122 0.04571129
0.1673769 0.7685088 0.06411425
0.1809396 0.7608755 0.05818491
0.1395136 0.8028072 0.05767925
0.1758912 0.7516067 0.0725021
0.1674281 0.7739579 0.05861402
0.1702405 0.7806246 0.04913491
0.1686296 0.7780477 0.05332269
0.1499975 0.7922253 0.05777714
0.1668292 0.7772382 0.05593258
0.1487226 0.8002126 0.05106487
0.1678601 0.7851427 0.04699725
0.1733946 0.7728415 0.05376396
0.1558601 0.7791916 0.06494826
0.1888683 0.7415712 0.06956052
0.1576567 0.7878064 0.05453692
0.1392919 0.7936086 0.06709946
0.1694226 0.7807149 0.04986245
0.1952394 0.7468986 0.05786195
0.1668013 0.7800381 0.05316066
0.1662134 0.7799644 0.05382215
0.1729187 0.7756005 0.05148079
0.1684663 0.7698656 0.06166815
0.1814621 0.772636 0.04590187
0.1601898 0.7809579 0.0588523
0.1810146 0.7568139 0.06217146
0.1743184 0.7622888 0.06339285
0.1903651 0.7577088 0.05192612
0.1753428 0.7701741 0.05448303
0.1715262 0.7740557 0.05441808
0.1681354 0.7784713 0.0533933
0.1813062 0.7660929 0.05260091
0.1662114 0.7546652 0.07912339
0.1654868 0.7784313 0.05608186
0.1481925 0.8129064 0.03890106
0.1536693 0.7827844 0.0635463
0.1759928 0.7664945 0.05751271
0.1806505 0.7629389 0.05641059
0.1746604 0.7785378 0.04680182
0.1658768 0.7693633 0.06475991
0.1644719 0.7803498 0.05517828
0.1806062 0.7799853 0.03940851
0.1734852 0.7771249 0.04938983
0.1534915 0.7837925 0.06271608
0.1685677 0.7798137 0.05161862
0.156324 0.7836847 0.05999133
0.159275 0.7856156 0.0551094
0.1569801 0.7881281 0.0548918
0.1806657 0.7678912 0.05144309
0.1332972 0.8173786 0.04932428
0.1569218 0.7868166 0.05626163
0.1601262 0.7817582 0.05811568
0.1819541 0.7682069 0.04983898
0.1530795 0.7934826 0.05343792
0.1598175 0.7932685 0.046914
0.1547897 0.7910891 0.05412117
0.1670231 0.7818638 0.05111314
0.1583991 0.7887538 0.05284711
0.1589099 0.7828453 0.05824482
0.1605812 0.7924916 0.04692724
0.1616383 0.7769741 0.06138759
0.1642039 0.7873071 0.04848899
0.1581761 0.799928 0.04189593
0.1546841 0.7802682 0.0650477
0.1712615 0.7728153 0.05592317
0.1840967 0.7755821 0.04032124
0.1579051 0.782457 0.05963794
0.1664976 0.7793612 0.05414127
0.1792368 0.7773465 0.04341663
0.1392843 0.8054078 0.05530794
0.1749615 0.7739715 0.05106701
0.1771712 0.7759061 0.04692266
0.1619596 0.790157 0.04788346
0.1727156 0.7829773 0.04430717
0.1807048 0.7685023 0.05079286
0.15627 0.7893233 0.05440673
0.1777996 0.7716509 0.05054957
0.1624494 0.7790634 0.05848714
0.175728 0.7656833 0.05858872
0.1720067 0.7717091 0.05628418
0.167785 0.7902352 0.04197982
0.1710594 0.782523 0.04641761
0.1750104 0.7816235 0.04336611
0.1656881 0.7599384 0.07437354
0.180261 0.7666203 0.05311871
0.1553564 0.7998733 0.04477037
0.1582385 0.8083012 0.03346033
0.1684823 0.7795432 0.05197447
0.177774 0.7680861 0.05413988
0.149561 0.7974475 0.0529915
0.1381504 0.8024188 0.05943081
0.1450768 0.8016879 0.05323532
0.1694272 0.7815234 0.04904938
0.1322311 0.8204528 0.04731618
0.1728902 0.780317 0.04679282
0.1668845 0.7430792 0.09003637
0.1809602 0.7614109 0.05762894
0.1889463 0.7595008 0.05155287
0.1570996 0.7868794 0.05602105
0.1731214 0.7879458 0.03893279
0.1530329 0.7946789 0.05228822
0.159254 0.7889462 0.05179978
0.154566 0.7764926 0.06894141
0.147076 0.8019635 0.05096056
0.1796389 0.7762135 0.04414753
0.1704424 0.7810173 0.04854029
0.1655468 0.783891 0.0505622
0.1807907 0.7691022 0.05010707
0.1501894 0.8000421 0.04976849
0.161015 0.7857731 0.0532119
0.1612463 0.7777259 0.06102776
0.1726401 0.7695219 0.05783797
0.1616772 0.7926469 0.04567591
0.1416161 0.7907209 0.067663
0.1481933 0.8044249 0.04738176
0.162567 0.7868975 0.05053557
0.1679374 0.7855799 0.04648273
0.1593449 0.7853341 0.05532102
0.17551 0.767219 0.05727094
0.1547077 0.7926798 0.05261249
0.1542906 0.7838301 0.06187937
0.1507825 0.7804193 0.06879822
0.1583651 0.7826674 0.05896755
0.167787 0.786947 0.04526603
0.1618032 0.793947 0.04424975
0.1744087 0.7850899 0.04050142
0.1525273 0.797441 0.05003165
0.1456712 0.8077965 0.04653232
0.1550672 0.7945081 0.05042468
0.1745699 0.7674712 0.05795897
0.1673084 0.7806582 0.0520334
0.1634438 0.7954868 0.04106936
0.1470787 0.7939549 0.05896638
0.1650028 0.7720789 0.06291829
0.1710163 0.7822289 0.04675483
0.177485 0.7575511 0.06496394
0.1497575 0.7897247 0.06051778
0.1461623 0.8042559 0.04958183
0.1576754 0.7882116 0.05411302
0.1554721 0.7837039 0.06082395
0.1501519 0.7895273 0.06032082
0.183141 0.7680009 0.04885808
0.1664657 0.7796233 0.05391097
0.1534877 0.7896857 0.05682661
0.1583535 0.782995 0.05865148
0.1657569 0.7834819 0.05076127
0.1639168 0.7863503 0.04973288
0.1758486 0.7683109 0.05584043
0.1733302 0.7701993 0.05647051
0.1599514 0.7883666 0.05168209
0.1777537 0.776621 0.04562528
0.1661142 0.788218 0.04566778
0.1703853 0.7778208 0.05179394
0.1661123 0.778394 0.05549368
0.1627788 0.7662851 0.07093613
0.1696846 0.7816812 0.04863419
0.1502887 0.7849791 0.06473219
0.1816462 0.7610888 0.05726498
0.1793026 0.7660503 0.05464703
0.1706202 0.7653392 0.06404059
0.1547478 0.798652 0.04660021
0.1478097 0.8080609 0.0441294
0.1560293 0.78832 0.05565069
0.1784219 0.7646656 0.05691241
0.1636231 0.7882886 0.04808828
0.1469906 0.7933813 0.05962811
0.1712796 0.7718166 0.0569038
0.1792409 0.7655578 0.05520133
0.1476087 0.8119501 0.04044114
0.1925576 0.7468492 0.06059311
0.174236 0.7625948 0.06316922
0.1639788 0.7837783 0.05224295
0.1695465 0.7665916 0.06386192
0.1578921 0.7904024 0.05170558
0.1684222 0.7594536 0.07212422
0.1611315 0.786347 0.0525215
0.1421986 0.7974556 0.06034578
0.1683322 0.7662526 0.06541512
0.1360763 0.812845 0.05107869
0.2048994 0.7383336 0.05676697
0.1458018 0.8069229 0.0472753
0.1577827 0.7897117 0.05250561
0.1688163 0.7825116 0.04867211
0.1516615 0.7836392 0.0646993
0.1712022 0.7725205 0.05627737
0.1924716 0.7535183 0.05401009
0.14782 0.7886439 0.06353609
0.1618097 0.7924892 0.0457011
0.1817364 0.7738744 0.04438917
0.1646822 0.7726434 0.06267442
0.1551961 0.79604 0.04876393
0.1492208 0.7933226 0.0574566
0.1853542 0.7729112 0.04173458
0.1726963 0.7730257 0.05427793
0.1775526 0.7591594 0.06328795
0.1727634 0.7703755 0.05686109
0.187562 0.7715018 0.04093622
0.1493589 0.8008978 0.04974331
0.1593035 0.7895638 0.05113273
0.1551917 0.7805841 0.0642242
0.1746125 0.7731558 0.05223167
0.1683388 0.7834705 0.04819065
0.1646016 0.7805591 0.05483933
0.1665669 0.7867323 0.04670086
0.1781436 0.7695934 0.05226303
0.1329582 0.8078253 0.05921648
0.1572374 0.7692117 0.07355093
0.1773943 0.7763405 0.04626525
0.1474134 0.7969282 0.05565841
0.1577979 0.7751186 0.06708352
0.160118 0.7997539 0.04012814
0.1608861 0.7744851 0.06462886
0.1538471 0.7920967 0.05405616
0.1393081 0.7993121 0.06137981
0.1633849 0.7629113 0.07370376
0.1505595 0.7951395 0.05430103
0.1692109 0.770154 0.06063506
0.1577836 0.7848785 0.05733791
0.1563721 0.7941693 0.04945862
0.1541015 0.7938892 0.0520093
0.1738122 0.7788552 0.04733259
0.1496587 0.7888729 0.06146847
0.1669811 0.7785194 0.05449951
0.1833899 0.7709524 0.04565765
0.166789 0.782082 0.05112902
0.1677841 0.7746949 0.057521
0.1546775 0.7741069 0.07121558
0.1351598 0.8190006 0.04583959
0.1633494 0.7838037 0.05284689
0.1513388 0.7969816 0.05167962
0.1615904 0.7884684 0.0499412
0.1690251 0.7702897 0.06068525
0.1665444 0.7707319 0.06272366
0.1658312 0.7701557 0.06401306
0.1559438 0.791029 0.05302724
0.1510383 0.7860029 0.06295888
0.1392116 0.8079197 0.05286872
0.1814362 0.7588273 0.05973655
0.1541492 0.7790608 0.06679001
0.1699034 0.7651191 0.06497748
0.1562071 0.7892984 0.05449447
0.1571075 0.8021165 0.04077604
0.1673027 0.7663298 0.06636749
0.1684173 0.7786838 0.0528989
0.1581748 0.7963906 0.04543455
0.186734 0.7487528 0.06451321
0.1918644 0.7547494 0.05338619
0.1516313 0.7954325 0.05293619
0.1671258 0.7894185 0.04345578
0.1813595 0.7666641 0.05197632
0.1544843 0.797035 0.04848071
0.1725258 0.7839959 0.04347829
0.1660503 0.7715448 0.06240487
0.1578417 0.7922715 0.0498868
0.1623233 0.7851005 0.05257625
0.1704645 0.7701322 0.05940322
0.1549934 0.8044229 0.04058368
0.1666763 0.7768341 0.05648962
0.1598913 0.7830377 0.05707097
0.1471711 0.788312 0.06451684
0.152943 0.8020074 0.04504966
0.1689357 0.7742518 0.0568125
0.1690633 0.771418 0.05951873
0.1623165 0.7847287 0.05295483
0.1690368 0.7723961 0.05856714
0.1605173 0.7865124 0.05297026
0.1736041 0.7698165 0.05657945
0.1686358 0.7660731 0.06529114
0.1666966 0.7765531 0.05675022
0.1561683 0.7775958 0.06623594
0.1520297 0.7964396 0.0515307
0.1559762 0.7947811 0.04924275
0.1528172 0.7891293 0.05805357
0.1667855 0.7655452 0.06766929
0.1719873 0.7742479 0.0537648
0.18683 0.7606376 0.05253247
0.1674202 0.7877026 0.04487723
0.1750049 0.7795607 0.04543437
0.1672813 0.7773443 0.05537443
0.1584024 0.7828094 0.05878817
0.1721296 0.7677937 0.06007666
0.1697938 0.7800684 0.05013775
0.1423732 0.7967542 0.06087261
0.1649063 0.7933383 0.04175548
0.1551761 0.7839846 0.06083925
0.1618629 0.7902448 0.04789226
0.1785443 0.7711554 0.05030022
0.1627183 0.8005133 0.03676849
0.1642773 0.7921501 0.0435726
0.1689465 0.7703187 0.06073477
0.1590585 0.7912094 0.04973212
0.1645615 0.7850384 0.05040004
0.1858788 0.7443721 0.06974906
0.1512795 0.8024378 0.04628271
0.1759614 0.7743519 0.04968671
0.1553098 0.7855242 0.059166
0.1544957 0.7890706 0.0564337
0.1656898 0.7824927 0.05181754
