p_1 p_2 p_3 
0.06614627 0.8152383 0.1186155 
0.05708999 0.7860389 0.1568711 
0.05761161 0.7956214 0.146767 
0.07832267 0.7610331 0.1606442 
0.1129124 0.7701691 0.1169185 
0.0731464 0.8000784 0.1267752 
0.05662456 0.8521377 0.09123776 
0.08094026 0.796161 0.1228987 
0.0571635 0.8521713 0.0906652 
0.04391996 0.865936 0.09014406 
0.05775728 0.8244691 0.1177736 
0.0530493 0.8264608 0.1204899 
0.1150732 0.8349385 0.04998824 
0.0710442 0.8059046 0.1230512 
0.02526971 0.8542081 0.1205222 
0.1210075 0.7242388 0.1547537 
0.02647726 0.8150108 0.158512 
0.05481212 0.8494175 0.0957704 
0.0942646 0.8052484 0.100487 
0.04004091 0.8013088 0.1586503 
0.0270033 0.8232994 0.1496973 
0.03636661 0.8346277 0.1290057 
0.1114211 0.7479337 0.1406452 
0.03242811 0.7859845 0.1815874 
0.05957795 0.8076216 0.1328005 
0.03481282 0.8554331 0.1097541 
0.05282672 0.799998 0.1471753 
0.0720399 0.8042081 0.123752 
0.09254451 0.7554596 0.1519959 
0.07703262 0.822356 0.1006114 
0.1508565 0.7475043 0.1016392 
0.05764543 0.8435975 0.09875708 
0.07048332 0.7915733 0.1379434 
0.05316306 0.8262864 0.1205506 
0.0406588 0.8336301 0.1257111 
0.08499729 0.7856519 0.1293508 
0.08842849 0.8217765 0.08979503 
0.09632947 0.7301321 0.1735385 
0.06553249 0.7831536 0.1513139 
0.07603107 0.748436 0.175533 
0.05477644 0.8584652 0.08675836 
0.05830523 0.7892981 0.1523967 
0.07366232 0.7865386 0.1397991 
0.01923595 0.839651 0.1411131 
0.03107363 0.878393 0.09053342 
0.04383452 0.8160131 0.1401524 
0.08587723 0.7339625 0.1801603 
0.03558017 0.799419 0.1650008 
0.02563643 0.8459646 0.1283989 
0.05614335 0.8197319 0.1241248 
0.0391041 0.8695397 0.09135618 
0.07163532 0.7736145 0.1547502 
0.1020108 0.7793094 0.1186798 
0.03417718 0.8420919 0.1237309 
0.04920606 0.8102758 0.1405181 
0.03106995 0.8383784 0.1305517 
0.1181855 0.7619443 0.1198702 
0.1117745 0.805215 0.08301057 
0.04515042 0.8076071 0.1472425 
0.04709672 0.8145667 0.1383366 
0.02913784 0.833676 0.1371862 
0.04443746 0.8026552 0.1529073 
0.05734299 0.8078997 0.1347573 
0.06077005 0.8438079 0.0954221 
0.07014662 0.7515547 0.1782987 
0.05349067 0.8596547 0.08685463 
0.0817969 0.6976089 0.2205942 
0.03911979 0.8242991 0.1365811 
0.03263458 0.8343285 0.1330369 
0.02420089 0.7889484 0.1868507 
0.07116714 0.7222318 0.2066011 
0.06505675 0.8749615 0.05998178 
0.02686222 0.8656767 0.1074611 
0.0282303 0.8083423 0.1634274 
0.03752613 0.747198 0.2152758 
0.0489558 0.8643309 0.08671325 
0.04177128 0.7742447 0.183984 
0.04806293 0.8393329 0.1126042 
0.05145252 0.7217229 0.2268246 
0.03178644 0.8668371 0.1013765 
0.117839 0.7888341 0.09332683 
0.04626026 0.8726898 0.08104992 
0.02506062 0.8402008 0.1347386 
0.04260851 0.8316736 0.1257179 
0.07076201 0.8218858 0.1073522 
8.323963e-05 0.8469926 0.1529242 
0.002159038 0.8080715 0.1897695 
0.07361641 0.7928501 0.1335335 
0.03873254 0.870865 0.09040247 
0.1147244 0.7627916 0.122484 
0.09847708 0.7591218 0.1424011 
0.08612674 0.7803911 0.1334822 
0.06906016 0.8605802 0.0703596 
0.07612089 0.8014534 0.1224257 
0.09327586 0.7534937 0.1532305 
0.04338301 0.8189482 0.1376688 
0.03137187 0.8355616 0.1330666 
0.03410994 0.871608 0.09428204 
0.05570796 0.8076595 0.1366326 
0.06300624 0.830243 0.1067507 
0.07858708 0.8239837 0.09742927 
0.1058573 0.8222935 0.07184915 
0.08375015 0.7602294 0.1560204 
0.03247165 0.8686389 0.09888941 
0.07781792 0.7900258 0.1321563 
0.1086811 0.7764751 0.1148438 
0.04534092 0.8710103 0.08364881 
0.04948433 0.8176982 0.1328175 
0.03576539 0.8186757 0.1455589 
0.09057422 0.7641499 0.1452759 
0.06361769 0.8130663 0.123316 
0.06219869 0.8274332 0.1103681 
0.1006981 0.7572025 0.1420995 
0.05895042 0.7987725 0.1422771 
0.06495735 0.830072 0.1049706 
0.04498433 0.8575872 0.0974285 
0.05879502 0.8371203 0.1040847 
0.04378704 0.8865921 0.06962089 
0.08792456 0.8087854 0.1032901 
0.1063639 0.7482127 0.1454234 
0.06165466 0.8233544 0.1149909 
0.08004461 0.8044792 0.1154762 
0.04084533 0.8371399 0.1220147 
0.0394859 0.7829031 0.177611 
0.05277567 0.776749 0.1704753 
0.04151105 0.8143261 0.1441629 
0.06208296 0.8221346 0.1157824 
0.03155586 0.8345084 0.1339358 
0.09803972 0.7767764 0.1251838 
0.03920375 0.8178927 0.1429035 
0.04796107 0.8368705 0.1151685 
0.05241614 0.8076459 0.1399379 
0.02143559 0.8572939 0.1212705 
0.02756888 0.8396364 0.1327948 
0.04552356 0.8303345 0.1241419 
0.06303784 0.809147 0.1278152 
0.02791187 0.8474654 0.1246227 
0.04518668 0.8049584 0.149855 
0.06003758 0.7865842 0.1533782 
0.09670116 0.7592292 0.1440696 
0.0753712 0.8149808 0.109648 
0.1039244 0.7967749 0.09930078 
0.04837664 0.7763404 0.175283 
0.07065337 0.6710644 0.2582823 
0.06752575 0.775882 0.1565922 
0.03554662 0.8259914 0.138462 
0.0669438 0.8118387 0.1212175 
0.05353593 0.7418286 0.2046354 
0.05585125 0.7513849 0.1927638 
0.03075012 0.8211218 0.1481281 
0.0761173 0.8269023 0.0969804 
0.02004957 0.813899 0.1660514 
0.06318524 0.7831243 0.1536904 
0.04712945 0.8150019 0.1378687 
0.08792305 0.792243 0.119834 
0.1435955 0.7278428 0.1285617 
0.06754902 0.8380522 0.09439877 
0.07903664 0.8113078 0.1096556 
0.08051642 0.7920162 0.1274674 
0.07515954 0.812042 0.1127985 
0.06343497 0.8011236 0.1354414 
0.06230125 0.8080497 0.1296491 
0.1953909 0.6639027 0.1407064 
0.1000137 0.8013048 0.09868154 
0.04021142 0.8538117 0.1059769 
0.05431953 0.7983222 0.1473583 
0.07155728 0.8157989 0.1126438 
0.08867478 0.7787046 0.1326206 
0.05584422 0.8462174 0.09793841 
0.07933827 0.7175236 0.2031382 
0.03815983 0.8357175 0.1261227 
0.03562308 0.7953789 0.168998 
0.04567416 0.7916144 0.1627115 
0.04802317 0.7821072 0.1698696 
0.08351235 0.75625 0.1602377 
0.06807333 0.8222466 0.10968 
0.03980097 0.7853179 0.1748812 
0.1023461 0.7375311 0.1601228 
0.06665345 0.7976917 0.1356549 
0.02533314 0.8138019 0.160865 
0.05480827 0.8167378 0.1284539 
0.0667204 0.8502442 0.0830354 
0.06473123 0.7283969 0.2068719 
0.04858216 0.823869 0.1275489 
0.08728996 0.8087789 0.1039312 
0.03647736 0.8395145 0.1240081 
0.05408832 0.7889429 0.1569687 
0.07368574 0.8258023 0.100512 
0.02134278 0.7592175 0.2194398 
0.06728967 0.7725428 0.1601676 
0.07076684 0.7863627 0.1428705 
0.07699025 0.7708924 0.1521174 
0.07790894 0.802121 0.11997 
0.05768191 0.8177271 0.1245909 
0.07382788 0.7864023 0.1397698 
0.07455672 0.8089146 0.1165287 
0.03629385 0.8003824 0.1633237 
0.09595323 0.770496 0.1335507 
0.04592412 0.8454467 0.1086292 
0.1500421 0.7108253 0.1391327 
0.05267042 0.8005501 0.1467795 
0.0365157 0.8515651 0.1119192 
0.04824849 0.8239797 0.1277718 
0.04975775 0.8437207 0.1065215 
0.1185793 0.7905914 0.09082937 
0.07025802 0.8088022 0.1209398 
0.04072309 0.8375971 0.1216798 
0.0382668 0.8287481 0.1329851 
0.0378397 0.8241259 0.1380344 
0.08804993 0.8517277 0.06022235 
0.03363629 0.7760264 0.1903373 
0.07481209 0.7845694 0.1406185 
0.075821 0.7749879 0.1491911 
0.06327879 0.7908759 0.1458453 
0.0667263 0.8030279 0.1302458 
0.07580047 0.7836004 0.1405991 
0.0846526 0.7350108 0.1803366 
0.03249885 0.8383918 0.1291094 
0.03867557 0.8164286 0.1448958 
0.06798937 0.7724668 0.1595438 
0.06626242 0.8188937 0.1148439 
0.05637826 0.8079313 0.1356905 
0.05319522 0.765687 0.1811178 
0.04389471 0.8140536 0.1420517 
0.01752772 0.8487719 0.1337004 
0.03200884 0.8179462 0.150045 
0.05928981 0.7810455 0.1596647 
0.06714864 0.8084607 0.1243906 
0.0376489 0.8120441 0.150307 
0.06811686 0.8006812 0.131202 
0.04070268 0.8485514 0.1107459 
0.07068173 0.7946828 0.1346355 
0.09614229 0.7990221 0.1048356 
0.05156324 0.8285721 0.1198646 
0.07187621 0.7714578 0.156666 
0.06836691 0.7903886 0.1412445 
0.08849562 0.7836864 0.127818 
0.06498835 0.7800639 0.1549478 
0.07927542 0.7092178 0.2115067 
0.06268689 0.8159157 0.1213974 
0.04045464 0.7971317 0.1624137 
0.1403138 0.7320232 0.127663 
0.02907694 0.8344578 0.1364653 
0.02795538 0.8675509 0.1044937 
0.07915902 0.7483695 0.1724714 
0.05322729 0.8074702 0.1393025 
0.03802824 0.7869539 0.1750178 
0.04866426 0.859674 0.09166174 
0.05517493 0.8030513 0.1417738 
0.1226405 0.7434321 0.1339274 
0.06860952 0.8589945 0.07239596 
0.02586128 0.7723814 0.2017574 
0.001802587 0.8559501 0.1422473 
0.0991629 0.798475 0.1023621 
0.0579377 0.8065778 0.1354845 
0.05849292 0.8055638 0.1359432 
0.02809128 0.8820057 0.08990305 
0.03247394 0.7677083 0.1998177 
0.03362687 0.8090823 0.1572908 
0.06915871 0.7630565 0.1677848 
0.09710774 0.784664 0.1182283 
0.0436589 0.8460457 0.1102954 
0.07541966 0.8082281 0.1163523 
0.03185142 0.8547007 0.1134478 
0.09066061 0.7181486 0.1911908 
0.03193651 0.8481857 0.1198778 
0.07239048 0.8402392 0.08737029 
0.04192973 0.8460297 0.1120405 
0.05017063 0.8558473 0.0939821 
0.0386259 0.8459482 0.1154259 
0.09335994 0.8209505 0.08568955 
0.05821039 0.8557172 0.08607243 
0.04364441 0.8516288 0.1047268 
0.09890274 0.7814623 0.1196349 
0.07331142 0.8195771 0.1071115 
0.03716119 0.8138179 0.1490209 
0.03193013 0.7763553 0.1917146 
0.04830178 0.8269811 0.1247172 
0.0172087 0.8739326 0.1088587 
0.07918694 0.8282325 0.09258058 
0.04685532 0.7827486 0.1703961 
0.05813461 0.8184069 0.1234585 
0.07701469 0.8219101 0.1010752 
0.02802022 0.7908361 0.1811437 
0.04664037 0.8364937 0.1168659 
0.04949154 0.8058862 0.1446223 
0.1011918 0.8152828 0.08352535 
0.03807617 0.8669979 0.09492597 
0.07853987 0.8599267 0.06153345 
0.05966863 0.8239946 0.1163368 
0.08826308 0.8082377 0.1034992 
0.009542246 0.830689 0.1597688 
0.01097173 0.8175123 0.171516 
0.0120199 0.829261 0.1587191 
0.01036918 0.8755893 0.1140415 
0.1082312 0.7733777 0.118391 
0.01650824 0.8011332 0.1823585 
0.001899336 0.8122562 0.1858445 
0.1490692 0.8037047 0.04722612 
0.1310878 0.7903168 0.07859544 
0.1421467 0.7925517 0.06530163 
0.1498423 0.7488655 0.1012921 
0.1153375 0.8175777 0.06708482 
0.1672282 0.8144579 0.01831395 
0.1593692 0.7857138 0.05491704 
0.09100844 0.8631622 0.04582934 
0.1468575 0.7508635 0.102279 
0.186048 0.7407594 0.0731926 
0.1650486 0.8003408 0.03461064 
0.1296908 0.8024755 0.06783372 
0.1334548 0.8400489 0.02649624 
0.1218415 0.8035271 0.07463141 
0.1103155 0.825581 0.06410352 
0.1747433 0.808462 0.01679476 
0.1003343 0.8343326 0.06533313 
0.1878096 0.7569644 0.05522597 
0.1515949 0.7915843 0.0568208 
0.1203355 0.8171792 0.06248531 
0.1176956 0.8373326 0.04497174 
0.08012776 0.803857 0.1160152 
0.1918143 0.7600064 0.0481793 
0.09009331 0.8195767 0.09033004 
0.1007617 0.8156845 0.08355372 
0.1028386 0.8219861 0.07517526 
0.1686614 0.7496227 0.08171582 
0.1409398 0.8331371 0.02592313 
0.1709426 0.7511209 0.07793653 
0.1373707 0.7362923 0.1263371 
0.1371591 0.8023031 0.06053784 
0.07551269 0.8713561 0.05313118 
0.1327466 0.8452849 0.02196849 
0.1815406 0.7595312 0.05892826 
0.1597481 0.7777441 0.06250772 
0.1569138 0.7837361 0.05935007 
0.1095235 0.8675255 0.02295102 
0.1158822 0.8416477 0.04247016 
0.1553137 0.7665746 0.07811163 
0.119393 0.8334327 0.04717429 
0.1046266 0.8293 0.06607342 
0.173759 0.7558861 0.07035483 
0.08021931 0.789692 0.1300887 
0.08900705 0.7966991 0.1142938 
0.1240866 0.8080058 0.06790757 
0.1552726 0.7853748 0.05935262 
0.1504417 0.8146205 0.0349378 
0.140491 0.8352487 0.02426028 
0.1134308 0.8269011 0.05966816 
0.1075782 0.8850552 0.007366568 
0.1347932 0.7993455 0.06586124 
0.06098799 0.8433901 0.09562194 
0.1021268 0.8305419 0.0673313 
0.1200506 0.8289199 0.05102953 
0.1302191 0.8009805 0.06880042 
0.1278671 0.8321748 0.03995808 
0.09806937 0.8046018 0.09732879 
0.1464933 0.8064341 0.04707259 
0.1216581 0.7765348 0.1018071 
0.130035 0.8191477 0.05081735 
0.1160389 0.8112554 0.07270567 
0.1301113 0.8374335 0.03245527 
0.200139 0.7710338 0.02882723 
0.1241518 0.8138196 0.06202852 
0.1296693 0.8301282 0.04020247 
0.1040561 0.8637031 0.03224082 
0.1071508 0.8115957 0.08125352 
0.1916094 0.7802175 0.0281731 
0.1201953 0.8410213 0.03878337 
0.1209296 0.8323157 0.04675474 
0.1156285 0.8649224 0.01944912 
0.1274748 0.8208461 0.05167909 
0.1392797 0.7568267 0.1038936 
0.1007469 0.8567383 0.04251476 
0.0972801 0.7802563 0.1224636 
0.1014324 0.8118949 0.08667273 
0.109098 0.8118559 0.07904615 
0.1120457 0.8832719 0.004682417 
0.09085205 0.876924 0.03222392 
0.1080195 0.855954 0.03602652 
0.1292835 0.7953774 0.07533916 
0.1445825 0.8032623 0.05215524 
0.1967641 0.7808137 0.02242219 
0.1553808 0.81969 0.02492919 
0.1407921 0.8355042 0.02370366 
0.117739 0.8419254 0.04033563 
0.1269151 0.8312664 0.04181844 
0.09887873 0.8420694 0.05905188 
0.1265997 0.8303623 0.04303794 
0.1167158 0.839257 0.04402719 
0.1255234 0.8337235 0.04075306 
0.234677 0.6761954 0.08912759 
0.09848177 0.8102176 0.09130063 
0.1515821 0.7766993 0.07171866 
0.1128411 0.8195549 0.06760391 
0.1217724 0.8142803 0.06394732 
0.1322182 0.8077086 0.06007316 
0.1257823 0.7957963 0.07842148 
0.1162972 0.8017379 0.08196489 
0.09234575 0.8548428 0.0528115 
0.1338318 0.7927602 0.07340803 
0.1383177 0.8405751 0.02110715 
0.09628982 0.8236468 0.0800634 
0.1446611 0.8028454 0.05249352 
0.1050743 0.8345117 0.06041403 
0.1960293 0.7674059 0.03656479 
0.1829405 0.7585239 0.0585356 
0.1445427 0.8233781 0.03207926 
0.09559972 0.8618387 0.04256162 
0.1699803 0.7915581 0.03846166 
0.1456155 0.7667832 0.08760129 
0.1368809 0.8399523 0.02316682 
0.1705702 0.7617409 0.06768897 
0.1317745 0.7389522 0.1292733 
0.1387801 0.7950305 0.06618942 
0.1435363 0.7881806 0.0682831 
0.12365 0.8298738 0.04647618 
0.1234961 0.7920716 0.08443224 
0.1327931 0.8400284 0.02717848 
0.1609773 0.8027938 0.03622895 
0.159025 0.7817942 0.05918082 
0.1778759 0.7184931 0.103631 
0.1387545 0.7941369 0.06710861 
0.1020212 0.8210776 0.07690118 
0.1360112 0.8225019 0.04148687 
0.1183384 0.7720518 0.1096097 
0.1391498 0.7967778 0.06407238 
0.1402954 0.8096161 0.05008851 
0.1496544 0.7865769 0.06376869 
0.1359814 0.8122073 0.05181134 
0.1153684 0.8227816 0.06184998 
0.09685689 0.8262302 0.07691287 
0.115167 0.8446507 0.04018237 
0.1068069 0.8337182 0.05947488 
0.1732035 0.7806477 0.04614882 
0.1010679 0.8405714 0.05836073 
0.1427673 0.7998812 0.0573515 
0.1680235 0.7650878 0.06688871 
0.1172956 0.8293061 0.05339831 
0.1400763 0.8092959 0.05062775 
0.1249875 0.8462005 0.028812 
0.1531176 0.78774 0.05914246 
0.1219852 0.8366228 0.04139199 
0.1146143 0.8510554 0.03433031 
0.1732257 0.7574277 0.0693466 
0.1904545 0.7404564 0.06908901 
0.1313815 0.8270861 0.0415324 
0.1240773 0.8252583 0.05066443 
0.0955891 0.8380308 0.0663801 
0.1479655 0.7744966 0.07753798 
0.1195739 0.8168345 0.06359158 
0.1347158 0.8156914 0.04959275 
0.06101386 0.8848582 0.05412794 
0.09335048 0.8568699 0.04977961 
0.1298283 0.7517582 0.1184135 
0.1669758 0.7645902 0.06843404 
0.130629 0.8471426 0.02222842 
0.1483136 0.8063352 0.04535121 
0.130474 0.795654 0.07387192 
0.09536493 0.8549417 0.04969335 
0.1045845 0.7956548 0.09976064 
0.134943 0.8127913 0.05226568 
0.1731942 0.7870114 0.03979443 
0.08922782 0.8816224 0.02914982 
0.08266698 0.8676806 0.04965239 
0.1610641 0.7579001 0.08103583 
0.1505086 0.7777826 0.07170876 
0.1804117 0.7785783 0.04100993 
0.1739645 0.7943512 0.03168438 
0.1935617 0.7560923 0.05034603 
0.1823117 0.7775412 0.04014708 
0.09456803 0.8614165 0.04401544 
0.1346604 0.7982347 0.06710496 
0.1472475 0.7797367 0.07301586 
0.1417285 0.7576175 0.100654 
0.09860436 0.8588303 0.04256531 
0.1338557 0.8109156 0.05522868 
0.2027821 0.7245334 0.07268453 
0.1391974 0.7884649 0.07233775 
0.1275157 0.7764696 0.09601478 
0.0849193 0.8742512 0.04082946 
0.1308876 0.7919448 0.07716753 
0.1551046 0.7647158 0.08017965 
0.1385614 0.8036662 0.05777232 
0.1109826 0.8212802 0.06773718 
0.1306329 0.8211153 0.04825186 
0.1819771 0.788099 0.02992388 
0.1500908 0.7851307 0.06477845 
0.155667 0.8151729 0.02916009 
0.1189738 0.8075196 0.07350661 
0.1359529 0.8067196 0.0573275 
0.2128793 0.761329 0.02579167 
0.1379112 0.8290516 0.03303716 
0.1794328 0.7804507 0.04011647 
0.09717558 0.8143084 0.088516 
0.151817 0.8219418 0.02624116 
0.1217508 0.8104955 0.06775362 
0.1778986 0.7645165 0.05758484 
0.1405769 0.8108412 0.04858193 
0.1057146 0.8492527 0.0450327 
0.1393714 0.8007492 0.0598794 
0.1892547 0.7037532 0.106992 
0.09845511 0.8366324 0.06491247 
0.1347418 0.8137724 0.05148586 
0.1962751 0.7371165 0.06660837 
0.1548972 0.802334 0.04276879 
0.1380756 0.8102948 0.05162963 
0.1513328 0.7931007 0.05556655 
0.09997036 0.8394868 0.06054289 
0.1272972 0.812416 0.06028676 
0.07532732 0.844414 0.08025866 
0.08626184 0.7965342 0.1172039 
0.103121 0.8501885 0.04669047 
0.1529683 0.7371378 0.1098939 
0.1238312 0.820378 0.0557908 
0.06074376 0.9063156 0.03294061 
0.1448368 0.7999688 0.05519446 
0.1862175 0.7618842 0.05189822 
0.1717386 0.7769683 0.0512931 
0.1621503 0.7919349 0.0459148 
0.1388234 0.8314278 0.02974881 
0.1368587 0.8146635 0.04847782 
0.1339717 0.7805966 0.08543172 
0.1507325 0.8105922 0.03867533 
0.1056886 0.7905949 0.1037165 
0.1621287 0.7450273 0.09284403 
0.1441804 0.8052919 0.05052765 
0.1122671 0.8357006 0.05203228 
0.1633877 0.7677519 0.0688604 
0.166581 0.8033937 0.03002523 
0.10324 0.7976113 0.09914875 
0.1319793 0.7848017 0.08321902 
0.1111903 0.7625458 0.126264 
0.1659289 0.7663665 0.0677046 
0.05868088 0.8576428 0.08367632 
0.1352816 0.7930617 0.07165678 
0.1444559 0.8118096 0.04373449 
0.1825269 0.7654495 0.05202352 
0.1589501 0.8018379 0.03921199 
0.219078 0.7234013 0.05752068 
0.09712586 0.8724447 0.03042947 
0.06351767 0.8713314 0.06515093 
0.07492517 0.8671113 0.05796355 
0.1604564 0.7977997 0.04174389 
0.1170073 0.8065265 0.07646614 
0.1143584 0.8038663 0.08177531 
0.1156519 0.8371325 0.0472156 
0.1639217 0.8114196 0.02465866 
0.06743517 0.8860231 0.04654173 
0.08765541 0.871986 0.04035861 
0.1004753 0.854397 0.04512769 
0.1507541 0.8032531 0.0459928 
0.1852329 0.7483939 0.06637325 
0.1848111 0.6957532 0.1194357 
0.152727 0.8145904 0.03268265 
0.1700136 0.7876989 0.04228752 
0.1102323 0.809134 0.08063364 
0.1202771 0.8340168 0.04570605 
0.1561773 0.7869367 0.05688598 
0.1499819 0.8029674 0.04705071 
0.1915505 0.7529123 0.05553719 
0.114477 0.8276679 0.05785509 
0.107415 0.8487936 0.04379131 
0.1693945 0.8073936 0.02321182 
0.1322911 0.8059695 0.06173944 
0.07452557 0.8893299 0.03614457 
0.08618576 0.8812557 0.03255852 
0.1128741 0.8225562 0.06456964 
0.1159804 0.8621826 0.02183702 
0.2270317 0.740778 0.03219033 
0.1052985 0.859607 0.03509452 
0.1045014 0.83085 0.06464859 
0.1303351 0.816507 0.05315788 
0.1435307 0.7751314 0.08133788 
0.09871903 0.7559776 0.1453034 
0.1119729 0.7783213 0.1097058 
0.1314106 0.7987015 0.06988793 
0.10796 0.8447975 0.04724253 
0.1081945 0.8546466 0.03715882 
0.1464393 0.7819706 0.07159005 
0.1581189 0.7943876 0.04749349 
0.119146 0.8531344 0.02771962 
0.1786276 0.7324728 0.08889963 
0.1537042 0.8061646 0.04013117 
0.118972 0.7815338 0.0994942 
0.1802445 0.7970256 0.02272996 
0.1246009 0.8112274 0.06417176 
0.1182813 0.8376085 0.04411015 
0.1589939 0.7948353 0.04617082 
0.181237 0.7280174 0.09074557 
0.1108405 0.8590554 0.03010413 
0.1008916 0.8624621 0.03664632 
0.1221098 0.8009639 0.0769263 
0.137669 0.8056036 0.05672737 
0.1020609 0.8545103 0.04342876 
0.1081956 0.7971935 0.0946109 
0.1202351 0.7903746 0.08939036 
0.1354725 0.7475818 0.1169457 
0.1329394 0.8175636 0.04949703 
0.150016 0.7688504 0.08113354 
0.1600689 0.8071201 0.03281099 
0.08906359 0.8653772 0.04555925 
0.1167001 0.843188 0.04011187 
0.177056 0.7514595 0.07148449 
0.09520723 0.8296756 0.0751172 
0.1284518 0.8135087 0.05803945 
0.09704262 0.8226218 0.08033559 
0.1437286 0.8040382 0.05223321 
0.1995814 0.7536804 0.04673822 
0.1560435 0.7989288 0.04502766 
0.1352645 0.8224554 0.04228014 
0.1179097 0.79527 0.08682029 
0.1589671 0.7603521 0.08068084 
0.113794 0.8662214 0.01998459 
0.1029914 0.821813 0.07519554 
0.08759635 0.8787077 0.03369595 
0.1322764 0.8068576 0.06086599 
0.1356428 0.8156276 0.04872967 
0.1134146 0.8363668 0.0502186 
0.1847912 0.754475 0.06073385 
0.1210088 0.8061639 0.07282733 
0.09964178 0.8474515 0.05290668 
0.131788 0.7799276 0.08828434 
0.1232949 0.8548693 0.02183583 
0.112106 0.8367369 0.0511571 
0.08592196 0.837502 0.07657607 
0.1513807 0.8161363 0.03248298 
0.1783279 0.7607796 0.0608925 
0.06157202 0.8989986 0.0394294 
0.1236944 0.7981147 0.07819082 
0.1132344 0.8346016 0.05216396 
0.1135909 0.8372489 0.04916019 
0.1503265 0.7751068 0.07456675 
0.1131412 0.8427393 0.04411946 
0.1562472 0.8175644 0.02618838 
0.1346877 0.792473 0.07283937 
0.1019414 0.8231042 0.07495439 
0.1292084 0.8095989 0.06119267 
0.2081297 0.762384 0.02948635 
0.1158197 0.8450642 0.03911603 
0.1354756 0.7770481 0.08747629 
0.140344 0.7858037 0.07385226 
0.1013965 0.8532682 0.0453353 
0.1222783 0.7948053 0.08291637 
0.1048232 0.8373076 0.05786912 
0.1745118 0.7492776 0.07621061 
0.1180601 0.8435559 0.03838395 
0.1131433 0.8087542 0.07810254 
0.1022864 0.8537287 0.04398482 
0.166743 0.7518739 0.08138313 
0.1483193 0.8029803 0.04870038 
0.05968429 0.8888622 0.05145351 
0.1379022 0.8024783 0.05961948 
0.1148532 0.85466 0.03048672 
0.111448 0.7894195 0.09913249 
0.1156767 0.8256276 0.05869567 
0.1714652 0.7623338 0.06620106 
0.1235566 0.8305448 0.04589864 
0.1818911 0.7998525 0.01825646 
0.1606747 0.7594724 0.07985286 
0.1596808 0.7739811 0.06633808 
0.1530202 0.8232681 0.02371164 
0.150908 0.7893776 0.05971437 
0.08668718 0.8562543 0.05705852 
0.1509413 0.8113243 0.03773438 
0.186046 0.7595835 0.05437053 
0.2300329 0.7045338 0.06543331 
0.09361312 0.8703463 0.03604063 
0.1800283 0.7661582 0.05381343 
0.1400846 0.8100046 0.04991083 
0.1452185 0.7714915 0.08328999 
0.1182837 0.7937542 0.08796211 
0.1206789 0.7506306 0.1286905 
0.08794073 0.8693004 0.04275882 
0.09904301 0.779988 0.120969 
0.1343062 0.7391222 0.1265716 
0.07885316 0.8252765 0.09587038 
0.1371952 0.7338316 0.1289733 
0.1453823 0.7893436 0.06527414 
0.1370999 0.8156912 0.04720888 
0.1268672 0.8289978 0.04413498 
0.1523586 0.8177375 0.0299039 
0.1498497 0.7835281 0.06662218 
0.1063574 0.8319108 0.06173183 
0.151022 0.762599 0.08637906 
0.249448 0.6954973 0.05505473 
0.2066651 0.7352585 0.0580764 
0.1078222 0.8418214 0.05035633 
0.1723128 0.729995 0.09769227 
0.05903622 0.8192063 0.1217574 
0.08321672 0.8589442 0.05783911 
0.1104897 0.7900634 0.09944689 
0.1747331 0.7332398 0.09202717 
0.1745484 0.7904898 0.03496182 
0.1331818 0.8327428 0.03407544 
0.1130599 0.8526885 0.03425152 
0.09142716 0.8346119 0.07396092 
0.1677365 0.7605883 0.0716752 
0.1143403 0.8237545 0.06190523 
0.1583834 0.7844847 0.0571319 
0.1590257 0.7586502 0.08232417 
0.2022468 0.7498577 0.04789544 
0.1100914 0.8389979 0.05091072 
0.1701064 0.7612304 0.06866325 
0.1660508 0.8012431 0.03270607 
0.1384126 0.8169349 0.04465246 
0.1881417 0.7743917 0.03746665 
0.1206043 0.8014459 0.07794983 
0.1664074 0.7937362 0.03985644 
0.1421208 0.7982776 0.05960159 
0.1395395 0.8174364 0.04302412 
0.1606463 0.811353 0.02800073 
0.1433797 0.8106162 0.0460041 
0.1423982 0.8259079 0.03169383 
0.09616424 0.8589292 0.04490659 
0.1333753 0.7272376 0.1393871 
0.08151091 0.8421868 0.07630232 
0.08886105 0.8589955 0.05214346 
0.14516 0.77345 0.08138995 
0.1743903 0.7201973 0.1054123 
0.1794589 0.7864592 0.03408192 
0.1552422 0.7829245 0.06183329 
0.1433091 0.7792832 0.07740769 
0.09685558 0.8590402 0.04410424 
0.1518746 0.7677005 0.08042484 
0.1171003 0.8284221 0.05447756 
0.1279767 0.7977401 0.07428316 
0.09216941 0.7973679 0.1104627 
0.1477211 0.7953997 0.05687917 
0.09817881 0.8235433 0.07827791 
0.1549381 0.7956145 0.04944736 
0.07745871 0.87849 0.04405132 
0.166648 0.7259521 0.1073999 
0.1672039 0.777231 0.05556503 
0.1548042 0.8177417 0.02745409 
0.1524085 0.7880173 0.05957418 
0.1137431 0.8270135 0.05924341 
0.1520691 0.8047997 0.04313123 
0.1445267 0.7778402 0.07763301 
0.09519342 0.8424931 0.06231343 
0.1155667 0.7716133 0.11282 
0.1008905 0.8596941 0.03941546 
0.19025 0.78256 0.02719 
0.09730103 0.8708595 0.03183949 
0.1582465 0.7854182 0.05633535 
0.1777059 0.7733749 0.04891915 
0.09553741 0.8377578 0.06670483 
0.1384223 0.7827688 0.07880897 
0.11065 0.8376216 0.05172836 
0.1472874 0.7766215 0.0760911 
0.1035189 0.8397096 0.05677152 
0.1861811 0.768906 0.04491284 
0.1316887 0.8004968 0.06781451 
0.2306966 0.705864 0.06343933 
0.177405 0.7618418 0.06075316 
0.1392164 0.7691632 0.09162037 
0.1225173 0.7863376 0.09114513 
0.1430488 0.8175823 0.03936891 
0.1475486 0.8104743 0.04197705 
0.1216032 0.7943606 0.08403619 
0.1514678 0.7713114 0.07722074 
0.1550785 0.7958992 0.04902229 
0.1971029 0.7830385 0.01985861 
0.1159639 0.839462 0.04457416 
0.1394679 0.8101116 0.05042055 
0.1188157 0.8591818 0.02200253 
0.08078876 0.8743946 0.04481659 
0.1272073 0.7928752 0.07991748 
0.1698297 0.7955286 0.03464172 
0.1658102 0.7916421 0.0425477 
0.1228185 0.8244782 0.0527033 
0.1679541 0.784573 0.04747285 
0.1548677 0.8179086 0.02722366 
0.1914625 0.7436902 0.0648473 
0.151377 0.7974634 0.05115955 
0.09210148 0.822248 0.08565048 
0.1683723 0.7690306 0.06259712 
0.1071461 0.8484147 0.04443924 
0.07359871 0.7908286 0.1355727 
0.1177655 0.8527827 0.02945174 
0.1665187 0.7692473 0.06423396 
0.1504831 0.7575554 0.0919615 
0.0813112 0.8655119 0.05317694 
0.07314882 0.8827381 0.04411304 
0.09976909 0.8317921 0.06843883 
0.1213806 0.8368554 0.04176397 
0.167395 0.7881364 0.04446863 
0.09663891 0.8274735 0.07588761 
0.1863854 0.7715898 0.04202478 
0.155802 0.7619642 0.08223382 
0.1497307 0.7901785 0.0600908 
0.1250862 0.8578562 0.01705767 
0.09903977 0.8429165 0.0580437 
0.1106134 0.8263946 0.06299209 
0.1097306 0.846981 0.04328844 
0.1144111 0.8317134 0.05387549 
0.1206175 0.849248 0.03013446 
0.1905695 0.7422612 0.06716926 
0.159079 0.8162248 0.02469629 
0.06937033 0.8962157 0.03441393 
0.1292745 0.8117316 0.05899396 
0.1373772 0.797718 0.06490482 
0.1596287 0.7243281 0.1160432 
0.1389286 0.7693661 0.09170535 
0.06595829 0.8433142 0.09072755 
0.1437287 0.8026525 0.05361881 
0.139678 0.8037573 0.05656466 
0.137927 0.8156532 0.04641981 
0.1167694 0.8241073 0.05912327 
0.1375765 0.8383562 0.0240673 
0.2181958 0.7348639 0.04694035 
0.1261089 0.8382217 0.0356694 
0.06988432 0.9001563 0.02995942 
0.09422872 0.8531212 0.05265006 
0.119798 0.85465 0.02555198 
0.1743284 0.7430792 0.08259246 
0.1097108 0.836453 0.05383621 
0.121856 0.8277104 0.05043359 
0.2414415 0.6969074 0.06165118 
0.1246412 0.8303511 0.04500772 
0.1272584 0.8458636 0.02687799 
0.1390831 0.8182678 0.04264902 
0.1141768 0.8319189 0.05390429 
0.1053109 0.8815078 0.01318122 
0.1540421 0.8275235 0.01843439 
0.1640721 0.7916068 0.04432109 
0.1995143 0.7508333 0.04965234 
0.1379409 0.8104217 0.05163742 
0.1444407 0.7966133 0.05894596 
0.1236525 0.7753164 0.1010311 
0.0995492 0.8233495 0.07710126 
0.1275019 0.8192079 0.05329026 
0.1437458 0.7891592 0.06709502 
0.1049767 0.842115 0.05290834 
0.1391736 0.8109495 0.04987688 
0.126797 0.7811002 0.09210281 
0.1487779 0.7640143 0.08720779 
0.1626945 0.7677861 0.06951936 
0.1299397 0.8025025 0.06755775 
0.1631591 0.7859381 0.05090279 
0.179913 0.7939053 0.02618166 
0.1501819 0.7897296 0.06008846 
0.1319259 0.832557 0.03551717 
0.1339854 0.8243446 0.04166997 
0.1333356 0.8214359 0.04522858 
0.1495187 0.7687899 0.08169144 
0.1470018 0.8155676 0.03743062 
0.1896841 0.7590202 0.05129562 
0.1997212 0.7490534 0.05122535 
0.1536559 0.7905555 0.05578861 
0.1422938 0.810084 0.04762226 
0.1554416 0.8203401 0.02421831 
0.1309871 0.8083112 0.06070168 
0.1118519 0.8164479 0.07170018 
0.1445342 0.7936901 0.06177568 
0.1666087 0.7461517 0.08723962 
0.1348108 0.8133645 0.05182478 
0.1698926 0.7569642 0.07314313 
0.2236263 0.7226279 0.05374578 
0.07689236 0.8696267 0.05348095 
0.1512409 0.7946313 0.05412776 
0.1565949 0.7585917 0.08481335 
0.1220585 0.8565127 0.02142881 
0.1974791 0.7402215 0.06229941 
0.1288139 0.8019937 0.06919242 
0.1284756 0.8104173 0.06110702 
0.1596217 0.8002805 0.0400978 
0.1463872 0.8166752 0.03693761 
0.1330321 0.8276495 0.03931843 
0.1123829 0.8252689 0.06234816 
0.1579323 0.7245432 0.1175246 
0.1312519 0.8134001 0.05534804 
0.07390392 0.8393824 0.08671369 
0.1282658 0.8266987 0.04503548 
0.1771143 0.7475506 0.07533513 
0.08840527 0.8583665 0.05322824 
0.1505164 0.8055976 0.04388602 
0.09434516 0.8748236 0.03083121 
0.09775316 0.8784461 0.0238007 
0.1201541 0.8203401 0.05950588 
0.1206059 0.8093183 0.07007577 
0.1127502 0.8443991 0.04285071 
0.1638578 0.8087812 0.02736095 
0.1186671 0.7917732 0.08955967 
0.1580504 0.788195 0.05375459 
0.120226 0.7856097 0.09416429 
0.1223657 0.8053075 0.07232686 
0.1105555 0.8202418 0.06920263 
0.1586023 0.8065489 0.0348488 
0.1588084 0.8078804 0.03331122 
0.2155668 0.7618845 0.02254866 
0.1400103 0.8502607 0.00972901 
0.1835772 0.7698246 0.0465982 
0.06546506 0.8157924 0.1187425 
0.137279 0.8083112 0.05440983 
0.09769887 0.8628507 0.03945045 
0.136704 0.7852056 0.07809031 
0.1208761 0.8299918 0.0491321 
0.1652329 0.8120031 0.02276395 
0.120386 0.8442142 0.03539981 
0.1358595 0.7637083 0.1004323 
0.2090893 0.758563 0.03234773 
0.1420295 0.8293472 0.02862328 
0.1292043 0.8244422 0.04635346 
0.1181765 0.7993807 0.08244279 
0.08387054 0.8730207 0.04310878 
0.1697646 0.7552135 0.07502188 
0.1361328 0.795652 0.06821516 
0.1419908 0.7693574 0.08865184 
0.1463182 0.8078496 0.04583216 
0.1290101 0.7904567 0.08053325 
0.1331578 0.8297277 0.03711447 
0.1875254 0.7253964 0.08707819 
0.1221138 0.7996468 0.07823935 
0.1459674 0.8026649 0.05136769 
0.07372195 0.8705252 0.05575284 
0.2082027 0.7367399 0.05505745 
0.1422566 0.7892509 0.06849243 
0.1245462 0.8182756 0.0571782 
0.1132764 0.8300481 0.05667548 
0.08573118 0.8731739 0.04109492 
0.1563284 0.8115683 0.03210329 
0.1380656 0.8012686 0.06066589 
0.1371922 0.7903692 0.07243857 
0.1716727 0.7865067 0.0418206 
0.1657686 0.7937458 0.04048563 
0.2214389 0.7284407 0.05012041 
0.1138209 0.8272087 0.0589704 
0.2025676 0.7528277 0.04460466 
0.1509949 0.8233745 0.02563063 
0.1002125 0.8717407 0.02804687 
0.1758914 0.7784587 0.04564986 
0.1238464 0.7966137 0.07953999 
0.1496004 0.7839602 0.06643936 
0.126473 0.8075896 0.0659374 
0.09598792 0.8502175 0.05379461 
0.1609717 0.799532 0.03949629 
0.1331293 0.8201386 0.04673209 
0.08456066 0.8752934 0.0401459 
0.09763076 0.8294356 0.07293361 
0.1242904 0.849671 0.02603861 
0.1566283 0.8086697 0.03470192 
0.1079494 0.8666179 0.02543275 
0.2001016 0.7244094 0.075489 
0.1239754 0.8348815 0.04114316 
0.1654947 0.8073614 0.02714388 
0.1543629 0.7930911 0.05254597 
0.1187378 0.8445884 0.03667379 
0.1409709 0.8014703 0.05755887 
0.1569883 0.7934244 0.04958726 
0.149322 0.7914746 0.05920344 
0.1242609 0.8169777 0.05876145 
0.2097766 0.7102976 0.07992576 
0.1775237 0.7664613 0.056015 
0.132965 0.7682457 0.09878931 
0.1075047 0.8126417 0.07985354 
0.1357405 0.7658834 0.09837617 
0.157316 0.7678319 0.07485211 
0.1888395 0.7444181 0.06674237 
0.1227123 0.8516108 0.02567685 
0.09218468 0.7655041 0.1423112 
0.1507274 0.7896351 0.05963749 
0.1116976 0.8617636 0.02653879 
0.1631329 0.7170921 0.119775 
0.1250125 0.8459789 0.02900864 
0.132835 0.7889517 0.07821332 
0.1332636 0.8081421 0.05859434 
0.1434355 0.7829334 0.0736311 
0.1221568 0.8149463 0.0628969 
0.150228 0.8274971 0.02227489 
0.1382732 0.8071031 0.05462373 
0.1082817 0.8580408 0.03367752 
0.1326694 0.8373807 0.02994989 
0.1849605 0.7806809 0.03435852 
0.1373639 0.7922979 0.07033816 
0.1883499 0.7306716 0.08097853 
0.127942 0.7794525 0.09260546 
0.1376976 0.7807232 0.08157922 
0.08762472 0.8811552 0.03122008 
0.1172804 0.8449707 0.03774894 
0.1549522 0.7797446 0.06530318 
0.124629 0.8342356 0.04113546 
0.1403095 0.8165817 0.04310874 
0.160072 0.7670875 0.0728405 
0.1794258 0.7490024 0.07157174 
0.1586364 0.7681782 0.07318536 
0.1887499 0.718489 0.0927611 
0.1394826 0.821824 0.03869344 
0.1450615 0.7750873 0.07985122 
0.1455187 0.8332053 0.02127604 
0.1091786 0.8334908 0.05733056 
0.1516238 0.8107709 0.03760537 
0.1416003 0.8231905 0.03520926 
0.1460221 0.7901589 0.06381895 
0.1411007 0.8358678 0.0230315 
0.1049424 0.8659156 0.02914202 
0.1280685 0.8355819 0.03634963 
0.104186 0.8480917 0.04772225 
0.1511503 0.7953935 0.05345626 
0.1285864 0.8288105 0.04260307 
0.08542133 0.778257 0.1363217 
0.1218117 0.8413658 0.03682256 
0.1602271 0.7653102 0.07446274 
0.125492 0.8111346 0.0633734 
0.1941366 0.755063 0.05080039 
0.07224447 0.8551865 0.07256901 
0.1188899 0.8145484 0.06656174 
0.121072 0.7950304 0.08389763 
0.1407592 0.8223852 0.03685565 
0.1171348 0.8152804 0.06758482 
0.1620834 0.7911909 0.04672567 
0.1395324 0.7986437 0.06182392 
0.2490499 0.6647357 0.08621439 
0.1620354 0.7865621 0.0514025 
0.109688 0.8490614 0.04125067 
0.09671097 0.8723876 0.03090147 
0.1338643 0.8081844 0.05795124 
0.1736313 0.804137 0.02223164 
0.05788366 0.9145688 0.02754756 
0.112705 0.8427862 0.04450878 
0.07000821 0.8707451 0.05924666 
0.1609939 0.7759324 0.06307369 
0.216447 0.7196284 0.06392459 
0.2307983 0.7522629 0.01693883 
0.129117 0.8195604 0.05132258 
0.07729966 0.8475655 0.07513487 
0.08967044 0.8668134 0.04351619 
0.1662139 0.8119408 0.02184529 
0.1263652 0.8260298 0.04760505 
0.1258188 0.7957238 0.07845741 
0.1595155 0.8194447 0.02103974 
0.1392371 0.8142013 0.04656159 
0.1221455 0.8515913 0.02626318 
0.1492663 0.7955544 0.05517932 
0.08903073 0.8529893 0.05797995 
0.1053056 0.8617981 0.03289631 
0.1843692 0.7647885 0.05084234 
0.1094142 0.8033593 0.08722652 
0.1111189 0.77607 0.112811 
0.1234132 0.8187643 0.05782252 
0.1775561 0.7711746 0.05126928 
0.1015768 0.797591 0.1008322 
0.1464618 0.8019437 0.05159454 
0.09925986 0.8278724 0.07286771 
0.1414779 0.8215506 0.03697146 
0.2213549 0.7547039 0.02394116 
0.1490182 0.7330727 0.1179091 
0.1603437 0.808591 0.03106526 
0.1396072 0.824552 0.03584085 
0.1647038 0.7550068 0.08028936 
0.1326531 0.7916427 0.07570419 
0.1743017 0.7756668 0.05003144 
0.115949 0.8249018 0.05914922 
0.1119765 0.7950822 0.09294121 
0.1284522 0.845383 0.02616484 
0.1139318 0.8351767 0.05089149 
0.1231643 0.8355408 0.04129495 
0.1771031 0.7777843 0.04511255 
0.1394253 0.7916624 0.06891235 
0.1046508 0.8142712 0.08107795 
0.1347155 0.8270368 0.03824769 
0.1150983 0.8167686 0.06813303 
0.07757683 0.8129322 0.109491 
0.1539479 0.8072978 0.03875432 
0.1629515 0.7509616 0.08608689 
0.09863153 0.851049 0.05031951 
0.1441424 0.8020392 0.05381842 
0.1391899 0.7956365 0.06517365 
0.1609528 0.808902 0.03014513 
0.08862537 0.8669485 0.04442614 
0.09332933 0.8770896 0.02958111 
0.1763524 0.751418 0.07222964 
0.1787913 0.7708391 0.05036961 
0.1170692 0.804217 0.0787138 
0.1092968 0.8135504 0.07715283 
0.1005951 0.868763 0.03064189 
0.1476149 0.7634222 0.08896282 
0.1849921 0.7212839 0.09372408 
0.1377542 0.8161224 0.04612336 
0.1111588 0.8340568 0.0547844 
0.09304431 0.8495048 0.0574509 
0.09680248 0.8743761 0.02882141 
0.1634409 0.8037062 0.03285283 
0.1351693 0.7994756 0.06535512 
0.1499946 0.7831293 0.06687605 
0.07643355 0.8985387 0.02502775 
0.1334574 0.8240071 0.04253543 
0.1541889 0.74236 0.1034511 
0.1020833 0.8130157 0.08490102 
0.1256605 0.8389857 0.0353538 
0.2249294 0.714775 0.06029559 
0.1218562 0.8041332 0.07401056 
0.1554362 0.7714783 0.07308547 
0.1106046 0.7997628 0.0896326 
0.1288185 0.835513 0.03566849 
0.1145046 0.8381938 0.04730155 
0.1578756 0.7630351 0.07908926 
0.1071504 0.8431889 0.04966072 
0.1581873 0.7912905 0.05052224 
0.1311857 0.8228033 0.04601103 
0.09857211 0.8247964 0.07663148 
0.1207157 0.8394902 0.03979412 
0.1222643 0.8017898 0.07594591 
0.1487174 0.7695799 0.08170268 
0.1993061 0.7682675 0.03242639 
0.09549971 0.8402729 0.06422744 
0.105577 0.8265996 0.06782347 
0.07786768 0.8376828 0.08444955 
0.1769537 0.7714629 0.05158335 
0.1891416 0.7780267 0.03283172 
0.1101982 0.8151829 0.07461887 
0.1586564 0.7414863 0.09985723 
0.1769008 0.7866033 0.0364959 
0.1100601 0.8208786 0.06906133 
0.1790422 0.8026114 0.0183464 
0.1576938 0.8110351 0.03127116 
0.1012495 0.8586916 0.04005886 
0.1482358 0.8049015 0.04686267 
0.1564942 0.7626759 0.08082992 
0.145261 0.8049411 0.04979783 
0.1360598 0.7934474 0.07049282 
0.1595224 0.7368157 0.1036619 
0.1242786 0.8397965 0.03592487 
0.1229281 0.8144817 0.06259025 
0.1322753 0.8063856 0.06133907 
0.0920142 0.834754 0.07323176 
0.1295302 0.7924672 0.07800254 
0.137811 0.8098886 0.05230039 
0.1358944 0.7857383 0.07836734 
0.1549159 0.795145 0.04993915 
0.1286279 0.8298331 0.04153907 
0.160048 0.7799205 0.06003152 
0.1269636 0.8404404 0.03259603 
0.09771516 0.8747992 0.02748566 
0.1233835 0.8356127 0.04100372 
0.1011226 0.8650344 0.03384299 
0.09325117 0.8456251 0.06112377 
0.1291754 0.7949139 0.07591069 
0.1601588 0.7749559 0.06488529 
0.1940846 0.7826903 0.02322513 
0.157268 0.8110279 0.03170405 
0.111084 0.8706648 0.01825118 
0.1546732 0.7917514 0.05357534 
0.1458336 0.7716233 0.08254306 
0.0995429 0.8082535 0.09220365 
0.1860854 0.7528108 0.0611038 
0.1103187 0.7897841 0.09989717 
0.1377114 0.8067921 0.05549653 
0.09274927 0.8596652 0.0475855 
0.1514879 0.7619599 0.08655225 
0.1307454 0.7764025 0.0928521 
0.161383 0.7937898 0.04482716 
0.1455327 0.7416203 0.112847 
0.15286 0.7706347 0.07650529 
0.09976919 0.8318064 0.06842439 
0.1311498 0.8356281 0.03322215 
0.05339539 0.8945065 0.05209813 
0.1597606 0.7852621 0.05497724 
0.1023224 0.8289764 0.06870122 
0.1532907 0.7781245 0.06858484 
0.1312028 0.7917703 0.07702691 
0.121878 0.8333467 0.04477537 
0.1082808 0.84138 0.05033921 
0.1223246 0.8003944 0.07728104 
0.09574877 0.8525357 0.05171553 
0.1658506 0.7696165 0.06453299 
0.1075372 0.8278719 0.06459091 
0.1156372 0.7465951 0.1377678 
0.08091518 0.8394451 0.07963976 
0.1126686 0.8221044 0.065227 
0.06468096 0.8947654 0.04055365 
0.09136769 0.8323541 0.07627822 
0.1890379 0.7759009 0.03506124 
0.1401168 0.7754753 0.0844079 
0.04579195 0.8515984 0.1026096 
0.144193 0.8117673 0.04403965 
0.1256317 0.8052386 0.06912964 
0.1072184 0.7965192 0.09626243 
0.07193259 0.861123 0.06694446 
0.1937415 0.7703966 0.03586184 
0.09868879 0.7608096 0.1405016 
0.1833141 0.681439 0.1352469 
0.1211499 0.834716 0.04413417 
0.201406 0.734721 0.06387307 
0.1295518 0.8152849 0.05516323 
0.1495836 0.81089 0.03952646 
0.1589574 0.7934752 0.04756738 
0.08632823 0.8552535 0.05841827 
0.1713397 0.7697147 0.05894554 
0.1518974 0.7781621 0.06994047 
0.110832 0.8431244 0.04604353 
0.1597676 0.8155944 0.02463799 
0.1241557 0.8337913 0.042053 
0.1259231 0.79362 0.08045692 
0.1755974 0.794811 0.02959164 
0.1289865 0.8211566 0.04985694 
0.1460974 0.8099515 0.04395113 
0.0926628 0.8442917 0.06304551 
0.1403706 0.7782758 0.08135367 
0.1202233 0.7788332 0.1009434 
0.1605197 0.8050108 0.03446947 
0.1133179 0.8157957 0.07088639 
0.1536469 0.7584486 0.08790449 
0.1471263 0.7780543 0.07481932 
0.1218372 0.8663207 0.01184215 
0.1829936 0.7935241 0.02348234 
0.1106873 0.8881147 0.001198037 
0.1525421 0.8080308 0.03942707 
0.09977536 0.7794514 0.1207732 
0.1906678 0.8000609 0.009271314 
0.1956961 0.7737535 0.03055044 
0.113115 0.8263436 0.0605414 
0.2374267 0.6964615 0.06611178 
0.09723302 0.8346462 0.06812082 
0.121804 0.7721898 0.1060062 
0.09696723 0.8268672 0.07616552 
0.1549886 0.792191 0.05282031 
0.1289731 0.8305712 0.04045577 
0.06767408 0.8375948 0.09473115 
0.1361682 0.8354972 0.02833462 
0.1183395 0.8210182 0.06064232 
0.1447211 0.846593 0.008685967 
0.1989051 0.7592359 0.04185895 
0.1359095 0.7799163 0.08417424 
0.09578193 0.8411847 0.06303333 
0.1170821 0.8471745 0.03574336 
0.1384582 0.8332149 0.02832684 
0.1054904 0.8348286 0.05968106 
0.1472065 0.8019783 0.05081519 
0.1264031 0.8543262 0.01927071 
0.1024313 0.8097494 0.08781928 
0.1175528 0.8494657 0.03298152 
0.2162849 0.7649234 0.01879176 
0.1413542 0.7912378 0.06740795 
0.1308468 0.8088203 0.06033291 
0.1794214 0.7791991 0.04137948 
0.1394925 0.8116638 0.04884376 
0.1282743 0.8355557 0.03616999 
0.1719944 0.8064031 0.02160251 
0.1469492 0.7906488 0.06240198 
0.161268 0.8006594 0.03807269 
0.1385949 0.8037828 0.05762238 
0.1532054 0.8115945 0.03520004 
0.08536889 0.8758995 0.03873163 
0.08808299 0.868764 0.04315304 
0.1209976 0.8296021 0.04940028 
0.1470719 0.8115386 0.04138948 
0.1454936 0.7405237 0.1139827 
0.222616 0.7765706 0.0008133975 
0.09830884 0.8245713 0.07711989 
0.1608019 0.7501311 0.08906703 
0.094685 0.8351439 0.07017109 
0.1364277 0.8363249 0.02724748 
0.1690453 0.7871548 0.04379994 
0.09214927 0.8711948 0.0366559 
0.06246532 0.8687487 0.06878595 
0.2013815 0.7665632 0.03205534 
0.202824 0.7546108 0.0425652 
0.2294561 0.711918 0.05862595 
0.1374731 0.814059 0.04846786 
0.1270818 0.7987397 0.07417852 
