p_1 p_2 p_3 
0.732114 0.2556634 0.01222257 
0.6843002 0.3060742 0.009625567 
0.7375759 0.2621999 0.0002242115 
0.6774292 0.3137029 0.008867947 
0.7211467 0.2779044 0.0009488101 
0.6684203 0.3290202 0.00255955 
0.7145289 0.2796262 0.005844887 
0.6496531 0.3383171 0.01202977 
0.5764326 0.3945598 0.02900767 
0.6749235 0.3089983 0.01607817 
0.6574675 0.3413648 0.001167688 
0.739597 0.2498651 0.01053792 
0.7212942 0.2703541 0.008351691 
0.6785655 0.3177705 0.003663957 
0.6359195 0.3460392 0.01804126 
0.6368609 0.3561684 0.006970713 
0.7186583 0.2768237 0.004518024 
0.736634 0.2616282 0.0017378 
0.7203543 0.2785319 0.001113882 
0.6470802 0.3491135 0.003806267 
0.732729 0.2560098 0.0112612 
0.6560704 0.341241 0.002688652 
0.7125382 0.2748923 0.01256956 
0.7133841 0.283028 0.00358783 
0.7012394 0.298186 0.0005745915 
0.5665791 0.4317208 0.00170011 
0.7781299 0.2213404 0.0005297818 
0.6635026 0.3174804 0.01901699 
0.6489019 0.3373829 0.01371512 
0.7588113 0.2323023 0.00888635 
0.7396808 0.2534404 0.006878868 
0.7507516 0.2445507 0.00469777 
0.6192373 0.3372212 0.04354157 
0.6833799 0.3140164 0.002603698 
0.7452483 0.2342315 0.0205202 
0.7186638 0.266153 0.01518319 
0.780226 0.2161488 0.003625164 
0.6633577 0.3233007 0.01334156 
0.6832757 0.2841625 0.03256173 
0.6923757 0.3046482 0.002976094 
0.7418497 0.2535241 0.004626161 
0.7285381 0.2643371 0.00712481 
0.6721985 0.3277097 9.181166e-05 
0.7371949 0.2615017 0.001303356 
0.6611696 0.3348648 0.003965615 
0.6723172 0.3236688 0.004013976 
0.6895224 0.3092768 0.001200849 
0.6721296 0.3260482 0.001822197 
0.6709363 0.3235368 0.005526909 
0.6304233 0.3408555 0.02872115 
0.7038804 0.2947379 0.001381714 
0.5975376 0.3983836 0.004078789 
0.6969721 0.2973646 0.005663227 
0.691251 0.3061907 0.002558338 
0.6949281 0.3024769 0.002594973 
0.6277658 0.3650517 0.007182536 
0.7307815 0.268328 0.0008904899 
0.7322005 0.2657639 0.002035613 
0.6853156 0.3127263 0.001958077 
0.6934462 0.3025277 0.004026027 
0.6442273 0.3505428 0.005229832 
0.651438 0.3174249 0.03113715 
0.7056498 0.2879412 0.006409049 
0.7333455 0.2512927 0.01536183 
0.7257369 0.2691168 0.005146352 
0.7050616 0.2870403 0.007898097 
0.7576148 0.2284797 0.01390551 
0.6188047 0.364584 0.01661131 
0.6644548 0.3306747 0.004870524 
0.7501774 0.2465821 0.003240427 
0.6926823 0.3045681 0.002749636 
0.7163531 0.2831482 0.0004987193 
0.7170503 0.2643099 0.01863978 
0.7516105 0.2420728 0.006316759 
0.7663665 0.2320341 0.001599427 
0.5916146 0.4006893 0.007696104 
0.7368582 0.261898 0.00124388 
0.6563329 0.3435799 8.724194e-05 
0.7047289 0.2940323 0.001238786 
0.625686 0.3661801 0.008133862 
0.5809585 0.4136377 0.005403806 
0.6670726 0.3290952 0.00383215 
0.6730882 0.3204126 0.006499258 
0.758659 0.2197315 0.02160947 
0.6892325 0.294713 0.01605451 
0.687598 0.3039176 0.008484323 
0.7408058 0.2482469 0.01094737 
0.6940375 0.3053705 0.000592057 
0.6499328 0.3453681 0.004699055 
0.6705598 0.3270502 0.002390019 
0.6789189 0.3205304 0.0005507434 
0.7413797 0.2575705 0.001049729 
0.6923367 0.2983608 0.009302486 
0.65488 0.3386305 0.006489545 
0.7537925 0.236765 0.009442501 
0.6253192 0.3663302 0.008350557 
0.5896721 0.4090736 0.00125427 
0.6560998 0.3406526 0.003247517 
0.6786322 0.305029 0.01633879 
0.7088709 0.285488 0.005641106 
0.6952352 0.3000659 0.004698922 
0.7619336 0.2360544 0.002012072 
0.6330737 0.3663828 0.0005435492 
0.7182857 0.2773971 0.004317235 
0.7764086 0.2153559 0.008235528 
0.655772 0.3377275 0.006500434 
0.6880896 0.3089422 0.002968261 
0.681588 0.3089963 0.009415623 
0.6558026 0.3213533 0.02284402 
0.7053398 0.2737792 0.02088105 
0.6578767 0.3328277 0.009295585 
0.7769181 0.2167722 0.006309768 
0.6929552 0.3032236 0.003821293 
0.7452734 0.2460152 0.008711471 
0.6580485 0.3104603 0.0314912 
0.7133011 0.2708145 0.01588442 
0.7829085 0.2072081 0.009883353 
0.6588502 0.3395033 0.001646547 
0.7449861 0.2507168 0.004297117 
0.6694381 0.3305368 2.507466e-05 
0.7576419 0.2353895 0.006968561 
0.7848246 0.2076037 0.007571672 
0.6349493 0.3561735 0.008877183 
0.737473 0.260625 0.001902 
0.5601589 0.4195088 0.0203323 
0.6437274 0.3494989 0.006773629 
0.7070445 0.2920781 0.0008774073 
0.7306742 0.2653112 0.004014623 
0.7325311 0.2671059 0.0003630056 
0.6303658 0.3634329 0.006201229 
0.6543528 0.3421994 0.003447841 
0.722524 0.2479201 0.02955591 
0.7083437 0.2905549 0.0011014 
0.7420827 0.2469547 0.01096264 
0.6814546 0.3108364 0.007708971 
0.8117639 0.1810595 0.007176636 
0.7806707 0.2124925 0.006836802 
0.8009525 0.1923612 0.006686311 
0.6500387 0.3462521 0.003709186 
0.7239152 0.2621869 0.0138979 
0.7425749 0.2557452 0.001679875 
0.7649698 0.2212009 0.0138293 
0.6233131 0.3633204 0.01336659 
0.6897092 0.3004393 0.009851468 
0.6689725 0.3283272 0.002700315 
0.7096778 0.2888438 0.00147845 
0.6641474 0.325598 0.01025455 
0.7083823 0.289633 0.001984707 
0.6045064 0.3897442 0.005749419 
0.7248789 0.2685342 0.006586855 
0.7170099 0.2813903 0.001599792 
0.645709 0.3348112 0.01947984 
0.639515 0.3371589 0.02332611 
0.7728669 0.2216794 0.005453755 
0.7530514 0.2461381 0.0008104936 
0.6759396 0.3133333 0.01072703 
0.756491 0.235676 0.007832936 
0.7308271 0.2677919 0.001381076 
0.7313531 0.2557891 0.01285774 
0.7613111 0.2368432 0.001845702 
0.7020541 0.2867972 0.01114865 
0.6688773 0.3269054 0.004217236 
0.6959009 0.2938165 0.01028265 
0.5996681 0.3767378 0.02359407 
0.6554517 0.3310169 0.01353138 
0.6339688 0.3604355 0.005595702 
0.7600111 0.234123 0.005865873 
0.7591877 0.2406771 0.0001351573 
0.7267054 0.2658019 0.007492788 
0.7457141 0.2514484 0.002837445 
0.8131463 0.1845673 0.002286333 
0.6863525 0.3028425 0.01080507 
0.7365675 0.2484134 0.01501906 
0.7011037 0.2898949 0.009001361 
0.7161589 0.2819675 0.001873617 
0.6821028 0.3053786 0.01251856 
0.7589076 0.236065 0.005027359 
0.6989866 0.2961772 0.004836182 
0.691186 0.3074815 0.001332435 
0.7964424 0.1976954 0.005862179 
0.6596243 0.3366724 0.003703306 
0.724664 0.254691 0.02064499 
0.721395 0.2758879 0.002717121 
0.7248667 0.2646994 0.01043392 
0.6510764 0.3339498 0.01497378 
0.6729403 0.3191685 0.007891211 
0.712518 0.2862653 0.001216696 
0.6557702 0.3409813 0.00324849 
0.6218548 0.3754301 0.00271513 
0.6185422 0.3805755 0.0008822428 
0.6220268 0.3757753 0.002197895 
0.7140089 0.2812902 0.004700946 
0.7018312 0.2917625 0.00640628 
0.6790035 0.3163032 0.004693261 
0.5544461 0.4448805 0.0006734178 
0.6883988 0.3085995 0.00300166 
0.6814828 0.3134528 0.005064447 
0.7888404 0.204377 0.006782633 
0.5430176 0.4538601 0.003122345 
0.7510846 0.2342209 0.01469457 
0.6772249 0.3094063 0.01336884 
0.5998685 0.393359 0.006772553 
0.6780565 0.3169389 0.005004656 
0.6666923 0.3039289 0.02937881 
0.6563085 0.340013 0.003678516 
0.6903479 0.305153 0.004499015 
0.6159787 0.3785009 0.005520461 
0.7971747 0.1893812 0.01344415 
0.7477254 0.2377063 0.01456827 
0.7249111 0.2723369 0.002751954 
0.6252605 0.3691052 0.005634389 
0.7714807 0.2249927 0.003526659 
0.7236433 0.2673368 0.009019945 
0.6229901 0.3687691 0.008240789 
0.7174022 0.2541636 0.02843419 
0.6575614 0.3344422 0.007996368 
0.6787732 0.3065197 0.01470709 
0.7292612 0.2598694 0.01086938 
0.7299213 0.2689062 0.001172469 
0.6651135 0.3277889 0.007097578 
0.6041611 0.3784021 0.0174368 
0.7652272 0.2325621 0.002210684 
0.7496944 0.2487643 0.001541344 
0.7203013 0.2725056 0.007193117 
0.7223152 0.2695801 0.008104739 
0.7101574 0.2813698 0.008472803 
0.7571007 0.2400088 0.002890488 
0.7529818 0.2399254 0.007092749 
0.6679746 0.3302902 0.001735166 
0.6506388 0.3443374 0.005023867 
0.7736472 0.2251955 0.001157366 
0.6904011 0.2977592 0.01183969 
0.5768428 0.4192466 0.003910596 
0.7269319 0.2719523 0.001115765 
0.6972441 0.2966936 0.006062349 
0.6758899 0.3116116 0.0124985 
0.6973593 0.2784135 0.02422714 
0.6056764 0.3888651 0.00545849 
0.7105191 0.2884878 0.0009931075 
0.6104081 0.3796555 0.009936452 
0.6996418 0.2843018 0.0160564 
0.7162395 0.2806284 0.003132063 
0.6849498 0.3068309 0.008219278 
0.6137207 0.3670731 0.01920626 
0.6903862 0.2993647 0.01024912 
0.654168 0.336775 0.009057018 
0.7730389 0.2267803 0.0001808068 
0.7108974 0.2886832 0.0004193585 
0.6465193 0.3436334 0.009847279 
0.7785339 0.2178206 0.003645521 
0.6981535 0.2986302 0.003216304 
0.6780238 0.3149941 0.00698213 
0.6290688 0.3229765 0.04795467 
0.7309403 0.2594561 0.009603622 
0.6304951 0.3676385 0.001866479 
0.7062876 0.2899936 0.003718778 
0.6405114 0.3511963 0.00829232 
0.5827312 0.3953168 0.02195193 
0.6989612 0.3004478 0.0005909618 
0.7785254 0.2155709 0.005903645 
0.7203838 0.2747993 0.004816917 
0.6844084 0.31341 0.002181591 
0.6116339 0.3837762 0.004589936 
0.6290566 0.3683872 0.002556211 
0.7210604 0.2609063 0.01803324 
0.628797 0.3705144 0.0006886057 
0.714553 0.2852274 0.000219579 
0.6600926 0.3368232 0.003084219 
0.5582436 0.4252664 0.01649 
0.6320371 0.3611022 0.006860658 
0.6375197 0.3562303 0.006250019 
0.6556191 0.3269594 0.01742153 
0.6283408 0.3675636 0.004095568 
0.6685519 0.327509 0.003939104 
0.6715984 0.3235661 0.004835495 
0.6896271 0.3085363 0.001836598 
0.6469074 0.3506046 0.002487985 
0.7314464 0.2639712 0.004582423 
0.7266495 0.2721473 0.001203201 
0.6628918 0.335804 0.001304165 
0.6568819 0.3379412 0.005176964 
0.6580704 0.3400915 0.001838093 
0.7152789 0.2839786 0.0007425375 
0.8032113 0.1966554 0.0001333728 
0.6441554 0.3487696 0.007074997 
0.6680006 0.3212101 0.0107893 
0.6906792 0.3083398 0.0009809664 
0.5985652 0.3888221 0.01261271 
0.6721572 0.3265828 0.001259985 
0.7888511 0.2102748 0.0008741425 
0.7613469 0.2366679 0.001985225 
0.6637915 0.3354691 0.0007394393 
0.7398656 0.2507825 0.009351956 
0.7164347 0.2765448 0.007020454 
0.7567876 0.2370064 0.006205982 
0.6715729 0.311025 0.01740215 
0.7041779 0.2926745 0.003147618 
0.7640577 0.2313881 0.004554277 
0.6305782 0.3688892 0.0005326421 
0.7647717 0.2338807 0.001347674 
0.7530143 0.2409971 0.005988636 
0.6521901 0.3460937 0.001716256 
0.7829298 0.2156625 0.001407673 
0.7558629 0.2352102 0.008926943 
0.6898889 0.2936233 0.01648778 
0.7724484 0.2254329 0.002118742 
0.6801711 0.3115104 0.008318555 
0.7481462 0.2506348 0.001218947 
0.6440851 0.3368663 0.01904865 
0.645394 0.3539356 0.0006703388 
0.7217425 0.2732734 0.004984083 
0.7578747 0.236398 0.005727285 
0.8217529 0.1709588 0.007288275 
0.6794828 0.319034 0.001483142 
0.6709223 0.3121993 0.01687842 
0.7095297 0.2765561 0.01391417 
0.7303588 0.2661943 0.003446869 
0.7706054 0.2241152 0.00527938 
0.6984311 0.2784175 0.02315143 
0.6807515 0.3161107 0.003137751 
0.6309848 0.3518054 0.01720978 
0.6374632 0.3394581 0.02307869 
0.7754195 0.2202942 0.004286297 
0.6922816 0.3022855 0.005432904 
0.6983136 0.2974734 0.004213007 
0.6751541 0.3151589 0.009686924 
0.6688448 0.3180977 0.0130575 
0.7387396 0.2551542 0.006106266 
0.7403154 0.2567375 0.002947083 
0.7084349 0.2786153 0.01294989 
0.6112368 0.3521964 0.0365668 
0.6115209 0.3873138 0.001165297 
0.6955214 0.3006545 0.003824159 
0.7095548 0.2877471 0.002698193 
0.6831076 0.3107552 0.006137154 
0.7719726 0.2265242 0.001503235 
0.6673637 0.3131148 0.01952149 
0.6817017 0.2961986 0.02209971 
0.7256618 0.2721116 0.002226597 
0.6647917 0.3339586 0.001249774 
0.7061083 0.2901432 0.003748537 
0.7495003 0.2491714 0.001328256 
0.6684554 0.319412 0.01213259 
0.6755918 0.3090598 0.0153484 
0.6732707 0.3063711 0.02035819 
0.7017593 0.2922222 0.006018498 
0.6556551 0.3261708 0.01817414 
0.5750143 0.4246008 0.0003849404 
0.6916589 0.3032777 0.005063437 
0.7009584 0.2987489 0.0002927214 
0.7047181 0.2934692 0.001812717 
0.6701038 0.3255878 0.004308373 
0.7145323 0.2811963 0.004271417 
0.6948927 0.2992894 0.005817921 
0.6286388 0.3665743 0.004786871 
0.5544579 0.4354293 0.01011285 
0.7881688 0.1980126 0.01381859 
0.6522191 0.3313015 0.01647943 
0.7241827 0.2753564 0.0004609048 
0.7416443 0.2485148 0.009840882 
0.712696 0.2865888 0.0007151148 
0.5969516 0.3938436 0.009204865 
0.5626843 0.4368966 0.0004191827 
0.7467093 0.2493907 0.003900025 
0.6468817 0.3506577 0.002460602 
0.6524416 0.3316041 0.01595438 
0.7351636 0.2538418 0.01099461 
0.7537117 0.2384334 0.00785492 
0.7401356 0.2536485 0.006215912 
0.6167137 0.3780136 0.005272701 
0.6819588 0.3167903 0.001250917 
0.6109784 0.3641061 0.02491547 
0.6401575 0.3519199 0.007922609 
0.6713866 0.3220409 0.006572465 
0.7501088 0.2496026 0.000288609 
0.7703673 0.2288364 0.0007962709 
0.6321785 0.3654068 0.002414679 
0.7823294 0.2055136 0.01215703 
0.6836657 0.299155 0.01717926 
0.611067 0.3870612 0.001871737 
0.7360871 0.2639023 1.05917e-05 
0.7452394 0.2484426 0.006318076 
0.600438 0.3759846 0.02357745 
0.6671206 0.3262759 0.006603527 
0.7036712 0.2663084 0.03002039 
0.6604748 0.3361325 0.003392685 
0.7613185 0.238056 0.0006254924 
0.6156774 0.381365 0.002957684 
0.6924381 0.3043668 0.003195107 
0.7075029 0.2677708 0.02472634 
0.7740596 0.2193929 0.006547505 
0.6506629 0.3439271 0.005410037 
0.6677997 0.3306271 0.001573164 
0.6296015 0.3630433 0.007355183 
0.7316198 0.2643981 0.003982147 
0.6628222 0.3193312 0.01784663 
0.7269677 0.2673271 0.005705253 
0.7562895 0.2435899 0.0001206477 
0.6376018 0.3414505 0.02094767 
0.7316816 0.2600952 0.008223206 
0.6828899 0.3140357 0.003074422 
0.664741 0.3291513 0.00610776 
0.691084 0.2875733 0.02134264 
0.7137288 0.2745597 0.0117115 
0.710396 0.2801253 0.009478738 
0.8306212 0.1693696 9.275914e-06 
0.736218 0.2331882 0.03059377 
0.7151061 0.2843487 0.0005451684 
0.6402537 0.353944 0.005802328 
0.6940952 0.3022895 0.003615311 
0.6284852 0.3641203 0.007394527 
0.6359377 0.3640498 1.249047e-05 
0.6947969 0.2985916 0.006611525 
0.7128364 0.2818041 0.005359441 
0.6723765 0.3253801 0.002243449 
0.7854193 0.2135049 0.001075794 
0.7105084 0.2842574 0.005234213 
0.6639735 0.3198783 0.01614822 
0.7137248 0.250775 0.03550023 
0.6691743 0.3182723 0.01255338 
0.7663452 0.2269846 0.006670178 
0.6014177 0.3922611 0.006321126 
0.707189 0.2847815 0.008029526 
0.6687208 0.3290281 0.002251125 
0.6930673 0.3002366 0.006696133 
0.7536457 0.2348446 0.01150971 
0.6918247 0.3079669 0.0002084408 
0.7551029 0.2439569 0.0009402321 
0.6785422 0.3195157 0.001942192 
0.723961 0.2713227 0.004716263 
0.7304774 0.2559411 0.01358149 
0.6569671 0.3301204 0.01291249 
0.7404462 0.2456606 0.01389311 
0.6351298 0.3636818 0.001188383 
0.705024 0.2936015 0.001374521 
0.6951483 0.2994606 0.005391008 
0.6164908 0.3808433 0.00266588 
0.7256637 0.2627403 0.01159599 
0.5843278 0.407322 0.008350246 
0.7512777 0.2429937 0.005728596 
0.6931872 0.3005442 0.006268537 
0.7225797 0.2743298 0.003090472 
0.6650872 0.3330073 0.001905549 
0.678726 0.3201312 0.001142745 
0.6242647 0.3732129 0.002522389 
0.6304267 0.364366 0.005207316 
0.6680435 0.3255089 0.006447534 
0.7532189 0.2456475 0.001133559 
0.6571755 0.3219021 0.02092241 
0.5993632 0.3998395 0.0007973031 
0.7659683 0.2268715 0.007160234 
0.7070757 0.2920171 0.0009071484 
0.6809052 0.3182039 0.0008909096 
0.8027553 0.1935339 0.003710755 
0.5923 0.4073141 0.0003859914 
0.7196166 0.2615777 0.01880576 
0.7431437 0.2481624 0.008693933 
0.5945492 0.4016775 0.003773347 
0.6845392 0.3077851 0.007675709 
0.765404 0.2323421 0.002253855 
0.6901216 0.2940868 0.01579164 
0.6807749 0.3141563 0.005068802 
0.7270579 0.2708921 0.00204998 
0.7029394 0.2939987 0.003061835 
0.6826562 0.2873247 0.0300191 
0.8041404 0.1855869 0.0102727 
0.754995 0.2432167 0.001788292 
0.6049076 0.3941729 0.0009194763 
0.7135522 0.2803393 0.00610855 
0.6876228 0.3062564 0.006120789 
0.6122268 0.3847395 0.003033619 
0.6305466 0.3588781 0.01057528 
0.6995568 0.2966015 0.003841633 
0.6006421 0.3992609 9.698356e-05 
0.6686587 0.3312653 7.593863e-05 
0.6873694 0.2998102 0.0128204 
0.7570544 0.2178234 0.02512221 
0.7122213 0.2872618 0.0005168986 
0.657538 0.3290346 0.01342741 
0.6434257 0.3452016 0.01137276 
0.7053232 0.2856387 0.009038136 
0.7016732 0.2940121 0.004314697 
0.656881 0.3420165 0.00110251 
0.6611665 0.3333965 0.005437011 
0.7447053 0.2534342 0.001860522 
0.6930241 0.2831228 0.02385306 
0.7268352 0.2677364 0.005428413 
0.7475866 0.2507886 0.001624798 
0.7178041 0.2803303 0.001865584 
0.6749525 0.3235709 0.001476563 
0.6798473 0.3188296 0.001323149 
0.6503626 0.3465167 0.003120755 
0.6414958 0.3478116 0.01069259 
0.7702311 0.2277786 0.001990232 
0.7358954 0.2636956 0.0004090164 
0.7119451 0.2844569 0.003597995 
0.722532 0.2653431 0.01212491 
0.7115497 0.279085 0.009365222 
0.7195531 0.2755548 0.004892106 
0.7351256 0.2518188 0.01305562 
0.6569693 0.3405545 0.002476148 
0.7042686 0.2579718 0.03775964 
0.7892696 0.2055684 0.005161978 
0.6652216 0.3021524 0.03262597 
0.6725266 0.3204094 0.007064018 
0.7548276 0.2246183 0.02055419 
0.6416868 0.347965 0.01034817 
0.7257542 0.2699329 0.004312876 
0.7197085 0.2707827 0.009508768 
0.7315588 0.2655244 0.002916799 
0.7220493 0.2719769 0.005973821 
0.5741987 0.4250075 0.0007938706 
0.7034325 0.2937647 0.002802791 
0.7372851 0.2558621 0.006852844 
0.6992575 0.2936932 0.007049252 
0.6678997 0.3216478 0.01045255 
0.6849037 0.3069595 0.008136842 
0.6800934 0.3094106 0.01049607 
0.7538717 0.2386749 0.007453404 
0.6376141 0.3588778 0.00350816 
0.6589089 0.3381512 0.002939921 
0.6314682 0.3671545 0.001377233 
0.6490779 0.3500833 0.0008388148 
0.7011647 0.290162 0.008673284 
0.7593145 0.2344594 0.00622608 
0.704579 0.2951118 0.0003092455 
0.7495784 0.2470851 0.003336447 
0.7451063 0.2448818 0.01001191 
0.7343867 0.2613486 0.004264656 
0.6886604 0.3016738 0.009665815 
0.6705609 0.3220758 0.007363303 
0.6334198 0.3481834 0.01839675 
0.7331666 0.2614624 0.00537104 
0.6906223 0.2956941 0.01368363 
0.6298541 0.3675798 0.002566066 
0.6583164 0.3410615 0.0006221922 
0.5825876 0.4060918 0.01132055 
0.7411172 0.2578701 0.001012716 
0.6167298 0.3757303 0.00753999 
0.7638484 0.2340894 0.002062235 
0.7510917 0.2484236 0.000484766 
0.7564971 0.2361333 0.007369598 
0.6965959 0.2998685 0.00353559 
0.7605911 0.2362933 0.003115618 
0.674299 0.3186646 0.007036352 
0.7238531 0.2655173 0.01062954 
0.655779 0.3388424 0.005378616 
0.7000993 0.287875 0.01202563 
0.6830974 0.3105617 0.006340899 
0.7439088 0.2435048 0.0125864 
0.6794142 0.3148737 0.005712152 
0.7063781 0.2917133 0.001908672 
0.7085089 0.2843531 0.007137973 
0.7157809 0.2774822 0.006736914 
0.7047735 0.2898455 0.005381079 
0.8374855 0.158022 0.004492492 
0.6644373 0.3224252 0.01313748 
0.7682188 0.2117992 0.01998196 
0.7669974 0.2245092 0.008493335 
0.6881193 0.3050617 0.006819029 
0.790563 0.2068385 0.002598545 
0.7313531 0.2674702 0.001176705 
0.7512179 0.2478865 0.0008955757 
0.7035969 0.2931922 0.003210939 
0.6927931 0.300833 0.006373863 
0.7458095 0.2416308 0.01255969 
0.5991011 0.3699098 0.03098917 
0.6961398 0.2998052 0.004054954 
0.7116697 0.2839436 0.004386688 
0.6687477 0.3201247 0.01112766 
0.7651202 0.2329664 0.001913399 
0.7174829 0.2777503 0.004766798 
0.6661884 0.3186371 0.01517452 
0.6956218 0.2839008 0.02047744 
0.5962397 0.3948697 0.008890608 
0.6826152 0.3164689 0.0009159548 
0.6063806 0.3792787 0.0143407 
0.6221788 0.3741954 0.003625828 
0.6862646 0.3134322 0.0003032473 
0.7501603 0.2477913 0.002048349 
0.7257029 0.2666232 0.007673842 
0.6463771 0.3297384 0.02388452 
0.6517497 0.3470304 0.0012199 
0.6801828 0.3040672 0.01575003 
0.6681891 0.3310272 0.0007836813 
0.5986165 0.3987976 0.002585909 
0.6200033 0.3791075 0.0008892087 
0.7150519 0.274948 0.01000008 
0.6955725 0.3007154 0.003712046 
0.6858418 0.3139635 0.00019476 
0.6629015 0.3274683 0.009630159 
0.7332215 0.2613239 0.005454583 
0.6382927 0.3569531 0.004754232 
0.6354792 0.3632601 0.001260743 
0.6810812 0.3134633 0.005455504 
0.7340281 0.2419734 0.02399852 
0.6534527 0.3419873 0.004559994 
0.6763097 0.3209189 0.002771427 
0.6457423 0.3491665 0.00509116 
0.7902373 0.2009678 0.008794925 
0.7602687 0.2392694 0.0004618598 
0.6845286 0.3073791 0.008092327 
0.6316314 0.3645008 0.003867814 
0.714641 0.2789184 0.006440536 
0.6447782 0.3521277 0.003094096 
0.7918767 0.2020895 0.00603378 
0.6849142 0.3117035 0.003382308 
0.752643 0.2382392 0.009117837 
0.7099647 0.2805229 0.009512381 
0.6612723 0.3191614 0.01956631 
0.6299 0.3639279 0.006172131 
0.6619522 0.3344585 0.003589298 
0.7585715 0.2258142 0.01561434 
0.6520314 0.3350733 0.01289531 
0.8159003 0.1812891 0.002810572 
0.7207877 0.2706152 0.008597058 
0.6873699 0.3085189 0.004111142 
0.6554403 0.3405801 0.003979575 
0.7626021 0.2362115 0.001186405 
0.7479422 0.2509684 0.001089423 
0.6951933 0.3018585 0.002948218 
0.6907127 0.3063483 0.002938932 
0.6529057 0.3466223 0.0004719241 
0.7711148 0.2257717 0.003113513 
0.68562 0.3012996 0.01308038 
0.6062551 0.3682735 0.02547143 
0.5562724 0.442156 0.001571564 
0.6763652 0.3017218 0.02191301 
0.6738348 0.3014867 0.02467853 
0.6685454 0.3229436 0.008511004 
0.6521846 0.3401462 0.007669152 
0.7024552 0.2937237 0.003821093 
0.7648577 0.2332601 0.001882107 
0.7168539 0.2729483 0.0101978 
0.5968202 0.4001601 0.003019691 
0.6716366 0.3227953 0.005568105 
0.6857137 0.3107882 0.003498177 
0.6730911 0.3262834 0.0006254964 
0.6764331 0.2980579 0.02550902 
0.7193138 0.2741648 0.006521326 
0.7544748 0.2397958 0.005729349 
0.7163939 0.2834601 0.0001459439 
0.7651531 0.2339745 0.0008724758 
0.7176589 0.2774388 0.004902245 
0.7150915 0.2837444 0.001164079 
0.6565085 0.3391687 0.004322781 
0.6032627 0.3917842 0.004953097 
0.731469 0.2683438 0.0001872154 
0.5593565 0.4342022 0.006441262 
0.720195 0.2767345 0.003070534 
0.6728594 0.3104095 0.01673112 
0.6768005 0.3226721 0.0005274306 
0.7180952 0.2753591 0.006545779 
0.6080659 0.3832897 0.008644375 
0.6714457 0.3057803 0.02277403 
0.7336951 0.2624282 0.003876685 
0.7573317 0.2303832 0.01228512 
0.6780698 0.2830827 0.03884752 
0.6821891 0.3132151 0.004595833 
0.65135 0.3457944 0.002855521 
0.7128565 0.28569 0.001453505 
0.7101407 0.2866226 0.003236672 
0.6158242 0.3792048 0.004970995 
0.7029165 0.2925239 0.004559565 
0.7329405 0.2653294 0.0017301 
0.7495142 0.2473691 0.003116696 
0.6540386 0.332899 0.01306242 
0.7937941 0.2046445 0.001561357 
0.7445275 0.2508718 0.0046007 
0.6735585 0.3227914 0.003650121 
0.6932255 0.2951244 0.01165011 
0.7585736 0.2375133 0.003913147 
0.6703432 0.3280432 0.00161354 
0.5900192 0.4061174 0.003863399 
0.6446339 0.3550551 0.0003110375 
0.7030109 0.291689 0.005300131 
0.6681118 0.326879 0.005009146 
0.6306288 0.3620863 0.007284882 
0.7298168 0.2673903 0.002792884 
0.6647039 0.3304383 0.00485778 
0.7917994 0.2077529 0.000447682 
0.7018934 0.2946592 0.003447372 
0.7414796 0.2531236 0.005396794 
0.6653889 0.3152927 0.01931842 
0.6415138 0.3526439 0.005842309 
0.6737414 0.326066 0.0001926038 
0.6773797 0.320856 0.001764265 
0.7465983 0.2440611 0.00934056 
0.7543968 0.2431425 0.00246071 
0.710875 0.2865332 0.002591833 
0.5852972 0.4050259 0.009676903 
0.6943024 0.3000564 0.005641243 
0.7275109 0.2535338 0.01895527 
0.6847029 0.3133335 0.001963618 
0.6835077 0.314247 0.002245321 
0.635797 0.3631291 0.001073924 
0.6758479 0.3200974 0.004054748 
0.6035065 0.3938642 0.002629274 
0.7408295 0.2509265 0.00824409 
0.7469514 0.2494071 0.00364148 
0.5760971 0.4200513 0.003851558 
0.8183378 0.1765818 0.005080387 
0.6649432 0.3243349 0.01072187 
0.6590633 0.3302389 0.0106978 
0.584052 0.404224 0.01172394 
0.692343 0.2982463 0.0094107 
0.7492635 0.2327231 0.01801337 
0.71108 0.2850406 0.003879398 
0.5799128 0.4039337 0.01615352 
0.6644932 0.3347482 0.0007585935 
0.6836241 0.3128413 0.003534633 
0.6642515 0.3310203 0.004728239 
0.7073238 0.2855821 0.007094039 
0.7242189 0.2662442 0.009536908 
0.6401429 0.3512425 0.008614592 
0.6031983 0.3917743 0.005027431 
0.6762716 0.3170823 0.006646147 
0.7350918 0.2598872 0.005020932 
0.6689037 0.3278561 0.003240169 
0.5337448 0.4544623 0.01179284 
0.7177814 0.2814094 0.0008091801 
0.6197503 0.3774128 0.002836866 
0.7040619 0.2824466 0.01349143 
0.6991486 0.2966235 0.004227879 
0.6895104 0.3081225 0.002367151 
0.8054764 0.1936655 0.0008580582 
0.6837676 0.2997473 0.01648504 
0.6934517 0.3055387 0.001009612 
0.6535544 0.3348237 0.01162188 
0.6939989 0.3058328 0.0001682473 
0.6738423 0.324668 0.001489788 
0.7473651 0.225805 0.02682989 
0.5477085 0.4365786 0.01571295 
0.7362912 0.2570931 0.006615672 
0.6238246 0.3739451 0.002230361 
0.6239213 0.3494428 0.0266359 
0.6364534 0.3553558 0.008190845 
0.6170268 0.3824491 0.0005240782 
0.6938102 0.3046116 0.00157815 
0.7007272 0.2895359 0.009736814 
0.6835776 0.3140103 0.002412084 
0.7016418 0.2776659 0.0206923 
0.7267167 0.2634775 0.009805831 
0.6582697 0.3309453 0.01078506 
0.6770024 0.3216101 0.001387555 
0.7312804 0.2606686 0.008051005 
0.7991838 0.1928949 0.007921286 
0.7456812 0.2414063 0.01291251 
0.7772765 0.219256 0.0034675 
0.5986565 0.3923869 0.008956579 
0.6369286 0.3574681 0.005603354 
0.692733 0.2950389 0.01222808 
0.7498672 0.2434368 0.006696078 
0.6880116 0.3074919 0.004496584 
0.6988099 0.2973061 0.003883989 
0.7879581 0.1974131 0.01462874 
0.6918884 0.2952994 0.0128122 
0.7424441 0.2326928 0.02486312 
0.7121414 0.287728 0.000130534 
0.6735929 0.3129356 0.01347148 
0.6275002 0.3701983 0.002301524 
0.7354777 0.2614044 0.003117905 
0.6697909 0.3274671 0.002742008 
0.5880972 0.3946346 0.01726819 
0.6022471 0.395835 0.001917818 
0.6847101 0.3010769 0.01421303 
0.7565805 0.2392942 0.004125287 
0.7040939 0.2846292 0.01127684 
0.7396008 0.2582114 0.002187737 
0.6870415 0.3100814 0.002877091 
0.7573116 0.2379895 0.004698938 
0.7429605 0.2527697 0.00426986 
0.7541688 0.2455252 0.0003059393 
0.7059248 0.2800684 0.01400682 
0.8269314 0.1717497 0.001318904 
0.7416822 0.2564746 0.001843267 
0.7277196 0.2636491 0.00863134 
0.6860555 0.3113253 0.002619164 
0.8015714 0.1960781 0.002350427 
0.7197017 0.2764062 0.003892125 
0.7061422 0.2792871 0.01457071 
0.6674782 0.3244322 0.008089611 
0.6949332 0.3037388 0.001328073 
0.6353593 0.356253 0.00838774 
0.6805652 0.311739 0.007695772 
0.711661 0.2869451 0.001393969 
0.7227076 0.2721261 0.005166328 
0.7141168 0.2587112 0.02717202 
0.73335 0.2636234 0.003026517 
0.6952152 0.3046096 0.0001752176 
0.6181863 0.3741207 0.007692999 
0.7307195 0.2541167 0.01516381 
0.6785267 0.3101667 0.01130664 
0.6295467 0.3636508 0.006802532 
0.6764333 0.3132345 0.01033223 
0.64627 0.3513384 0.002391601 
0.5599691 0.4361601 0.003870771 
0.7777155 0.2221305 0.0001539236 
0.7621091 0.2327594 0.005131449 
0.753184 0.2337138 0.01310224 
0.6228942 0.3760024 0.001103375 
0.7479027 0.2499998 0.002097543 
0.736589 0.2566682 0.006742856 
0.7259905 0.2733384 0.0006710822 
0.6514752 0.3470675 0.001457335 
0.7151548 0.2802832 0.004561943 
0.6935149 0.2967651 0.009719985 
0.7089644 0.2835592 0.007476415 
0.6383212 0.3493514 0.01232736 
0.7113351 0.2803011 0.008363771 
0.5531046 0.4467824 0.0001129699 
0.6903046 0.302222 0.00747332 
0.7203197 0.2656291 0.01405122 
0.6694565 0.3252962 0.005247317 
0.6570891 0.3413082 0.001602664 
0.6909738 0.2937678 0.01525832 
0.6856888 0.3122526 0.002058579 
0.6262097 0.3731765 0.0006138319 
0.7530145 0.2299767 0.0170088 
0.6226306 0.3717168 0.005652523 
0.7052941 0.2897522 0.00495374 
0.7629319 0.2341231 0.002945051 
0.7813407 0.2055378 0.01312149 
0.7488908 0.247316 0.003793155 
0.7398353 0.2545707 0.005593993 
0.6545823 0.3294793 0.01593841 
0.5854569 0.4108117 0.003731425 
0.6812892 0.3157664 0.002944404 
0.825856 0.1653451 0.008798865 
0.613946 0.3818988 0.004155137 
0.6776697 0.3166667 0.005663504 
0.6867612 0.311137 0.002101796 
0.6390892 0.3489853 0.01192543 
0.7619136 0.2366942 0.001392208 
0.7459886 0.2517829 0.00222845 
0.6854616 0.3133471 0.001191216 
0.7139449 0.2841204 0.00193475 
0.7459368 0.253351 0.0007122224 
0.6630814 0.3348084 0.0021102 
0.714252 0.2849737 0.0007742762 
0.5748121 0.4146229 0.01056499 
0.7800124 0.2077692 0.01221842 
0.713251 0.2810583 0.005690682 
0.5281717 0.4542612 0.01756709 
0.6760999 0.320902 0.002998119 
0.7081434 0.2725557 0.01930085 
0.7500758 0.2481905 0.001733664 
0.7114726 0.2861996 0.002327791 
0.713543 0.2774394 0.00901762 
0.7239821 0.2737507 0.002267192 
0.6923102 0.3042631 0.003426629 
0.7697791 0.2290629 0.00115808 
0.7601887 0.2356669 0.004144408 
0.6297826 0.3347046 0.03551271 
0.6685764 0.3278395 0.003584068 
0.6276731 0.3571693 0.01515759 
0.6776785 0.3127638 0.009557685 
0.6679095 0.3267143 0.005376145 
0.7021479 0.2770163 0.02083582 
0.6737114 0.3227604 0.003528211 
0.7219311 0.2776525 0.0004164115 
0.8069171 0.1817828 0.01130009 
0.6904498 0.3073951 0.002155124 
0.6345422 0.35471 0.01074783 
0.6341072 0.3569895 0.008903372 
0.7017219 0.2978251 0.0004529921 
0.728441 0.2678303 0.003728686 
0.6799033 0.3185872 0.001509496 
0.6713233 0.3264701 0.00220666 
0.6257388 0.3709047 0.003356524 
0.7193601 0.2789721 0.001667748 
0.6843631 0.3068269 0.008810031 
0.6837992 0.3119182 0.004282556 
0.7559729 0.2421206 0.001906503 
0.6760026 0.3044965 0.01950091 
0.7244317 0.2714181 0.00415028 
0.7528521 0.2410279 0.006120064 
0.7237487 0.26069 0.01556126 
0.7566277 0.2425079 0.0008644231 
0.6658081 0.3323564 0.001835577 
0.6008341 0.3960777 0.003088252 
0.6576586 0.3417883 0.0005530964 
0.5571236 0.4095266 0.03334971 
0.6854563 0.3109321 0.003611623 
0.7486719 0.2347704 0.01655769 
0.6605523 0.3284896 0.01095808 
0.7096456 0.2811395 0.009214824 
0.6223296 0.3704558 0.007214681 
0.7557612 0.2385273 0.005711507 
0.6640176 0.3096025 0.0263799 
0.6188917 0.3787104 0.00239785 
0.751614 0.2433171 0.005068853 
0.769498 0.226328 0.004173987 
0.6919269 0.2982239 0.009849167 
0.6862757 0.3002402 0.01348406 
0.7477381 0.2481604 0.004101535 
0.6897482 0.295237 0.01501476 
0.622652 0.3743958 0.002952192 
0.6823533 0.3074547 0.01019206 
0.7292708 0.2655778 0.005151436 
0.6893066 0.2951421 0.01555121 
0.6807857 0.3148751 0.004339191 
0.6567294 0.3414404 0.001830256 
0.7149987 0.269302 0.01569929 
0.6893924 0.2943025 0.01630507 
0.6657679 0.3127813 0.02145087 
0.6943478 0.2778426 0.02780961 
0.7654569 0.2321079 0.002435205 
0.6949223 0.3026725 0.002405188 
0.7128709 0.2802925 0.006836679 
0.61299 0.3782243 0.008785734 
0.7519291 0.2470772 0.0009936348 
0.6634899 0.3304014 0.006108692 
0.6670599 0.3262299 0.006710214 
0.7515544 0.2443063 0.004139374 
0.6533459 0.3328364 0.01381773 
0.7401464 0.2591375 0.0007160335 
0.7763006 0.2177111 0.005988335 
0.7996314 0.1908548 0.009513712 
0.6718088 0.3162879 0.0119033 
0.7629935 0.2366803 0.0003261831 
0.6787267 0.3089257 0.01234754 
0.737643 0.2458849 0.01647212 
0.7268374 0.2627993 0.01036328 
0.720081 0.2795461 0.0003729739 
0.7028258 0.2872528 0.009921392 
0.5890733 0.3890705 0.02185615 
0.7683588 0.2307681 0.0008730546 
0.7691647 0.2254267 0.005408556 
0.743606 0.2322956 0.02409839 
0.6643611 0.3194132 0.01622572 
0.6067649 0.3866435 0.006591668 
0.7098691 0.2641544 0.02597649 
0.7937428 0.20527 0.0009872122 
0.6761702 0.2907401 0.0330897 
0.6144821 0.3806815 0.00483643 
0.6820181 0.315204 0.002777909 
0.7383385 0.2607758 0.0008857086 
0.7926079 0.2063079 0.001084193 
0.7561048 0.2388841 0.005011076 
0.6512962 0.3424656 0.006238139 
0.7068245 0.2730487 0.02012674 
0.7548768 0.2444919 0.0006312818 
0.647855 0.3514023 0.0007426721 
0.6696132 0.3190932 0.01129359 
0.7283671 0.2711742 0.0004586764 
0.6533094 0.34241 0.004280604 
0.6077792 0.3899611 0.002259643 
0.7026163 0.295187 0.002196662 
0.63763 0.3552234 0.00714656 
0.671502 0.3228002 0.0056978 
0.6420988 0.3570972 0.0008039906 
0.7151501 0.2837382 0.001111719 
0.5898908 0.4076568 0.002452385 
0.656282 0.3283452 0.01537277 
0.7172918 0.2753021 0.007406041 
0.7726843 0.225981 0.001334741 
0.7027572 0.2952765 0.001966339 
0.7032827 0.2883264 0.00839093 
0.6580434 0.3376426 0.004313935 
0.6321521 0.3567166 0.01113125 
0.7452894 0.2506057 0.004104889 
0.621092 0.3581468 0.02076126 
0.599757 0.3713461 0.02889697 
0.6217813 0.3765387 0.001679984 
0.6872074 0.3044991 0.008293567 
0.665803 0.3259486 0.00824847 
0.6898392 0.3040317 0.006129121 
0.7637173 0.235837 0.0004457906 
0.6844817 0.3123147 0.003203537 
0.792762 0.2041188 0.003119104 
0.6668511 0.3328586 0.0002902486 
0.6619918 0.3197225 0.01828566 
0.693113 0.3054096 0.001477328 
0.766457 0.221542 0.01200106 
0.6329931 0.3598314 0.007175555 
0.5931524 0.4004791 0.006368479 
0.6711022 0.3285601 0.0003376731 
0.7149283 0.2844698 0.0006018812 
0.7683922 0.2126278 0.01898 
0.682498 0.3140529 0.003449016 
0.775544 0.22213 0.002325959 
0.740981 0.2563743 0.002644663 
0.7119138 0.2645429 0.02354332 
0.7218626 0.2770906 0.001046849 
0.6583144 0.340792 0.0008936307 
0.6545377 0.3334142 0.01204808 
0.6444178 0.3435353 0.01204688 
0.6839762 0.3146247 0.001399074 
0.6730461 0.3195071 0.00744686 
0.5686603 0.4245321 0.00680765 
0.6079958 0.3877486 0.004255551 
0.7081265 0.2845806 0.007292906 
0.6950607 0.2964401 0.00849924 
0.7266854 0.2703051 0.003009497 
0.5876585 0.4103865 0.001954925 
0.7043229 0.2890401 0.006637006 
0.6770889 0.310871 0.01204013 
0.7501899 0.242141 0.007669067 
0.6977503 0.2605361 0.04171356 
0.6967175 0.2978827 0.005399873 
0.6655828 0.3223168 0.01210039 
0.6332369 0.346331 0.02043217 
0.6864791 0.3104916 0.003029361 
0.6353711 0.362652 0.001976919 
0.6808761 0.3162574 0.002866572 
0.6915497 0.3083135 0.0001367564 
0.7268087 0.2706603 0.002531037 
0.6350111 0.364594 0.0003949209 
0.6796223 0.298694 0.02168369 
0.6862689 0.305359 0.008372129 
0.7143912 0.2734802 0.0121286 
0.6463425 0.3431944 0.0104631 
0.7506578 0.246011 0.003331195 
0.7261349 0.2626166 0.0112485 
0.6673175 0.3197797 0.01290284 
0.6882532 0.2984643 0.01328252 
0.7143152 0.2811919 0.004492868 
0.6364754 0.3539572 0.009567451 
0.6284213 0.3711678 0.0004108904 
0.7293789 0.2633419 0.007279272 
0.706032 0.2822539 0.01171419 
0.6562113 0.3333022 0.01048651 
0.6366737 0.3407557 0.02257056 
0.7499153 0.2451817 0.004903005 
0.777493 0.2024116 0.02009544 
0.6641608 0.331784 0.004055196 
0.7195183 0.2743708 0.006110972 
0.6151098 0.3522016 0.03268859 
0.6554286 0.3432029 0.001368505 
0.6391513 0.3573484 0.003500322 
0.6912502 0.304345 0.004404857 
0.7967613 0.2016098 0.001628932 
0.6508793 0.3327442 0.01637647 
0.6377254 0.3581546 0.004119924 
0.8355313 0.1629944 0.001474268 
0.653788 0.3450591 0.001152907 
0.7103625 0.2669619 0.02267562 
0.6720432 0.3224988 0.005457965 
0.713238 0.27805 0.008712086 
0.7801746 0.2070444 0.012781 
0.7022957 0.2965275 0.001176771 
0.7022332 0.2785654 0.01920146 
0.6738045 0.3241115 0.002083964 
0.7321679 0.2654211 0.00241103 
0.7350365 0.26458 0.0003834583 
0.7145853 0.2845813 0.0008334024 
0.7250219 0.2201853 0.05479286 
0.7057835 0.2872001 0.007016432 
0.7848808 0.2139294 0.001189839 
0.721627 0.2738439 0.004529145 
0.654955 0.3258215 0.01922352 
0.7349135 0.2620216 0.00306494 
0.7088177 0.2787968 0.01238554 
0.7043469 0.2888129 0.00684013 
0.6428256 0.3532332 0.003941166 
0.6964096 0.3004402 0.003150192 
0.6639315 0.3062179 0.02985055 
0.686299 0.3136727 2.832668e-05 
0.7095923 0.2867831 0.003624574 
0.6293168 0.3683886 0.002294524 
0.7312694 0.26695 0.001780619 
0.6254358 0.3641617 0.01040248 
0.6602529 0.3346518 0.005095354 
0.6583265 0.3240358 0.01763771 
0.6802183 0.3146181 0.005163564 
0.693245 0.3051766 0.001578365 
0.7839658 0.1923635 0.02367063 
0.697171 0.2998438 0.002985255 
0.6918363 0.3047608 0.003402953 
0.7374055 0.2615653 0.001029236 
0.7234782 0.2585249 0.01799693 
0.6600427 0.3378433 0.002114079 
0.6970572 0.2861854 0.01675742 
0.7111603 0.2793603 0.009479354 
0.8034081 0.1910062 0.005585702 
0.730941 0.2657278 0.003331239 
0.669952 0.3217419 0.008306083 
0.7457762 0.2485266 0.00569727 
0.6047522 0.3888351 0.00641271 
0.6653493 0.3342298 0.0004209047 
0.743338 0.2519866 0.004675409 
0.7134418 0.2756541 0.01090415 
0.6092183 0.3793596 0.01142213 
0.6267161 0.3709255 0.002358396 
0.7341095 0.2539723 0.01191817 
0.6669529 0.3292015 0.003845645 
0.5536428 0.4460671 0.0002901157 
0.7488655 0.2371514 0.01398313 
0.6458796 0.3517437 0.002376619 
0.6934156 0.2842228 0.02236161 
0.6804366 0.3004254 0.01913797 
0.6747204 0.3249358 0.0003437576 
0.6941393 0.3041427 0.00171794 
0.6806852 0.3013705 0.01794431 
0.6670129 0.3221921 0.01079492 
0.7949405 0.2036153 0.001444222 
0.7154606 0.2764393 0.008100056 
0.7026751 0.295647 0.001677923 
0.6311083 0.3663497 0.002541967 
0.6513829 0.3205486 0.02806846 
0.7460421 0.252228 0.00172994 
0.6636961 0.3344052 0.001898717 
0.7516722 0.239924 0.008403812 
0.7150444 0.2796339 0.00532175 
0.7381369 0.2611225 0.0007405796 
0.6760054 0.3196787 0.004315883 
0.720101 0.2757685 0.00413052 
0.7392236 0.2544435 0.006332923 
0.6327503 0.3616341 0.005615629 
0.7317888 0.2678809 0.0003303268 
0.7102493 0.2895451 0.0002056554 
0.6414326 0.3557564 0.00281099 
0.8111136 0.1765016 0.0123848 
0.7143338 0.2834165 0.002249789 
0.6663445 0.3269606 0.006694887 
0.7411209 0.2504161 0.00846299 
0.6628595 0.3348882 0.002252284 
0.6995954 0.2999729 0.0004317505 
0.7617437 0.2369045 0.001351817 
0.7473419 0.2469089 0.005749142 
0.7320581 0.2622919 0.005650017 
0.7451481 0.2362091 0.01864287 
0.6722029 0.321849 0.005948111 
0.6921931 0.3071975 0.0006094225 
0.7099114 0.2814393 0.008649337 
0.7046885 0.2946402 0.0006713864 
0.7061801 0.2792198 0.01460004 
0.6140224 0.3799295 0.006048089 
0.6609564 0.3366164 0.002427226 
0.7066982 0.2912204 0.002081353 
0.6324564 0.3624871 0.005056562 
0.7537757 0.2369637 0.009260572 
0.7923005 0.2012256 0.006473878 
0.7287259 0.2630171 0.008257004 
0.7200945 0.273115 0.006790463 
0.6922703 0.3031033 0.004626372 
0.6636724 0.3253389 0.0109887 
0.6749552 0.3144997 0.01054517 
0.5578183 0.4406252 0.001556449 
0.6518829 0.3415618 0.006555212 
0.7342192 0.2649628 0.0008179618 
0.7253931 0.2633105 0.01129638 
0.61499 0.3794562 0.005553746 
0.6830007 0.3164855 0.0005138574 
0.7357432 0.2546513 0.009605514 
0.6097267 0.3820456 0.008227664 
0.6408142 0.3514589 0.00772696 
0.6623129 0.3290772 0.008609876 
0.5900726 0.4006816 0.009245874 
0.7469688 0.2509502 0.002080927 
0.737114 0.2460157 0.01687021 
0.7320818 0.2667577 0.001160523 
0.7094242 0.281115 0.009460807 
0.6948153 0.3045791 0.0006056449 
0.6277343 0.3695668 0.002698926 
0.6609105 0.3361837 0.002905736 
0.7361182 0.2638268 5.50543e-05 
0.6344392 0.3641737 0.001387151 
0.7499274 0.2496637 0.0004088605 
0.6950621 0.3046333 0.0003045172 
0.736944 0.2626462 0.0004098197 
0.7189265 0.2786994 0.002374044 
0.617892 0.3752249 0.00688305 
0.7361829 0.2562631 0.007554004 
0.7470852 0.25064 0.002274812 
0.6551431 0.3433571 0.001499807 
0.6924037 0.3010442 0.006552097 
0.7058431 0.2852018 0.008955143 
0.6690089 0.3195101 0.01148097 
0.6799415 0.3194022 0.0006563572 
0.7307575 0.2541469 0.0150956 
0.6915343 0.3018738 0.006591844 
0.7274356 0.271787 0.000777315 
0.654572 0.3441258 0.001302251 
0.7161531 0.2774392 0.00640773 
0.6942512 0.3000228 0.00572599 
0.7067261 0.280923 0.01235096 
0.7680266 0.2290592 0.002914229 
0.6949982 0.2904849 0.01451695 
0.7147356 0.2850026 0.0002617351 
0.6661355 0.3181606 0.01570388 
0.6415106 0.34722 0.01126943 
0.6820167 0.2999383 0.01804497 
0.6772962 0.3222645 0.0004392845 
0.7125309 0.2858396 0.00162948 
0.6679613 0.3308013 0.001237439 
0.7418684 0.2546408 0.003490766 
0.7259102 0.2733668 0.0007229357 
0.711724 0.287999 0.0002769892 
0.7450038 0.2483556 0.00664053 
0.7103375 0.2885913 0.001071147 
0.7353125 0.2590269 0.00566061 
0.6405297 0.3584785 0.000991805 
0.6365267 0.362112 0.001361295 
0.5680881 0.4282669 0.003644985 
0.5612783 0.4359231 0.002798546 
0.6910595 0.2931186 0.01582184 
0.6758225 0.3222332 0.001944385 
0.6713393 0.2977704 0.03089031 
0.6274953 0.3612313 0.01127338 
0.6279187 0.3702155 0.001865759 
0.6216756 0.3729742 0.00535027 
0.5809445 0.4165265 0.002528908 
0.6777782 0.3189748 0.003247045 
0.6980346 0.2921224 0.009843021 
0.735867 0.2629094 0.00122362 
0.6046462 0.3838879 0.01146588 
0.6568243 0.3430313 0.0001443659 
0.7133059 0.2730837 0.01361034 
0.6700145 0.3271908 0.002794734 
0.7181223 0.2809326 0.0009451779 
0.7461266 0.2517764 0.002096989 
0.6943223 0.3006783 0.004999442 
0.7201469 0.2545453 0.02530784 
0.7225505 0.2727157 0.00473381 
0.6273783 0.3726071 1.459057e-05 
0.6620523 0.3246412 0.01330646 
0.7814607 0.2157374 0.002801843 
0.7305089 0.260835 0.008656057 
0.7488067 0.2428392 0.008354072 
0.738932 0.2553032 0.005764832 
0.734677 0.2545781 0.0107449 
0.670857 0.3250248 0.004118156 
0.7390594 0.2561058 0.004834815 
0.709999 0.2799015 0.01009944 
0.7109926 0.2887269 0.0002804643 
0.6881255 0.3006003 0.01127418 
