p_1 p_2 p_3 p_4 
0.04027702 0.07757468 0.09402834 0.78812 
0.005788819 0.06809774 0.1003349 0.8257785 
0.002976177 0.04295703 0.1118023 0.8422645 
0.004856923 0.0293039 0.1446926 0.8211466 
0.008790282 0.06264832 0.06522467 0.8633367 
0.005106956 0.03131166 0.1847342 0.7788472 
0.007315067 0.04708588 0.1056355 0.8399636 
0.01101139 0.09245614 0.1582385 0.738294 
0.002781777 0.04211962 0.09995154 0.8551471 
0.007193144 0.07052065 0.09769973 0.8245865 
0.01224725 0.04242373 0.134626 0.810703 
0.001949477 0.06735864 0.09870739 0.8319845 
0.02341813 0.05367761 0.1210168 0.8018874 
0.02642033 0.05846922 0.1422009 0.7729095 
0.01473619 0.07439311 0.1162044 0.7946663 
0.002302199 0.01962078 0.2078803 0.7701967 
0.004001667 0.07490417 0.1498925 0.7712017 
0.008951352 0.1045958 0.1141689 0.7722839 
0.01878612 0.04203258 0.1152021 0.8239792 
0.0009478163 0.02922579 0.1752796 0.7945468 
0.01594773 0.04432172 0.1471226 0.792608 
0.04780505 0.1113117 0.1960982 0.6447851 
0.00255148 0.04879094 0.188769 0.7598885 
0.002058952 0.08632209 0.1708354 0.7407836 
0.02741483 0.04809608 0.08010851 0.8443806 
0.003424829 0.06306938 0.1256952 0.8078106 
0.008245927 0.05453736 0.1295323 0.8076844 
0.02384191 0.06679367 0.1485375 0.7608269 
0.003356965 0.02882984 0.1549625 0.8128507 
0.009739193 0.04406936 0.2011684 0.745023 
0.01442936 0.08986576 0.1394167 0.7562882 
0.0004203702 0.01336067 0.1402201 0.8459989 
0.03806148 0.03321494 0.159952 0.7687715 
0.04307345 0.02386845 0.1180055 0.8150526 
0.06325195 0.01328743 0.1231794 0.8002813 
0.08565371 0.002858116 0.1270054 0.7844828 
0.02817462 0.01186517 0.2008491 0.7591111 
0.06424231 0.01086906 0.1107877 0.8141009 
0.1123061 2.809444e-05 0.1326718 0.754994 
0.03971916 0.01875196 0.08081253 0.8607164 
0.03327437 0.01475226 0.1083908 0.8435826 
0.04603343 0.003755687 0.1335758 0.8166351 
0.01022145 0.11784 0.1300449 0.7418936 
0.007899505 0.08870733 0.1232608 0.7801323 
0.01301343 0.06474257 0.1423376 0.7799064 
0.03814383 0.0718262 0.07095957 0.8190704 
0.0211662 0.02631473 0.2211222 0.7313968 
0.003247656 0.05810047 0.117067 0.8215849 
0.0685845 0.06055805 0.1376398 0.7332177 
0.1112573 0.01415442 0.07363694 0.8009513 
0.04971689 0.007024613 0.1379201 0.8053384 
0.003317277 0.03155117 0.1768564 0.7882751 
0.0762731 0.001882772 0.1678777 0.7539664 
0.04532765 0.01439353 0.130203 0.8100758 
0.01094772 0.02316266 0.1677274 0.7981623 
0.01060378 0.1186263 0.1505784 0.7201915 
0.00368336 0.06390465 0.09293401 0.839478 
0.02859461 0.05658034 0.09771885 0.8171062 
0.01242986 0.06136153 0.1454816 0.780727 
0.03058711 0.03643868 0.08105858 0.8519156 
0.004766306 0.03764869 0.158653 0.798932 
0.0004063402 0.05190945 0.1373139 0.8103703 
0.003380524 0.08298232 0.1180003 0.7956368 
0.001737609 0.0558199 0.06266179 0.8797807 
0.0001790927 0.12544 0.1622717 0.7121091 
0.0001219836 0.04114783 0.1599534 0.7987768 
0.03390855 0.05790419 0.1689642 0.7392231 
0.002842036 0.05787935 0.06661261 0.872666 
0.007492143 0.0255352 0.1972248 0.7697479 
0.02442683 0.03394711 0.135037 0.806589 
0.009685746 0.06686622 0.1344979 0.7889501 
0.004529721 0.05405558 0.1290717 0.812343 
0.01694487 0.03912378 0.1098704 0.8340609 
0.01823123 0.0380362 0.1049818 0.8387508 
0.02176057 0.08234842 0.1352454 0.7606456 
0.02522306 0.05705128 0.1448026 0.7729231 
0.004308025 0.07085055 0.1024758 0.8223657 
0.001070524 0.05732191 0.1082658 0.8333417 
0.03192341 0.06162775 0.1293738 0.7770751 
0.0115339 0.06281836 0.09720395 0.8284438 
0.01012879 0.06112108 0.1734255 0.7553246 
0.001455486 0.0454546 0.1662263 0.7868636 
0.02318727 0.07112794 0.1632003 0.7424845 
0.002158993 0.05138108 0.1201017 0.8263582 
0.008979388 0.04950363 0.1103364 0.8311806 
0.03379032 0.1025092 0.09263702 0.7710635 
0.01665328 0.02273737 0.2281454 0.7324639 
0.0003163493 0.05728444 0.1563977 0.7860015 
0.01002039 0.06185682 0.1944178 0.733705 
0.01415486 0.04970078 0.1678145 0.7683298 
0.01249709 0.04171239 0.1910521 0.7547385 
0.007757538 0.06856682 0.07689824 0.8467774 
0.02763234 0.02808839 0.1198048 0.8244745 
0.002851239 0.01969671 0.1103563 0.8670958 
0.01330423 0.09203507 0.1197628 0.7748979 
0.03556643 0.02919811 0.05272946 0.882506 
4.550591e-06 0.0643071 0.1563559 0.7793325 
0.003357712 0.03649042 0.09533096 0.8648209 
0.0006768395 0.05305225 0.1215115 0.8247594 
0.02177229 0.05720125 0.1188899 0.8021366 
0.002622238 0.07441639 0.1543601 0.7686013 
0.02500436 0.04172388 0.1455999 0.7876719 
0.001853735 0.04053908 0.1424744 0.8151328 
0.01402605 0.02462319 0.1543685 0.8069823 
0.004782939 0.01352198 0.1717175 0.8099776 
0.02405544 0.03593361 0.121114 0.818897 
0.01419661 0.05064488 0.1299731 0.8051854 
0.001187918 0.04734111 0.1524068 0.7990642 
0.02106625 0.02477063 0.2147356 0.7394275 
0.00881699 0.01941426 0.07788333 0.8938854 
0.003033564 0.04374159 0.1547505 0.7984744 
0.02633597 0.07097242 0.1061802 0.7965114 
0.003491371 0.08516088 0.1055458 0.805802 
0.01888824 0.0561292 0.1202076 0.8047749 
0.0348622 0.1023491 0.1642061 0.6985826 
0.01769591 0.1138411 0.1412528 0.7272102 
0.01264064 0.03318063 0.09666956 0.8575092 
0.001608159 0.05507664 0.1561283 0.7871869 
0.003890426 0.0531771 0.1713922 0.7715403 
0.007149225 0.0395052 0.1532613 0.8000843 
0.02203397 0.02945692 0.1692525 0.7792567 
0.01395408 0.06666226 0.09530759 0.8240761 
0.003972065 0.07223968 0.1713405 0.7524478 
0.001711395 0.08957751 0.1308062 0.7779049 
0.004537869 0.06921623 0.1489026 0.7773433 
0.0111061 0.05281271 0.1368838 0.7991974 
0.004099188 0.03185202 0.102798 0.8612507 
0.1309196 0.1117069 0.003408659 0.7539649 
0.1348283 0.0741882 0.0008760602 0.7901074 
0.1365222 0.07021875 0.01674127 0.7765178 
0.1042048 0.06530747 0.01168028 0.8188075 
0.1296082 0.04022584 0.0264964 0.8036696 
0.1190411 0.0003696757 0.0807953 0.7997939 
0.09198887 0.00364125 0.08526969 0.8191002 
0.1963286 0.007912051 0.09058496 0.7051743 
0.1012776 0.0004478302 0.05530569 0.8429689 
0.1850407 0.005199355 0.07031572 0.7394443 
0.155142 0.02950127 0.03720931 0.7781474 
0.143345 0.003240753 0.1029722 0.7504421 
0.1610474 0.007591338 0.05157446 0.7797868 
0.1478141 0.01249722 0.01776052 0.8219281 
0.1103722 0.002430098 0.07634397 0.8108537 
0.129083 0.008415495 0.06926187 0.7932397 
0.1826583 0.003431104 0.05216001 0.7617506 
0.1667176 0.005637181 0.02453289 0.8031123 
0.1175813 0.002043101 0.05550083 0.8248748 
0.1389111 0.01401231 0.06645903 0.7806176 
0.07493629 0.01078809 0.02770824 0.8865674 
0.105968 0.00429313 0.07257339 0.8171655 
0.1417478 0.01486559 0.03806857 0.8053181 
0.1411224 0.009356211 0.06837922 0.7811421 
0.12084 0.00025485 0.1237573 0.7551478 
0.1919568 0.01793167 0.1122971 0.6778144 
0.1279705 0.0310504 0.08248849 0.7584906 
0.07195782 0.05037196 0.09447602 0.7831942 
0.08005495 0.03731306 0.07224262 0.8103894 
0.1233578 0.0009185952 0.1294927 0.746231 
0.2296854 0.00855815 0.05973696 0.7020195 
0.1797986 0.01636943 0.07309471 0.7307373 
0.1313248 0.009549178 0.01975075 0.8393752 
0.18298 0.007897518 0.0421134 0.7670091 
0.1006792 0.0004489418 0.0336906 0.8651812 
0.1625292 0.00202805 0.05007651 0.7853662 
0.0611841 0.02698844 0.03379987 0.8780276 
0.1233945 0.007717782 0.04430162 0.8245861 
0.1339405 0.007149828 0.09104018 0.7678695 
0.2397211 0.00431215 0.07796811 0.6779986 
0.08792392 0.0005200218 0.09348846 0.8180676 
0.08600046 0.03877227 0.02397626 0.851251 
0.1280798 0.04748259 0.008154947 0.8162827 
0.158879 0.1188835 0.01046291 0.7117747 
0.1119315 0.0515622 0.002688911 0.8338174 
0.1220287 0.0444261 0.05447761 0.7790676 
0.0968067 0.005135711 0.08826451 0.8097931 
0.07581745 0.09020373 0.0167129 0.8172659 
0.1169604 0.0118482 0.09464723 0.7765441 
0.07898896 0.01357156 0.06389529 0.8435442 
0.1390009 0.05630921 0.04487505 0.7598149 
0.08981111 0.0003661024 0.02423681 0.885586 
0.06660276 0.02881337 0.05787723 0.8467066 
0.1527302 0.04448748 0.08873176 0.7140505 
0.140467 0.02502581 0.07191059 0.7625966 
0.1300638 0.004539439 0.05413356 0.8112632 
0.1708539 0.00343232 0.07078975 0.754924 
0.09248817 0.06391084 0.00522109 0.8383799 
0.07972331 0.03065113 0.1085252 0.7811004 
0.1026104 0.00221008 0.07887576 0.8163037 
0.1677691 0.0003682799 0.07307688 0.7587858 
0.2276501 0.001808249 0.04288516 0.7276565 
0.08191659 0.002484239 0.07814118 0.837458 
0.09356759 0.01059618 0.08663951 0.8091967 
0.08641359 0.001795128 0.1440543 0.767737 
0.1386545 0.02594124 0.07255363 0.7628507 
0.1419122 0.01628636 0.0545309 0.7872705 
0.1303053 0.03007551 0.03606194 0.8035572 
0.09513062 0.02169045 0.03275781 0.8504211 
0.1752049 0.001833906 0.07227291 0.7506882 
0.1422107 0.03027182 0.05100667 0.7765108 
0.0973999 0.007570114 0.04956111 0.8454689 
0.115973 0.02650016 0.0770039 0.7805229 
0.2041132 0.0006543409 0.05391014 0.7413223 
0.1869869 0.009419969 0.0503086 0.7532845 
0.1315841 0.04908142 0.01326324 0.8060712 
0.1980929 0.03054318 0.0505821 0.7207818 
0.1098682 0.05725702 0.01321358 0.8196612 
0.08542765 0.06990479 0.006976424 0.8376911 
0.1017489 0.07826054 0.003877114 0.8161134 
0.1088491 0.03453966 0.03823302 0.8183782 
0.1514395 0.03057709 0.05110019 0.7668833 
0.1846926 0.1008805 0.002824756 0.7116021 
0.1549011 0.03769634 0.001258031 0.8061445 
0.07180739 0.02690518 0.01116509 0.8901223 
0.1861112 0.03700237 0.01894142 0.757945 
0.1138066 0.0393566 0.02389634 0.8229404 
0.1010008 0.09817725 0.0115969 0.7892251 
0.08783834 0.01746944 0.005594222 0.889098 
0.1079698 0.05062519 0.004156198 0.8372488 
0.1286037 0.02440792 0.003875757 0.8431126 
0.09295383 0.06443861 0.04001974 0.8025878 
0.2273446 0.03200666 0.003580364 0.7370683 
0.1016494 0.03104445 0.01468013 0.8526261 
0.1894341 0.06139599 0.004328038 0.7448419 
0.1493207 0.07056047 9.401387e-05 0.7800248 
0.1288585 0.0237637 0.003700275 0.8436775 
0.1173171 0.02211459 0.04584405 0.8147243 
0.003482555 0.06363978 0.1411722 0.7917054 
0.001376417 0.01766905 0.2043386 0.7766159 
0.1014013 0.05892144 0.01619507 0.8234822 
0.1162128 0.0300305 0.01524082 0.8385159 
0.1752379 0.03371535 0.05080923 0.7402375 
0.1426779 0.06503268 0.001782175 0.7905073 
0.1447203 0.06880287 0.01896546 0.7675114 
0.1078698 0.06247232 0.01129203 0.8183659 
0.08788794 0.09855662 0.01795984 0.7955956 
0.1051453 0.04039015 0.03560321 0.8188614 
0.1430294 0.06553341 0.01850734 0.7729299 
0.1325734 0.04586675 0.02003057 0.8015293 
0.0733132 0.06486118 0.0286189 0.8332067 
0.09297952 0.05867399 0.01195402 0.8363925 
0.199644 0.02877892 0.003601879 0.7679752 
0.01623666 0.07185311 0.1383537 0.7735565 
0.01074129 0.1049334 0.1291701 0.7551552 
0.03134363 0.06074049 0.1614677 0.7464481 
0.003806871 0.01223868 0.1426044 0.8413501 
0.004438616 0.06959826 0.1313761 0.794587 
0.004892086 0.03040379 0.1974568 0.7672473 
0.0242138 0.09359456 0.1280734 0.7541182 
0.009855905 0.04416447 0.1770896 0.76889 
0.0005050123 0.03573425 0.1873135 0.7764472 
0.01973437 0.05396503 0.1308847 0.7954159 
0.01358385 0.07839842 0.1515178 0.7564999 
0.01027782 0.03975 0.1812063 0.7687659 
0.002823591 0.04077509 0.1092776 0.8471237 
0.02725779 0.09820796 0.1555647 0.7189695 
0.01176455 0.09517806 0.0867549 0.8063025 
0.01705923 0.05105796 0.1628379 0.7690449 
0.01983019 0.0481635 0.1172812 0.8147252 
0.001623724 0.1034504 0.1038091 0.7911167 
0.0006761172 0.04900918 0.1749998 0.7753149 
0.005958229 0.04875356 0.1359415 0.8093467 
0.003137765 0.06402429 0.1113766 0.8214613 
0.03488047 0.08004716 0.1322834 0.7527889 
0.002987268 0.02810071 0.2413275 0.7275845 
0.02454907 0.07642129 0.09488418 0.8041455 
0.01880776 0.03826158 0.1416313 0.8012993 
0.04751753 0.05899445 0.1289731 0.7645149 
0.05610808 0.06860183 0.1309037 0.7443864 
0.008940135 0.04209512 0.163573 0.7853917 
0.01337556 0.07725749 0.1388824 0.7704845 
0.001530353 0.0994666 0.1124294 0.7865737 
0.01881271 0.04671582 0.1255496 0.8089218 
0.1438969 0.01368144 0.05401467 0.788407 
0.03599696 0.003048889 0.1469045 0.8140497 
0.04559874 0.006089878 0.1238969 0.8244145 
0.06468766 0.006028559 0.07078372 0.8585001 
0.06459309 0.00877396 0.1201808 0.8064522 
0.121403 0.007305054 0.07943488 0.7918571 
0.01234547 0.001232662 0.1547145 0.8317073 
0.04353856 0.0049175 0.144477 0.8070669 
0.04994922 0.006823744 0.1284901 0.8147369 
0.07682309 0.03091636 0.1277378 0.7645228 
0.07177474 0.03739936 0.1197564 0.7710695 
0.04922478 0.06188486 0.06885393 0.8200364 
0.09566441 0.05790046 0.08286105 0.7635741 
0.04158605 0.01022203 0.08796676 0.8602252 
0.05196095 0.008600145 0.1167196 0.8227194 
0.08709992 0.00594161 0.09601944 0.810939 
0.05484229 0.001091629 0.1006296 0.8434365 
0.1185756 0.01258278 0.06571945 0.8031222 
0.04738736 0.02125196 0.08933558 0.8420251 
0.0918014 0.02667318 0.1188008 0.7627246 
0.05167657 0.01010498 0.1282109 0.8100075 
0.09021802 0.01227168 0.1142638 0.7832465 
0.03209447 0.0007629612 0.112018 0.8551245 
0.05766977 0.002194083 0.0804706 0.8596655 
0.07070646 0.001127239 0.1389817 0.7891846 
0.06509924 0.08462251 0.01008833 0.8401899 
0.0416338 0.1188254 0.01856442 0.8209763 
0.02684852 0.1446342 0.03482422 0.793693 
0.04518299 0.1422941 0.03232701 0.7801959 
0.04405107 0.1078431 0.0003319777 0.8477739 
0.06592425 0.132001 0.01793832 0.7841365 
0.1054435 0.1691279 0.0462279 0.6792008 
0.04329975 0.1365674 0.006162684 0.8139702 
0.05615781 0.1600313 0.01258543 0.7712255 
0.06175563 0.1508178 0.01017347 0.7772531 
0.04771292 0.171207 0.01147142 0.7696087 
0.1047506 0.1481065 0.004866285 0.7422766 
0.1001026 0.110675 0.0272505 0.761972 
0.05967517 0.08992935 0.009995272 0.8404002 
0.0609401 0.09506497 0.01782284 0.8261721 
0.1177076 0.1944076 0.01405654 0.6738282 
0.09036552 0.1138189 0.00280847 0.7930071 
0.07051056 0.09173077 0.01303085 0.8247278 
0.03516706 0.09835824 0.002768987 0.8637057 
0.1010144 0.1637134 0.003272637 0.7319996 
0.07557219 0.105799 0.002543107 0.8160857 
0.06138883 0.09537594 0.005284309 0.8379509 
0.06297929 0.1608807 0.01229626 0.7638437 
0.07244477 0.1321893 0.002616763 0.7927492 
0.03542187 0.1748534 0.004216944 0.7855078 
0.06086692 0.2035294 0.03079574 0.7048079 
0.04184507 0.1441638 0.02628512 0.787706 
0.08467237 0.1493838 0.007831246 0.7581126 
0.0266946 0.150472 0.01884169 0.8039917 
0.08134555 0.1213405 0.003639224 0.7936747 
0.04977904 0.1229411 0.03486158 0.7924183 
0.05801083 0.1380765 0.04186261 0.7620501 
0.02104672 0.1817215 0.05373725 0.7434945 
0.01114345 0.06036808 0.03772162 0.8907669 
0.01314986 0.08967499 0.09522545 0.8019497 
0.02549995 0.09205775 0.09069372 0.7917486 
0.01313675 0.1525841 0.03293541 0.8013437 
0.00800977 0.1284979 0.02879685 0.8346955 
0.001426223 0.1312402 0.04152708 0.8258065 
0.008062421 0.08745154 0.06549132 0.8389947 
0.0002185388 0.1406532 0.02951671 0.8296116 
0.0264249 0.1699108 0.05492206 0.7487423 
0.00298519 0.09559132 0.1147888 0.7866347 
0.003256412 0.1143615 0.06352376 0.8188584 
0.002247195 0.09492451 0.1023283 0.8005 
0.005344479 0.1528799 0.06307239 0.7787032 
0.01374092 0.2003288 0.0457598 0.7401705 
0.009111455 0.1510521 0.06850657 0.7713298 
0.003594111 0.1515011 0.03160461 0.8133001 
0.01582729 0.09811298 0.0256467 0.860413 
0.005592261 0.1637458 0.07906963 0.7515923 
0.003434149 0.2203648 0.09056474 0.6856363 
0.09920771 0.1478992 0.005386626 0.7475065 
0.05237169 0.1341988 0.008426011 0.8050035 
0.05817336 0.1144923 0.009616212 0.8177181 
0.03084087 0.1542371 0.006757044 0.808165 
0.1097002 0.06512276 0.02131309 0.8038639 
0.05371388 0.1222169 0.01151969 0.8125495 
0.08698845 0.1203733 0.04772702 0.7449112 
0.04939207 0.09231317 0.01017676 0.848118 
0.04634172 0.1043107 0.0278018 0.8215458 
0.05246326 0.1360064 0.01094427 0.800586 
0.08268687 0.1516136 0.0241103 0.7415893 
0.06027602 0.1357964 0.02893063 0.7749969 
0.09310908 0.1150764 0.008300616 0.7835139 
0.06123058 0.1548613 0.01298308 0.7709251 
0.03103601 0.1475704 0.004550246 0.8168433 
0.02878874 0.005461925 0.1215212 0.8442281 
0.0903727 0.006965557 0.1659958 0.7366659 
0.06699721 0.006754575 0.07610434 0.8501439 
0.04553545 0.01497099 0.09603714 0.8434564 
0.05779725 0.006843989 0.1467005 0.7886583 
0.04415599 0.003432019 0.1259362 0.8264758 
0.08475543 0.009164014 0.1283234 0.7777571 
0.02649136 0.009160609 0.1371029 0.8272452 
0.1075596 0.04713249 0.08062397 0.7646839 
0.05305402 0.002602554 0.1195854 0.824758 
0.1165278 0.04553325 0.1617535 0.6761854 
0.02014977 0.06172905 0.1716489 0.7464723 
0.05527168 0.01296549 0.1410417 0.7907212 
0.05301266 0.002290694 0.1167739 0.8279227 
0.04243104 0.003377049 0.1920869 0.762105 
0.04531604 0.0331726 0.1911042 0.7304072 
0.04416578 0.0002254503 0.1079218 0.8476869 
0.09623139 0.03336039 0.06826561 0.8021426 
0.09096815 0.005464985 0.1165421 0.7870248 
0.05674836 0.007917191 0.1268469 0.8084876 
0.08033163 0.05406 0.122913 0.7426954 
0.0429369 0.008697155 0.1432588 0.8051071 
0.05615426 0.0752254 0.1210242 0.7475961 
0.002446486 0.07914363 0.1054586 0.8129513 
0.001643436 0.06760213 0.1214345 0.8093199 
0.1399962 0.07268956 0.0202033 0.7671109 
0.09737607 0.01930171 0.02041917 0.862903 
0.1188639 0.04803639 0.004972981 0.8281267 
0.1196649 0.04800289 0.005916621 0.8264156 
0.1439793 0.02442762 0.005541865 0.8260512 
0.1312641 0.03985974 0.006759273 0.8221168 
0.152089 0.08282088 0.01460746 0.7504827 
0.1104164 0.0648598 0.02242829 0.8022955 
0.08700635 0.06382798 0.01566082 0.8335048 
0.1439072 0.0523424 0.003161144 0.8005893 
0.1666561 0.05631831 0.01024857 0.7667771 
0.1486666 0.05594275 0.00272965 0.792661 
0.1261418 0.107806 0.0005970611 0.7654552 
0.1173027 0.05372171 0.0004919232 0.8284837 
0.1513632 0.0286137 0.006517674 0.8135055 
0.172693 0.04495801 0.002073554 0.7802754 
0.1475001 0.03367621 0.002887129 0.8159366 
0.1615335 0.03236525 0.008075401 0.7980259 
0.1202554 0.04356614 0.02029805 0.8158804 
0.1132119 0.03991656 0.0875781 0.7592935 
0.09538527 0.03532451 0.006223705 0.8630665 
0.1276318 0.02981212 0.01788033 0.8246758 
0.1126809 0.03749238 0.06590756 0.7839192 
0.1176125 0.04119778 0.001971325 0.8392184 
0.1274675 0.001959578 0.05765234 0.8129205 
0.07184761 0.1044216 0.0007091853 0.8230216 
0.04459627 0.07820148 0.0337441 0.8434582 
0.172713 0.04624888 0.006484821 0.7745533 
0.1171289 0.03404282 0.01957795 0.8292504 
0.116856 0.07921707 0.0143356 0.7895914 
0.170428 0.04648901 0.00847083 0.7746122 
0.1172204 0.04706836 0.0004675887 0.8352436 
0.06323347 0.1298759 0.01862779 0.7882628 
0.1288282 0.03064084 0.008601209 0.8319298 
0.1670216 0.05504873 0.009243001 0.7686867 
0.1461071 0.02492904 0.01074544 0.8182185 
0.1396953 0.02226524 0.03492874 0.8031107 
0.1618157 0.03133767 0.0138952 0.7929515 
0.09297927 0.07711107 0.005492834 0.8244168 
0.1001057 0.1009263 0.005860021 0.793108 
0.1472204 0.05288727 0.0315592 0.7683331 
0.2000084 0.04220351 0.03800545 0.7197827 
0.1240337 0.04547499 0.01377794 0.8167134 
0.07803204 0.04495637 0.03539328 0.8416183 
0.1009636 0.07672042 0.03651013 0.7858058 
0.1455119 0.03015921 0.007134991 0.8171939 
0.1146239 0.01947846 0.1231246 0.742773 
0.06786756 0.005152861 0.1958574 0.7311222 
0.07363213 0.08389789 0.01025499 0.832215 
0.1337703 0.02027564 0.03950714 0.8064469 
0.1461266 0.07598473 0.03654427 0.7413444 
0.1013907 0.07934483 0.0220719 0.7971925 
0.1357877 0.1106891 0.01505788 0.7384653 
0.1515877 0.08204903 0.02119456 0.7451687 
0.03326344 0.06736038 0.1472951 0.752081 
0.06978763 0.06457247 0.03286026 0.8327796 
0.0858514 0.08911545 0.006021095 0.8190121 
0.1440388 0.0600455 0.006363275 0.7895524 
0.09227952 0.01104559 0.05797408 0.8387008 
0.08300746 0.01625795 0.03263261 0.868102 
0.1278163 0.01463551 0.04976758 0.8077806 
0.09684299 0.01902703 0.04089202 0.843238 
0.1194765 0.007376685 0.07055798 0.8025888 
0.138756 0.02677384 0.05257394 0.7818962 
0.1580199 0.07303534 0.03614201 0.7328027 
0.10348 0.03679807 0.06270583 0.7970161 
0.1902993 0.00421993 0.04557844 0.7599023 
0.1126887 0.01255781 0.06132372 0.8134297 
0.08779889 0.0181469 0.06793327 0.8261209 
0.1314936 0.00871006 0.06685908 0.7929373 
0.1425606 0.01072848 0.0535999 0.793111 
0.1158434 0.004014676 0.05160183 0.8285401 
0.1206117 0.007410812 0.0401735 0.831804 
0.1511769 0.001848428 0.09391421 0.7530604 
0.08988592 0.01268551 0.0479107 0.8495179 
0.14348 0.002956325 0.1015354 0.7520283 
0.08904751 0.0005065171 0.06532851 0.8451175 
0.1794022 0.003759997 0.06584955 0.7509883 
0.1052738 0.004341813 0.1145124 0.775872 
0.1309566 0.005901623 0.05142388 0.8117179 
0.1187702 0.006608771 0.06829126 0.8063298 
0.1365003 0.04810149 0.03964991 0.7757483 
0.1522794 0.005655998 0.04476869 0.7972959 
0.09531016 0.01067526 0.07045983 0.8235547 
0.08808768 0.01778477 0.0985499 0.7955777 
0.1573983 0.003911837 0.03602467 0.8026652 
0.1287915 0.01946335 0.08140641 0.7703387 
0.003070885 0.09015982 0.09561112 0.8111582 
0.02133151 0.1338695 0.08314539 0.7616536 
0.00159272 0.1472108 0.05123566 0.7999608 
0.01124845 0.07156317 0.101752 0.8154363 
0.02529065 0.120753 0.0435458 0.8104106 
0.02092819 0.196795 0.03836723 0.7439096 
0.006462788 0.1437255 0.1024227 0.7473889 
0.006209379 0.06685085 0.05794783 0.8689919 
0.03062305 0.08991582 0.07515838 0.8043028 
0.01021931 0.0833863 0.06660887 0.8397855 
0.0305265 0.07906649 0.09175484 0.7986522 
0.008181526 0.227696 0.04652133 0.7176011 
0.02971155 0.1126233 0.05667137 0.8009938 
0.03593817 0.1327974 0.05682582 0.7744386 
0.006409035 0.1169868 0.07058961 0.8060146 
0.002444378 0.1236875 0.02704515 0.846823 
0.001804193 0.1732956 0.04179071 0.7831095 
0.013835 0.1816913 0.002936154 0.8015375 
0.006634821 0.2047013 0.01192809 0.7767358 
0.008425502 0.1456384 0.004380568 0.8415555 
0.03316729 0.1542299 0.01965499 0.7929479 
0.009430932 0.1490722 0.03953795 0.8019589 
0.001890318 0.1083207 0.07538502 0.814404 
0.01365258 0.1070705 0.04827761 0.8309993 
0.02363509 0.176484 0.04875578 0.7511252 
0.03874955 0.04475754 0.05048862 0.8660043 
0.007749331 0.1634952 0.03661702 0.7921385 
0.01118479 0.122365 0.04685593 0.8195942 
9.876026e-05 0.1146538 0.04382659 0.8414208 
0.02878541 0.1002832 0.06833871 0.8025927 
0.05190891 0.1569682 0.05325685 0.737866 
0.002306053 0.1410897 0.04247814 0.8141261 
0.009250636 0.1946355 0.02409379 0.7720201 
0.004096335 0.166495 0.1138563 0.7155524 
0.02665457 0.193922 0.04887417 0.7305493 
0.02434043 0.144738 0.04849873 0.7824228 
0.002450563 0.1316556 0.07018885 0.795705 
0.008670996 0.1084193 0.03304955 0.8498602 
0.0006938355 0.1675893 0.03998123 0.7917356 
0.01170245 0.1384888 0.04599742 0.8038114 
0.01579625 0.154497 0.04642872 0.783278 
0.01336295 0.1721872 0.04801073 0.7664392 
0.03938045 0.1205477 0.06295348 0.7771183 
0.01487724 0.13101 0.03939048 0.8147223 
0.007861321 0.1203886 0.08958013 0.7821699 
0.006756789 0.1593699 0.0547822 0.7790911 
0.0177092 0.07641313 0.06902948 0.8368482 
0.02592148 0.1213925 0.03551392 0.8171721 
0.000889212 0.1014143 0.07538583 0.8223106 
0.003426883 0.09971339 0.04826854 0.8485912 
0.003510552 0.13037 0.07679519 0.7893243 
0.01308589 0.1182389 0.01937223 0.849303 
0.01290939 0.1030289 0.05669068 0.8273711 
0.01143229 0.1537925 0.02936211 0.8054131 
0.00451621 0.09625236 0.06111232 0.8381191 
0.0285031 0.1203841 0.0240072 0.8271056 
0.001352447 0.1201357 0.1388748 0.739637 
0.002354908 0.1331159 0.05364193 0.8108873 
0.009446101 0.1260699 0.0240712 0.8404128 
0.004570333 0.131957 0.03286896 0.8306037 
0.03547651 0.1337822 0.02923118 0.8015101 
0.01061931 0.1396781 0.03420056 0.815502 
0.01659334 0.1031077 0.04173721 0.8385617 
0.01235343 0.1154976 0.04330547 0.8288435 
0.01378669 0.1799105 0.04643024 0.7598725 
0.006142331 0.1445709 0.04285174 0.806435 
0.01137199 0.08484754 0.03295306 0.8708274 
0.001062165 0.106291 0.0810138 0.811633 
0.03302691 0.1289586 0.06949788 0.7685166 
0.01303007 0.1106994 0.0904726 0.7857979 
0.007719148 0.1478415 0.1117227 0.7327167 
0.01417906 0.1094632 0.04489825 0.8314594 
0.007688838 0.1495872 0.03812044 0.8046035 
0.01236146 0.1197539 0.0470009 0.8208837 
0.0120849 0.08043281 0.08767627 0.819806 
0.003547005 0.1878719 0.05520423 0.7533769 
0.02473277 0.1170191 0.05991139 0.7983368 
0.009532233 0.1318416 0.09175572 0.7668705 
0.02022392 0.120714 0.07686763 0.7821945 
0.00570716 0.152973 0.05095785 0.790362 
0.004550154 0.1063649 0.08600771 0.8030772 
0.003893351 0.09929918 0.1093192 0.7874882 
0.004362902 0.1257032 0.08204641 0.7878875 
0.109325 0.04096016 0.05052239 0.7991925 
0.1281364 0.01458917 0.04946693 0.8078075 
0.09323075 0.01631849 0.07625881 0.8141919 
0.09917641 0.002009284 0.04976083 0.8490535 
0.1260981 0.0004311292 0.04415451 0.8293163 
0.1064047 0.009680754 0.07546013 0.8084544 
0.162286 0.00478494 0.05591534 0.7770137 
0.1342446 0.04420811 0.0643237 0.7572236 
0.1407465 0.001099642 0.03299378 0.82516 
0.1541259 0.005018605 0.0617877 0.7790678 
0.1330392 0.006812667 0.02345474 0.8366934 
0.09276925 0.0009146409 0.06149193 0.8448242 
0.1907857 0.01631419 0.0640028 0.7288973 
0.1334486 0.007215241 0.1167025 0.7426336 
0.1613944 0.02032584 0.05943041 0.7588494 
0.1418367 0.006616975 0.1114109 0.7401355 
0.1637672 0.01283311 0.04662487 0.7767748 
0.09890551 0.07755973 0.1027581 0.7207766 
0.03352417 0.1215968 0.05450528 0.7903737 
0.02821611 0.1106365 0.02700852 0.8341389 
0.1407902 0.08670651 0.002427259 0.770076 
0.1151169 0.0844533 0.05278281 0.747647 
0.03875996 0.1515603 0.01980236 0.7898774 
0.04884439 0.1242768 0.004567767 0.822311 
0.004266562 0.2169374 0.02299828 0.7557978 
0.01206269 0.2485493 7.691554e-06 0.7393803 
0.004250756 0.1628219 0.02770723 0.8052201 
0.01920636 0.1350472 0.0330301 0.8127164 
0.03787029 0.1788902 0.02311827 0.7601212 
0.04615498 0.2334494 0.01462584 0.7057698 
0.08193586 0.09441821 0.006251586 0.8173943 
0.04289116 0.1409165 0.01669895 0.7994934 
0.0684478 0.1197984 0.02866472 0.7830891 
0.0584347 0.09678043 0.004203646 0.8405812 
0.06679318 0.1570235 0.0006197114 0.7755636 
0.04400748 0.1762321 0.08993052 0.6898299 
0.02641837 0.148799 0.007757253 0.8170254 
0.06504001 0.1516048 0.008895029 0.7744602 
0.05906529 0.1558065 0.0006756948 0.7844525 
0.04241599 0.1243127 0.03846997 0.7948013 
0.04373028 0.1320516 0.002468432 0.8217497 
0.04267767 0.1968176 0.0035398 0.756965 
0.1067668 0.1479486 0.01365405 0.7316305 
0.04236778 0.1581835 0.001670187 0.7977786 
0.05371353 0.1119369 0.02975624 0.8045934 
0.05455935 0.1450002 0.006971935 0.7934685 
0.04179527 0.2048213 0.002524357 0.7508591 
0.05370498 0.1101715 0.005618866 0.8305047 
0.03726334 0.1217658 0.005877678 0.8350932 
0.06568626 0.1383005 0.03347565 0.7625376 
0.07363548 0.1194679 0.0009330108 0.8059636 
0.052857 0.1326068 0.008476467 0.8060597 
0.1130836 0.06165348 0.05295897 0.7723039 
0.006195191 0.08504243 0.09971801 0.8090444 
1.500114e-05 0.1582545 0.09954615 0.7421843 
0.03266822 0.1512141 0.03768808 0.7784296 
0.0155619 0.1088714 0.04902911 0.8265375 
0.0003365696 0.1422002 0.02620901 0.8312542 
0.01314163 0.1481667 0.06499607 0.7736956 
0.003492668 0.1308325 0.07384405 0.7918308 
0.04090651 0.1083313 0.003531698 0.8472305 
0.06190164 0.1668722 0.02328759 0.7479386 
0.05711875 0.1131125 0.001167127 0.8286016 
0.07454385 0.09075408 0.008175195 0.8265269 
0.08372158 0.1495106 0.007697315 0.7590705 
0.07298014 0.1351067 0.02602956 0.7658836 
0.0606767 0.166593 0.03546982 0.7372604 
0.06282432 0.2000701 0.02385377 0.7132518 
0.08411943 0.09055488 0.004326003 0.8209997 
0.03674923 0.1321063 0.01867767 0.8124668 
0.03620705 0.1085362 0.003974874 0.8512819 
0.06910148 0.1749268 0.005700589 0.7502711 
0.04543298 0.1441283 0.02007815 0.7903605 
0.03680543 0.09145316 0.04565835 0.8260831 
0.0497468 0.1051088 0.004143327 0.8410011 
0.06416073 0.1184261 0.02420738 0.7932057 
0.08132117 0.1323274 0.005505981 0.7808454 
0.06274438 0.1011836 0.01287645 0.8231956 
0.05039398 0.2179103 0.01144904 0.7202466 
0.07136299 0.1341623 0.02311289 0.7713618 
0.06989666 0.1510963 0.02234641 0.7566606 
0.02832767 0.1460164 0.005687369 0.8199686 
0.04818165 0.149901 0.0051513 0.7967661 
0.06098219 0.1755398 0.009640284 0.7538377 
0.06250256 0.1713945 0.008320836 0.7577821 
0.07506464 0.1272051 0.004878757 0.7928515 
0.09472676 0.09387123 0.0626577 0.7487443 
0.02764671 0.03094051 0.09124939 0.8501634 
0.09484078 0.05538621 0.1257087 0.7240643 
0.1011463 0.02960216 0.09523018 0.7740213 
0.05656592 0.02164734 0.1379079 0.7838788 
0.02274464 0.02675587 0.1636862 0.7868133 
0.03499052 0.01416096 0.1663273 0.7845212 
0.04580885 0.007093021 0.1267257 0.8203725 
0.04491651 0.01622409 0.1252668 0.8135926 
0.04162293 0.005311186 0.1081411 0.8449248 
0.03765854 0.004594472 0.2017799 0.7559671 
0.04810364 0.004810179 0.1578457 0.7892405 
0.1108883 0.003442458 0.1243148 0.7613544 
0.04500803 0.0257287 0.09891427 0.830349 
0.02290546 0.05213023 0.1750747 0.7498896 
0.07853423 0.02965468 0.1002425 0.7915685 
0.03819797 0.04168503 0.1792519 0.7408651 
0.08249269 0.002284635 0.1259358 0.7892869 
0.07898262 0.01175048 0.1352689 0.773998 
0.06638722 0.01053431 0.1241457 0.7989327 
0.08724109 0.0004019792 0.1350253 0.7773317 
0.0853693 0.03011658 0.118381 0.7661331 
0.05827163 0.01160948 0.1013179 0.8288009 
0.07905984 0.003098008 0.1103373 0.8075048 
0.07484972 0.01332384 0.1176132 0.7942132 
0.10965 0.008855346 0.1708497 0.7106449 
0.04724967 0.006937972 0.1456873 0.800125 
0.08338982 0.006535943 0.1106829 0.7993914 
0.06842795 0.01314928 0.1452901 0.7731327 
0.06440913 0.02332126 0.04809356 0.864176 
0.06029942 0.01394349 0.1839161 0.741841 
0.06125888 0.002389981 0.1014091 0.834942 
0.04122851 0.0006659519 0.1974945 0.7606111 
0.06041692 0.002870938 0.2337851 0.7029271 
0.07226083 0.006729095 0.1527089 0.7683012 
0.0757366 0.007437527 0.09359738 0.8232285 
0.0592704 0.006045273 0.1206705 0.8140138 
0.06370798 7.780884e-05 0.2192659 0.7169483 
0.08383042 0.002305634 0.1278303 0.7860337 
0.05596683 0.0003948864 0.1600589 0.7835793 
0.03566019 0.00858903 0.1131759 0.8425748 
0.06430578 0.008572066 0.1214098 0.8057124 
0.08818368 0.0005401011 0.09338716 0.8178891 
0.03876952 0.01153816 0.1092548 0.8404376 
0.03870631 0.02465639 0.1018263 0.834811 
0.05396097 0.009299571 0.06294186 0.8737976 
0.03952669 0.001709932 0.1561321 0.8026312 
0.06509499 0.004073254 0.1649186 0.7659132 
0.08844799 0.002629414 0.1288957 0.7800269 
0.06889882 0.01218559 0.09136034 0.8275552 
0.07492342 0.008309395 0.07183358 0.8449336 
0.07010923 0.00466252 0.09575278 0.8294755 
0.06299067 0.008788574 0.1633474 0.7648733 
0.04844302 0.004457978 0.1114826 0.8356164 
0.04802718 0.05359179 0.1542103 0.7441707 
0.04345457 0.02761507 0.1006775 0.8282528 
0.05896693 0.01078355 0.1230283 0.8072212 
0.1029307 0.0001490832 0.1268351 0.7700851 
0.002601812 0.05171271 0.1581335 0.787552 
0.006736462 0.07049881 0.1848982 0.7378666 
0.04371953 0.03809782 0.1446026 0.7735801 
0.01023536 0.09612652 0.1086742 0.784964 
0.02581018 0.1376266 0.07924254 0.7573206 
0.002929826 0.03296533 0.1727724 0.7913324 
0.00895202 0.06635367 0.1432071 0.7814872 
0.1395278 0.05294775 0.0181497 0.7893748 
0.1150439 0.0545554 0.01137369 0.819027 
0.1192868 0.1061892 0.01157229 0.7629518 
0.1211664 0.1346199 0.01584654 0.7283671 
0.1038843 0.0506579 0.002859804 0.842598 
0.157407 0.0610739 0.02160594 0.7599132 
0.0992124 0.04048392 0.0187151 0.8415886 
0.1058694 0.06591477 0.01341162 0.8148042 
0.1398206 0.06576746 0.001152374 0.7932595 
0.1367475 0.09377652 0.01738683 0.7520891 
0.1430165 0.07234812 0.00463161 0.7800038 
0.1120283 0.06326663 0.01428953 0.8104155 
0.1442069 0.03796417 0.003261024 0.8145679 
0.08757031 0.1005878 0.007489203 0.8043527 
0.09298225 0.09736146 0.007197449 0.8024588 
0.1769534 0.02536122 0.01901853 0.7786668 
0.1955533 0.03944693 0.002166455 0.7628333 
0.08815935 0.0691749 0.0114372 0.8312286 
0.1511434 0.0419249 0.004646457 0.8022852 
0.1387644 0.0008089543 0.0756715 0.7847552 
0.1348752 0.01108033 0.04460761 0.8094369 
0.07193479 0.001609345 0.09339438 0.8330615 
0.05925255 0.01123453 0.06693878 0.8625741 
0.1305006 0.002253889 0.06113336 0.8061121 
0.1387915 0.008164611 0.04304477 0.8099991 
0.1605063 0.03916754 0.0571755 0.7431506 
0.09700062 0.01644709 0.0493365 0.8372158 
0.1335581 0.007939574 0.08007672 0.7784256 
0.005461792 0.1316728 0.06333632 0.7995291 
0.0184069 0.2344238 0.06118958 0.6859797 
0.02531768 0.1142581 0.06594092 0.7944833 
0.01922668 0.06908441 0.04054705 0.8711419 
0.008559361 0.1210097 0.05074738 0.8196836 
0.008104351 0.1607125 0.04622663 0.7849565 
0.003539291 0.2006736 0.01689493 0.7788922 
0.06139378 0.08098429 0.01437509 0.8432468 
0.05061686 0.1179002 0.02996258 0.8015203 
0.06182711 0.07590755 0.003142897 0.8591224 
0.05066061 0.1678118 0.005215179 0.7763125 
0.102863 0.163945 0.0004466206 0.7327454 
0.06642306 0.1368876 0.003952948 0.7927364 
0.05208656 0.146205 0.005752834 0.7959556 
0.07964399 0.1210922 0.01699715 0.7822667 
0.04675113 0.08826432 0.008480813 0.8565037 
0.0643992 0.1436587 0.003072448 0.7888696 
0.07655217 0.1702076 0.006465072 0.7467751 
0.03472887 0.1971426 0.007876374 0.7602522 
0.009497158 0.1281065 0.008632139 0.8537642 
0.08802794 0.1226498 0.02091246 0.7684098 
0.05775363 0.1648485 0.02253918 0.7548587 
0.07716116 0.1275125 0.0100704 0.7852559 
0.04916553 0.1506365 0.0154595 0.7847385 
0.06116866 0.1169785 0.005711598 0.8161413 
0.05068918 0.08641802 0.03430974 0.8285831 
0.06383622 0.1470801 0.006760139 0.7823235 
0.02084917 0.1306895 0.01544788 0.8330135 
0.04795798 0.1051063 0.03998932 0.8069464 
0.06533776 0.1539088 0.02191885 0.7588346 
0.1118324 0.1425646 0.02189934 0.7237037 
0.0333365 0.08285952 0.005740277 0.8780637 
0.06190589 0.1331041 0.01015992 0.7948301 
0.06962842 0.08246519 0.003983525 0.8439229 
0.0399109 0.08082852 0.03079755 0.848463 
0.0540262 0.1016978 0.01300352 0.8312724 
0.06359025 0.0918155 0.002884472 0.8417098 
0.01853853 0.1291599 0.02721482 0.8250868 
0.06996391 0.1087219 0.05192339 0.7693908 
0.00281607 0.1393162 0.08577259 0.7720951 
0.001685643 0.1195838 0.08510092 0.7936297 
0.02187884 0.1382123 0.05078907 0.7891197 
0.008883812 0.1616934 0.06202492 0.7673979 
0.03049341 0.2115798 0.08896137 0.6689654 
0.01088494 0.1520097 0.06543234 0.771673 
0.0002059468 0.1178295 0.08961545 0.7923491 
0.008195782 0.1766863 0.06483249 0.7502854 
0.01664878 0.1265033 0.03459908 0.8222488 
0.06690584 0.1429089 0.02479951 0.7653858 
0.006561212 0.09146837 0.1000849 0.8018855 
0.0138473 0.12124 0.09511703 0.7697957 
0.07849689 0.1381687 0.01332661 0.7700078 
0.01084479 0.1753839 0.02684852 0.7869228 
0.01804745 0.1213032 0.02286887 0.8377805 
0.009153809 0.2039955 0.009325562 0.7775251 
0.002358078 0.1874241 0.006784587 0.8034332 
0.01230113 0.1432507 0.04522648 0.7992217 
0.007808292 0.140031 0.04607427 0.8060865 
0.03069576 0.09749871 0.04547383 0.8263317 
0.03002634 0.151027 0.04714446 0.7718022 
0.01117417 0.1263577 0.04472662 0.8177415 
0.007512505 0.1582301 0.05715689 0.7771005 
0.02204403 0.1052175 0.0533379 0.8194006 
0.004066329 0.1044112 0.03650779 0.8550147 
0.01505229 0.1080896 0.05627251 0.8205856 
0.003238746 0.08497397 0.02077146 0.8910158 
0.007495609 0.1678767 0.04544165 0.779186 
0.001161696 0.1549809 0.07787949 0.7659779 
0.02113355 0.1184041 0.09326168 0.7672007 
0.009293779 0.1605396 0.03197753 0.7981891 
0.08511207 0.08899952 0.05258773 0.7733007 
0.1092327 0.1402349 0.008600176 0.7419322 
0.07569432 0.1088102 0.004292896 0.8112026 
0.04846384 0.03694791 0.1553878 0.7592004 
0.01689126 0.04990059 0.1101979 0.8230102 
0.01411463 0.04599162 0.1546512 0.7852426 
0.01674218 0.06236614 0.1294538 0.7914379 
0.008653199 0.07423171 0.08246873 0.8346464 
0.001470695 0.08632894 0.1157222 0.7964782 
0.002240586 0.0189834 0.0806866 0.8980894 
0.01609052 0.03958837 0.1625071 0.781814 
0.009210692 0.04835967 0.1647765 0.7776531 
0.0007596369 0.08689095 0.1068704 0.805479 
0.06597615 0.03267143 0.162304 0.7390485 
0.006586252 0.03978468 0.1110347 0.8425943 
0.06505689 0.006112589 0.1181948 0.8106357 
0.06405498 0.00590188 0.112519 0.8175242 
0.05484967 0.01006675 0.1276317 0.8074519 
0.04874016 0.01157025 0.1721584 0.7675312 
0.02830345 0.03366494 0.08917305 0.8488586 
0.08441152 0.003697869 0.1664605 0.7454301 
0.05317554 0.003617095 0.09822564 0.8449817 
0.02853725 0.001535893 0.1924154 0.7775114 
0.04470518 0.01878395 0.1508853 0.7856255 
0.08855361 0.007397749 0.1120677 0.7919809 
0.08369721 0.002191165 0.1323728 0.7817388 
0.03405849 0.003705788 0.2188559 0.7433798 
0.02494161 0.006704042 0.1531171 0.8152373 
0.02057696 0.008552102 0.09861791 0.872253 
0.05253828 0.0005942841 0.1487675 0.7980999 
0.02882882 0.04510377 0.1445927 0.7814747 
0.05710705 0.008935922 0.1257285 0.8082286 
0.04613808 0.01441404 0.1064167 0.8330312 
0.04134239 0.0189404 0.1149515 0.8247657 
0.09088952 0.006751119 0.1280877 0.7742716 
0.06915236 0.003097353 0.1973938 0.7303565 
0.05177114 0.002879157 0.1299722 0.8153775 
0.03567763 0.01021197 0.1690791 0.7850313 
0.05079339 0.01215555 0.170934 0.7661171 
0.03718796 0.02157046 0.1458293 0.7954123 
0.0534984 0.02509779 0.1272911 0.7941127 
0.03525308 0.009789326 0.1661211 0.7888365 
0.01125938 0.06377561 0.1294407 0.7955243 
0.01990869 0.0430622 0.1246541 0.812375 
0.01329448 0.05166016 0.1187521 0.8162933 
0.009648074 0.05349009 0.1455962 0.7912656 
0.002985872 0.05343062 0.1893702 0.7542133 
0.001666474 0.05358776 0.1202126 0.8245332 
0.003771396 0.05693475 0.1306271 0.8086667 
0.0005868988 0.05493578 0.1534292 0.7910481 
0.03459822 0.04250722 0.1604824 0.7624121 
0.01104627 0.05776424 0.1435789 0.7876105 
0.004688256 0.04189141 0.1274045 0.8260159 
0.002675131 0.05591402 0.1640407 0.7773701 
0.008382316 0.1075753 0.1569574 0.727085 
0.01121535 0.05702423 0.1893119 0.7424486 
0.02447152 0.09497798 0.0793823 0.8011682 
0.002764257 0.0630691 0.1857165 0.7484501 
0.1605543 0.05836727 0.02249574 0.7585827 
0.1048222 0.0446788 0.009788856 0.8407102 
0.1570226 0.1071551 0.004094395 0.7317279 
0.1057064 0.07742386 0.009184958 0.8076848 
0.09753961 0.03185641 0.02196743 0.8486366 
0.1012828 0.07651086 0.009698436 0.8125079 
0.1271534 0.03804675 0.006343192 0.8284567 
0.100418 0.08119178 0.01726386 0.8011264 
0.1240988 0.0616053 0.002033047 0.8122629 
0.1626817 0.08129644 0.02008375 0.7359381 
0.1035719 0.08448429 0.04346044 0.7684834 
0.09010466 0.0551811 0.00544699 0.8492672 
0.09387352 0.07083686 0.02620092 0.8090887 
0.1042447 0.04013018 0.00827124 0.8473538 
0.1643682 0.02542026 0.06656201 0.7436496 
0.08135523 0.006070974 0.05201166 0.8605621 
0.1124236 0.002771843 0.06457872 0.8202259 
0.1186823 0.007894467 0.05076138 0.8226619 
0.120599 0.003428336 0.080342 0.7956306 
0.1346196 0.001006628 0.02533768 0.8390361 
0.09415221 0.009124216 0.1137356 0.782988 
0.1469089 0.0009089024 0.07459621 0.777586 
0.1268641 0.01038832 0.1171671 0.7455805 
0.1548121 0.009087181 0.02844 0.8076607 
0.09430712 0.01139982 0.05932614 0.8349669 
0.0929418 0.0300865 0.04127757 0.8356941 
0.114243 0.01617025 0.02686532 0.8427215 
0.1391942 0.009988407 0.05027479 0.8005426 
0.09702949 0.02238991 0.0387799 0.8418007 
0.1009444 0.02578512 0.08540972 0.7878607 
0.1366526 0.03333132 0.01211887 0.8178972 
0.2132201 0.04195195 0.00638364 0.7384443 
0.1624361 0.01751015 0.0003840829 0.8196697 
0.0998042 0.1116234 0.01008614 0.7784862 
0.1261037 0.02832352 0.009415194 0.8361575 
0.09516584 0.08392834 0.01563172 0.8052741 
0.081013 0.04706273 0.007097114 0.8648272 
0.1571273 0.05866505 0.03616378 0.7480439 
0.142471 0.09378377 0.002031977 0.7617133 
0.1624139 0.05379978 0.001895744 0.7818906 
0.1767189 0.08472143 0.01760078 0.7209589 
0.1183484 0.03916611 0.02031573 0.8221698 
0.2150272 0.03097694 0.01167245 0.7423234 
0.1095587 0.04190852 0.04547321 0.8030596 
0.1216559 0.04678022 0.01002673 0.8215372 
0.1200893 0.06208971 0.004430819 0.8133902 
0.1415775 0.06690091 0.01228957 0.7792321 
0.113138 0.07020584 0.008848025 0.8078081 
0.0665881 0.07420032 8.642455e-05 0.8591252 
0.106204 0.008098632 0.09801681 0.7876806 
0.06417181 0.05819154 0.06992166 0.807715 
0.0886824 0.009721764 0.06213997 0.8394559 
0.207147 0.0005755769 0.07427602 0.7180014 
0.1240208 0.0001750182 0.03789146 0.8379127 
0.1340843 0.05069252 0.07822464 0.7369985 
0.1474884 0.00122481 0.0518062 0.7994806 
0.1192373 0.01640721 0.03647738 0.8278781 
0.147023 0.00935544 0.08344997 0.7601716 
