"p_1" "p_2" "p_3"
0.05052164 0.7894752 0.1600032
0.06356255 0.7912693 0.1451682
0.06075055 0.7699796 0.1692699
0.05951841 0.7679707 0.1725108
0.05135345 0.7903398 0.1583068
0.05970131 0.7683624 0.1719363
0.05690095 0.7669521 0.176147
0.0628351 0.7929658 0.1441991
0.05690506 0.7684372 0.1746577
0.05716451 0.7843343 0.1585012
0.05262254 0.8025854 0.144792
0.05253618 0.7769758 0.170488
0.05582042 0.7736913 0.1704882
0.04074626 0.7953229 0.1639308
0.03361416 0.8282458 0.13814
0.04892985 0.7727838 0.1782863
0.06939251 0.762573 0.1680345
0.06559501 0.7660154 0.1683896
0.05273475 0.8041621 0.1431032
0.05112648 0.7702284 0.1786451
0.07377833 0.7737114 0.1525103
0.04716449 0.7903782 0.1624573
0.06260441 0.7730053 0.1643903
0.04887328 0.7708967 0.1802301
0.06711298 0.7738266 0.1590604
0.04334773 0.7957761 0.1608761
0.05691618 0.7725265 0.1705573
0.06843416 0.7698541 0.1617117
0.04331643 0.7928974 0.1637862
0.06810899 0.7644686 0.1674225
0.0531922 0.7556179 0.1911899
0.05218666 0.7886776 0.1591358
0.06447085 0.795316 0.1402131
0.05593753 0.7641166 0.1799459
0.05280574 0.7734256 0.1737686
0.05085407 0.7943109 0.154835
0.0488412 0.7576083 0.1935505
0.06250169 0.7683023 0.169196
0.05965138 0.7934236 0.146925
0.06470682 0.767445 0.1678482
0.0515023 0.7978344 0.1506633
0.05709263 0.7678409 0.1750665
0.07932674 0.7772602 0.143413
0.03910756 0.767582 0.1933104
0.05197027 0.7761315 0.1718982
0.0555034 0.7805757 0.1639209
0.06339942 0.766767 0.1698336
0.05814472 0.7893532 0.1525021
0.07179585 0.7694144 0.1587898
0.06219649 0.765347 0.1724565
0.04042278 0.7966051 0.1629721
0.04597872 0.8062606 0.1477607
0.05869794 0.7773794 0.1639226
0.0454885 0.7639848 0.1905267
0.05236347 0.774438 0.1731985
0.06073252 0.7812669 0.1580006
0.0455532 0.7807469 0.1736999
0.06011133 0.7867702 0.1531185
0.06936522 0.7709193 0.1597155
0.05182087 0.7964521 0.1517271
0.07392445 0.7715119 0.1545637
0.04854755 0.7677779 0.1836746
0.05244591 0.7680223 0.1795318
0.06215932 0.7754687 0.162372
0.05863008 0.7787958 0.1625741
0.04473377 0.8011543 0.154112
0.06459115 0.7730676 0.1623412
0.07251521 0.7857501 0.1417347
0.06105307 0.784726 0.154221
0.05105497 0.7899459 0.1589992
0.05548396 0.787245 0.1572711
0.05437218 0.761103 0.1845248
0.05950698 0.7851798 0.1553132
0.06160881 0.789817 0.1485741
0.06296161 0.7759867 0.1610517
0.05581683 0.7908513 0.1533319
0.06459269 0.7920328 0.1433745
0.05601906 0.795408 0.148573
0.0652064 0.7834029 0.1513907
0.06970582 0.754663 0.1756311
0.04948775 0.7838252 0.166687
0.05546401 0.7593028 0.1852332
0.04625335 0.8069348 0.1468119
0.06454434 0.7878957 0.14756
0.05820762 0.7949661 0.1468263
0.0750139 0.7560839 0.1689022
0.05356928 0.7963125 0.1501182
0.06670516 0.7790642 0.1542307
0.05086576 0.7840757 0.1650585
0.05904688 0.7908268 0.1501263
0.06117698 0.7867929 0.1520301
0.06449942 0.7820161 0.1534845
0.05411056 0.7872251 0.1586644
0.05901012 0.7753412 0.1656487
0.04616752 0.7818749 0.1719575
0.04041025 0.7923028 0.1672869
0.04294516 0.8037352 0.1533196
0.04330821 0.787458 0.1692338
0.06782626 0.7725679 0.1596058
0.05995043 0.7816433 0.1584063
0.05661538 0.7648612 0.1785234
0.04506714 0.8022763 0.1526566
0.05635154 0.7666893 0.1769592
0.06351086 0.7596988 0.1767904
0.06252737 0.7812372 0.1562354
0.04525767 0.7926101 0.1621322
0.05659492 0.7884585 0.1549466
0.05416293 0.7636743 0.1821628
0.07286882 0.7654317 0.1616995
0.05307696 0.779544 0.167379
0.061742 0.7612857 0.1769723
0.05646488 0.7619575 0.1815777
0.05340439 0.7736908 0.1729048
0.05739286 0.7807127 0.1618945
0.05436739 0.7801081 0.1655245
0.05130782 0.7749348 0.1737574
0.0561639 0.7986992 0.1451369
0.0498797 0.7683963 0.181724
0.0582458 0.7665902 0.175164
0.03866168 0.7721735 0.1891648
0.05533677 0.7630456 0.1816177
0.05343587 0.7774926 0.1690715
0.05365119 0.7649506 0.1813982
0.04889724 0.7996905 0.1514123
0.04955168 0.7862431 0.1642052
0.04642536 0.7799117 0.1736629
0.06987726 0.7596067 0.1705161
0.0661407 0.7681069 0.1657524
0.06786167 0.7829516 0.1491868
0.05785243 0.7763505 0.1657971
0.05542891 0.8041855 0.1403856
0.04921385 0.7739619 0.1768242
0.05686306 0.7866806 0.1564563
0.05084117 0.7911229 0.1580359
0.0438062 0.7972781 0.1589157
0.05135636 0.7882371 0.1604066
0.05279311 0.7973197 0.1498872
0.0582482 0.776308 0.1654438
0.07932472 0.7529944 0.1676808
0.05677188 0.7904017 0.1528264
0.05635389 0.7718647 0.1717814
0.04709223 0.7996867 0.1532211
0.05791252 0.7798142 0.1622733
0.06130448 0.7721579 0.1665376
0.06295196 0.7587716 0.1782765
0.04886223 0.7829562 0.1681816
0.05540979 0.7869971 0.1575931
0.05721679 0.7982361 0.1445471
0.05141644 0.7986016 0.1499819
0.05673448 0.7805858 0.1626798
0.06466283 0.769534 0.1658031
0.0510908 0.7727764 0.1761328
0.05479727 0.7707441 0.1744587
0.05691822 0.7865224 0.1565594
0.05405311 0.7821236 0.1638233
0.04785272 0.783868 0.1682793
0.06514112 0.7833154 0.1515435
0.05778386 0.7792147 0.1630014
0.05756139 0.7781727 0.1642659
0.05586372 0.7737118 0.1704245
0.06278928 0.766025 0.1711857
0.0469856 0.7931254 0.159889
0.06612818 0.7837767 0.1500951
0.05174441 0.7845867 0.1636689
0.05654189 0.7620593 0.1813988
0.05775702 0.7883875 0.1538554
0.06109235 0.7640298 0.1748778
0.04942958 0.7764186 0.1741518
0.05723796 0.7782025 0.1645596
0.05621593 0.7723206 0.1714635
0.06535952 0.79047 0.1441705
0.04414723 0.7943092 0.1615435
0.04499091 0.788606 0.1664031
0.05585945 0.8092098 0.1349307
0.04830188 0.7931039 0.1585942
0.05354308 0.7880842 0.1583727
0.05891714 0.7875053 0.1535776
0.05279025 0.7603356 0.1868741
0.06373659 0.7844507 0.1518127
0.06133677 0.7607603 0.1779029
0.06246971 0.7686297 0.1689006
0.05098778 0.7724083 0.1766039
0.0508591 0.8210331 0.1281078
0.04606942 0.7584499 0.1954806
0.06687907 0.7892089 0.1439121
0.05083553 0.7769905 0.1721739
0.05224077 0.7788945 0.1688647
0.04624468 0.7947602 0.1589951
0.05906155 0.7648989 0.1760395
0.06773253 0.7580238 0.1742436
0.06624833 0.7704937 0.163258
0.06110667 0.7707859 0.1681074
0.05332763 0.7639635 0.1827089
0.0598019 0.7684968 0.1717013
0.05004077 0.7769714 0.1729878
0.05870349 0.7609867 0.1803098
0.05742677 0.7887803 0.153793
0.06448988 0.7649977 0.1705124
0.05639364 0.7821403 0.1614661
0.05900329 0.7978383 0.1431584
0.0526381 0.7854955 0.1618664
0.04556054 0.7989472 0.1554923
0.05329844 0.7837136 0.1629879
0.04904456 0.7893248 0.1616307
0.05171146 0.8077021 0.1405864
0.04647407 0.7923235 0.1612024
0.04076953 0.8099218 0.1493086
0.06019495 0.7690005 0.1708045
0.04976296 0.7692598 0.1809773
0.06269273 0.798915 0.1383923
0.06064803 0.7789598 0.1603921
0.04770912 0.8049101 0.1473808
0.04323212 0.7686883 0.1880796
0.05043312 0.7819773 0.1675895
0.06150257 0.7649231 0.1735743
0.05982719 0.7825834 0.1575894
0.05483282 0.7761413 0.1690259
0.05480674 0.7650489 0.1801443
0.06005642 0.7505061 0.1894375
0.06854243 0.7849233 0.1465343
0.06170009 0.7702396 0.1680603
0.05620948 0.7761896 0.167601
0.06338659 0.759169 0.1774444
0.04787818 0.7960767 0.1560451
0.05702811 0.7929871 0.1499847
0.06376745 0.7756298 0.1606028
0.05162408 0.7811379 0.167238
0.05316379 0.7846788 0.1621574
0.05537098 0.779256 0.165373
0.04939383 0.7843789 0.1662273
0.05832982 0.8001315 0.1415386
0.07001858 0.769262 0.1607194
0.05486868 0.7735167 0.1716147
0.06149805 0.7566272 0.1818747
0.05520021 0.7891071 0.1556927
0.06180572 0.7798971 0.1582972
0.05600499 0.7935004 0.1504946
0.0524475 0.7902283 0.1573242
0.05177874 0.7794399 0.1687814
0.06470981 0.7638929 0.1713972
0.05185721 0.7757918 0.172351
0.04463924 0.7884822 0.1668785
0.04480136 0.8072574 0.1479413
0.0561078 0.7797169 0.1641753
0.05465991 0.7807626 0.1645774
0.06234975 0.787641 0.1500092
0.05781899 0.7787824 0.1633986
0.06143855 0.7907994 0.147762
0.0623528 0.7840815 0.1535657
0.05410188 0.7860491 0.159849
0.04488155 0.7738709 0.1812476
0.07025906 0.7691419 0.160599
0.05540017 0.8049974 0.1396024
0.04940163 0.7992473 0.1513511
0.05645502 0.7927682 0.1507768
0.0612439 0.7753817 0.1633744
0.0477575 0.7776571 0.1745854
0.06045675 0.7773523 0.162191
0.05023576 0.7618365 0.1879278
0.05330016 0.7930641 0.1536357
0.06127472 0.774879 0.1638463
0.05375133 0.7691999 0.1770487
0.05549347 0.7739791 0.1705274
0.05019496 0.7666833 0.1831217
0.0500482 0.7858146 0.1641372
0.06053489 0.7814789 0.1579862
0.06230301 0.7651059 0.172591
0.0578614 0.783717 0.1584216
0.06450169 0.7690186 0.1664797
0.05155739 0.7896156 0.158827
0.04840029 0.7985317 0.1530681
0.06443929 0.7933403 0.1422204
0.05703477 0.7907733 0.1521919
0.06457595 0.778161 0.157263
0.07009091 0.7868836 0.1430255
0.0568292 0.80673 0.1364408
0.05617313 0.7567304 0.1870965
0.05726327 0.7733362 0.1694005
0.04931585 0.7834792 0.1672049
0.06147277 0.7918772 0.14665
0.05742234 0.7558523 0.1867254
0.07795743 0.7636703 0.1583723
0.06346772 0.7687345 0.1677978
0.04998405 0.7724026 0.1776134
0.05903267 0.7393283 0.201639
0.0515328 0.8007842 0.147683
0.05482184 0.7993845 0.1457937
0.05707808 0.7783734 0.1645485
0.04569121 0.79927 0.1550388
0.05150333 0.7945206 0.1539761
0.0537115 0.7919683 0.1543202
0.0605463 0.7904281 0.1490256
0.04842494 0.7744974 0.1770776
0.06316557 0.7803823 0.1564521
0.05765613 0.7734585 0.1688854
0.06574262 0.7779467 0.1563106
0.05228708 0.7606134 0.1870995
0.05357741 0.777317 0.1691056
0.0718854 0.7572966 0.170818
0.06445689 0.7740493 0.1614939
0.05136418 0.7851328 0.1635031
0.05600756 0.7891919 0.1548005
0.06009418 0.7688117 0.1710942
0.04990402 0.7717084 0.1783876
0.04624043 0.7866474 0.1671122
0.06001285 0.7937785 0.1462086
0.05549081 0.7837256 0.1607836
0.04949157 0.798868 0.1516404
0.04848422 0.7836369 0.1678789
0.0744417 0.7592413 0.166317
0.04037294 0.8147661 0.1448609
0.04660411 0.7714001 0.1819958
0.05884712 0.7828724 0.1582804
0.05007299 0.7828342 0.1670928
0.06068173 0.7599122 0.1794061
0.05567598 0.7678653 0.1764587
0.05749976 0.767901 0.1745993
0.05611647 0.7812319 0.1626517
0.05080854 0.7795537 0.1696378
0.04590563 0.7632205 0.1908739
0.06565628 0.7874059 0.1469379
0.04705605 0.7815747 0.1713693
0.07068423 0.7560556 0.1732602
0.0536404 0.7741242 0.1722354
0.04379961 0.790624 0.1655764
0.05757207 0.7997883 0.1426396
0.05244076 0.7766094 0.1709499
0.05837862 0.7664439 0.1751775
0.06656123 0.7753304 0.1581084
0.04737385 0.7603958 0.1922303
0.0490652 0.7884242 0.1625106
0.05159992 0.782327 0.166073
0.05052296 0.7826966 0.1667804
0.05240884 0.7718323 0.1757588
0.04947269 0.8068927 0.1436346
0.05460004 0.7884736 0.1569263
0.05875633 0.7610935 0.1801502
0.05856024 0.7934412 0.1479986
0.05275637 0.7795312 0.1677125
0.05810817 0.7967991 0.1450927
0.04282034 0.7774349 0.1797448
0.05035753 0.7812871 0.1683554
0.05021897 0.7714341 0.1783469
0.06369846 0.7705594 0.1657421
0.05543267 0.7814735 0.1630939
0.06820833 0.7431236 0.188668
0.06255371 0.7805034 0.1569429
0.07087103 0.7564553 0.1726737
0.06744545 0.7778896 0.154665
0.05635245 0.7506812 0.1929664
0.06516405 0.7887333 0.1461026
0.06947491 0.7761323 0.1543928
0.05642039 0.7613781 0.1822015
0.04658712 0.7899478 0.1634651
0.04743892 0.785126 0.167435
0.06806972 0.7675036 0.1644267
0.04636367 0.7852909 0.1683454
0.03856851 0.8154527 0.1459788
0.04854739 0.7831382 0.1683144
0.05753568 0.7696109 0.1728534
0.0639107 0.7672449 0.1688444
0.04879629 0.7703906 0.1808131
0.05856512 0.7829326 0.1585022
0.05372083 0.7817475 0.1645317
0.05905525 0.7921054 0.1488393
0.05642532 0.7856627 0.157912
0.04594098 0.7783166 0.1757424
0.046357 0.7869867 0.1666563
0.06228102 0.7753196 0.1623994
0.0606067 0.7677646 0.1716287
0.05057485 0.7645483 0.1848769
0.05743826 0.7539057 0.1886561
0.05413939 0.7835687 0.1622919
0.06117003 0.7704904 0.1683396
0.0530177 0.7641372 0.1828451
0.05465732 0.7706078 0.1747348
0.04693065 0.786839 0.1662303
0.05762172 0.7491947 0.1931836
0.06020787 0.7784555 0.1613366
0.05994301 0.7667402 0.1733167
0.0505825 0.7958075 0.15361
0.0538891 0.7762375 0.1698734
0.05680807 0.77411 0.169082
0.06066425 0.7938203 0.1455154
0.05104969 0.798224 0.1507263
0.05913946 0.7608513 0.1800093
0.04429629 0.7861026 0.1696011
0.06334891 0.7672165 0.1694346
0.04511802 0.7878801 0.1670019
0.04643036 0.7924217 0.161148
0.04793387 0.8136939 0.1383723
0.06818501 0.7802546 0.1515604
0.05010369 0.7749725 0.1749238
0.05295685 0.7727191 0.174324
0.05944239 0.7744556 0.166102
0.04766904 0.8033343 0.1489967
0.0485473 0.7739602 0.1774925
0.04655961 0.7928952 0.1605452
0.04891038 0.781468 0.1696216
0.05447633 0.7791635 0.1663602
0.05095385 0.7664695 0.1825767
0.05357247 0.7713251 0.1751024
0.06454295 0.7456761 0.189781
0.0641951 0.7503039 0.1855009
0.05354785 0.7944918 0.1519604
0.05824692 0.7713208 0.1704322
0.0551435 0.7906952 0.1541613
0.04079883 0.7861635 0.1730377
0.04954443 0.7928967 0.1575589
0.06185037 0.7813874 0.1567623
0.05352058 0.7731537 0.1733257
0.06031038 0.7958856 0.143804
0.04829129 0.7825378 0.1691709
0.04692744 0.7815626 0.17151
0.05401261 0.7674817 0.1785057
0.05918363 0.7760698 0.1647466
0.05469367 0.7762041 0.1691023
0.05582523 0.7708503 0.1733245
0.06163531 0.7816681 0.1566966
0.05296602 0.7757252 0.1713088
0.06459377 0.7546743 0.180732
0.06554342 0.8017212 0.1327354
0.05455234 0.7921291 0.1533186
0.07072449 0.7627099 0.1665656
0.04708964 0.8025696 0.1503408
0.05239233 0.7919778 0.1556298
0.0482665 0.7991075 0.152626
0.05126653 0.7860972 0.1626363
0.04897034 0.7865364 0.1644933
0.05341539 0.7885287 0.1580559
0.05998866 0.7857075 0.1543039
0.04572508 0.7908998 0.1633751
0.06446502 0.7849522 0.1505828
0.05849177 0.7843722 0.1571361
0.05271527 0.8013083 0.1459764
0.06160003 0.7711912 0.1672088
0.04783415 0.773536 0.1786299
0.04870726 0.7983845 0.1529082
0.05673324 0.7983419 0.1449249
0.07265336 0.7726039 0.1547427
0.04734952 0.7836011 0.1690494
0.05739601 0.7926489 0.1499551
0.05733432 0.7951508 0.1475149
0.05528188 0.7609403 0.1837779
0.06864654 0.7743613 0.1569921
0.04163081 0.797096 0.1612732
0.05160984 0.7704086 0.1779816
0.0568325 0.7909905 0.152177
0.05629278 0.7697624 0.1739448
0.04615347 0.7830508 0.1707957
0.05002062 0.7911057 0.1588737
0.04411229 0.7868996 0.1689881
0.06156907 0.7852475 0.1531834
0.05077593 0.7853604 0.1638637
0.0609091 0.7689538 0.1701371
0.06706682 0.7688803 0.1640529
0.04295629 0.8010443 0.1559994
0.05268468 0.7849583 0.162357
0.04956558 0.8058129 0.1446215
0.05816113 0.7772386 0.1646003
0.04216073 0.7959673 0.1618719
0.0525438 0.765445 0.1820112
0.05888814 0.7916354 0.1494765
0.05517141 0.7878123 0.1570163
0.05293265 0.7773601 0.1697073
0.05251601 0.7920279 0.1554561
0.04565765 0.7894029 0.1649394
0.06851277 0.783151 0.1483362
0.04706282 0.7814247 0.1715125
0.05394429 0.7723235 0.1737323
0.03750001 0.8054296 0.1570704
0.06684625 0.7834887 0.149665
0.05123371 0.7884097 0.1603566
0.06794335 0.7866235 0.1454332
0.05789216 0.8109424 0.1311654
0.05208431 0.7828171 0.1650986
0.0636144 0.7672693 0.1691163
0.0600629 0.7779168 0.1620203
0.0396825 0.7843664 0.1759511
0.05284207 0.7975036 0.1496543
0.05983378 0.7708889 0.1692774
0.05301434 0.7757288 0.1712569
0.04049804 0.7947259 0.1647761
0.05919723 0.7613505 0.1794522
0.05276909 0.7743493 0.1728816
0.05848211 0.781263 0.1602549
0.06349885 0.7729393 0.1635619
0.0576659 0.760079 0.1822551
0.0662313 0.7794096 0.1543591
0.04847087 0.7926532 0.158876
0.06089773 0.7667679 0.1723344
0.05075086 0.7731973 0.1760518
0.05158254 0.7906672 0.1577503
0.05243022 0.7882713 0.1592985
0.05527759 0.7728066 0.1719158
0.04796928 0.7827677 0.169263
0.05884223 0.7718069 0.1693509
0.06401055 0.7589757 0.1770138
0.04559158 0.7930565 0.1613519
0.05642354 0.7891495 0.154427
0.05582319 0.7756026 0.1685742
0.0477843 0.7951231 0.1570926
0.05285269 0.7648734 0.1822739
0.07401363 0.7521619 0.1738244
0.05427906 0.7680582 0.1776627
0.05588715 0.7985166 0.1455963
0.03704697 0.7727941 0.1901589
0.05161345 0.788335 0.1600515
0.05761008 0.7665052 0.1758847
0.04672015 0.7987388 0.1545411
0.06396255 0.7675656 0.1684719
0.05309084 0.7979762 0.1489329
0.06475492 0.7889077 0.1463374
0.05311745 0.7893241 0.1575584
0.0602788 0.7684102 0.171311
0.05842956 0.7629926 0.1785779
0.04374004 0.8037521 0.1525078
0.06251435 0.7478766 0.189609
0.05964913 0.7599193 0.1804316
0.05917739 0.7568622 0.1839604
0.04660472 0.7716342 0.181761
0.04350959 0.7952421 0.1612483
0.07133261 0.7649714 0.163696
0.06080419 0.7832329 0.1559629
0.06587492 0.766693 0.167432
0.04825524 0.8108548 0.14089
0.06441698 0.7821309 0.1534522
0.05724147 0.7895903 0.1531682
0.05449307 0.7747436 0.1707633
0.04620426 0.7901619 0.1636338
0.05119836 0.788368 0.1604336
0.06785301 0.7955959 0.1365511
0.07329643 0.7738945 0.1528091
0.06668238 0.7779521 0.1553655
0.06341305 0.7461222 0.1904647
0.05488828 0.7664084 0.1787033
0.04970105 0.7764787 0.1738202
0.06686415 0.760934 0.1722019
0.04596613 0.787966 0.1660679
0.05649838 0.7638556 0.179646
0.04618686 0.7830956 0.1707176
0.05879102 0.7720815 0.1691275
0.04490047 0.7907299 0.1643697
0.05378648 0.7943036 0.1519099
0.04443022 0.7783768 0.177193
0.05454227 0.7836389 0.1618188
0.06415435 0.7772576 0.1585881
0.05780889 0.7622521 0.179939
0.049458 0.788053 0.162489
0.04604599 0.7927205 0.1612335
0.05823957 0.7894628 0.1522976
0.05608633 0.7693861 0.1745275
0.05349076 0.7838176 0.1626917
0.05312929 0.7794328 0.1674379
0.05560878 0.7793493 0.1650419
0.04653611 0.8093464 0.1441175
0.05100493 0.7854168 0.1635782
0.04319188 0.7942647 0.1625434
0.06924702 0.7721077 0.1586453
0.05860853 0.8043381 0.1370534
0.05241591 0.7533522 0.1942319
0.05473457 0.7769799 0.1682856
0.05526913 0.8129064 0.1318245
0.04757415 0.7983698 0.154056
0.0542409 0.785523 0.1602362
0.06121143 0.779861 0.1589276
0.04305853 0.7890701 0.1678714
0.06629977 0.764856 0.1688442
0.05268845 0.7912694 0.1560421
0.0660725 0.7571997 0.1767278
0.07407495 0.7722635 0.1536615
0.04679194 0.7590176 0.1941904
0.05512707 0.7743967 0.1704762
0.06418113 0.7718784 0.1639405
0.05055214 0.7973768 0.152071
0.05480647 0.7757035 0.1694901
0.05334561 0.7815317 0.1651227
0.05717152 0.7862031 0.1566254
0.0370785 0.7870737 0.1758478
0.04431217 0.7765211 0.1791667
0.04506418 0.7820163 0.1729195
0.04171947 0.8035785 0.154702
0.07298913 0.7672615 0.1597494
0.05309649 0.8071191 0.1397844
0.04882078 0.7847656 0.1664136
0.04998991 0.7700649 0.1799452
0.05161792 0.7656713 0.1827107
0.05062799 0.7705161 0.1788559
0.06437783 0.7768919 0.1587302
0.05002478 0.8086449 0.1413303
0.05612087 0.7821927 0.1616865
0.05445113 0.7755878 0.1699611
0.05493144 0.7888638 0.1562048
0.05474524 0.7936797 0.151575
0.05567205 0.7756496 0.1686783
0.05887692 0.7748109 0.1663122
0.05560516 0.7715604 0.1728344
0.05841307 0.7832097 0.1583772
0.05827253 0.779278 0.1624494
0.05825622 0.7666436 0.1751002
0.05588731 0.7506355 0.1934772
0.06033541 0.7734514 0.1662132
0.06905014 0.7729076 0.1580422
0.07156847 0.7836954 0.1447361
0.06730633 0.7581647 0.1745289
0.06829616 0.7797543 0.1519496
0.05763104 0.7929175 0.1494514
0.04559857 0.8010132 0.1533882
0.04765923 0.7982195 0.1541213
0.06004689 0.7587021 0.181251
0.05564509 0.7654005 0.1789544
0.06415045 0.7872121 0.1486374
0.06128216 0.7656124 0.1731055
0.05273623 0.7859159 0.1613478
0.06118147 0.7811031 0.1577155
0.04771999 0.8015886 0.1506914
0.06003235 0.7931065 0.1468611
0.03486952 0.7868579 0.1782726
0.04298742 0.7935406 0.163472
0.07866184 0.7643018 0.1570363
0.05560187 0.7952776 0.1491205
0.07376192 0.7632194 0.1630187
0.05527414 0.7789179 0.165808
0.05544487 0.7784158 0.1661393
0.05629825 0.7721481 0.1715536
0.07152444 0.759996 0.1684796
0.07212303 0.7687933 0.1590837
0.05085787 0.7884181 0.160724
0.05116381 0.7652264 0.1836098
0.06461026 0.7848702 0.1505195
0.05464182 0.7900851 0.1552731
0.04518135 0.7953522 0.1594664
0.05385672 0.7712555 0.1748878
0.05276162 0.7878009 0.1594375
0.04999527 0.7580488 0.191956
0.05355442 0.795182 0.1512636
0.05275737 0.7924342 0.1548085
0.06649476 0.77475 0.1587552
0.06371657 0.782333 0.1539504
0.04200312 0.7813444 0.1766525
0.06856375 0.7819964 0.1494398
0.0541511 0.8075749 0.138274
0.0576122 0.7651031 0.1772847
0.05515274 0.7939573 0.15089
0.05422765 0.7889351 0.1568373
0.0534753 0.7687894 0.1777353
0.06310014 0.7964184 0.1404815
0.04437976 0.7972098 0.1584105
0.05586314 0.7901726 0.1539642
0.05746175 0.7973229 0.1452153
0.06067102 0.7890457 0.1502833
0.05777812 0.7814356 0.1607863
0.06365571 0.7488435 0.1875008
0.05274411 0.7769148 0.1703411
0.05026771 0.7689245 0.1808078
0.06334275 0.7676675 0.1689898
0.05883774 0.7639877 0.1771746
0.05397378 0.7892025 0.1568237
0.04468832 0.7847859 0.1705258
0.05312999 0.7905934 0.1562766
0.05913296 0.7911771 0.1496899
0.05692884 0.774801 0.1682702
0.06613502 0.7538727 0.1799923
0.05684921 0.7664518 0.176699
0.05187531 0.7813843 0.1667404
0.05513164 0.7718361 0.1730323
0.04512487 0.790813 0.1640621
0.06223662 0.7832444 0.154519
0.05457612 0.7892524 0.1561715
0.04354567 0.8190868 0.1373675
0.05853656 0.785793 0.1556704
0.0599599 0.7822501 0.15779
0.05197617 0.7852485 0.1627753
0.07402565 0.7707478 0.1552266
0.05438013 0.7694298 0.1761901
0.05136439 0.7846282 0.1640074
0.0489005 0.8051058 0.1459937
0.0581602 0.7696695 0.1721703
0.0464093 0.8080143 0.1455764
0.05019551 0.7828495 0.166955
0.05046967 0.7854505 0.1640798
0.06248693 0.7773565 0.1601566
0.05462053 0.7859812 0.1593983
0.05183447 0.7993523 0.1488133
0.05083172 0.7905233 0.158645
0.04653961 0.7845267 0.1689337
0.06480576 0.7642189 0.1709754
0.05119103 0.7806891 0.1681198
0.05541867 0.756327 0.1882543
0.04793031 0.7868403 0.1652294
0.05015363 0.7963942 0.1534522
0.0551604 0.7818797 0.1629599
0.05285653 0.7995362 0.1476073
0.05938969 0.7725781 0.1680322
0.06380244 0.7718503 0.1643472
0.07162841 0.7671777 0.1611939
0.06529411 0.781653 0.1530528
0.06000714 0.7844355 0.1555574
0.05871244 0.7905051 0.1507825
0.04744066 0.7774152 0.1751441
0.04245371 0.8062119 0.1513344
0.05546864 0.7927165 0.1518149
0.05485886 0.7934721 0.151669
0.04069796 0.7826404 0.1766616
0.04875006 0.769851 0.1813989
0.05972985 0.7969116 0.1433585
0.05589447 0.7933172 0.1507883
0.06296636 0.7575898 0.1794439
0.05483757 0.7908698 0.1542927
0.0606345 0.7684281 0.1709374
0.05655073 0.7689881 0.1744612
0.06147088 0.7642437 0.1742855
0.0500413 0.7827234 0.1672353
0.05232933 0.7802181 0.1674526
0.0495737 0.7803626 0.1700637
0.05763304 0.7881296 0.1542373
0.05495492 0.7750784 0.1699667
0.05904456 0.7588988 0.1820566
0.04975832 0.786266 0.1639757
0.04551488 0.8102725 0.1442127
0.06276317 0.7633673 0.1738695
0.06078428 0.784624 0.1545917
0.04142943 0.7858248 0.1727457
0.05853805 0.7763574 0.1651045
0.07236516 0.7734329 0.154202
0.06384109 0.7668279 0.1693311
0.05155178 0.7943448 0.1541034
0.0519531 0.7879104 0.1601365
0.05379979 0.7915154 0.1546848
0.05651873 0.7771285 0.1663527
0.05310425 0.7710736 0.1758221
0.05872661 0.7796893 0.1615841
0.05651455 0.7866127 0.1568728
0.04440418 0.7970245 0.1585713
0.05060743 0.7874773 0.1619153
0.06195398 0.7591141 0.178932
0.05126341 0.787796 0.1609406
0.06066713 0.7681198 0.171213
0.05205058 0.8005791 0.1473704
0.05365808 0.8097131 0.1366288
0.05300241 0.7661141 0.1808835
0.05408599 0.7961855 0.1497285
0.0495649 0.7721886 0.1782465
0.05228116 0.7942894 0.1534294
0.05392352 0.7885415 0.157535
0.04838844 0.7812071 0.1704045
0.05239669 0.7891258 0.1584775
0.05603038 0.7893339 0.1546358
0.04939303 0.7984137 0.1521933
0.05845199 0.7990693 0.1424787
0.05801517 0.78122 0.1607648
0.05024994 0.8080052 0.1417449
0.05665501 0.7604666 0.1828783
0.06253023 0.759965 0.1775047
0.05038413 0.7932669 0.1563489
0.05390756 0.8020259 0.1440665
0.05144005 0.7861021 0.1624579
0.05096502 0.7734445 0.1755905
0.06531614 0.7806198 0.154064
0.06166418 0.7756061 0.1627298
0.05022946 0.7770152 0.1727554
0.05206233 0.7831639 0.1647738
0.04804382 0.772893 0.1790632
0.04886056 0.7555722 0.1955672
0.04551324 0.8004285 0.1540583
0.0515197 0.7917186 0.1567617
0.06714604 0.7973648 0.1354892
0.04133794 0.8176369 0.1410252
0.05844754 0.7614045 0.1801479
0.03649672 0.8045631 0.1589401
0.06052831 0.7745065 0.1649652
0.04273947 0.7921178 0.1651427
0.06044807 0.7940363 0.1455156
0.04189845 0.7905455 0.167556
0.04929616 0.8147949 0.135909
0.06187086 0.7790426 0.1590865
0.06884277 0.7839464 0.1472109
0.04936157 0.7952563 0.1553821
0.04904161 0.804534 0.1464244
0.05197917 0.7842081 0.1638127
0.05596627 0.7658641 0.1781697
0.05298937 0.7940627 0.1529479
0.03956132 0.7973336 0.1631051
0.05110525 0.781772 0.1671227
0.07335078 0.7758817 0.1507676
0.06203376 0.7950627 0.1429035
0.05336932 0.7821149 0.1645158
0.05834332 0.7829951 0.1586616
0.04088239 0.7825381 0.1765795
0.05724743 0.7756475 0.1671051
0.05564137 0.7850665 0.1592921
0.0555 0.7678169 0.1766831
0.06264478 0.7581382 0.179217
0.05506176 0.7703389 0.1745994
0.05573963 0.7821094 0.162151
0.06077684 0.7761551 0.163068
0.05254378 0.7936267 0.1538295
0.0532901 0.7922654 0.1544445
0.06082884 0.7763605 0.1628106
0.05230481 0.786728 0.1609672
0.04933454 0.8013544 0.1493111
0.04954205 0.7652307 0.1852273
0.06235065 0.7737791 0.1638703
0.05331166 0.7715695 0.1751188
0.0539274 0.7996086 0.146464
0.07458605 0.7599903 0.1654236
0.03985123 0.7955607 0.1645881
0.0602759 0.7714495 0.1682746
0.05364107 0.7944687 0.1518902
0.06331712 0.7725694 0.1641135
0.05235908 0.8072278 0.1404131
0.05941298 0.7936774 0.1469096
0.05741412 0.7868503 0.1557356
0.04829571 0.7839468 0.1677575
0.05253529 0.7768187 0.1706461
0.06141845 0.773849 0.1647326
0.04873698 0.7807551 0.1705079
0.04998404 0.7933842 0.1566318
0.06264432 0.7695973 0.1677584
0.04868483 0.8067267 0.1445885
0.04522342 0.762345 0.1924315
0.04149517 0.7925509 0.165954
0.04782927 0.7808419 0.1713288
0.04106832 0.762817 0.1961147
0.05177361 0.7956441 0.1525823
0.0544564 0.7910447 0.1544989
0.05986581 0.7913027 0.1488314
0.05625878 0.8060764 0.1376648
0.05847755 0.7900282 0.1514942
0.06767841 0.7736931 0.1586285
0.04877074 0.7797326 0.1714967
0.05545093 0.7921929 0.1523562
0.05258076 0.79551 0.1519092
0.05688875 0.764916 0.1781952
0.06302526 0.7651263 0.1718485
0.05156283 0.7878 0.1606372
0.06052208 0.7961365 0.1433414
0.06261553 0.7741178 0.1632667
0.06108483 0.7580185 0.1808967
0.0698457 0.7812331 0.1489212
0.04936331 0.8008776 0.1497591
0.04853685 0.7881238 0.1633394
0.04483635 0.7871105 0.1680532
0.050652 0.7752906 0.1740574
0.0773392 0.7756731 0.1469877
0.0528167 0.7865561 0.1606272
0.04773822 0.7957159 0.1565459
0.04766634 0.7711233 0.1812104
0.06559539 0.7641643 0.1702403
0.04106586 0.8221321 0.1368021
0.05777327 0.784644 0.1575827
0.04060301 0.7963269 0.1630701
0.05728194 0.785943 0.1567751
0.05255039 0.7919923 0.1554573
0.05127089 0.7694442 0.1792849
0.04062151 0.8079176 0.1514609
0.05065871 0.8002206 0.1491207
0.05917281 0.7639827 0.1768445
0.03858888 0.7869182 0.1744929
0.0433136 0.7942266 0.1624598
0.04821687 0.7918003 0.1599828
0.05698845 0.7823775 0.1606341
0.04626413 0.7767391 0.1769968
0.05967016 0.7772344 0.1630955
0.056677 0.7617536 0.1815694
0.06245645 0.7890716 0.148472
0.05212466 0.7910254 0.1568499
0.06535178 0.7579669 0.1766813
0.05859066 0.7778254 0.163584
0.04132236 0.7931647 0.1655129
0.06611888 0.7675369 0.1663443
0.04390731 0.7756076 0.1804851
0.0626993 0.7962397 0.141061
0.06793096 0.7724204 0.1596486
0.05108263 0.7955943 0.153323
0.05697618 0.7724964 0.1705275
0.05079324 0.7978135 0.1513933
0.06112042 0.7619377 0.1769419
0.05474912 0.7773127 0.1679382
0.0496902 0.7863437 0.1639661
0.05241216 0.7972938 0.150294
0.06035361 0.7894528 0.1501935
0.05725338 0.7771843 0.1655623
0.06140426 0.7805094 0.1580863
0.06019475 0.7866477 0.1531575
0.05420209 0.8028914 0.1429066
0.05875402 0.7705365 0.1707095
0.04647291 0.7926031 0.160924
0.0591292 0.7805338 0.160337
0.0500213 0.7768274 0.1731513
0.04494198 0.8049208 0.1501372
0.06584084 0.7882175 0.1459417
0.06161085 0.7728718 0.1655174
0.04711667 0.7892385 0.1636448
0.05688307 0.7938954 0.1492215
0.05583077 0.7758658 0.1683034
0.05100819 0.7786034 0.1703884
0.05357063 0.7954465 0.1509829
0.05182104 0.7812148 0.1669642
0.07184387 0.7744466 0.1537095
0.05290053 0.8011623 0.1459372
0.07213264 0.7694266 0.1584408
0.05766098 0.7894436 0.1528954
0.05374796 0.8028453 0.1434068
0.05530662 0.7848894 0.159804
0.06381844 0.7561839 0.1799977
0.05316723 0.7978812 0.1489516
0.04993601 0.8079973 0.1420667
0.0418186 0.7981968 0.1599846
0.04535928 0.8010061 0.1536346
0.0524164 0.7771335 0.1704501
0.05394213 0.7912855 0.1547724
0.05478277 0.7961888 0.1490284
0.06930497 0.7844036 0.1462914
0.0682858 0.7636835 0.1680307
0.04996101 0.8092129 0.1408261
0.04584577 0.7683398 0.1858144
0.05424194 0.780164 0.165594
0.06380357 0.7564383 0.1797581
0.05324601 0.7789699 0.1677841
0.05194124 0.7805769 0.1674818
0.05183121 0.7734072 0.1747616
0.05686167 0.7792766 0.1638618
0.04262286 0.7901561 0.167221
0.05508175 0.8071136 0.1378046
0.06304012 0.7918901 0.1450698
0.04920317 0.7761207 0.1746761
0.06466041 0.7772633 0.1580763
0.05473695 0.7649906 0.1802724
0.04572675 0.8072897 0.1469835
0.06195079 0.7916979 0.1463513
0.07013457 0.7832775 0.146588
0.07335787 0.7784895 0.1481527
0.05495201 0.7892788 0.1557692
0.06651596 0.7728031 0.1606809
0.04520298 0.7898526 0.1649444
0.06776857 0.7742932 0.1579382
0.05077031 0.7975119 0.1517178
0.06096256 0.7809154 0.158122
0.05710669 0.7920686 0.1508247
0.05105925 0.7769476 0.1719931
0.06358196 0.7638022 0.1726158
0.06671939 0.7724288 0.1608518
0.05182277 0.7846231 0.1635542
0.06627125 0.7778025 0.1559263
0.05641232 0.7888771 0.1547106
0.05045391 0.7900551 0.159491
0.05603203 0.7855018 0.1584662
0.05553104 0.7755062 0.1689627
0.06618134 0.7600317 0.1737869
0.0546369 0.7767704 0.1685927
0.03897018 0.8000981 0.1609317
0.05610648 0.774563 0.1693305
0.0719057 0.7859768 0.1421175
0.05587006 0.7937033 0.1504267
0.05844634 0.7953993 0.1461543
0.05283237 0.7699718 0.1771958
0.04427854 0.7969526 0.1587689
0.07004597 0.7596827 0.1702713
0.03812547 0.8016774 0.1601972
0.04866552 0.8079168 0.1434176
0.05436585 0.7848382 0.1607959
0.05060109 0.7736879 0.1757111
0.04949083 0.7669029 0.1836063
0.06597874 0.7882974 0.1457238
0.03722978 0.8027084 0.1600618
0.0422464 0.7869545 0.1707991
0.05458581 0.7715609 0.1738533
0.06102831 0.7822905 0.1566812
0.05839644 0.7831426 0.1584609
0.06130154 0.7837138 0.1549846
0.05607066 0.7691625 0.1747668
0.05674729 0.7996806 0.1435721
0.05998143 0.7874822 0.1525364
0.06563717 0.7875347 0.1468281
0.05442922 0.7754129 0.1701579
0.05041648 0.7938858 0.1556978
0.04972938 0.815334 0.1349367
0.06427452 0.7792715 0.156454
0.0471186 0.7916337 0.1612477
0.05376352 0.7666724 0.1795641
0.05511693 0.7926221 0.1522609
0.06725071 0.7605937 0.1721556
0.057458 0.8068552 0.1356868
0.03854605 0.806766 0.1546879
0.0501738 0.8017635 0.1480627
0.07072515 0.7891008 0.140174
0.04763879 0.7904083 0.1619529
0.05987185 0.7584375 0.1816906
0.04651962 0.7766814 0.176799
0.04579421 0.7936075 0.1605983
0.06181027 0.7794983 0.1586914
0.05613463 0.7903118 0.1535536
0.04473584 0.7854854 0.1697787
0.04140479 0.7906443 0.1679509
0.05408322 0.7750522 0.1708646
0.05635469 0.7786403 0.165005
0.05948591 0.785562 0.1549521
0.05567761 0.7735992 0.1707231
0.05357705 0.7893501 0.1570729
0.05890492 0.7749171 0.166178
0.06013082 0.7801753 0.1596939
0.07157328 0.7647789 0.1636478
0.04627377 0.776568 0.1771582
0.04495424 0.7733276 0.1817181
0.04372971 0.7969955 0.1592748
0.04898616 0.7983397 0.1526741
0.04816793 0.7850014 0.1668307
0.05514541 0.7933843 0.1514702
0.07511982 0.7624629 0.1624173
0.06420494 0.761669 0.1741261
0.06067659 0.7569125 0.1824109
0.04810278 0.7829638 0.1689334
0.06053629 0.7763243 0.1631394
0.05204111 0.8032814 0.1446775
0.04716064 0.7911598 0.1616796
0.06607532 0.7773614 0.1565632
0.06565246 0.7825025 0.151845
0.08440557 0.7526889 0.1629056
0.05565743 0.7865363 0.1578063
0.05140749 0.7804096 0.1681829
0.06340695 0.7477942 0.1887988
0.05341558 0.7813403 0.1652441
0.05292158 0.7710058 0.1760726
0.05776546 0.7999413 0.1422933
0.06476066 0.7925536 0.1426858
0.06505586 0.7832525 0.1516916
0.06698582 0.7536338 0.1793804
0.05308571 0.788252 0.1586622
0.06461703 0.7734098 0.1619731
0.05213474 0.7923515 0.1555137
0.05033516 0.7823637 0.1673011
0.07314125 0.7614947 0.165364
0.06533321 0.7547367 0.1799301
0.04749514 0.7673505 0.1851543
0.05717648 0.7797361 0.1630874
0.05693996 0.7893584 0.1537016
0.04631859 0.7951449 0.1585365
0.0496515 0.7624001 0.1879484
0.04806598 0.7969824 0.1549516
0.0475289 0.8047658 0.1477053
0.0759689 0.7656135 0.1584176
0.05615697 0.7762627 0.1675803
0.06807653 0.7838978 0.1480256
0.05150604 0.780402 0.1680919
0.0656777 0.7635607 0.1707616
0.05159227 0.7736478 0.17476
0.05169589 0.8004885 0.1478156
0.05165121 0.7925394 0.1558094
0.04880861 0.7782891 0.1729023
0.04683655 0.7822567 0.1709067
0.05330272 0.7631797 0.1835176
0.03716644 0.7772461 0.1855875
0.06269394 0.780931 0.1563751
0.05062278 0.7973509 0.1520263
0.05367533 0.7679748 0.1783499
0.06430963 0.7623194 0.173371
0.06112928 0.7686054 0.1702654
0.05533533 0.7770343 0.1676304
0.04901432 0.7804927 0.170493
0.05188611 0.7645606 0.1835533
0.05513198 0.7555969 0.1892711
0.05675907 0.7774926 0.1657483
0.05817998 0.7777797 0.1640403
0.05068348 0.7907484 0.1585682
0.05922572 0.7727269 0.1680474
0.06370911 0.7625393 0.1737516
0.05430323 0.7687502 0.1769466
0.04791565 0.7760426 0.1760418
0.05029933 0.7870725 0.1626282
0.04747297 0.8071818 0.1453453
0.06442423 0.783369 0.1522068
0.06093092 0.7464185 0.1926506
0.06324714 0.7791611 0.1575917
0.05986276 0.7726536 0.1674836
0.06225764 0.7716073 0.1661351
0.05015929 0.77133 0.1785107
0.06631586 0.768686 0.1649982
0.06524653 0.7696247 0.1651288
0.05357513 0.7866413 0.1597836
0.04608417 0.7706106 0.1833052
0.05454291 0.8039185 0.1415386
0.05269811 0.7835286 0.1637733
0.05473597 0.7725747 0.1726893
0.04818201 0.794362 0.157456
0.05575344 0.7899325 0.154314
0.05828511 0.7711072 0.1706077
0.05239463 0.7745629 0.1730425
0.06068206 0.770083 0.1692349
0.0517941 0.7813221 0.1668838
0.04664803 0.7808133 0.1725387
0.05682613 0.7797758 0.163398
0.05557914 0.7791591 0.1652618
0.05895488 0.804039 0.1370061
0.05453456 0.8102227 0.1352427
0.0607052 0.7741889 0.1651059
0.03693307 0.8148331 0.1482339
0.07669879 0.7739695 0.1493317
0.05302402 0.7951634 0.1518126
0.05861889 0.7692628 0.1721183
0.05774122 0.7909093 0.1513495
0.05279168 0.7945957 0.1526127
0.05509976 0.7717329 0.1731674
0.03806209 0.8047445 0.1571934
0.05622869 0.7606529 0.1831184
0.04479105 0.7931638 0.1620452
0.04646896 0.7724319 0.1810992
0.05317227 0.7715377 0.17529
0.05827112 0.7736302 0.1680987
0.04660664 0.780622 0.1727714
0.05576776 0.7931269 0.1511053
0.05029185 0.7871602 0.1625479
0.04244184 0.7861082 0.1714499
0.05122147 0.7760509 0.1727276
0.05751231 0.769764 0.1727237
0.05963776 0.7916749 0.1486874
0.05466534 0.784275 0.1610597
0.0592135 0.7831103 0.1576762
0.07659 0.78207 0.14134
0.05785629 0.7921783 0.1499654
0.04198096 0.7708257 0.1871933
0.05821221 0.7740909 0.1676969
0.05773124 0.781289 0.1609798
0.07022199 0.7783858 0.1513922
0.05053082 0.7810558 0.1684133
0.04876234 0.7856259 0.1656117
0.03935234 0.7692746 0.1913731
0.04718951 0.7891985 0.163612
0.05441328 0.7868016 0.1587851
0.05336592 0.7976023 0.1490317
0.04444261 0.7993113 0.1562461
0.06389758 0.7851724 0.15093
0.04795769 0.7982607 0.1537816
0.05884285 0.7749731 0.1661841
0.05446996 0.7926238 0.1529062
0.05716104 0.7635523 0.1792867
0.05549494 0.7786248 0.1658803
0.0486983 0.7932934 0.1580083
0.06403113 0.7710046 0.1649643
0.05910921 0.7842971 0.1565936
0.0421883 0.8084346 0.1493771
0.05262351 0.777229 0.1701475
0.05350468 0.7880059 0.1584894
0.05841866 0.8015804 0.140001
0.03695099 0.7722786 0.1907704
0.07112008 0.784593 0.144287
0.04478714 0.7886414 0.1665715
0.0538409 0.7907472 0.1554119
0.05732038 0.7918556 0.150824
0.06899607 0.7629554 0.1680485
0.0600442 0.7793546 0.1606012
0.0494625 0.7896305 0.160907
0.05377029 0.7497613 0.1964684
0.0581989 0.7668753 0.1749258
0.06124969 0.7822715 0.1564788
0.05180766 0.7950151 0.1531772
0.06944489 0.7803664 0.1501887
0.05791582 0.7844669 0.1576173
0.04915451 0.7855685 0.165277
0.05031037 0.7911741 0.1585155
0.05740583 0.7724861 0.170108
0.06363478 0.7900177 0.1463475
0.06025079 0.7685241 0.1712251
0.04859299 0.7953895 0.1560175
0.05944083 0.7757496 0.1648096
0.06202972 0.773701 0.1642692
0.05362874 0.7904067 0.1559646
0.04730204 0.8099174 0.1427806
0.05533871 0.7917069 0.1529543
0.04765493 0.7953611 0.156984
0.06461225 0.7750228 0.160365
0.04974504 0.7698488 0.1804062
0.05102184 0.76772 0.1812581
0.03846034 0.7921454 0.1693943
0.05665487 0.7923392 0.1510059
0.05119331 0.7846223 0.1641844
0.05828258 0.7686465 0.1730709
0.04898663 0.7934119 0.1576015
0.04831496 0.7839876 0.1676974
0.04387984 0.7748235 0.1812967
0.04694723 0.7882263 0.1648264
0.05414285 0.7624444 0.1834128
0.06091815 0.7603997 0.1786822
0.05594491 0.8036198 0.1404353
0.06190906 0.7658184 0.1722726
0.03596026 0.7857286 0.1783111
0.04972786 0.7777976 0.1724745
0.04262198 0.7646665 0.1927115
0.06341029 0.7688893 0.1677004
0.05449309 0.7620169 0.18349
0.05665669 0.807891 0.1354523
0.05106123 0.7825389 0.1663999
0.0590079 0.7690979 0.1718942
0.04318162 0.7964165 0.1604018
0.0603938 0.7761094 0.1634968
0.05545602 0.7453782 0.1991658
0.06900333 0.7727063 0.1582903
0.05657906 0.7721664 0.1712546
0.06340504 0.7832678 0.1533272
0.04108562 0.8074335 0.1514809
0.06661644 0.7853683 0.1480152
0.06534148 0.7729559 0.1617026
0.05087577 0.7927779 0.1563463
0.04739987 0.7897204 0.1628797
0.04753664 0.8044229 0.1480404
0.05300985 0.7648738 0.1821164
0.06474786 0.7722573 0.1629948
0.07362878 0.7704345 0.1559368
0.06879929 0.7878249 0.1433758
0.04770636 0.8262361 0.1260575
0.06195589 0.7603625 0.1776816
0.05736177 0.7863358 0.1563024
0.05708603 0.7904747 0.1524393
0.05295419 0.7896697 0.1573761
0.04248331 0.7934262 0.1640905
0.05019891 0.7685051 0.181296
0.05482516 0.7692347 0.1759401
0.04343397 0.7952572 0.1613089
0.05595944 0.7819142 0.1621263
0.06610897 0.7518433 0.1820478
0.06827452 0.7848006 0.1469249
0.06249421 0.7937758 0.14373
0.06027774 0.7700194 0.1697029
0.06145668 0.785706 0.1528373
0.04908484 0.7744821 0.1764331
0.05786657 0.7757275 0.166406
0.05213274 0.7690183 0.178849
0.0492283 0.80169 0.1490817
0.04946033 0.7952275 0.1553122
0.04645699 0.7865659 0.1669771
0.05727176 0.7892005 0.1535278
0.06805074 0.7772952 0.1546541
0.05791207 0.7855671 0.1565209
0.04258872 0.7871842 0.1702271
0.05607338 0.7792059 0.1647207
0.05138607 0.7939814 0.1546326
0.04372739 0.7975563 0.1587163
0.05646312 0.7630696 0.1804673
0.06179204 0.770798 0.1674099
0.05763856 0.7751648 0.1671967
0.04776155 0.7979056 0.1543328
0.06204692 0.7773697 0.1605834
0.03196134 0.8200476 0.1479911
0.05408295 0.7688764 0.1770406
0.05189707 0.7700281 0.1780748
0.06375723 0.7625903 0.1736525
0.05670139 0.7782811 0.1650175
0.05658558 0.7785825 0.1648319
0.05753931 0.7614494 0.1810113
0.05184137 0.79096 0.1571986
0.0547349 0.777533 0.1677321
0.05038376 0.7835733 0.166043
0.0424394 0.8061733 0.1513873
0.04792663 0.7959665 0.1561069
0.06868488 0.798801 0.1325141
0.04600562 0.7995167 0.1544777
0.06311161 0.8041102 0.1327782
0.07327204 0.7659392 0.1607887
0.04024801 0.7970132 0.1627388
0.04880431 0.7708895 0.1803062
0.05836351 0.7881251 0.1535114
0.07464506 0.764926 0.160429
0.04289772 0.8065355 0.1505668
0.04683271 0.7846655 0.1685018
0.0533063 0.7763917 0.170302
0.05934096 0.7874941 0.1531649
0.06020934 0.7862576 0.1535331
0.0534044 0.7981829 0.1484127
0.06978217 0.7573634 0.1728544
0.04654856 0.797034 0.1564174
0.05386817 0.7866861 0.1594457
0.04338848 0.7902661 0.1663454
0.04364299 0.7919462 0.1644108
0.06582342 0.7839012 0.1502754
0.05771726 0.7789916 0.1632912
0.05539287 0.7773629 0.1672442
0.05970306 0.7766952 0.1636018
0.06145197 0.7713236 0.1672244
0.04343656 0.7929166 0.1636469
0.06514271 0.7752058 0.1596515
0.04697832 0.7811801 0.1718415
0.06019368 0.7734375 0.1663688
0.04653844 0.8101083 0.1433532
0.04471645 0.8073453 0.1479382
0.06369808 0.8032256 0.1330763
0.04697757 0.8068128 0.1462097
0.04403616 0.7827925 0.1731714
0.05749005 0.769148 0.1733619
0.04808928 0.782802 0.1691087
0.05734199 0.7847214 0.1579366
0.05857485 0.7948612 0.146564
0.06405404 0.7606351 0.1753109
0.06997406 0.7737182 0.1563078
0.05933319 0.7874201 0.1532467
0.0640213 0.7737291 0.1622496
0.05710224 0.7755571 0.1673407
0.04908282 0.8055051 0.1454121
0.05766979 0.8003301 0.1420002
0.06233456 0.7439413 0.1937241
0.04773683 0.7887764 0.1634868
0.04967473 0.8062225 0.1441028
0.04093259 0.7891569 0.1699105
0.04662543 0.7691325 0.1842421
