"p_1" "p_2" "p_3"
0.06324711 0.1815303 0.7552225
0.05375831 0.1692041 0.7770376
0.05406846 0.1413195 0.8046121
0.04888413 0.1704895 0.7806264
0.05537255 0.1523188 0.7923086
0.04893003 0.1797727 0.7712972
0.06881598 0.1638647 0.7673193
0.05652196 0.1740025 0.7694756
0.04747227 0.155936 0.7965917
0.03627786 0.171216 0.7925061
0.05478682 0.1565287 0.7886845
0.07113402 0.1487889 0.7800771
0.05405684 0.1658147 0.7801284
0.04297528 0.1626123 0.7944125
0.04577356 0.1535468 0.8006797
0.04612444 0.1721796 0.781696
0.0483869 0.1769001 0.774713
0.05529487 0.1558652 0.7888399
0.05386719 0.1720752 0.7740576
0.04981505 0.1559577 0.7942272
0.04553867 0.169435 0.7850263
0.05930539 0.1689665 0.7717281
0.04418483 0.1492324 0.8065828
0.06875588 0.1723543 0.7588898
0.05056059 0.160862 0.7885775
0.05617907 0.1527373 0.7910836
0.05152981 0.151589 0.7968812
0.06336196 0.1612941 0.7753439
0.03879208 0.1759759 0.7852321
0.04203296 0.1648591 0.793108
0.05664554 0.1670918 0.7762626
0.04507025 0.1522623 0.8026675
0.04929911 0.1606655 0.7900354
0.03993405 0.1724648 0.7876012
0.0514993 0.1647588 0.7837419
0.06931011 0.1721338 0.7585561
0.0499223 0.1794593 0.7706184
0.05223789 0.1859048 0.7618573
0.04798252 0.1604787 0.7915388
0.04898055 0.1372636 0.8137558
0.05360119 0.1513847 0.7950141
0.05511913 0.1670717 0.7778092
0.05295586 0.1688182 0.778226
0.05391551 0.1883963 0.7576882
0.05568493 0.1647257 0.7795894
0.04098995 0.168285 0.7907251
0.06242902 0.1647038 0.7728672
0.04818609 0.1756797 0.7761343
0.05525987 0.1623573 0.7823828
0.04978555 0.1654514 0.7847631
0.05129039 0.1639354 0.7847743
0.06034868 0.1733211 0.7663302
0.05189297 0.1561949 0.7919122
0.05382334 0.1744396 0.7717371
0.04918213 0.1722698 0.7785481
0.05218391 0.1657203 0.7820958
0.04367577 0.1546524 0.8016719
0.04469814 0.1678646 0.7874373
0.06743775 0.1668194 0.7657428
0.06123452 0.1794985 0.7592669
0.06201477 0.1703155 0.7676697
0.05704319 0.161082 0.7818748
0.05477261 0.1613362 0.7838912
0.05359461 0.1623085 0.7840969
0.04828008 0.1750856 0.7766344
0.05184851 0.1850024 0.7631491
0.05241665 0.1730524 0.7745309
0.04483786 0.1740617 0.7811005
0.06024814 0.1876122 0.7521397
0.04839335 0.1623368 0.7892698
0.04902603 0.1857043 0.7652696
0.04237483 0.16783 0.7897952
0.04635893 0.161054 0.7925871
0.04748685 0.158936 0.7935771
0.05072966 0.159923 0.7893474
0.03811104 0.1645125 0.7973764
0.05921015 0.1643515 0.7764383
0.0508609 0.1438929 0.8052462
0.06316792 0.1688348 0.7679972
0.04868006 0.1224204 0.8288996
0.05950789 0.1668619 0.7736302
0.05848385 0.176297 0.7652192
0.0491356 0.167817 0.7830474
0.05012211 0.1471818 0.8026961
0.05906555 0.169216 0.7717184
0.05678094 0.1530003 0.7902187
0.05725853 0.1517959 0.7909455
0.05301737 0.1524918 0.7944909
0.0495817 0.1755356 0.7748827
0.05920111 0.1606735 0.7801254
0.05872317 0.1824379 0.758839
0.05945552 0.1439325 0.796612
0.06874829 0.1468129 0.7844388
0.05240972 0.1602376 0.7873526
0.05348643 0.1788019 0.7677116
0.0486483 0.1571937 0.794158
0.0504125 0.1612448 0.7883427
0.04887928 0.1649239 0.7861968
0.05914638 0.1385867 0.802267
0.04031887 0.1549638 0.8047174
0.05288261 0.1552102 0.7919072
0.06437622 0.1709084 0.7647154
0.05881217 0.155229 0.7859588
0.04983137 0.155021 0.7951476
0.05253341 0.1675859 0.7798807
0.06785965 0.1426037 0.7895366
0.0472928 0.1616426 0.7910646
0.05209583 0.186081 0.7618232
0.04884964 0.1590167 0.7921337
0.05480073 0.1701304 0.7750689
0.05328968 0.177008 0.7697023
0.05652409 0.1628619 0.780614
0.07090545 0.1530976 0.775997
0.05215063 0.1695 0.7783493
0.0603569 0.1708356 0.7688075
0.0558235 0.1590548 0.7851217
0.05094694 0.1826804 0.7663726
0.04939848 0.1701508 0.7804507
0.05353906 0.186281 0.7601799
0.04290739 0.1949915 0.7621011
0.04658145 0.1620082 0.7914104
0.04728956 0.1715122 0.7811982
0.05555204 0.1825612 0.7618867
0.04337256 0.1765856 0.7800418
0.04521724 0.1705347 0.784248
0.06165825 0.1469225 0.7914192
0.05678857 0.1546517 0.7885597
0.05052112 0.1604871 0.7889918
0.04512506 0.190772 0.7641029
0.05754186 0.1667237 0.7757344
0.04899037 0.1581065 0.7929031
0.04843505 0.1712974 0.7802675
0.05111085 0.1823829 0.7665063
0.05244037 0.1736168 0.7739429
0.05163786 0.1577575 0.7906046
0.04897686 0.1850372 0.765986
0.05380235 0.1970484 0.7491492
0.0639431 0.1669494 0.7691075
0.05968644 0.1602472 0.7800663
0.06296718 0.1686622 0.7683706
0.05241142 0.1499237 0.7976649
0.03983493 0.1628778 0.7972873
0.05785808 0.1414322 0.8007097
0.04666453 0.152221 0.8011145
0.05143021 0.181473 0.7670968
0.05297462 0.1799688 0.7670566
0.04698098 0.1558326 0.7971864
0.05415129 0.1705191 0.7753296
0.04728233 0.1484054 0.8043123
0.05814759 0.1636953 0.7781572
0.04449397 0.1916281 0.7638779
0.04456204 0.1626246 0.7928134
0.06158516 0.1633817 0.7750331
0.05580076 0.1551311 0.7890681
0.06143678 0.1641033 0.7744599
0.06417202 0.1708172 0.7650107
0.04196389 0.1679482 0.7900879
0.05707526 0.1482372 0.7946875
0.06282532 0.1784415 0.7587332
0.05511998 0.1746869 0.7701931
0.05637156 0.1768324 0.766796
0.06833323 0.1666193 0.7650475
0.05533884 0.1625952 0.7820659
0.06536042 0.1485124 0.7861272
0.0522161 0.1590075 0.7887764
0.062944 0.1604516 0.7766044
0.05635511 0.1841895 0.7594554
0.05876383 0.167049 0.7741871
0.04503158 0.1523214 0.8026471
0.04673959 0.1771288 0.7761316
0.0598731 0.1574953 0.7826315
0.06758591 0.148853 0.7835611
0.04867244 0.1652381 0.7860894
0.05215295 0.173454 0.7743931
0.0531271 0.1704103 0.7764626
0.0514234 0.1635407 0.7850359
0.05848088 0.1650134 0.7765057
0.06484481 0.1476335 0.7875217
0.04948055 0.178767 0.7717524
0.04372401 0.154846 0.80143
0.06119074 0.1658563 0.772953
0.05450473 0.1566985 0.7887967
0.05814732 0.1764169 0.7654358
0.05615059 0.1768772 0.7669722
0.05894496 0.1751189 0.7659361
0.05253436 0.1685533 0.7789123
0.06205886 0.157861 0.7800802
0.06161332 0.1669794 0.7714073
0.0526894 0.1780312 0.7692794
0.0521931 0.1650835 0.7827234
0.05582393 0.1542771 0.7898989
0.05720433 0.1747453 0.7680504
0.05002673 0.1558668 0.7941065
0.05221765 0.1689056 0.7788767
0.05121595 0.1685754 0.7802087
0.06888595 0.1625557 0.7685584
0.05472401 0.1752175 0.7700585
0.049141 0.1717431 0.7791159
0.05170666 0.1697384 0.778555
0.05233849 0.1535299 0.7941316
0.04680733 0.1566191 0.7965736
0.0528783 0.1864702 0.7606515
0.05431933 0.1551951 0.7904856
0.05629023 0.156858 0.7868518
0.04662738 0.1829194 0.7704532
0.05924365 0.1717688 0.7689875
0.05188416 0.1475781 0.8005377
0.05751343 0.1564253 0.7860612
0.0492636 0.1578827 0.7928537
0.05414126 0.1915823 0.7542764
0.06390197 0.1650974 0.7710006
0.05227058 0.1495841 0.7981453
0.05730662 0.145364 0.7973293
0.04990839 0.1584326 0.791659
0.05697187 0.1775216 0.7655066
0.05065391 0.1758882 0.7734579
0.0546085 0.1717873 0.7736042
0.04529513 0.1604637 0.7942411
0.05674779 0.1606364 0.7826158
0.05014007 0.1555956 0.7942644
0.05095144 0.1583101 0.7907385
0.04740349 0.1609369 0.7916596
0.04940849 0.1550864 0.7955051
0.06509373 0.1660735 0.7688327
0.06487099 0.1527478 0.7823812
0.05912489 0.1985143 0.7423608
0.05164846 0.1712181 0.7771335
0.05069143 0.1579876 0.7913209
0.06202086 0.1725067 0.7654725
0.05292396 0.1599151 0.787161
0.04477324 0.1584662 0.7967605
0.06409516 0.1668772 0.7690276
0.04635925 0.1725365 0.7811042
0.05069757 0.2063084 0.742994
0.05258257 0.1764852 0.7709322
0.05888078 0.1445242 0.796595
0.06119728 0.1568255 0.7819772
0.0527303 0.1636208 0.7836489
0.06389363 0.1717238 0.7643826
0.0415361 0.1643875 0.7940764
0.05380094 0.1769295 0.7692696
0.05293484 0.1627046 0.7843605
0.06672747 0.1771666 0.756106
0.05347643 0.1646746 0.7818489
0.04357619 0.1509034 0.8055204
0.04980969 0.1668144 0.7833759
0.06177411 0.1766671 0.7615588
0.047992 0.1567678 0.7952402
0.04625484 0.1612583 0.7924869
0.0606992 0.1589485 0.7803523
0.04820998 0.174682 0.777108
0.04324196 0.1632107 0.7935473
0.04622344 0.1590235 0.7947531
0.05679734 0.1677806 0.7754221
0.05316172 0.1671341 0.7797041
0.04769442 0.1760188 0.7762868
0.05176877 0.1864596 0.7617716
0.05145156 0.1659514 0.782597
0.06496334 0.1502402 0.7847965
0.0567055 0.1682483 0.7750462
0.0611716 0.151815 0.7870134
0.0541119 0.1671681 0.77872
0.04565198 0.1567975 0.7975505
0.05183055 0.1668918 0.7812776
0.05772367 0.1563069 0.7859694
0.0530859 0.1636817 0.7832324
0.05385413 0.1808601 0.7652857
0.05822188 0.1591979 0.7825802
0.05032574 0.1616659 0.7880083
0.04654424 0.1460992 0.8073566
0.04755825 0.1705823 0.7818595
0.0503521 0.1850053 0.7646426
0.05507293 0.1627665 0.7821606
0.04556217 0.1687793 0.7856585
0.05258292 0.1729549 0.7744622
0.05916851 0.1711241 0.7697073
0.06245156 0.1864236 0.7511249
0.07127697 0.1742502 0.7544728
0.05291747 0.1453174 0.8017652
0.05290931 0.1633847 0.783706
0.04718565 0.1723454 0.7804689
0.04667105 0.1605419 0.792787
0.050674 0.1665288 0.7827972
0.06485756 0.1520745 0.7830679
0.05023192 0.1792586 0.7705095
0.0611444 0.1340763 0.8047793
0.04884408 0.173529 0.7776269
0.04741067 0.1686183 0.783971
0.06813695 0.1717846 0.7600785
0.06226971 0.1669195 0.7708108
0.05951917 0.1579373 0.7825436
0.04973688 0.1650042 0.7852589
0.05161115 0.1768883 0.7715005
0.04501295 0.1610818 0.7939053
0.05044222 0.1791556 0.7704022
0.05174325 0.1789529 0.7693038
0.04423786 0.1679098 0.7878524
0.05085712 0.1570145 0.7921284
0.04738209 0.1611011 0.7915168
0.05479251 0.1575612 0.7876463
0.05230101 0.1753704 0.7723285
0.05353578 0.1740303 0.7724339
0.04952828 0.1839221 0.7665496
0.05135014 0.1827874 0.7658625
0.05415523 0.1775376 0.7683072
0.05832089 0.1596873 0.7819918
0.04190433 0.192054 0.7660416
0.06128099 0.1623985 0.7763205
0.04386088 0.1664589 0.7896803
0.05661417 0.1865986 0.7567872
0.05127454 0.1795958 0.7691297
0.05266239 0.1451062 0.8022314
0.0585504 0.1449792 0.7964705
0.04620881 0.1719103 0.7818809
0.05511689 0.1466049 0.7982782
0.05477431 0.1444064 0.8008193
0.04710161 0.1682986 0.7845998
0.06142745 0.1587003 0.7798723
0.05906313 0.1751637 0.7657732
0.05707253 0.1706428 0.7722847
0.04943002 0.1587085 0.7918614
0.05271655 0.1620521 0.7852313
0.06217976 0.1606104 0.7772098
0.04771202 0.1549551 0.7973329
0.05597539 0.1672281 0.7767965
0.06105474 0.1752628 0.7636825
0.05950292 0.1805723 0.7599247
0.05469236 0.1567882 0.7885194
0.04879201 0.1766214 0.7745866
0.05713772 0.1874824 0.7553798
0.05976668 0.1992807 0.7409526
0.04717857 0.1670261 0.7857953
0.03700967 0.1433649 0.8196254
0.04017318 0.158859 0.8009678
0.0458096 0.1467519 0.8074385
0.06029465 0.1464714 0.793234
0.06977015 0.1866661 0.7435637
0.06459639 0.1760844 0.7593192
0.05545736 0.1661298 0.7784128
0.0544098 0.1529194 0.7926708
0.04999761 0.1768407 0.7731617
0.07013825 0.1529194 0.7769424
0.06211333 0.1806534 0.7572333
0.05675077 0.1550974 0.7881518
0.0481652 0.1634667 0.7883681
0.04824643 0.1602302 0.7915234
0.0613164 0.1854158 0.7532678
0.05166691 0.1641406 0.7841925
0.0594007 0.1688824 0.7717169
0.05751567 0.1615857 0.7808986
0.06812142 0.1597923 0.7720863
0.05733411 0.2036338 0.7390321
0.04415647 0.1734514 0.7823922
0.05988469 0.1523181 0.7877972
0.04834881 0.1712684 0.7803828
0.04657249 0.1624323 0.7909953
0.04359198 0.1424742 0.8139339
0.05860269 0.1590145 0.7823829
0.06557776 0.1718747 0.7625475
0.06280778 0.1408743 0.7963179
0.05820568 0.1484426 0.7933517
0.06024036 0.1596244 0.7801352
0.06206489 0.1753267 0.7626084
0.05944463 0.1791515 0.7614039
0.0561007 0.1727683 0.771131
0.04732445 0.1609696 0.791706
0.04976503 0.1828822 0.7673528
0.03947321 0.138685 0.8218418
0.04734952 0.1504112 0.8022393
0.05655819 0.1704983 0.7729435
0.05246705 0.1720736 0.7754593
0.04146154 0.1614742 0.7970642
0.05844001 0.1763156 0.7652444
0.05799202 0.1471528 0.7948552
0.05555723 0.1655135 0.7789292
0.04090657 0.1723328 0.7867606
0.06326203 0.1449788 0.7917592
0.05955207 0.1806847 0.7597632
0.04973579 0.1586805 0.7915837
0.05061187 0.1560995 0.7932886
0.04418325 0.1604987 0.7953181
0.06025545 0.1647328 0.7750118
0.05287299 0.1729331 0.7741939
0.05387194 0.1826498 0.7634783
0.04923112 0.1858467 0.7649222
0.0561345 0.1751855 0.76868
0.04360308 0.1382298 0.8181671
0.04722189 0.1365557 0.8162224
0.06011584 0.1664586 0.7734255
0.06270632 0.1613668 0.7759269
0.04900531 0.1667178 0.7842769
0.05623651 0.1788081 0.7649554
0.04599015 0.1553982 0.7986116
0.05713674 0.1726195 0.7702438
0.04719451 0.1828201 0.7699854
0.0530294 0.1792975 0.7676731
0.06078602 0.1525759 0.7866381
0.05731248 0.1740469 0.7686406
0.0550452 0.16246 0.7824948
0.0419032 0.1630271 0.7950697
0.04381991 0.164647 0.7915331
0.04989414 0.1572916 0.7928142
0.05164403 0.1819922 0.7663638
0.047028 0.1721621 0.7808099
0.04439376 0.1774758 0.7781304
0.05313324 0.1684443 0.7784225
0.05820715 0.1619584 0.7798344
0.04723478 0.1654325 0.7873327
0.05156015 0.1552197 0.7932202
0.05072449 0.1694657 0.7798098
0.05157269 0.1745814 0.7738459
0.05305157 0.1663093 0.7806392
0.04852045 0.1641043 0.7873752
0.05900399 0.184017 0.756979
0.04939124 0.1688601 0.7817487
0.04328613 0.1935298 0.763184
0.04219631 0.1792938 0.7785099
0.05586057 0.1696321 0.7745073
0.0681935 0.1592575 0.772549
0.04935905 0.1602043 0.7904366
0.05188833 0.1664162 0.7816955
0.05665999 0.1735329 0.7698071
0.04256244 0.1882595 0.7691781
0.06235015 0.1680977 0.7695521
0.04980565 0.1708237 0.7793707
0.04320263 0.1803974 0.7764
0.06732529 0.1766586 0.7560162
0.06324657 0.1614278 0.7753257
0.05700301 0.1467676 0.7962294
0.045838 0.163369 0.790793
0.04750138 0.1796362 0.7728624
0.05566215 0.1379926 0.8063452
0.05564455 0.1614245 0.7829309
0.05587082 0.1589535 0.7851757
0.05205985 0.1502489 0.7976912
0.04814388 0.1687678 0.7830883
0.04415245 0.1755256 0.7803219
0.06998262 0.1766134 0.753404
0.06682861 0.1696877 0.7634837
0.05672383 0.1657565 0.7775196
0.04982305 0.1779718 0.7722051
0.06475798 0.1809144 0.7543276
0.06097527 0.1680654 0.7709594
0.05410457 0.1644184 0.781477
0.05074997 0.1708209 0.7784291
0.05654951 0.1789409 0.7645096
0.0661009 0.1805435 0.7533556
0.04494966 0.1635649 0.7914854
0.05070781 0.1937181 0.7555741
0.05601361 0.1814561 0.7625303
0.04791933 0.1528517 0.799229
0.05140621 0.1660786 0.7825152
0.06066975 0.1726 0.7667303
0.0540331 0.1527238 0.7932431
0.04732243 0.1868405 0.7658371
0.04495636 0.16623 0.7888136
0.05080661 0.157328 0.7918654
0.05274962 0.1591581 0.7880922
0.05971802 0.1474607 0.7928213
0.04959244 0.1808474 0.7695601
0.06112804 0.1622823 0.7765897
0.05104361 0.1722572 0.7766991
0.06087865 0.1743712 0.7647501
0.05529015 0.1539417 0.7907682
0.05768828 0.1798707 0.762441
0.06189629 0.1595994 0.7785043
0.05560556 0.1677561 0.7766384
0.05256439 0.1643325 0.7831031
0.04825453 0.1675322 0.7842132
0.04922388 0.153917 0.7968591
0.05386131 0.1575117 0.788627
0.060385 0.1510029 0.7886121
0.05083241 0.1849565 0.7642111
0.05167905 0.1775986 0.7707223
0.05065792 0.1523318 0.7970103
0.05510392 0.1881941 0.756702
0.05326907 0.1808626 0.7658683
0.0524103 0.1662351 0.7813546
0.05958807 0.1813859 0.759026
0.04012584 0.1637173 0.7961569
0.04221625 0.1661266 0.7916572
0.05667964 0.1391564 0.804164
0.06631057 0.1668771 0.7668123
0.04736199 0.1571381 0.7954999
0.06177237 0.1582696 0.779958
0.04983764 0.1631993 0.7869631
0.06666074 0.1337866 0.7995526
0.05676404 0.1712895 0.7719465
0.05734029 0.1551405 0.7875192
0.05372771 0.1386555 0.8076168
0.06209023 0.165176 0.7727338
0.04539525 0.1876037 0.7670011
0.04887957 0.1620752 0.7890453
0.04425859 0.1572109 0.7985305
0.06202395 0.154802 0.783174
0.05683473 0.1745102 0.7686551
0.05369663 0.1800055 0.7662979
0.05692128 0.1705063 0.7725724
0.06218465 0.1421808 0.7956346
0.04780149 0.1818832 0.7703153
0.06541301 0.169308 0.7652789
0.05025373 0.1682911 0.7814552
0.06421843 0.176993 0.7587886
0.04713276 0.1590312 0.7938361
0.06121745 0.1717538 0.7670287
0.0454114 0.1638552 0.7907334
0.04904982 0.1731155 0.7778347
0.05243606 0.1823026 0.7652614
0.07201592 0.1525099 0.7754741
0.05644311 0.1751566 0.7684003
0.04122837 0.1590158 0.7997559
0.05830902 0.1708868 0.7708042
0.05033226 0.1529754 0.7966923
0.04832492 0.1743368 0.7773382
0.05148681 0.1662986 0.7822146
0.05008081 0.1632059 0.7867133
0.04991803 0.1738433 0.7762387
0.05848123 0.1501663 0.7913524
0.05697947 0.1731819 0.7698386
0.07069062 0.1800042 0.7493051
0.0542887 0.1634287 0.7822826
0.06423685 0.171808 0.7639551
0.05640913 0.1602867 0.7833041
0.0449655 0.1730049 0.7820296
0.05664413 0.1730305 0.7703254
0.05920809 0.1625947 0.7781972
0.0541967 0.1518664 0.7939369
0.04754349 0.1612278 0.7912287
0.04583043 0.1557678 0.7984017
0.04952415 0.165644 0.7848318
0.04745746 0.1772252 0.7753173
0.0520967 0.1762829 0.7716204
0.05441197 0.1777437 0.7678443
0.06383081 0.1555379 0.7806313
0.05666423 0.1672824 0.7760534
0.05884536 0.1511214 0.7900333
0.05020894 0.1379584 0.8118326
0.04636366 0.1677498 0.7858865
0.04212701 0.1486762 0.8091968
0.04520227 0.1447491 0.8100486
0.04708661 0.1643541 0.7885593
0.06849304 0.1674678 0.7640392
0.05596613 0.1723511 0.7716827
0.06147861 0.164856 0.7736654
0.05288445 0.1653484 0.7817672
0.05772993 0.1764255 0.7658446
0.05985363 0.1818462 0.7583002
0.05772651 0.2084386 0.7338349
0.04997716 0.1728074 0.7772154
0.05344851 0.1865085 0.760043
0.06218987 0.140227 0.7975831
0.05530753 0.1816136 0.7630788
0.03550914 0.1728829 0.791608
0.060986 0.1516747 0.7873393
0.05182275 0.1488349 0.7993423
0.05089564 0.1531724 0.795932
0.0483555 0.1763976 0.7752469
0.04586778 0.1497241 0.8044081
0.06301833 0.1812447 0.7557369
0.06030502 0.1847053 0.7549897
0.06235291 0.1559412 0.7817059
0.0497277 0.174405 0.7758673
0.04861668 0.1638673 0.7875161
0.06139653 0.151887 0.7867165
0.05988018 0.144544 0.7955758
0.05728067 0.1593331 0.7833863
0.05445654 0.1685102 0.7770333
0.05523299 0.1640284 0.7807386
0.05425019 0.1507358 0.795014
0.04974259 0.1685479 0.7817095
0.06133424 0.1534678 0.785198
0.04745134 0.1737066 0.7788421
0.06805641 0.158794 0.7731496
0.07052301 0.1700235 0.7594535
0.05154192 0.1457845 0.8026736
0.05157379 0.1700741 0.7783522
0.04941065 0.1690918 0.7814976
0.05081913 0.1648105 0.7843703
0.06058825 0.1558524 0.7835594
0.04804033 0.1659552 0.7860044
0.05953141 0.171414 0.7690546
0.03849044 0.1810291 0.7804805
0.05568836 0.154453 0.7898586
0.04971102 0.1610674 0.7892216
0.04635621 0.1492087 0.8044351
0.05008837 0.1683551 0.7815566
0.05224749 0.1649648 0.7827877
0.05059857 0.1687641 0.7806373
0.06219899 0.1707666 0.7670344
0.04392324 0.158459 0.7976178
0.06619343 0.1520307 0.7817759
0.05307184 0.1643097 0.7826184
0.04585003 0.1698928 0.7842572
0.04559459 0.1631554 0.79125
0.05381047 0.1571553 0.7890342
0.04945989 0.166873 0.7836671
0.05144233 0.1623104 0.7862473
0.05223777 0.1608361 0.7869261
0.0666611 0.1478359 0.785503
0.08037031 0.1747724 0.7448573
0.05581296 0.1616724 0.7825146
0.05798618 0.1749047 0.7671091
0.05369688 0.1739273 0.7723758
0.05096966 0.1714731 0.7775572
0.0508804 0.1678906 0.781229
0.05587132 0.1696105 0.7745181
0.05340877 0.1622683 0.7843229
0.05923056 0.1809647 0.7598047
0.05244781 0.168702 0.7788502
0.05885091 0.1700664 0.7710827
0.04422447 0.168879 0.7868965
0.05352091 0.1462585 0.8002206
0.05165829 0.1790392 0.7693025
0.04582917 0.191515 0.7626559
0.05214364 0.1696979 0.7781585
0.0538503 0.1737309 0.7724188
0.05742029 0.18175 0.7608297
0.05461538 0.1685052 0.7768794
0.05221042 0.1668112 0.7809784
0.05745927 0.1792381 0.7633026
0.04722167 0.1930937 0.7596846
0.05279945 0.1612959 0.7859046
0.0506901 0.1519946 0.7973153
0.05175678 0.1505731 0.7976701
0.05685275 0.1815854 0.7615618
0.05359215 0.1546008 0.7918071
0.04178675 0.1714229 0.7867904
0.04984268 0.1469449 0.8032124
0.05058166 0.1656014 0.783817
0.05863283 0.1683765 0.7729907
0.058621 0.1689768 0.7724022
0.05922743 0.1900322 0.7507404
0.05872998 0.1489561 0.7923139
0.04814757 0.148175 0.8036774
0.06339823 0.1586296 0.7779722
0.04861361 0.1813435 0.7700429
0.05694457 0.153655 0.7894004
0.0575514 0.1662403 0.7762083
0.06003954 0.1642947 0.7756657
0.05456367 0.16564 0.7797963
0.0538773 0.156039 0.7900837
0.04941491 0.1632981 0.787287
0.05426398 0.1798496 0.7658865
0.0481801 0.1812487 0.7705712
0.06381161 0.1678261 0.7683623
0.05083675 0.1706975 0.7784658
0.05478864 0.1507151 0.7944963
0.04073836 0.1740016 0.7852601
0.05238213 0.1570802 0.7905377
0.0617582 0.1831571 0.7550847
0.05922016 0.176011 0.7647689
0.05218661 0.1607469 0.7870665
0.04929904 0.1849307 0.7657703
0.05338155 0.1698986 0.7767198
0.0474146 0.1426223 0.8099631
0.05570702 0.1554882 0.7888048
0.04886074 0.1538876 0.7972517
0.06032057 0.1695053 0.7701742
0.04598648 0.1697383 0.7842752
0.05143608 0.1775826 0.7709813
0.05071547 0.166533 0.7827516
0.04884706 0.1499043 0.8012486
0.04786244 0.1764706 0.775667
0.0559038 0.1444481 0.7996481
0.04881166 0.1776863 0.773502
0.04302506 0.165243 0.7917319
0.05527299 0.1714115 0.7733155
0.05669858 0.1589407 0.7843608
0.03669984 0.1831472 0.7801529
0.05218988 0.1653623 0.7824478
0.05370715 0.1633129 0.78298
0.05052485 0.1736848 0.7757904
0.05606578 0.1633882 0.780546
0.05954362 0.1500446 0.7904118
0.05261972 0.1451522 0.8022281
0.04448552 0.1500032 0.8055112
0.0576152 0.1891347 0.7532501
0.04941307 0.1650064 0.7855805
0.04464299 0.1612905 0.7940665
0.04927306 0.1716709 0.7790561
0.05316892 0.1609006 0.7859305
0.05697483 0.1491167 0.7939085
0.04340384 0.1607379 0.7958583
0.05264275 0.1688797 0.7784775
0.05240877 0.1593328 0.7882584
0.0618062 0.1636178 0.774576
0.05956649 0.1689068 0.7715267
0.0683595 0.195079 0.7365615
0.05871415 0.1489685 0.7923174
0.05437062 0.1506742 0.7949551
0.05622506 0.1541904 0.7895846
0.06106324 0.1679262 0.7710105
0.05793632 0.1524242 0.7896395
0.04163515 0.1332506 0.8251142
0.05763873 0.1757638 0.7665975
0.05800811 0.1867028 0.7552891
0.04464065 0.1816221 0.7737373
0.04808911 0.1850387 0.7668722
0.04636851 0.1722623 0.7813691
0.04882244 0.1638713 0.7873063
0.04487803 0.1669348 0.7881872
0.04510504 0.1799559 0.7749391
0.07069289 0.1717458 0.7575613
0.05025179 0.1721212 0.777627
0.06329646 0.1638128 0.7728907
0.04932768 0.1710483 0.779624
0.06366849 0.1727454 0.7635861
0.05662869 0.195616 0.7477553
0.05343691 0.1653545 0.7812085
0.06173729 0.1659469 0.7723158
0.05109213 0.1509143 0.7979936
0.03863397 0.1697786 0.7915874
0.05510035 0.1604108 0.7844889
0.0489806 0.183859 0.7671604
0.04768258 0.1782525 0.7740649
0.05341412 0.1607941 0.7857918
0.05077057 0.1623542 0.7868753
0.05779241 0.1558376 0.78637
0.0548383 0.1512431 0.7939186
0.04266456 0.176954 0.7803815
0.0581195 0.166233 0.7756475
0.06253606 0.1616619 0.775802
0.05058104 0.1536754 0.7957436
0.04843577 0.1798011 0.7717631
0.04544137 0.1581698 0.7963888
0.06151464 0.1647583 0.773727
0.06842351 0.1540901 0.7774864
0.04896525 0.1610139 0.7900209
0.05053799 0.1746189 0.7748431
0.05246571 0.151398 0.7961363
0.05675543 0.1799999 0.7632447
0.06073997 0.155295 0.783965
0.05049103 0.1776795 0.7718294
0.05756223 0.1610766 0.7813612
0.05705721 0.157318 0.7856248
0.06388117 0.1277222 0.8083966
0.04319586 0.1836652 0.773139
0.05185896 0.1625 0.7856411
0.05690918 0.1706935 0.7723973
0.05885956 0.1581129 0.7830275
0.04605297 0.1620652 0.7918818
0.05914896 0.1710957 0.7697554
0.08102734 0.1709667 0.748006
0.03983451 0.1645183 0.7956472
0.05889631 0.1699055 0.7711982
0.0507526 0.1673601 0.7818873
0.05625764 0.1578363 0.785906
0.05815936 0.1754634 0.7663772
0.05246197 0.1574301 0.7901079
0.05808103 0.1649383 0.7769807
0.05239634 0.1622203 0.7853834
0.05269742 0.1466215 0.8006811
0.05235793 0.1677168 0.7799253
0.04885932 0.1697605 0.7813801
0.05793571 0.1704414 0.7716229
0.06540191 0.1604514 0.7741467
0.05421724 0.1650208 0.780762
0.04834926 0.1687004 0.7829503
0.06028167 0.1543812 0.7853372
0.04447061 0.1474341 0.8080953
0.04854764 0.1765439 0.7749085
0.04507057 0.172048 0.7828815
0.05404424 0.1651077 0.780848
0.06595341 0.1571134 0.7769331
0.06111653 0.1661452 0.7727383
0.05953238 0.1607153 0.7797523
0.04404442 0.1758811 0.7800744
0.05609918 0.1557564 0.7881444
0.04004572 0.1873494 0.7726049
0.04987425 0.1532038 0.7969219
0.0619382 0.1656058 0.772456
0.05481662 0.1751821 0.7700012
0.05217142 0.1362643 0.8115643
0.0419673 0.151904 0.8061287
0.05946241 0.1796032 0.7609344
0.04108199 0.1814481 0.7774699
0.0542721 0.155216 0.7905119
0.04781752 0.1594397 0.7927428
0.05008895 0.1661897 0.7837214
0.0566548 0.159194 0.7841512
0.06103209 0.1696107 0.7693572
0.04805005 0.1453745 0.8065755
0.05500147 0.1622099 0.7827887
0.0555686 0.1615778 0.7828536
0.05404788 0.1667345 0.7792176
0.05684824 0.1614212 0.7817305
0.06500124 0.1470148 0.7879839
0.05315469 0.1697061 0.7771392
0.0581834 0.1715339 0.7702827
0.04880713 0.1602511 0.7909417
0.05597854 0.1489278 0.7950937
0.05203519 0.1303354 0.8176294
0.06386865 0.1637255 0.7724058
0.04782917 0.1505427 0.8016282
0.07068334 0.1522304 0.7770862
0.05542518 0.1764374 0.7681375
0.06057348 0.1621367 0.7772898
0.06746063 0.1621922 0.7703471
0.05511393 0.146972 0.7979141
0.05555147 0.1711534 0.7732952
0.0516259 0.1595714 0.7888027
0.04975146 0.1748859 0.7753627
0.06051119 0.1693874 0.7701014
0.04669956 0.147163 0.8061374
0.04714724 0.1608208 0.7920319
0.04396092 0.1805287 0.7755104
0.05591124 0.1930057 0.7510831
0.04988622 0.1447044 0.8054094
0.05221869 0.1589139 0.7888674
0.05870924 0.1561388 0.7851519
0.05003469 0.1617956 0.7881697
0.05612701 0.1664033 0.7774697
0.05994312 0.1569659 0.783091
0.04957196 0.1885985 0.7618295
0.05015272 0.1696568 0.7801905
0.06045758 0.1726004 0.766942
0.05111741 0.1624294 0.7864532
0.06483131 0.154219 0.7809497
0.06716231 0.1798058 0.7530319
0.0524405 0.160359 0.7872005
0.05370509 0.1718116 0.7744833
0.04888563 0.1868271 0.7642873
0.06044368 0.1681415 0.7714149
0.05329653 0.1676488 0.7790546
0.05737557 0.1434969 0.7991275
0.04626848 0.1709182 0.7828134
0.0523377 0.1675217 0.7801406
0.058731 0.1774725 0.7637965
0.05386889 0.1715656 0.7745655
0.05490828 0.1623685 0.7827233
0.05730766 0.1707785 0.7719138
0.04855788 0.1818557 0.7695864
0.03437889 0.1667764 0.7988447
0.04558768 0.1699474 0.7844649
0.05075575 0.1571229 0.7921214
0.04090774 0.1587626 0.8003296
0.05309799 0.1667784 0.7801236
0.05734685 0.153428 0.7892251
0.0509378 0.1597731 0.7892891
0.0501584 0.1712368 0.7786048
0.0589194 0.1947047 0.7463759
0.05800933 0.1644695 0.7775211
0.06925727 0.1478201 0.7829226
0.0555998 0.1742674 0.7701328
0.04634565 0.1604856 0.7931688
0.05796524 0.15811 0.7839248
0.05280737 0.1686786 0.7785141
0.04798737 0.1674114 0.7846012
0.05701025 0.1623421 0.7806476
0.04788673 0.1666876 0.7854257
0.04826664 0.1863701 0.7653633
0.05338911 0.1764697 0.7701412
0.067147 0.1518454 0.7810076
0.04937347 0.1507586 0.7998679
0.05284782 0.1769362 0.7702159
0.05552998 0.1692593 0.7752107
0.03969324 0.1773734 0.7829334
0.05148525 0.1889728 0.759542
0.05036593 0.1596474 0.7899867
0.05228809 0.1585687 0.7891432
0.0457326 0.1705492 0.7837182
0.05789976 0.162381 0.7797192
0.06029776 0.136954 0.8027482
0.04649385 0.1580718 0.7954344
0.03903507 0.1586501 0.8023149
0.05757356 0.1684939 0.7739326
0.05061981 0.1711696 0.7782106
0.05203556 0.1568569 0.7911075
0.04569966 0.1615657 0.7927347
0.05626683 0.1817588 0.7619744
0.04728646 0.1695001 0.7832135
0.0536758 0.1652224 0.7811018
0.05830243 0.165682 0.7760156
0.04528654 0.1708984 0.7838151
0.05719804 0.1463893 0.7964126
0.0502145 0.1660344 0.7837511
0.04765797 0.1690088 0.7833332
0.06383233 0.1680729 0.7680948
0.04780846 0.170681 0.7815105
0.04941897 0.1775223 0.7730587
0.05216698 0.1678549 0.7799781
0.04836825 0.1823182 0.7693135
0.05025643 0.1490859 0.8006577
0.0561486 0.1677093 0.7761421
0.05535386 0.1616719 0.7829743
0.0329784 0.1578883 0.8091333
0.05679746 0.1596033 0.7835992
0.06372922 0.1725579 0.7637129
0.06729326 0.1444726 0.7882342
0.04878353 0.160314 0.7909025
0.07117857 0.1944138 0.7344077
0.05081195 0.1532314 0.7959566
0.04680266 0.1529892 0.8002082
0.04622269 0.1555904 0.7981869
0.04632607 0.1557383 0.7979356
0.04565238 0.1650183 0.7893293
0.04462789 0.1751889 0.7801832
0.05607682 0.1607799 0.7831433
0.05153878 0.1487793 0.799682
0.05314639 0.1511268 0.7957268
0.05493889 0.1585343 0.7865269
0.05912884 0.1567346 0.7841366
0.05360632 0.1542856 0.792108
0.06298088 0.1625395 0.7744797
0.06218201 0.1799465 0.7578715
0.05794545 0.169937 0.7721176
0.05085109 0.178631 0.7705179
0.06745824 0.1625347 0.770007
0.04676332 0.1480356 0.8052011
0.06297321 0.1704835 0.7665432
0.04982487 0.158017 0.7921581
0.04198639 0.1654021 0.7926115
0.05183201 0.1660003 0.7821677
0.05098767 0.1776805 0.7713319
0.06479397 0.1619067 0.7732993
0.05789482 0.1667532 0.775352
0.05013608 0.1655786 0.7842853
0.04919417 0.1711597 0.7796461
0.05698382 0.148474 0.7945422
0.05405613 0.1703885 0.7755554
0.05554368 0.1650713 0.779385
0.04163662 0.1580373 0.8003261
0.05059485 0.1711602 0.778245
0.05810625 0.1675505 0.7743432
0.06248354 0.1540245 0.783492
0.05237135 0.1431577 0.804471
0.04845899 0.1732552 0.7782858
0.04237316 0.182184 0.7754429
0.05816998 0.1454362 0.7963938
0.0416055 0.1745771 0.7838174
0.05743832 0.1574029 0.7851587
0.05461117 0.1692317 0.7761571
0.04083693 0.1812824 0.7778807
0.04933258 0.1773213 0.7733461
0.05507216 0.16653 0.7783978
0.04876917 0.1589326 0.7922982
0.06232816 0.1439888 0.7936831
0.04475355 0.1884262 0.7668202
0.0552664 0.1646954 0.7800382
0.05380034 0.1590362 0.7871635
0.06620135 0.1533918 0.7804068
0.05339261 0.1761537 0.7704537
0.05791159 0.1619729 0.7801155
0.05769325 0.164969 0.7773378
0.06221346 0.1698053 0.7679813
0.05521346 0.1626161 0.7821704
0.04485846 0.170021 0.7851205
0.04301499 0.1587772 0.7982078
0.04802381 0.1445444 0.8074318
0.04228247 0.1564575 0.80126
0.06524966 0.1654957 0.7692546
0.04082559 0.1686774 0.790497
0.04828408 0.1677128 0.7840032
0.0472342 0.1767085 0.7760573
0.05323411 0.1621211 0.7846448
0.06037833 0.153461 0.7861607
0.06409081 0.1662696 0.7696396
0.04384124 0.1649379 0.7912209
0.0511994 0.1759425 0.7728581
0.04879236 0.149987 0.8012206
0.07259225 0.1659482 0.7614595
0.06233886 0.1729013 0.7647598
0.05347134 0.1673367 0.7791919
0.04325882 0.1651344 0.7916068
0.0521672 0.160168 0.7876648
0.05551494 0.1458822 0.7986028
0.04893319 0.1805358 0.770531
0.06480047 0.1517777 0.7834218
0.05534906 0.1685824 0.7760685
0.05887048 0.1547852 0.7863443
0.05790711 0.1581943 0.7838986
0.06205349 0.1565298 0.7814167
0.0440108 0.1734913 0.7824979
0.05249199 0.1762464 0.7712616
0.06313532 0.1636407 0.773224
0.04729756 0.1715065 0.7811959
0.05182502 0.1703792 0.7777958
0.04414287 0.1648383 0.7910188
0.05186227 0.1789793 0.7691584
0.05039212 0.1532011 0.7964068
0.05035737 0.1656898 0.7839528
0.06521989 0.1681646 0.7666155
0.04315808 0.1855175 0.7713245
0.05624449 0.1710915 0.772664
0.05695371 0.1732554 0.7697908
0.05863749 0.1562611 0.7851014
0.04966337 0.1756678 0.7746688
0.05669754 0.1755801 0.7677224
0.05286319 0.169824 0.7773128
0.06730492 0.1567743 0.7759208
0.06610165 0.1759587 0.7579396
0.05271698 0.1543936 0.7928895
0.04865876 0.1708069 0.7805343
0.06987951 0.1697017 0.7604188
0.05559573 0.1670186 0.7773856
0.0686406 0.1900728 0.7412866
0.04761529 0.1596195 0.7927652
0.04608578 0.1527619 0.8011523
0.05588987 0.1649142 0.7791959
0.05028193 0.1683231 0.781395
0.05536063 0.159661 0.7849784
0.06244637 0.1637147 0.7738389
0.05389995 0.1749683 0.7711318
0.06364994 0.1630529 0.7732971
0.04822374 0.1812045 0.7705718
0.04849306 0.1555375 0.7959694
0.05534068 0.1709638 0.7736955
0.0535037 0.1669484 0.7795479
0.06357119 0.1533063 0.7831225
0.05687234 0.1567462 0.7863814
0.04729566 0.1576882 0.7950162
0.04920381 0.1555587 0.7952375
0.05000841 0.1513872 0.7986044
0.04844757 0.1625458 0.7890067
0.05500086 0.1638067 0.7811925
0.05479079 0.1491517 0.7960575
0.06848776 0.1465248 0.7849874
0.06973745 0.1824779 0.7477846
0.0578969 0.1691702 0.7729329
0.06232622 0.1622185 0.7754553
0.05324953 0.1709259 0.7758246
0.05083787 0.1826123 0.7665498
0.05341981 0.1479054 0.7986748
0.06670901 0.1605946 0.7726964
0.05106351 0.1660478 0.7828887
0.05309453 0.1561772 0.7907282
0.04464141 0.183917 0.7714416
0.04809013 0.1691589 0.782751
0.06071729 0.1613378 0.7779449
0.04628202 0.1702295 0.7834885
0.05504532 0.1943566 0.7505981
0.05008946 0.1465796 0.8033309
0.0539269 0.1498762 0.7961969
0.06325787 0.1558603 0.7808819
0.06519684 0.1630988 0.7717044
0.04869934 0.1571998 0.7941008
0.05320104 0.1476524 0.7991466
0.05468647 0.1601805 0.785133
0.05746651 0.1527931 0.7897404
0.04788082 0.1608987 0.7912205
0.05871049 0.171655 0.7696345
0.05307312 0.1755915 0.7713354
0.04736304 0.1792474 0.7733895
0.04740589 0.1740487 0.7785454
0.06117207 0.1541043 0.7847237
0.04679632 0.1726422 0.7805615
0.06130607 0.1668921 0.7718018
0.05682622 0.1712142 0.7719596
0.06076248 0.1625925 0.776645
0.04965535 0.1677002 0.7826445
0.04279172 0.1720908 0.7851175
0.05757584 0.1683377 0.7740864
0.04643987 0.1750083 0.7785518
0.05988026 0.1839421 0.7561777
0.05358482 0.1585989 0.7878162
0.05680392 0.1477402 0.7954559
0.04620788 0.1480817 0.8057104
0.05696436 0.1755747 0.767461
0.05175132 0.1896966 0.7585521
0.04225767 0.1664609 0.7912814
0.05163381 0.1775907 0.7707755
0.06857263 0.1460571 0.7853703
0.04295991 0.1618426 0.7951975
0.06534135 0.1887457 0.745913
0.05441591 0.1411706 0.8044135
0.05394347 0.1730487 0.7730078
0.05273743 0.1768133 0.7704493
0.06190424 0.1680196 0.7700761
0.05688274 0.1528968 0.7902205
0.05526422 0.1711351 0.7736007
0.05241724 0.1662229 0.7813598
0.03808841 0.1466911 0.8152205
0.04336074 0.1864147 0.7702245
0.04885799 0.1753199 0.7758221
0.0492388 0.1655709 0.7851903
0.06028263 0.1812963 0.7584211
0.04903354 0.1537562 0.7972103
0.04829525 0.1693091 0.7823956
0.05369491 0.1763277 0.7699774
0.05263792 0.1585002 0.7888619
0.04162473 0.167123 0.7912523
0.05467853 0.1648052 0.7805163
0.06692022 0.1840123 0.7490674
0.06258989 0.1449137 0.7924964
0.05586038 0.1903156 0.753824
0.05332814 0.167715 0.7789569
0.05184185 0.1483405 0.7998177
0.0490461 0.1838381 0.7671158
0.04628371 0.1721374 0.7815789
0.04268907 0.1773325 0.7799784
0.06248286 0.1529332 0.784584
0.05183702 0.1434924 0.8046706
0.05254553 0.1757583 0.7716962
0.04340906 0.1693758 0.7872152
0.06541845 0.1562368 0.7783448
0.06220906 0.1841583 0.7536326
0.04142172 0.1665004 0.7920779
0.0480437 0.1695656 0.7823907
0.05228183 0.154656 0.7930622
0.04595513 0.1555849 0.7984599
0.05410669 0.1699309 0.7759624
0.05380521 0.1612857 0.7849091
0.05463593 0.1675416 0.7778225
0.04780619 0.1607418 0.791452
0.05293835 0.154665 0.7923967
0.0686689 0.1783121 0.753019
0.05140872 0.1810738 0.7675175
0.05939002 0.1614531 0.7791569
0.05321668 0.1560365 0.7907468
0.04556951 0.1618854 0.7925451
0.06316385 0.1568637 0.7799725
0.05208187 0.1668348 0.7810833
0.05245941 0.1626892 0.7848514
0.04635243 0.1702766 0.7833709
0.04805451 0.1855765 0.766369
0.05958203 0.1678915 0.7725265
0.05337435 0.1583845 0.7882412
0.04121408 0.1630603 0.7957256
0.05727571 0.1760935 0.7666308
0.05621625 0.1391023 0.8046815
0.05026451 0.1639652 0.7857703
0.0640889 0.1530256 0.7828855
0.06110004 0.164461 0.774439
0.0520897 0.1730622 0.7748481
0.05756294 0.1266473 0.8157897
0.0542744 0.167359 0.7783666
0.04614463 0.1396774 0.814178
0.0543148 0.1535471 0.7921381
0.05530459 0.1590306 0.7856648
0.0600281 0.1482985 0.7916734
0.04941773 0.1795809 0.7710014
0.05176007 0.1760671 0.7721728
0.06434276 0.1538511 0.7818062
0.06528677 0.1782825 0.7564307
0.05749909 0.1593254 0.7831755
0.04348338 0.1557781 0.8007385
0.04338386 0.1823779 0.7742383
0.04932526 0.1581707 0.7925041
0.04551141 0.1711968 0.7832918
0.06617139 0.1609582 0.7728704
0.05830792 0.1783196 0.7633725
0.04279893 0.1722921 0.784909
0.05360024 0.1942899 0.7521098
0.05301243 0.1617432 0.7852443
0.05635553 0.1688123 0.7748321
0.04674787 0.1641914 0.7890607
0.04688919 0.164863 0.7882478
0.05066235 0.1847335 0.7646041
0.05394388 0.1566611 0.789395
0.05624619 0.1581217 0.7856321
0.03969761 0.1684933 0.791809
0.05379699 0.1594557 0.7867473
0.05360608 0.1562881 0.7901058
0.05659229 0.1675569 0.7758508
0.04850446 0.1620368 0.7894587
0.05647814 0.1583873 0.7851345
0.05020328 0.1729715 0.7768252
0.04532795 0.1836403 0.7710318
0.06129797 0.150962 0.7877401
0.05239392 0.1745379 0.7730682
0.05636022 0.15651 0.7871298
0.05552716 0.1552791 0.7891937
0.04255691 0.1639022 0.7935409
0.05775687 0.1750213 0.7672218
0.04461282 0.1409668 0.8144204
0.0502259 0.153688 0.7960861
0.04958177 0.1636492 0.786769
0.04974536 0.1866839 0.7635707
0.05880772 0.1517232 0.7894691
0.05604822 0.1631154 0.7808364
0.06077927 0.1596657 0.779555
0.0539659 0.1685347 0.7774994
0.04940094 0.1638244 0.7867747
0.05159942 0.1582653 0.7901353
0.05661005 0.1710672 0.7723227
0.05469283 0.1592938 0.7860133
0.05513065 0.1773522 0.7675172
0.05419822 0.15107 0.7947318
0.0480272 0.1637624 0.7882104
0.04204058 0.1562058 0.8017536
0.06183862 0.1507438 0.7874176
0.04252097 0.1823657 0.7751133
0.04644856 0.1703193 0.7832322
0.05676496 0.175427 0.767808
0.05948096 0.1604735 0.7800455
0.06085673 0.1551645 0.7839788
0.06169777 0.1569 0.7814023
0.06083333 0.1924116 0.746755
0.05351547 0.1617593 0.7847253
0.05245502 0.1784536 0.7690914
0.05916831 0.158672 0.7821597
0.0443837 0.153516 0.8021003
0.05710951 0.1681836 0.7747068
0.04492424 0.1816112 0.7734646
0.06625453 0.1785689 0.7551766
0.05580719 0.1721462 0.7720466
0.06757146 0.1507457 0.7816828
0.06618525 0.1807558 0.7530589
0.05713734 0.1656524 0.7772102
0.0460829 0.1689205 0.7849966
0.05670434 0.1462717 0.7970239
0.04850484 0.1605164 0.7909788
0.04603834 0.1563917 0.7975699
0.0587442 0.1533724 0.7878834
0.03843844 0.1808793 0.7806822
0.04103129 0.1386519 0.8203168
0.0653575 0.161616 0.7730265
0.04104814 0.1696419 0.78931
0.05450637 0.197603 0.7478906
0.05082109 0.16935 0.779829
0.05704671 0.1631344 0.7798189
0.04924155 0.1678794 0.7828791
0.0581235 0.1553373 0.7865392
0.0602106 0.1652666 0.7745228
0.05794203 0.1684022 0.7736558
0.06122802 0.1584623 0.7803097
0.05212725 0.1641319 0.7837409
0.05809214 0.1792234 0.7626845
0.05718197 0.1465135 0.7963045
0.06330096 0.1632066 0.7734924
0.06115042 0.1583038 0.7805458
0.04408032 0.1872091 0.7687105
0.07010539 0.1437911 0.7861035
0.03532219 0.1692132 0.7954646
0.05472359 0.1550388 0.7902376
0.04978699 0.1693565 0.7808565
0.06013545 0.1627805 0.7770841
0.0476738 0.1593516 0.7929746
0.05624774 0.1744587 0.7692935
0.05186235 0.163851 0.7842866
0.05395095 0.1534788 0.7925703
0.06046911 0.1645572 0.7749737
0.06115658 0.1590657 0.7797777
0.05282125 0.1658851 0.7812937
0.06912323 0.1687732 0.7621036
0.05723159 0.1648426 0.7779258
0.05810118 0.1632222 0.7786766
0.06097119 0.1939113 0.7451175
0.06695483 0.1780501 0.7549951
0.05445274 0.1523732 0.793174
0.0598836 0.1510585 0.7890579
0.05281637 0.1635199 0.7836637
0.05794523 0.1512644 0.7907903
0.05668069 0.1525681 0.7907512
0.04806997 0.1644727 0.7874573
0.05828083 0.1667604 0.7749587
0.05358037 0.1551994 0.7912203
0.04601399 0.1715662 0.7824198
0.05298385 0.1753463 0.7716699
0.0501431 0.1559568 0.7939001
0.05851338 0.1523656 0.789121
0.04965233 0.1497602 0.8005875
0.06476749 0.1591011 0.7761314
0.05730437 0.1665113 0.7761843
0.05785032 0.1690326 0.7731171
0.04887539 0.1981476 0.752977
0.06305452 0.1583759 0.7785695
0.05494609 0.1637065 0.7813474
0.0529612 0.1545538 0.792485
0.05734409 0.1592294 0.7834265
0.04734576 0.1782781 0.7743762
0.05683837 0.1754295 0.7677321
0.04789987 0.1609964 0.7911037
0.0423948 0.1728623 0.7847429
0.04790279 0.154777 0.7973202
0.05540133 0.1672997 0.777299
0.04617082 0.1499998 0.8038294
0.04739986 0.1630162 0.789584
0.05506562 0.162342 0.7825924
0.05067296 0.1689963 0.7803307
0.05834909 0.1805015 0.7611494
0.04705057 0.1652056 0.7877438
0.06231355 0.1572538 0.7804327
0.0456787 0.1659633 0.788358
0.05168828 0.1584745 0.7898373
0.04494359 0.1733093 0.7817471
0.04803534 0.1745627 0.777402
0.05431609 0.168146 0.777538
0.0668383 0.188826 0.7443357
0.06595765 0.1785661 0.7554762
0.04809778 0.1667784 0.7851238
0.04643502 0.1738886 0.7796764
0.0513686 0.1817671 0.7668643
0.05444711 0.1609265 0.7846264
0.05938238 0.1820998 0.7585179
0.06058759 0.1732748 0.7661376
0.05078655 0.1530346 0.7961788
0.05352243 0.1729691 0.7735085
0.05795808 0.1775293 0.7645126
0.04439801 0.181385 0.774217
0.04163985 0.1652588 0.7931014
0.05238372 0.1806832 0.7669331
0.05044746 0.1632358 0.7863167
0.0551328 0.176377 0.7684902
0.04788754 0.1737169 0.7783956
0.05861895 0.1653666 0.7760145
0.04484006 0.1657269 0.789433
0.05290288 0.1910453 0.7560518
0.05001211 0.1561293 0.7938586
0.05898624 0.1629107 0.7781031
0.0473254 0.1630306 0.789644
0.0624652 0.1739109 0.7636239
0.05124151 0.1656724 0.7830861
