"p_1" "p_2" "p_3"
0.3261344 0.3827165 0.2911491
0.2798381 0.4120809 0.308081
0.2745222 0.4050056 0.3204722
0.2656912 0.4066879 0.327621
0.2831916 0.3696326 0.3471758
0.3274679 0.3894964 0.2830357
0.2976808 0.4047988 0.2975204
0.3073326 0.4029403 0.2897272
0.2927908 0.4003819 0.3068273
0.3175083 0.389029 0.2934626
0.3172109 0.3601597 0.3226294
0.3133904 0.3956745 0.2909351
0.3029586 0.3813188 0.3157226
0.2853787 0.4230623 0.291559
0.3194408 0.3599949 0.3205643
0.2956895 0.3712125 0.333098
0.2919643 0.3964444 0.3115913
0.2899126 0.4039539 0.3061335
0.298311 0.3952028 0.3064863
0.2924957 0.4158194 0.2916849
0.288933 0.3913112 0.3197557
0.2866437 0.3863358 0.3270204
0.2855339 0.40782 0.3066461
0.2887339 0.3795379 0.3317282
0.292856 0.388795 0.318349
0.3082018 0.38872 0.3030781
0.3152466 0.3951379 0.2896155
0.3049602 0.3852965 0.3097432
0.2977412 0.4031421 0.2991166
0.2832866 0.4133477 0.3033657
0.3034195 0.3777947 0.3187858
0.3026496 0.3869138 0.3104366
0.3014982 0.3927337 0.3057681
0.2887737 0.381136 0.3300903
0.3134969 0.3824931 0.3040101
0.3047594 0.3970529 0.2981877
0.2835734 0.4088166 0.30761
0.2977579 0.4041681 0.2980739
0.3180732 0.3842279 0.2976989
0.3149761 0.3877676 0.2972563
0.2763892 0.3994513 0.3241595
0.2754224 0.414375 0.3102026
0.2956746 0.3920768 0.3122487
0.2991918 0.3798508 0.3209573
0.2881449 0.4043815 0.3074736
0.2708947 0.3944353 0.33467
0.2651012 0.4186176 0.3162812
0.3249837 0.3925729 0.2824434
0.2818577 0.3915023 0.32664
0.2972527 0.3875824 0.3151649
0.2798543 0.4068185 0.3133271
0.2807492 0.4107856 0.3084652
0.3085903 0.3751258 0.3162839
0.2750285 0.4028525 0.322119
0.3014794 0.3903634 0.3081572
0.2854447 0.3812335 0.3333218
0.2933088 0.3758849 0.3308063
0.3005128 0.3992687 0.3002186
0.3207323 0.3933483 0.2859194
0.3146692 0.3841687 0.301162
0.3111744 0.4092015 0.2796242
0.3029854 0.4034517 0.293563
0.2888379 0.3901822 0.3209799
0.2986439 0.3946865 0.3066696
0.312672 0.404199 0.283129
0.3060946 0.3703435 0.3235619
0.3079204 0.3877316 0.304348
0.3042251 0.3944685 0.3013064
0.2909351 0.3968093 0.3122556
0.3203028 0.3827194 0.2969778
0.3106304 0.4008242 0.2885454
0.3064083 0.3834962 0.3100956
0.3076296 0.3854013 0.3069691
0.3105455 0.4053679 0.2840866
0.2800423 0.4177407 0.302217
0.3019441 0.41023 0.2878258
0.292763 0.3918969 0.3153402
0.3073302 0.3983024 0.2943674
0.3107994 0.3681274 0.3210733
0.2718939 0.4017056 0.3264005
0.3417839 0.3708271 0.287389
0.281443 0.3858914 0.3326656
0.3152427 0.3744587 0.3102987
0.2961065 0.3943532 0.3095403
0.2921265 0.4224499 0.2854237
0.2920408 0.3887544 0.3192048
0.2951577 0.4020491 0.3027932
0.2966378 0.3912202 0.3121419
0.3033245 0.3698343 0.3268411
0.3001483 0.3902957 0.3095561
0.3133149 0.3681416 0.3185435
0.3002496 0.3906266 0.3091238
0.2792717 0.401338 0.3193903
0.2845188 0.4019142 0.313567
0.3010339 0.3794551 0.319511
0.2871597 0.3606914 0.3521489
0.3207771 0.3722907 0.3069322
0.2947976 0.4027022 0.3025002
0.3125579 0.3879349 0.2995072
0.2743602 0.4016768 0.323963
0.2890686 0.4118921 0.2990393
0.2965105 0.3965789 0.3069105
0.3076438 0.3909883 0.301368
0.2992604 0.3804242 0.3203153
0.2845026 0.3979719 0.3175255
0.292047 0.4250826 0.2828705
0.2883722 0.4041041 0.3075237
0.2813313 0.3942779 0.3243908
0.275822 0.4125546 0.3116234
0.3195515 0.3569087 0.3235399
0.2796195 0.3898043 0.3305763
0.2833192 0.3746289 0.3420519
0.3176946 0.377942 0.3043634
0.3002142 0.4042288 0.295557
0.2850648 0.3997192 0.315216
0.3085581 0.3674635 0.3239784
0.295983 0.3996448 0.3043722
0.2923956 0.4056111 0.3019933
0.2932378 0.3812739 0.3254883
0.282715 0.3688325 0.3484525
0.2692636 0.4000208 0.3307156
0.3184139 0.3806492 0.3009369
0.3269183 0.3549909 0.3180908
0.2973211 0.381501 0.3211779
0.2749144 0.4008233 0.3242623
0.2905622 0.384929 0.3245088
0.2976233 0.3867365 0.3156402
0.2641743 0.4068772 0.3289484
0.3020529 0.3799853 0.3179618
0.2972904 0.3779264 0.3247833
0.3163525 0.3769711 0.3066764
0.2977255 0.3709424 0.3313321
0.3089029 0.3832669 0.3078302
0.3125907 0.3938175 0.2935918
0.2897839 0.3868082 0.3234079
0.2871404 0.3963205 0.3165391
0.3128922 0.3691611 0.3179467
0.3049948 0.3972011 0.297804
0.3209328 0.3925926 0.2864746
0.2895913 0.4077582 0.3026505
0.3269782 0.3565487 0.3164731
0.2935801 0.4055361 0.3008838
0.3068 0.3959823 0.2972177
0.2960715 0.4048893 0.2990392
0.3099433 0.3740358 0.3160209
0.2909595 0.3803505 0.32869
0.2915439 0.404197 0.3042591
0.3391966 0.3678754 0.292928
0.308211 0.3707771 0.3210119
0.2983993 0.3871096 0.3144911
0.2950696 0.4145927 0.2903377
0.2895355 0.4173846 0.2930799
0.3057911 0.3735153 0.3206935
0.3029369 0.3941164 0.3029467
0.3019139 0.3923693 0.3057168
0.2842109 0.3925402 0.3232488
0.2916293 0.4062718 0.3020989
0.3126102 0.3973971 0.2899927
0.2770069 0.4015066 0.3214865
0.2849005 0.3987342 0.3163653
0.3074278 0.3804019 0.3121702
0.3263055 0.3800636 0.2936309
0.2965716 0.3913274 0.3121011
0.296816 0.4078501 0.295334
0.2826303 0.4071452 0.3102244
0.3119347 0.376088 0.3119774
0.3108761 0.4018941 0.2872297
0.3091097 0.3711729 0.3197174
0.3242163 0.3650471 0.3107366
0.2795237 0.3799648 0.3405115
0.3244141 0.3945068 0.2810791
0.2932101 0.3659245 0.3408654
0.2845606 0.4166857 0.2987536
0.2885651 0.3881266 0.3233082
0.2916592 0.396736 0.3116048
0.2985111 0.3908455 0.3106435
0.2686514 0.4264364 0.3049123
0.2874531 0.3908153 0.3217316
0.3186647 0.3847689 0.2965664
0.2874446 0.4022613 0.3102942
0.3053037 0.4035348 0.2911615
0.3102874 0.3930703 0.2966423
0.2796037 0.4181227 0.3022735
0.3010099 0.4054209 0.2935692
0.2954843 0.4066068 0.2979089
0.3020006 0.3751331 0.3228663
0.3169967 0.3655267 0.3174766
0.2892702 0.3985599 0.3121698
0.2857764 0.3959517 0.3182719
0.3068855 0.3681283 0.3249862
0.3013545 0.4223483 0.2762972
0.3107833 0.3895105 0.2997062
0.2979365 0.4197373 0.2823262
0.2867699 0.3988337 0.3143964
0.2980179 0.3812473 0.3207348
0.2931877 0.3981651 0.3086472
0.2994389 0.4023045 0.2982565
0.2934977 0.4114915 0.2950108
0.3166273 0.3858234 0.2975492
0.3062339 0.3853895 0.3083767
0.273287 0.4055433 0.3211697
0.3179143 0.3933264 0.2887593
0.2967981 0.405106 0.2980959
0.3004225 0.3839818 0.3155956
0.2743858 0.3999569 0.3256573
0.3077299 0.3925566 0.2997136
0.289397 0.382045 0.328558
0.3048663 0.3761182 0.3190154
0.3086803 0.3865908 0.3047289
0.2873898 0.3722209 0.3403894
0.2946899 0.3754248 0.3298853
0.3264298 0.3931394 0.2804308
0.290937 0.4089891 0.3000739
0.3024256 0.3893213 0.3082531
0.3058244 0.4119727 0.2822028
0.307291 0.3694431 0.323266
0.3039318 0.3674449 0.3286233
0.2813932 0.3903684 0.3282384
0.3107359 0.3878034 0.3014606
0.3034282 0.3672362 0.3293356
0.3150711 0.4002261 0.2847028
0.3222501 0.3623327 0.3154172
0.2594096 0.4041259 0.3364645
0.29056 0.37161 0.33783
0.2954931 0.3931152 0.3113918
0.2981062 0.4072796 0.2946141
0.3164194 0.3713783 0.3122024
0.2970246 0.3951856 0.3077898
0.3193975 0.3825039 0.2980986
0.294821 0.3932978 0.3118811
0.3160865 0.3959955 0.287918
0.2864136 0.3859818 0.3276046
0.2844618 0.3857005 0.3298377
0.2886007 0.3793458 0.3320535
0.3023727 0.389576 0.3080513
0.3010873 0.3876718 0.3112409
0.2937182 0.4046355 0.3016464
0.3016722 0.3955638 0.3027641
0.3377016 0.3819512 0.2803472
0.3067661 0.4068752 0.2863587
0.2877197 0.3931185 0.3191617
0.2945939 0.4011547 0.3042514
0.3012999 0.4001775 0.2985225
0.3049306 0.402209 0.2928605
0.2955628 0.3837468 0.3206904
0.2730284 0.4110422 0.3159294
0.2855058 0.4121234 0.3023708
0.2857309 0.3953465 0.3189226
0.292266 0.4062963 0.3014377
0.3175785 0.3727481 0.3096734
0.2828165 0.3771148 0.3400687
0.2982241 0.3917822 0.3099937
0.288851 0.4031647 0.3079843
0.3306904 0.3617603 0.3075493
0.3060133 0.3817646 0.3122222
0.3012009 0.386304 0.3124951
0.3380782 0.3786118 0.2833099
0.3024487 0.3973756 0.3001757
0.3253741 0.3879699 0.2866559
0.2716699 0.4075209 0.3208092
0.3142002 0.4112202 0.2745797
0.3140288 0.3829948 0.3029764
0.2850528 0.3982278 0.3167194
0.3129441 0.406914 0.2801419
0.2872553 0.3958669 0.3168778
0.3151686 0.384624 0.3002074
0.3137095 0.3752668 0.3110236
0.3392736 0.3744731 0.2862533
0.2823878 0.3893582 0.328254
0.2963835 0.4022182 0.3013983
0.2881159 0.4041907 0.3076933
0.290273 0.3939951 0.3157319
0.3035893 0.384367 0.3120437
0.2765926 0.3846466 0.3387608
0.2902941 0.3973525 0.3123534
0.3020852 0.3896117 0.3083031
0.31862 0.383552 0.297828
0.3054293 0.3921381 0.3024326
0.2734346 0.4239651 0.3026003
0.2952205 0.3770072 0.3277722
0.3019829 0.3868736 0.3111435
0.2710826 0.3987713 0.3301461
0.3013329 0.3958324 0.3028348
0.2991122 0.4062632 0.2946246
0.2804408 0.3986924 0.3208668
0.288619 0.4036093 0.3077718
0.2954615 0.3889413 0.3155972
0.3023921 0.4062782 0.2913297
0.2813311 0.3932979 0.3253709
0.290062 0.3949395 0.3149985
0.2878045 0.3901738 0.3220217
0.284484 0.3700156 0.3455005
0.2951298 0.3994376 0.3054326
0.2776217 0.415942 0.3064363
0.3293223 0.3849122 0.2857655
0.2817733 0.3918164 0.3264103
0.3038805 0.423856 0.2722634
0.3015456 0.3879461 0.3105082
0.2993155 0.4055293 0.2951552
0.2744073 0.4142508 0.3113419
0.283443 0.3809293 0.3356278
0.2969978 0.3852798 0.3177225
0.3243776 0.3684075 0.3072149
0.2793059 0.3876731 0.3330209
0.2925661 0.381708 0.3257259
0.2839129 0.4001318 0.3159553
0.2898919 0.4039907 0.3061174
0.2972193 0.3695674 0.3332133
0.2900557 0.3620824 0.3478619
0.2809194 0.4241384 0.2949422
0.3050852 0.3774009 0.3175139
0.2869719 0.4231492 0.2898789
0.3063565 0.3770923 0.3165512
0.2833786 0.3938758 0.3227456
0.2977679 0.3960053 0.3062267
0.3075786 0.3865689 0.3058525
0.3121778 0.3950938 0.2927285
0.3132859 0.3977622 0.2889519
0.2963931 0.3766172 0.3269897
0.2769418 0.3829265 0.3401318
0.301186 0.3827989 0.3160152
0.3021313 0.3831714 0.3146973
0.2978734 0.3849163 0.3172103
0.2853489 0.411128 0.3035231
0.2888794 0.3807264 0.3303943
0.3204831 0.3757682 0.3037487
0.298229 0.4044397 0.2973313
0.3071588 0.377823 0.3150182
0.2977097 0.3850356 0.3172546
0.3090879 0.3879712 0.3029408
0.3020854 0.3849385 0.3129761
0.2989462 0.3920336 0.3090203
0.2784044 0.3956375 0.3259581
0.3094801 0.4028933 0.2876266
0.3064059 0.3916968 0.3018974
0.3150524 0.4087501 0.2761975
0.3021658 0.3878354 0.3099988
0.3071708 0.3805481 0.3122811
0.2853852 0.3805913 0.3340235
0.2865503 0.3951922 0.3182575
0.3114947 0.3903957 0.2981095
0.2819243 0.3995613 0.3185143
0.3013763 0.4010204 0.2976033
0.2631457 0.4112936 0.3255607
0.3214141 0.3846094 0.2939766
0.3213302 0.3859491 0.2927207
0.3108251 0.3717821 0.3173928
0.3136866 0.3731021 0.3132113
0.2964646 0.4009101 0.3026253
0.3001245 0.3831475 0.316728
0.3133131 0.3667813 0.3199056
0.3112233 0.3781964 0.3105804
0.307646 0.3990729 0.2932811
0.2934329 0.3998847 0.3066824
0.2935067 0.3771564 0.3293369
0.2852853 0.4018407 0.312874
0.3048463 0.3862146 0.3089391
0.3137863 0.3876639 0.2985498
0.3238091 0.3626307 0.3135601
0.2819497 0.4249423 0.293108
0.2878513 0.3921157 0.320033
0.2916283 0.3949904 0.3133812
0.2957758 0.4046845 0.2995397
0.3107428 0.3884724 0.3007848
0.2993652 0.4050433 0.2955915
0.2941408 0.3728358 0.3330234
0.3032403 0.374418 0.3223417
0.2939134 0.3882202 0.3178664
0.3105558 0.3844214 0.3050228
0.2930074 0.3884701 0.3185224
0.2989196 0.3862556 0.3148247
0.2780517 0.3906716 0.3312767
0.2757554 0.4032317 0.3210129
0.3105464 0.3635481 0.3259055
0.3060132 0.3964364 0.2975504
0.2923939 0.3787184 0.3288877
0.3135495 0.3746068 0.3118437
0.3113944 0.384837 0.3037686
0.2965357 0.405151 0.2983133
0.2922473 0.3823925 0.3253602
0.2914541 0.4007215 0.3078243
0.2957324 0.389171 0.3150966
0.2633423 0.4230726 0.3135851
0.2703706 0.4110604 0.318569
0.2908607 0.3869453 0.3221941
0.2959723 0.4212263 0.2828014
0.3062431 0.3716253 0.3221316
0.2931912 0.3827267 0.3240821
0.3023905 0.3870792 0.3105303
0.3035953 0.4085987 0.287806
0.3039974 0.3752281 0.3207745
0.290325 0.3846933 0.3249817
0.2806129 0.3919319 0.3274552
0.2713588 0.4076025 0.3210387
0.3109578 0.3914161 0.2976261
0.3143403 0.4002356 0.2854241
0.2991034 0.3946261 0.3062706
0.2760887 0.3773194 0.3465919
0.3113542 0.4005833 0.2880625
0.3011768 0.4092562 0.2895669
0.3049774 0.38117 0.3138526
0.2799784 0.4062539 0.3137677
0.3087267 0.3761146 0.3151586
0.293951 0.4035656 0.3024834
0.3220524 0.3772931 0.3006544
0.2952586 0.3998508 0.3048906
0.3208405 0.401542 0.2776175
0.2894996 0.3941819 0.3163185
0.2818312 0.4086666 0.3095021
0.3026365 0.3873871 0.3099764
0.2865151 0.3946542 0.3188307
0.2827215 0.3768267 0.3404517
0.3151786 0.3905298 0.2942917
0.2686178 0.3979505 0.3334317
0.3068867 0.3910628 0.3020505
0.2895126 0.3942414 0.316246
0.3243837 0.3755487 0.3000676
0.2969077 0.3902602 0.312832
0.3242202 0.3725123 0.3032675
0.2972991 0.3809653 0.3217356
0.2964442 0.4029593 0.3005965
0.2734016 0.4056008 0.3209975
0.2979961 0.4058265 0.2961775
0.2861339 0.4064433 0.3074228
0.3042849 0.366662 0.3290531
0.2972349 0.3846214 0.3181437
0.2952276 0.4042573 0.3005151
0.3127653 0.3580662 0.3291685
0.278036 0.4025791 0.3193849
0.3034621 0.4107354 0.2858025
0.2723931 0.3980205 0.3295864
0.3015676 0.4001655 0.2982669
0.2881172 0.4035815 0.3083013
0.2842735 0.3819223 0.3338042
0.2696632 0.3913967 0.33894
0.305096 0.3734349 0.3214692
0.2846951 0.3999561 0.3153488
0.3056235 0.400318 0.2940585
0.2824284 0.4106798 0.3068918
0.304985 0.3926361 0.3023789
0.2901343 0.395277 0.3145887
0.3065043 0.3828533 0.3106424
0.3165869 0.3993571 0.284056
0.2754392 0.3948513 0.3297094
0.2867639 0.4084779 0.3047581
0.2744475 0.4093433 0.3162091
0.3023399 0.3620694 0.3355907
0.2874928 0.4026439 0.3098633
0.3123508 0.3653166 0.3223326
0.3043858 0.3835634 0.3120508
0.304049 0.3808438 0.3151072
0.2818574 0.3899364 0.3282062
0.3065955 0.4125582 0.2808462
0.2741538 0.3983345 0.3275117
0.3153222 0.3729124 0.3117655
0.2911137 0.3615789 0.3473074
0.2958377 0.3788426 0.3253198
0.3075069 0.4087588 0.2837343
0.2939998 0.3872814 0.3187188
0.3073083 0.3841531 0.3085386
0.2782174 0.4090225 0.3127601
0.3195609 0.3615675 0.3188716
0.2947833 0.3926772 0.3125395
0.2866272 0.38624 0.3271328
0.3285553 0.3682136 0.303231
0.288309 0.4115194 0.3001716
0.2899555 0.3561007 0.3539437
0.294595 0.3841489 0.321256
0.306072 0.4118778 0.2820501
0.2861096 0.3879097 0.3259807
0.2766259 0.4126457 0.3107284
0.2853502 0.4216848 0.292965
0.291408 0.386989 0.321603
0.2860448 0.4001501 0.313805
0.3277727 0.377552 0.2946752
0.3060956 0.3879794 0.305925
0.2888603 0.4045162 0.3066236
0.3249886 0.3873458 0.2876656
0.270829 0.3821344 0.3470367
0.2913949 0.4105898 0.2980153
0.3084485 0.3485642 0.3429873
0.2989745 0.3807182 0.3203073
0.3240163 0.3942574 0.2817263
0.3106672 0.3901945 0.2991383
0.2828352 0.408601 0.3085638
0.3150921 0.3818447 0.3030632
0.2927842 0.3878096 0.3194062
0.2999515 0.3779131 0.3221354
0.2933463 0.4104356 0.2962181
0.3116464 0.3850843 0.3032693
0.2910597 0.4177816 0.2911587
0.2938255 0.3739883 0.3321862
0.3081711 0.3736967 0.3181322
0.2899829 0.3942727 0.3157444
0.2972279 0.3770442 0.3257279
0.2931853 0.4074389 0.2993758
0.3085519 0.3835938 0.3078543
0.2984203 0.4105012 0.2910785
0.3022637 0.3749066 0.3228297
0.3065239 0.3806575 0.3128186
0.2897967 0.3986912 0.3115121
0.3078117 0.3910382 0.3011501
0.2939598 0.4152568 0.2907834
0.3075443 0.3967181 0.2957376
0.2897096 0.3981625 0.3121279
0.2992389 0.4048818 0.2958794
0.2777609 0.4102755 0.3119636
0.2730632 0.3829833 0.3439535
0.2959399 0.3986504 0.3054096
0.3036006 0.3800757 0.3163237
0.2739225 0.4089329 0.3171446
0.3124361 0.3895613 0.2980026
0.3090339 0.3990965 0.2918697
0.3385327 0.3686117 0.2928556
0.3172557 0.3976421 0.2851022
0.2935047 0.4026985 0.3037968
0.2937364 0.399329 0.3069346
0.2819546 0.3881697 0.3298757
0.3142311 0.3803395 0.3054294
0.2828767 0.3863918 0.3307314
0.3315813 0.3795469 0.2888719
0.3012512 0.4174149 0.2813339
0.2704972 0.4000573 0.3294455
0.3249389 0.3717748 0.3032863
0.2904985 0.3929847 0.3165168
0.2742212 0.3887062 0.3370726
0.272359 0.3914314 0.3362096
0.2928894 0.3999778 0.3071328
0.315168 0.3792085 0.3056235
0.2777516 0.4056932 0.3165552
0.2870814 0.3996486 0.31327
0.3066135 0.3611338 0.3322526
0.2718103 0.4193571 0.3088326
0.2944778 0.4028658 0.3026564
0.2916845 0.3990966 0.3092189
0.3015046 0.3956115 0.3028839
0.3117222 0.3645446 0.3237333
0.293466 0.3856714 0.3208626
0.2809271 0.4209591 0.2981138
0.2795413 0.4142479 0.3062108
0.288658 0.3981078 0.3132343
0.2935241 0.3817877 0.3246881
0.3007509 0.3795865 0.3196625
0.3151838 0.3725518 0.3122644
0.3025279 0.3813195 0.3161526
0.3128533 0.3737541 0.3133926
0.2735156 0.4056842 0.3208002
0.2791626 0.3915284 0.329309
0.3081163 0.3873298 0.3045539
0.3019664 0.4103746 0.287659
0.3030274 0.3778855 0.3190872
0.3118795 0.3775788 0.3105417
0.2907872 0.4065791 0.3026337
0.2928019 0.3975362 0.3096619
0.312013 0.3838797 0.3041072
0.2915364 0.3781583 0.3303053
0.2855604 0.3942074 0.3202322
0.3124242 0.395346 0.2922298
0.2660185 0.3891346 0.3448469
0.3057997 0.386675 0.3075253
0.3051651 0.382081 0.3127539
0.2617466 0.4205857 0.3176676
0.2902815 0.3987289 0.3109896
0.2955337 0.3925179 0.3119484
0.2804615 0.4037588 0.3157796
0.2949156 0.4171203 0.2879641
0.3105671 0.3750427 0.3143903
0.295362 0.3871097 0.3175283
0.2792379 0.4074761 0.3132861
0.3069127 0.400111 0.2929762
0.3128487 0.4060322 0.2811191
0.3070975 0.3820882 0.3108142
0.3153684 0.3577443 0.3268873
0.3137963 0.3836505 0.3025532
0.2878655 0.3772625 0.334872
0.2884954 0.3840952 0.3274094
0.298038 0.4046931 0.297269
0.3007439 0.3869367 0.3123194
0.3054008 0.3897592 0.30484
0.2635943 0.4186988 0.3177069
0.2786231 0.3950979 0.3262791
0.3017315 0.3922169 0.3060516
0.2909519 0.406217 0.302831
0.3012405 0.3870013 0.3117582
0.2870902 0.3963588 0.316551
0.3046183 0.3855828 0.3097989
0.2812475 0.4037867 0.3149658
0.2927483 0.3851898 0.3220619
0.3122449 0.3677049 0.3200501
0.3013761 0.422467 0.2761568
0.3004655 0.4022616 0.2972729
0.2807311 0.4105135 0.3087554
0.2630533 0.3862156 0.3507312
0.263076 0.4211155 0.3158085
0.3004803 0.3852362 0.3142835
0.3077362 0.3726007 0.3196631
0.2913462 0.3828519 0.3258019
0.2742379 0.4169788 0.3087833
0.2855006 0.3938987 0.3206007
0.3094417 0.3745339 0.3160244
0.2832277 0.4241037 0.2926686
0.3116691 0.3893394 0.2989915
0.2995512 0.3962341 0.3042147
0.2802888 0.3969912 0.3227199
0.3136719 0.3699939 0.3163342
0.2953566 0.3931779 0.3114655
0.290647 0.4189106 0.2904424
0.3066654 0.3830771 0.3102575
0.2950902 0.3797589 0.3251509
0.3213362 0.3840836 0.2945802
0.2951167 0.4072051 0.2976781
0.2782142 0.3967574 0.3250284
0.2759965 0.3841939 0.3398096
0.3098178 0.4000007 0.2901815
0.2923226 0.4173005 0.2903769
0.3040573 0.3848177 0.311125
0.3005926 0.393535 0.3058724
0.3226704 0.3652133 0.3121163
0.2875496 0.4041111 0.3083393
0.2904394 0.4020073 0.3075533
0.2888969 0.3741508 0.3369524
0.2999194 0.4104237 0.2896569
0.3229312 0.3778145 0.2992544
0.287098 0.4120964 0.3008056
0.2980883 0.4100234 0.2918883
0.3133431 0.3877272 0.2989297
0.3222778 0.3667044 0.3110178
0.2887021 0.4134834 0.2978146
0.338999 0.3660944 0.2949066
0.3006453 0.3851338 0.3142209
0.2930013 0.4009431 0.3060557
0.2973027 0.4187208 0.2839765
0.3042296 0.3897418 0.3060286
0.3136961 0.4116953 0.2746086
0.2917471 0.3962783 0.3119746
0.3017121 0.3775557 0.3207322
0.2697794 0.3982761 0.3319445
0.2882102 0.3746819 0.3371079
0.2713134 0.3890862 0.3396004
0.3078111 0.3573348 0.3348541
0.2947548 0.3784085 0.3268368
0.3004885 0.4022546 0.2972568
0.2963606 0.3815499 0.3220895
0.3116438 0.3877741 0.3005821
0.2921922 0.3537309 0.3540768
0.2941939 0.4035071 0.302299
0.3053544 0.3828757 0.3117698
0.2818845 0.3596147 0.3585008
0.3142373 0.3557043 0.3300584
0.3064699 0.3975857 0.2959443
0.2961689 0.3870969 0.3167342
0.3162483 0.3673205 0.3164313
0.3299251 0.3845592 0.2855157
0.2861253 0.3929404 0.3209343
0.2934801 0.379027 0.3274929
0.2881287 0.405746 0.3061253
0.2930804 0.3952926 0.311627
0.2907442 0.3832665 0.3259893
0.2822174 0.3776836 0.3400989
0.282142 0.3939767 0.3238813
0.288758 0.3981028 0.3131392
0.3013472 0.3868992 0.3117537
0.2740938 0.3968771 0.3290291
0.2834959 0.3957563 0.3207478
0.3118506 0.3830073 0.3051421
0.3010856 0.4120818 0.2868326
0.3164663 0.3791365 0.3043972
0.3096999 0.3946717 0.2956284
0.2945966 0.4027671 0.3026363
0.3119236 0.4040125 0.2840639
0.2766564 0.428874 0.2944695
0.267622 0.39304 0.339338
0.3127581 0.3910299 0.296212
0.2836283 0.40747 0.3089017
0.2972408 0.3902758 0.3124834
0.3096763 0.3751235 0.3152001
0.2971896 0.3662678 0.3365426
0.2891237 0.416877 0.2939993
0.2858257 0.3762641 0.3379102
0.2888762 0.3996569 0.311467
0.2962849 0.4037784 0.2999368
0.3095831 0.3832811 0.3071358
0.2935893 0.3827056 0.323705
0.2918042 0.3974275 0.3107684
0.2901193 0.3870583 0.3228225
0.3007925 0.3984746 0.3007328
0.3074648 0.3710318 0.3215034
0.3172373 0.3889103 0.2938524
0.2874658 0.4170083 0.2955259
0.28106 0.4210158 0.2979242
0.2877287 0.4184265 0.2938448
0.2984135 0.3811909 0.3203956
0.307361 0.3617974 0.3308416
0.2925423 0.3975022 0.3099555
0.3223398 0.3739651 0.3036951
0.2807916 0.3902148 0.3289936
0.2952769 0.3985532 0.30617
0.2754879 0.4210855 0.3034266
0.3012948 0.420976 0.2777291
0.3082864 0.3817243 0.3099893
0.2717437 0.3870193 0.3412369
0.3182101 0.3930477 0.2887422
0.3161958 0.3783096 0.3054947
0.2971317 0.3986705 0.3041978
0.2948743 0.3709779 0.3341478
0.2950224 0.3771543 0.3278233
0.2893956 0.3937005 0.3169039
0.2720155 0.4119644 0.3160201
0.2890957 0.403537 0.3073673
0.3054342 0.3742835 0.3202823
0.2735754 0.4005196 0.325905
0.3246268 0.3790463 0.2963269
0.2928724 0.4081372 0.2989904
0.313546 0.3938864 0.2925676
0.2977076 0.3635736 0.3387188
0.2987182 0.4046695 0.2966123
0.295505 0.4087125 0.2957825
0.2849223 0.3786487 0.3364291
0.3173819 0.3615359 0.3210822
0.2924101 0.3923216 0.3152683
0.2769537 0.4070074 0.3160389
0.3210384 0.3828213 0.2961403
0.3015539 0.3980595 0.3003866
0.2875342 0.3832452 0.3292207
0.2875686 0.4034479 0.3089835
0.289286 0.4038848 0.3068292
0.3059095 0.3704718 0.3236188
0.3097819 0.369953 0.3202651
0.3015721 0.4068928 0.2915351
0.3086145 0.4012347 0.2901507
0.2812829 0.4223931 0.296324
0.2727186 0.4080416 0.3192398
0.3004608 0.3826259 0.3169133
0.2888611 0.4089585 0.3021804
0.2891606 0.3858718 0.3249676
0.3012349 0.4065245 0.2922407
0.3052947 0.3990872 0.2956181
0.3175844 0.3713289 0.3110867
0.3113079 0.377731 0.3109611
0.3000964 0.3772235 0.3226802
0.3005917 0.4067836 0.2926247
0.3037939 0.3717282 0.324478
0.284046 0.3815987 0.3343553
0.2935476 0.4014094 0.305043
0.3074374 0.3624372 0.3301254
0.3024522 0.3861729 0.3113749
0.2943574 0.4113309 0.2943117
0.2954308 0.4059442 0.298625
0.3141505 0.3802866 0.3055628
0.3041215 0.3742438 0.3216347
0.3089388 0.4153792 0.275682
0.3215409 0.3424001 0.336059
0.3052311 0.3822203 0.3125486
0.2973719 0.3788573 0.3237708
0.2938804 0.3923553 0.3137644
0.2639937 0.4070196 0.3289867
0.3062262 0.3900723 0.3037015
0.2846671 0.3923029 0.3230299
0.3076638 0.3900759 0.3022604
0.2949187 0.4057479 0.2993334
0.2841676 0.3946408 0.3211916
0.3128562 0.3639847 0.323159
0.2999159 0.3765475 0.3235366
0.3241202 0.3587452 0.3171346
0.2868521 0.4157345 0.2974135
0.3030608 0.4112035 0.2857357
0.2847192 0.4176236 0.2976572
0.293069 0.3848299 0.3221012
0.3157602 0.3884912 0.2957486
0.2878793 0.4010661 0.3110546
0.2804449 0.4132146 0.3063405
0.2956008 0.417867 0.2865322
0.2803595 0.4021576 0.3174829
0.2788314 0.3889058 0.3322628
0.265009 0.4082732 0.3267179
0.2937634 0.4222644 0.2839722
0.3028076 0.3932515 0.3039409
0.3027642 0.3751214 0.3221144
0.2915002 0.39272 0.3157798
0.3132465 0.3828938 0.3038597
0.3222025 0.3853169 0.2924805
0.3173622 0.3939573 0.2886806
0.2981371 0.3910816 0.3107814
0.3100802 0.407391 0.2825288
0.2911085 0.4190671 0.2898244
0.2945949 0.4220495 0.2833556
0.2832648 0.3951697 0.3215655
0.2890321 0.39371 0.317258
0.2756871 0.4278636 0.2964493
0.3144757 0.3622954 0.3232288
0.3110469 0.3908422 0.2981109
0.3017812 0.3872048 0.3110141
0.3024544 0.3949873 0.3025582
0.3048023 0.3915291 0.3036686
0.3006258 0.3818827 0.3174915
0.3121234 0.3684749 0.3194017
0.3056872 0.3787512 0.3155615
0.2951535 0.4096114 0.2952351
0.2916638 0.39567 0.3126662
0.2835309 0.3943249 0.3221442
0.3037562 0.4005138 0.29573
0.3077027 0.3900598 0.3022375
0.2961399 0.4136965 0.2901637
0.2744837 0.4041047 0.3214116
0.2867213 0.3886414 0.3246373
0.3044107 0.3601663 0.3354231
0.2767342 0.4225145 0.3007513
0.3000263 0.4042007 0.295773
0.2937188 0.410248 0.2960332
0.3236481 0.3680509 0.308301
0.2936878 0.4147127 0.2915995
0.2850127 0.3728477 0.3421397
0.2921265 0.4020747 0.3057988
0.296006 0.3833936 0.3206004
0.3080902 0.363695 0.3282149
0.273751 0.3948831 0.3313659
0.2870801 0.3970339 0.3158859
0.3044904 0.3948949 0.3006147
0.2988375 0.3944088 0.3067536
0.3140109 0.3779408 0.3080483
0.3018064 0.3636967 0.3344969
0.2801412 0.4327663 0.2870924
0.2973022 0.3859889 0.3167089
0.3019365 0.3939212 0.3041423
0.2967132 0.3816506 0.3216361
0.3030013 0.3804276 0.316571
0.2915201 0.402973 0.305507
0.2885107 0.3899351 0.3215542
0.2960671 0.4016262 0.3023067
0.2764429 0.4214767 0.3020804
0.2891074 0.3992624 0.3116302
0.2923213 0.3740263 0.3336524
0.3102065 0.3749582 0.3148353
0.2745951 0.3798572 0.3455477
0.3106209 0.3963301 0.293049
0.3006953 0.3999813 0.2993234
0.3178141 0.3815709 0.300615
0.3078091 0.3947049 0.297486
0.303187 0.3791865 0.3176265
0.2941001 0.398494 0.3074059
0.2917832 0.3998349 0.3083818
0.291518 0.3919488 0.3165332
0.3241348 0.3702277 0.3056374
0.292477 0.3916873 0.3158357
0.3014059 0.3782277 0.3203664
0.2848381 0.3958276 0.3193343
0.2923585 0.383119 0.3245225
0.3064139 0.3904576 0.3031285
0.2806167 0.4182627 0.3011206
0.2977151 0.3949611 0.3073238
0.3007979 0.3741322 0.3250698
0.2973046 0.3920115 0.3106838
0.319548 0.409054 0.2713979
0.3006497 0.3895324 0.3098179
0.278909 0.418825 0.3022659
0.2788632 0.3949708 0.3261659
0.2957259 0.3964087 0.3078654
0.2889116 0.3851351 0.3259533
0.2947512 0.3761806 0.3290682
0.3188445 0.3927142 0.2884413
0.3143299 0.3739753 0.3116948
0.2956646 0.4014913 0.3028442
0.2982221 0.3980839 0.303694
0.3092738 0.4063074 0.2844189
0.3020587 0.364467 0.3334742
0.3016229 0.4168425 0.2815346
0.2872451 0.4024773 0.3102776
0.2750887 0.411972 0.3129392
0.3049654 0.4011506 0.293884
0.3229386 0.391708 0.2853535
0.2769269 0.3962276 0.3268454
0.3234567 0.3898156 0.2867277
0.2705408 0.4131227 0.3163365
0.2871991 0.3974001 0.3154008
0.2898148 0.4062107 0.3039745
0.3044283 0.4108555 0.2847162
0.3102233 0.3943796 0.2953971
0.2982065 0.3804021 0.3213914
0.2963801 0.4079063 0.2957136
0.3172766 0.3703724 0.312351
0.3003839 0.4028174 0.2967987
0.2873198 0.3644882 0.348192
0.3077772 0.3668682 0.3253546
0.2933525 0.4074764 0.2991712
0.2769408 0.40316 0.3198991
0.3124106 0.3982845 0.2893049
0.3092524 0.4157912 0.2749564
0.2707562 0.4014798 0.327764
0.3093763 0.3853964 0.3052273
0.276755 0.4084417 0.3148033
0.3160652 0.4003067 0.283628
0.2978206 0.3910365 0.311143
0.2845288 0.3737022 0.341769
0.2949468 0.3933638 0.3116894
0.2990666 0.3829512 0.3179821
0.298547 0.3706997 0.3307533
0.2888953 0.3833056 0.3277991
0.3199255 0.3635967 0.3164779
0.2927699 0.3876291 0.319601
0.2982694 0.3975039 0.3042267
0.3038066 0.3843238 0.3118696
0.3080447 0.3919761 0.2999793
0.275369 0.3945937 0.3300372
0.3196284 0.374916 0.3054556
0.2964696 0.388437 0.3150935
0.2854872 0.3904994 0.3240134
0.319394 0.3704038 0.3102022
0.3191863 0.3740803 0.3067334
0.2887856 0.400769 0.3104454
0.2919433 0.4223832 0.2856735
0.2870382 0.4003724 0.3125895
0.2696272 0.4064151 0.3239577
0.3182047 0.3701216 0.3116738
0.285193 0.4000584 0.3147486
0.3004735 0.3860895 0.313437
0.3207729 0.3647032 0.3145239
0.3175692 0.3734253 0.3090054
0.2915418 0.3901344 0.3183238
0.2923568 0.3826655 0.3249776
0.2963268 0.3957809 0.3078923
0.3088132 0.3942217 0.2969651
0.2832612 0.3994547 0.3172841
0.2866876 0.388546 0.3247664
0.2904298 0.4100977 0.2994725
0.3086675 0.3973637 0.2939688
0.2986324 0.390842 0.3105256
0.3053031 0.4038206 0.2908763
0.3056479 0.376191 0.3181611
0.2850826 0.4081051 0.3068122
0.2985314 0.3565215 0.3449471
0.2865852 0.4059873 0.3074275
0.2743148 0.4115205 0.3141647
0.2954588 0.3787754 0.3257658
0.3051029 0.391855 0.3030421
0.2969658 0.4041568 0.2988775
0.2880423 0.4242267 0.2877311
0.275253 0.3961044 0.3286426
0.3083457 0.3884302 0.3032241
0.2979894 0.3693721 0.3326385
0.2928795 0.3866338 0.3204867
0.298756 0.3883663 0.3128777
0.3094489 0.4045569 0.2859942
0.2785514 0.4208123 0.3006363
0.2963517 0.3794998 0.3241485
0.2869665 0.4112031 0.3018304
0.2840496 0.3979561 0.3179943
0.2924296 0.3837585 0.3238119
0.2856555 0.3885959 0.3257486
0.3164242 0.3874463 0.2961295
0.2976289 0.3714854 0.3308858
0.2887562 0.428116 0.2831278
0.3197985 0.3818663 0.2983352
0.3116489 0.3918314 0.2965197
0.2936381 0.3928124 0.3135496
0.3101258 0.3912227 0.2986515
0.2977577 0.3911219 0.3111204
0.306236 0.3850386 0.3087254
0.3053547 0.4004378 0.2942075
0.28975 0.4024066 0.3078434
0.2968518 0.4166864 0.2864618
0.2980261 0.3608983 0.3410756
0.2925385 0.3905114 0.3169501
0.2888028 0.3955819 0.3156153
0.2785161 0.3991452 0.3223387
0.313926 0.3845288 0.3015452
0.3018188 0.3977515 0.3004297
0.2904811 0.4023877 0.3071312
0.2824159 0.4092971 0.308287
0.3038166 0.3974254 0.298758
0.2940667 0.3938974 0.3120359
0.2994282 0.3852438 0.3153281
0.2651532 0.4009118 0.3339351
0.3086943 0.405687 0.2856186
0.3106697 0.3715765 0.3177538
0.3347032 0.351334 0.3139628
0.3152859 0.3730965 0.3116176
0.2624497 0.3928248 0.3447255
0.3095739 0.4064061 0.2840199
0.2646751 0.3942477 0.3410772
0.2928744 0.3893119 0.3178137
0.2792137 0.4079794 0.312807
0.3144648 0.3737656 0.3117695
0.2863374 0.4032506 0.310412
0.3050335 0.3793483 0.3156182
0.3081108 0.3932279 0.2986613
0.3032188 0.3937738 0.3030074
0.3031406 0.38192 0.3149395
0.3036051 0.3940559 0.302339
0.2979459 0.4002979 0.3017563
0.2963736 0.4077728 0.2958537
0.2936882 0.4017348 0.304577
0.2832331 0.4147671 0.3019998
0.2972279 0.4125299 0.2902422
0.2857671 0.4000677 0.3141652
0.3015919 0.4005984 0.2978097
0.3036148 0.4030756 0.2933096
0.2823526 0.40242 0.3152274
0.292128 0.3812593 0.3266127
0.2838896 0.3895689 0.3265415
0.2998891 0.4113126 0.2887983
0.3100673 0.3989456 0.2909871
0.2884031 0.4113882 0.3002088
0.3003094 0.3855047 0.3141859
0.3067158 0.3546423 0.3386419
0.3254204 0.3904494 0.2841302
0.2896432 0.3796917 0.3306651
0.2966444 0.3923715 0.3109841
0.2858893 0.40577 0.3083407
0.3162592 0.3773712 0.3063696
0.2833935 0.4036018 0.3130047
0.3044565 0.3865881 0.3089554
0.2998813 0.401766 0.2983528
0.2815518 0.3996843 0.3187639
0.2722148 0.4155838 0.3122014
0.3029807 0.3973417 0.2996777
0.3128856 0.3726114 0.314503
0.2844516 0.4066909 0.3088576
0.2865552 0.4280005 0.2854443
0.2941275 0.3774317 0.3284408
0.3110233 0.3786007 0.310376
0.3225892 0.363691 0.3137199
0.2951773 0.3893777 0.3154451
0.2956087 0.4015716 0.3028197
0.3145234 0.3831768 0.3022997
0.3234109 0.3810951 0.295494
0.305183 0.3684538 0.3263631
0.2978339 0.3860951 0.3160709
0.2893605 0.3904148 0.3202246
0.2916933 0.3827994 0.3255073
0.2960593 0.3961068 0.3078339
0.3169835 0.3913351 0.2916814
0.2886492 0.4050691 0.3062817
0.2983919 0.3856461 0.315962
0.2862355 0.4004061 0.3133584
0.3097243 0.393614 0.2966617
0.3166658 0.3758612 0.307473
0.3071053 0.3841381 0.3087566
0.3011607 0.3747442 0.3240951
0.2988254 0.3776923 0.3234823
0.2734827 0.4031306 0.3233867
0.3144767 0.3764231 0.3091002
0.2767173 0.3757944 0.3474883
0.285001 0.4074293 0.3075696
0.2743412 0.3912853 0.3343734
0.3340652 0.4164201 0.2495147
0.2869353 0.3967563 0.3163084
0.2860826 0.3914806 0.3224368
0.2912839 0.400368 0.3083481
0.2970095 0.391433 0.3115575
0.2866643 0.3887466 0.324589
0.2793585 0.385781 0.3348606
0.3117288 0.3878246 0.3004466
0.3038005 0.3966723 0.2995272
0.3038414 0.3835533 0.3126053
0.2858261 0.4212044 0.2929695
0.3348754 0.3626378 0.3024868
0.3184968 0.3882127 0.2932905
0.2908695 0.3795209 0.3296096
0.3082685 0.377247 0.3144845
0.2774434 0.4162123 0.3063442
0.2851406 0.3950984 0.3197611
0.3121863 0.4045726 0.283241
0.3015103 0.3852693 0.3132204
0.2901679 0.395051 0.3147812
0.3126272 0.3820989 0.3052739
0.2825796 0.4185961 0.2988242
0.3085944 0.3837421 0.3076635
0.303996 0.3837464 0.3122576
0.3225851 0.3948188 0.2825961
0.2933955 0.3973591 0.3092454
0.3095145 0.3908136 0.2996719
0.326973 0.3742144 0.2988126
0.3150854 0.3942978 0.2906168
0.2983474 0.3727797 0.328873
0.2708827 0.398053 0.3310643
0.3014595 0.4031068 0.2954337
0.288671 0.4118233 0.2995057
0.3054091 0.376304 0.318287
0.2684218 0.3916147 0.3399635
0.3023403 0.395958 0.3017016
0.3214146 0.380174 0.2984114
0.3116048 0.3983278 0.2900674
0.2955373 0.3968977 0.3075649
0.2952682 0.3890903 0.3156416
0.3099223 0.3702287 0.319849
0.3036661 0.3744921 0.3218417
0.2849582 0.4091174 0.3059243
0.3310649 0.3668535 0.3020816
0.2917037 0.3975373 0.310759
0.3412086 0.3658431 0.2929483
0.2978558 0.4061776 0.2959665
0.2748327 0.3951245 0.3300427
0.3119824 0.3827618 0.3052558
0.2865066 0.3872598 0.3262336
0.283557 0.399769 0.316674
0.3033801 0.3915101 0.3051097
0.2861416 0.388743 0.3251154
0.2881538 0.3869513 0.3248948
0.3082603 0.3950382 0.2967015
0.3087837 0.3948488 0.2963675
0.3116898 0.4212373 0.2670729
0.2920112 0.3884082 0.3195806
0.2737506 0.42031 0.3059394
0.2704323 0.4175134 0.3120543
0.2713215 0.3968682 0.3318103
0.260325 0.4095613 0.3301137
0.3078943 0.3638974 0.3282083
0.2944012 0.4013413 0.3042574
0.3194324 0.3738895 0.3066781
0.2956713 0.3850773 0.3192514
0.3108568 0.3978171 0.2913261
0.2842303 0.4260634 0.2897063
0.3036142 0.4063988 0.2899869
0.2914973 0.3639701 0.3445326
0.297425 0.3833547 0.3192204
0.2973385 0.3844616 0.3181999
0.2809183 0.4167515 0.3023302
0.2929438 0.3836024 0.3234538
0.2957487 0.3903804 0.3138709
0.2843115 0.4209584 0.2947302
0.3021446 0.3961298 0.3017256
0.2810028 0.3849945 0.3340027
0.2973227 0.4112624 0.2914148
0.3093233 0.3805285 0.3101482
0.2609302 0.4249617 0.3141082
0.2695016 0.4047739 0.3257245
0.2880218 0.3923767 0.3196015
0.2905154 0.4091247 0.3003598
0.2913887 0.4111224 0.2974889
0.3194637 0.384166 0.2963703
0.2873103 0.3736587 0.3390309
0.2775207 0.4152716 0.3072077
0.3146434 0.3811115 0.3042451
0.3054441 0.3799227 0.3146332
0.3244901 0.3785628 0.2969471
0.3080739 0.3758369 0.3160893
0.3001937 0.3918949 0.3079114
0.3045295 0.3693024 0.3261681
0.3165795 0.362457 0.3209635
0.3093221 0.3817715 0.3089064
0.2796756 0.4041112 0.3162132
0.2859137 0.403262 0.3108243
0.2880112 0.3968709 0.3151179
0.2903692 0.379817 0.3298137
0.2886693 0.4163228 0.2950079
0.2840781 0.3776098 0.3383121
0.310182 0.3762261 0.3135919
0.2921379 0.4036488 0.3042133
0.2734747 0.3971652 0.3293601
0.2687179 0.3721211 0.359161
0.3070491 0.4097299 0.283221
0.3135421 0.3998644 0.2865934
0.2937317 0.388339 0.3179294
0.2706804 0.4132281 0.3160915
0.3003673 0.3781656 0.3214671
0.28975 0.3585335 0.3517165
0.274782 0.3959732 0.3292448
0.2917219 0.4158201 0.292458
0.298903 0.3907348 0.3103622
0.2888907 0.3783834 0.3327258
0.2917023 0.3947189 0.3135788
0.2729976 0.4180571 0.3089453
0.3187234 0.3744164 0.3068602
0.2681256 0.4309978 0.3008766
0.3045843 0.3979139 0.2975018
0.284756 0.3810221 0.3342218
0.2856217 0.3815884 0.3327898
0.2867447 0.3939046 0.3193507
0.3132052 0.3667506 0.3200442
0.279726 0.3931538 0.3271202
0.2765355 0.4095585 0.313906
0.2970787 0.3804535 0.3224678
0.2833555 0.3843079 0.3323366
0.3009256 0.4022583 0.2968161
0.3213668 0.373313 0.3053202
0.3086104 0.3928072 0.2985824
0.2826122 0.4069277 0.3104601
0.3011753 0.3677048 0.33112
0.2931255 0.4063246 0.3005499
0.2713523 0.4068092 0.3218385
0.2747961 0.3975471 0.3276568
0.2955217 0.3662112 0.3382672
0.3080402 0.3778661 0.3140938
0.2935829 0.403625 0.302792
0.2911328 0.3994326 0.3094346
0.298566 0.385017 0.316417
0.3026589 0.3869217 0.3104194
0.3186058 0.3800553 0.3013389
0.2756339 0.4083753 0.3159908
0.2949872 0.3900145 0.3149983
0.3113562 0.391876 0.2967678
0.2931154 0.4195589 0.2873257
0.3139569 0.393502 0.2925411
0.2910487 0.4132656 0.2956858
0.3010614 0.4014941 0.2974446
0.3064612 0.3853421 0.3081967
0.3029486 0.3824653 0.314586
0.3129579 0.3714621 0.31558
0.2983846 0.4045682 0.2970472
0.2839552 0.4270028 0.2890419
0.2900851 0.3991209 0.310794
0.3040043 0.3945897 0.301406
0.2748778 0.4213637 0.3037585
0.2692134 0.4249657 0.305821
0.2888915 0.3841006 0.3270078
0.2956829 0.3862649 0.3180522
0.3276458 0.3989276 0.2734266
0.310334 0.3764729 0.3131931
0.2918981 0.3756165 0.3324854
0.3205705 0.3799316 0.299498
0.3140285 0.4067801 0.2791913
0.289166 0.3822199 0.3286141
0.3024945 0.3872876 0.310218
0.2924244 0.4175127 0.290063
0.290049 0.3873873 0.3225637
0.2967006 0.3873171 0.3159823
0.2885365 0.4050755 0.3063881
0.2724982 0.3905311 0.3369707
0.2930638 0.390628 0.3163082
0.2949 0.3896561 0.3154439
0.2808516 0.4144331 0.3047153
0.29204 0.3995987 0.3083613
0.3143155 0.3908102 0.2948743
0.3162223 0.3742151 0.3095626
0.2989711 0.395372 0.3056569
0.2931167 0.3936899 0.3131933
0.2895549 0.3953199 0.3151252
0.315816 0.3855687 0.2986153
0.3018659 0.3638598 0.3342743
0.2744748 0.3940545 0.3314707
0.3264231 0.3748167 0.2987602
0.3023982 0.42178 0.2758218
0.2691687 0.4059585 0.3248729
0.2910481 0.4084401 0.3005118
0.304452 0.3925232 0.3030249
0.2813117 0.3993258 0.3193624
0.2936026 0.3730031 0.3333943
0.300634 0.3817204 0.3176456
0.3253707 0.3600455 0.3145838
0.2888148 0.3756089 0.3355762
0.311695 0.3926662 0.2956388
0.269467 0.4074718 0.3230612
0.307581 0.3805377 0.3118813
0.2980116 0.3929705 0.3090179
0.2815862 0.4202596 0.2981542
0.2927433 0.3931875 0.3140692
0.311681 0.3815989 0.3067201
0.3025973 0.4006096 0.2967931
0.2726447 0.3847491 0.3426062
0.3039395 0.3921815 0.303879
0.3047254 0.3943636 0.300911
0.2821206 0.3939656 0.3239137
0.316032 0.3907892 0.2931788
0.2957168 0.3699372 0.334346
0.2949564 0.3821928 0.3228508
0.2836915 0.4138735 0.302435
0.277901 0.4026581 0.3194409
0.2951979 0.4088688 0.2959333
0.3003351 0.4002902 0.2993748
0.2847471 0.3842795 0.3309734
0.2970828 0.3877987 0.3151185
0.2952781 0.3816828 0.3230391
0.2775906 0.3876789 0.3347305
0.2957119 0.3869749 0.3173133
0.286007 0.3732039 0.3407892
0.283869 0.3796 0.336531
0.3047375 0.3907338 0.3045287
0.3126658 0.3778411 0.3094931
0.3085086 0.3739266 0.3175648
0.3233958 0.3659635 0.3106407
0.2892157 0.3963389 0.3144454
0.3054168 0.37968 0.3149032
0.3013643 0.3891498 0.3094859
0.3159349 0.3697209 0.3143442
0.294671 0.3819975 0.3233314
0.2935714 0.3892364 0.3171922
0.2996001 0.3944455 0.3059544
0.2891216 0.3989353 0.3119432
0.2927485 0.3897423 0.3175092
0.2963616 0.3799306 0.3237078
0.2944186 0.3873809 0.3182005
0.2936425 0.3767386 0.3296189
0.2736766 0.3930699 0.3332535
0.2737016 0.3832156 0.3430828
0.2854654 0.3969663 0.3175682
0.3169762 0.4033405 0.2796833
0.3047425 0.3800562 0.3152013
0.321714 0.3672808 0.3110052
0.3158272 0.3789297 0.3052432
0.3000938 0.4068388 0.2930674
0.3006298 0.4124105 0.2869597
0.2979353 0.4036896 0.2983751
0.2947628 0.408788 0.2964491
0.3263192 0.3632583 0.3104226
0.280965 0.4002346 0.3188004
0.2882059 0.3895135 0.3222806
0.2917808 0.3878099 0.3204093
0.2984186 0.3771231 0.3244583
0.2743319 0.3960011 0.329667
0.3126612 0.3700771 0.3172617
0.2837947 0.3843923 0.331813
0.2855821 0.4008527 0.3135652
0.2947744 0.3805764 0.3246492
0.3003468 0.3806609 0.3189923
0.2723747 0.4257706 0.3018547
0.310723 0.3898786 0.2993983
0.3142585 0.3579541 0.3277875
0.3099395 0.3880666 0.3019939
0.2679504 0.4044938 0.3275558
0.2970299 0.3903928 0.3125773
0.2809417 0.3938845 0.3251738
0.3146109 0.3848149 0.3005742
0.3126671 0.3977318 0.2896012
0.3005512 0.4144296 0.2850192
0.329679 0.3903854 0.2799355
0.2744476 0.4068174 0.318735
0.3028729 0.405339 0.291788
0.2853454 0.4095158 0.3051388
0.286574 0.3858858 0.3275402
0.3053778 0.3926002 0.302022
0.3085019 0.3904547 0.3010434
0.2900191 0.3803747 0.3296062
0.3132779 0.3881565 0.2985656
0.3055901 0.3937573 0.3006526
0.300328 0.398906 0.3007659
0.2966132 0.3683279 0.3350589
0.3021739 0.3845161 0.3133101
0.311119 0.3788136 0.3100675
0.2828302 0.3998331 0.3173367
0.3017956 0.4201652 0.2780392
0.2948142 0.4069892 0.2981966
0.2935722 0.3873034 0.3191244
0.2797043 0.3938563 0.3264394
0.2759985 0.3959664 0.3280351
0.2939309 0.4075814 0.2984877
0.2975778 0.385664 0.3167582
0.2983381 0.4036234 0.2980385
0.2941335 0.4003522 0.3055144
0.3039051 0.3772975 0.3187975
0.2788634 0.4015536 0.3195829
0.3089766 0.4076824 0.283341
0.3390251 0.3578322 0.3031427
0.2868578 0.3804767 0.3326655
0.298898 0.4085685 0.2925335
0.2885042 0.3941023 0.3173935
0.3031905 0.3914595 0.3053499
