"p_1" "p_2" "p_3"
0.3046329 0.2980288 0.3973383
0.3111376 0.2987884 0.390074
0.2882734 0.3315196 0.380207
0.3102149 0.2850636 0.4047214
0.3120666 0.3143102 0.3736231
0.2811899 0.3299476 0.3888625
0.3116818 0.3095461 0.3787721
0.2849612 0.2860264 0.4290123
0.2886026 0.2868918 0.4245057
0.2741536 0.3062005 0.4196459
0.3121237 0.3240813 0.3637949
0.3325995 0.2895535 0.377847
0.2724063 0.3248019 0.4027919
0.2833004 0.3280015 0.3886981
0.2905145 0.3237629 0.3857226
0.2936965 0.287884 0.4184195
0.305386 0.3205216 0.3740925
0.2703213 0.3191726 0.4105061
0.3184993 0.3065642 0.3749365
0.3227137 0.3083707 0.3689156
0.2746685 0.3261977 0.3991338
0.2734309 0.3136829 0.4128861
0.2647297 0.3077483 0.427522
0.3036759 0.3156699 0.3806542
0.283181 0.3108235 0.4059955
0.3199906 0.2947704 0.385239
0.2938101 0.3015535 0.4046364
0.2956149 0.2934289 0.4109561
0.2936161 0.3023899 0.403994
0.3130186 0.3185461 0.3684353
0.2912408 0.3102478 0.3985114
0.2848461 0.3238039 0.39135
0.2915391 0.3217721 0.3866887
0.269528 0.3202212 0.4102507
0.2855015 0.3149373 0.3995613
0.2957858 0.307016 0.3971981
0.2968309 0.2949415 0.4082275
0.3037183 0.2880916 0.4081901
0.3050986 0.3088596 0.3860418
0.32228 0.2825633 0.3951567
0.271841 0.3299784 0.3981805
0.2821134 0.3214347 0.3964519
0.2789167 0.335009 0.3860743
0.2997569 0.3284785 0.3717646
0.2817521 0.3465322 0.3717157
0.3014912 0.2981204 0.4003884
0.2953173 0.3289312 0.3757515
0.2802108 0.3324234 0.3873658
0.2756042 0.3016719 0.422724
0.2988416 0.3339839 0.3671745
0.2703687 0.3100992 0.4195321
0.2979455 0.2982457 0.4038088
0.2981344 0.2998917 0.4019738
0.31492 0.3128334 0.3722467
0.2988192 0.2900621 0.4111187
0.2962782 0.3216532 0.3820686
0.2994712 0.2976923 0.4028364
0.2889644 0.2973983 0.4136373
0.3008979 0.3126878 0.3864144
0.278855 0.3199414 0.4012036
0.3047669 0.3113947 0.3838383
0.2968474 0.3145401 0.3886125
0.3029796 0.3064953 0.3905251
0.3054619 0.2961346 0.3984035
0.3341254 0.306032 0.3598426
0.2976518 0.3106052 0.3917431
0.3155053 0.3098558 0.3746389
0.2996956 0.3158138 0.3844906
0.3019347 0.2837851 0.4142802
0.2825517 0.3297417 0.3877065
0.2844991 0.2966927 0.4188082
0.2824269 0.3398953 0.3776778
0.3123947 0.2750138 0.4125915
0.3013838 0.2933846 0.4052316
0.2849985 0.3147711 0.4002304
0.3067452 0.2945086 0.3987461
0.2947185 0.3053282 0.3999533
0.3057857 0.3101545 0.3840597
0.3016973 0.2966004 0.4017023
0.2939421 0.3031961 0.4028618
0.2812639 0.3044139 0.4143222
0.2659588 0.3225346 0.4115066
0.2975216 0.3134722 0.3890062
0.2976292 0.3120896 0.3902812
0.3044676 0.3323443 0.363188
0.3002962 0.2986915 0.4010123
0.2950579 0.3041009 0.4008411
0.2773325 0.3295255 0.393142
0.2967682 0.3030561 0.4001758
0.3145324 0.291231 0.3942366
0.2923255 0.2985083 0.4091662
0.2999854 0.300574 0.3994406
0.2818231 0.3318004 0.3863764
0.3022338 0.2916814 0.4060849
0.3046356 0.3099365 0.3854279
0.3080782 0.2994022 0.3925196
0.2900443 0.3122262 0.3977295
0.2950429 0.3074422 0.3975149
0.2875053 0.3313969 0.3810978
0.2980261 0.3132914 0.3886826
0.312764 0.2816841 0.4055518
0.3011248 0.3064583 0.3924169
0.3101195 0.2915048 0.3983757
0.2984026 0.3133846 0.3882128
0.3134241 0.2951425 0.3914334
0.2889409 0.3240533 0.3870057
0.2952492 0.3059597 0.3987911
0.3084463 0.3157239 0.3758298
0.3085195 0.3095192 0.3819614
0.3045499 0.3131023 0.3823479
0.2900666 0.3199249 0.3900085
0.2915031 0.3044567 0.4040402
0.3059751 0.307772 0.386253
0.311836 0.2782365 0.4099275
0.2916409 0.3068779 0.4014812
0.2980648 0.3287633 0.3731718
0.2896462 0.3211194 0.3892344
0.3096969 0.3065831 0.38372
0.3198253 0.3073057 0.372869
0.3134822 0.3157836 0.3707342
0.2921439 0.3094605 0.3983956
0.2819693 0.3087186 0.4093122
0.2980066 0.3158512 0.3861422
0.3119515 0.2824708 0.4055777
0.3049199 0.2993156 0.3957645
0.324883 0.2716624 0.4034545
0.3044143 0.289538 0.4060476
0.2898738 0.3185267 0.3915996
0.2968502 0.3244286 0.3787211
0.3065867 0.309605 0.3838083
0.3341861 0.293165 0.3726488
0.2956109 0.3255032 0.3788859
0.2834108 0.3221055 0.3944836
0.3098585 0.2785387 0.4116028
0.2875736 0.3265226 0.3859038
0.2934683 0.3075552 0.3989765
0.2926249 0.2955509 0.4118243
0.2934718 0.3296287 0.3768995
0.3012978 0.286833 0.4118692
0.2906292 0.320767 0.3886038
0.2927783 0.3087475 0.3984742
0.3104644 0.3049382 0.3845974
0.2730581 0.325447 0.4014948
0.2798055 0.3317835 0.388411
0.3025811 0.3084991 0.3889198
0.2883415 0.3038262 0.4078323
0.2932437 0.32169 0.3850662
0.2944176 0.3179834 0.3875991
0.3232137 0.3114464 0.36534
0.2962655 0.3187434 0.3849911
0.2944111 0.3139137 0.3916752
0.3094792 0.2873612 0.4031597
0.3054941 0.2728829 0.421623
0.2891821 0.3271244 0.3836934
0.3209639 0.3212195 0.3578165
0.3115918 0.3041029 0.3843054
0.2857585 0.3165525 0.3976891
0.3043751 0.2939981 0.4016268
0.2643284 0.3028874 0.4327842
0.2776965 0.2894056 0.4328979
0.3414875 0.2772126 0.3812999
0.303597 0.3080826 0.3883204
0.2941666 0.2971978 0.4086356
0.298765 0.3132872 0.3879478
0.2729796 0.3218253 0.405195
0.282844 0.3067947 0.4103613
0.2694802 0.3270307 0.4034891
0.2872088 0.3199275 0.3928637
0.2920534 0.3160058 0.3919408
0.326274 0.2762698 0.3974562
0.3065492 0.3162476 0.3772032
0.30862 0.306189 0.385191
0.3031979 0.2967163 0.4000858
0.3020326 0.3144556 0.3835118
0.289353 0.3076517 0.4029953
0.2926847 0.3253822 0.381933
0.2747187 0.3213828 0.4038986
0.2567588 0.291719 0.4515222
0.3009997 0.2940583 0.404942
0.3107105 0.3154079 0.3738817
0.287989 0.3281834 0.3838276
0.3303574 0.2885805 0.3810621
0.2866869 0.3167386 0.3965745
0.3267207 0.2949069 0.3783724
0.3004211 0.300412 0.3991669
0.3136876 0.3161448 0.3701676
0.2735361 0.3045065 0.4219574
0.3114372 0.3012709 0.3872918
0.2805639 0.3333321 0.386104
0.2984018 0.303354 0.3982442
0.2865541 0.3170641 0.3963818
0.2909472 0.3349411 0.3741117
0.3043368 0.3077614 0.3879018
0.2975058 0.2874411 0.4150531
0.3116541 0.3047149 0.383631
0.290292 0.3085948 0.4011132
0.3036257 0.2992631 0.3971112
0.3226388 0.3075843 0.369777
0.2951842 0.328988 0.3758278
0.2919162 0.321415 0.3866688
0.2976598 0.29428 0.4080602
0.2817679 0.2880544 0.4301777
0.2813358 0.3035123 0.4151519
0.3030964 0.2966096 0.400294
0.2949186 0.3033544 0.401727
0.3021658 0.322304 0.3755303
0.2752858 0.3069966 0.4177176
0.308575 0.3133901 0.3780349
0.3125342 0.3094736 0.3779922
0.3126281 0.2978746 0.3894973
0.3236635 0.2962253 0.3801113
0.2934145 0.3107944 0.3957911
0.2910931 0.308569 0.4003379
0.2811827 0.3170208 0.4017964
0.3315041 0.2871506 0.3813452
0.3125671 0.3134179 0.374015
0.2988104 0.2873164 0.4138731
0.3277598 0.2862981 0.385942
0.2773308 0.3283091 0.39436
0.2945989 0.3140911 0.39131
0.291776 0.3229837 0.3852403
0.309666 0.2858755 0.4044585
0.2760373 0.3226273 0.4013354
0.3066186 0.3021159 0.3912655
0.276283 0.3341518 0.3895652
0.282007 0.3144541 0.4035389
0.3041387 0.2856507 0.4102106
0.3067716 0.3145192 0.3787092
0.2844686 0.3172206 0.3983107
0.31722 0.3065256 0.3762544
0.2979166 0.3112121 0.3908713
0.3198933 0.3108778 0.3692289
0.3210666 0.301146 0.3777874
0.2805255 0.2929471 0.4265275
0.2860493 0.3182661 0.3956846
0.3014745 0.3188135 0.379712
0.3079418 0.3349676 0.3570907
0.281561 0.3144278 0.4040112
0.3153476 0.3141004 0.3705519
0.2802351 0.3337372 0.3860277
0.3051874 0.3193418 0.3754708
0.3030335 0.2982414 0.3987251
0.3011912 0.305215 0.3935938
0.3156138 0.3127795 0.3716068
0.3039357 0.2935099 0.4025544
0.3078723 0.3090592 0.3830685
0.3185296 0.3024375 0.3790329
0.3305944 0.2934291 0.3759765
0.2859321 0.3145468 0.3995211
0.3043656 0.3166894 0.3789451
0.2930262 0.3189694 0.3880044
0.296421 0.2995766 0.4040023
0.2965655 0.3000445 0.40339
0.2939847 0.3049133 0.401102
0.2756922 0.3333049 0.3910028
0.3028238 0.291703 0.4054732
0.2900414 0.3168254 0.3931332
0.2987569 0.315389 0.3858541
0.3063498 0.2900696 0.4035806
0.2860526 0.33447 0.3794774
0.2951264 0.3172303 0.3876433
0.3045026 0.3322721 0.3632253
0.3152633 0.3129082 0.3718285
0.2837503 0.3078368 0.4084129
0.2922611 0.3034685 0.4042705
0.3088301 0.2967174 0.3944526
0.304016 0.3147602 0.3812238
0.3079813 0.3054285 0.3865902
0.2921784 0.3329692 0.3748524
0.3026187 0.2892297 0.4081516
0.3051883 0.3041887 0.390623
0.2940849 0.3276832 0.3782318
0.3129708 0.2986454 0.3883838
0.2846262 0.3366442 0.3787297
0.2855045 0.3263263 0.3881692
0.3382152 0.2651909 0.396594
0.2921093 0.329796 0.3780947
0.308004 0.3074922 0.3845038
0.2829562 0.3379095 0.3791343
0.2850578 0.3282376 0.3867046
0.3104412 0.2992233 0.3903355
0.3147031 0.3142621 0.3710347
0.3238982 0.3025071 0.3735947
0.3068655 0.3143565 0.378778
0.3247247 0.2919554 0.3833199
0.2789561 0.3166188 0.4044252
0.2821411 0.2900306 0.4278283
0.301072 0.3136304 0.3852975
0.3149613 0.3123877 0.372651
0.3266087 0.3153304 0.3580609
0.322587 0.3029617 0.3744513
0.2968982 0.3013947 0.4017071
0.3042226 0.3096659 0.3861115
0.3230365 0.2962595 0.380704
0.272351 0.3115183 0.4161307
0.3078799 0.3063904 0.3857296
0.2878474 0.3030862 0.4090664
0.2907082 0.2993571 0.4099348
0.2959362 0.3184343 0.3856295
0.3038653 0.333293 0.3628417
0.2897192 0.317555 0.3927258
0.2984748 0.2977658 0.4037594
0.2896733 0.3065876 0.403739
0.2754929 0.3152354 0.4092717
0.3123906 0.3014402 0.3861691
0.283198 0.3140964 0.4027056
0.2987577 0.3198514 0.3813909
0.2935883 0.3194519 0.3869598
0.2880244 0.3266723 0.3853033
0.31204 0.3038923 0.3840677
0.3298766 0.291141 0.3789824
0.3252378 0.3128584 0.3619039
0.2946332 0.3237685 0.3815984
0.3092734 0.3136591 0.3770675
0.2894276 0.3055697 0.4050027
0.2893804 0.3315917 0.379028
0.307543 0.3065782 0.3858787
0.3003473 0.2976041 0.4020486
0.2926367 0.3210786 0.3862846
0.2768373 0.3323641 0.3907986
0.3189986 0.295206 0.3857954
0.3013329 0.3153194 0.3833477
0.2804303 0.2960681 0.4235016
0.2825539 0.3082833 0.4091628
0.2938688 0.3080049 0.3981263
0.3115689 0.3155535 0.3728776
0.2814407 0.3326979 0.3858615
0.3021932 0.2753218 0.422485
0.274202 0.3389339 0.3868641
0.2996373 0.3190781 0.3812847
0.2896589 0.3227985 0.3875426
0.2760863 0.3103553 0.4135583
0.3116993 0.3262413 0.3620594
0.3023752 0.304348 0.3932768
0.301309 0.3077481 0.390943
0.2946877 0.2879432 0.4173691
0.3025587 0.3252397 0.3722016
0.295525 0.3165155 0.3879596
0.3042361 0.3063181 0.3894458
0.3038396 0.3081052 0.3880552
0.3119761 0.3094157 0.3786082
0.3068386 0.3135655 0.3795959
0.287344 0.3128782 0.3997777
0.3152098 0.2856331 0.3991571
0.294963 0.338325 0.366712
0.2869359 0.3100294 0.4030347
0.2926268 0.3080615 0.3993116
0.2849735 0.3244175 0.390609
0.2849421 0.3134815 0.4015764
0.298329 0.3133743 0.3882966
0.3083005 0.3269463 0.3647532
0.2926989 0.3013055 0.4059957
0.3015418 0.3274458 0.3710125
0.2889353 0.3281976 0.3828671
0.2906132 0.2941584 0.4152285
0.3020977 0.3220817 0.3758206
0.3045813 0.3197444 0.3756744
0.2962296 0.3057914 0.397979
0.287607 0.3368255 0.3755675
0.3035357 0.2997846 0.3966796
0.2938741 0.3107204 0.3954055
0.3120039 0.2976989 0.3902972
0.3025048 0.2930909 0.4044043
0.3121087 0.311227 0.3766643
0.3215151 0.3131882 0.3652967
0.2994254 0.3140547 0.3865199
0.3180203 0.299553 0.3824268
0.2982331 0.3097325 0.3920343
0.281016 0.3147744 0.4042096
0.2948182 0.2976523 0.4075294
0.2930096 0.3246827 0.3823077
0.3017189 0.3100187 0.3882624
0.2745865 0.3042955 0.421118
0.2756019 0.3380445 0.3863536
0.2968207 0.300116 0.4030633
0.2884086 0.3173473 0.3942442
0.3071674 0.2941141 0.3987185
0.281213 0.3229622 0.3958247
0.307266 0.3245201 0.3682139
0.288304 0.299452 0.4122439
0.3071066 0.3246485 0.3682449
0.288039 0.3155772 0.3963837
0.284523 0.3418406 0.3736365
0.3135621 0.297887 0.3885509
0.3017564 0.2974885 0.400755
0.2933145 0.3212478 0.3854377
0.3055694 0.3293801 0.3650505
0.2741833 0.3074983 0.4183184
0.2782211 0.3195969 0.402182
0.3174743 0.3120209 0.3705048
0.2898087 0.3065518 0.4036394
0.2956475 0.2919964 0.412356
0.2955339 0.3093159 0.3951502
0.3013025 0.3146304 0.3840671
0.293589 0.3010972 0.4053138
0.296071 0.2844647 0.4194644
0.3027153 0.3199976 0.377287
0.3024084 0.29507 0.4025216
0.3041487 0.2776415 0.4182098
0.3243375 0.2867001 0.3889623
0.3021873 0.3342044 0.3636084
0.2876032 0.3182263 0.3941705
0.3071069 0.3131039 0.3797893
0.2749397 0.3294905 0.3955699
0.3079939 0.3183822 0.3736239
0.2960877 0.3256286 0.3782837
0.3044282 0.3141556 0.3814162
0.2808679 0.2942497 0.4248824
0.3115489 0.3206259 0.3678252
0.3045647 0.3014539 0.3939814
0.2923503 0.3103326 0.397317
0.2898875 0.3385143 0.3715982
0.2823749 0.3391223 0.3785028
0.2978933 0.3221123 0.3799944
0.3439938 0.2948335 0.3611726
0.2914715 0.3263125 0.382216
0.2855833 0.3292949 0.3851218
0.3011888 0.2980171 0.4007941
0.2737901 0.3015751 0.4246348
0.3128295 0.3121768 0.3749938
0.2903938 0.3378904 0.3717158
0.3098071 0.3112969 0.378896
0.3124363 0.3208708 0.3666928
0.2912147 0.3198304 0.3889549
0.311155 0.2929464 0.3958986
0.3202382 0.3087642 0.3709977
0.3102094 0.3216156 0.3681751
0.3358789 0.2656597 0.3984614
0.2951544 0.2977372 0.4071083
0.2809072 0.3306875 0.3884053
0.2961022 0.2983391 0.4055587
0.2707102 0.3274184 0.4018715
0.3283196 0.2960582 0.3756222
0.3154653 0.2874671 0.3970676
0.3028696 0.298213 0.3989174
0.2760212 0.324882 0.3990968
0.2957893 0.3002596 0.4039511
0.2921458 0.3080126 0.3998416
0.2989427 0.3135811 0.3874762
0.3093636 0.2987978 0.3918386
0.2866448 0.333796 0.3795592
0.2575658 0.3235049 0.4189293
0.302764 0.3123857 0.3848503
0.3036665 0.2641924 0.432141
0.2945152 0.3151733 0.3903116
0.2850194 0.3240238 0.3909569
0.2833706 0.2948252 0.4218042
0.2866825 0.3227566 0.3905609
0.3181379 0.2946855 0.3871765
0.3203811 0.3040943 0.3755247
0.3054344 0.3247313 0.3698343
0.2931317 0.2951683 0.4116999
0.3146515 0.3004543 0.3848943
0.2870595 0.3391274 0.3738131
0.289787 0.3139984 0.3962146
0.2937565 0.3128867 0.3933569
0.296998 0.2945868 0.4084152
0.3052222 0.3196667 0.3751111
0.3037758 0.2998381 0.3963861
0.3150225 0.2737449 0.4112326
0.3007615 0.3172925 0.381946
0.3319188 0.300539 0.3675422
0.2980299 0.3247304 0.3772397
0.2969175 0.3170877 0.3859948
0.2696346 0.3279684 0.402397
0.2845191 0.3226536 0.3928273
0.2938103 0.3272822 0.3789075
0.2905855 0.3258819 0.3835326
0.3067065 0.3073015 0.3859919
0.2907066 0.3290059 0.3802874
0.3189923 0.3112461 0.3697616
0.2996622 0.304775 0.3955628
0.2798916 0.3311182 0.3889901
0.2921161 0.3111542 0.3967296
0.305623 0.31286 0.381517
0.3191989 0.29398 0.3868211
0.2850751 0.3126908 0.4022341
0.3022148 0.3234818 0.3743034
0.2987272 0.3072177 0.3940551
0.297705 0.2823074 0.4199877
0.3111323 0.3335609 0.3553068
0.2869842 0.3051854 0.4078303
0.2850515 0.336547 0.3784016
0.2967366 0.3215424 0.3817209
0.2962143 0.3066252 0.3971606
0.2827467 0.327873 0.3893803
0.3068634 0.3201853 0.3729513
0.3020789 0.3111922 0.3867289
0.3047032 0.3016422 0.3936546
0.2844435 0.3006586 0.4148979
0.3046048 0.3039178 0.3914774
0.3071924 0.3088552 0.3839524
0.2876811 0.3287321 0.3835869
0.286648 0.3109396 0.4024125
0.293544 0.3364603 0.3699957
0.2858816 0.3098194 0.4042989
0.300037 0.3191158 0.3808473
0.2790621 0.3126322 0.4083057
0.3132092 0.3150573 0.3717335
0.3133616 0.2872351 0.3994033
0.2922789 0.296991 0.4107302
0.2817712 0.2993554 0.4188734
0.3082922 0.3157482 0.3759596
0.3172357 0.300301 0.3824633
0.2984911 0.3350179 0.3664911
0.3113301 0.3008273 0.3878427
0.3168213 0.2981253 0.3850533
0.3007118 0.3229628 0.3763254
0.289658 0.2933974 0.4169446
0.3170456 0.2948504 0.388104
0.2733911 0.3280717 0.3985372
0.2872697 0.3014801 0.4112502
0.2959869 0.3317587 0.3722544
0.2975081 0.3406644 0.3618275
0.3191051 0.3141568 0.3667381
0.296222 0.3305478 0.3732302
0.319495 0.2960475 0.3844575
0.2974844 0.3282407 0.3742749
0.3061605 0.2867957 0.4070437
0.2792126 0.306666 0.4141214
0.279815 0.3099718 0.4102132
0.2824303 0.3189486 0.3986211
0.2999202 0.3391112 0.3609686
0.292833 0.3013138 0.4058532
0.284817 0.3187595 0.3964235
0.3105079 0.2924104 0.3970817
0.3039641 0.293962 0.4020738
0.3348167 0.2827081 0.3824752
0.2883048 0.3156231 0.3960721
0.325284 0.3059158 0.3688002
0.3038557 0.3272391 0.3689052
0.2892432 0.32959 0.3811668
0.2988716 0.3177713 0.3833572
0.3149396 0.2867323 0.3983281
0.3003812 0.3093251 0.3902937
0.2975042 0.3360461 0.3664498
0.2780837 0.3371719 0.3847444
0.2998614 0.3090438 0.3910948
0.3177365 0.3202549 0.3620086
0.3153633 0.3104059 0.3742309
0.29115 0.3140808 0.3947692
0.3027392 0.3158913 0.3813695
0.2968185 0.3198817 0.3832998
0.2957508 0.3313557 0.3728935
0.2971148 0.3301952 0.37269
0.3031375 0.3108839 0.3859786
0.3062045 0.3363484 0.3574471
0.3078688 0.3167677 0.3753635
0.2868491 0.3366666 0.3764842
0.3052711 0.3070578 0.3876711
0.2811108 0.3110791 0.4078101
0.2687804 0.3346962 0.3965234
0.2958304 0.3140102 0.3901595
0.3230219 0.3044003 0.3725778
0.3066881 0.3148383 0.3784736
0.2940107 0.2908616 0.4151277
0.3007471 0.3277741 0.3714788
0.2843822 0.3351151 0.3805027
0.3029997 0.3163691 0.3806312
0.2873662 0.3163396 0.3962942
0.276324 0.3330121 0.3906639
0.2973889 0.3099615 0.3926496
0.2968805 0.3114269 0.3916926
0.2843688 0.3089113 0.40672
0.2860306 0.3295019 0.3844675
0.3107075 0.3160756 0.3732169
0.3043381 0.3169589 0.378703
0.3060812 0.2988891 0.3950298
0.3072196 0.3143801 0.3784003
0.2882686 0.3016717 0.4100597
0.2904125 0.3428954 0.3666922
0.2970597 0.3138626 0.3890777
0.2670612 0.3200127 0.412926
0.3029484 0.3091758 0.3878759
0.2879476 0.3143934 0.397659
0.2839724 0.3101649 0.4058627
0.3235033 0.3178038 0.3586929
0.288718 0.3121047 0.3991773
0.2982027 0.3129196 0.3888777
0.311492 0.3152176 0.3732904
0.2863812 0.3229138 0.3907049
0.2811948 0.3271401 0.3916651
0.3082577 0.3009814 0.3907609
0.3192526 0.3129569 0.3677904
0.2971127 0.3028928 0.3999945
0.2853287 0.3110763 0.403595
0.286954 0.3127918 0.4002542
0.3215965 0.2807526 0.3976508
0.2808869 0.3171004 0.4020127
0.2783729 0.3163623 0.4052648
0.2813518 0.3293128 0.3893355
0.3114631 0.280581 0.4079559
0.296918 0.3325828 0.3704991
0.316369 0.3149888 0.3686423
0.3067888 0.3047678 0.3884434
0.3025931 0.2945746 0.4028324
0.2889897 0.3101448 0.4008655
0.3169065 0.275362 0.4077315
0.3166733 0.2933805 0.3899462
0.3173233 0.2795141 0.4031626
0.3144523 0.2820393 0.4035084
0.2899336 0.3260379 0.3840285
0.3004452 0.3147036 0.3848513
0.2857493 0.3072746 0.406976
0.3020911 0.3221674 0.3757416
0.2951893 0.3224865 0.3823242
0.2972107 0.2974154 0.4053739
0.2693258 0.3530539 0.3776203
0.2948559 0.3108578 0.3942863
0.3066842 0.2952936 0.3980222
0.2794083 0.3307946 0.3897972
0.2746869 0.319442 0.4058711
0.3165436 0.3050929 0.3783635
0.3117774 0.2810319 0.4071907
0.2874016 0.3430367 0.3695617
0.3030023 0.2955538 0.4014439
0.3128353 0.3021708 0.3849939
0.2888412 0.3073443 0.4038146
0.3007896 0.2975171 0.4016934
0.2887106 0.285811 0.4254784
0.2886464 0.3016391 0.4097145
0.3048296 0.3094179 0.3857524
0.2826566 0.3099896 0.4073538
0.2759068 0.3133255 0.4107677
0.3022315 0.284149 0.4136194
0.3061919 0.3141425 0.3796656
0.2952891 0.2945751 0.4101357
0.3024456 0.3164123 0.3811422
0.2980018 0.2953187 0.4066795
0.2801696 0.3432182 0.3766122
0.2899551 0.3118562 0.3981886
0.2929041 0.3004593 0.4066366
0.2672508 0.3540908 0.3786585
0.3014497 0.3032467 0.3953037
0.3035583 0.3082594 0.3881823
0.3003889 0.3240132 0.3755979
0.30748 0.3089079 0.3836121
0.297335 0.3309697 0.3716953
0.2988511 0.3023605 0.3987884
0.287105 0.3232902 0.3896049
0.2763532 0.3213399 0.402307
0.2996867 0.2987797 0.4015336
0.3067954 0.3032313 0.3899733
0.28351 0.2882969 0.4281931
0.3026021 0.3091721 0.3882258
0.2966429 0.2999468 0.4034103
0.2908577 0.3187047 0.3904376
0.3154611 0.3061548 0.3783841
0.2987077 0.2953361 0.4059562
0.3103421 0.3259125 0.3637453
0.2914082 0.3208601 0.3877316
0.2849469 0.3285487 0.3865045
0.3010676 0.3184507 0.3804817
0.296149 0.2886714 0.4151796
0.3304434 0.3027032 0.3668534
0.3158582 0.2883702 0.3957715
0.2832965 0.2927191 0.4239844
0.3085922 0.3312719 0.3601359
0.3265467 0.3094275 0.3640257
0.2619671 0.3198338 0.4181991
0.3100201 0.2967673 0.3932125
0.2856531 0.3287454 0.3856014
0.306757 0.3049989 0.3882441
0.3034634 0.2707207 0.4258159
0.2895294 0.308862 0.4016086
0.2880305 0.3176609 0.3943086
0.3241521 0.2996836 0.3761643
0.308486 0.3043841 0.3871299
0.298426 0.3063086 0.3952654
0.3080317 0.3222685 0.3696998
0.2896276 0.3226285 0.3877439
0.294152 0.3189895 0.3868585
0.3251698 0.2805491 0.3942811
0.3252994 0.282537 0.3921637
0.2746615 0.3206144 0.4047241
0.2865654 0.3173762 0.3960584
0.2993693 0.3259849 0.3746458
0.2910281 0.3266403 0.3823316
0.2909395 0.3139173 0.3951432
0.2841163 0.3465452 0.3693385
0.284509 0.3207472 0.3947439
0.2873086 0.3299497 0.3827417
0.2845289 0.3044131 0.411058
0.3199278 0.289843 0.3902292
0.2749716 0.3045551 0.4204733
0.2924949 0.3120206 0.3954845
0.3038706 0.3131076 0.3830217
0.2918032 0.325332 0.3828648
0.2838735 0.3113008 0.4048257
0.2990523 0.3041652 0.3967825
0.2954731 0.3231561 0.3813708
0.2616455 0.3279269 0.4104276
0.3092933 0.3107445 0.3799622
0.2793604 0.3351452 0.3854944
0.3139008 0.2996011 0.3864981
0.3288789 0.275991 0.3951302
0.2891144 0.3015747 0.409311
0.2720561 0.3081628 0.4197811
0.2865913 0.287275 0.4261336
0.2908281 0.3151316 0.3940403
0.2789227 0.3206615 0.4004157
0.3017072 0.3330084 0.3652844
0.3108566 0.3218626 0.3672808
0.2842202 0.3195052 0.3962746
0.3004359 0.3336182 0.3659459
0.2991676 0.3168556 0.3839769
0.3105684 0.3173476 0.372084
0.277558 0.337146 0.385296
0.3081503 0.2930084 0.3988412
0.2848483 0.3219186 0.3932331
0.2982776 0.3120909 0.3896316
0.2912026 0.2893926 0.4194047
0.3186011 0.3082321 0.3731668
0.3120016 0.3014982 0.3865002
0.3072201 0.3227024 0.3700776
0.3036281 0.3151946 0.3811774
0.2949243 0.304223 0.4008528
0.321966 0.3015092 0.3765247
0.2980831 0.302016 0.3999009
0.2751049 0.3308439 0.3940512
0.3239919 0.3146923 0.3613158
0.2775369 0.3447565 0.3777065
0.2890562 0.3089934 0.4019503
0.2850805 0.3268755 0.388044
0.2741351 0.3162299 0.409635
0.31634 0.3013575 0.3823025
0.293843 0.3113148 0.3948421
0.3041614 0.3143911 0.3814475
0.2993563 0.3036632 0.3969805
0.2793294 0.2993586 0.421312
0.3108741 0.3000259 0.3891
0.3083098 0.3150573 0.376633
0.2824279 0.3092347 0.4083375
0.2868437 0.3037528 0.4094035
0.290483 0.3175358 0.3919812
0.3232027 0.3069507 0.3698466
0.3015605 0.3118842 0.3865553
0.3024472 0.3002971 0.3972557
0.3155704 0.2816631 0.4027665
0.3073466 0.3015215 0.3911319
0.2934337 0.3234874 0.3830789
0.273572 0.3121744 0.4142536
0.2931406 0.3304504 0.376409
0.3192899 0.289454 0.3912561
0.3092738 0.286437 0.4042892
0.2910522 0.3018154 0.4071324
0.2959611 0.3174356 0.3866033
0.2618703 0.3067335 0.4313962
0.3146485 0.305172 0.3801795
0.2954257 0.327273 0.3773013
0.274981 0.3396695 0.3853495
0.3093258 0.3192111 0.3714631
0.3005035 0.3237296 0.375767
0.2886486 0.3101852 0.4011661
0.3094046 0.311925 0.3786704
0.298347 0.3357352 0.3659179
0.2778553 0.3172388 0.4049059
0.287667 0.3126124 0.3997206
0.2782086 0.334148 0.3876433
0.2913886 0.2875336 0.4210778
0.2866601 0.3014607 0.4118792
0.2956359 0.3180637 0.3863004
0.3114678 0.3207763 0.3677559
0.2816536 0.3144753 0.4038711
0.2691495 0.323648 0.4072024
0.2905572 0.3146746 0.3947682
0.2984182 0.3186213 0.3829605
0.2736031 0.3306478 0.395749
0.2939798 0.3069823 0.399038
0.2805568 0.3068923 0.4125509
0.2856345 0.3153159 0.3990495
0.2803004 0.3280687 0.3916309
0.3131233 0.3122791 0.3745976
0.2927831 0.2967526 0.4104642
0.2951921 0.2981183 0.4066897
0.3118182 0.3153488 0.3728329
0.3269204 0.2859399 0.3871397
0.306418 0.3219456 0.3716364
0.2839894 0.3213239 0.3946867
0.3063687 0.3057302 0.3879011
0.304347 0.3064683 0.3891846
0.3129852 0.318672 0.3683428
0.2922056 0.3149902 0.3928042
0.2917257 0.3298644 0.3784099
0.2851075 0.3484825 0.3664099
0.3007149 0.3154187 0.3838664
0.3048444 0.3044005 0.3907551
0.2973516 0.3114118 0.3912366
0.2812667 0.320289 0.3984443
0.2942523 0.3277362 0.3780115
0.2954436 0.2973275 0.4072289
0.2877542 0.3095621 0.4026837
0.3050007 0.2889791 0.4060202
0.268163 0.3166675 0.4151695
0.2881586 0.3234766 0.3883647
0.295266 0.317591 0.387143
0.3095347 0.3068207 0.3836446
0.2831242 0.3495012 0.3673746
0.3074688 0.295853 0.3966782
0.3204292 0.295431 0.3841398
0.3001162 0.3208845 0.3789993
0.3099144 0.2934254 0.3966603
0.2987069 0.3078839 0.3934092
0.3088592 0.3097034 0.3814374
0.3166596 0.2936772 0.3896631
0.3117381 0.2997152 0.3885468
0.322482 0.3074134 0.3701047
0.302938 0.3221329 0.374929
0.3010136 0.2992708 0.3997155
0.2991131 0.3390564 0.3618305
0.2690422 0.3558733 0.3750845
0.284433 0.3043658 0.4112013
0.321357 0.2866926 0.3919503
0.3278131 0.3166591 0.3555278
0.3219558 0.2881719 0.3898723
0.270756 0.3330054 0.3962387
0.2870817 0.3286266 0.3842917
0.2963668 0.3044295 0.3992037
0.3029299 0.2963018 0.4007683
0.3070966 0.2964802 0.3964232
0.2799661 0.325975 0.3940589
0.2969111 0.3184275 0.3846614
0.2915431 0.2959157 0.4125412
0.3005732 0.3287851 0.3706417
0.2917664 0.330642 0.3775917
0.3029696 0.3046145 0.3924159
0.284592 0.3155047 0.3999034
0.298232 0.2966637 0.4051043
0.2854281 0.3147098 0.3998622
0.2956817 0.317051 0.3872673
0.2841332 0.3420519 0.3738149
0.3039232 0.3132964 0.3827804
0.3188093 0.2919156 0.3892751
0.277029 0.3491539 0.3738172
0.2992665 0.3104279 0.3903057
0.2660519 0.3107752 0.4231728
0.2827673 0.3255365 0.3916962
0.2793809 0.3036074 0.4170117
0.2998484 0.3117703 0.3883813
0.298515 0.3297133 0.3717717
0.2966533 0.3215723 0.3817744
0.3085678 0.3338756 0.3575565
0.3082355 0.2923392 0.3994252
0.3047305 0.3122062 0.3830632
0.3074168 0.3116859 0.3808973
0.3160234 0.2939589 0.3900177
0.3110347 0.3017134 0.3872519
0.297662 0.3230263 0.3793117
0.2996412 0.3312368 0.369122
0.2766343 0.3390654 0.3843003
0.2967536 0.3089251 0.3943213
0.3293871 0.2896434 0.3809694
0.3015722 0.3083401 0.3900877
0.2861193 0.3255563 0.3883244
0.2785946 0.3084463 0.4129591
0.2951694 0.2953793 0.4094513
0.3066182 0.2999972 0.3933846
0.3156202 0.3025768 0.381803
0.3130304 0.3092071 0.3777625
0.3048814 0.3039942 0.3911243
0.2999797 0.3170461 0.3829743
0.2985364 0.2965367 0.4049269
0.306134 0.3244347 0.3694313
0.3169961 0.3067182 0.3762857
0.2907325 0.3252915 0.3839759
0.2889153 0.2996995 0.4113853
0.2833172 0.3266757 0.3900071
0.3051482 0.311568 0.3832838
0.3065553 0.299043 0.3944017
0.3153948 0.3249137 0.3596915
0.2973578 0.2972961 0.4053461
0.317394 0.3107156 0.3718904
0.284939 0.3169527 0.3981083
0.2920958 0.2956634 0.4122408
0.291993 0.3232429 0.3847641
0.2977065 0.3005218 0.4017717
0.2960158 0.3274205 0.3765637
0.2837595 0.3062865 0.409954
0.3057872 0.304013 0.3901998
0.3092084 0.3124352 0.3783564
0.290608 0.3152654 0.3941266
0.2743266 0.3182549 0.4074185
0.2720348 0.3269325 0.4010327
0.275142 0.344885 0.379973
0.3082194 0.2985311 0.3932494
0.2945903 0.319551 0.3858588
0.2853354 0.3123738 0.4022908
0.2923987 0.3119163 0.395685
0.2971358 0.2988754 0.4039888
0.3122093 0.3187193 0.3690714
0.3060306 0.3413545 0.3526149
0.2738835 0.3184104 0.4077062
0.3218253 0.2946862 0.3834885
0.2948546 0.3422362 0.3629093
0.2899295 0.3045057 0.4055648
0.3177678 0.2921188 0.3901134
0.3115469 0.3100603 0.3783929
0.285089 0.3262039 0.3887072
0.3075124 0.3150199 0.3774677
0.3057439 0.3011271 0.393129
0.3008493 0.2961519 0.4029989
0.2816988 0.3003163 0.417985
0.2998765 0.3097449 0.3903786
0.2876279 0.321232 0.3911401
0.3064825 0.2837883 0.4097292
0.3238156 0.2998704 0.376314
0.2472877 0.3301656 0.4225467
0.2990277 0.2988015 0.4021708
0.2973969 0.3137867 0.3888163
0.255623 0.3098664 0.4345106
0.3043988 0.3027413 0.3928599
0.3198143 0.3270937 0.353092
0.3261512 0.301186 0.3726628
0.2905324 0.31755 0.3919175
0.292471 0.3217423 0.3857868
0.2781443 0.3181162 0.4037394
0.2910154 0.32165 0.3873345
0.3077783 0.3078572 0.3843645
0.2841497 0.2873467 0.4285036
0.2897926 0.3309538 0.3792535
0.2778899 0.332632 0.3894781
0.3081463 0.3020292 0.3898246
0.2895841 0.3334708 0.3769451
0.282537 0.3300086 0.3874544
0.2966519 0.3140749 0.3892732
0.2943155 0.3181556 0.387529
0.2920669 0.3114253 0.3965078
0.3138538 0.3110398 0.3751064
0.2929906 0.3223821 0.3846273
0.2911852 0.3002163 0.4085986
0.3128699 0.3206531 0.366477
0.2821628 0.3043084 0.4135287
0.2861561 0.3062274 0.4076165
0.2961828 0.3332658 0.3705514
0.3078958 0.3005087 0.3915955
0.2886199 0.307892 0.4034881
0.2909259 0.3096521 0.399422
0.312693 0.3091512 0.3781557
0.2803309 0.3318375 0.3878315
0.2855221 0.3039431 0.4105348
0.2902679 0.3119644 0.3977677
0.3049824 0.308345 0.3866726
0.3022336 0.3109922 0.3867743
0.2702743 0.3287132 0.4010125
0.3149734 0.3196865 0.3653401
0.2869125 0.3058515 0.407236
0.2839955 0.3059551 0.4100494
0.2857504 0.3330782 0.3811715
0.3090313 0.3069533 0.3840154
0.3125358 0.3037538 0.3837104
0.2850541 0.3013415 0.4136044
0.2953665 0.3038903 0.4007432
0.3181443 0.3069474 0.3749083
0.3082651 0.3275011 0.3642338
0.3005736 0.3053976 0.3940287
0.2762882 0.3133211 0.4103906
0.3097446 0.3254058 0.3648496
0.2810605 0.3187883 0.4001513
0.3346073 0.2774818 0.3879109
0.2520275 0.3102855 0.437687
0.2887863 0.3030395 0.4081742
0.3095682 0.3100418 0.3803901
0.2749521 0.3201408 0.4049071
0.2938976 0.318925 0.3871774
0.2938123 0.3164445 0.3897432
0.2796397 0.3377968 0.3825635
0.3112275 0.2891262 0.3996462
0.2940873 0.3064912 0.3994215
0.2914199 0.3269518 0.3816284
0.2973954 0.3227886 0.379816
0.3109123 0.322188 0.3668998
0.2756103 0.2995875 0.4248022
0.2878008 0.3047407 0.4074585
0.3148764 0.3231755 0.3619481
0.2904141 0.3038138 0.4057722
0.285476 0.3073383 0.4071857
0.2783283 0.3371532 0.3845185
0.2923581 0.2996597 0.4079822
0.282046 0.3163414 0.4016126
0.2756036 0.3106873 0.4137092
0.3077916 0.3385469 0.3536615
0.2763789 0.313866 0.4097551
0.2951481 0.3284228 0.3764291
0.3041384 0.3088449 0.3870168
0.2904419 0.3040755 0.4054825
0.2864892 0.3047037 0.4088071
0.3023056 0.3431195 0.3545749
0.3247275 0.2957855 0.379487
0.2878587 0.3037861 0.4083552
0.3077702 0.3119524 0.3802774
0.2910929 0.3159983 0.3929088
0.3001612 0.3226756 0.3771632
0.2810071 0.323377 0.3956159
0.3141661 0.3282493 0.3575847
0.2912295 0.3207966 0.387974
0.3102407 0.3086932 0.3810661
0.2809874 0.3517508 0.3672618
0.2636973 0.3233071 0.4129957
0.298994 0.3206648 0.3803412
0.3355407 0.3008855 0.3635738
0.2900451 0.2871149 0.42284
0.2530653 0.3158263 0.4311084
0.2766171 0.3302233 0.3931595
0.3017052 0.3223656 0.3759292
0.2861515 0.314176 0.3996725
0.287817 0.3254858 0.3866972
0.2835413 0.3071801 0.4092786
0.3036268 0.3153933 0.3809799
0.2771473 0.3124062 0.4104465
0.2735311 0.3404644 0.3860045
0.2955133 0.2961465 0.4083401
0.3170382 0.2874507 0.3955112
0.3188808 0.3305128 0.3506064
0.2968688 0.3139792 0.3891521
0.2836448 0.3180375 0.3983177
0.2986117 0.3130129 0.3883753
0.3075264 0.2993151 0.3931585
0.2653546 0.3217981 0.4128472
0.3016282 0.3152192 0.3831526
0.2852748 0.3019124 0.4128128
0.2766915 0.3042132 0.4190953
0.2862831 0.3074619 0.406255
0.3045972 0.3019654 0.3934374
0.3074446 0.3010404 0.391515
0.2938297 0.3357866 0.3703837
0.2984216 0.3091795 0.3923988
0.2863738 0.2992082 0.4144179
0.288271 0.309514 0.4022151
0.2980179 0.3141169 0.3878652
0.3139057 0.3058962 0.380198
0.2808292 0.3018145 0.4173563
0.2974075 0.2886392 0.4139532
0.3364792 0.2795017 0.3840191
0.2816939 0.3358939 0.3824121
0.2824192 0.3100527 0.4075281
0.2898729 0.3047797 0.4053475
0.28818 0.3112237 0.4005963
0.3136253 0.2852654 0.4011092
0.2845876 0.3089132 0.4064992
0.3055363 0.3181866 0.3762771
0.3125334 0.3097785 0.3776881
0.2951668 0.3054671 0.3993661
0.3142579 0.3097822 0.3759599
0.2863111 0.3319001 0.3817888
0.2970072 0.2989221 0.4040707
0.3062774 0.2945319 0.3991907
0.2983298 0.3043018 0.3973684
0.2992629 0.3067713 0.3939658
0.2876322 0.3202155 0.3921522
0.2782285 0.3141039 0.4076675
0.3052022 0.3120001 0.3827977
0.3121658 0.3207102 0.367124
0.2903387 0.3322192 0.3774421
0.3063256 0.3205856 0.3730888
0.2826675 0.3253036 0.3920289
0.2957871 0.3102084 0.3940045
0.3056037 0.3135738 0.3808224
0.2771132 0.3174305 0.4054563
0.2783097 0.3277014 0.3939889
0.30968 0.2951911 0.3951289
0.2631193 0.3184244 0.4184563
0.2984374 0.3139888 0.3875738
0.303447 0.3389497 0.3576033
0.2661463 0.3303202 0.4035335
0.2846924 0.3037886 0.4115191
0.3090571 0.3067949 0.384148
0.2906257 0.3269357 0.3824386
0.2899821 0.3135596 0.3964583
0.2983727 0.3027601 0.3988672
0.2998189 0.3009141 0.3992671
0.2843996 0.3123056 0.4032948
0.307712 0.3018559 0.3904321
0.3033049 0.3273824 0.3693127
0.2957166 0.3010734 0.40321
0.2925405 0.298647 0.4088125
0.299427 0.3167212 0.3838518
0.2834928 0.3106086 0.4058985
0.2867423 0.3263791 0.3868786
0.3050743 0.2710169 0.4239088
0.311388 0.3064426 0.3821694
0.2839289 0.3217787 0.3942924
0.2921599 0.3298431 0.3779971
0.3097756 0.3123944 0.37783
0.3009539 0.3253506 0.3736956
0.3103121 0.3360944 0.3535935
0.2926738 0.3053351 0.4019911
0.2898734 0.3168316 0.393295
0.3070801 0.2939323 0.3989875
0.2842325 0.2993891 0.4163784
0.2911638 0.3270718 0.3817645
0.2975937 0.3034632 0.398943
0.2864562 0.3049105 0.4086333
0.280693 0.2985496 0.4207574
0.2699169 0.3062712 0.4238119
0.3131579 0.3250622 0.3617799
0.305391 0.3364318 0.3581772
0.3214972 0.2794392 0.3990636
0.3132663 0.3033973 0.3833364
0.2945988 0.3029554 0.4024458
0.3095163 0.292439 0.3980448
0.3008829 0.3191568 0.3799603
0.2893647 0.302347 0.4082883
0.2854174 0.2971206 0.417462
0.3033319 0.3085228 0.3881453
0.2772414 0.2896132 0.4331454
0.2917606 0.3329845 0.3752549
0.2981376 0.3001828 0.4016797
0.286846 0.3102885 0.4028655
0.2946037 0.3302481 0.3751482
0.2978899 0.2936269 0.4084832
0.281721 0.3032833 0.4149958
0.2918245 0.3315665 0.376609
0.3078299 0.2827873 0.4093828
0.3045097 0.3239441 0.3715462
0.3025795 0.3148866 0.3825339
0.3084963 0.3157437 0.3757599
0.3010354 0.3001009 0.3988637
0.2981682 0.3317019 0.3701299
0.302099 0.3124692 0.3854318
0.3043394 0.3026826 0.392978
0.3045118 0.3052767 0.3902115
0.2801596 0.3312057 0.3886347
0.3118252 0.2990754 0.3890994
0.2862031 0.3047191 0.4090778
0.3189053 0.2877279 0.3933668
0.3152498 0.3056524 0.3790979
0.317047 0.2893081 0.3936449
0.2922269 0.348136 0.3596371
0.2963485 0.3172158 0.3864357
0.3008907 0.3114501 0.3876592
0.3193574 0.280147 0.4004955
0.2926707 0.3080114 0.3993179
0.2679338 0.330185 0.4018812
0.2842097 0.3204194 0.3953709
0.3074827 0.2819875 0.4105298
0.3081208 0.3136546 0.3782245
0.2858771 0.3019089 0.412214
0.274537 0.3019542 0.4235088
0.2785356 0.3036317 0.4178327
0.2949394 0.2956166 0.409444
0.3159827 0.3117128 0.3723044
0.2849789 0.2959964 0.4190247
0.2955922 0.2954518 0.4089561
0.2802935 0.3211927 0.3985138
0.2959697 0.3344392 0.3695911
0.2965119 0.3073546 0.3961336
0.31945 0.2922735 0.3882765
0.2744025 0.3427869 0.3828106
0.3048277 0.2997677 0.3954047
0.279169 0.3208488 0.3999822
0.2869897 0.3095796 0.4034308
0.3094307 0.2858562 0.4047131
0.3042678 0.3104383 0.3852939
0.276054 0.331731 0.392215
0.2974451 0.3045691 0.3979858
0.3050143 0.2969828 0.3980029
0.3069921 0.3318799 0.361128
0.2843078 0.3073206 0.4083716
0.3098842 0.2957556 0.3943601
0.30268 0.3223103 0.3750097
0.2989975 0.3111936 0.3898089
0.3192532 0.3179987 0.3627481
0.3003001 0.3210146 0.3786853
0.3006083 0.3123749 0.3870169
0.3103647 0.3025164 0.3871189
0.2863891 0.3248666 0.3887443
0.3088791 0.3033393 0.3877816
0.3101158 0.3181541 0.3717301
0.2912949 0.2985843 0.4101208
0.2934271 0.3250052 0.3815677
0.3058723 0.3025842 0.3915436
0.2806305 0.2916929 0.4276766
0.3031604 0.3029839 0.3938557
0.2790304 0.3390152 0.3819544
0.2866834 0.315379 0.3979376
0.3223195 0.3138997 0.3637807
0.2943819 0.3353694 0.3702487
0.2848715 0.3136615 0.401467
0.3095195 0.3076311 0.3828493
0.3007279 0.3053772 0.3938949
0.297946 0.3311882 0.3708658
0.2848807 0.3066245 0.4084947
0.2834885 0.3072262 0.4092853
0.2954949 0.3184703 0.3860348
0.2921645 0.3271957 0.3806398
0.2943399 0.293966 0.4116941
0.2768493 0.3237443 0.3994064
0.3200276 0.2871872 0.3927852
0.3099491 0.2867336 0.4033173
0.3138198 0.3158711 0.3703091
0.305636 0.3121053 0.3822587
0.3040618 0.2709804 0.4249578
0.3041988 0.3131121 0.3826891
0.272217 0.3194419 0.408341
0.2822631 0.2946702 0.4230668
0.3126491 0.3218502 0.3655007
0.2721295 0.3310537 0.3968168
0.2905243 0.3199629 0.3895128
0.2756974 0.3222546 0.402048
0.3307647 0.2908369 0.3783984
0.3028155 0.3032021 0.3939825
0.3163673 0.3065929 0.3770398
0.2972208 0.3046698 0.3981094
0.3130223 0.3008432 0.3861345
0.3020625 0.2977584 0.400179
0.2978799 0.3046551 0.3974649
0.2847681 0.3052142 0.4100177
0.3016125 0.310783 0.3876045
0.2856011 0.3405234 0.3738755
0.2967706 0.3296724 0.3735569
0.3094924 0.3046452 0.3858624
0.2954351 0.3107659 0.3937989
0.2780919 0.3323486 0.3895594
0.3049419 0.2953107 0.3997474
0.2847731 0.2949681 0.4202588
0.3106417 0.2898777 0.3994806
0.298043 0.307871 0.394086
0.2780042 0.3449222 0.3770736
0.3015804 0.2996236 0.398796
0.2894392 0.3007099 0.4098509
0.2954194 0.3149206 0.3896601
0.2957702 0.3289054 0.3753245
0.3062888 0.3020427 0.3916686
0.3001702 0.2991237 0.4007061
0.3151766 0.319883 0.3649404
0.3205202 0.3100395 0.3694402
0.3176813 0.3159135 0.3664053
0.3142176 0.3076111 0.3781713
0.3111455 0.2918497 0.3970048
0.317177 0.2942915 0.3885315
0.2966907 0.3235109 0.3797984
0.316462 0.2852816 0.3982564
0.2929592 0.330927 0.3761138
0.2910929 0.3219092 0.3869978
0.307259 0.2969536 0.3957874
0.2819134 0.3115616 0.4065249
0.2938859 0.305364 0.4007502
0.3047841 0.3288494 0.3663665
0.2991605 0.309225 0.3916146
0.3061474 0.2902582 0.4035945
0.3006899 0.2755085 0.4238016
0.305899 0.2975836 0.3965174
0.2871273 0.3240066 0.3888661
0.2589923 0.3343304 0.4066773
0.2786013 0.3574693 0.3639294
0.2915036 0.2952994 0.413197
0.2964362 0.3004247 0.4031392
0.326035 0.3011836 0.3727814
0.3007049 0.3195202 0.3797749
0.2908456 0.312763 0.3963913
0.2965108 0.3287677 0.3747215
0.3004692 0.2983588 0.4011719
0.3067694 0.3243609 0.3688697
0.2945948 0.3274874 0.3779178
0.2738892 0.3278792 0.3982316
0.2915834 0.3341439 0.3742727
0.2788654 0.3378189 0.3833157
0.3077569 0.2814617 0.4107814
0.2727677 0.335441 0.3917914
0.3056535 0.3189958 0.3753507
0.2978604 0.3242986 0.377841
0.2928967 0.3006652 0.4064381
0.3103498 0.3047873 0.3848629
0.3163505 0.2887299 0.3949196
0.2783324 0.3168744 0.4047932
0.2792732 0.3128908 0.407836
0.3009553 0.308254 0.3907907
0.2789005 0.3187708 0.4023287
0.2959713 0.3105886 0.3934401
0.2992246 0.3000903 0.4006852
0.2854589 0.3008683 0.4136728
0.3226851 0.2980841 0.3792307
0.2680044 0.3500373 0.3819582
0.2923564 0.3011197 0.406524
0.290846 0.2862967 0.4228573
0.3024629 0.2986935 0.3988436
0.3295022 0.2978583 0.3726394
0.3111159 0.3155189 0.3733652
0.2822129 0.3203658 0.3974213
0.2971311 0.3042833 0.3985856
0.3288929 0.3088317 0.3622754
0.2995412 0.306964 0.3934949
0.2784894 0.3166837 0.4048268
0.3063072 0.3007523 0.3929405
0.3032124 0.320711 0.3760766
0.3126015 0.2842804 0.4031181
0.3054936 0.3193405 0.3751659
0.2913393 0.3011936 0.4074671
0.3057317 0.3060836 0.3881847
0.2930016 0.2951594 0.411839
0.2729219 0.3262849 0.4007932
0.304265 0.3197663 0.3759687
0.3184142 0.300933 0.3806528
0.3100534 0.3096069 0.3803397
0.3244899 0.2953509 0.3801592
0.2869105 0.3028179 0.4102717
0.2829108 0.3159165 0.4011726
0.2921172 0.3000886 0.4077942
0.287241 0.2989117 0.4138473
0.2974963 0.3316584 0.3708453
0.2828939 0.3276844 0.3894216
0.296669 0.3301584 0.3731726
0.2889189 0.3543314 0.3567497
0.2852728 0.3060561 0.4086711
0.3272533 0.3004233 0.3723233
0.2872108 0.316521 0.3962682
0.3034326 0.3269074 0.3696599
0.2885955 0.3104448 0.4009596
0.2895991 0.3152239 0.3951769
0.2894207 0.3195104 0.3910689
0.2881294 0.3271029 0.3847677
0.3120354 0.2858203 0.4021442
0.3040319 0.298848 0.3971201
0.282878 0.3088967 0.4082254
0.3046303 0.2995465 0.3958232
0.3042544 0.2950265 0.4007191
0.3018767 0.2825805 0.4155428
0.3304079 0.2895763 0.3800157
0.2909458 0.3016271 0.4074271
0.3032894 0.3054337 0.3912769
0.2860603 0.3113635 0.4025762
0.3050312 0.2820013 0.4129675
0.3159498 0.3004628 0.3835874
0.2929961 0.3247003 0.3823036
0.290014 0.3203416 0.3896445
0.2886494 0.3238648 0.3874858
0.3032573 0.3064363 0.3903065
0.3000639 0.3183308 0.3816053
0.2887383 0.3101909 0.4010709
0.3032892 0.2995391 0.3971717
0.2669719 0.3541407 0.3788874
0.3059325 0.3304367 0.3636308
0.2889416 0.327132 0.3839264
0.3112559 0.292035 0.396709
0.2798403 0.3258334 0.3943263
0.3114318 0.2873179 0.4012503
0.2985524 0.307419 0.3940285
0.308289 0.3070869 0.384624
0.3190627 0.2975533 0.383384
0.3037592 0.2990515 0.3971893
0.2972968 0.3008008 0.4019024
0.2807698 0.3136018 0.4056284
0.3054393 0.2995341 0.3950267
0.2946667 0.309164 0.3961693
0.304237 0.314808 0.380955
0.305278 0.2955785 0.3991435
0.2846943 0.3020333 0.4132724
