"p_1" "p_2" "p_3"
0.1345302 0.07223735 0.7932325
0.1680232 0.04514645 0.7868303
0.1596274 0.05229447 0.7880781
0.1630364 0.03720515 0.7997585
0.1609484 0.06410353 0.774948
0.1754586 0.04715575 0.7773857
0.1756206 0.06072858 0.7636508
0.159825 0.06366606 0.7765089
0.159603 0.04236035 0.7980366
0.1713664 0.06321652 0.7654171
0.1739033 0.03916592 0.7869308
0.1561699 0.06720994 0.7766201
0.172959 0.05150984 0.7755312
0.1642627 0.05826536 0.7774719
0.1607977 0.04477272 0.7944296
0.1552396 0.07071864 0.7740418
0.1398461 0.05162415 0.8085298
0.1630318 0.05474564 0.7822226
0.1486113 0.0538244 0.7975643
0.1540966 0.05993156 0.7859719
0.1605366 0.05619048 0.7832729
0.1744969 0.05514508 0.7703581
0.1805562 0.05303025 0.7664135
0.1565001 0.04846073 0.7950392
0.1665324 0.05361008 0.7798576
0.1534632 0.04669808 0.7998388
0.1646384 0.06851263 0.766849
0.16341 0.04747355 0.7891164
0.1863126 0.04548574 0.7682017
0.1620722 0.04411904 0.7938088
0.157017 0.06415169 0.7788313
0.1732595 0.04911787 0.7776227
0.1763819 0.06245033 0.7611677
0.1737436 0.0517356 0.7745208
0.1734651 0.03587232 0.7906626
0.170546 0.06349298 0.765961
0.1620614 0.05977391 0.7781647
0.1598232 0.06077584 0.7794009
0.165195 0.06320417 0.7716008
0.1674696 0.06223792 0.7702925
0.1596981 0.05578281 0.7845191
0.1651069 0.04781206 0.787081
0.1559598 0.05098732 0.7930529
0.1569247 0.05142729 0.791648
0.1787035 0.05379015 0.7675063
0.1771983 0.04962311 0.7731786
0.1694853 0.06361686 0.7668978
0.1680655 0.0542165 0.777718
0.1729609 0.0667339 0.7603052
0.1721327 0.05462813 0.7732391
0.1393111 0.05734779 0.8033411
0.1494766 0.05275655 0.7977669
0.1612871 0.05460144 0.7841114
0.1634193 0.05899896 0.7775817
0.1663791 0.06040831 0.7732126
0.1673518 0.05915786 0.7734903
0.1923449 0.04850602 0.7591491
0.1640011 0.04969278 0.7863061
0.1642293 0.07134446 0.7644262
0.15563 0.05803115 0.7863388
0.1596751 0.0508443 0.7894806
0.1590548 0.05631216 0.784633
0.1765875 0.0546947 0.7687178
0.1516912 0.05755877 0.79075
0.1608794 0.05156058 0.78756
0.1615666 0.05037498 0.7880584
0.1553995 0.05161468 0.7929858
0.1633738 0.0535722 0.783054
0.1593827 0.05511344 0.7855038
0.1610743 0.04813405 0.7907916
0.1600206 0.06115058 0.7788288
0.1593605 0.05337273 0.7872668
0.1542317 0.05675048 0.7890178
0.1539287 0.05927054 0.7868007
0.1634534 0.04975431 0.7867923
0.1652163 0.05969913 0.7750846
0.1496413 0.05159992 0.7987587
0.1563188 0.0467523 0.7969289
0.1562036 0.05679962 0.7869968
0.1647322 0.04869123 0.7865766
0.1602463 0.06000546 0.7797482
0.1560003 0.05343227 0.7905674
0.1948029 0.05716174 0.7480354
0.1598479 0.05403965 0.7861125
0.1615951 0.06461941 0.7737855
0.1716848 0.0541841 0.7741311
0.1496141 0.05592367 0.7944622
0.1544518 0.05405957 0.7914886
0.1531396 0.06217074 0.7846897
0.1556403 0.05941076 0.784949
0.1681294 0.04343869 0.7884319
0.1463494 0.05763752 0.7960131
0.1610771 0.05697723 0.7819457
0.1819391 0.05596573 0.7620951
0.1583844 0.04974419 0.7918714
0.1483931 0.06151393 0.790093
0.1665656 0.06034959 0.7730848
0.1758481 0.04564549 0.7785064
0.1465024 0.06710101 0.7863966
0.1520229 0.0681092 0.7798679
0.1829312 0.04643834 0.7706305
0.13143 0.05741809 0.811152
0.1593536 0.05494116 0.7857052
0.175025 0.05377653 0.7711985
0.1805328 0.05886311 0.7606041
0.1605392 0.05565856 0.7838022
0.1559163 0.04618064 0.7979031
0.1817194 0.05331068 0.76497
0.171948 0.05337169 0.7746803
0.1662049 0.05068006 0.783115
0.1676784 0.04204497 0.7902767
0.1789753 0.04211653 0.7789081
0.169155 0.0545322 0.7763128
0.1685397 0.0537523 0.777708
0.1627201 0.04623951 0.7910404
0.1630366 0.04105342 0.79591
0.1701936 0.04660156 0.7832048
0.1967106 0.06011824 0.7431711
0.1455884 0.05110599 0.8033056
0.1896093 0.05034835 0.7600423
0.1607413 0.06560024 0.7736585
0.1487026 0.05440761 0.7968898
0.1904825 0.05582573 0.7536918
0.1803495 0.06992536 0.7497252
0.1749369 0.05319916 0.771864
0.160711 0.05838961 0.7808994
0.1568222 0.0515661 0.7916117
0.1753967 0.05567081 0.7689325
0.1597067 0.04707677 0.7932166
0.1694614 0.04400938 0.7865293
0.1816094 0.05601046 0.7623801
0.1610063 0.05764678 0.7813469
0.1494745 0.05818791 0.7923376
0.1546938 0.07223328 0.7730729
0.1697305 0.04246956 0.7878
0.1756299 0.06243648 0.7619336
0.1550293 0.0514881 0.7934826
0.1727398 0.05065198 0.7766082
0.1561719 0.04909781 0.7947303
0.1602376 0.06442428 0.7753382
0.1461762 0.0523718 0.801452
0.1908332 0.05924058 0.7499262
0.1742752 0.06169285 0.7640319
0.1598652 0.0422387 0.7978961
0.1820476 0.04364943 0.7743029
0.144768 0.0571818 0.7980502
0.1515576 0.06453049 0.7839119
0.1700487 0.05087025 0.779081
0.1726254 0.06269962 0.764675
0.1577043 0.06333562 0.7789601
0.1807664 0.05457057 0.764663
0.1499859 0.04769895 0.8023151
0.1487155 0.07095674 0.7803277
0.1788216 0.04747605 0.7737023
0.1460114 0.05571656 0.7982721
0.1608801 0.05809103 0.7810289
0.1792497 0.05993964 0.7608106
0.1615288 0.03526228 0.8032089
0.1795201 0.04397856 0.7765013
0.154992 0.06005904 0.7849489
0.1353763 0.05237289 0.8122508
0.1794223 0.06136803 0.7592096
0.1802956 0.06168728 0.7580171
0.1416309 0.05968239 0.7986867
0.1711079 0.05458171 0.7743104
0.1691879 0.06484999 0.7659621
0.1627541 0.05528421 0.7819617
0.1552555 0.05666479 0.7880797
0.163335 0.06621231 0.7704527
0.1765187 0.05624356 0.7672378
0.1717367 0.0607665 0.7674968
0.1581076 0.04554231 0.7963501
0.1686268 0.05693417 0.774439
0.1715292 0.05689316 0.7715776
0.1583695 0.07413267 0.7674979
0.181627 0.05502012 0.7633528
0.1750277 0.04509741 0.7798749
0.1602758 0.05721882 0.7825054
0.1617226 0.04958082 0.7886966
0.1671411 0.04993456 0.7829243
0.1813234 0.05692844 0.7617481
0.1883961 0.06996896 0.7416349
0.1575766 0.05601542 0.786408
0.1542988 0.05952945 0.7861717
0.1927307 0.05002445 0.7572449
0.1499963 0.05269682 0.7973069
0.1696459 0.05681714 0.7735369
0.1606703 0.05976722 0.7795625
0.1805894 0.05271241 0.7666981
0.174228 0.04975517 0.7760169
0.1612897 0.05248294 0.7862273
0.1863869 0.03979191 0.7738212
0.1693465 0.06602188 0.7646316
0.1530982 0.05905949 0.7878423
0.1658493 0.05397919 0.7801715
0.1682666 0.07246677 0.7592666
0.1542536 0.04955548 0.7961909
0.1545991 0.0536147 0.7917862
0.1664474 0.06950824 0.7640443
0.1757585 0.06705839 0.7571831
0.1647503 0.06743109 0.7678186
0.1755963 0.0690317 0.755372
0.1597006 0.06640792 0.7738914
0.1558467 0.06236769 0.7817856
0.1405853 0.06083438 0.7985803
0.1731725 0.05950829 0.7673192
0.1516959 0.05258414 0.7957199
0.1648826 0.06757149 0.7675459
0.1507447 0.05528756 0.7939677
0.1597908 0.0632375 0.7769717
0.1427331 0.06187505 0.7953918
0.1614434 0.04635013 0.7922065
0.1600831 0.05140899 0.7885079
0.1552197 0.05869257 0.7860877
0.1551588 0.06753123 0.77731
0.1823994 0.0705907 0.7470099
0.1723796 0.05635167 0.7712687
0.1688126 0.05216877 0.7790187
0.1390823 0.06170604 0.7992117
0.1781274 0.04914225 0.7727304
0.1657451 0.05689979 0.7773551
0.166584 0.05388768 0.7795284
0.1925177 0.06172513 0.7457572
0.1618336 0.06378796 0.7743784
0.1671193 0.04671184 0.7861688
0.1637614 0.0467548 0.7894838
0.1913089 0.0517515 0.7569396
0.1784474 0.04723169 0.7743209
0.1735014 0.05401325 0.7724854
0.1772689 0.05241459 0.7703165
0.1653679 0.06108379 0.7735483
0.1591082 0.04767327 0.7932185
0.1908545 0.05281251 0.756333
0.1591 0.0499787 0.7909213
0.1522709 0.04960811 0.798121
0.1641752 0.05357283 0.7822519
0.1648109 0.05988129 0.7753078
0.1552928 0.05044157 0.7942657
0.1453959 0.05329149 0.8013126
0.1653858 0.04974686 0.7848673
0.1608362 0.05661421 0.7825495
0.1681389 0.06071803 0.7711431
0.1519492 0.05930159 0.7887492
0.1880362 0.05029978 0.761664
0.1391344 0.05630508 0.8045606
0.1698447 0.05759191 0.7725633
0.1689587 0.05782071 0.7732206
0.1539407 0.07908087 0.7669784
0.1693983 0.05625995 0.7743418
0.1525479 0.05976894 0.7876831
0.1460316 0.0586759 0.7952925
0.1576868 0.07189349 0.7704197
0.1544982 0.04788244 0.7976193
0.1771456 0.05631732 0.766537
0.1605871 0.05728092 0.7821319
0.1786024 0.06479284 0.7566047
0.139809 0.06422986 0.7959611
0.1550878 0.05723645 0.7876757
0.1579321 0.06580918 0.7762587
0.1614801 0.06831928 0.7702007
0.1576015 0.05692235 0.7854761
0.1677063 0.06309135 0.7692023
0.1838429 0.04440291 0.7717542
0.1710431 0.05106123 0.7778957
0.1749573 0.05978706 0.7652557
0.1530367 0.05268522 0.7942781
0.1633342 0.0614974 0.7751684
0.1635588 0.05855165 0.7778896
0.1522378 0.05543315 0.792329
0.1781214 0.05073377 0.7711448
0.1696252 0.03849528 0.7918795
0.1603888 0.04469504 0.7949162
0.1583053 0.06031359 0.7813811
0.1640015 0.05964313 0.7763553
0.1410139 0.05472244 0.8042637
0.1456618 0.04914528 0.8051929
0.1806719 0.05297572 0.7663524
0.1783407 0.05241328 0.769246
0.1398618 0.07098894 0.7891492
0.1620251 0.06269023 0.7752846
0.169248 0.05368082 0.7770712
0.1826354 0.06727995 0.7500846
0.1464168 0.07696415 0.7766191
0.155216 0.07180862 0.7729754
0.1613151 0.07085717 0.7678277
0.1681615 0.05177732 0.7800611
0.1507046 0.06729755 0.7819979
0.1783943 0.04536298 0.7762427
0.1585069 0.05365679 0.7878364
0.1809942 0.06302754 0.7559783
0.1608441 0.04861514 0.7905407
0.182442 0.05986908 0.7576889
0.1808778 0.04810505 0.7710172
0.1689985 0.0590395 0.771962
0.1594056 0.07386508 0.7667293
0.1615758 0.0688145 0.7696097
0.1660701 0.06275967 0.7711702
0.1534229 0.0597823 0.7867948
0.1559628 0.05711307 0.7869241
0.1546982 0.0548206 0.7904812
0.1469375 0.04948727 0.8035753
0.1634935 0.05465582 0.7818507
0.1447967 0.06122659 0.7939767
0.1611995 0.05107256 0.787728
0.1529607 0.04239287 0.8046464
0.1634524 0.0529552 0.7835924
0.1532356 0.04969864 0.7970658
0.1669111 0.07915155 0.7539374
0.1645938 0.05128912 0.7841171
0.1739222 0.05715559 0.7689222
0.1595703 0.04515174 0.7952779
0.1690476 0.03964853 0.7913039
0.15623 0.06719777 0.7765722
0.1694585 0.04913344 0.7814081
0.1456556 0.04603879 0.8083056
0.1853765 0.05637455 0.7582489
0.1544792 0.05257686 0.7929439
0.164434 0.06094406 0.7746219
0.1722637 0.05361008 0.7741262
0.1812844 0.05059419 0.7681215
0.1591053 0.05768631 0.7832084
0.1817672 0.05369253 0.7645403
0.1502702 0.06003917 0.7896906
0.1754445 0.05883989 0.7657156
0.1569467 0.05500559 0.7880477
0.1546523 0.05561498 0.7897327
0.1373534 0.0674181 0.7952285
0.1736829 0.0474744 0.7788427
0.1562882 0.05869088 0.7850209
0.1482582 0.0562195 0.7955223
0.1565838 0.06069725 0.782719
0.1580153 0.04921728 0.7927675
0.1621552 0.04183273 0.7960121
0.1444313 0.05960576 0.7959629
0.1552315 0.05763702 0.7871315
0.1742963 0.05879798 0.7669057
0.1427817 0.05576869 0.8014496
0.1842314 0.05152937 0.7642392
0.1854076 0.06127828 0.7533141
0.1505297 0.04601587 0.8034544
0.1637192 0.06066747 0.7756133
0.1507697 0.04417828 0.805052
0.1697854 0.05214763 0.778067
0.1745795 0.0489027 0.7765178
0.1684562 0.06135212 0.7701917
0.1600953 0.0531994 0.7867053
0.1707623 0.0529641 0.7762736
0.1398602 0.05608403 0.8040558
0.163558 0.0527274 0.7837146
0.1433602 0.07028294 0.7863569
0.1669603 0.0555249 0.7775148
0.1660969 0.0570282 0.7768749
0.1779446 0.06418157 0.7578739
0.1599938 0.07155897 0.7684472
0.157754 0.06748017 0.7747658
0.1658912 0.05668102 0.7774278
0.1533006 0.06172418 0.7849752
0.1749178 0.05767122 0.767411
0.1668144 0.04410515 0.7890804
0.1480689 0.05451382 0.7974173
0.1515924 0.04470028 0.8037074
0.1781224 0.0493276 0.77255
0.1566158 0.05549313 0.7878911
0.1654885 0.05497566 0.7795358
0.1733116 0.06372273 0.7629657
0.1507168 0.04935444 0.7999288
0.1719829 0.05426922 0.7737479
0.1702405 0.04390018 0.7858593
0.1467548 0.07267018 0.780575
0.183282 0.05824096 0.7584771
0.1666226 0.04320249 0.7901749
0.1590319 0.05500636 0.7859617
0.1777354 0.06426727 0.7579973
0.1930896 0.04444229 0.7624682
0.1948812 0.04723427 0.7578846
0.1537643 0.05972151 0.7865142
0.1671186 0.05651421 0.7763672
0.1557097 0.06032574 0.7839646
0.1739927 0.04376243 0.7822448
0.1434855 0.05944432 0.7970702
0.1656138 0.04727568 0.7871105
0.1802605 0.04948357 0.7702559
0.1626102 0.07783872 0.7595511
0.1795872 0.05890234 0.7615104
0.1701674 0.06112489 0.7687077
0.153552 0.05851269 0.7879353
0.1738581 0.04471944 0.7814225
0.168099 0.05236302 0.779538
0.1790375 0.0521386 0.7688239
0.1697959 0.05258664 0.7776174
0.1611882 0.04903188 0.7897799
0.168167 0.05252706 0.7793059
0.169897 0.0462653 0.7838377
0.164021 0.05883541 0.7771436
0.1607138 0.0408984 0.7983878
0.1732257 0.05502586 0.7717484
0.1535077 0.04484119 0.8016511
0.1775287 0.05803869 0.7644326
0.1474218 0.06109598 0.7914822
0.1668483 0.0598693 0.7732824
0.1736319 0.0543074 0.7720607
0.1635834 0.05605515 0.7803615
0.1543871 0.05803198 0.7875809
0.1492375 0.047798 0.8029645
0.1438543 0.05710899 0.7990367
0.1843675 0.04736729 0.7682652
0.1629822 0.06153869 0.7754791
0.1522993 0.06441099 0.7832897
0.1608524 0.06706639 0.7720812
0.1547015 0.05109555 0.7942029
0.1779016 0.0460293 0.7760691
0.1623942 0.05695297 0.7806528
0.1489637 0.05946425 0.7915721
0.1687568 0.0508259 0.7804173
0.161926 0.05893658 0.7791374
0.1506251 0.06864356 0.7807313
0.1698876 0.05802536 0.772087
0.1541881 0.0588605 0.7869514
0.1625583 0.04483204 0.7926097
0.1433401 0.04806598 0.8085939
0.1409391 0.06491134 0.7941496
0.1833573 0.05883474 0.757808
0.1656559 0.05068876 0.7836554
0.1730903 0.0507028 0.7762069
0.1557318 0.06841218 0.775856
0.1710858 0.06011729 0.7687969
0.1508066 0.04665047 0.8025429
0.1654448 0.0437429 0.7908123
0.1896782 0.05567589 0.7546459
0.1686618 0.05940109 0.7719371
0.1696231 0.06871564 0.7616612
0.1837918 0.04552637 0.7706819
0.162588 0.04202917 0.7953828
0.1670331 0.06179917 0.7711677
0.1600926 0.04996703 0.7899404
0.1883989 0.05006305 0.761538
0.1411601 0.05588205 0.8029579
0.1507248 0.06944897 0.7798262
0.1567489 0.06274687 0.7805042
0.1781256 0.04765813 0.7742162
0.165255 0.05033197 0.784413
0.167193 0.04954157 0.7832654
0.13669 0.05792113 0.8053888
0.1632692 0.04890032 0.7878305
0.1651202 0.06303382 0.771846
0.1570118 0.04692959 0.7960586
0.1619918 0.06205915 0.775949
0.1532293 0.07748071 0.76929
0.1665732 0.06785808 0.7655687
0.1537385 0.04966027 0.7966012
0.1352573 0.05978723 0.8049555
0.177516 0.0522155 0.7702686
0.1675497 0.04338988 0.7890604
0.1805664 0.05423943 0.7651942
0.1557318 0.06544748 0.7788207
0.1619666 0.05911611 0.7789173
0.1710193 0.05521847 0.7737623
0.1444706 0.04710574 0.8084237
0.1679966 0.04985679 0.7821467
0.1713045 0.0379945 0.790701
0.1565897 0.06218797 0.7812223
0.1627342 0.0469126 0.7903532
0.1440724 0.05254268 0.8033849
0.1525175 0.04930832 0.7981742
0.1554671 0.07626547 0.7682674
0.1865364 0.04811987 0.7653437
0.1714427 0.04531328 0.783244
0.1682769 0.06444085 0.7672823
0.178749 0.05605455 0.7651965
0.1553242 0.04334216 0.8013336
0.1728468 0.04636899 0.7807842
0.1527081 0.06424579 0.7830461
0.1873998 0.04472778 0.7678724
0.1785013 0.05846192 0.7630367
0.1692698 0.05383041 0.7768998
0.1627198 0.05057904 0.7867012
0.172428 0.0525836 0.7749884
0.1458574 0.05133587 0.8028067
0.168342 0.0681468 0.7635112
0.1579254 0.05748247 0.7845921
0.1716059 0.06325031 0.7651438
0.1445863 0.05505428 0.8003595
0.1690219 0.0382126 0.7927655
0.1832808 0.06161868 0.7551005
0.1492663 0.05845691 0.7922768
0.193553 0.04220933 0.7642376
0.1679643 0.07534739 0.7566883
0.166798 0.04100271 0.7921993
0.1688941 0.04378988 0.787316
0.152247 0.07089259 0.7768604
0.1713422 0.06894596 0.7597118
0.1715191 0.05173066 0.7767503
0.1530767 0.0485696 0.7983537
0.1391377 0.0645527 0.7963096
0.1707247 0.04860804 0.7806672
0.1715909 0.04036582 0.7880433
0.1509914 0.05536293 0.7936456
0.1670111 0.05177956 0.7812094
0.1486487 0.04855289 0.8027984
0.1722453 0.05260976 0.775145
0.1599865 0.06702019 0.7729933
0.1496346 0.05301545 0.79735
0.1435683 0.05065811 0.8057736
0.1651082 0.04576754 0.7891243
0.1723421 0.04139997 0.786258
0.1600015 0.06036572 0.7796328
0.1621289 0.04505579 0.7928153
0.169856 0.06527407 0.76487
0.1574776 0.05081478 0.7917077
0.1440364 0.06617111 0.7897925
0.1414545 0.05556707 0.8029784
0.1758369 0.05570346 0.7684597
0.1651062 0.05880008 0.7760938
0.1768749 0.06270222 0.7604229
0.1596949 0.05194532 0.7883597
0.1792417 0.06585928 0.7548991
0.1740235 0.04225409 0.7837224
0.2043638 0.05579698 0.7398392
0.1683717 0.04891906 0.7827092
0.1564421 0.04831541 0.7952425
0.181213 0.04983796 0.768949
0.1615059 0.05904938 0.7794448
0.1634327 0.05183936 0.7847279
0.199817 0.06446105 0.735722
0.1866664 0.04399024 0.7693434
0.1486034 0.06402718 0.7873694
0.1682508 0.04140277 0.7903465
0.1575125 0.05565346 0.786834
0.1747722 0.05834156 0.7668862
0.1709423 0.05040869 0.778649
0.1750514 0.0641358 0.7608128
0.1855404 0.05275499 0.7617046
0.1768829 0.05318106 0.7699361
0.1502901 0.04775864 0.8019512
0.1576259 0.05264914 0.789725
0.1687821 0.05965773 0.7715602
0.1537321 0.04690382 0.7993641
0.1778311 0.06155679 0.7606121
0.1645055 0.05463994 0.7808545
0.1585893 0.05150718 0.7899035
0.1585633 0.05079173 0.7906449
0.1675499 0.05537548 0.7770746
0.1572339 0.06941987 0.7733462
0.1644303 0.050276 0.7852937
0.1789247 0.04617504 0.7749002
0.1644924 0.049956 0.7855516
0.1593159 0.04360723 0.7970769
0.162282 0.06784013 0.7698779
0.1557987 0.04245733 0.8017439
0.1585945 0.06019984 0.7812056
0.1820923 0.03625143 0.7816563
0.1673731 0.05079028 0.7818367
0.1627921 0.04481887 0.792389
0.18067 0.06185068 0.7574793
0.1600052 0.06156638 0.7784284
0.1533719 0.04703914 0.799589
0.1602693 0.05772894 0.7820018
0.1551475 0.06228668 0.7825658
0.1750293 0.05544246 0.7695282
0.1448794 0.04856895 0.8065517
0.1762264 0.06119248 0.7625812
0.1526537 0.05165829 0.795688
0.166083 0.05825687 0.7756601
0.155132 0.04611244 0.7987555
0.1609651 0.04311617 0.7959187
0.1762321 0.0549847 0.7687832
0.1967163 0.05114187 0.7521419
0.1698938 0.06439285 0.7657133
0.1405545 0.04161909 0.8178264
0.1375953 0.06808221 0.7943225
0.1549409 0.04619598 0.7988631
0.1606697 0.06241715 0.7769132
0.1579907 0.05879966 0.7832097
0.1593371 0.04644542 0.7942175
0.1479651 0.0495624 0.8024725
0.1946571 0.04863234 0.7567106
0.1998113 0.0478368 0.7523519
0.1875406 0.04246606 0.7699933
0.1851473 0.04685859 0.7679941
0.1748337 0.04657085 0.7785955
0.1551768 0.06431265 0.7805106
0.1746969 0.05103311 0.77427
0.1432442 0.05724457 0.7995113
0.1628002 0.04305878 0.794141
0.1566982 0.05791488 0.7853869
0.1834331 0.05707607 0.7594909
0.1763976 0.05678156 0.7668208
0.1623417 0.05383988 0.7838184
0.1640457 0.05762824 0.778326
0.1523118 0.06088222 0.786806
0.1560487 0.05078237 0.793169
0.1732863 0.06165858 0.7650551
0.166492 0.05651131 0.7769966
0.1697173 0.05069726 0.7795854
0.1632076 0.05172049 0.7850719
0.1639096 0.06200568 0.7740847
0.1627495 0.05975732 0.7774931
0.1703803 0.0486115 0.7810082
0.1839744 0.04467837 0.7713472
0.1825656 0.04808867 0.7693457
0.1626704 0.05653204 0.7807976
0.1612858 0.04875217 0.7899621
0.167532 0.0571815 0.7752865
0.1802941 0.06127083 0.758435
0.1465263 0.0552386 0.7982351
0.1706692 0.05888799 0.7704428
0.1886161 0.0541412 0.7572427
0.1603497 0.06168646 0.7779638
0.1574846 0.05279673 0.7897187
0.1368899 0.05033634 0.8127738
0.1739916 0.06752937 0.7584791
0.1983055 0.04791423 0.7537803
0.1570233 0.06696955 0.7760071
0.1508293 0.04192719 0.8072435
0.1628598 0.0456992 0.791441
0.1699712 0.0527436 0.7772852
0.1639238 0.05714064 0.7789356
0.154682 0.06458088 0.7807371
0.1737275 0.04817582 0.7780967
0.1596486 0.05456407 0.7857874
0.1699846 0.05416269 0.7758527
0.1632244 0.0466769 0.7900988
0.1597217 0.0480373 0.792241
0.1465839 0.06020532 0.7932108
0.1725669 0.06039192 0.7670412
0.1648224 0.05102077 0.7841569
0.1607129 0.05123014 0.788057
0.1690876 0.05485033 0.776062
0.1607355 0.05300205 0.7862625
0.1739977 0.04451036 0.781492
0.1578101 0.05925747 0.7829325
0.1646342 0.05172922 0.7836366
0.1629738 0.05447545 0.7825508
0.1523405 0.04016602 0.8074935
0.1467517 0.05421087 0.7990375
0.1688214 0.05896807 0.7722105
0.1648498 0.05242534 0.7827249
0.1548374 0.05162549 0.7935371
0.168566 0.0510915 0.7803425
0.1655745 0.05362307 0.7808025
0.1627522 0.04657288 0.7906749
0.1692869 0.04314308 0.78757
0.186463 0.0568687 0.7566682
0.1745592 0.05456542 0.7708754
0.1838145 0.05242384 0.7637616
0.1872267 0.05117106 0.7616023
0.1624877 0.04654327 0.790969
0.1582443 0.05984429 0.7819114
0.1467209 0.04375208 0.8095271
0.1573956 0.04918451 0.7934199
0.1543601 0.06388012 0.7817597
0.1706292 0.04646313 0.7829076
0.1745964 0.05337241 0.7720312
0.1628569 0.05224743 0.7848956
0.1675523 0.06370988 0.7687379
0.168157 0.0514534 0.7803896
0.1810294 0.03775565 0.781215
0.1612494 0.05197521 0.7867754
0.1581655 0.05176378 0.7900707
0.1537674 0.06599477 0.7802378
0.1667308 0.0553649 0.7779043
0.1616812 0.04215536 0.7961634
0.1749029 0.03724274 0.7878544
0.1663406 0.05797495 0.7756845
0.1587231 0.05847666 0.7828002
0.1717208 0.05975611 0.7685231
0.154832 0.05798203 0.787186
0.1534634 0.04728503 0.7992515
0.159344 0.0502364 0.7904196
0.2029199 0.0542284 0.7428517
0.1621084 0.05745268 0.7804389
0.1763239 0.04998624 0.7736899
0.159426 0.04618657 0.7943874
0.167385 0.06344247 0.7691726
0.1574938 0.05835784 0.7841484
0.1713438 0.05340603 0.7752501
0.1665133 0.06306094 0.7704258
0.1607514 0.06876537 0.7704832
0.1926137 0.05375555 0.7536308
0.1655451 0.05304931 0.7814056
0.1867111 0.053068 0.7602208
0.1593284 0.0692415 0.7714301
0.1664988 0.05242922 0.781072
0.1618777 0.06105092 0.7770714
0.1621579 0.06866994 0.7691722
0.1435114 0.06059583 0.7958928
0.1626051 0.05506467 0.7823302
0.1699156 0.05548518 0.7745992
0.1763084 0.05182413 0.7718674
0.1727099 0.06083109 0.7664591
0.1533405 0.04893418 0.7977254
0.1514454 0.05649163 0.792063
0.1416104 0.06356219 0.7948274
0.178683 0.06182793 0.7594891
0.1765414 0.05284308 0.7706155
0.1776426 0.06186468 0.7604927
0.157979 0.05013019 0.7918908
0.1578842 0.04496122 0.7971546
0.1656146 0.0611766 0.7732088
0.1822932 0.04536726 0.7723395
0.1520889 0.06107842 0.7868327
0.1650619 0.04640968 0.7885284
0.1654438 0.05962926 0.7749269
0.1753539 0.05225225 0.7723938
0.1682089 0.05451198 0.7772791
0.1860858 0.04093739 0.7729768
0.1659319 0.05236588 0.7817022
0.1604129 0.05262423 0.7869628
0.1657722 0.04635544 0.7878723
0.168885 0.05112598 0.779989
0.1539717 0.06045132 0.785577
0.1649847 0.05677682 0.7782385
0.1703607 0.05055659 0.7790827
0.139393 0.06566538 0.7949416
0.1556299 0.05858238 0.7857877
0.1737993 0.05691721 0.7692835
0.1511882 0.05038648 0.7984253
0.1709019 0.05770344 0.7713947
0.1466019 0.0586559 0.7947422
0.1730111 0.05579745 0.7711914
0.1742606 0.04951085 0.7762285
0.1729075 0.05022779 0.7768647
0.1878268 0.0597106 0.7524626
0.1387067 0.05725813 0.8040352
0.1749778 0.0556351 0.7693871
0.160648 0.07220047 0.7671515
0.1470682 0.05030189 0.8026299
0.1788445 0.04706165 0.7740939
0.1622774 0.07573288 0.7619897
0.1551687 0.04447361 0.8003577
0.1640988 0.04828596 0.7876153
0.1629528 0.05604709 0.7810001
0.1784525 0.05800401 0.7635435
0.1553098 0.05743291 0.7872573
0.1650813 0.04979048 0.7851283
0.1913678 0.05761697 0.7510153
0.1730329 0.03700745 0.7899596
0.1709105 0.05708118 0.7720083
0.1573636 0.0531992 0.7894372
0.1652953 0.05398577 0.7807189
0.1714976 0.04590257 0.7825998
0.1707548 0.04980383 0.7794413
0.1570785 0.05654233 0.7863792
0.1758203 0.041604 0.7825757
0.152891 0.06204096 0.785068
0.1634567 0.04890381 0.7876394
0.1521877 0.05963914 0.7881731
0.1523088 0.05501305 0.7926782
0.1737098 0.04633546 0.7799547
0.1682932 0.0468167 0.7848901
0.1515046 0.06032066 0.7881748
0.1750141 0.06131849 0.7636674
0.168447 0.04508391 0.7864691
0.1705974 0.05306925 0.7763334
0.1590805 0.05539795 0.7855215
0.1772024 0.05508497 0.7677126
0.1678523 0.06323451 0.7689132
0.1472493 0.06349741 0.7892533
0.1650718 0.04482362 0.7901046
0.1513498 0.06033686 0.7883133
0.1637281 0.03776692 0.798505
0.1596316 0.04882029 0.7915481
0.1611684 0.06472175 0.7741099
0.1528897 0.05114141 0.7959689
0.1438331 0.04962214 0.8065448
0.1812125 0.05581319 0.7629743
0.1510932 0.06772989 0.7811769
0.1743781 0.04822005 0.7774019
0.1539396 0.06023892 0.7858215
0.1580101 0.04500483 0.7969851
0.1504763 0.05291921 0.7966045
0.1590222 0.04452931 0.7964485
0.1715223 0.05343381 0.7750438
0.1576813 0.05602595 0.7862928
0.1554315 0.04456225 0.8000063
0.1551183 0.04793804 0.7969437
0.16745 0.03965293 0.7928971
0.1830055 0.06806412 0.7489304
0.1807945 0.06279199 0.7564135
0.1542316 0.0605588 0.7852096
0.1577578 0.06031285 0.7819293
0.1612872 0.0509307 0.7877821
0.1421651 0.0656635 0.7921714
0.1475592 0.06490729 0.7875335
0.1840308 0.05290408 0.7630651
0.1712564 0.05476292 0.7739807
0.1627906 0.05431815 0.7828913
0.1573287 0.04686533 0.7958059
0.1619689 0.04996952 0.7880616
0.1548745 0.05946149 0.785664
0.1591399 0.05889265 0.7819674
0.1631501 0.0667515 0.7700984
0.1653298 0.06005034 0.7746198
0.1814025 0.04582844 0.7727691
0.1574554 0.04891454 0.7936301
0.1633779 0.05376462 0.7828575
0.167888 0.04947427 0.7826377
0.1431863 0.05066874 0.8061449
0.1701376 0.0573034 0.772559
0.1677736 0.04959702 0.7826294
0.1738011 0.05971517 0.7664838
0.1661838 0.05331182 0.7805044
0.1606944 0.06143782 0.7778678
0.1591537 0.06111544 0.7797309
0.165252 0.05509595 0.779652
0.1517086 0.04819068 0.8001007
0.1750899 0.04956115 0.775349
0.1753225 0.04599202 0.7786855
0.1682892 0.05611147 0.7755994
0.1590839 0.06087035 0.7800458
0.1513229 0.06928822 0.7793889
0.1543041 0.04428704 0.8014088
0.1647927 0.06036075 0.7748466
0.1827769 0.05069498 0.7665281
0.1448299 0.04411599 0.8110541
0.1758375 0.05066189 0.7735006
0.1529598 0.05812463 0.7889156
0.1499587 0.06986033 0.780181
0.1345657 0.06528619 0.8001481
0.136628 0.04914897 0.814223
0.1710791 0.0512124 0.7777085
0.1606946 0.04332736 0.795978
0.1561258 0.05183254 0.7920416
0.1496288 0.04875229 0.8016189
0.1620819 0.06569409 0.772224
0.1789126 0.05011244 0.7709749
0.1608254 0.06590581 0.7732688
0.1708609 0.06978156 0.7593576
0.140525 0.04270269 0.8167723
0.173624 0.05155668 0.7748194
0.1576658 0.05024013 0.7920941
0.1535469 0.05355743 0.7928957
0.1403086 0.04535525 0.8143361
0.1682011 0.05919768 0.7726012
0.1564945 0.05983488 0.7836706
0.1557259 0.05438223 0.7898918
0.1624827 0.05006012 0.7874571
0.1774969 0.05279203 0.769711
0.1651657 0.0537565 0.7810778
0.1577827 0.05874293 0.7834744
0.1545011 0.06280661 0.7826923
0.1424671 0.06008688 0.7974461
0.1762029 0.04927005 0.7745271
0.1599349 0.05598571 0.7840794
0.149575 0.04572565 0.8046994
0.1546322 0.05506008 0.7903078
0.1616147 0.05403644 0.7843489
0.166054 0.05372639 0.7802196
0.172766 0.04869723 0.7785367
0.1768047 0.04792809 0.7752672
0.1610794 0.05653148 0.7823891
0.1732467 0.05525731 0.771496
0.1749489 0.06147942 0.7635717
0.1633918 0.04613264 0.7904756
0.1372333 0.05408612 0.8086806
0.149568 0.05146053 0.7989715
0.1596688 0.05626565 0.7840656
0.1687482 0.05292538 0.7783264
0.1652287 0.05723951 0.7775318
0.1764312 0.04976528 0.7738035
0.1677739 0.04291861 0.7893075
0.1842263 0.04418966 0.7715841
0.1726004 0.05210291 0.7752967
0.1712433 0.04158433 0.7871724
0.1579922 0.06387315 0.7781346
0.1645473 0.04782522 0.7876275
0.1557297 0.05470975 0.7895606
0.1993325 0.04647527 0.7541923
0.1681755 0.0495528 0.7822717
0.1798684 0.05406914 0.7660624
0.1750858 0.04447593 0.7804383
0.1779613 0.05292458 0.7691141
0.151615 0.05367633 0.7947087
0.1602097 0.06633082 0.7734595
0.1881049 0.05646253 0.7554326
0.1619825 0.06076604 0.7772514
0.1546242 0.0633116 0.7820642
0.1638536 0.05987932 0.7762671
0.1677811 0.04648271 0.7857362
0.1806868 0.06197807 0.7573351
0.1752917 0.05716311 0.7675452
0.1602566 0.05265453 0.7870888
0.1568902 0.07099008 0.7721197
0.1654981 0.08236893 0.7521329
0.1803055 0.04014145 0.7795531
0.194681 0.0410661 0.7642529
0.1535346 0.03839322 0.8080722
0.1662078 0.05052291 0.7832693
0.1612038 0.05037214 0.7884241
0.1709861 0.04522561 0.7837883
0.1946613 0.0443383 0.7610004
0.1620673 0.05466196 0.7832707
0.1689593 0.06635682 0.7646838
0.1608028 0.05158373 0.7876134
0.1769032 0.06621187 0.7568849
0.1586926 0.04945256 0.7918549
0.1764173 0.0460291 0.7775536
0.1516184 0.04903057 0.799351
0.1666788 0.0515682 0.781753
0.16602 0.06639635 0.7675837
0.1762279 0.05997396 0.7637981
0.1903048 0.04562295 0.7640722
0.1545387 0.05399532 0.791466
0.1648785 0.0534856 0.7816359
0.14063 0.05432801 0.805042
0.1565934 0.0612551 0.7821515
0.1423926 0.06419055 0.7934168
0.1967641 0.04356299 0.7596729
0.1945018 0.05186583 0.7536323
0.1623013 0.05109574 0.7866029
0.1722144 0.05036119 0.7774244
0.1885513 0.0470047 0.764444
0.1666664 0.05533797 0.7779956
0.1411478 0.05850744 0.8003448
0.1584183 0.0470012 0.7945805
0.1621758 0.04993679 0.7878874
0.1577146 0.05809688 0.7841885
0.1689928 0.06542028 0.7655869
0.1799134 0.07157006 0.7485165
0.1798504 0.06254023 0.7576094
0.1567654 0.04791406 0.7953206
0.1630978 0.04761271 0.7892895
0.1750019 0.05111718 0.7738809
0.1739173 0.05294501 0.7731377
0.1585925 0.04338092 0.7980266
0.17424 0.06948771 0.7562723
0.1593455 0.06412024 0.7765343
0.1527457 0.04948209 0.7977722
0.1610224 0.06221545 0.7767622
0.1528373 0.05131538 0.7958474
0.1575718 0.05385528 0.7885729
0.1647075 0.05860414 0.7766884
0.1497308 0.05420931 0.7960599
0.1523336 0.05015028 0.7975161
0.1627107 0.05882845 0.7784609
0.1562603 0.03515617 0.8085835
0.1519006 0.04620177 0.8018976
0.1594573 0.06944416 0.7710986
0.1472567 0.05035691 0.8023864
0.1572584 0.06681677 0.7759248
0.1525824 0.05497323 0.7924444
0.1671609 0.04434599 0.7884932
0.1668802 0.04977987 0.7833399
0.1841904 0.05699448 0.7588151
0.1666028 0.05639503 0.7770022
0.1661469 0.05073176 0.7831213
0.1709564 0.05354962 0.775494
0.1690023 0.06119132 0.7698064
0.1902502 0.05974148 0.7500084
0.1787375 0.05370202 0.7675605
0.1866258 0.06181612 0.7515581
0.1656203 0.04897769 0.785402
0.1513088 0.04770045 0.8009907
0.1572979 0.06227997 0.7804222
0.1480644 0.05018316 0.8017525
0.1655754 0.04438185 0.7900428
0.1642427 0.05523262 0.7805247
0.1680302 0.05808154 0.7738883
0.1612081 0.05216868 0.7866232
0.153102 0.05590617 0.7909919
0.1562045 0.04682547 0.7969701
0.1803268 0.05767459 0.7619987
0.161583 0.04395315 0.7944639
0.1606373 0.05933835 0.7800244
0.1601465 0.05068416 0.7891694
0.1591148 0.04844511 0.79244
0.1715286 0.03433024 0.7941412
0.1948956 0.04800921 0.7570952
0.1636608 0.06372631 0.7726129
0.1738332 0.05060316 0.7755637
0.1511156 0.05186577 0.7970186
0.1789274 0.04277813 0.7782945
0.1819597 0.03779944 0.7802409
0.1720552 0.05820232 0.7697425
0.155016 0.06994063 0.7750434
0.1591917 0.05187617 0.7889321
0.1593847 0.06132699 0.7792883
0.172343 0.06779958 0.7598574
0.1662308 0.06197455 0.7717946
0.1557092 0.05536322 0.7889275
0.164328 0.05600843 0.7796636
0.1830447 0.04898168 0.7679736
0.1587618 0.04298739 0.7982508
0.1602501 0.04665613 0.7930937
0.1508622 0.05626955 0.7928682
0.1429363 0.05418697 0.8028767
0.1937277 0.05991751 0.7463548
0.1619857 0.04850069 0.7895136
0.1697078 0.04420687 0.7860854
0.1598075 0.05346195 0.7867305
0.1907499 0.05000489 0.7592453
0.1781778 0.04384545 0.7779768
0.148119 0.05949985 0.7923811
0.1785544 0.06842578 0.7530199
0.1484421 0.06107567 0.7904823
0.1800543 0.05511168 0.7648341
0.1655858 0.05623029 0.7781839
0.1594208 0.05622247 0.7843568
0.1756429 0.05567489 0.7686822
0.134142 0.07285613 0.7930018
0.1652038 0.04808369 0.7867125
0.17496 0.05023735 0.7748027
0.1536643 0.05511079 0.7912249
0.1847788 0.04627385 0.7689473
0.1557452 0.05372166 0.7905331
0.1575499 0.06398609 0.778464
0.1502925 0.04658546 0.8031221
0.1528727 0.0650619 0.7820654
0.1667135 0.06430813 0.7689783
0.1577025 0.06033314 0.7819644
0.1723033 0.04768168 0.7800151
0.1728802 0.04128947 0.7858304
0.1742818 0.05911798 0.7666002
0.1828512 0.05698917 0.7601596
0.1712567 0.06750832 0.761235
0.2046041 0.05306702 0.7423289
0.1689881 0.06529799 0.7657139
0.1598215 0.07709548 0.763083
0.1686321 0.06462799 0.7667399
0.1729448 0.05104093 0.7760143
0.1532907 0.05104376 0.7956655
0.1581725 0.05601065 0.7858168
0.1704866 0.05218557 0.7773278
0.1621738 0.07479945 0.7630268
0.1603814 0.05393794 0.7856807
0.1574658 0.06179338 0.7807408
0.1675769 0.05711747 0.7753056
0.1514377 0.04938569 0.7991766
0.1605584 0.05006621 0.7893754
0.1917839 0.04825693 0.7599592
0.1691357 0.05652815 0.7743362
0.1602422 0.04397802 0.7957798
0.1624797 0.06201024 0.77551
0.1622424 0.05532922 0.7824284
0.1831073 0.04523503 0.7716577
0.1607654 0.04996194 0.7892726
0.1512204 0.06650931 0.7822703
0.1764155 0.05482519 0.7687593
0.1705804 0.04585718 0.7835624
0.1681957 0.04683786 0.7849665
0.1618115 0.04832769 0.7898608
0.1581185 0.04687261 0.7950089
0.1556061 0.04779877 0.7965951
0.166515 0.05395175 0.7795333
0.1552193 0.04543358 0.7993471
0.1781461 0.04626296 0.7755909
0.1664985 0.04667161 0.7868299
0.1881941 0.05350932 0.7582965
0.1703053 0.05184257 0.7778521
0.1460383 0.05188996 0.8020718
0.1515094 0.05908673 0.7894039
0.1793717 0.04445214 0.7761761
0.1585227 0.05931174 0.7821656
0.1617868 0.05589027 0.7823229
0.1548051 0.04625658 0.7989384
0.1558037 0.0574622 0.7867341
0.1636656 0.0415856 0.7947488
0.1596886 0.04961116 0.7907002
0.1547054 0.05372217 0.7915724
0.1715777 0.05604342 0.7723788
0.18385 0.04743235 0.7687176
0.156199 0.05363735 0.7901636
0.1590696 0.0515364 0.789394
0.1636961 0.05174337 0.7845606
0.1492917 0.05367674 0.7970315
0.1787849 0.03927331 0.7819418
0.1659687 0.05694194 0.7770894
0.1426997 0.06128929 0.796011
0.1598881 0.04285081 0.7972611
0.1792554 0.03825251 0.7824921
0.1707147 0.04573486 0.7835505
0.1589416 0.05418889 0.7868695
0.1800876 0.05288958 0.7670228
0.1696649 0.06208295 0.7682522
0.154951 0.04999462 0.7950544
0.1445096 0.05632582 0.7991646
0.1521184 0.05197629 0.7959053
0.1660651 0.05627174 0.7776632
0.1582073 0.05965194 0.7821408
0.1709691 0.06940557 0.7596253
0.1797889 0.05500165 0.7652094
0.156218 0.05554702 0.788235
0.1457182 0.05904626 0.7952355
0.1738503 0.04979944 0.7763503
0.1684995 0.06586622 0.7656343
0.1453603 0.0585288 0.7961109
0.1577256 0.05801138 0.784263
0.1748992 0.04943463 0.7756661
0.1808472 0.04364021 0.7755126
0.1592945 0.06581328 0.7748922
0.1792248 0.06279245 0.7579827
0.1628391 0.06180327 0.7753576
0.1717128 0.04481626 0.783471
0.154308 0.04926139 0.7964306
0.1677338 0.04953649 0.7827297
0.1458732 0.05687448 0.7972524
0.1515281 0.06446577 0.7840061
0.163702 0.0476337 0.7886643
0.157881 0.05248591 0.789633
0.1648882 0.06412718 0.7709846
0.1440706 0.06013426 0.7957951
0.1807184 0.05437082 0.7649108
0.167188 0.06003385 0.7727782
0.1543637 0.04504282 0.8005935
0.1627167 0.03473025 0.8025531
0.1467831 0.04843952 0.8047774
0.1435763 0.06017466 0.796249
0.1736394 0.04534317 0.7810175
0.1704675 0.05320387 0.7763287
0.1797902 0.05782484 0.7623849
0.1735954 0.05256574 0.7738389
0.1623853 0.04011371 0.797501
0.1638005 0.04744857 0.788751
0.1432861 0.05620344 0.8005104
0.2055246 0.0633929 0.7310825
0.1648646 0.05047129 0.7846641
0.170382 0.04772911 0.7818889
0.1656193 0.05665705 0.7777236
0.1703879 0.07211563 0.7574964
0.168271 0.05562889 0.7761001
0.1757334 0.06658254 0.7576841
0.1797184 0.05544186 0.7648398
0.1696456 0.05788695 0.7724675
0.1622668 0.03811639 0.7996168
0.1545589 0.05709702 0.7883441
0.1646998 0.05131756 0.7839827
0.1816421 0.05637397 0.7619839
0.1586269 0.0546234 0.7867498
0.160048 0.04841061 0.7915413
0.1637273 0.05623162 0.7800411
0.1740995 0.04639272 0.7795078
0.1678496 0.05377942 0.778371
0.1575479 0.05446907 0.787983
0.1698823 0.05426767 0.77585
0.1520141 0.05910121 0.7888847
0.1788666 0.06872903 0.7524044
0.1512442 0.04883111 0.7999247
0.1696601 0.05223865 0.7781013
0.1554491 0.05716639 0.7873845
0.15391 0.04701766 0.7990724
0.1640156 0.0529603 0.7830241
0.1689955 0.0609459 0.7700586
0.1680718 0.05920288 0.7727254
0.1556322 0.04486756 0.7995002
0.1526975 0.05520564 0.7920969
0.1622988 0.05319797 0.7845033
0.1586376 0.05829141 0.783071
0.1682438 0.07421465 0.7575415
0.1515273 0.06169113 0.7867816
0.1476911 0.04520817 0.8071007
0.1590834 0.04432326 0.7965933
0.1636252 0.07550279 0.760872
0.1372061 0.05064461 0.8121493
0.184376 0.06779916 0.7478248
0.1586787 0.07089284 0.7704284
0.1582941 0.05589458 0.7858113
0.1692714 0.04198336 0.7887452
0.1816656 0.05215833 0.7661761
0.181459 0.05975053 0.7587904
0.1556098 0.04583159 0.7985586
0.1711004 0.05427183 0.7746278
0.1719533 0.05307365 0.774973
0.1512495 0.07038846 0.7783621
0.1465215 0.04798473 0.8054937
0.171327 0.04333484 0.7853382
0.1792675 0.05787336 0.7628591
0.1538909 0.0512582 0.7948509
0.1695647 0.05470252 0.7757328
0.1708357 0.06461714 0.7645472
0.1573561 0.05798542 0.7846585
0.1614603 0.05888483 0.7796548
0.1656141 0.05346217 0.7809237
0.1481039 0.04407732 0.8078187
0.1603147 0.04920706 0.7904782
0.1708019 0.04795722 0.7812409
0.1718019 0.04790501 0.7802931
0.1837819 0.0589269 0.7572912
0.1541341 0.05311966 0.7927463
0.1585996 0.04886736 0.792533
0.1715471 0.050872 0.7775809
0.1689067 0.06172798 0.7693654
0.1463213 0.06289202 0.7907866
0.1773569 0.0496147 0.7730284
0.1641257 0.05093423 0.7849401
0.1696008 0.06809782 0.7623014
0.1746743 0.05560016 0.7697256
0.1476369 0.06419538 0.7881677
0.1518096 0.06169103 0.7864994
0.1957918 0.05053783 0.7536704
0.1615401 0.06536984 0.7730901
0.1511934 0.05941869 0.7893879
0.1635982 0.04773522 0.7886666
0.16524 0.07352093 0.761239
0.169552 0.06195142 0.7684966
0.1564263 0.06375279 0.7798209
0.1580053 0.05391675 0.788078
0.1824941 0.04889544 0.7686104
0.1510553 0.05483524 0.7941095
0.1787584 0.03841554 0.7828261
0.1629906 0.05945587 0.7775536
0.1664936 0.06072886 0.7727775
0.1511455 0.05662784 0.7922266
0.1629561 0.0491887 0.7878552
0.1801214 0.04944983 0.7704287
0.1553872 0.03995826 0.8046546
0.1713355 0.05095521 0.7777093
0.20341 0.04922561 0.7473643
0.1708697 0.0540009 0.7751294
0.137334 0.04814197 0.8145241
0.1577113 0.05048492 0.7918038
0.1672938 0.04900449 0.7837017
0.1642569 0.0440025 0.7917406
0.182533 0.06387979 0.7535872
0.179649 0.04893519 0.7714158
0.1534002 0.05413227 0.7924675
0.1507505 0.04852918 0.8007203
0.1663863 0.05063988 0.7829738
0.1616511 0.05579593 0.7825529
0.159875 0.06672529 0.7733997
0.157279 0.05857142 0.7841496
0.169197 0.06151027 0.7692927
0.1855154 0.06325213 0.7512324
0.1749919 0.06648196 0.7585261
0.161981 0.05859578 0.7794233
0.1685182 0.05394071 0.777541
0.1537021 0.06509305 0.7812048
0.1625376 0.03994977 0.7975126
0.1826905 0.05589838 0.7614111
0.1526104 0.05021956 0.79717
0.1596743 0.04414439 0.7961814
0.1701735 0.0463673 0.7834592
0.1769993 0.05344125 0.7695595
0.1626999 0.06051805 0.776782
0.1676809 0.0456527 0.7866664
0.1615423 0.03805753 0.8004002
0.187147 0.04821002 0.764643
0.1450759 0.06017062 0.7947534
0.1629111 0.05588572 0.7812032
0.1597112 0.05155723 0.7887315
0.1615401 0.0448568 0.7936031
0.1453387 0.04197575 0.8126855
0.1919278 0.06757714 0.740495
0.1380824 0.05907574 0.8028418
0.1769369 0.05630783 0.7667553
0.182213 0.06019174 0.7575953
0.1766428 0.05098962 0.7723676
0.1412916 0.04888824 0.8098201
0.1772433 0.05833741 0.7644193
0.1477683 0.05389041 0.7983413
0.1481521 0.05493909 0.7969088
0.1738881 0.04345942 0.7826524
0.1588717 0.05324255 0.7878857
0.1412826 0.04408267 0.8146347
0.1707368 0.05664896 0.7726143
0.1457401 0.057986 0.7962739
0.1574219 0.05490981 0.7876683
0.1515001 0.05854137 0.7899585
0.1332134 0.07297263 0.793814
0.1887018 0.04515388 0.7661444
0.1505325 0.05365417 0.7958133
0.1629024 0.04732505 0.7897725
0.1596193 0.05470676 0.785674
0.1517252 0.04587641 0.8023984
0.1580615 0.05591337 0.7860251
0.1648299 0.05954553 0.7756245
0.1738996 0.04130365 0.7847967
0.1551236 0.06513613 0.7797403
0.1680812 0.04791412 0.7840046
0.151319 0.04426606 0.8044149
0.1663336 0.05834048 0.7753259
0.1588219 0.04596774 0.7952103
0.1871914 0.05579318 0.7570154
0.1534067 0.04729705 0.7992962
0.1581005 0.04485126 0.7970482
0.1791778 0.04105668 0.7797655
0.1606161 0.05462547 0.7847584
0.1841731 0.05687046 0.7589565
0.1553657 0.06499606 0.7796383
0.156135 0.05750097 0.786364
0.1614989 0.04724562 0.7912554
0.161831 0.0525421 0.7856269
0.1562597 0.06721388 0.7765264
0.1841098 0.04888777 0.7670024
0.1664547 0.07737645 0.7561689
0.153093 0.06277752 0.7841295
0.1592659 0.04400857 0.7967255
0.1643814 0.06044685 0.7751718
0.1572874 0.05214572 0.7905669
0.1733761 0.05636777 0.7702561
0.165809 0.04092018 0.7932708
0.1802001 0.04821409 0.7715858
0.179834 0.05309728 0.7670687
0.1513943 0.04578432 0.8028214
0.1510826 0.04570096 0.8032164
0.1665862 0.05663684 0.7767769
0.1723447 0.04041557 0.7872397
0.1522509 0.05477579 0.7929733
0.1645202 0.06072774 0.774752
0.1735909 0.04571273 0.7806964
0.1666389 0.05806801 0.7752931
0.1537797 0.06345239 0.782768
0.1667202 0.04247067 0.7908091
0.1506326 0.06573217 0.7836352
