p_1 p_2 p_3 
0.6873303 0.2794301 0.03323959 
0.6292047 0.3649847 0.00581059 
0.6805846 0.318849 0.0005663908 
0.6499751 0.331604 0.01842086 
0.7934551 0.2035563 0.002988571 
0.7282993 0.2715626 0.0001380723 
0.7305522 0.2555439 0.01390399 
0.7643055 0.2321786 0.003515882 
0.5674284 0.4231847 0.009386916 
0.7013678 0.2972184 0.001413812 
0.6992963 0.2964687 0.004234998 
0.6163492 0.3752792 0.008371568 
0.7404118 0.2553721 0.004216106 
0.7653221 0.2152714 0.01940643 
0.6739829 0.3216784 0.004338723 
0.6782172 0.3208841 0.0008986852 
0.656495 0.3379118 0.005593209 
0.6866852 0.3121836 0.001131227 
0.6740561 0.3157595 0.01018438 
0.722351 0.2715057 0.006143249 
0.6389549 0.3561341 0.004910985 
0.6254288 0.3686095 0.005961728 
0.6355932 0.3489949 0.01541197 
0.6603142 0.3379752 0.001710537 
0.6412549 0.3586104 0.0001346982 
0.6747361 0.318643 0.006620951 
0.7348679 0.2635537 0.001578431 
0.6535336 0.3454806 0.0009857504 
0.7849069 0.2062462 0.008846831 
0.73549 0.2630324 0.001477598 
0.6539866 0.3297717 0.01624171 
0.6477941 0.3482992 0.003906686 
0.7341086 0.2593291 0.006562293 
0.6329844 0.3539593 0.01305625 
0.6986646 0.2994932 0.001842172 
0.6818816 0.2944731 0.02364534 
0.6291065 0.3674537 0.003439861 
0.7284595 0.2680065 0.003534052 
0.6773021 0.29914 0.02355795 
0.7666749 0.2286749 0.004650145 
0.6441995 0.3504226 0.005377869 
0.691184 0.2962246 0.01259138 
0.7460629 0.2460437 0.007893361 
0.7676083 0.2133769 0.01901482 
0.6803578 0.3166478 0.002994411 
0.6294592 0.3698038 0.0007369921 
0.7561062 0.2339264 0.009967404 
0.6769098 0.3145534 0.008536836 
0.6472571 0.3489426 0.003800352 
0.6590385 0.3238354 0.01712611 
0.7529478 0.2457592 0.001293003 
0.7461776 0.2467514 0.007070961 
0.751208 0.2354834 0.01330867 
0.6785611 0.3088154 0.01262347 
0.7067366 0.2794968 0.01376657 
0.7610383 0.2367254 0.002236321 
0.5888375 0.4105432 0.0006192338 
0.7191459 0.2722091 0.008645035 
0.645349 0.3545209 0.0001301038 
0.68286 0.30961 0.007530031 
0.7091074 0.2846159 0.006276697 
0.6841079 0.3009298 0.01496235 
0.6470551 0.3445313 0.008413601 
0.7658687 0.2215843 0.01254693 
0.762109 0.2373107 0.0005803804 
0.7511649 0.2456517 0.003183412 
0.7351492 0.2583145 0.006536298 
0.649338 0.3492057 0.001456238 
0.8174254 0.1817137 0.000860918 
0.7260309 0.2592087 0.01476042 
0.7326135 0.2671948 0.0001916693 
0.7130352 0.2827807 0.004184127 
0.66408 0.3145235 0.02139643 
0.7754678 0.2240268 0.0005054121 
0.707084 0.2914166 0.001499394 
0.7254471 0.2696572 0.004895679 
0.6206784 0.3783907 0.0009309404 
0.7880669 0.1998526 0.01208056 
0.741045 0.2556137 0.003341299 
0.6582953 0.3409613 0.0007433719 
0.6906707 0.3079795 0.001349808 
0.6858036 0.3018191 0.01237726 
0.6847859 0.314315 0.0008990923 
0.7244937 0.2714827 0.004023611 
0.5750358 0.4097825 0.01518171 
0.6979558 0.2958779 0.006166327 
0.7618143 0.2287117 0.009473953 
0.7418328 0.2426985 0.01546869 
0.7752946 0.2218886 0.002816884 
0.719506 0.2777813 0.00271275 
0.7598958 0.2265352 0.01356901 
0.6289602 0.3656131 0.005426648 
0.6229422 0.3711452 0.005912647 
0.5810437 0.3906538 0.02830251 
0.6944274 0.2972965 0.008276168 
0.5033918 0.4896134 0.006994747 
0.6923452 0.3061942 0.00146061 
0.6107501 0.3779569 0.01129293 
0.7302365 0.2684535 0.001310028 
0.7064006 0.2872539 0.006345565 
0.7556462 0.2317639 0.01258996 
0.7007935 0.2965001 0.002706397 
0.7269474 0.265757 0.007295609 
0.6882906 0.3087567 0.00295268 
0.6241977 0.3730964 0.002705961 
0.6287329 0.3625256 0.008741558 
0.6296771 0.361548 0.008774888 
0.6660004 0.3225496 0.01145 
0.6362884 0.3589129 0.004798687 
0.7295443 0.2588231 0.01163257 
0.701292 0.2761216 0.02258646 
0.651812 0.3443836 0.003804448 
0.673157 0.318812 0.008030974 
0.7353797 0.2627943 0.001825974 
0.6420543 0.3554121 0.002533542 
0.6168181 0.3807097 0.002472182 
0.7500783 0.2486151 0.001306522 
0.6886058 0.2940966 0.01729753 
0.6618854 0.3177953 0.02031927 
0.5901817 0.4077065 0.002111812 
0.6512404 0.3474595 0.001300077 
0.6729087 0.3265269 0.0005644494 
0.6971504 0.2995622 0.003287427 
0.7063125 0.2896458 0.004041743 
0.6191121 0.3799724 0.0009155834 
0.6089037 0.3891443 0.001952049 
0.6833168 0.3076336 0.009049596 
0.7795652 0.2078074 0.01262742 
0.6925169 0.3014148 0.006068269 
0.7140869 0.2855018 0.0004113221 
0.6533668 0.3424503 0.0041829 
0.7836324 0.2149265 0.001441092 
0.6280345 0.3685905 0.003375059 
0.6617203 0.3382371 4.258191e-05 
0.6496381 0.3342229 0.01613899 
0.7192045 0.2519182 0.02887728 
0.7465695 0.2533731 5.744193e-05 
0.7457548 0.248773 0.005472134 
0.659953 0.3396834 0.0003636217 
0.6839012 0.3112623 0.004836514 
0.7491772 0.2502792 0.0005436701 
0.7770081 0.2096019 0.01339001 
0.6669612 0.3300323 0.003006472 
0.7389899 0.2600212 0.00098892 
0.6697237 0.3095387 0.02073763 
0.7495356 0.2502793 0.0001851365 
0.7024502 0.2953499 0.002199879 
0.609476 0.3839315 0.006592438 
0.6275377 0.3637972 0.008665065 
0.7180212 0.2815788 0.0004000017 
0.6817673 0.3024326 0.01580004 
0.7468172 0.2523505 0.0008323631 
0.6712103 0.3251 0.003689607 
0.6211651 0.3770508 0.001784093 
0.5801966 0.4197837 1.971167e-05 
0.7413958 0.2575025 0.001101674 
0.7313752 0.2521412 0.0164836 
0.6013921 0.3916372 0.006970652 
0.6533462 0.3437051 0.002948761 
0.6347932 0.3632483 0.001958582 
0.6262707 0.3695076 0.004221729 
0.6897937 0.3100597 0.0001466258 
0.60528 0.3926086 0.002111392 
0.7856458 0.1957454 0.01860884 
0.7278889 0.2596001 0.01251104 
0.7030416 0.2939416 0.003016811 
0.7029896 0.2891505 0.007859873 
0.7914242 0.194006 0.01456976 
0.6874907 0.2591955 0.05331386 
0.6555441 0.3352852 0.009170693 
0.6064161 0.3893782 0.004205705 
0.6148487 0.3805663 0.004585024 
0.7654039 0.2105844 0.02401177 
0.75257 0.2393934 0.008036582 
0.704224 0.2922639 0.003512127 
0.7198536 0.2768252 0.003321135 
0.6550768 0.3155581 0.02936511 
0.6470611 0.347353 0.005585894 
0.4965493 0.5025034 0.0009472866 
0.7174801 0.2809337 0.001586139 
0.8003366 0.1975628 0.002100536 
0.6123094 0.3601507 0.02753999 
0.6833339 0.3155896 0.001076494 
0.6950609 0.2764251 0.02851404 
0.6758239 0.3182105 0.005965531 
0.723786 0.2634101 0.01280395 
0.7394858 0.2565409 0.003973322 
0.7668585 0.22666 0.006481492 
0.7051159 0.2913075 0.003576518 
0.6427116 0.3504777 0.006810665 
0.6529984 0.3401776 0.006823984 
0.7135071 0.2841872 0.002305697 
0.6892748 0.3060606 0.004664588 
0.7744595 0.2230097 0.00253084 
0.5504276 0.4470301 0.002542308 
0.7142121 0.2703195 0.01546834 
0.6945189 0.2863041 0.01917697 
0.682742 0.3165763 0.0006817562 
0.7213061 0.2755052 0.00318871 
0.6482531 0.3429692 0.008777672 
0.6357077 0.3590753 0.005216986 
0.7007993 0.297073 0.002127715 
0.7206566 0.2734328 0.005910662 
0.6881971 0.3103221 0.001480834 
0.7353139 0.2584321 0.006254045 
0.6659705 0.3329411 0.001088348 
0.6407169 0.3565748 0.002708309 
0.7440002 0.2495074 0.006492364 
0.5778926 0.4211236 0.0009837797 
0.8010852 0.1936133 0.00530149 
0.6517412 0.3403533 0.007905553 
0.7120442 0.2828952 0.005060586 
0.7777007 0.219994 0.002305347 
0.6688521 0.3179054 0.01324247 
0.7045119 0.2946859 0.0008021587 
0.6714971 0.3276509 0.0008520552 
0.6281563 0.3708795 0.0009641497 
0.6173772 0.369798 0.01282476 
0.5941113 0.4014297 0.004458957 
0.7820579 0.2123907 0.005551386 
0.6529439 0.3445001 0.00255594 
0.5963204 0.3980836 0.005596033 
0.7024576 0.2966591 0.0008832408 
0.7418547 0.2571373 0.001008036 
0.7362297 0.2631058 0.0006645374 
0.532565 0.4615694 0.005865567 
0.7263978 0.2675854 0.006016878 
0.7161442 0.2796884 0.00416735 
0.5777127 0.4202569 0.002030341 
0.7110981 0.2884088 0.0004930921 
0.6987987 0.295005 0.006196335 
0.7301005 0.266271 0.003628506 
0.6697224 0.3236869 0.006590708 
0.6657131 0.3295807 0.004706242 
0.7029276 0.2956577 0.001414641 
0.669298 0.3251564 0.005545609 
0.7373873 0.2613389 0.001273856 
0.6601216 0.3350572 0.004821202 
0.6985561 0.2925855 0.008858352 
0.699845 0.2993833 0.0007717685 
0.6638827 0.3263289 0.009788332 
0.7181517 0.2738297 0.008018569 
0.5446645 0.4471416 0.00819385 
0.6197285 0.376558 0.003713558 
0.7303152 0.2689705 0.0007143769 
0.7131529 0.2781511 0.008695928 
0.6551028 0.3447931 0.0001041049 
0.78816 0.2107529 0.001087078 
0.6789931 0.2988451 0.02216177 
0.62167 0.3682687 0.01006123 
0.7003368 0.2942029 0.005460305 
0.6107683 0.38724 0.00199166 
0.6894333 0.3068755 0.003691172 
0.6854855 0.3006094 0.01390511 
0.6978684 0.300333 0.001798622 
0.776697 0.2143207 0.008982269 
0.6694312 0.3231435 0.007425296 
0.6842079 0.3108963 0.004895813 
0.7006125 0.29222 0.007167422 
0.7287404 0.269807 0.001452567 
0.7157142 0.2832376 0.001048234 
0.7672999 0.2286954 0.004004683 
0.5977355 0.4007517 0.001512883 
0.6766578 0.3220977 0.001244474 
0.6475094 0.3350965 0.01739413 
0.7520781 0.24159 0.006331852 
0.6648734 0.3250228 0.01010377 
0.6949613 0.284717 0.02032172 
0.694237 0.29961 0.006153013 
0.727486 0.2573496 0.01516437 
0.7018858 0.2943925 0.003721622 
0.6563864 0.3365124 0.007101213 
0.6222709 0.3627422 0.0149869 
0.6805596 0.3179526 0.001487766 
0.6404401 0.3560227 0.003537205 
0.8142735 0.1658393 0.01988722 
0.7166943 0.2825165 0.0007892363 
0.7719331 0.2172741 0.01079287 
0.6070871 0.378702 0.0142109 
0.63721 0.3459005 0.01688952 
0.7736042 0.2247872 0.001608621 
0.6616811 0.3327478 0.005571064 
0.7200239 0.2773673 0.002608874 
0.7884112 0.2101615 0.001427306 
0.7844185 0.2048432 0.0107383 
0.6160752 0.381213 0.002711765 
0.7501908 0.2464797 0.003329507 
0.7241877 0.2692263 0.006585941 
0.611125 0.3695282 0.01934682 
0.697421 0.2938314 0.008747604 
0.6350368 0.3573345 0.007628715 
0.7559207 0.2323639 0.01171542 
0.6695772 0.3293836 0.001039178 
0.7853761 0.2042933 0.01033056 
0.6947659 0.3001668 0.005067374 
0.7815149 0.2180609 0.0004242659 
0.6279297 0.3679646 0.004105634 
0.6936248 0.3054855 0.0008897409 
0.7618639 0.2330209 0.005115217 
0.7695496 0.2287107 0.001739709 
0.6643285 0.3271006 0.008570912 
0.7443501 0.2435422 0.0121077 
0.6778943 0.2976846 0.0244211 
0.7600701 0.2354435 0.004486437 
0.6638995 0.3148829 0.02121754 
0.6100985 0.3789196 0.01098184 
0.6473656 0.3470276 0.005606834 
0.6505392 0.3430835 0.006377311 
0.6958519 0.3037286 0.0004194711 
0.6677394 0.3285288 0.003731823 
0.703686 0.2890457 0.007268331 
0.7082474 0.2908819 0.0008706372 
0.6726861 0.3257589 0.001555062 
0.648781 0.3391674 0.01205154 
0.6484525 0.3348474 0.01670005 
0.6482075 0.3400745 0.01171806 
0.6203504 0.37898 0.0006696324 
0.7233081 0.2736211 0.003070797 
0.7163013 0.2781498 0.005548909 
0.7738259 0.2260885 8.560666e-05 
0.6860973 0.3085332 0.005369508 
0.6583987 0.3259068 0.01569445 
0.6755549 0.3143228 0.01012225 
0.6030269 0.3877264 0.009246741 
0.7757358 0.222721 0.001543248 
0.6759498 0.3204346 0.003615587 
0.6762752 0.3229413 0.0007834812 
0.6797984 0.3124749 0.007726718 
0.7020865 0.2975906 0.000322986 
0.6892235 0.3010257 0.009750776 
0.7001473 0.2956116 0.004241065 
0.6846967 0.3111843 0.004119011 
0.690315 0.3024122 0.007272764 
0.7431288 0.2557302 0.001140961 
0.7226516 0.2746959 0.002652521 
0.766642 0.2314079 0.001950083 
0.7481379 0.2486929 0.003169175 
0.7873642 0.2107983 0.00183746 
0.661475 0.3164234 0.02210159 
0.6819971 0.3125304 0.005472538 
0.7316709 0.2640905 0.004238573 
0.6449577 0.3447158 0.01032652 
0.759571 0.2271107 0.01331832 
0.6900676 0.3097483 0.0001840647 
0.5489625 0.4475193 0.003518196 
0.7024255 0.2892871 0.008287402 
0.6858142 0.3079943 0.006191503 
0.6207572 0.3787724 0.0004704631 
0.6820369 0.2958931 0.02206997 
0.6381897 0.3540121 0.007798249 
0.6376204 0.3439691 0.0184105 
0.5945606 0.4014164 0.004022943 
0.6875679 0.3081143 0.004317788 
0.620864 0.3497788 0.02935726 
0.7223846 0.2737652 0.003850198 
0.5614829 0.4183618 0.02015529 
0.670958 0.3188141 0.01022797 
0.6666786 0.3268504 0.006471053 
0.7332202 0.2659126 0.0008672426 
0.7329766 0.2582529 0.008770559 
0.6155751 0.3797064 0.004718442 
0.7214829 0.2775825 0.0009345219 
0.7227459 0.2726361 0.004617993 
0.7552898 0.2443445 0.0003656256 
0.6120819 0.3674555 0.02046266 
0.6637153 0.3229172 0.01336755 
0.6808515 0.3148047 0.00434374 
0.7117203 0.2856925 0.00258721 
0.713504 0.2842385 0.002257491 
0.6717185 0.3188372 0.009444365 
0.765883 0.2337636 0.000353353 
0.73574 0.2574924 0.006767578 
0.5668881 0.4291878 0.003924057 
0.6746713 0.3022776 0.0230511 
0.617401 0.3604594 0.02213964 
0.719048 0.2776149 0.003337116 
0.5963535 0.3959928 0.007653765 
0.6196812 0.3733394 0.006979443 
0.6594026 0.3303064 0.01029106 
0.5952975 0.3797342 0.02496831 
0.6723662 0.3050555 0.02257827 
0.7075283 0.2785192 0.01395245 
0.6257543 0.3691976 0.005048103 
0.6336882 0.3595095 0.006802308 
0.69559 0.3009238 0.003486178 
0.7847348 0.2060127 0.009252572 
0.7260012 0.2681533 0.005845423 
0.7177637 0.2815533 0.0006829908 
0.7175656 0.2760579 0.006376447 
0.6242448 0.3686779 0.007077249 
0.5874618 0.4033964 0.009141813 
0.7223256 0.2765994 0.001075074 
0.7368398 0.2569534 0.006206757 
0.7374282 0.2530002 0.009571621 
0.698465 0.2929238 0.008611202 
0.7917735 0.1981375 0.01008902 
0.6919922 0.2999095 0.00809826 
0.642997 0.3504722 0.006530765 
0.7166744 0.2769402 0.006385384 
0.5892843 0.3859239 0.02479179 
0.6838661 0.314536 0.001597915 
0.7296164 0.2691243 0.001259282 
0.6418176 0.3546225 0.003559849 
0.7163798 0.2655712 0.01804893 
0.6213957 0.3768331 0.001771214 
0.6282798 0.3631409 0.008579281 
0.6154585 0.3820963 0.002445176 
0.7092432 0.2739251 0.01683169 
0.6303476 0.3649877 0.004664725 
0.71472 0.2754177 0.009862295 
0.7100024 0.2879492 0.002048399 
0.6562163 0.3403853 0.003398366 
0.673512 0.3222969 0.00419106 
0.6566653 0.3361972 0.007137488 
0.7466199 0.2489706 0.004409562 
0.768003 0.216196 0.01580093 
0.6265845 0.3693748 0.004040759 
0.6893515 0.307007 0.003641563 
0.7171882 0.2821554 0.0006563883 
0.7345738 0.254024 0.01140221 
0.7205313 0.2781358 0.001332894 
0.6978022 0.3021363 6.149956e-05 
0.6854217 0.3134131 0.001165266 
0.7590396 0.2227165 0.0182439 
0.6798837 0.3135115 0.006604777 
0.7310556 0.2499202 0.01902426 
0.7548356 0.2449267 0.0002377538 
0.7815464 0.2118159 0.006637745 
0.6956 0.2911815 0.01321851 
0.7030548 0.28061 0.01633521 
0.6149891 0.3503846 0.03462628 
0.726791 0.268599 0.004609986 
0.659154 0.3366216 0.004224352 
0.7066144 0.2933147 7.092557e-05 
0.6287881 0.3699356 0.001276262 
0.7652198 0.2337435 0.001036695 
0.6862877 0.3102009 0.00351145 
0.7351315 0.264538 0.0003305049 
0.7247273 0.2579256 0.0173471 
0.6510163 0.3403404 0.008643353 
0.6180825 0.3797068 0.002210766 
0.5862789 0.4086827 0.005038461 
0.6863325 0.3131103 0.0005572768 
0.6663535 0.3333941 0.0002524285 
0.7579584 0.2396662 0.002375363 
0.7662597 0.23368 6.031918e-05 
0.6534809 0.3352301 0.01128897 
0.7211185 0.2717291 0.007152413 
0.6227563 0.3682396 0.009004059 
0.7664142 0.2281192 0.005466566 
0.7147509 0.2821038 0.003145329 
0.7491728 0.2475274 0.00329975 
0.7622699 0.237075 0.0006551139 
0.7225315 0.2705002 0.006968337 
0.6813346 0.3109582 0.007707184 
0.7245083 0.2666073 0.008884443 
0.6099206 0.389969 0.0001103924 
0.7338173 0.2586706 0.007512072 
0.6770974 0.3036865 0.01921616 
0.707703 0.2754359 0.01686114 
0.592861 0.403991 0.003147998 
0.7282367 0.2498309 0.02193239 
0.7934447 0.2065049 5.043662e-05 
0.7498661 0.2488793 0.00125456 
0.7492885 0.2363672 0.01434432 
0.5848863 0.4091388 0.005974904 
0.6429336 0.3512181 0.005848267 
0.6713226 0.3286161 6.123305e-05 
0.6685261 0.3169778 0.01449616 
0.6658057 0.3136979 0.02049635 
0.7184246 0.2814362 0.0001392521 
0.6792744 0.3179809 0.0027447 
0.7166318 0.2655837 0.01778458 
0.5773424 0.4132997 0.009357895 
0.6627011 0.3322592 0.005039667 
0.7821873 0.2121487 0.005663981 
0.5835095 0.4016796 0.01481085 
0.7093666 0.2890782 0.001555148 
0.7010249 0.2964234 0.002551667 
0.6520888 0.3380077 0.009903454 
0.7589 0.2402066 0.0008933529 
0.5920541 0.4063652 0.00158069 
0.7726783 0.222078 0.005243742 
0.7071609 0.2851084 0.00773077 
0.7465111 0.2525918 0.0008970514 
0.669843 0.3292924 0.0008645078 
0.6752199 0.3231037 0.001676339 
0.7136426 0.2804081 0.005949271 
0.7349314 0.262269 0.002799629 
0.6594963 0.3404465 5.724204e-05 
0.6812964 0.3136978 0.005005809 
0.6179842 0.3752318 0.006783966 
0.7167913 0.2774347 0.005773964 
0.7767605 0.2143015 0.008938019 
0.5495554 0.4469258 0.003518738 
0.754908 0.2370561 0.008035892 
0.7044978 0.2875182 0.007984006 
0.6743005 0.3204408 0.005258693 
0.7871063 0.1971032 0.01579049 
0.6777419 0.3188334 0.003424765 
0.6381568 0.3589824 0.002860769 
0.6949565 0.2887298 0.01631376 
0.6799437 0.3075408 0.01251556 
0.6293468 0.3687033 0.001949887 
0.7410796 0.2487599 0.01016041 
0.5920169 0.3685178 0.0394653 
0.7466529 0.2508411 0.002505976 
0.6865172 0.3118356 0.001647164 
0.6051557 0.3910183 0.003825952 
0.7393966 0.2417353 0.01886811 
0.6537453 0.3424427 0.003811976 
0.7245425 0.2680265 0.007430987 
0.7314862 0.2684985 1.537816e-05 
0.7733681 0.2240218 0.002610033 
0.6956599 0.2941138 0.01022632 
0.6841156 0.3140256 0.001858796 
0.7155136 0.2769187 0.007567648 
0.5953965 0.3880681 0.01653546 
0.6506746 0.310877 0.03844834 
0.7393785 0.2527405 0.007881062 
0.651147 0.3479784 0.00087457 
0.7673213 0.2324139 0.0002648326 
0.6028095 0.3939342 0.00325635 
0.6582664 0.340552 0.001181607 
0.6435847 0.3510495 0.005365749 
0.7120742 0.2644941 0.02343165 
0.6263608 0.3717684 0.001870773 
0.7094603 0.2816558 0.008883895 
0.6170151 0.3798922 0.003092778 
0.7488126 0.2494818 0.001705625 
0.6492855 0.3421434 0.008571121 
0.6422867 0.3157409 0.04197235 
0.7706561 0.2280517 0.001292193 
0.702607 0.2626508 0.03474226 
0.7267761 0.2624111 0.0108128 
0.5824727 0.3997474 0.01777988 
0.6419969 0.3486303 0.009372866 
0.7412011 0.2578499 0.0009490746 
0.7115219 0.2849931 0.003484965 
0.6962135 0.3019961 0.001790395 
0.6837405 0.3157133 0.0005462643 
0.55565 0.4431797 0.001170354 
0.6011181 0.3858161 0.01306583 
0.6405614 0.3491863 0.01025225 
0.7421679 0.2502354 0.007596759 
0.687524 0.2937425 0.01873344 
0.6670296 0.324908 0.008062353 
0.7121756 0.2862772 0.001547197 
0.6938835 0.3059027 0.0002137704 
0.6405643 0.3511534 0.00828231 
0.780515 0.212007 0.007477941 
0.6897126 0.3038747 0.006412693 
0.8092883 0.1804645 0.01024712 
0.678206 0.3176653 0.00412871 
0.6763878 0.2997257 0.02388646 
0.6912581 0.3062736 0.002468292 
0.7585873 0.234627 0.006785662 
0.6140058 0.3732387 0.01275556 
0.678523 0.3184093 0.003067743 
0.7738681 0.2150231 0.01110885 
0.7151969 0.2762758 0.008527307 
0.6620336 0.3320344 0.005932016 
0.6722468 0.3276894 6.381591e-05 
0.7208602 0.2698738 0.009266064 
0.7600414 0.2356403 0.004318329 
0.6992732 0.2886679 0.01205895 
0.7049216 0.2724707 0.02260772 
0.6965442 0.2965272 0.006928652 
0.7082349 0.2891659 0.002599226 
0.7145685 0.2725032 0.01292836 
0.636072 0.3580444 0.005883562 
0.7027204 0.2959838 0.001295771 
0.7283245 0.2675516 0.004123886 
0.560774 0.4344983 0.004727657 
0.7597681 0.2318033 0.008428529 
0.6619788 0.3367769 0.001244289 
0.6357449 0.357604 0.006651179 
0.6716374 0.3217177 0.006644866 
0.6543967 0.3444024 0.001200943 
0.6027696 0.3952904 0.001939976 
0.6442556 0.3391917 0.0165527 
0.7478329 0.2420184 0.01014871 
0.5955701 0.3972412 0.007188799 
0.6849867 0.3033991 0.01161423 
0.754826 0.2393302 0.00584378 
0.6296876 0.3698627 0.0004496933 
0.7631068 0.2210605 0.0158327 
0.6732627 0.3251502 0.001587038 
0.7028473 0.2968072 0.0003454376 
0.703817 0.2960838 9.924589e-05 
0.6959159 0.2890326 0.01505148 
0.759189 0.2340032 0.006807815 
0.673962 0.3092658 0.01677214 
0.6624924 0.3221697 0.01533781 
0.6557847 0.3341272 0.01008806 
0.6564099 0.3402845 0.003305554 
0.7494106 0.2496704 0.0009189966 
0.7366821 0.2529615 0.01035645 
0.6518545 0.3368736 0.01127199 
0.7032554 0.2895148 0.007229861 
0.6678845 0.3298354 0.002280009 
0.6624925 0.3355284 0.001979148 
0.6150355 0.3824349 0.002529596 
0.6898668 0.3074534 0.002679758 
0.6728302 0.3222745 0.004895334 
0.7610787 0.2243614 0.01455991 
0.7217968 0.2776741 0.00052903 
0.7020128 0.2894239 0.008563373 
0.6771163 0.3186946 0.004189072 
0.6687041 0.326012 0.005283918 
0.6759335 0.306189 0.01787747 
0.7176325 0.2795976 0.002769879 
0.6995347 0.2978562 0.002609127 
0.73906 0.243473 0.01746704 
0.7045328 0.2784503 0.01701692 
0.7533665 0.2457552 0.0008783094 
0.6542721 0.3396516 0.006076256 
0.6785873 0.3208853 0.0005274006 
0.6489051 0.3493778 0.001717188 
0.6304542 0.3411316 0.02841417 
0.7001035 0.2823734 0.01752304 
0.7737394 0.2202374 0.006023147 
0.6913526 0.3005476 0.008099819 
0.6868685 0.3094215 0.003709986 
0.7146815 0.2834957 0.001822824 
0.6779445 0.3008872 0.02116828 
0.6789212 0.3136047 0.007474031 
0.6759147 0.3206605 0.003424866 
0.6110383 0.3870347 0.00192693 
0.7293986 0.2686198 0.001981569 
0.6167514 0.3602626 0.02298598 
0.6461549 0.3148654 0.03897971 
0.6627878 0.3269148 0.01029737 
0.7684944 0.2305015 0.001004116 
0.5824763 0.4079129 0.009610831 
0.6312864 0.3665983 0.002115281 
0.6272266 0.3669791 0.005794328 
0.6722038 0.3264462 0.001349943 
0.8164147 0.1827808 0.0008045528 
0.7592939 0.2390965 0.00160962 
0.7242835 0.2730242 0.002692219 
0.6229239 0.3603433 0.01673274 
0.6945299 0.2997674 0.005702731 
0.6255937 0.3684741 0.005932233 
0.7226864 0.2443353 0.03297828 
0.6730396 0.3223231 0.004637281 
0.6847002 0.31249 0.002809837 
0.7039428 0.2932289 0.002828298 
0.7271192 0.2721427 0.0007381103 
0.5935046 0.3898801 0.01661532 
0.6104944 0.3742834 0.01522218 
0.6208891 0.3760975 0.003013401 
0.6857468 0.3134233 0.0008298947 
0.6814089 0.3114623 0.007128799 
0.6918572 0.3063561 0.001786718 
0.7911165 0.2045902 0.004293326 
0.6516145 0.3371953 0.01119021 
0.609085 0.3869726 0.003942411 
0.7626086 0.22358 0.0138114 
0.7261894 0.2630938 0.0107168 
0.7522166 0.2341453 0.01363811 
0.7116194 0.2880413 0.000339318 
0.6885328 0.3066944 0.00477276 
0.6077101 0.3526356 0.0396543 
0.6661637 0.3178672 0.01596911 
0.5966533 0.4024069 0.0009398905 
0.7582793 0.2355906 0.006130118 
0.6395281 0.3402264 0.02024552 
0.7384555 0.2562086 0.005335888 
0.5879137 0.4113454 0.0007409181 
0.7053785 0.2869588 0.007662671 
0.6665882 0.2998663 0.03354551 
0.6656025 0.3309737 0.003423764 
0.7825596 0.2169568 0.0004836655 
0.7423482 0.2361346 0.02151722 
0.8014453 0.1971588 0.001395853 
0.7019361 0.297944 0.000119976 
0.6468613 0.3388599 0.01427876 
0.7555341 0.2419165 0.002549361 
0.7672982 0.2216061 0.01109562 
0.68402 0.2616758 0.05430426 
0.697784 0.2947567 0.007459319 
0.6703914 0.3268245 0.002784097 
0.7010639 0.2978876 0.001048465 
0.6265128 0.3701559 0.003331242 
0.6400702 0.3522006 0.007729265 
0.6720437 0.3140688 0.01388742 
0.6784475 0.3127555 0.008796969 
0.7875396 0.2119973 0.0004631189 
0.6709291 0.322323 0.006747906 
0.7096117 0.2635941 0.0267942 
0.6278259 0.3577599 0.01441414 
0.71135 0.2764025 0.01224753 
0.5730968 0.4162413 0.01066186 
0.7440312 0.2559364 3.244865e-05 
0.716911 0.2686019 0.01448713 
0.6723987 0.3158294 0.01177185 
0.7134465 0.2737316 0.01282191 
0.7089852 0.2761438 0.01487109 
0.7101708 0.2852974 0.004531787 
0.7121389 0.2844557 0.003405385 
0.8278857 0.1710398 0.001074469 
0.7502047 0.2404194 0.009375857 
0.6976604 0.2975988 0.004740802 
0.7583594 0.2415319 0.0001087559 
0.6569625 0.3378047 0.005232724 
0.6701531 0.3129683 0.01687862 
0.5649654 0.4135968 0.02143784 
0.7052151 0.2928379 0.001946994 
0.6707477 0.3041585 0.0250938 
0.6691976 0.3165328 0.01426958 
0.7791851 0.2189027 0.001912184 
0.7055354 0.2828065 0.01165812 
0.7009477 0.2934457 0.005606528 
0.61883 0.3725814 0.008588532 
0.6813321 0.3065847 0.01208323 
0.7142608 0.2837897 0.001949537 
0.6407167 0.3469212 0.01236207 
0.7483924 0.2490204 0.00258711 
0.688175 0.3091856 0.002639436 
0.5491635 0.4349705 0.01586597 
0.6746177 0.3141751 0.01120729 
0.6393825 0.3562751 0.004342454 
0.681649 0.3145094 0.003841579 
0.7763929 0.2140584 0.009548648 
0.7453997 0.2523916 0.002208705 
0.750538 0.2425927 0.006869325 
0.5479872 0.4449362 0.007076577 
0.71751 0.2706046 0.0118854 
0.686495 0.3052998 0.008205242 
0.6352842 0.355648 0.009067764 
0.6597727 0.3311934 0.009033848 
0.7206686 0.2623635 0.01696787 
0.7658227 0.230245 0.003932337 
0.7521419 0.2474901 0.0003680678 
0.6363568 0.3546931 0.008950113 
0.6797979 0.3196329 0.0005691345 
0.6549118 0.3397564 0.005331797 
0.7006526 0.2641364 0.03521092 
0.6918115 0.304638 0.003550509 
0.7284672 0.270106 0.001426787 
0.7117907 0.2862602 0.001949115 
0.7585545 0.2344592 0.006986256 
0.7423112 0.2513291 0.006359758 
0.7500619 0.2438428 0.006095294 
0.708691 0.2883564 0.002952623 
0.6516818 0.3422028 0.00611548 
0.6674685 0.3229524 0.00957907 
0.7022478 0.2844827 0.01326942 
0.640747 0.3543761 0.004876899 
0.7127186 0.2848974 0.002383926 
0.7088765 0.2836361 0.007487372 
0.6850799 0.3081968 0.006723316 
0.6107591 0.3795502 0.009690744 
0.7032736 0.2889691 0.00775739 
0.5755759 0.4219956 0.002428404 
0.6108318 0.3841735 0.004994731 
0.7173798 0.2807967 0.001823583 
0.7105596 0.2828181 0.006622286 
0.7549479 0.2399207 0.005131378 
0.7284898 0.2578459 0.01366423 
0.6745312 0.3153539 0.01011487 
0.6889458 0.3105116 0.0005426753 
0.626751 0.3649157 0.00833328 
0.6844536 0.2881982 0.02734825 
0.749114 0.248145 0.002741023 
0.6713638 0.3264858 0.002150375 
0.6430735 0.356532 0.0003944989 
0.7308562 0.2687958 0.0003480325 
0.8022853 0.1934551 0.004259619 
0.7513983 0.242866 0.005735695 
0.5730073 0.4249214 0.00207127 
0.5423778 0.450691 0.006931208 
0.6826055 0.2963148 0.02107971 
0.7590784 0.2317776 0.009144006 
0.658054 0.3325277 0.009418279 
0.6670824 0.3303492 0.002568415 
0.6727517 0.327088 0.0001602701 
0.7030501 0.2949687 0.001981268 
0.7112585 0.2785095 0.01023198 
0.6718998 0.3205989 0.007501293 
0.5196489 0.4380666 0.04228446 
0.6744303 0.3134142 0.01215555 
0.6246433 0.364767 0.01058968 
0.7857361 0.1769134 0.03735045 
0.7656351 0.2284954 0.005869529 
0.6716753 0.3276611 0.0006636165 
0.5516405 0.4459436 0.002415872 
0.719396 0.2712867 0.009317245 
0.6121063 0.3463646 0.04152907 
0.5652823 0.4123248 0.02239294 
0.6275221 0.372061 0.0004168939 
0.6800121 0.3180624 0.001925557 
0.6585145 0.3361689 0.005316566 
0.6095129 0.3854832 0.00500397 
0.6289584 0.3701824 0.0008591866 
0.6896959 0.3015287 0.00877545 
0.7097249 0.2885443 0.001730761 
0.6825987 0.3135177 0.003883583 
0.672993 0.2990763 0.02793069 
0.7275329 0.2712181 0.001248963 
0.5991875 0.3994689 0.001343524 
0.6556688 0.3383475 0.005983648 
0.6834731 0.3082817 0.008245144 
0.6729835 0.3245453 0.002471156 
0.6777641 0.3186707 0.003565167 
0.6761597 0.3171798 0.006660539 
0.6352656 0.3572823 0.007452107 
0.7088166 0.2871366 0.0040468 
0.6391378 0.3361885 0.02467371 
0.6358051 0.3544445 0.009750439 
0.5925615 0.4044897 0.002948814 
0.5683307 0.4205241 0.01114517 
0.6945917 0.2985673 0.006840973 
0.6952052 0.2974015 0.007393233 
0.7192029 0.2735402 0.007256857 
0.6279583 0.3689422 0.003099471 
0.6161452 0.3809313 0.002923541 
0.70909 0.2876622 0.003247797 
0.6027717 0.3748948 0.02233345 
0.6898101 0.2865099 0.02368 
0.6806636 0.3156255 0.003710904 
0.5333652 0.4612329 0.005401901 
0.7007219 0.2990721 0.0002059979 
0.7085504 0.2911138 0.0003357432 
0.7540334 0.2455719 0.0003946307 
0.7030149 0.2813563 0.01562877 
0.7069117 0.2869727 0.006115644 
0.757574 0.236527 0.005899 
0.7192096 0.275029 0.005761408 
0.634466 0.3298077 0.03572633 
0.5783499 0.4149061 0.006744066 
0.6608087 0.3205636 0.0186277 
0.6462431 0.3387029 0.01505397 
0.6503549 0.3424843 0.007160859 
0.5819028 0.4161866 0.001910547 
0.7580125 0.2379133 0.004074233 
0.6650416 0.3073132 0.02764519 
0.730072 0.248763 0.02116501 
0.6216778 0.3778434 0.0004787965 
0.6904817 0.2901623 0.01935606 
0.730094 0.2687873 0.001118737 
0.6573083 0.3331197 0.009571976 
0.674053 0.3251891 0.0007578966 
0.6419897 0.356756 0.001254379 
0.5487278 0.4120594 0.03921284 
0.5746494 0.4238845 0.001466056 
0.7289683 0.2679242 0.003107483 
0.6353256 0.3448509 0.01982356 
0.6214338 0.3693555 0.009210721 
0.6900636 0.3041108 0.005825565 
0.6792706 0.2957505 0.02497891 
0.6968704 0.2982425 0.004887108 
0.6445915 0.346147 0.009261523 
0.6951418 0.2881977 0.01666052 
0.7654904 0.2299937 0.004515949 
0.7800706 0.2065334 0.01339601 
0.7343915 0.2592465 0.006361978 
0.7099084 0.2794669 0.01062467 
0.6951207 0.2985506 0.006328703 
0.7323449 0.2590327 0.008622478 
0.702944 0.2920156 0.005040445 
0.5993345 0.3994594 0.001206054 
0.6383533 0.3474752 0.01417154 
0.6636044 0.3171332 0.01926238 
0.6990982 0.2977255 0.00317624 
0.5927551 0.399793 0.007451901 
0.7245646 0.2708759 0.004559487 
0.6662029 0.3288366 0.004960582 
0.6274994 0.3723111 0.0001894872 
0.6447405 0.3527059 0.002553634 
0.7085645 0.290976 0.0004595134 
0.7299735 0.2517219 0.01830459 
0.6120704 0.3828688 0.00506081 
0.6172057 0.3783776 0.004416746 
0.6317187 0.3644261 0.003855266 
0.6867002 0.3022422 0.01105763 
0.6939078 0.2941364 0.01195582 
0.6934527 0.3037559 0.00279148 
0.718484 0.2806283 0.0008877429 
0.7375184 0.2513008 0.01118088 
0.7255359 0.2607758 0.0136882 
0.7121005 0.2874121 0.0004874002 
0.6780465 0.3187661 0.003187448 
0.7069371 0.2775697 0.0154932 
0.5583414 0.4412895 0.0003691445 
0.713948 0.2819077 0.004144307 
0.7034734 0.2578802 0.03864647 
0.6109963 0.3789514 0.01005231 
0.6140199 0.3766839 0.009296191 
0.7090752 0.288702 0.002222823 
0.6144523 0.3719976 0.01355005 
0.7463583 0.251158 0.00248372 
0.7518989 0.2452828 0.002818329 
0.67448 0.3050874 0.02043262 
0.7422724 0.2527246 0.005003089 
0.6941474 0.3025172 0.003335408 
0.7319835 0.2357729 0.03224354 
0.6334154 0.349959 0.01662559 
0.7398117 0.2550575 0.005130793 
0.5475854 0.4376365 0.01477813 
0.8009282 0.1973487 0.001723089 
0.6402844 0.358541 0.001174649 
0.7699975 0.2284314 0.001571168 
0.7289253 0.2639287 0.007146031 
0.7315299 0.2625432 0.005926885 
0.7910952 0.2015192 0.007385629 
0.7915254 0.2030113 0.005463339 
0.6546638 0.3428961 0.002440141 
0.7134381 0.2848957 0.001666198 
0.6717605 0.3199919 0.008247608 
0.7331505 0.2649335 0.001915947 
0.7261006 0.2656894 0.008210003 
0.682689 0.3122519 0.005059138 
0.7424762 0.2556437 0.001880101 
0.6691927 0.3190457 0.01176162 
0.640543 0.329767 0.02969003 
0.6994081 0.2940283 0.006563577 
0.7127185 0.2870462 0.0002353746 
0.7001925 0.2709899 0.02881765 
0.7777351 0.2188956 0.003369276 
0.7622441 0.230763 0.006992877 
0.7151812 0.2795442 0.005274646 
0.6574833 0.3354072 0.007109446 
0.6859473 0.3134478 0.0006049006 
0.532634 0.4584764 0.008889602 
0.7243813 0.2619565 0.01366223 
0.6863231 0.3130484 0.0006284967 
0.6390411 0.3565518 0.004407178 
0.8038361 0.1918068 0.004357056 
0.7049866 0.2881464 0.00686702 
0.6453513 0.3507967 0.003851946 
0.6622489 0.3313005 0.006450604 
0.6126462 0.3841677 0.003186089 
0.6754907 0.3149261 0.009583182 
0.721402 0.2729423 0.005655696 
0.7205296 0.2744688 0.005001591 
0.6132919 0.3738729 0.01283516 
0.7049254 0.294488 0.0005866114 
0.5799104 0.4186428 0.001446839 
0.6501534 0.3351519 0.01469471 
0.6960688 0.3031564 0.0007747973 
0.6880773 0.3066889 0.005233841 
0.6295272 0.3695306 0.0009421842 
0.7143801 0.2821985 0.003421438 
0.6659326 0.3200678 0.01399959 
0.712916 0.2815482 0.005535759 
0.733068 0.2636211 0.0033109 
0.7153924 0.2773281 0.007279564 
0.6254745 0.3566377 0.01788784 
0.7399499 0.2492119 0.01083824 
0.7714778 0.2253153 0.003206894 
0.7330362 0.2637423 0.003221548 
0.6844091 0.3152315 0.0003593053 
0.6134215 0.3822667 0.004311818 
0.6777016 0.3215922 0.0007061753 
0.6721565 0.3169488 0.0108947 
0.6791331 0.3196835 0.001183468 
0.6270336 0.3702808 0.002685676 
0.6483305 0.346827 0.0048425 
0.6873712 0.3011679 0.01146084 
0.6936048 0.3034798 0.002915396 
0.7899208 0.2038888 0.006190407 
0.6733785 0.3190075 0.007613969 
0.7178591 0.2810669 0.001074044 
0.7400669 0.2512021 0.008730967 
0.6927341 0.3052858 0.001980104 
0.7382047 0.2543967 0.007398575 
0.6845209 0.3114186 0.004060497 
0.7183925 0.2793512 0.002256357 
0.719626 0.2728537 0.007520298 
0.7505337 0.2465039 0.002962416 
0.7214454 0.2723552 0.006199321 
0.724657 0.2735266 0.001816475 
0.7491282 0.245051 0.005820831 
0.7374018 0.2589681 0.003630147 
0.7059198 0.2844562 0.009624011 
0.6519316 0.3419131 0.006155336 
0.6953872 0.301335 0.003277853 
0.6976244 0.3009074 0.001468162 
0.6903571 0.299052 0.01059092 
0.7074664 0.2906937 0.001839955 
0.7078592 0.2866867 0.005454057 
0.6284862 0.3621978 0.009315977 
0.6748541 0.3145875 0.01055831 
0.6028927 0.3725407 0.02456653 
0.7485606 0.2502527 0.001186691 
0.7441147 0.2553887 0.0004966336 
0.6357797 0.3491892 0.01503107 
0.6839907 0.3153298 0.0006794789 
0.5258708 0.4662718 0.00785739 
0.6372306 0.3562551 0.00651427 
0.6802454 0.3191346 0.0006199485 
0.7284591 0.2677962 0.003744774 
0.5512653 0.4359887 0.01274599 
0.7419619 0.2456472 0.0123909 
0.7959818 0.2017304 0.002287883 
0.6511646 0.3425874 0.006247944 
0.6587748 0.338093 0.003132173 
0.6270194 0.3683547 0.004625947 
0.616064 0.3785504 0.005385565 
0.7055909 0.2858195 0.008589581 
0.640005 0.3511363 0.008858706 
0.5585559 0.4266578 0.01478628 
0.7180359 0.2778767 0.004087348 
0.7804561 0.2074639 0.01208003 
0.7253161 0.2527132 0.02197069 
0.6915308 0.3071085 0.001360748 
0.7083645 0.2914405 0.0001949474 
0.7483835 0.2498819 0.001734605 
0.6605032 0.3360373 0.003459433 
0.7051425 0.2867569 0.008100556 
0.6652021 0.3187279 0.01607004 
0.6848851 0.3106765 0.004438406 
0.7354422 0.2612642 0.003293646 
0.7161906 0.2710791 0.01273029 
0.6249986 0.369314 0.00568746 
0.6749718 0.3110993 0.01392889 
0.6832988 0.3163052 0.0003959777 
0.7155673 0.2818497 0.002583065 
0.6440939 0.3505248 0.005381382 
0.7142055 0.2747737 0.01102081 
0.7267063 0.2667409 0.006552789 
0.610302 0.3895944 0.0001036702 
0.7873882 0.2101867 0.00242515 
0.6443542 0.353901 0.001744813 
0.6777608 0.3213289 0.0009103253 
0.7545268 0.2276953 0.01777791 
0.7076043 0.2877677 0.004627999 
0.5382369 0.4605704 0.001192644 
0.7224412 0.2695558 0.008003002 
0.7742272 0.214115 0.01165783 
0.7289621 0.2678501 0.003187799 
0.6519567 0.3475958 0.0004475808 
0.6684038 0.3271529 0.00444333 
0.6680931 0.3284328 0.003474041 
0.686982 0.3080035 0.005014518 
0.739376 0.2540253 0.006598704 
0.7568113 0.2428598 0.0003289255 
0.7068434 0.2900164 0.003140137 
0.65786 0.3410721 0.001067866 
0.6347657 0.353245 0.01198934 
0.5900265 0.407608 0.002365489 
0.7772145 0.2076192 0.01516633 
0.59685 0.3962564 0.006893654 
0.6389622 0.3485121 0.01252564 
0.7170237 0.271927 0.01104935 
0.8040009 0.1931934 0.002805679 
0.6823286 0.3141804 0.003491002 
0.7985471 0.197577 0.003875916 
0.6678049 0.3228756 0.00931955 
0.6857791 0.3067699 0.007450928 
0.6630419 0.3180889 0.01886924 
0.6971206 0.2846319 0.01824746 
0.6660367 0.3178443 0.016119 
0.6787772 0.3174291 0.003793739 
0.6956912 0.303569 0.0007397649 
0.6828085 0.29207 0.02512141 
0.6781709 0.3143229 0.007506165 
0.5996405 0.3997533 0.0006062107 
0.6699562 0.325847 0.004196833 
0.7606854 0.2289827 0.01033187 
0.6515557 0.3432134 0.005230931 
0.5096117 0.4449601 0.04542816 
0.5779249 0.4155457 0.006529342 
0.6292629 0.368996 0.00174107 
0.6914651 0.3024357 0.006099186 
0.7246892 0.2713934 0.003917382 
0.7527563 0.2429953 0.004248422 
0.7418737 0.256774 0.001352352 
0.7496164 0.2450026 0.005381007 
0.6699739 0.3278889 0.00213718 
0.7348802 0.2616061 0.003513716 
0.7464103 0.2422426 0.01134709 
0.6754627 0.3139972 0.01054016 
0.7200068 0.2772574 0.002735741 
0.7332776 0.2645745 0.00214793 
0.6559506 0.3285817 0.0154677 
0.7105528 0.2816079 0.007839279 
0.6630524 0.3328972 0.004050382 
0.6533486 0.3425895 0.004061895 
0.7595131 0.2399835 0.0005033962 
0.6705838 0.3277159 0.001700348 
0.7223476 0.2468878 0.03076465 
0.7173209 0.2770587 0.005620348 
0.707217 0.2846293 0.00815374 
0.6408469 0.3526665 0.006486611 
0.8152868 0.1740784 0.01063479 
0.7413095 0.2471649 0.01152561 
0.6684002 0.3093593 0.02224051 
0.7323045 0.267174 0.0005214776 
0.7266577 0.2723451 0.0009972066 
0.7292635 0.249555 0.02118149 
0.6051033 0.3932938 0.001602876 
0.7216319 0.277659 0.0007091002 
0.7108303 0.2829771 0.006192596 
0.6830093 0.3157734 0.001217305 
0.7028857 0.2782649 0.01884948 
0.7008113 0.2786415 0.02054725 
0.6404095 0.3498598 0.009730736 
0.681934 0.3163654 0.001700578 
0.6420255 0.329353 0.02862149 
0.6878289 0.3074149 0.004756202 
0.5593384 0.4402037 0.0004578383 
0.7400024 0.2467751 0.01322243 
0.680628 0.3163638 0.003008216 
0.6224145 0.3748999 0.002685605 
0.6895193 0.308616 0.001864723 
0.745216 0.2497578 0.005026211 
0.6740889 0.3250742 0.0008369635 
0.7523697 0.2457364 0.001893969 
0.7091131 0.2902233 0.0006635562 
0.6587344 0.3286016 0.01266408 
0.7424392 0.2554915 0.002069254 
0.745742 0.253018 0.001240007 
0.6995236 0.2980764 0.002400069 
0.6449929 0.3345384 0.02046869 
0.6308845 0.3656687 0.003446835 
0.7003204 0.2980094 0.001670229 
0.7826553 0.2136034 0.00374132 
0.7413404 0.2556069 0.00305273 
0.6190233 0.3786377 0.002339006 
0.7326108 0.2658239 0.001565277 
0.7129493 0.2865383 0.0005123598 
0.6454889 0.3490863 0.005424756 
0.7006664 0.2897768 0.009556723 
0.7298243 0.2643531 0.005822552 
0.6825538 0.3170952 0.0003509668 
0.7367596 0.2584657 0.004774634 
0.7188024 0.2676895 0.01350809 
0.6201776 0.3725975 0.007224816 
0.6397267 0.3528007 0.00747259 
0.7666986 0.2264975 0.006803944 
0.7149648 0.2778156 0.007219667 
0.7799657 0.2177484 0.002285824 
0.7373901 0.2621318 0.0004780641 
0.6111768 0.3597733 0.02904988 
0.6537367 0.3447865 0.001476787 
0.6312087 0.3614434 0.007347864 
0.7536346 0.2421656 0.004199855 
0.6103785 0.3876239 0.001997572 
0.6379803 0.3564694 0.005550296 
0.736921 0.2406496 0.02242941 
0.7236144 0.2567779 0.01960769 
0.6319844 0.3666427 0.00137283 
0.6764446 0.2881407 0.03541477 
0.6193395 0.3743613 0.006299208 
0.6528756 0.3454852 0.001639225 
0.6290997 0.3707271 0.0001731511 
0.7518902 0.2471979 0.000911898 
0.6419434 0.3512781 0.006778524 
0.7100761 0.279687 0.01023687 
0.7227316 0.2685036 0.008764832 
0.6223252 0.3762962 0.001378678 
0.6497259 0.3481909 0.002083205 
0.6877273 0.3050972 0.007175515 
0.7578786 0.239892 0.002229464 
0.6996691 0.297646 0.002684899 
0.6844061 0.3095294 0.006064488 
0.7523139 0.2472631 0.000422915 
0.7222736 0.2722764 0.005449982 
0.613238 0.3864925 0.0002695173 
0.568284 0.4039271 0.02778886 
0.7972151 0.2023781 0.000406773 
0.6911466 0.3045473 0.004306087 
0.6663506 0.2944553 0.0391941 
0.6906535 0.2982353 0.0111112 
0.6858137 0.3022523 0.01193402 
0.7103891 0.2877784 0.001832511 
0.7829186 0.2142823 0.002799105 
0.6160044 0.364648 0.0193476 
0.7083827 0.2895454 0.002071949 
0.6056731 0.3881683 0.006158597 
0.6030208 0.3389258 0.05805333 
0.659349 0.3347489 0.005902168 
0.762518 0.2360911 0.001390895 
0.6081409 0.3904548 0.001404243 
0.5926196 0.3940936 0.01328683 
0.6659789 0.3285169 0.005504153 
0.7786498 0.2180029 0.003347313 
0.6738527 0.3259172 0.0002300896 
0.7690872 0.2244248 0.006488051 
0.7176136 0.2663013 0.01608514 
0.6938693 0.303933 0.002197722 
0.6837617 0.3068824 0.009355941 
0.6086988 0.3912886 1.260639e-05 
0.7772318 0.221006 0.001762205 
0.6640256 0.3306568 0.005317603 
0.7292316 0.2651743 0.005594087 
0.7159375 0.2823728 0.001689656 
0.6622971 0.3359757 0.00172719 
0.702303 0.2968655 0.0008315262 
0.6860257 0.3131509 0.0008234062 
0.6944369 0.2975189 0.008044155 
0.6396174 0.3514835 0.008899155 
0.6575581 0.3398375 0.002604423 
0.6712085 0.3110447 0.01774674 
0.7129146 0.2831481 0.003937252 
0.6570235 0.3424153 0.0005612579 
0.67253 0.316717 0.01075295 
0.6521589 0.3347657 0.01307545 
0.7529742 0.2391098 0.007915956 
0.7603922 0.2296259 0.009981887 
0.7586956 0.2388191 0.00248524 
0.7141501 0.2789372 0.006912681 
0.7175105 0.2733257 0.009163849 
0.6365136 0.3564635 0.00702294 
0.7542574 0.2411131 0.004629536 
0.7421895 0.2574705 0.0003400564 
0.581383 0.4082139 0.01040315 
0.7082526 0.2868943 0.004853095 
0.6841789 0.3067244 0.009096656 
0.7165639 0.2787888 0.004647333 
0.6767699 0.3228797 0.0003504488 
0.6377309 0.3491205 0.01314864 
0.6887207 0.3040127 0.007266652 
0.7533085 0.243408 0.003283501 
0.7741775 0.2165942 0.009228269 
0.6484747 0.3367589 0.01476645 
0.6823869 0.3171499 0.0004631497 
0.7221454 0.2654085 0.0124461 
0.6990279 0.2996847 0.001287339 
0.718881 0.2611181 0.0200009 
0.752263 0.2402907 0.007446268 
0.6209454 0.3698902 0.009164419 
0.5826216 0.3991706 0.01820781 
0.6765302 0.3232163 0.0002535422 
0.7367043 0.2481109 0.01518473 
