"p_1" "p_2" "p_3" "p_4"
0.7850748 0.05956487 0.001825105 0.1535352
0.7744249 0.05196797 7.124889e-05 0.1735359
0.7794658 0.05775659 0.005717523 0.1570601
0.7717992 0.05094497 0.001618855 0.175637
0.781272 0.04889176 0.001642213 0.168194
0.7592851 0.0502469 0.003379416 0.1870886
0.783973 0.05266889 0.001946041 0.1614121
0.7857355 0.05756036 0.000312419 0.1563917
0.7724909 0.05691786 0.00146255 0.1691287
0.7886407 0.05499161 0.0001281282 0.1562395
0.7702835 0.04934154 0.0001866769 0.1801882
0.8034581 0.0407906 0.0005171569 0.1552341
0.7577678 0.05964735 0.001265008 0.1813199
0.7808492 0.04982103 0.001625434 0.1677043
0.7954716 0.04612996 0.003195167 0.1552033
0.760092 0.05343452 4.128819e-05 0.1864321
0.7785107 0.0505387 0.006629369 0.1643212
0.7797774 0.03723889 0.001229461 0.1817543
0.7930366 0.04616366 0.0001052697 0.1606945
0.7874606 0.04423124 0.0002758093 0.1680323
0.7738765 0.05883797 0.0009083063 0.1663772
0.7899855 0.05302703 0.00195707 0.1550304
0.7841824 0.05461195 0.0001340304 0.1610716
0.7527379 0.05936876 0.008289675 0.1796036
0.7812427 0.05868919 0.002004987 0.1580631
0.7892312 0.05504269 0.003260552 0.1524655
0.7844426 0.05271113 0.001118793 0.1617275
0.771599 0.06058132 0.001917431 0.1659023
0.7799557 0.05143628 0.0013279 0.1672802
0.7883713 0.04662556 0.0005826591 0.1644205
0.7843105 0.05839885 0.0002175523 0.1570731
0.7606613 0.05980157 0.001643894 0.1778933
0.7757252 0.04400071 0.0007240496 0.17955
0.7770822 0.05524074 0.000856191 0.1668209
0.7794998 0.0647048 0.0001791019 0.1556163
0.7671966 0.05210522 0.00249226 0.1782059
0.7961872 0.05557933 0.0223613 0.1258722
0.7825476 0.05334437 0.02872051 0.1353875
0.7861441 0.03588103 0.001646451 0.1763285
0.7640252 0.0415066 0.0001191109 0.1943491
0.7785897 0.05972775 0.00303052 0.158652
0.7777091 0.06464379 0.005573488 0.1520737
0.7853929 0.06516701 0.0007894468 0.1486507
0.781324 0.04367944 0.0001043151 0.1748923
0.7931536 0.05294693 0.0006351498 0.1532644
0.7811442 0.0437919 0.002765491 0.1722984
0.7830576 0.05285767 0.001237978 0.1628468
0.7720263 0.04722989 0.0002409512 0.1805029
0.7808748 0.04944548 0.001657693 0.168022
0.7821206 0.0539042 0.0005657653 0.1634095
0.7719335 0.05208455 0.0009035252 0.1750784
0.7704487 0.05680969 0.004619173 0.1681224
0.774503 0.05292856 0.002962157 0.1696063
0.7824299 0.04610668 0.001209903 0.1702535
0.7665373 0.06059878 0.001346183 0.1715177
0.780526 0.04837645 0.0006069442 0.1704906
0.7866892 0.04924851 0.004689895 0.1593724
0.7793412 0.05746256 0.003322285 0.1598739
0.7715341 0.05426596 0.0003789229 0.173821
0.7929314 0.05772321 0.003959873 0.1453855
0.7835537 0.04967631 0.002182173 0.1645879
0.7648809 0.05463253 0.001766773 0.1787198
0.7842147 0.06048851 9.229911e-06 0.1552875
0.7746002 0.05195721 1.757187e-05 0.173425
0.768746 0.05710247 0.0008867105 0.1732649
0.7789297 0.05350079 0.000733441 0.166836
0.7614846 0.05980159 0.00415718 0.1745566
0.784566 0.04651416 0.0001009087 0.1688189
0.7603052 0.06168447 0.003887375 0.174123
0.777249 0.05197629 0.0003793245 0.1703954
0.7757761 0.05053864 0.0004088449 0.1732764
0.7950095 0.0479085 0.0004050078 0.1566769
0.7908351 0.05156676 0.0002976017 0.1573006
0.7708109 0.04830195 0.000439061 0.1804481
0.7635003 0.05925557 0.001632532 0.1756116
0.8030881 0.05061742 0.001441349 0.1448531
0.7894314 0.04621251 0.0005732406 0.1637828
0.7946419 0.05456873 0.00131321 0.1494762
0.7662787 0.06457964 0.001338541 0.1678031
0.7835619 0.07061235 9.834185e-05 0.1457274
0.7865223 0.05012786 0.001736789 0.1616131
0.7647141 0.05610924 0.0008741066 0.1783025
0.7754938 0.05920789 0.00035117 0.1649471
0.8111322 0.03626816 0.00284956 0.1497501
0.7951063 0.05171869 0.01084598 0.1423291
0.8089032 0.04583476 0.003243506 0.1420186
0.7764638 0.05128567 0.0005530619 0.1716974
0.764383 0.05667326 0.0001304206 0.1788133
0.7823896 0.04272711 0.00256931 0.172314
0.7774264 0.06152434 0.002232035 0.1588172
0.7579194 0.05959242 0.002065353 0.1804228
0.779289 0.05165936 0.001544648 0.167507
0.748375 0.05445992 2.009361e-05 0.197145
0.7843711 0.05573547 0.001166535 0.1587269
0.7732475 0.04502771 0.001693312 0.1800315
0.7937061 0.05214154 0.00164284 0.1525095
0.7755345 0.07298 0.0006235233 0.1508619
0.7744201 0.05732406 0.0005522079 0.1677036
0.7852529 0.05314869 0.001430716 0.1601676
0.7801028 0.05551659 0.002986739 0.1613938
0.7883061 0.0517061 5.003392e-05 0.1599378
0.7863082 0.05072545 4.645271e-05 0.1629199
0.7762517 0.04774451 0.00234717 0.1736566
0.7819159 0.06358471 0.0004011604 0.1540982
0.8028019 0.03772194 0.001457302 0.1580189
0.7661752 0.05304495 0.000259592 0.1805203
0.7723681 0.06304171 0.0006555813 0.1639346
0.7739982 0.05331781 0.000621482 0.1720625
0.7598919 0.0605269 8.742805e-06 0.1795725
0.7784297 0.04453926 0.001134199 0.1758968
0.7842989 0.05310899 0.0006300532 0.161962
0.7951344 0.05239857 0.0007587339 0.1517083
0.8061059 0.05498136 0.0004003375 0.1385124
0.7748156 0.06789749 0.0002854296 0.1570014
0.786635 0.0474618 5.645461e-05 0.1658467
0.7658115 0.05322454 0.0001460693 0.1808179
0.7844 0.05583992 0.0002818339 0.1594783
0.7773637 0.05477083 0.004427786 0.1634376
0.7962504 0.05345603 0.0004349818 0.1498586
0.7781418 0.0549762 0.0007704194 0.1661115
0.7815626 0.05326699 6.533529e-05 0.1651051
0.7778542 0.06176846 0.004509699 0.1558676
0.7724592 0.06156289 0.0002563918 0.1657215
0.7898808 0.04196854 0.001642529 0.1665081
0.7813567 0.05518002 0.007884209 0.1555791
0.7764122 0.06316552 0.0001407609 0.1602815
0.7886927 0.05034677 0.001063483 0.159897
0.7746432 0.04711205 0.002421592 0.1758232
0.7622074 0.05849087 5.178065e-05 0.1792499
0.7605668 0.0684687 0.001148507 0.169816
0.7893375 0.05296424 0.0007978414 0.1569005
0.779247 0.05875735 0.004255733 0.1577399
0.7821696 0.04966097 0.0005013112 0.1676681
0.7979896 0.05115923 0.0003483913 0.1505028
0.7941531 0.04764104 0.003051701 0.1551541
0.7638999 0.06744776 1.334958e-05 0.168639
0.7745194 0.0451878 0.0007226508 0.1795702
0.755938 0.05457957 0.005638621 0.1838438
0.7783026 0.06171616 0.002338023 0.1576433
0.783307 0.06364965 0.004919317 0.148124
0.7677175 0.05565987 0.001618024 0.1750046
0.786684 0.05271178 0.0021514 0.1584528
0.766384 0.0699089 0.000556421 0.1631507
0.7853581 0.04709443 0.000710784 0.1668367
0.7899124 0.04913737 0.001980605 0.1589696
0.7695551 0.04431487 0.006989183 0.1791409
0.7664051 0.05181657 0.0002653132 0.181513
0.7917809 0.04884657 0.0001671708 0.1592054
0.772675 0.04923298 0.0002997639 0.1777922
0.7566499 0.07364716 0.0006453863 0.1690575
0.7777215 0.05581193 0.0005172583 0.1659493
0.7980929 0.0464861 0.0003775005 0.1550435
0.7985298 0.05617602 0.0006250501 0.1446692
0.7822574 0.0461852 0.004924736 0.1666327
0.7852332 0.05980355 0.001048465 0.1539147
0.8013478 0.05098385 0.0007010252 0.1469673
0.8034537 0.05019481 0.0003966442 0.1459548
0.7659022 0.050513 0.0008196606 0.1827651
0.7655581 0.05048767 0.005064506 0.1788897
0.7765147 0.05561079 0.001039459 0.166835
0.7883181 0.05598702 0.0004453899 0.1552495
0.7991552 0.04750821 0.001238245 0.1520983
0.8258164 0.03791642 0.0009029265 0.1353642
0.7910143 0.05679772 0.00707286 0.1451151
0.7761262 0.04265719 0.0002588623 0.1809577
0.7809574 0.04563619 0.0017551 0.1716513
0.7933592 0.04927806 0.001501503 0.1558612
0.7516813 0.06294481 0.001066554 0.1843073
0.7821846 0.06476741 0.002487935 0.1505601
0.7829254 0.04596582 0.001703418 0.1694053
0.8103175 0.03840855 0.0003571757 0.1509168
0.7723468 0.05739691 0.001322046 0.1689342
0.7692337 0.05800397 0.0006125057 0.1721498
0.7591373 0.05312904 0.008284489 0.1794491
0.7816258 0.05651654 0.000274155 0.1615835
0.752734 0.06197339 0.0009063404 0.1843863
0.7914696 0.04378055 0.00126231 0.1634875
0.7706734 0.05468167 0.003706721 0.1709382
0.7626975 0.05393577 0.001753586 0.1816132
0.7745113 0.0603295 0.0002453116 0.1649138
0.7961851 0.05533359 0.0003463168 0.148135
0.7680054 0.05531648 0.001314803 0.1753633
0.7743111 0.0459081 0.0005843938 0.1791964
0.7913654 0.05360818 0.0005674075 0.154459
0.7671382 0.05001187 0.003043302 0.1798066
0.7729652 0.0611016 0.001747609 0.1641856
0.7800003 0.05524623 0.004565863 0.1601876
0.7660955 0.0559281 0.0002033519 0.1777731
0.7659922 0.04894814 0.0008589284 0.1842007
0.7678325 0.05378179 0.002684925 0.1757008
0.7484696 0.05712075 0.0001261669 0.1942835
0.8015503 0.05043035 0.002085868 0.1459335
0.7538092 0.05384125 0.001399974 0.1909496
0.7703908 0.05343379 0.000277753 0.1758976
0.7687188 0.05053713 0.01980562 0.1609385
0.7681356 0.0566427 0.0006794391 0.1745423
0.7821351 0.05252785 0.007761431 0.1575756
0.7800759 0.04905347 1.773794e-06 0.1708689
0.7791194 0.06263516 2.20559e-05 0.1582234
0.7844461 0.04932176 3.438949e-05 0.1661977
0.7729672 0.05716498 6.914097e-05 0.1697986
0.7669923 0.05970195 0.0008130263 0.1724927
0.7454048 0.07156797 0.002754496 0.1802727
0.7830706 0.05584574 0.001156049 0.1599276
0.7804317 0.04783193 0.0005170247 0.1712193
0.7796092 0.05266594 0.002832212 0.1648926
0.7655815 0.05636352 0.001022483 0.1770325
0.808954 0.04694551 0.0002249203 0.1438756
0.794836 0.05175918 0.0009190684 0.1524858
0.7842487 0.05959384 0.0006312741 0.1555262
0.7832562 0.06356592 0.001666321 0.1515115
0.7812201 0.06365498 0.001436124 0.1536888
0.7667012 0.05849567 0.000177169 0.1746259
0.7880252 0.0518933 0.0007544876 0.159327
0.7862445 0.0434607 0.0003135848 0.1699812
0.7739905 0.03544352 0.005875253 0.1846908
0.7701732 0.06457603 0.0002786272 0.1649721
0.7981291 0.05743416 0.001755002 0.1426817
0.7710874 0.05977544 0.0004613983 0.1686757
0.7651755 0.0639944 0.002547003 0.1682831
0.7651316 0.05833095 0.001132962 0.1754045
0.7939854 0.04866222 0.001132808 0.1562196
0.7823901 0.04944774 0.000945846 0.1672163
0.782101 0.05112583 7.052039e-05 0.1667026
0.7840408 0.05340374 5.182601e-05 0.1625036
0.7745142 0.04998429 0.0001126573 0.1753889
0.7715823 0.04746626 0.00620056 0.1747509
0.7842024 0.0515956 0.0004794308 0.1637225
0.7784075 0.05769743 0.000406008 0.1634891
0.7791512 0.04358014 0.004049485 0.1732192
0.8113201 0.05230622 0.0006823718 0.1356913
0.7945134 0.04603074 0.003933355 0.1555225
0.7853883 0.06253718 0.0008355806 0.151239
0.7811502 0.04410403 0.0004954902 0.1742502
0.7839504 0.05920514 4.826492e-05 0.1567962
0.774659 0.06178702 0.003185584 0.1603684
0.7809159 0.05566461 0.0007295275 0.16269
0.7751697 0.05607616 0.0008078189 0.1679463
0.7907124 0.04942176 0.00291281 0.156953
0.7897448 0.05085073 0.001178705 0.1582257
0.7699831 0.06030299 0.0004674444 0.1692465
0.781604 0.05138195 0.0005884121 0.1664256
0.8160983 0.04094409 0.001286926 0.1416707
0.7694163 0.06673698 0.000571341 0.1632754
0.7544812 0.05793492 0.0006711565 0.1869127
0.7828506 0.05873212 0.001184834 0.1572325
0.7788907 0.05375191 0.0004215921 0.1669358
0.7620602 0.06193507 0.0003580573 0.1756466
0.7719132 0.05055444 0.0001156953 0.1774167
0.7524179 0.07046751 0.001023804 0.1760907
0.7937617 0.04972308 0.003779546 0.1527356
0.7973984 0.05431176 0.003111561 0.1451783
0.7713821 0.04944594 0.003611466 0.1755605
0.8073966 0.04932194 0.0005871198 0.1426944
0.7944693 0.03494081 0.002827072 0.1677628
0.7652873 0.05953484 0.01933069 0.1558472
0.7848195 0.05244315 0.002637436 0.1601
0.7941283 0.04519708 0.0001719021 0.1605027
0.7559451 0.0589584 0.0003324117 0.1847641
0.7900846 0.06036847 0.0008384554 0.1487084
0.7763278 0.05885506 0.0005554462 0.1642617
0.7831881 0.05868976 0.0006237701 0.1574984
0.7655159 0.06268405 0.0001978882 0.1716022
0.7759213 0.04588439 0.001175516 0.1770188
0.7888208 0.04239625 0.001885995 0.1668969
0.7825549 0.05557892 0.001065124 0.160801
0.7907796 0.06284359 0.002037088 0.1443397
0.7703637 0.05572785 0.0009178538 0.1729906
0.7726741 0.05016718 0.001164404 0.1759943
0.7714866 0.06245366 0.0009434235 0.1651163
0.8020888 0.05123127 0.002862561 0.1438173
0.805796 0.0429217 0.0002296058 0.1510527
0.7713247 0.0551297 0.0009471782 0.1725984
0.7573326 0.05333297 0.0003950216 0.1889394
0.7853574 0.05480256 0.0004620016 0.1593781
0.7888655 0.05210151 0.004536295 0.1544967
0.7874708 0.05885668 0.0005223077 0.1531502
0.7978002 0.0445649 0.0007166315 0.1569182
0.7653004 0.05597911 0.0004295259 0.178291
0.7799375 0.04789868 0.001260573 0.1709032
0.7711116 0.06337769 0.002662554 0.1628481
0.7810457 0.04752335 0.001918231 0.1695127
0.7944036 0.05680763 3.237405e-05 0.1487564
0.7729501 0.06120184 0.0002811578 0.1655669
0.7961949 0.04602227 0.000447758 0.1573351
0.7882401 0.06007024 0.0006758608 0.1510138
0.7840282 0.04603767 0.001464548 0.1684696
0.7845608 0.05352684 0.0006624064 0.1612499
0.7717389 0.05195879 0.002612019 0.1736903
0.7799171 0.05424788 0.001704831 0.1641302
0.7825335 0.05651138 0.0001744292 0.1607807
0.7931577 0.0518597 0.0001978798 0.1547847
0.7714242 0.06102515 0.003087289 0.1644634
0.7994132 0.04460959 0.0003499735 0.1556272
0.783343 0.04979226 0.001657228 0.1652075
0.7742987 0.0539972 0.005985508 0.1657185
0.7467056 0.07229615 0.002711953 0.1782863
0.7888927 0.04792931 0.0001056022 0.1630724
0.7916484 0.05485673 0.001452486 0.1520424
0.7935461 0.04861586 0.0008010587 0.157037
0.7919341 0.04753152 0.002831687 0.1577027
0.8080297 0.05172596 0.002460983 0.1377834
0.7785089 0.05017717 0.01546402 0.1558499
0.7830649 0.05444742 0.001618698 0.160869
0.7603403 0.06120609 0.003499245 0.1749543
0.7800965 0.05831293 0.0002557244 0.1613349
0.7790583 0.05791002 0.004418008 0.1586136
0.7928572 0.03689424 0.003400823 0.1668477
0.7602392 0.05487767 0.002635061 0.1822481
0.79478 0.05491959 0.002405597 0.1478948
0.7682497 0.06105568 0.00301164 0.1676829
0.7811035 0.05840909 0.0001165036 0.1603709
0.7785206 0.04721896 0.006503398 0.167757
0.7585032 0.05884467 7.398874e-05 0.1825781
0.7861017 0.04245673 0.001002899 0.1704387
0.8014608 0.05092608 0.004390503 0.1432226
0.7741612 0.05391435 0.0003490431 0.1715754
0.768247 0.05376349 0.001579488 0.17641
0.7798108 0.04230255 0.0007424946 0.1771441
0.7995761 0.04737749 7.749254e-05 0.1529689
0.7768586 0.05743073 0.0001651864 0.1655455
0.7837792 0.0420358 0.008254595 0.1659304
0.7832633 0.04697696 0.00250919 0.1672505
0.763242 0.07020761 0.0009287585 0.1656217
0.7828008 0.0459182 6.370667e-05 0.1712173
0.7726366 0.05816605 0.001017768 0.1681796
0.7849576 0.04652298 0.005640886 0.1628785
0.7800494 0.05038516 0.0005430578 0.1690224
0.7958927 0.04648662 0.001233172 0.1563875
0.7607786 0.0422083 0.001792865 0.1952203
0.7783855 0.05957227 0.001904431 0.1601378
0.7854522 0.05079614 0.005652186 0.1580995
0.7753466 0.06612826 0.003864497 0.1546606
0.7748778 0.06006478 0.0001348629 0.1649225
0.7791765 0.05033597 0.001642624 0.1688449
0.7901526 0.04976688 0.005307817 0.1547728
0.8049957 0.05492364 0.0006945356 0.1393861
0.7811267 0.06740454 0.00346909 0.1479997
0.7769914 0.04335567 0.0001031358 0.1795498
0.7853378 0.04846435 0.0001334376 0.1660644
0.7745826 0.05865825 0.001392287 0.1653669
0.7912932 0.05475906 0.002675543 0.1512722
0.7907217 0.04818257 0.001262143 0.1598336
0.7859264 0.04779991 0.001416898 0.1648568
0.7749583 0.04956532 0.0007055463 0.1747708
0.7803079 0.05125869 0.004009798 0.1644236
0.8101975 0.04744645 0.001040881 0.1413151
0.7665322 0.05968441 9.403151e-05 0.1736893
0.789286 0.04890957 0.00509853 0.1567059
0.7906784 0.05578924 0.004940978 0.1485913
0.7813134 0.0580155 0.001336907 0.1593342
0.7559378 0.05860667 4.241831e-05 0.1854131
0.7829101 0.05084764 0.0002977871 0.1659445
0.7802919 0.06247913 0.0001281256 0.1571008
0.7706839 0.04688453 0.00252856 0.179903
0.7644303 0.06630634 0.0005273646 0.168736
0.7751448 0.06674832 0.00446414 0.1536427
0.7845902 0.04825801 0.0003335014 0.1668183
0.7904743 0.04909213 0.00296011 0.1574735
0.7819678 0.05753401 0.0008793227 0.1596189
0.7949664 0.05423287 0.005986142 0.1448146
0.7752621 0.05260549 0.009372927 0.1627595
0.7972751 0.05189629 0.004406222 0.1464224
0.7795067 0.05638186 0.001579889 0.1625316
0.7749547 0.05724155 0.0008129647 0.1669908
0.7675464 0.0389929 0.0004208033 0.1930398
0.7894405 0.05046722 0.0005196761 0.1595726
0.8003441 0.05012678 0.001374783 0.1481543
0.7729748 0.05720159 0.0001503582 0.1696732
0.7635194 0.05647509 7.715918e-05 0.1799284
0.7727254 0.06013963 0.001236803 0.1658982
0.77825 0.04629326 0.001779626 0.1736771
0.7899577 0.04511223 0.0007886642 0.1641414
0.7830982 0.05612882 0.001159579 0.1596134
0.7816338 0.05820045 0.0001198691 0.1600459
0.7722741 0.0548894 0.003529592 0.1693069
0.7747726 0.06211926 0.003213886 0.1598943
0.7894844 0.04851439 0.001174871 0.1608264
0.8037861 0.050305 0.002040342 0.1438685
0.7869066 0.04783507 0.0007994561 0.1644589
0.7607135 0.07007147 0.0008888792 0.1683261
0.7812734 0.05077318 0.007015279 0.1609382
0.8051135 0.05336609 0.001553916 0.1399665
0.7963999 0.05341382 0.003335881 0.1468504
0.7619221 0.06248717 0.003969307 0.1716214
0.7734507 0.05734834 0.004192167 0.1650087
0.7753907 0.05301247 0.005431407 0.1661654
0.7793253 0.0492562 0.0110574 0.1603611
0.7855199 0.04877023 0.004728839 0.160981
0.7695944 0.05051312 0.002604926 0.1772876
0.7805657 0.05892944 0.0001226399 0.1603822
0.7946203 0.05495467 0.001015806 0.1494092
0.7869996 0.05908716 0.0007081109 0.1532051
0.7804708 0.05763176 0.004018869 0.1578785
0.7648632 0.07131902 0.002736893 0.1610809
0.7946189 0.05378004 0.02557355 0.1260275
0.7718634 0.05439221 0.001237843 0.1725066
0.7538573 0.05374699 0.0003616385 0.1920341
0.7793439 0.05686222 0.0005490796 0.1632448
0.7774659 0.05303166 0.009215469 0.160287
0.7766715 0.06005128 0.002965178 0.160312
0.7627357 0.0720405 0.00316222 0.1620616
0.7704327 0.06225649 0.0001871295 0.1671236
0.7811319 0.04754846 0.0007139149 0.1706058
0.7967869 0.04584904 0.0005392512 0.1568248
0.7581668 0.05817331 0.002494593 0.1811653
0.791795 0.0492252 0.001418095 0.1575617
0.7787702 0.05765746 0.0003176451 0.1632547
0.794956 0.05083889 0.0009262916 0.1532788
0.7648305 0.05791177 0.000113166 0.1771445
0.7787292 0.05005628 0.0001862059 0.1710284
0.7859482 0.04081737 2.165374e-06 0.1732323
0.7709777 0.06565123 0.004380577 0.1589905
0.7552156 0.06651197 0.0007854474 0.177487
0.7720419 0.05588674 0.005551962 0.1665194
0.7782136 0.05282755 0.007171465 0.1617874
0.7673207 0.05920368 0.002997205 0.1704785
0.7950942 0.04272128 0.003957329 0.1582272
0.8022335 0.05503495 0.0003946229 0.1423369
0.7603016 0.06763147 0.002450467 0.1696165
0.7714052 0.05147852 0.003931489 0.1731847
0.7821639 0.04820371 0.0007752713 0.1688571
0.7774334 0.05877197 0.004484421 0.1593102
0.8070652 0.04706668 0.002186892 0.1436812
0.775053 0.0441134 0.001071265 0.1797624
0.7715099 0.07155092 0.0002140588 0.1567251
0.7631171 0.05313763 0.0003457519 0.1833995
0.7844114 0.04875969 0.0002121737 0.1666167
0.7544978 0.06672404 0.001571258 0.1772069
0.7987282 0.0444157 0.0007758074 0.1560803
0.7494275 0.05392129 7.248828e-05 0.1965787
0.7854055 0.04694856 0.0002558791 0.16739
0.774396 0.05240088 0.0006488157 0.1725543
0.7929195 0.04577621 0.001190088 0.1601143
0.8024549 0.04138709 3.825391e-05 0.1561198
0.7664284 0.04835862 0.003256508 0.1819564
0.7725797 0.0579142 0.004542078 0.164964
0.755066 0.06620874 0.0003968153 0.1783284
0.7702034 0.05394941 0.006810024 0.1690372
0.793563 0.05750807 0.00120304 0.1477259
0.7714383 0.05063835 4.749358e-05 0.1778758
0.7759784 0.05736001 0.0001983379 0.1664633
0.7519004 0.04096357 0.003359868 0.2037762
0.7676652 0.06661993 0.001697635 0.1640172
0.7789027 0.0476355 0.002853262 0.1706085
0.7947533 0.05309333 0.0006574373 0.1514959
0.7808606 0.04839024 0.003291588 0.1674576
0.7783789 0.05012545 0.001746115 0.1697496
0.7556705 0.06528204 0.002322644 0.1767248
0.7634712 0.06619938 0.0006454394 0.169684
0.7687803 0.05324844 0.0001330564 0.1778382
0.7789338 0.05974748 0.0004935172 0.1608252
0.772691 0.06754331 0.00392917 0.1558365
0.765652 0.04793294 0.0008779102 0.1855371
0.7818209 0.04665464 0.00347081 0.1680536
0.7892137 0.04280441 0.002469345 0.1655125
0.7853789 0.05205816 0.0004463046 0.1621166
0.757704 0.05601828 0.003243308 0.1830344
0.7777775 0.04222986 0.004783945 0.1752087
0.7931396 0.04342555 0.001318377 0.1621165
0.7767344 0.05033068 0.0004162358 0.1725187
0.7614506 0.06397289 0.005741753 0.1688347
0.7682468 0.0644229 0.0003409318 0.1669893
0.7879993 0.05204928 0.001927129 0.1580243
0.7828077 0.06266256 0.005232425 0.1492973
0.8104298 0.0464228 0.0001856572 0.1429617
0.7602104 0.06156853 0.003222878 0.1749982
0.7636863 0.049144 0.01020885 0.1769609
0.8025143 0.04798965 0.001629416 0.1478667
0.7910424 0.04468547 0.001243073 0.163029
0.7664592 0.06754576 0.004071795 0.1619233
0.7959833 0.04254536 0.002361548 0.1591098
0.7926525 0.04229982 0.0009854264 0.1640622
0.774634 0.05823726 0.006684611 0.1604441
0.7936439 0.05209979 0.0004780009 0.1537783
0.7741767 0.06131624 0.0005450127 0.163962
0.7906614 0.05032088 0.0008170982 0.1582007
0.7746204 0.06276117 0.002468025 0.1601504
0.7760852 0.04132485 0.001200687 0.1813892
0.7748282 0.0589456 0.001216325 0.1650099
0.7807854 0.05367125 0.0008986128 0.1646448
0.7450344 0.05743029 0.0007184635 0.1968168
0.767161 0.0445339 0.0035038 0.1848013
0.7784095 0.05068394 0.0003655146 0.1705411
0.7765531 0.07023016 0.0001940442 0.1530227
0.7468866 0.05797542 0.0003596947 0.1947783
0.7764141 0.04786662 0.001296009 0.1744232
0.7702234 0.06348276 0.0009476092 0.1653462
0.7744963 0.05601281 0.001971006 0.1675199
0.7807541 0.05357547 0.007668393 0.158002
0.7776759 0.05292674 0.0006612033 0.1687362
0.8104521 0.03970795 0.001667557 0.1481724
0.8030692 0.05291288 0.001161363 0.1428566
0.7714214 0.05343497 0.0004937874 0.1746499
0.783462 0.05728727 0.00536263 0.1538881
0.7683863 0.05848166 0.001088327 0.1720437
0.7884681 0.052238 0.01712597 0.142168
0.790555 0.04095096 0.003921518 0.1645725
0.7931363 0.05265875 0.0003463017 0.1538586
0.7807202 0.05867773 0.000231868 0.1603702
0.7879457 0.05900133 0.0005177049 0.1525353
0.7939119 0.04639765 0.000275455 0.159415
0.7565923 0.0691365 0.001636013 0.1726351
0.7828359 0.05803647 0.004597545 0.15453
0.7846118 0.05621188 0.001187379 0.1579889
0.7814237 0.06242578 0.001601727 0.1545488
0.8035066 0.05113559 0.006047347 0.1393105
0.7828224 0.04987818 0.002961807 0.1643377
0.7624793 0.06799828 0.00153854 0.1679839
0.7640168 0.06824487 0.002339374 0.165399
0.7816088 0.04974023 0.008141678 0.1605093
0.7922822 0.05757061 0.0008910159 0.1492561
0.782114 0.06392727 0.0006193227 0.1533395
0.7722933 0.04937821 0.000879589 0.1774489
0.7912204 0.04530159 0.001317653 0.1621603
0.7648977 0.06407658 9.2344e-05 0.1709334
0.7858852 0.05618051 0.0003056346 0.1576287
0.793925 0.05364711 0.00390751 0.1485204
0.7750418 0.05179317 0.01484316 0.1583219
0.7732794 0.05659655 0.0001398907 0.1699841
0.779554 0.0538115 0.01180468 0.1548298
0.7902939 0.05625692 0.0003540466 0.1530951
0.7745664 0.05857746 0.0005433018 0.1663129
0.800265 0.05887129 4.003803e-05 0.1408237
0.7734404 0.05507296 0.0001725044 0.1713141
0.753575 0.05979553 0.003578657 0.1830509
0.7993323 0.04183797 0.001628697 0.1572011
0.7867993 0.05065678 0.001629828 0.1609141
0.753065 0.06724214 0.0004212216 0.1792716
0.7988305 0.04445053 0.0008598386 0.1558591
0.7975082 0.05425291 0.001079146 0.1471597
0.7775149 0.05059647 0.001657934 0.1702307
0.8012384 0.04017248 0.000724186 0.1578649
0.7832537 0.05056136 0.003148805 0.1630362
0.7781584 0.06348909 0.002317174 0.1560353
0.8050673 0.0531803 0.0003494021 0.1414029
0.7799991 0.05128168 0.003136148 0.1655831
0.7943223 0.04924303 0.0006588475 0.1557758
0.7960677 0.03447094 0.001181538 0.1682799
0.796828 0.04172585 0.0001479071 0.1612983
0.7760667 0.05388148 0.001347222 0.1687046
0.7907369 0.05500185 0.03958809 0.1146731
0.788974 0.05459525 7.6534e-05 0.1563542
0.7670116 0.05547743 0.001035449 0.1764756
0.7942167 0.05947489 0.0003724168 0.145936
0.7934302 0.03859361 0.004000988 0.1639752
0.7781395 0.05184669 0.003655748 0.166358
0.7901359 0.04537361 0.0002983704 0.1641921
0.7870458 0.05001367 0.003236662 0.1597038
0.7798412 0.04760298 0.00152096 0.1710349
0.7747826 0.04759244 0.0008300563 0.176795
0.7732166 0.05056607 0.0009905662 0.1752268
0.8043337 0.05484162 0.0005380449 0.1402867
0.7739092 0.05308743 0.0009109749 0.1720924
0.8005699 0.05283376 7.755347e-05 0.1465188
0.7741486 0.04916134 0.0007289471 0.1759611
0.7839334 0.05530542 0.001877323 0.1588839
0.7675574 0.0598249 0.0004380457 0.1721796
0.754246 0.06123356 0.0001178268 0.1844026
0.7821759 0.059423 0.0003668184 0.1580343
0.7803842 0.06609329 5.894659e-05 0.1534635
0.7746113 0.05161281 0.0006293217 0.1731466
0.7917273 0.05310551 0.002564143 0.152603
0.7706747 0.04975779 0.009938668 0.1696288
0.7775725 0.06159299 0.006452138 0.1543823
0.7762256 0.05471241 0.002593661 0.1664684
0.7754588 0.06334624 0.003142347 0.1580526
0.7918986 0.05173359 6.187242e-05 0.156306
0.7922397 0.0490548 0.003903178 0.1548023
0.7883462 0.05212569 0.002502546 0.1570255
0.7605431 0.0649853 0.001285272 0.1731863
0.7853785 0.05086501 5.376953e-05 0.1637028
0.7880696 0.04862158 0.001809837 0.161499
0.7858081 0.05492726 0.002101422 0.1571632
0.7914792 0.04889618 0.0006086176 0.159016
0.7849995 0.04408688 7.103722e-05 0.1708426
0.8178587 0.04192134 0.000728069 0.1394918
0.7704358 0.04711276 0.003476334 0.1789751
0.7705202 0.06042253 0.001353674 0.1677036
0.7691363 0.05397815 0.0004354687 0.17645
0.809806 0.04962284 0.0004786788 0.1400925
0.7646311 0.05935287 0.003125584 0.1728904
0.758266 0.06451185 0.001304919 0.1759173
0.7932929 0.0564533 0.00190655 0.1483472
0.810802 0.0453142 0.000545385 0.1433384
0.7729754 0.05117046 0.00287336 0.1729808
0.7867991 0.04804953 0.0004746505 0.1646768
0.7937191 0.05515671 0.001232831 0.1498914
0.8005963 0.05357011 0.000116972 0.1457166
0.7830711 0.05986115 0.0003139335 0.1567538
0.7802221 0.05617599 0.0005189619 0.1630829
0.7465917 0.06092704 0.001490488 0.1909908
0.79475 0.03353792 0.002753516 0.1689586
0.7980152 0.05349956 0.002769093 0.1457161
0.7741192 0.06226795 0.001018662 0.1625942
0.7815209 0.04942153 0.001538092 0.1675195
0.752341 0.04165776 0.0002507456 0.2057505
0.7734775 0.05236656 0.002743231 0.1714128
0.7699361 0.06108357 0.001380579 0.1675997
0.7823112 0.04840403 0.001122198 0.1681626
0.7924213 0.04611495 0.001089796 0.160374
0.768068 0.05219335 0.00281862 0.17692
0.7856621 0.04991187 0.0004915528 0.1639345
0.7700228 0.05030496 0.0006600622 0.1790121
0.7915022 0.06115958 0.002135155 0.1452031
0.7764841 0.06155155 0.002897748 0.1590666
0.7651453 0.05773702 0.001421238 0.1756965
0.790873 0.05105001 0.00834815 0.1497288
0.7862311 0.05090693 0.00187379 0.1609882
0.8033888 0.06415041 9.557469e-06 0.1324513
0.7943264 0.05389363 0.00303853 0.1487414
0.7832165 0.05096801 0.0003057803 0.1655098
0.7877562 0.04442594 0.0004167015 0.1674011
0.7862882 0.06361299 0.001070045 0.1490287
0.8041097 0.05916449 0.001200215 0.1355256
0.7886892 0.05942994 6.65335e-05 0.1518143
0.7677505 0.06787748 0.0001627659 0.1642093
0.774165 0.06395808 0.00217336 0.1597036
0.7778036 0.04628954 3.692999e-05 0.17587
0.765044 0.05084341 0.005804669 0.178308
0.7679626 0.0619565 0.002108033 0.1679729
0.7654846 0.05973175 0.001335237 0.1734484
0.7834449 0.04815189 0.001792977 0.1666102
0.7632175 0.05891147 0.008682155 0.1691888
0.7706609 0.0432278 0.0006187272 0.1854925
0.773278 0.04923364 0.002310748 0.1751776
0.7641584 0.06456004 0.0003582115 0.1709233
0.7955096 0.05880519 0.001981797 0.1437034
0.761497 0.06574834 0.003138699 0.1696159
0.7662983 0.0603896 0.0009604263 0.1723517
0.7736548 0.05504823 0.002609527 0.1686874
0.7706963 0.06188254 0.0006036261 0.1668175
0.786586 0.04056091 0.002836988 0.1700161
0.7851719 0.05635261 0.001244286 0.1572312
0.7853259 0.05031391 5.614688e-05 0.1643041
0.7836908 0.06836038 0.000302983 0.1476459
0.7480881 0.07224617 0.0006342835 0.1790314
0.7653419 0.0633413 0.001295165 0.1700216
0.766507 0.06567013 0.001076412 0.1667465
0.7866118 0.0615846 0.001442934 0.1503607
0.7726328 0.05217714 0.002870758 0.1723193
0.7832286 0.05462455 0.0003839275 0.1617629
0.7828875 0.06586877 0.0002954757 0.1509483
0.7932841 0.05673366 0.005269851 0.1447124
0.8010337 0.04676576 0.002103121 0.1500974
0.7806851 0.05222103 0.0002892426 0.1668046
0.7785227 0.0556616 0.0005257838 0.16529
0.7718315 0.04462499 0.00452285 0.1790206
0.7667225 0.06251957 0.000863409 0.1698946
0.7993807 0.05729785 0.005432598 0.1378889
0.7921969 0.04213843 0.005558888 0.1601058
0.7666948 0.06381741 0.003884479 0.1656033
0.7747037 0.04489546 0.000838689 0.1795622
0.7604811 0.06562708 0.0007465838 0.1731453
0.78568 0.05315162 0.0004109532 0.1607574
0.7645501 0.05955256 0.001432723 0.1744647
0.8000855 0.05533455 0.0007110813 0.1438689
0.7615009 0.06038133 0.001043477 0.1770743
0.7804586 0.05649076 0.001021088 0.1620295
0.7856358 0.04989025 0.0003751391 0.1640988
0.7869873 0.0497553 0.003572933 0.1596845
0.7757268 0.05062232 0.004703486 0.1689474
0.80078 0.04515019 1.724691e-05 0.1540526
0.788898 0.05322297 0.0002387542 0.1576403
0.8106424 0.04463264 0.001670923 0.143054
0.7678836 0.04478884 0.002216694 0.1851108
0.7683586 0.05605038 0.00171825 0.1738727
0.7757413 0.05386709 0.0009388914 0.1694527
0.7692958 0.04979511 0.0005191972 0.1803899
0.784433 0.04859141 0.00207256 0.1649031
0.7868056 0.0561578 0.001352011 0.1556846
0.7961944 0.05572707 0.003395485 0.144683
0.7782886 0.05007338 0.005838169 0.1657999
0.771072 0.05616963 0.0009645584 0.1717938
0.8020256 0.05548572 7.357141e-05 0.1424151
0.772082 0.07071875 0.001705176 0.155494
0.7555844 0.06159515 0.001985365 0.1808351
0.764482 0.05325749 0.001451884 0.1808086
0.7783573 0.05116448 0.00614554 0.1643327
0.8030057 0.05421081 0.001668301 0.1411152
0.762839 0.06057959 0.002312191 0.1742692
0.7723873 0.0554302 0.001899928 0.1702826
0.7877246 0.05487052 0.003306753 0.1540982
0.7562946 0.06348124 0.001549246 0.1786749
0.7539054 0.05739448 0.0007953529 0.1879048
0.7954613 0.04909253 0.003716922 0.1517292
0.7840002 0.05528679 0.004070664 0.1566424
0.7604076 0.06145627 0.001530281 0.1766058
0.7742599 0.06276545 0.002159144 0.1608155
0.7656487 0.05578202 0.001350694 0.1772186
0.7935674 0.04908454 0.001696148 0.1556519
0.7813106 0.05711963 0.0001510806 0.1614187
0.774763 0.05069331 0.000564145 0.1739795
0.7913081 0.05515847 7.825455e-05 0.1534552
0.7698218 0.05311018 0.00241044 0.1746576
0.7663125 0.05697285 0.02208217 0.1546325
0.7749876 0.04930002 0.004076746 0.1716357
0.7863489 0.04995409 0.007450289 0.1562467
0.7727058 0.05289077 0.001178613 0.1732249
0.7779306 0.05529002 0.001354728 0.1654247
0.7860751 0.05132125 0.0006311518 0.1619725
0.7824539 0.0547879 0.003754396 0.1590038
0.7878589 0.06139567 0.0007010373 0.1500444
0.7915407 0.04280263 0.002621417 0.1630353
0.7621205 0.05195918 5.150813e-05 0.1858688
0.7715325 0.05910147 0.0005801185 0.1687859
0.7354289 0.06942655 0.0003139018 0.1948306
0.7682995 0.05544155 0.002948176 0.1733107
0.7407602 0.05826583 0.003062081 0.1979119
0.7980886 0.0566598 2.809035e-05 0.1452235
0.7510487 0.05500608 0.003985488 0.1899598
0.7694619 0.05438607 0.0001642535 0.1759878
0.7631199 0.05794594 0.001274745 0.1776594
0.7746714 0.05720725 0.001344132 0.1667772
0.7991402 0.0566266 0.0004188677 0.1438143
0.7837918 0.04228333 0.003138561 0.1707863
0.7686973 0.04767292 0.002542287 0.1810874
0.7560403 0.06904359 0.001888866 0.1730272
0.7690145 0.06251679 0.002950443 0.1655182
0.7735896 0.05230923 5.511123e-05 0.1740461
0.7813222 0.04539824 0.001037874 0.1722417
0.8010847 0.04952161 0.001522836 0.1478708
0.781903 0.04897176 0.0003866303 0.1687386
0.7762314 0.06232009 0.0009708737 0.1604776
0.7881212 0.05112639 0.001069361 0.1596831
0.7817447 0.06383159 0.002014956 0.1524088
0.7634563 0.08074064 0.0002134009 0.1555896
0.7670545 0.0502399 0.0005497771 0.1821558
0.7835867 0.05354508 0.0009742588 0.1618939
0.7797459 0.05879243 0.0009253682 0.1605363
0.7860543 0.05517484 0.0005225488 0.1582483
0.7729264 0.05919904 0.006134495 0.1617401
0.7741434 0.05093219 0.0005190633 0.1744053
0.7853821 0.04671071 0.001500469 0.1664067
0.8097614 0.05003949 0.0004599079 0.1397392
0.7932707 0.05093282 0.001227446 0.154569
0.7777318 0.06274182 0.0006448365 0.1588815
0.7858335 0.0462345 0.0003529838 0.167579
0.7815054 0.06009322 0.0003526773 0.1580487
0.7794887 0.05119843 3.770822e-05 0.1692752
0.7880711 0.05208952 1.353015e-05 0.1598259
0.7681001 0.06085009 0.001693158 0.1693567
0.7375396 0.06822686 4.809674e-05 0.1941854
0.779308 0.04147206 0.009545474 0.1696745
0.7627366 0.06011766 0.002961079 0.1741846
0.7812187 0.04176386 0.001956385 0.1750611
0.7619339 0.04559359 0.001330557 0.191142
0.7865568 0.04757484 0.002124592 0.1637438
0.7828304 0.03946855 0.001485449 0.1762156
0.7885208 0.05617549 0.0005558958 0.1547478
0.7788193 0.04990727 0.0008388853 0.1704345
0.7805668 0.04986581 0.0006328087 0.1689346
0.7722711 0.05115615 0.00123364 0.1753391
0.8028568 0.0462068 0.004738585 0.1461978
0.7763064 0.05317457 0.0001839117 0.1703351
0.7948668 0.04334659 0.008244308 0.1535423
0.7657604 0.05752255 0.001651668 0.1750654
0.7708699 0.04815191 0.001762541 0.1792157
0.7639651 0.05553176 0.0001912122 0.1803119
0.7704212 0.06262975 0.0008440453 0.166105
0.8017929 0.0447698 0.002027991 0.1514093
0.8026177 0.03924239 0.0007228223 0.1574171
0.7768132 0.06263167 0.000779751 0.1597754
0.7743046 0.05658218 0.00120763 0.1679055
0.8034691 0.05044183 0.0004967158 0.1455924
0.7618582 0.06790784 0.002539358 0.1676946
0.779732 0.05954542 0.001977157 0.1587454
0.7891935 0.04872269 0.003622794 0.158461
0.7707593 0.06127834 0.004823013 0.1631394
0.7606168 0.05484755 8.533189e-05 0.1844503
0.7835558 0.05439893 0.0002315056 0.1618138
0.7748175 0.05992443 0.0007615941 0.1644965
0.7811117 0.04970459 0.002818231 0.1663655
0.7928492 0.04425675 0.0007256189 0.1621685
0.803765 0.03834297 0.0009602835 0.1569318
0.7852804 0.04559781 0.0003012196 0.1688205
0.7678807 0.06412464 0.001298162 0.1666965
0.7715139 0.05605226 0.0005766307 0.1718572
0.7792343 0.04971798 0.0002928503 0.1707549
0.762971 0.06801422 0.001823568 0.1671912
0.7687874 0.05548005 0.0006357044 0.1750969
0.7866955 0.05362328 0.0003756806 0.1593055
0.7775045 0.05523573 0.002456521 0.1648033
0.8046703 0.05101842 0.003678886 0.1406324
0.7899189 0.0450809 0.00419124 0.160809
0.7629619 0.05658689 0.009254006 0.1711972
0.7576094 0.0626521 0.001084969 0.1786535
0.7753671 0.05712496 0.0008533049 0.1666547
0.7927437 0.04651484 0.0006625851 0.1600788
0.7805331 0.06204102 8.246011e-05 0.1573435
0.7835337 0.05164744 0.0008417364 0.1639771
0.7837234 0.05902623 0.01204539 0.145205
0.7781257 0.06462304 0.002717362 0.1545339
0.7950895 0.04702075 0.00079403 0.1570957
0.7899621 0.05473452 0.00189971 0.1534037
0.770657 0.061406 0.002673744 0.1652633
0.7833448 0.05616047 0.0007039053 0.1597909
0.78139 0.05241851 0.004934053 0.1612574
0.7574516 0.06969835 0.0006515702 0.1721985
0.759724 0.06455853 0.003921397 0.1717961
0.7877897 0.03958558 0.0005346934 0.17209
0.7628426 0.05947128 0.001269673 0.1764165
0.7749015 0.05004809 0.000191908 0.1748584
0.7737869 0.04738935 0.0002379882 0.1785858
0.7979687 0.04904744 0.002622203 0.1503616
0.7742946 0.05763476 0.001581505 0.1664891
0.7823997 0.04702605 0.007180183 0.1633941
0.7650054 0.0627389 0.00598242 0.1662733
0.77763 0.05136431 0.0003385891 0.1706671
0.7621541 0.06670316 0.002188693 0.1689541
0.781968 0.05111811 0.003360271 0.1635536
0.769727 0.05502748 0.000495968 0.1747495
0.7849087 0.04546859 0.00394346 0.1656792
0.79306 0.05332398 0.001554537 0.1520615
0.7828341 0.05968785 0.0009093548 0.1565687
0.7856444 0.03996405 0.0002139765 0.1741776
0.7862564 0.04339933 0.000829302 0.1695149
0.7652017 0.05804695 0.001716007 0.1750353
0.7962799 0.04138057 8.340396e-05 0.1622562
0.7810267 0.04977346 0.01712695 0.1520729
0.784013 0.05805944 0.0004813716 0.1574461
0.7700462 0.05731788 0.001496052 0.1711399
0.7768774 0.05280796 0.0005134985 0.1698011
0.7853144 0.05311731 0.003166025 0.1584023
0.7807036 0.05000504 0.0002048964 0.1690864
0.781674 0.05091199 0.003967727 0.1634463
0.7712598 0.05786259 0.0002069779 0.1706706
0.7985119 0.05481419 0.001494675 0.1451792
0.7713724 0.04551306 0.0003061257 0.1828084
0.7610712 0.05712478 0.000368655 0.1814354
0.7816549 0.06274368 1.120341e-05 0.1555902
0.8048419 0.04968151 0.0006484187 0.1448282
0.7692729 0.04772797 0.006942007 0.1760571
0.7773938 0.05135145 0.0006501741 0.1706045
0.7863618 0.0461407 0.002871809 0.1646257
0.7824045 0.05261675 0.0011104 0.1638684
0.8064428 0.04594291 0.001968428 0.1456458
0.7696427 0.06440781 0.003441364 0.1625081
0.7701727 0.06592545 0.0002445676 0.1636573
0.7642797 0.05683283 0.0003337855 0.1785536
0.7934525 0.04734887 0.000467684 0.1587309
0.7727911 0.04183791 0.006157425 0.1792135
0.7632847 0.0575184 0.008202878 0.170994
0.7895275 0.04325347 0.01143849 0.1557805
0.7790813 0.0623385 0.009156577 0.1494236
0.7638491 0.05981283 0.005582555 0.1707555
0.8037676 0.05059193 0.000470861 0.1451696
0.7636969 0.05707695 0.002086528 0.1771396
0.7569523 0.065808 0.008927548 0.1683121
0.7736499 0.05151846 0.0002017372 0.1746299
0.7770486 0.05902105 0.002572597 0.1613578
0.7676092 0.06400138 0.007821169 0.1605683
0.8012892 0.05137966 0.001303863 0.1460273
0.7854613 0.04927731 0.0002418307 0.1650196
0.7949103 0.04729341 0.002070705 0.1557256
0.7905092 0.05071398 0.001991609 0.1567852
0.7736912 0.05101254 0.001703565 0.1735927
0.8014305 0.04568705 0.0004149421 0.1524675
0.7878577 0.04839317 0.001346529 0.1624026
0.78086 0.05506534 0.0003900671 0.1636845
0.7692775 0.05863881 0.006719664 0.165364
0.8083294 0.04871932 0.005388082 0.1375632
0.7962161 0.05428263 0.001838515 0.1476628
0.7610209 0.05328871 0.002643471 0.183047
0.7889881 0.05077539 0.002049201 0.1581873
0.7656073 0.05457815 0.000320242 0.1794943
0.7837771 0.0569234 0.0002999926 0.1589995
0.7756941 0.0430435 6.40619e-05 0.1811983
0.7759408 0.04747305 0.0007504294 0.1758357
0.7902782 0.05184579 0.003069591 0.1548065
0.7829428 0.06102526 0.001581787 0.1544501
0.7730048 0.05613347 0.001923931 0.1689378
0.782859 0.04337206 0.003942526 0.1698264
0.7847174 0.04325616 0.001868337 0.1701581
0.7950114 0.05040003 0.0003624826 0.154226
0.8048188 0.04394102 0.0008860101 0.1503542
0.7828307 0.05486088 0.003100333 0.1592081
0.7475322 0.05980298 0.0001466004 0.1925183
0.7839762 0.06735514 0.0005002997 0.1481683
0.7677481 0.0568369 0.007870619 0.1675444
0.77851 0.04815747 0.0005016223 0.1728309
0.7927507 0.04561464 0.001431217 0.1602035
0.7720281 0.05882915 0.00275669 0.1663861
0.7709863 0.06098265 0.0005014906 0.1675296
0.8028788 0.04798646 0.0002468269 0.1488879
0.7692304 0.0683643 0.00026917 0.1621362
0.8002574 0.05047931 0.005369971 0.1438934
0.7442327 0.07547695 0.002692888 0.1775975
0.787044 0.04372626 0.003075769 0.166154
0.7816288 0.03903595 0.001111237 0.178224
0.7809928 0.05630368 0.0004764708 0.1622271
0.7723726 0.0638599 0.001438232 0.1623293
0.7814514 0.05600091 0.0007326121 0.161815
0.7782316 0.0541641 8.44221e-05 0.1675199
0.7890009 0.05146797 0.003335217 0.1561959
0.7694354 0.05926483 0.002125651 0.1691741
0.7826255 0.06087915 0.0001002655 0.1563951
0.7771809 0.05676613 0.007197592 0.1588553
0.778655 0.06469483 0.0003824443 0.1562678
0.7909234 0.04857504 0.00107251 0.1594291
0.7612693 0.06191479 0.002660426 0.1741555
0.8024869 0.04456044 0.00399899 0.1489536
0.7585971 0.05725933 0.000626541 0.183517
0.8005513 0.04557011 0.001732508 0.1521461
0.7715309 0.06471429 0.0002224466 0.1635323
0.7541334 0.0623912 0.003660277 0.1798151
0.7777515 0.06562101 0.002607211 0.1540203
0.7753498 0.05000667 0.002079389 0.1725641
0.7823448 0.0560625 0.0003892074 0.1612035
0.7716486 0.0691012 0.0001953453 0.1590549
0.7890145 0.04634759 0.0001879133 0.16445
0.7730155 0.05667449 0.0007764952 0.1695335
0.773582 0.06529672 0.0008096352 0.1603116
0.7691838 0.0543043 0.001273369 0.1752386
0.7748238 0.04658917 0.00247269 0.1761143
0.7997092 0.04824687 0.0002185142 0.1518254
0.7876971 0.04765159 0.00756502 0.1570863
0.7563407 0.06161289 0.00368026 0.1783661
0.7568094 0.06449147 0.0005263671 0.1781727
0.7859169 0.05628805 0.0001221045 0.157673
0.8114376 0.05167995 0.005294055 0.1315884
0.7660327 0.04961062 0.01259618 0.1717605
0.7555922 0.0574087 0.001192715 0.1858064
0.7813492 0.05477419 0.0006434051 0.1632332
0.784063 0.05848629 0.003902733 0.153548
0.7705548 0.05821571 8.107598e-05 0.1711484
0.7836021 0.0487864 0.002095051 0.1655164
0.7773864 0.07074734 0.001643255 0.150223
0.7952402 0.04173516 0.004855756 0.1581689
0.7934309 0.05336851 0.0009282333 0.1522723
