"p_1" "p_2" "p_3" "p_4"
0.004690706 0.1534217 0.05367718 0.7882104
0.007734623 0.167957 0.05578798 0.7685204
0.001665966 0.1525913 0.05443483 0.7913079
0.002426523 0.1671093 0.05938472 0.7710795
0.007506973 0.1707072 0.05452947 0.7672563
0.002773525 0.1500289 0.04301132 0.8041863
0.006515284 0.1618306 0.06709677 0.7645574
0.004508462 0.1460852 0.05583459 0.7935717
0.01045118 0.1900787 0.04173729 0.7577328
0.0007201851 0.1755337 0.05486057 0.7688856
0.001308956 0.1542912 0.05480874 0.7895912
7.454139e-05 0.1734189 0.0492923 0.7772143
0.0006164353 0.1728161 0.04712328 0.7794442
0.004872946 0.159952 0.043816 0.791359
0.0033878 0.1685533 0.05523428 0.7728246
0.008162823 0.1490389 0.04876452 0.7940337
0.001832242 0.1583965 0.05325107 0.7865202
0.00600395 0.1535362 0.04522308 0.7952368
0.001486536 0.167001 0.06363791 0.7678745
0.0005197115 0.1398037 0.05011318 0.8095634
0.003065286 0.1575446 0.0586677 0.7807224
0.006233424 0.158705 0.05745957 0.777602
0.0006469542 0.1777217 0.05295335 0.768678
0.002237268 0.1661485 0.05664671 0.7749675
0.003089657 0.1657751 0.04064135 0.7904939
0.0008819433 0.1424909 0.04289707 0.81373
0.0007906616 0.1735845 0.04307084 0.782554
0.00282739 0.1583337 0.06850122 0.7703377
0.001068795 0.1710069 0.0610621 0.7668622
0.001147435 0.1811837 0.04592541 0.7717434
0.004628408 0.1496832 0.06226297 0.7834254
0.0005476297 0.1507896 0.06658959 0.7820732
0.000812161 0.154472 0.06579443 0.7789214
0.00067697 0.1560197 0.05940019 0.7839032
0.004044664 0.1581509 0.0607126 0.7770918
0.001928441 0.1935739 0.05006023 0.7544374
0.008715072 0.1652133 0.05792524 0.7681464
0.0008831967 0.1870533 0.05735471 0.7547088
0.007559412 0.1488387 0.04134823 0.8022537
0.001295401 0.1695789 0.04588691 0.7832388
0.003842379 0.1480971 0.0519138 0.7961467
0.004739975 0.1689523 0.05242432 0.7738834
8.67786e-05 0.1563788 0.0568882 0.7866463
0.008182694 0.1542723 0.05304214 0.7845028
0.004271734 0.1522952 0.06581714 0.7776159
0.002341987 0.1698267 0.04354611 0.7842852
0.0006000466 0.1517849 0.0550491 0.792566
0.004406093 0.1619765 0.05435231 0.7792651
0.0007252463 0.1558461 0.06453062 0.778898
0.00273616 0.1527755 0.04625608 0.7982323
0.0004932304 0.1663579 0.0426532 0.7904956
0.001000709 0.154045 0.05547838 0.7894759
0.0007656088 0.176949 0.05594724 0.7663382
0.009540622 0.1643421 0.05313244 0.7729848
0.00555804 0.1671242 0.05212172 0.775196
0.003259106 0.1662125 0.06225689 0.7682715
0.004221843 0.1600093 0.0569836 0.7787853
0.001549332 0.171943 0.05795928 0.7685484
0.00190005 0.1681574 0.05081719 0.7791254
0.0003133481 0.1545451 0.05384453 0.791297
0.01799565 0.1638474 0.06099928 0.7571577
0.007773804 0.1738021 0.06128261 0.7571415
0.0007306271 0.1885894 0.04304065 0.7676393
0.003438068 0.1562427 0.04810586 0.7922134
0.002816837 0.1540316 0.06314586 0.7800057
0.008910752 0.1935437 0.05544901 0.7420965
0.002879751 0.17884 0.0597527 0.7585275
0.003482827 0.1640799 0.05423705 0.7782002
0.005392962 0.1636954 0.05122268 0.7796889
0.0004934123 0.1438924 0.06600507 0.7896092
0.001616042 0.1439383 0.05542926 0.7990164
0.0009901323 0.1527542 0.05544887 0.7908068
0.02423296 0.1602753 0.05931726 0.7561745
0.00010312 0.1707786 0.05480684 0.7743115
0.0009511835 0.1670784 0.06421712 0.7677533
0.001575138 0.1533027 0.04597906 0.7991431
0.001948609 0.179364 0.0537466 0.7649407
0.00391 0.1717785 0.04513053 0.779181
0.001032839 0.1517795 0.04778258 0.799405
0.002968904 0.1631102 0.05116318 0.7827577
0.004278333 0.1911674 0.05565763 0.7488966
0.006962988 0.1582897 0.05726696 0.7774803
0.0007215739 0.15841 0.04180822 0.7990602
0.001626241 0.1902334 0.05373901 0.7544013
0.01222438 0.1410128 0.06734258 0.7794202
0.004108996 0.1583896 0.05799709 0.7795043
0.0218012 0.1950671 0.05441536 0.7287163
0.003526214 0.1458864 0.06884137 0.781746
0.001160591 0.1681505 0.06823456 0.7624543
0.007016275 0.1563012 0.04976513 0.7869173
0.001606484 0.1729243 0.04403469 0.7814345
0.01193419 0.1346229 0.04993094 0.803512
0.009241867 0.1405777 0.05638255 0.7937979
0.001526148 0.168282 0.0505114 0.7796804
0.0007794214 0.1639261 0.06115219 0.7741422
0.004572659 0.1564156 0.06029798 0.7787138
0.01602415 0.1754029 0.03487626 0.7736967
0.001263826 0.1709436 0.04437097 0.7834216
0.003218391 0.1704533 0.06268252 0.7636458
0.001423063 0.1671127 0.06600259 0.7654616
0.001914542 0.1583155 0.06232486 0.7774451
0.01290593 0.1751539 0.05778113 0.7541591
0.001957716 0.1705541 0.06464649 0.7628417
0.0005931234 0.1649127 0.0457418 0.7887524
0.00100065 0.1440769 0.0547118 0.8002106
0.0003974995 0.1482145 0.05385313 0.7975349
0.004459175 0.1689792 0.03969651 0.7868651
0.004114157 0.1485896 0.0693769 0.7779193
0.003140008 0.163407 0.05284352 0.7806094
0.01089547 0.1529207 0.05299497 0.7831888
0.02656082 0.1637083 0.04368213 0.7660487
0.002983187 0.1411218 0.05864661 0.7972485
0.01045457 0.1344675 0.05049175 0.8045862
0.01097694 0.1585434 0.05540806 0.7750716
0.002925694 0.1584293 0.05848065 0.7801643
0.01480237 0.1556284 0.05294471 0.7766245
0.002959484 0.1464462 0.05288733 0.797707
0.001702329 0.1755837 0.05751211 0.7652018
0.003344333 0.1502635 0.05620645 0.7901857
0.002247959 0.1540981 0.05706453 0.7865894
0.004572569 0.1627649 0.05084341 0.7818191
0.001066501 0.1719219 0.05638734 0.7706242
0.0025365 0.1559088 0.04057532 0.8009793
0.0002875707 0.1743511 0.04852932 0.776832
0.006043399 0.1548195 0.04949122 0.7896459
0.01493508 0.1439519 0.06065306 0.7804599
0.0062503 0.1688246 0.04697328 0.7779518
0.001786572 0.1501277 0.06876427 0.7793214
2.972837e-05 0.1563771 0.05427494 0.7893182
0.002065153 0.1457908 0.07223451 0.7799095
0.002533733 0.1611813 0.04582988 0.7904551
0.003293417 0.1607748 0.03974337 0.7961884
0.005829789 0.1537004 0.04252693 0.7979428
0.003246931 0.1691586 0.05140775 0.7761868
0.003935372 0.1600568 0.05668887 0.779319
0.02002261 0.1387146 0.05284604 0.7884167
0.001586542 0.1690877 0.0660989 0.7632269
0.01224541 0.1621946 0.0468141 0.7787459
0.003245198 0.1315536 0.06093795 0.8042633
0.00277324 0.1540165 0.04921301 0.7939972
0.001832844 0.1721241 0.04571721 0.7803258
0.0004160471 0.1430241 0.04908514 0.8074747
0.004090009 0.1807023 0.05318873 0.762019
0.00190716 0.1578486 0.03740692 0.8028373
0.01113042 0.1673182 0.0552475 0.7663039
0.002755669 0.150415 0.04559678 0.8012325
0.0007802781 0.1679356 0.07828094 0.7530032
0.0002776552 0.1577852 0.07343487 0.7685022
0.002168244 0.1606899 0.06282469 0.7743172
0.00349581 0.1760595 0.0478048 0.7726399
0.008064069 0.1619372 0.06273677 0.767262
0.001113383 0.1887527 0.06443748 0.7456964
0.001601363 0.1698659 0.0581881 0.7703446
0.003773348 0.1780709 0.05702228 0.7611334
0.005504532 0.1674485 0.04194468 0.7851023
0.0004958199 0.1592497 0.05166572 0.7885888
0.008923862 0.1609032 0.05164394 0.778529
0.001138489 0.1643847 0.04925742 0.7852194
0.008870001 0.1447327 0.05529077 0.7911066
0.009052409 0.1662185 0.06032507 0.764404
0.0009500666 0.1663213 0.05782299 0.7749057
0.001268842 0.2006195 0.05558948 0.7425222
0.003703467 0.1562682 0.05582346 0.7842048
0.01698609 0.1667436 0.04583109 0.7704392
0.001467103 0.1767586 0.044517 0.7772573
0.003264779 0.1532711 0.0485822 0.7948819
0.00943121 0.1680134 0.04576101 0.7767944
0.001352054 0.1838828 0.04732439 0.7674408
0.0004421665 0.1676218 0.05236518 0.7795709
0.000774432 0.1521145 0.05506232 0.7920487
0.006289422 0.1530716 0.03806399 0.802575
0.004462866 0.1765377 0.0675543 0.7514451
0.007067442 0.1669171 0.04942278 0.7765927
0.001273948 0.1624379 0.03859371 0.7976944
0.0003244477 0.1599371 0.05508328 0.7846551
0.006714824 0.1786668 0.04639711 0.7682213
0.0003370132 0.1398913 0.05513175 0.8046399
0.004807684 0.1715327 0.05432986 0.7693297
0.007676552 0.1708472 0.06082308 0.7606532
0.02450058 0.1536148 0.07033907 0.7515456
0.002475803 0.1441155 0.06124921 0.7921595
0.009067995 0.1798555 0.05233466 0.7587418
0.002614604 0.1835366 0.05786731 0.7559815
0.003437886 0.1661999 0.04705649 0.7833057
0.003945932 0.1497841 0.05697655 0.7892934
0.0001871029 0.1415232 0.05085669 0.807433
0.00216858 0.1793483 0.07036662 0.7481165
0.03923923 0.1688886 0.04936081 0.7425113
0.0002731711 0.1656801 0.05600652 0.7780402
0.0012127 0.167284 0.05396663 0.7775366
0.004385633 0.1479062 0.06196075 0.7857474
0.001921327 0.1334152 0.05908417 0.8055793
0.001724401 0.1571993 0.06535181 0.7757245
0.000710484 0.1770944 0.054114 0.7680811
0.0006569579 0.1772062 0.04348195 0.7786549
7.519161e-05 0.1936718 0.04711099 0.759142
0.009287554 0.1474765 0.06558311 0.7776529
0.01463336 0.1477956 0.06528543 0.7722856
0.0008727102 0.176168 0.05669345 0.7662658
0.001272582 0.1711522 0.04558868 0.7819865
0.002673994 0.1675655 0.04950451 0.780256
0.004779227 0.1428285 0.05333857 0.7990537
0.003988216 0.1531019 0.04736243 0.7955475
0.001697992 0.1699683 0.05106471 0.777269
0.001686431 0.1634567 0.06217222 0.7726846
0.0004462162 0.1616876 0.04366971 0.7941965
0.0001383418 0.1630018 0.04699604 0.7898638
0.00153822 0.1522833 0.06352562 0.7826529
5.658451e-05 0.1644374 0.05261744 0.7828885
0.0007564675 0.1828396 0.05762673 0.7587773
0.001345838 0.1571274 0.04841771 0.7931091
0.001308566 0.1736133 0.05988705 0.7651911
0.01401229 0.1478797 0.05899106 0.7791169
0.002669561 0.1651806 0.05111982 0.78103
0.001648952 0.1732732 0.05634899 0.7687289
0.006042969 0.1623215 0.05495513 0.7766803
0.004100344 0.1486156 0.06224123 0.7850429
0.000580924 0.1529285 0.0497978 0.7966928
0.001816509 0.172979 0.04868921 0.7765153
0.00651321 0.174282 0.05296149 0.7662433
0.003318847 0.1614676 0.05235993 0.7828537
0.0004052993 0.1678493 0.0546786 0.7770668
0.005249579 0.1583596 0.05753044 0.7788603
0.001167051 0.1475686 0.05153222 0.7997321
0.01420567 0.1593459 0.04580129 0.7806472
0.0008484328 0.1537925 0.06147946 0.7838796
0.007291165 0.1580221 0.05893337 0.7757533
0.002635944 0.1807324 0.05825638 0.7583753
0.007538587 0.1750235 0.05604274 0.7613951
0.003072132 0.1843307 0.0566995 0.7558977
0.00681357 0.170377 0.05240553 0.7704039
0.02167661 0.1588624 0.04271128 0.7767497
0.008529235 0.1527657 0.04527131 0.7934337
0.0106832 0.1598388 0.05468226 0.7747957
0.001775846 0.1488046 0.05570693 0.7937127
0.0001200112 0.1403932 0.06818829 0.7912985
0.003028167 0.1560777 0.05678782 0.7841063
0.006084511 0.14921 0.0461458 0.7985597
0.001652445 0.1736215 0.06162046 0.7631056
0.0006797487 0.1578521 0.04940553 0.7920626
0.0006889247 0.1513624 0.05639397 0.7915547
1.174508e-05 0.1721667 0.04825935 0.7795622
0.002186687 0.1616732 0.05693336 0.7792067
0.005944005 0.1501359 0.06566018 0.7782599
0.007575706 0.1570162 0.05683842 0.7785696
0.000115437 0.1655888 0.05215887 0.7821369
0.001917092 0.149389 0.054154 0.7945399
0.001514012 0.1725165 0.03853276 0.7874368
0.002401217 0.1428397 0.04294703 0.8118121
0.003080569 0.1759253 0.05334209 0.767652
0.0001789703 0.1310045 0.05708098 0.8117356
0.003898158 0.1743093 0.05193742 0.7698551
0.001142587 0.138942 0.05666495 0.8032505
0.001054637 0.1818508 0.05010726 0.7669873
0.01188315 0.1522072 0.04555937 0.7903503
0.009395523 0.1695514 0.04347716 0.7775759
0.04447103 0.1832653 0.01237105 0.7598926
0.04776682 0.1497784 0.0007937916 0.8016609
0.05507841 0.1608584 0.009147623 0.7749155
0.05176421 0.1568655 0.01385369 0.7775166
0.05889599 0.1677027 0.02481347 0.7485879
0.05480506 0.1533508 0.00954125 0.7823029
0.06231328 0.1760605 0.00539672 0.7562295
0.06499101 0.1574452 0.002472715 0.7750911
0.04327739 0.1542509 0.02185466 0.7806171
0.04207227 0.1637528 0.001298593 0.7928763
0.04174756 0.1657404 0.00305932 0.7894527
0.05058491 0.1613285 0.001194575 0.786892
0.04091382 0.1492806 0.0004882615 0.8093174
0.04840638 0.1935495 2.967323e-05 0.7580144
0.05722825 0.1516044 0.0001442192 0.7910231
0.03849968 0.1600989 0.00589537 0.795506
0.05949626 0.1729502 0.0004094144 0.7671442
0.052201 0.1648131 0.002902038 0.7800839
0.04719796 0.1961569 0.002692525 0.7539526
0.04950821 0.1754903 0.002409906 0.7725916
0.04221017 0.1718152 0.009038507 0.7769361
0.05107459 0.1766237 0.005687497 0.7666142
0.0557418 0.1595649 0.01867039 0.7660229
0.05299608 0.1469387 0.009061274 0.7910039
0.05228143 0.1698475 0.001540846 0.7763303
0.05978743 0.132281 0.005279286 0.8026523
0.04653355 0.1677799 0.003914811 0.7817718
0.04480341 0.1645848 0.001516968 0.7890948
0.05787571 0.1504608 0.00129177 0.7903718
0.04903207 0.1652296 0.009551157 0.7761872
0.05655374 0.1657476 0.001971903 0.7757267
0.04850821 0.1513311 0.003721576 0.7964391
0.06070944 0.1737171 0.0009711654 0.7646023
0.0508101 0.1403526 0.01518748 0.7936498
0.04701873 0.172972 5.08732e-05 0.7799583
0.04360506 0.1632119 0.0032789 0.7899041
0.05217817 0.1710165 0.0005049822 0.7763004
0.04971379 0.1734304 0.002369658 0.7744861
0.05207236 0.1509084 0.001631819 0.7953874
0.05687079 0.1752903 0.006282571 0.7615563
0.05404514 0.1472924 0.001226179 0.7974363
0.06421819 0.141575 0.0003386472 0.7938682
0.04999898 0.1552419 0.0003228421 0.7944363
0.06830914 0.1546246 0.001534217 0.775532
0.0435146 0.154306 0.006432817 0.7957465
0.05486984 0.1447464 0.006338288 0.7940454
0.04938532 0.1599889 0.01030253 0.7803232
0.04832776 0.1554864 0.002182157 0.7940036
0.05632133 0.1497795 0.0008431941 0.793056
0.05767423 0.1597699 0.009415566 0.7731403
0.04691262 0.156777 0.005915271 0.7903951
0.06510841 0.1595232 0.002938967 0.7724294
0.07611102 0.1779381 0.0024631 0.7434878
0.05245032 0.1452427 0.001176486 0.8011305
0.05141415 0.1523881 0.0001112511 0.7960865
0.05537758 0.1523203 0.0004146626 0.7918875
0.04996576 0.1665904 0.00482748 0.7786163
0.06576333 0.1662088 0.006111649 0.7619162
0.05422961 0.2043083 0.002212043 0.73925
0.05414244 0.1723374 0.001816623 0.7717035
0.05381668 0.1646176 0.008256829 0.7733089
0.04421902 0.171382 0.006698086 0.7777009
0.05585594 0.1533335 0.002253851 0.7885567
0.04146024 0.1803945 0.00480597 0.7733392
0.05398201 0.1765258 0.0002199428 0.7692723
0.04671921 0.1669829 0.00178839 0.7845095
0.06870185 0.1650745 0.006241944 0.7599817
0.0384842 0.1711879 0.0005700991 0.7897578
0.05212886 0.1722241 0.007076076 0.7685709
0.05265768 0.1817534 0.0009796134 0.7646093
0.05570315 0.1686151 0.001007281 0.7746745
0.04491376 0.1455461 0.002081364 0.8074588
0.04949513 0.1715072 0.001374803 0.7776228
0.05471542 0.1483775 0.00356359 0.7933435
0.04460047 0.1782509 0.008316736 0.7688319
0.04917858 0.1578203 0.001794862 0.7912062
0.05837599 0.1657786 0.00189218 0.7739533
0.04729124 0.1647629 0.001592446 0.7863534
0.05080151 0.1461791 0.009601737 0.7934176
0.05396931 0.1400132 0.01089048 0.795127
0.05548996 0.1772859 0.000988624 0.7662355
0.05887173 0.1564436 0.01206531 0.7726193
0.04324917 0.1634782 0.001709052 0.7915636
0.05278135 0.1598041 0.001185867 0.7862286
0.05807283 0.1652091 0.004333401 0.7723847
0.06624742 0.1747905 0.001630658 0.7573314
0.06977066 0.1663344 0.00422266 0.7596723
0.05375081 0.1582213 3.309986e-05 0.7879948
0.05728473 0.1543333 0.00283731 0.7855447
0.04862969 0.1715803 0.004906077 0.774884
0.06378318 0.1675421 0.002339053 0.7663357
0.05787584 0.1451011 0.007016445 0.7900067
0.04982827 0.1521472 0.005038953 0.7929855
0.05245324 0.1747153 0.004836035 0.7679954
0.04776937 0.1543706 0.00720033 0.7906597
0.03301704 0.1549425 0.01254045 0.7995
0.05935186 0.1651345 0.001356213 0.7741575
0.04660321 0.1551041 0.0003488509 0.7979439
0.04476809 0.1602613 0.004401904 0.7905687
0.04992796 0.1525055 0.00275391 0.7948126
0.05674874 0.1515649 0.002804691 0.7888817
0.04566143 0.1709933 0.0007360917 0.7826092
0.0479095 0.1621558 0.0004358151 0.7894989
0.05588182 0.1439064 0.006793089 0.7934187
0.07508907 0.1320803 0.001745944 0.7910847
0.06442569 0.1569787 0.00183511 0.7767606
0.04631 0.1791796 0.002157444 0.772353
0.04980227 0.1649657 0.01784179 0.7673903
0.05246525 0.1633281 0.001792455 0.7824142
0.04827136 0.1775981 0.001115365 0.7730152
0.05418213 0.1616972 0.002913964 0.7812067
0.06374205 0.1732574 0.001339497 0.761661
0.04499161 0.1859455 0.00187588 0.767187
0.04408859 0.1626971 0.0005578468 0.7926564
0.04992214 0.1622604 0.0009017395 0.7869157
0.04573743 0.1503685 0.001052633 0.8028415
0.0490682 0.158943 0.001872222 0.7901166
0.04788708 0.150228 0.006294707 0.7955902
0.05836847 0.1456814 0.0218687 0.7740814
0.05821892 0.1712178 0.005602271 0.764961
0.06349956 0.1451337 0.01219039 0.7791763
0.0418691 0.1615241 0.000239047 0.7963677
0.05254489 0.1469681 0.007301181 0.7931858
0.05005818 0.1710771 0.001403261 0.7774615
0.06540534 0.157236 0.01069107 0.7666676
0.04896505 0.169423 0.001510521 0.7801014
0.04526371 0.1619883 0.0003088817 0.7924391
0.0443061 0.1449017 0.004933812 0.8058584
0.05108603 0.1760041 0.0007415006 0.7721684
0.04704913 0.1428883 0.002040662 0.8080219
0.059876 0.1844432 0.0006801321 0.7550007
0.05296317 0.1602746 0.003218478 0.7835437
0.05207864 0.1646245 0.000740468 0.7825564
0.05431859 0.1651325 0.0007387904 0.7798101
0.06026819 0.1718506 0.002100192 0.765781
0.05296007 0.1682089 0.005146386 0.7736847
0.04923133 0.1806545 0.002639666 0.7674745
0.06409695 0.1365154 0.002531361 0.7968563
0.05013267 0.1668467 0.003132493 0.7798881
0.0260379 0.1763013 0.02045408 0.7772067
0.01005545 0.1721022 0.06375153 0.7540908
0.007062121 0.1500416 0.05528906 0.7876072
0.001701346 0.1711957 0.0626504 0.7644526
0.002702778 0.1755556 0.06688777 0.7548538
0.003182544 0.1688611 0.04895977 0.7789966
0.0007112974 0.1758008 0.04829314 0.7751948
0.004540468 0.1695382 0.06118975 0.7647315
0.0001680642 0.1565557 0.05528245 0.7879938
0.002793834 0.1838028 0.05644215 0.7569612
0.0005630008 0.1730418 0.06158495 0.7648102
0.002677098 0.1942055 0.05431943 0.748798
0.000271706 0.1715801 0.04990014 0.778248
0.00108234 0.1712058 0.05722419 0.7704877
0.0002916505 0.173291 0.05602526 0.7703921
0.003221496 0.1610116 0.05661797 0.7791489
0.01411653 0.1808638 0.05654856 0.7484711
0.03542636 0.1561255 0.04163377 0.7668143
0.02595082 0.1638237 0.05989519 0.7503303
0.01328011 0.1744553 0.04718067 0.7650839
0.004519765 0.1674095 0.04481175 0.783259
0.005396496 0.1897852 0.04569959 0.7591187
0.00278413 0.1541779 0.05719189 0.785846
0.002711771 0.1729685 0.05262316 0.7716966
0.004950547 0.1630797 0.06258503 0.7693847
0.007122541 0.1572072 0.04640949 0.7892607
0.004104475 0.1704881 0.06260738 0.7628
0.0001130519 0.1555504 0.04999857 0.794338
0.005965713 0.1419908 0.04429266 0.8077509
0.0007441951 0.141858 0.07442502 0.7829727
0.008254027 0.1670856 0.05059969 0.7740607
0.0004940003 0.1541341 0.04839956 0.7969723
0.008686401 0.1600031 0.04844953 0.782861
0.003277839 0.1482477 0.06294171 0.7855328
0.004148912 0.158471 0.06680983 0.7705702
0.001835078 0.1311536 0.06130705 0.8057042
3.051417e-05 0.1738127 0.04439771 0.7817591
0.005634115 0.1429301 0.05282286 0.798613
5.51947e-05 0.1600026 0.05413595 0.7858063
0.001387668 0.1754013 0.0662381 0.7569729
0.0006434798 0.1636307 0.0531866 0.7825392
0.007097841 0.1612413 0.04473723 0.7869237
0.0004359306 0.1321471 0.06168011 0.8057369
0.0007923058 0.1650754 0.04970928 0.784423
0.004208143 0.1767056 0.03784458 0.7812417
0.007560914 0.1704325 0.05131271 0.7706939
0.02321131 0.1544403 0.04364309 0.7787053
0.002326885 0.1606939 0.05509402 0.7818852
0.0076133 0.1473321 0.03994553 0.8051091
0.004166149 0.1593026 0.04511907 0.7914122
0.0006025901 0.1531782 0.05152795 0.7946913
0.00792351 0.1509424 0.06532402 0.77581
0.0008838758 0.1561479 0.05625281 0.7867154
0.002775409 0.1609904 0.05080048 0.7854337
4.656581e-05 0.1602312 0.0550281 0.7846941
0.003831365 0.1775066 0.05082931 0.7678327
0.007828147 0.1599644 0.05583022 0.7763772
0.001840875 0.1816167 0.05226163 0.7642808
0.001866612 0.1785624 0.04339505 0.7761759
0.0001941459 0.162687 0.05352367 0.7835952
0.003698782 0.1463861 0.06337801 0.7865371
0.001297169 0.1619544 0.05662601 0.7801224
0.002419539 0.1550969 0.06943038 0.7730531
0.005466996 0.1692332 0.0508141 0.7744857
0.005196755 0.1784809 0.04148077 0.7748416
0.005549246 0.163898 0.04977034 0.7807824
9.27214e-05 0.1673563 0.05313423 0.7794168
0.007633777 0.1606336 0.05247832 0.7792543
0.001427434 0.1667073 0.05534287 0.7765224
0.01114414 0.1704942 0.03251027 0.7858514
0.001773384 0.1426548 0.05754962 0.7980222
0.001027845 0.165267 0.06090002 0.7728051
0.0008403687 0.1728752 0.04535469 0.7809298
0.0005726859 0.1884716 0.04849858 0.7624571
0.001781181 0.1616983 0.05026166 0.7862589
0.006630887 0.1539386 0.05471201 0.7847185
0.0008447674 0.1816963 0.05012908 0.7673298
0.00491916 0.1808705 0.04820174 0.7660087
0.0007171748 0.1607458 0.06373281 0.7748042
0.0006524735 0.1578251 0.05792373 0.7835987
0.002254439 0.1637531 0.05075101 0.7832415
0.003206122 0.1576956 0.06386481 0.7752335
0.01050076 0.1242201 0.04454399 0.8207351
0.0009969521 0.1655345 0.05227473 0.7811938
0.009117935 0.1614783 0.0601543 0.7692495
0.006808913 0.1410686 0.06068951 0.7914329
0.003796237 0.1585722 0.0496588 0.7879728
0.02408023 0.1534476 0.031557 0.7909151
0.004399496 0.16396 0.04019808 0.7914425
0.005712003 0.1406958 0.05601001 0.7975822
0.001042785 0.1876109 0.0476942 0.7636521
0.001117163 0.1393384 0.05897909 0.8005654
0.0004853823 0.1753122 0.06210742 0.762095
0.00564546 0.183371 0.04902545 0.7619581
0.001590051 0.161062 0.05792757 0.7794204
0.0007086674 0.1579006 0.04151203 0.7998787
0.003877164 0.1604656 0.05599279 0.7796644
0.001964571 0.1655784 0.04420072 0.7882563
0.003525908 0.1787815 0.04570773 0.7719848
2.553318e-05 0.1808941 0.05333662 0.7657437
0.004354562 0.1536474 0.04887835 0.7931197
0.001141913 0.1934473 0.05609554 0.7493152
0.0004378207 0.1725306 0.05717641 0.7698552
0.0006635946 0.1763508 0.05711906 0.7658665
0.004204075 0.1505066 0.07149285 0.7737965
0.00222808 0.1706908 0.05739343 0.7696877
0.0001758087 0.1663329 0.0507521 0.7827392
0.001142772 0.160676 0.04891041 0.7892708
0.00226501 0.1649154 0.064217 0.7686026
0.0005553685 0.1789155 0.05495945 0.7655697
0.0003247122 0.1871472 0.0545606 0.7579675
0.01161901 0.1574846 0.0598529 0.7710435
0.01656091 0.1850425 0.05147519 0.7469214
0.001414265 0.1410638 0.07012915 0.7873928
0.001913171 0.1587681 0.06089336 0.7784254
0.001386194 0.1469127 0.05811529 0.7935858
0.00270409 0.1737456 0.04531683 0.7782334
0.0008235581 0.1662448 0.05477899 0.7781526
0.00283345 0.1762046 0.05856095 0.762401
0.001171674 0.1719585 0.05508246 0.7717874
0.006061801 0.1651092 0.04497273 0.7838563
0.004657574 0.1619357 0.05210979 0.781297
0.001882352 0.1414945 0.06640571 0.7902175
0.0068055 0.1794845 0.0522968 0.7614132
0.001693528 0.1623795 0.05787474 0.7780522
0.02785537 0.1365734 0.0451381 0.7904331
0.0004223871 0.1687717 0.06274442 0.7680615
0.007395199 0.1554364 0.06570004 0.7714683
0.004847223 0.1806103 0.0476616 0.7668809
0.007633247 0.1702872 0.04814321 0.7739364
0.006106451 0.1439617 0.05470543 0.7952264
0.01785242 0.1721005 0.04867406 0.761373
0.0003628361 0.1691757 0.05236017 0.7781013
0.009472322 0.1578019 0.0671731 0.7655527
0.003422872 0.1407011 0.0592712 0.7966048
0.007971255 0.1466265 0.05762941 0.7877728
0.001795867 0.1486288 0.05934059 0.7902348
0.001422413 0.1782851 0.06213896 0.7581535
0.0007795474 0.1679898 0.04997347 0.7812571
0.00468967 0.162681 0.04908756 0.7835418
0.006918389 0.1629932 0.04817377 0.7819146
0.001774525 0.1605693 0.05928122 0.7783749
0.00112969 0.1484099 0.04908765 0.8013728
0.004926608 0.1435808 0.05732644 0.7941661
0.02610788 0.1409921 0.04800996 0.7848901
0.01142426 0.13697 0.05824506 0.7933607
0.0005506548 0.1486144 0.05529046 0.7955445
0.001995983 0.1523746 0.05674008 0.7888894
0.002905328 0.1761073 0.05145172 0.7695357
0.006527764 0.1524817 0.0492252 0.7917653
0.0069981 0.1549209 0.04854147 0.7895395
0.004119415 0.1547585 0.04613638 0.7949857
0.003661603 0.1438985 0.04754642 0.8048935
0.01243952 0.1315941 0.05287815 0.8030882
0.01362441 0.2068406 0.05244384 0.7270912
0.002483078 0.1765276 0.03715538 0.783834
3.26748e-05 0.152679 0.03890884 0.8083795
0.003561302 0.14525 0.04829658 0.8028921
0.005399443 0.1728025 0.04736585 0.7744322
0.0002253873 0.1496807 0.05883264 0.7912612
0.02008537 0.1528109 0.04578211 0.7813216
0.001943082 0.1814928 0.05656279 0.7600013
0.0005326972 0.1693709 0.03921753 0.7908788
0.002761287 0.1614324 0.04715843 0.7886478
0.01523517 0.1586254 0.07765224 0.7484872
0.002206884 0.182154 0.0434834 0.7721557
0.007200282 0.1651778 0.05747999 0.7701419
0.01010948 0.1610292 0.05619284 0.7726685
0.002518116 0.1787534 0.05232835 0.7664002
0.0005449583 0.1501359 0.05863303 0.7906861
0.006856293 0.1691986 0.05077091 0.7731742
0.004932908 0.1540542 0.05576846 0.7852445
0.001840687 0.1756942 0.06596198 0.7565032
0.003848185 0.1513543 0.03939196 0.8054056
0.007505597 0.1693576 0.06094654 0.7621903
0.006985556 0.1369878 0.04431414 0.8117125
0.005820632 0.1749719 0.05724987 0.7619576
0.001335223 0.1577085 0.06676609 0.7741902
0.009346586 0.1872191 0.05724273 0.7461916
0.003208529 0.1668837 0.04700093 0.7829068
0.002707867 0.1516565 0.05743886 0.7881968
2.469277e-05 0.1458175 0.05942976 0.794728
1.001774e-06 0.1674172 0.05204645 0.7805354
0.005973046 0.1471566 0.05177194 0.7950984
0.003813073 0.1530821 0.05082643 0.7922784
0.01391468 0.1492944 0.05902875 0.7777621
0.001204132 0.1725282 0.05791787 0.7683498
0.0005467969 0.1481661 0.0614069 0.7898802
0.01862283 0.1561098 0.04791554 0.7773518
0.006073523 0.1596149 0.04584474 0.7884668
0.0002033941 0.1555208 0.06641408 0.7778617
0.000810933 0.1668849 0.0536826 0.7786215
0.008709693 0.1528918 0.05811763 0.7802809
0.01167044 0.1620857 0.05265635 0.7735875
0.009942099 0.1629074 0.05954976 0.7676007
0.03087707 0.1422298 0.04616786 0.7807253
0.001926095 0.1682292 0.06363505 0.7662097
0.006776989 0.1690051 0.05839747 0.7658204
0.007191392 0.1522328 0.05947219 0.7811036
0.0008820723 0.1676551 0.04768905 0.7837738
0.01402122 0.1631472 0.04780287 0.7750287
0.009220573 0.1697535 0.04542564 0.7756003
0.0004936049 0.1610507 0.04938372 0.789072
0.004282269 0.136488 0.04690591 0.8123238
0.0002284638 0.1684227 0.07116223 0.7601866
0.02229455 0.1897475 0.05320541 0.7347525
0.01709529 0.1513646 0.04294515 0.788595
0.0001263141 0.1758661 0.05521241 0.7687952
0.005671962 0.1542891 0.06189469 0.7781443
0.007909511 0.1560682 0.05435463 0.7816677
0.0008995899 0.1782321 0.05980834 0.7610599
0.00681341 0.1423839 0.06466748 0.7861352
0.002566534 0.157825 0.06247169 0.7771368
0.005425573 0.1819799 0.04348202 0.7691125
0.01432345 0.166014 0.06571327 0.7539493
0.01072292 0.1260885 0.06457716 0.7986114
0.001795645 0.1648609 0.06256633 0.7707772
0.006335462 0.1538596 0.06190059 0.7779043
0.002844254 0.1724631 0.04839872 0.776294
0.001955249 0.1651931 0.05575615 0.7770955
0.003773644 0.1492572 0.06432927 0.7826399
0.007499524 0.1847792 0.03963558 0.7680857
0.0002835877 0.1755998 0.0663446 0.757772
0.002023183 0.1777077 0.05579315 0.764476
0.001919165 0.1612235 0.05651417 0.7803432
0.004961364 0.1650196 0.04551087 0.7845082
0.001611863 0.1502827 0.06515429 0.7829512
0.0008677293 0.1584901 0.03992571 0.8007164
0.002151052 0.1475363 0.05836327 0.7919494
0.002275366 0.1659081 0.05700604 0.7748105
0.003807634 0.1661989 0.05121169 0.7787818
0.007221457 0.1723034 0.06657896 0.7538962
0.000869002 0.153246 0.05597307 0.7899119
0.003934085 0.1529887 0.05478994 0.7882872
0.0007759036 0.1579336 0.0568949 0.7843956
0.01209624 0.1354245 0.05186133 0.8006179
0.0008926665 0.1583833 0.04476698 0.7959571
0.003265472 0.1649945 0.05059302 0.781147
0.0004525671 0.1741085 0.04559705 0.7798419
0.001940065 0.1710963 0.06543328 0.7615303
0.01527894 0.156333 0.05153475 0.7768533
0.01030681 0.1557422 0.06151658 0.7724344
7.985632e-05 0.1607801 0.04597414 0.7931659
0.003358545 0.1738262 0.04458628 0.7782289
0.0008338607 0.161312 0.05721319 0.780641
0.00220324 0.1666619 0.04536602 0.7857688
0.01131526 0.1703367 0.05226628 0.7660818
0.03089194 0.1701944 0.05132242 0.7475912
0.01188355 0.164583 0.04608406 0.7774494
0.000323669 0.1589756 0.05517927 0.7855214
0.01357987 0.1680164 0.04071915 0.7776846
0.008068176 0.1581868 0.04860318 0.7851419
0.01470473 0.1584738 0.05446395 0.7723576
0.002811104 0.1667403 0.05882583 0.7716228
0.001475831 0.1523712 0.06166653 0.7844865
0.001422943 0.1519214 0.05755151 0.7891042
0.002288876 0.1715402 0.05586871 0.7703022
0.00349805 0.1723716 0.06608197 0.7580484
0.002206983 0.1630542 0.06179938 0.7729394
0.002685745 0.1756328 0.06223337 0.7594481
0.002026663 0.1582451 0.05875288 0.7809754
0.005339697 0.1576422 0.0579231 0.779095
0.004277139 0.1633693 0.06059439 0.7717592
0.004041879 0.1471047 0.05658809 0.7922653
0.00673634 0.1612043 0.05492381 0.7771355
0.0007471948 0.1740361 0.05959967 0.7656171
0.009928368 0.1410301 0.07018653 0.778855
0.0006478038 0.1705809 0.07570679 0.7530645
0.001771784 0.1669128 0.05918148 0.772134
0.004320905 0.1547069 0.05128493 0.7896873
0.02193856 0.1753142 0.04301075 0.7597364
0.005400367 0.1609772 0.05050889 0.7831136
0.007869488 0.14786 0.06056249 0.783708
0.0001635747 0.1705387 0.06860532 0.7606924
0.0004160317 0.1491444 0.05742685 0.7930128
0.002257574 0.1741915 0.04710976 0.7764411
0.01486266 0.1710159 0.04359549 0.7705259
0.005806801 0.1497851 0.06729838 0.7771097
0.007617475 0.1262802 0.0598598 0.8062425
0.005176721 0.1932699 0.04460498 0.7569484
0.0006066369 0.1762951 0.05286402 0.7702343
0.001065352 0.1890421 0.04943057 0.7604619
0.001967353 0.1558691 0.04960153 0.792562
0.001096937 0.1629365 0.05160275 0.7843638
0.000463725 0.1638488 0.05324321 0.7824443
0.007051846 0.1722584 0.04426727 0.7764225
0.02980387 0.1557401 0.06533385 0.7491222
0.01633998 0.1716999 0.04239406 0.769566
0.001950278 0.1652651 0.04823025 0.7845543
0.003151919 0.1726651 0.05408985 0.7700932
0.001379445 0.1714421 0.07221137 0.7549671
0.0005332026 0.1831188 0.0483038 0.7680442
0.002781027 0.179183 0.04373197 0.774304
0.00106321 0.161168 0.04636799 0.7914008
0.006787051 0.1862877 0.05700275 0.7499225
0.004859225 0.155781 0.05410411 0.7852556
0.005194984 0.1463338 0.04008576 0.8083854
0.002656263 0.1794636 0.05443297 0.7634472
0.002204523 0.1610455 0.04184342 0.7949065
0.01415389 0.1492034 0.04090878 0.795734
0.0002589644 0.1638414 0.06053974 0.7753599
0.00984869 0.1842804 0.05068526 0.7551857
0.002185831 0.1689399 0.04445199 0.7844223
0.0007534962 0.1692721 0.06083158 0.7691428
0.009090292 0.1820653 0.03396563 0.7748788
0.001208495 0.1574275 0.0574349 0.7839291
2.476344e-05 0.1714628 0.04197975 0.7865327
0.001444727 0.1803181 0.05058188 0.7676553
0.00094965 0.1662376 0.050021 0.7827918
0.0108938 0.1845344 0.07301977 0.731552
0.001834685 0.1770719 0.07476042 0.746333
0.0009322604 0.1704584 0.05709975 0.7715096
0.007380914 0.1593345 0.0503215 0.7829631
0.001186271 0.1628437 0.04414607 0.791824
0.0170102 0.1508251 0.04699624 0.7851685
0.01373544 0.150251 0.05838865 0.7776249
0.001572555 0.1661689 0.05587983 0.7763787
0.002495356 0.1428267 0.05261659 0.8020613
0.006984346 0.1772306 0.05132592 0.7644591
0.0002075042 0.1503106 0.05484177 0.7946401
0.003596844 0.1653918 0.04797385 0.7830376
0.007934529 0.153077 0.06556528 0.7734232
0.000678585 0.1554178 0.06755918 0.7763445
0.02234052 0.1559861 0.06328639 0.7583869
0.00575517 0.1727077 0.05954566 0.7619915
0.004620093 0.1728793 0.04653523 0.7759654
0.01644853 0.1772579 0.05216816 0.7541254
0.01079469 0.1825643 0.05194814 0.7546929
0.006397113 0.1536172 0.04662547 0.7933603
0.002887957 0.148664 0.04994863 0.7984995
0.007182586 0.1571174 0.05300921 0.7826908
0.0149807 0.1472625 0.05036094 0.7873959
0.0107772 0.1511757 0.03341451 0.8046325
0.007269859 0.1467425 0.07051867 0.775469
0.003547259 0.1821653 0.05129355 0.7629939
0.01358146 0.1648942 0.04655139 0.7749729
0.002374429 0.1488033 0.04993687 0.7988854
0.008750037 0.1469053 0.05910875 0.7852359
0.001044729 0.161028 0.05121497 0.7867123
0.00195026 0.1782713 0.05194668 0.7678318
0.001743952 0.1758748 0.05326646 0.7691148
0.02387694 0.1606322 0.06469713 0.7507937
0.003908536 0.1660216 0.05588991 0.77418
0.0002924148 0.1563584 0.04637225 0.7969769
0.004430823 0.1651447 0.05416618 0.7762583
0.01134676 0.1548445 0.06673558 0.7670731
0.0005830253 0.175022 0.06498422 0.7594107
0.003126079 0.1628775 0.04647513 0.7875213
0.001019337 0.1544855 0.05584555 0.7886496
6.115465e-05 0.1710739 0.04625165 0.7826133
0.003791606 0.1678842 0.05001407 0.7783101
0.0002331532 0.1623909 0.04896944 0.7884065
0.001682564 0.1700202 0.05217179 0.7761255
0.004857015 0.162922 0.05036176 0.7818592
0.001131445 0.1788665 0.05964558 0.7603564
0.001199461 0.1581936 0.05785965 0.7827473
0.001480182 0.1408758 0.05837464 0.7992694
0.002811956 0.1591493 0.0537824 0.7842563
0.01188936 0.1424003 0.06566767 0.7800427
0.0002126155 0.1451898 0.05660206 0.7979956
0.0007763111 0.160796 0.06648183 0.7719459
0.01223817 0.1866591 0.05611549 0.7449872
0.003771561 0.1461214 0.04067235 0.8094347
0.02051369 0.1616985 0.05085848 0.7669294
0.0005000319 0.1610676 0.05266435 0.785768
0.004868347 0.1415128 0.04288643 0.8107324
0.02720834 0.1596856 0.04712764 0.7659785
0.008787182 0.162307 0.06656631 0.7623395
0.0003521323 0.1718484 0.04827038 0.7795291
0.002966176 0.1647816 0.05304424 0.7792079
0.00489713 0.1785382 0.05667376 0.7598909
5.281804e-06 0.1784856 0.04764136 0.7738678
0.0021797 0.136085 0.04925402 0.8124813
0.004502277 0.1774653 0.03963334 0.7783991
0.006977731 0.1759683 0.04012495 0.776929
0.008992125 0.1377332 0.04786528 0.8054094
0.006607334 0.1851608 0.05868413 0.7495477
0.01405232 0.1580538 0.04781249 0.7800814
0.008276382 0.1565272 0.04559103 0.7896054
0.001536542 0.1442376 0.052442 0.8017839
0.002086966 0.1328795 0.05712973 0.8079039
0.001477306 0.1443236 0.0495483 0.8046508
0.003175969 0.1749787 0.05262771 0.7692176
0.0004523783 0.1422891 0.05862628 0.7986322
0.01882877 0.1534285 0.06959783 0.7581449
0.0004415264 0.1483992 0.04156861 0.8095907
0.002021954 0.1432657 0.05644916 0.7982632
0.008312059 0.1656962 0.05081129 0.7751805
0.01863003 0.1700844 0.04460835 0.7666772
0.01099576 0.1593717 0.05094984 0.7786827
0.001728939 0.182448 0.05847057 0.7573525
0.01780611 0.1610922 0.06543551 0.7556661
0.002776501 0.144296 0.05577061 0.7971569
0.007021572 0.1728343 0.0478075 0.7723366
0.003037548 0.1675928 0.0531738 0.7761959
0.0005314419 0.16607 0.06763602 0.7657626
0.0008605096 0.1667507 0.04870676 0.783682
0.01451431 0.1611479 0.04585444 0.7784834
0.0009350007 0.1515681 0.07474841 0.7727485
0.001668838 0.1558201 0.05605859 0.7864525
0.001577735 0.1470021 0.05253662 0.7988836
0.004342304 0.1626002 0.05752109 0.7755364
0.007488061 0.162754 0.04886374 0.7808942
0.0002785549 0.1448709 0.05530078 0.7995498
0.006346023 0.136719 0.06022008 0.7967149
0.008502599 0.1638013 0.0556027 0.7720934
0.002939277 0.1675829 0.05908899 0.7703889
0.01597482 0.1523687 0.04910001 0.7825565
0.007447402 0.1921593 0.05273396 0.7476593
0.006361601 0.1739515 0.06309456 0.7565924
0.02752212 0.1704022 0.04291499 0.7591607
0.001771469 0.1572725 0.04342769 0.7975284
0.001268367 0.1579118 0.048434 0.7923858
0.0009593149 0.153632 0.06718993 0.7782187
0.003619579 0.1822221 0.06050567 0.7536526
0.01921821 0.1702582 0.04267728 0.7678463
0.01502029 0.1385557 0.04312962 0.8032944
9.914345e-06 0.1864865 0.06667876 0.7468248
0.005649793 0.1516949 0.04675347 0.7959018
0.03220863 0.1296973 0.06026311 0.7778309
0.0388163 0.1419645 0.04265855 0.7765607
0.09982715 0.09085597 0.04841985 0.760897
0.1036213 0.06248623 0.05961476 0.7742778
0.09651083 0.07197878 0.05111957 0.7803908
0.1020673 0.08160448 0.04632984 0.7699983
0.1437204 0.03852887 0.04553555 0.7722152
0.135267 0.01260436 0.07171832 0.7804103
0.169874 0.001286758 0.05567845 0.7731608
0.1934677 0.0003095577 0.04969635 0.7565264
0.1853759 0.003650019 0.04773669 0.7632374
0.155855 0.006275519 0.06383071 0.7740387
0.1895206 0.008563433 0.05948183 0.7424342
0.1521562 0.008006645 0.05774733 0.7820898
0.1674201 0.0005674989 0.06018102 0.7718314
0.1534228 0.0006811889 0.04734428 0.7985517
0.1705794 0.005036664 0.04020091 0.7841831
0.1863759 0.0002739337 0.05303648 0.7603136
0.1457107 0.0002769486 0.05430437 0.799708
0.1659567 0.0007665734 0.06465681 0.76862
0.1615428 0.00856365 0.05889735 0.7709962
0.1663107 0.0006377013 0.05690659 0.776145
0.1772689 0.0007594071 0.04672224 0.7752494
0.1447811 0.0007998043 0.04836863 0.8060505
0.1673944 0.001492871 0.04867728 0.7824355
0.1433953 0.01813723 0.05519522 0.7832723
0.1738553 0.001615624 0.06307095 0.7614581
0.177294 0.0006515705 0.05849789 0.7635565
0.159375 0.005725772 0.04776781 0.7871314
0.1557964 0.009340852 0.0583632 0.7764996
0.1782671 0.01041491 0.05154033 0.7597777
0.1851638 0.01269464 0.06333702 0.7388046
0.1591161 0.001179528 0.06269841 0.7770059
0.1599918 0.0008806368 0.05471217 0.7844154
0.1503496 0.003704399 0.06544413 0.7805019
0.1534735 0.005435858 0.05683934 0.7842513
0.1680255 0.002048027 0.04912406 0.7808024
0.1412311 0.002315337 0.04892857 0.807525
0.1697631 0.0031517 0.05044078 0.7766444
0.1819883 0.001740422 0.05370877 0.7625625
0.1515761 0.0005467808 0.05912937 0.7887477
0.1532766 0.002254512 0.05935923 0.7851097
0.1284357 0.001920107 0.07015625 0.7994879
0.1854744 9.887871e-05 0.06537696 0.7490498
0.1707348 0.0008780185 0.0504613 0.7779259
0.163192 0.001813648 0.06155116 0.7734432
0.1564483 0.0155148 0.04925628 0.7787806
0.1789746 0.002454528 0.05088245 0.7676884
0.1489554 0.01043615 0.05300017 0.7876082
0.1644085 0.02753727 0.0417235 0.7663307
0.1749956 0.006656953 0.05085704 0.7674904
0.1580583 0.003107258 0.04984758 0.7889869
0.143258 0.005819516 0.05972249 0.7912
0.165442 0.0002872961 0.05963929 0.7746314
0.1393612 0.0001300124 0.05335834 0.8071505
0.1684736 0.001515921 0.05272282 0.7772877
0.1560017 0.001875664 0.04623713 0.7958855
0.1552695 0.005394941 0.04819145 0.7911441
0.1444901 0.02058388 0.06174416 0.7731819
0.1598536 0.003664795 0.04611713 0.7903644
0.1550113 0.01486186 0.04478289 0.7853439
0.1594228 0.0115301 0.04895342 0.7800937
0.1532428 0.001621433 0.06321415 0.7819217
0.16577 0.002553088 0.0578595 0.7738174
0.1671044 0.007127571 0.05770306 0.768065
0.1691833 0.004834036 0.05998354 0.7659991
0.159999 0.0007686233 0.05623583 0.7829965
0.1612782 0.002082296 0.06415995 0.7724796
0.1640814 0.002676058 0.06372927 0.7695133
0.138992 0.001957423 0.04927601 0.8097746
0.1759934 4.426576e-05 0.05049447 0.7734678
0.1624213 0.003818177 0.0534514 0.7803091
0.1491351 0.005298111 0.06807695 0.7774899
0.1650525 0.007308529 0.06205599 0.765583
0.1818498 0.0003327009 0.05642227 0.7613952
0.1478409 0.003213559 0.05887075 0.7900748
0.1707632 0.008784214 0.04584893 0.7746037
0.1776638 3.795663e-05 0.04759045 0.7747078
0.1716383 0.001480788 0.0558533 0.7710277
0.1544193 0.00114811 0.05412692 0.7903056
0.1785175 0.00714135 0.05893419 0.7554069
0.1571728 0.02332879 0.0746245 0.7448739
0.1556241 0.003918086 0.05656778 0.78389
0.1459093 0.000584864 0.04649629 0.8070095
0.1630957 0.005971821 0.05070892 0.7802236
0.1596489 0.002118181 0.04640108 0.7918319
0.1700756 0.003506102 0.05030423 0.7761141
0.1728141 0.002180356 0.05638107 0.7686245
0.1809335 0.007750952 0.04405088 0.7672647
0.1685309 0.002937575 0.04749886 0.7810327
0.1570924 0.004299478 0.06388512 0.774723
0.1636866 0.004809033 0.04645104 0.7850534
0.1678158 0.002538715 0.06801905 0.7616264
0.1676129 0.008017986 0.05600012 0.768369
0.1589945 0.002053672 0.04980913 0.7891427
0.1651926 0.001438511 0.04221195 0.791157
0.1485539 0.009489193 0.05581367 0.7861432
0.1670288 0.0007543401 0.05243077 0.779786
0.1668359 0.002100122 0.04618597 0.784878
0.1611012 0.001500385 0.04820442 0.789194
0.174062 0.004037226 0.04523023 0.7766706
0.1687674 0.02008915 0.05131589 0.7598276
0.1537636 0.002178447 0.06287103 0.781187
0.1649638 0.01282914 0.05596002 0.766247
0.1657725 0.0001968075 0.05831257 0.7757182
0.162966 7.55976e-05 0.05996661 0.7769918
0.1357952 0.003120184 0.06254403 0.7985406
0.1544541 0.005946932 0.04676229 0.7928367
0.1637772 0.0004414313 0.0476015 0.7881799
0.1651996 0.0006500378 0.06799672 0.7661536
0.1473495 0.001986985 0.06192134 0.7887422
0.1495762 0.02170008 0.05372993 0.7749938
0.1467573 0.001946517 0.05615087 0.7951453
0.1959722 0.001772419 0.04885911 0.7533963
0.1638317 0.001159354 0.05575904 0.7792499
0.1680196 0.003709242 0.05927813 0.768993
0.162075 0.002178656 0.05016274 0.7855836
0.1502069 0.01022046 0.0588685 0.7807041
0.192366 0.0004393186 0.05294912 0.7542456
0.1774244 0.0005291857 0.04270697 0.7793394
0.1509931 0.00174535 0.04686917 0.8003924
0.1582449 0.006446793 0.0503238 0.7849845
0.1920456 0.004795937 0.0573005 0.745858
