p_1 p_2 p_3 p_4 
0.02422287 0.1303311 0.7686999 0.07674619 
0.005552009 0.1614052 0.7792334 0.0538094 
0.03018843 0.1613079 0.7744685 0.03403514 
0.02272307 0.13808 0.7772186 0.06197828 
0.011981 0.1293207 0.7958249 0.06287339 
0.02326596 0.1343997 0.7922168 0.05011754 
0.0190251 0.08834615 0.862469 0.03015976 
0.0126434 0.1176282 0.7871988 0.08252956 
0.03573008 0.1216555 0.8033663 0.03924809 
0.008655235 0.1205969 0.8182048 0.05254311 
0.003830138 0.0851765 0.7414449 0.1695484 
0.04849874 0.1298927 0.7491498 0.07245884 
0.03158255 0.1192686 0.7834033 0.06574557 
0.001266073 0.1995392 0.7243609 0.07483375 
0.04499612 0.1625437 0.7846016 0.007858493 
0.05717578 0.205082 0.7252993 0.0124429 
0.04089812 0.1160961 0.7590261 0.0839797 
0.00798282 0.1025859 0.8131893 0.07624195 
0.02259971 0.1830844 0.755118 0.03919781 
0.06701782 0.2093499 0.662384 0.06124823 
0.06442933 0.1483568 0.7523096 0.03490426 
0.09067761 0.1513393 0.7558495 0.002133541 
0.05561219 0.1661245 0.7689548 0.009308452 
0.05229254 0.1138737 0.8211729 0.0126609 
0.03135403 0.05294218 0.8424226 0.0732812 
0.0402511 0.1810369 0.7756877 0.003024239 
0.04299938 0.1510488 0.7920634 0.0138884 
0.04624774 0.1154642 0.8241792 0.01410887 
0.1091164 0.0912114 0.78663 0.01304226 
0.08832088 0.08891678 0.8068719 0.01589043 
0.1244334 0.1075244 0.7346945 0.03334765 
0.04951194 0.09347401 0.8106829 0.04633111 
0.05475925 0.1210928 0.757485 0.06666293 
0.008513597 0.09359157 0.7571302 0.1407646 
0.004114573 0.1797314 0.7114619 0.1046921 
0.005197837 0.1658915 0.7436452 0.08526549 
0.00969605 0.1456928 0.7953803 0.04923087 
0.02797815 0.07641548 0.804438 0.09116833 
0.0004024575 0.1857522 0.7674699 0.04637538 
0.02476301 0.08252945 0.8110755 0.08163203 
0.006845182 0.1268409 0.8182369 0.04807707 
0.0006798919 0.1154816 0.8434035 0.04043496 
0.06284223 0.2054977 0.6977981 0.03386194 
0.01448723 0.1170589 0.7969729 0.07148105 
0.01721763 0.1878243 0.7264115 0.06854657 
0.02943014 0.1165064 0.8072607 0.04680268 
0.02332778 0.1606044 0.7630577 0.05301008 
0.01071349 0.1739375 0.74602 0.06932899 
0.01554486 0.1269124 0.7736822 0.08386054 
0.02850635 0.147523 0.7984028 0.02556776 
0.02130999 0.1307643 0.7647646 0.08316117 
0.04245948 0.03437669 0.8561998 0.06696403 
0.0424322 0.1370378 0.7516944 0.0688356 
0.03352797 0.1008027 0.7837453 0.08192404 
0.03338009 0.09888358 0.8369939 0.0307424 
0.0289569 0.1643713 0.7461102 0.06056162 
0.01938956 0.120405 0.8251783 0.03502721 
0.04952546 0.1386923 0.754554 0.05722825 
0.06372296 0.09618838 0.7599677 0.08012097 
0.07901023 0.1021302 0.7448217 0.07403796 
0.05418459 0.05660342 0.8243796 0.06483242 
0.04656253 0.1198787 0.7886024 0.04495637 
0.08724614 0.1184143 0.7708854 0.02345415 
0.04351221 0.1864384 0.7582212 0.01182818 
0.03212173 0.02300252 0.7395076 0.2053682 
0.01125925 0.02042312 0.7361233 0.2321943 
0.014956 0.01451677 0.8178749 0.1526523 
0.03391066 0.001230525 0.8164544 0.1484044 
0.05281981 0.009241801 0.760776 0.1771624 
0.02947381 0.0206442 0.7423029 0.2075791 
0.06474531 0.05318505 0.7602082 0.1218614 
0.07160353 0.0004550632 0.7777594 0.150182 
0.01328594 0.05742637 0.8006664 0.1286213 
0.01731298 0.09853187 0.8112828 0.07287234 
0.1428695 0.02744407 0.7977124 0.03197403 
0.1473475 0.05442983 0.7952718 0.002950856 
0.1371007 0.1085052 0.7365037 0.01789036 
0.1714118 0.03454686 0.7505671 0.04347429 
0.1847196 0.02337762 0.7020948 0.08980791 
0.08742747 0.001700582 0.8037193 0.1071526 
0.1361314 0.004766129 0.7917843 0.06731813 
0.1332095 0.016901 0.8165154 0.03337411 
0.07601299 0.03501005 0.7406571 0.1483199 
0.09533972 0.01883737 0.8153231 0.07049977 
0.08728971 0.118198 0.6993332 0.09517912 
0.1100806 0.06381026 0.8026461 0.02346302 
0.1099589 0.0674214 0.8030816 0.01953809 
0.1973993 0.1002271 0.6939568 0.008416839 
0.1560431 0.05081449 0.7568753 0.03626709 
0.1664322 0.08337811 0.7485775 0.001612255 
0.09577691 0.02550161 0.8312193 0.04750222 
0.1195702 0.04262906 0.8088725 0.02892823 
0.1211465 0.07986517 0.7851837 0.01380466 
0.07158883 0.02731238 0.8031028 0.09799599 
0.1019734 0.01521708 0.7935681 0.08924134 
0.129718 0.03396933 0.7991361 0.03717648 
0.1612866 0.01883971 0.7734662 0.0464075 
0.1187609 0.000381287 0.8495032 0.03135465 
0.1483008 0.02471127 0.7855304 0.04145744 
0.1324577 0.01723393 0.7955663 0.05474201 
0.1404169 0.03626611 0.7651251 0.05819193 
0.155251 0.01453231 0.7115853 0.1186313 
0.1239935 0.02816827 0.7915816 0.05625661 
0.1388937 0.004324472 0.7583383 0.09844353 
0.1127965 0.006647977 0.7827755 0.09778007 
0.09350641 0.008558711 0.8715552 0.02637965 
0.1501971 0.02456183 0.7701416 0.05509954 
0.1254977 0.005818745 0.8259083 0.04277526 
0.1682077 0.02632794 0.7478422 0.05762219 
0.1462863 0.001935313 0.7320476 0.1197308 
0.09010012 0.04179574 0.7345363 0.1335678 
0.1114356 0.001151821 0.8088029 0.07860965 
0.08895738 0.007445915 0.804723 0.09887372 
0.1171695 0.06452962 0.7440406 0.07426025 
0.159301 0.06158605 0.7642565 0.01485641 
0.1504906 0.1269066 0.7171202 0.005482589 
0.2066278 0.0487832 0.7090958 0.03549318 
0.09817013 0.03266931 0.8259683 0.04319228 
0.1066805 0.1004952 0.7814208 0.01140346 
0.1465394 0.04919219 0.7797804 0.02448794 
0.1107692 0.04588255 0.7643276 0.07902062 
0.1475377 0.03660366 0.8112754 0.004583204 
0.1989841 0.01622743 0.7637769 0.02101157 
0.0664832 0.09522256 0.783928 0.05436621 
0.001173418 0.08059081 0.7653115 0.1529242 
0.04833062 0.05152156 0.8393304 0.06081744 
0.05828536 0.009212391 0.8610383 0.07146399 
0.0291822 0.05957 0.7641317 0.1471161 
0.09397157 0.004753065 0.734959 0.1663164 
0.08222595 0.01316853 0.7674345 0.137171 
0.05327203 0.008842474 0.8299685 0.107917 
0.05766733 0.02027322 0.864795 0.05726441 
0.08624767 0.03312195 0.7226365 0.1579939 
0.04265993 0.05422558 0.8152152 0.08789933 
0.007656675 0.03419659 0.8047076 0.1534392 
0.03104015 0.04901277 0.8477353 0.07221176 
0.008191623 0.07289143 0.761141 0.157776 
0.002601529 0.08287512 0.6967997 0.2177236 
0.02089884 0.06346525 0.8285573 0.08707859 
0.1578195 0.002590817 0.7585685 0.08102117 
0.06090849 0.101352 0.7663088 0.07143074 
0.02425296 0.08948371 0.7495201 0.1367433 
0.07408371 0.01018723 0.7797181 0.136011 
0.04575329 0.05280296 0.7844738 0.11697 
0.1198169 0.002229075 0.7517289 0.1262251 
0.0469264 0.001947742 0.791793 0.1593328 
0.03092599 0.01192188 0.843506 0.1136461 
0.02561989 0.0100759 0.8304549 0.1338493 
0.05948965 0.02873771 0.7338535 0.1779191 
0.02855855 0.02351856 0.8094024 0.1385205 
0.04175069 0.01419463 0.7734837 0.170571 
0.06816981 0.01263253 0.7610098 0.1581878 
0.04982305 0.005050627 0.8063758 0.1387505 
0.06363174 0.01582614 0.7508908 0.1696513 
0.02862789 0.05923558 0.7809732 0.1311633 
0.007203865 0.03617763 0.7436317 0.2129868 
0.01523045 0.03738104 0.8328115 0.114577 
0.03082067 0.07350938 0.7374139 0.158256 
0.00636161 0.06144378 0.8294324 0.1027622 
0.01679704 0.06004002 0.8014967 0.1216663 
0.008272456 0.08967578 0.7836466 0.1184052 
0.1302213 0.07981984 0.7836708 0.006288062 
0.1794957 0.0373843 0.7590896 0.02403043 
0.1534667 0.07469832 0.7372135 0.03462147 
0.1082237 0.06155433 0.8253567 0.004865265 
0.1419347 0.05529855 0.7631062 0.03966063 
0.1866521 0.08449048 0.715978 0.01287943 
0.118703 0.05959895 0.7843439 0.03735416 
0.2528085 0.02325638 0.7087434 0.01519176 
0.1664384 0.04200916 0.7748339 0.01671857 
0.1055301 0.04227252 0.752078 0.1001194 
0.162525 0.01634198 0.7635969 0.05753612 
0.2154858 0.03714473 0.6278372 0.1195323 
0.1299411 0.004195029 0.835138 0.03072581 
0.166253 0.002142256 0.7786784 0.05292634 
0.0879183 0.01199476 0.8291261 0.07096081 
0.1548856 0.006428761 0.7815761 0.0571096 
0.1288885 0.02045591 0.7852972 0.06535844 
0.08289139 0.04521316 0.8697363 0.002159112 
0.1898364 0.06600928 0.7154474 0.02870693 
0.1269426 0.05860356 0.7828167 0.03163722 
0.1975929 0.0377231 0.7631841 0.001499845 
0.1591436 0.06549751 0.7742698 0.001089086 
0.09907968 0.03673768 0.8319001 0.03228251 
0.1295915 0.00588701 0.7845675 0.07995391 
0.1325805 0.00852613 0.7837796 0.07511379 
0.1391342 0.0228076 0.8028326 0.03522565 
0.1836995 0.06209869 0.6764117 0.07779014 
0.03749392 0.09489658 0.861151 0.006458474 
0.1556345 0.09590067 0.7403099 0.008154914 
0.08286064 0.09166673 0.7929996 0.03247299 
0.1708387 0.005681612 0.7724422 0.05103749 
0.1382313 0.006396669 0.7970537 0.05831834 
0.1224872 0.1153908 0.758347 0.003775004 
0.1147768 0.102487 0.7346004 0.04813573 
0.1859229 0.05625615 0.7512247 0.006596205 
0.1221756 0.07199157 0.7642651 0.04156777 
0.131992 0.04465542 0.784068 0.03928458 
0.1677888 0.06211923 0.7602118 0.009880165 
0.1106265 0.04810977 0.8064569 0.0348068 
0.1238616 0.02050491 0.8315672 0.02406628 
0.1487725 0.06463497 0.7602217 0.02637083 
0.09734053 0.05476441 0.8396805 0.008214542 
0.1697463 0.02524835 0.7698901 0.03511522 
0.1038883 0.03958587 0.8207864 0.03573946 
0.07915823 0.07178671 0.7895143 0.05954074 
0.1055809 0.08342289 0.7900096 0.02098662 
0.1174279 0.08081788 0.7882513 0.01350293 
0.1635455 0.08653434 0.7360768 0.01384332 
0.08818702 0.06773541 0.7890944 0.0549832 
0.144243 0.02879258 0.8253576 0.00160676 
0.1959283 0.09968472 0.7032616 0.001125395 
0.1145287 0.08538749 0.763737 0.03634685 
0.1656028 0.03059525 0.7883298 0.0154721 
0.1123313 0.08811655 0.7796311 0.01992104 
0.09414853 0.09302641 0.8097314 0.003093639 
0.1306405 0.08840011 0.7644998 0.01645951 
0.09456733 0.02106416 0.8461047 0.03826378 
0.114668 0.0338673 0.8223892 0.02907559 
0.1093033 0.03850456 0.850863 0.001329145 
0.116664 0.04870432 0.8009164 0.03371526 
0.110136 0.1104292 0.7637765 0.01565834 
0.08958931 0.09138396 0.7918226 0.02720415 
0.1102118 0.05657051 0.7569083 0.07630947 
0.1547428 0.08029345 0.7501075 0.01485624 
0.1369338 0.01876789 0.8406914 0.003606926 
0.08582775 0.03535776 0.8081229 0.07069157 
0.08772461 0.05995641 0.814333 0.03798594 
0.128752 0.01788664 0.7672418 0.08611963 
0.125558 0.007637721 0.7683388 0.09846548 
0.1506809 0.008942869 0.7683764 0.07199982 
0.09356221 0.004946932 0.824957 0.07653389 
0.08695986 0.1076248 0.798756 0.00665935 
0.1256793 0.008199566 0.7993774 0.06674374 
0.1214116 0.04321599 0.816224 0.01914836 
0.1145453 0.03769807 0.7785934 0.06916323 
0.2597039 0.02727603 0.6876171 0.02540289 
0.1597389 0.05988743 0.7570086 0.0233651 
0.09727764 0.04283928 0.8467535 0.01312954 
0.1255799 0.02720296 0.8035901 0.04362706 
0.1990776 0.04505075 0.7284891 0.02738251 
0.1845775 0.04652527 0.7305464 0.03835075 
0.1131482 0.07864416 0.7829169 0.02529071 
0.1674299 0.09466286 0.7100339 0.0278733 
0.1691055 0.1071673 0.7230454 0.0006818049 
0.05411187 0.09328875 0.8388698 0.01372956 
0.08758138 0.09783824 0.7771672 0.03741318 
0.1641286 0.08089691 0.7403885 0.01458599 
0.111484 0.138142 0.7216905 0.0286835 
0.1906585 0.06464576 0.7170879 0.02760781 
0.1096955 0.05547791 0.8271773 0.007649294 
0.1045807 0.03563609 0.8563014 0.003481867 
0.1443368 0.06119297 0.7803859 0.01408431 
0.2179326 0.01071488 0.7151313 0.05622115 
0.2089274 0.02127602 0.7629837 0.00681289 
0.08413853 0.1066635 0.781019 0.02817898 
0.07398654 0.1295504 0.7659361 0.03052686 
0.004541465 0.1728234 0.7542896 0.06834549 
0.0007063195 0.1260596 0.8297245 0.04350961 
0.002822854 0.1829373 0.7232422 0.09099762 
0.04995267 0.1616804 0.7471233 0.04124367 
0.06026477 0.09506624 0.8324789 0.01219012 
0.07069338 0.1558133 0.7671835 0.00630982 
0.08229311 0.1310449 0.7582917 0.02837034 
0.06283156 0.1537312 0.7646425 0.01879474 
0.0714233 0.1379263 0.7682047 0.02244564 
0.06737247 0.1265737 0.7814327 0.02462106 
0.06037084 0.1219875 0.7883458 0.02929592 
0.0664348 0.1230565 0.7813503 0.02915842 
0.04414693 0.2052615 0.7346961 0.01589551 
0.1197609 0.01323973 0.8210075 0.04599188 
0.2099542 0.0233899 0.7015319 0.06512396 
0.2060164 0.08108782 0.7037329 0.009162922 
0.1796617 0.05160101 0.571447 0.1972903 
0.1584483 0.04900367 0.771941 0.02060704 
0.195939 0.06150004 0.7275304 0.01503063 
0.1595988 0.03575421 0.7857334 0.01891364 
0.1330742 0.05964552 0.7989624 0.008317872 
0.1524151 0.02427278 0.8025224 0.02078968 
0.09729354 0.03360148 0.8455126 0.02359234 
0.1013402 0.1227414 0.7594399 0.01647846 
0.09802427 0.0845692 0.7951374 0.02226918 
0.1296216 0.04742892 0.7802256 0.0427239 
0.1459347 0.07426198 0.7598761 0.01992728 
0.1406701 0.08791599 0.7321864 0.03922748 
0.144325 0.1147071 0.7188646 0.02210339 
0.0715199 0.001852064 0.8407785 0.08584952 
0.1510345 0.01442239 0.7744417 0.06010139 
0.08253532 0.03616628 0.8219695 0.0593289 
0.1095124 0.0129714 0.8520667 0.02544943 
0.1131352 0.01642906 0.7748377 0.09559804 
0.1393068 0.0464772 0.7768856 0.03733039 
0.1521334 0.02584832 0.815367 0.006651263 
0.1373634 0.05717915 0.7897374 0.01572002 
0.1341092 0.02984877 0.8324789 0.003563125 
0.1564541 0.05773619 0.7589972 0.02681251 
0.09281212 0.01510985 0.8009794 0.09109864 
0.1604378 0.04759126 0.7032987 0.08867226 
0.1739924 0.01850873 0.6817976 0.1257012 
0.1192743 0.06512638 0.6634958 0.1521035 
0.1231036 0.03787915 0.7320222 0.1069951 
0.08709502 0.001838753 0.7992615 0.1118047 
0.1088104 0.002433554 0.836044 0.05271208 
0.1593755 0.05413855 0.6584674 0.1280185 
0.08773923 0.04156686 0.8019672 0.06872675 
0.06407171 0.1996418 0.7315746 0.004711836 
0.005938386 0.1512988 0.8011592 0.04160367 
0.04323452 0.001954124 0.8114163 0.143395 
0.081296 0.006011725 0.8067707 0.1059216 
0.06843549 0.00230621 0.7412679 0.1879904 
0.02609537 0.0125128 0.8647957 0.09659615 
0.07532833 0.01367939 0.7977469 0.1132454 
0.05880086 0.01558145 0.8082027 0.117415 
0.09014569 0.006366306 0.7680766 0.1354114 
0.09007245 0.0299404 0.7909151 0.08907203 
0.02781809 0.003922693 0.8638131 0.1044461 
0.07049871 0.03528874 0.7419091 0.1523034 
0.02416754 0.02516163 0.7569584 0.1937124 
0.05447037 0.00210227 0.7876202 0.1558071 
0.02678763 0.004262055 0.8331889 0.1357614 
0.05661862 0.01660869 0.7820946 0.1446781 
0.07635518 0.05021205 0.6940128 0.17942 
0.03170034 0.001617401 0.8525681 0.1141141 
0.1063506 0.04798217 0.6771226 0.1685447 
0.09592793 0.0201807 0.6974881 0.1864033 
0.04198918 0.01087073 0.7452226 0.2019175 
0.07645625 0.0157612 0.7937358 0.1140468 
0.06995696 0.05500639 0.8183261 0.05671051 
0.1078502 0.02387444 0.806036 0.06223942 
0.03364959 0.05155596 0.806726 0.1080684 
0.01360486 0.02376545 0.8002998 0.1623299 
0.0902062 0.0346516 0.7491034 0.1260388 
0.07712739 0.01788585 0.6978404 0.2071464 
0.06269064 0.008711356 0.7991634 0.1294346 
0.07404631 0.009303502 0.7374162 0.179234 
0.07712711 0.02223422 0.7337337 0.166905 
0.05005762 0.04748438 0.7777167 0.1247413 
0.03057826 0.06626106 0.7824519 0.1207088 
0.05522334 0.03568579 0.7588866 0.1502043 
0.03521174 0.07823814 0.673925 0.2126251 
0.00683898 0.03333063 0.8073252 0.1525052 
0.1402087 0.01852068 0.7362495 0.1050211 
0.07029091 0.03778788 0.7841681 0.1077531 
0.03256487 0.07218398 0.7831168 0.1121344 
0.00441382 0.02651417 0.8450821 0.1239899 
0.008066142 0.06734616 0.771491 0.1530967 
0.1039182 0.02227554 0.7729268 0.1008795 
0.01970983 0.09032791 0.7361186 0.1538436 
0.01090156 0.1101533 0.7367961 0.1421491 
0.006167572 0.04447297 0.8598457 0.08951374 
0.02490655 0.04667962 0.7434736 0.1849402 
0.00417464 0.04915161 0.7920061 0.1546677 
0.01117664 0.06327209 0.7544484 0.1711028 
0.1290888 0.03179606 0.734294 0.1048212 
0.08615337 0.004990077 0.7945018 0.1143548 
0.005285883 0.07527353 0.7977695 0.1216711 
0.04392005 0.0004604945 0.8333714 0.122248 
0.06349412 0.01961805 0.7441825 0.1727054 
0.05155963 0.004381112 0.7811733 0.162886 
0.1132214 0.01125401 0.7478425 0.1276821 
0.05074191 0.0308136 0.8101884 0.1082561 
0.05640317 0.002255543 0.772324 0.1690173 
0.05987238 0.04907473 0.7971111 0.09394179 
0.03225491 0.01298964 0.8422866 0.1124689 
0.04042256 0.03495289 0.7818254 0.1427992 
0.06049408 0.04223089 0.8207863 0.07648869 
0.08906273 0.010509 0.7530052 0.1474231 
0.03469728 0.03940506 0.7759849 0.1499127 
0.03531713 0.009167617 0.8193328 0.1361825 
0.1227386 0.1147596 0.7575578 0.004943963 
0.03749591 0.1655245 0.7853026 0.01167695 
0.05177023 0.1545592 0.7930097 0.0006609513 
0.09957014 0.2174487 0.6544405 0.02854058 
0.1281804 0.1061997 0.7524485 0.01317133 
0.07246041 0.1582986 0.7630083 0.006232699 
0.05559512 0.08966613 0.8189656 0.03577316 
0.001627224 0.08241913 0.7926194 0.1233343 
0.04205901 0.1139051 0.7606582 0.08337764 
0.02623838 0.1052345 0.8254147 0.04311238 
0.01182173 0.1462197 0.8008272 0.04113135 
0.06766524 0.1630723 0.7279441 0.04131837 
0.06886908 0.09228201 0.803335 0.03551388 
0.09714899 0.1198527 0.7263527 0.05664562 
0.0002321176 0.1071735 0.8243054 0.068289 
0.008878646 0.1320353 0.7908057 0.0682803 
0.006351839 0.1799379 0.7831334 0.03057685 
0.03099771 0.07682642 0.8734793 0.01869658 
0.02047963 0.1293414 0.7658351 0.0843439 
0.01129499 0.1328693 0.7909656 0.0648701 
0.01896177 0.1666429 0.7761539 0.03824143 
0.02224041 0.2116957 0.7292098 0.03685404 
0.008953691 0.1529758 0.7953383 0.04273218 
0.03826316 0.1576996 0.7682616 0.03577569 
0.02478257 0.1954474 0.7085257 0.07124431 
0.05772724 0.06622555 0.8039137 0.0721335 
0.008906506 0.1411901 0.8009361 0.04896732 
0.04235092 0.2141312 0.7064737 0.03704422 
0.033146 0.1196995 0.7524845 0.09466992 
0.04686535 0.09668931 0.7852084 0.07123698 
0.0174152 0.1440174 0.7848448 0.05372266 
0.08174789 0.09755146 0.6960221 0.1246786 
0.07307165 0.09037323 0.7985533 0.03800183 
0.1292905 0.02721093 0.7875341 0.05596449 
0.1126419 0.03136414 0.8033378 0.05265614 
0.05651446 0.08408226 0.7546875 0.1047158 
0.03573792 0.04779271 0.7099342 0.2065352 
0.02403081 0.0417906 0.801703 0.1324755 
0.04411852 0.0426244 0.778435 0.1348221 
0.00626791 0.03314479 0.8475799 0.1130074 
0.03160712 0.1053484 0.7111558 0.1518887 
0.02442035 0.0905166 0.8433938 0.04166925 
0.01958761 0.08100217 0.7619084 0.1375018 
0.006470106 0.0393656 0.7959546 0.1582097 
0.01089147 0.03037898 0.8310869 0.1276426 
0.03471475 0.04285567 0.7952707 0.1271588 
0.0313224 0.08590487 0.7973033 0.08546943 
0.02556735 0.07508655 0.7590986 0.1402475 
0.01329758 0.05195905 0.7942189 0.1405245 
0.03396108 0.04535415 0.8192972 0.1013875 
0.06052922 0.0399123 0.7849438 0.1146146 
0.06371643 0.003608709 0.8149714 0.1177035 
0.137956 0.002310225 0.6790479 0.1806859 
0.105175 0.004554106 0.7915616 0.09870929 
0.1016988 0.04654772 0.7039973 0.1477562 
0.102844 0.03810883 0.7758459 0.08320131 
0.003460095 0.1062693 0.73931 0.1509606 
0.01103381 0.09444259 0.7631706 0.131353 
0.01572275 0.08633011 0.7276706 0.1702766 
0.02497983 0.05426335 0.7988025 0.1219543 
0.005009999 0.07119478 0.8240183 0.09977688 
0.001110734 0.07425131 0.8263717 0.09826628 
0.06214095 0.01464319 0.8134757 0.1097401 
0.05284367 0.1094623 0.7546042 0.08308981 
0.07937319 0.06241779 0.7792068 0.07900217 
0.003687817 0.05425665 0.7634171 0.1786384 
0.04570036 0.05893628 0.7886901 0.1066732 
0.04421467 0.05404175 0.8385778 0.06316577 
0.03155791 0.1081752 0.7747817 0.08548514 
0.02871079 0.0186483 0.8032444 0.1493965 
0.002071139 0.01369616 0.7990175 0.1852152 
0.02075943 0.02628987 0.8799855 0.07296519 
0.001077462 0.07724822 0.7228105 0.1988638 
0.09119448 0.1207091 0.7240307 0.06406566 
0.01044275 0.06593142 0.8415111 0.08211469 
0.02520668 0.02828086 0.8148353 0.1316772 
0.04698973 0.01170443 0.8426392 0.09866661 
0.1021283 0.01105811 0.6929428 0.1938708 
0.04613866 0.007668543 0.8399728 0.10622 
0.08331194 0.02578419 0.7772686 0.1136353 
0.0326195 0.03232482 0.8317902 0.1032654 
0.05053259 0.0290392 0.7649438 0.1554844 
0.0701851 0.07488912 0.7654222 0.08950353 
0.01723698 0.04698712 0.8128422 0.1229337 
0.00524148 0.01228114 0.7172027 0.2652747 
0.05913159 0.0431059 0.7513392 0.1464233 
0.04535454 0.08108269 0.6953296 0.1782332 
0.003285588 0.1065976 0.751335 0.1387818 
0.06016473 0.003490613 0.7845393 0.1518054 
0.0434004 0.02056362 0.8291872 0.1068488 
0.07039708 0.01428239 0.7437199 0.1716006 
0.04945573 0.02185668 0.7939214 0.1347662 
0.07274863 0.1065481 0.6848658 0.1358374 
0.05610045 0.0992208 0.8400206 0.004658134 
0.07483267 0.08974296 0.8344132 0.001011164 
0.04238336 0.1911285 0.7552615 0.01122665 
0.1028282 0.1169829 0.7755879 0.004600992 
0.0783088 0.1294662 0.7869179 0.005307202 
0.0788203 0.1465023 0.7661196 0.008557857 
0.07710862 0.2134255 0.6702495 0.03921639 
0.05680076 0.1732849 0.7415421 0.02837219 
0.06054559 0.1925055 0.7283569 0.01859208 
0.03741593 0.14359 0.8149812 0.004012933 
0.06744162 0.1038162 0.8126284 0.01611378 
0.04879648 0.1622794 0.7822637 0.006660404 
0.03605321 0.1364658 0.7987195 0.02876151 
0.04733268 0.1536917 0.7340982 0.06487742 
0.1115968 0.1001409 0.7854852 0.002777169 
0.07136982 0.0966979 0.7715255 0.06040682 
0.04030168 0.1308769 0.8282697 0.0005517535 
0.05922716 0.1433723 0.760888 0.03651251 
0.05256708 0.1331494 0.8075873 0.006696208 
0.04471613 0.1131017 0.787302 0.05488017 
0.05396305 0.1445556 0.7809757 0.02050568 
0.04631283 0.1146528 0.8269943 0.01204011 
0.02806168 0.1283078 0.8381968 0.005433722 
0.03926887 0.2137621 0.7386526 0.008316405 
0.04643852 0.2054425 0.742191 0.005928001 
0.00394615 0.0865735 0.8815983 0.02788202 
0.0302411 0.09892604 0.7978108 0.07302207 
0.009082496 0.1466498 0.8049892 0.03927848 
0.02616826 0.1207005 0.8065191 0.04661215 
0.03190139 0.13941 0.6947236 0.133965 
0.02537311 0.1352549 0.7209643 0.1184078 
0.0188538 0.1317609 0.8232614 0.02612388 
0.04624656 0.06642388 0.8208589 0.06647066 
0.09061684 0.06882872 0.8178759 0.02267852 
0.03867821 0.152469 0.7379178 0.07093501 
0.0005804342 0.17923 0.7649019 0.05528768 
0.004176806 0.1319487 0.8385868 0.02528766 
0.03821645 0.2125891 0.7085169 0.04067758 
0.02004011 0.08511586 0.8510023 0.04384168 
0.01475022 0.1237091 0.7886474 0.07289327 
0.00319443 0.07988994 0.8382389 0.07867678 
0.07554747 0.123994 0.7601303 0.04032817 
0.02330328 0.05576924 0.8308743 0.09005314 
0.0167475 0.1582176 0.7726115 0.05242339 
0.07189521 0.09874841 0.8029641 0.02639226 
0.05609387 0.1933154 0.7399142 0.01067647 
0.03115323 0.1025526 0.8406986 0.02559556 
0.0755409 0.1441652 0.7799541 0.0003398613 
0.06201912 0.07401307 0.8223929 0.04157486 
0.01000399 0.1653533 0.7771669 0.04747577 
0.03391115 0.06230507 0.8061008 0.09768301 
0.03310106 0.1240706 0.7947249 0.04810341 
0.1278613 0.03903389 0.7780344 0.05507045 
0.1391399 0.04114415 0.7950098 0.02470615 
0.11842 0.005855182 0.80672 0.06900482 
0.1202412 0.03071774 0.7723307 0.07671029 
0.1456658 0.06558953 0.6980001 0.09074454 
0.1503459 0.01723226 0.7510866 0.08133523 
0.1165496 0.02024387 0.796494 0.06671251 
0.1527958 0.01573338 0.7955642 0.03590663 
0.1014225 0.04047746 0.8520774 0.006022648 
0.1939564 0.1239562 0.6731864 0.008901017 
0.1034947 0.1541976 0.6983159 0.04399178 
0.0940162 0.03766383 0.8218383 0.04648165 
0.1284571 0.09715201 0.7731317 0.001259141 
0.1848697 0.07626041 0.7365374 0.002332496 
0.1202126 0.02419077 0.8529166 0.002680021 
0.176351 0.04811925 0.734809 0.04072069 
0.07399845 0.05943145 0.7370598 0.1295103 
0.02679122 0.0893421 0.7545243 0.1293424 
0.01912068 0.04040344 0.8190738 0.1214021 
0.01843202 0.06946021 0.7959551 0.1161527 
0.06923121 0.02350861 0.8125122 0.09474794 
0.04564275 0.04022743 0.788703 0.1254268 
0.04865468 0.05584409 0.7776341 0.1178672 
0.08800454 0.01320733 0.7718407 0.1269475 
0.04883248 0.02096608 0.8496044 0.080597 
0.07944825 0.03947803 0.7505736 0.1305001 
0.03971625 0.02617106 0.8165772 0.1175355 
0.02113324 0.09962083 0.7311219 0.148124 
0.01157285 0.0203426 0.8952553 0.07282927 
0.003366833 0.06140639 0.7595879 0.1756389 
0.02508612 0.06727906 0.7353363 0.1722986 
0.05655469 0.07368718 0.7420538 0.1277043 
0.08659424 0.08774622 0.7125152 0.1131444 
0.01265973 0.06225668 0.7852174 0.1398662 
0.003329471 0.04865682 0.8056514 0.1423623 
0.008392562 0.07890124 0.7821214 0.1305848 
0.1246017 0.04289173 0.7850643 0.04744227 
0.07823315 0.1042541 0.8119846 0.005528169 
0.05466214 0.08309304 0.8559483 0.006296488 
0.1406055 0.05957546 0.7822618 0.01755717 
0.04025347 0.08457547 0.8324164 0.04275462 
0.1576403 0.05967002 0.7792779 0.003411748 
0.1327279 0.06919647 0.7869176 0.01115804 
0.1167393 0.03261976 0.8057488 0.04489216 
0.1812177 0.06309142 0.7290314 0.02665947 
0.06914582 0.07197054 0.8148284 0.04405523 
0.2590984 0.000458179 0.7119265 0.02851688 
0.1315703 0.00125165 0.7846033 0.08257472 
0.1480097 0.01240571 0.7735616 0.06602293 
0.1235097 0.01741852 0.7866598 0.07241201 
0.1590835 0.03795151 0.8003708 0.002594122 
0.1096603 0.001271152 0.8407159 0.04835267 
0.1520834 0.02052578 0.7710927 0.05629819 
0.106415 0.0128773 0.8598907 0.02081704 
0.1526939 0.01287022 0.7775216 0.05691428 
0.1500096 0.02726932 0.7485715 0.0741496 
0.1706268 0.0007132429 0.7728482 0.05581179 
0.1658905 0.01532749 0.7652008 0.0535812 
0.1777494 0.00474498 0.776943 0.04056264 
0.1313456 0.01501541 0.8128403 0.04079875 
0.1306437 0.03737334 0.8098644 0.02211857 
0.1106722 0.03875887 0.8261165 0.02445248 
0.141027 0.01561276 0.7705119 0.0728483 
0.1303312 0.005576545 0.8371866 0.02690562 
0.1274668 0.0002026148 0.8073374 0.06499318 
0.1847211 0.000160517 0.7545287 0.06058968 
0.1418097 0.02548449 0.8026564 0.03004943 
0.1158787 0.03887333 0.7688748 0.07637323 
0.1762378 0.01651339 0.7797136 0.02753522 
0.1076222 0.105325 0.7541805 0.03287234 
0.1006771 0.02636626 0.8714465 0.001510124 
0.1073846 0.05466539 0.7444961 0.09345384 
0.151087 0.05511006 0.7887624 0.005040537 
0.1679912 0.03594312 0.7637724 0.03229328 
0.1294965 0.1240461 0.733403 0.01305443 
0.2359985 0.05278349 0.7028163 0.008401675 
0.1593022 0.03549062 0.7700814 0.03512576 
0.2134521 0.1224561 0.6544251 0.0096667 
0.1336523 0.1229707 0.7392958 0.004081144 
0.0957627 0.04581335 0.8561565 0.002267429 
0.1263116 0.07986302 0.7798798 0.01394555 
0.1828133 0.1279165 0.6857608 0.003509424 
0.1106829 0.03741469 0.8472726 0.004629765 
0.1285514 0.06108972 0.7682629 0.04209596 
0.03586134 0.03474358 0.8591593 0.07023576 
0.1333257 0.06639413 0.7646869 0.03559319 
0.1132366 0.09998959 0.7588935 0.02788027 
0.145275 0.004539626 0.7864664 0.06371897 
0.0009417642 0.1819013 0.8012978 0.01585914 
0.06632486 0.2131055 0.714375 0.006194661 
0.06168847 0.1738181 0.7601128 0.00438057 
0.1092202 0.1991484 0.6563639 0.03526742 
0.029823 0.09585657 0.8732356 0.00108487 
0.05154398 0.124366 0.7725188 0.05157116 
0.09262131 0.1187284 0.7876657 0.0009845758 
0.06279124 0.1847368 0.7492764 0.003195574 
0.06722181 0.1338125 0.7737437 0.02522198 
0.05299208 0.1496768 0.7941246 0.003206427 
0.1018479 0.08082825 0.8074002 0.009923661 
0.08548917 0.1427155 0.7589634 0.01283196 
0.03861277 0.1392381 0.7971059 0.02504327 
0.065468 0.08284205 0.796111 0.05557895 
0.06473746 0.1131503 0.8176934 0.004418836 
0.05788628 0.1510888 0.7851071 0.005917777 
0.1157336 0.1308012 0.7342981 0.01916715 
0.07254913 0.07967021 0.8432387 0.004541998 
0.1076862 0.1340647 0.7471525 0.01109657 
0.1266098 0.1119878 0.7599956 0.001406724 
0.05901004 0.1082938 0.7411295 0.09156665 
0.006092425 0.1184293 0.8393725 0.03610584 
0.1023963 0.131935 0.7613773 0.004291398 
0.08076358 0.06273537 0.764746 0.09175501 
0.05768038 0.1393194 0.7943619 0.008638285 
0.07852649 0.1137752 0.8041505 0.00354778 
0.06640829 0.1578671 0.7522905 0.02343407 
0.07578904 0.149032 0.774736 0.0004429434 
0.08987342 0.1046901 0.7941548 0.01128165 
0.03446057 0.1424122 0.74512 0.07800726 
0.111441 0.1298898 0.7574311 0.001238106 
0.08801814 0.2242699 0.6626622 0.02504971 
0.02677357 0.1398713 0.7722906 0.06106457 
0.06939045 0.1487428 0.779725 0.002141782 
0.03313488 0.1589924 0.7984704 0.009402275 
0.05620642 0.09132837 0.7818873 0.07057788 
0.08802678 0.08048506 0.8228177 0.008670453 
0.04159099 0.1274776 0.809476 0.02145546 
0.06346849 0.1100517 0.8004213 0.0260585 
0.05327564 0.06574528 0.8059367 0.07504235 
0.05752382 0.1648941 0.7619697 0.01561239 
0.0674568 0.1181143 0.7386139 0.07581502 
0.04006076 0.1734285 0.7739107 0.01260003 
0.08682928 0.06792496 0.6843127 0.1609331 
0.07496208 0.01464534 0.8222079 0.08818473 
0.07894571 0.0321342 0.708613 0.1803071 
0.06375072 0.04593213 0.8199491 0.07036803 
0.06790019 0.01056737 0.7852545 0.1362779 
0.04733568 0.1062636 0.8462703 0.0001304303 
0.06751598 0.1514093 0.747482 0.03359278 
0.0564119 0.1027729 0.8315115 0.009303762 
0.03461586 0.1950714 0.7538349 0.01647786 
0.02973365 0.01102873 0.7803844 0.1788532 
0.06912649 0.01570678 0.785364 0.1298027 
0.01942798 0.0002304206 0.8198553 0.1604863 
0.0230017 0.008985094 0.8147267 0.1532865 
0.02936698 0.007494223 0.8180044 0.1451344 
0.009522599 0.04467152 0.8589179 0.08688794 
0.02195825 0.05200939 0.8041284 0.1219039 
0.001431271 0.0713522 0.753444 0.1737725 
0.07084006 0.06082504 0.7713335 0.09700142 
0.06650851 0.01547821 0.7577026 0.1603107 
0.04460809 0.01389591 0.8315647 0.1099313 
0.02500244 0.0006797696 0.7965759 0.1777418 
0.08701831 0.04365885 0.7696626 0.09966022 
0.08343921 0.00490507 0.7559147 0.155741 
0.07307056 0.0008787049 0.7967953 0.1292555 
0.1003015 0.003653175 0.78486 0.1111854 
0.03177107 0.01539025 0.82299 0.1298487 
0.02760167 0.03570501 0.8353838 0.1013095 
0.01764708 0.07420321 0.7868723 0.1212774 
0.03773494 0.03701162 0.781711 0.1435424 
0.04541572 0.03457014 0.8510311 0.06898303 
0.05296242 0.05450935 0.7524044 0.1401239 
0.01028635 0.02457016 0.810391 0.1547525 
0.1000867 0.04143886 0.7878312 0.07064325 
0.02983964 0.08332864 0.7885883 0.09824342 
0.02653887 0.06231597 0.7282368 0.1829083 
0.009735839 0.07060761 0.7308397 0.1888168 
0.004027947 0.09001134 0.722099 0.1838618 
0.01379015 0.08713469 0.7428351 0.1562401 
1.593374e-05 0.07130728 0.7930407 0.135636 
0.03462126 0.03806441 0.8125618 0.1147525 
0.009092543 0.05875648 0.7859431 0.1462079 
0.001321186 0.1108672 0.8019443 0.08586731 
0.05307301 0.0915625 0.729779 0.1255855 
0.04368861 0.01519005 0.8231541 0.1179673 
0.01507966 0.03509276 0.8304261 0.1194015 
0.04369781 0.01554415 0.8373923 0.1033657 
0.06460476 0.002712336 0.7913472 0.1413357 
0.07787727 0.01535822 0.7517039 0.1550606 
0.05752875 0.002778852 0.8201005 0.1195919 
0.06423147 0.00775296 0.7419807 0.1860348 
0.02172127 0.06034893 0.7793337 0.1385961 
0.07152828 0.03152703 0.7857188 0.1112259 
0.08099439 0.02018157 0.7481728 0.1506513 
0.09130685 0.003759045 0.7204009 0.1845332 
0.09911906 0.01116514 0.7353587 0.1543571 
0.07548217 0.009065989 0.7905555 0.1248964 
0.01442121 0.06311512 0.7935895 0.1288742 
0.02449295 0.07471344 0.7885447 0.1122489 
0.00196325 0.03080416 0.8758234 0.09140915 
0.04184832 0.05351958 0.7502681 0.154364 
0.003130571 0.1037715 0.7065901 0.1865079 
0.01012715 0.03362196 0.7962168 0.160034 
0.02163685 0.1407214 0.7121431 0.1254986 
0.03372512 0.09901909 0.7497318 0.117524 
0.009954021 0.08078181 0.7556567 0.1536075 
0.004963361 0.06862635 0.8178876 0.1085227 
0.003194661 0.122338 0.7454062 0.1290611 
0.05350064 0.01518161 0.8316073 0.09971048 
0.01069584 0.09346477 0.7992853 0.09655413 
0.004696746 0.02526059 0.8552589 0.1147838 
0.01180994 0.05173717 0.7345163 0.2019366 
0.005878556 0.06920671 0.838155 0.08675973 
0.02189086 0.05442641 0.8023971 0.1212857 
0.04914977 0.0589146 0.7573215 0.1346142 
0.1915007 0.0053985 0.6894056 0.1136953 
0.03704977 0.01829875 0.7850544 0.1595971 
0.04030537 0.009056839 0.82547 0.1251678 
0.1055231 0.006562829 0.8000692 0.08784492 
0.08348894 0.01275537 0.715066 0.1886897 
0.05793033 0.01177144 0.7009055 0.2293928 
0.03225793 0.1224102 0.7396133 0.1057186 
0.0007913462 0.1166761 0.7845063 0.09802617 
0.03406208 0.01147229 0.8213186 0.133147 
0.0783081 0.007333195 0.7277716 0.1865871 
0.0615102 0.02941089 0.7628973 0.1461816 
0.1673506 0.02713775 0.7333088 0.07220279 
0.05879899 0.02518205 0.740455 0.175564 
0.1018731 0.02457176 0.7563807 0.1171744 
0.03773068 0.02323724 0.8179434 0.1210887 
0.06340131 0.01269863 0.7814704 0.1424297 
0.06627121 0.03694206 0.7784184 0.1183684 
0.09346307 0.1111782 0.769695 0.02566375 
0.03305015 0.1552056 0.7954135 0.01633077 
0.0153761 0.1701422 0.7905646 0.02391707 
0.03052051 0.1410478 0.7930016 0.03543003 
0.08771187 0.108302 0.8026582 0.001327965 
0.03968569 0.20121 0.7522379 0.006866406 
0.03911975 0.1595413 0.7184699 0.08286897 
0.05417314 0.1345608 0.7928147 0.01845143 
0.0480871 0.1108523 0.7837099 0.05735074 
0.1290295 0.1091386 0.7248775 0.03695444 
0.03470465 0.0973035 0.7802929 0.08769897 
0.004840283 0.1066765 0.7397231 0.1487602 
0.1086545 0.1133582 0.773404 0.004583229 
0.02207758 0.1115732 0.8167028 0.04964643 
0.03240525 0.1224808 0.8151546 0.02995939 
0.0336159 0.1241909 0.7849703 0.05722282 
0.133846 0.06248866 0.8001749 0.003490379 
0.02952909 0.1063155 0.8393115 0.02484387 
0.08043559 0.1265872 0.7630928 0.02988441 
0.1739318 0.07675947 0.7436244 0.005684367 
0.04513858 0.1079236 0.8053685 0.04156936 
0.05474731 0.05207706 0.8691815 0.02399416 
0.01214465 0.1791977 0.7584513 0.0502063 
0.01022036 0.1518236 0.7739416 0.06401448 
0.03342557 0.1559363 0.7402241 0.07041402 
0.03583878 0.1191724 0.7948468 0.050142 
0.001535413 0.1427164 0.8230924 0.03265577 
0.002093844 0.1245276 0.821346 0.05203253 
1.289148e-05 0.170781 0.7881026 0.04110348 
0.009399148 0.1410766 0.7790306 0.07049364 
0.005253389 0.105078 0.8545483 0.03512027 
0.01298726 0.1674171 0.7969653 0.02263038 
0.0976235 0.1187917 0.7821054 0.001479374 
0.05634194 0.0663353 0.8366713 0.04065143 
0.06948445 0.1177939 0.8018918 0.01082984 
0.05717574 0.1325964 0.8058138 0.004414088 
0.06527169 0.1121511 0.7565094 0.06606786 
0.03348058 0.1555713 0.7834595 0.02748862 
0.05635219 0.1321978 0.737541 0.07390902 
0.0475721 0.1722178 0.7728939 0.007316206 
0.08952066 0.1828902 0.6991411 0.02844797 
0.03421309 0.1090856 0.7850977 0.07160357 
0.0613381 0.1348361 0.7984263 0.00539946 
0.02362329 0.1459818 0.8202123 0.01018259 
0.06123622 0.1146779 0.7976965 0.02638937 
0.06767537 0.1315752 0.7957375 0.005011926 
0.04380942 0.09962243 0.8418681 0.01470009 
0.09080775 0.1309613 0.7720548 0.006176143 
0.05036958 0.1654695 0.7782387 0.005922226 
0.02340742 0.21664 0.7346984 0.02525423 
0.07179472 0.1411412 0.7748239 0.01224017 
0.04454211 0.04139624 0.8651202 0.04894145 
0.0511224 0.1037901 0.7696167 0.07547082 
0.05181735 0.02477789 0.8323721 0.09103268 
0.04527086 0.01684184 0.7996706 0.1382167 
0.02503098 0.138549 0.8135942 0.02282578 
0.05639319 0.1641181 0.7438754 0.03561328 
0.08887478 0.1966357 0.713778 0.0007115466 
0.05531304 0.2282093 0.7018944 0.0145833 
0.0564978 0.221001 0.7210431 0.00145815 
0.06548389 0.1962034 0.7135055 0.02480728 
0.02965298 0.1079595 0.8438804 0.01850707 
0.08000007 0.1251708 0.7818439 0.01298516 
0.05975367 0.1143108 0.7921457 0.03378986 
0.07405866 0.09976217 0.8047238 0.02145536 
0.0627641 0.1258768 0.8034621 0.00789694 
0.05747089 0.09697318 0.8324128 0.01314313 
0.06999972 0.1923945 0.6600926 0.0775132 
0.05923446 0.1446446 0.7785609 0.01755999 
0.04979172 0.1744059 0.7663322 0.009470215 
0.04368673 0.1331897 0.8018247 0.02129885 
0.04625148 0.1713401 0.7212479 0.06116056 
0.02326112 0.1487481 0.7855889 0.04240184 
0.002007041 0.1106499 0.8380523 0.04929075 
0.03344054 0.1300614 0.7611845 0.07531355 
0.02127291 0.113851 0.8020444 0.06283171 
0.04255454 0.1702543 0.7531006 0.03409055 
0.08715701 0.1307424 0.7321142 0.04998646 
0.0002502869 0.1229079 0.719455 0.1573868 
0.001264225 0.07901924 0.8808957 0.03882086 
0.02249267 0.1043479 0.7331823 0.1399771 
0.03653661 0.05499984 0.8702825 0.03818102 
0.05583146 0.1434074 0.7838926 0.01686848 
0.07915156 0.1216072 0.7855019 0.01373938 
0.04611201 0.1567079 0.7947232 0.002456873 
0.04715304 0.1865689 0.7475534 0.01872467 
0.05232506 0.1166978 0.8223417 0.008635526 
0.105527 0.144283 0.7149889 0.03520106 
0.1160585 0.1014237 0.7692657 0.01325215 
0.02117597 0.1330463 0.7937069 0.05207082 
0.01522884 0.1506974 0.7734237 0.06065013 
0.003794409 0.1540325 0.7968285 0.04534462 
0.005949773 0.2084863 0.6988471 0.08671684 
0.005450649 0.09590233 0.8655512 0.03309584 
0.02613082 0.08022922 0.7880952 0.1055448 
0.06208939 0.1219222 0.7575577 0.05843068 
0.07685147 0.07742547 0.8096795 0.0360436 
0.06659035 0.1183767 0.7603004 0.05473254 
0.08610482 0.1103 0.7531568 0.05043834 
0.100842 0.09385246 0.7972268 0.008078813 
0.09709737 0.09055387 0.8033185 0.009030221 
0.0375172 0.07499639 0.8284867 0.05899969 
0.03987932 0.1371493 0.8189948 0.003976648 
0.07745231 0.1391251 0.7789966 0.004426002 
0.1366069 0.09091828 0.7657785 0.006696313 
0.08921866 0.05648092 0.8498766 0.004423787 
0.06616353 0.1799319 0.6933902 0.06051437 
0.01598733 0.09622317 0.8310808 0.0567087 
0.0342067 0.1506325 0.7531067 0.06205411 
0.1177563 0.1492818 0.7163435 0.01661836 
0.06389353 0.160223 0.7513023 0.02458111 
0.06826374 0.1109854 0.7968138 0.02393712 
0.05223747 0.09137115 0.8461804 0.01021102 
0.0356228 0.1274278 0.8133084 0.02364097 
0.06687649 0.1427828 0.7860127 0.00432803 
0.03320742 0.1934748 0.768013 0.005304734 
0.07795484 0.09806192 0.8086848 0.01529844 
0.0482087 0.1028611 0.8402969 0.008633386 
0.04712256 0.1624573 0.7826584 0.007761764 
0.04951584 0.1860627 0.7397103 0.02471118 
0.03748358 0.15541 0.796717 0.01038946 
0.02527617 0.143482 0.8246913 0.006550433 
0.05189975 0.1727199 0.7696166 0.005763693 
0.04379224 0.09630149 0.8519905 0.007915788 
0.05840688 0.2114154 0.673754 0.05642364 
0.1090243 0.07055634 0.7912362 0.02918309 
0.02246633 0.1409259 0.7507091 0.08589868 
0.02671569 0.1419851 0.7615986 0.06970059 
0.004466932 0.1469405 0.8341625 0.01443009 
0.009481166 0.1071421 0.845432 0.03794477 
0.01039544 0.07940725 0.8692678 0.04092953 
0.05854829 0.1354913 0.7319678 0.07399264 
0.01496471 0.1256483 0.8161102 0.04327683 
0.2086829 0.03512129 0.6985786 0.05761719 
0.1410014 0.005094144 0.8052898 0.04861467 
0.1230605 0.0178545 0.7781396 0.08094541 
0.1273929 0.01265023 0.8225201 0.03743683 
0.1463122 0.01075851 0.7424832 0.1004461 
0.1314986 0.04890381 0.7223491 0.09724847 
0.1564425 0.04269723 0.7681201 0.03274021 
0.1419811 0.006040342 0.790786 0.06119254 
0.1004213 0.02826688 0.8224658 0.04884602 
0.1294857 0.01184483 0.7999333 0.0587361 
0.09720657 0.06931061 0.793422 0.04006078 
0.1316408 0.001138515 0.7832876 0.08393312 
0.1010227 0.06113573 0.7946263 0.04321524 
0.1088979 0.03712387 0.7853377 0.06864047 
0.1340227 0.006209659 0.8066737 0.05309394 
0.103181 0.07293553 0.7684608 0.05542263 
0.03381595 0.03875503 0.8894974 0.03793164 
0.1584731 0.01419609 0.7543158 0.07301497 
0.09961595 0.02993038 0.8130417 0.05741194 
0.1815471 0.02093703 0.7599923 0.0375236 
0.179816 0.0136216 0.751867 0.05469546 
0.1716414 0.01624041 0.7604958 0.05162243 
0.2147686 0.03944351 0.6596942 0.08609366 
0.09608297 0.04862536 0.8482886 0.007003089 
0.1244186 0.08323934 0.7854434 0.006898709 
0.0944497 0.04722079 0.8505505 0.00777904 
0.08264383 0.03142449 0.7991541 0.08677761 
0.1856315 0.05095608 0.7238188 0.0395936 
0.1213861 0.03551857 0.741317 0.1017783 
0.05558997 0.06960996 0.8526055 0.02219461 
0.06153086 0.09182604 0.7829763 0.06366676 
0.1048117 0.03769516 0.8230117 0.03448141 
0.07872361 0.03137402 0.7992098 0.09069261 
0.140912 0.03362962 0.8091467 0.01631174 
0.1202528 0.03406128 0.8203725 0.02531342 
0.1859525 0.01833619 0.7610051 0.03470619 
0.1634165 0.002784625 0.8122347 0.02156416 
0.1242063 0.01979713 0.8203686 0.03562802 
0.1190462 0.002277245 0.80029 0.07838649 
0.1718106 0.08671372 0.7384265 0.003049156 
0.09493681 0.06915814 0.8249702 0.01093487 
0.1256504 0.06453481 0.7691407 0.04067402 
0.1142165 0.007281172 0.7539856 0.1245167 
0.08800093 0.007737147 0.7979587 0.1063032 
0.1334469 0.01272995 0.7658065 0.0880166 
0.09172737 0.01413901 0.86774 0.02639358 
0.1182748 0.0932583 0.747649 0.04081787 
0.08313187 0.05954237 0.778242 0.07908376 
0.1472356 0.07024719 0.732185 0.05033227 
0.1017552 0.07161042 0.7748588 0.05177554 
0.1057966 0.06116106 0.7859574 0.04708497 
0.1416498 0.02238252 0.8066057 0.02936199 
0.2360617 0.06368283 0.6526169 0.04763857 
0.1401376 0.00626642 0.7999959 0.05360012 
0.1365244 0.001975935 0.7514994 0.1100002 
0.04066682 0.007117362 0.8761959 0.07601996 
0.1677131 0.003837604 0.7666044 0.06184482 
0.1009649 0.05260038 0.7761541 0.07028066 
0.1376805 0.002363864 0.7799355 0.08002008 
0.1878537 0.06428214 0.7164162 0.03144801 
