"p_1" "p_2" "p_3" "p_4"
0.002714513 0.2799952 0.3799929 0.3372974
0.003746908 0.2992898 0.3866406 0.3103227
0.005835085 0.2787871 0.394124 0.3212538
0.0001658124 0.2700532 0.4127927 0.3169883
0.002837458 0.2712405 0.4112262 0.3146958
0.001164259 0.3143691 0.3792733 0.3051933
0.003917749 0.2955107 0.3734985 0.3270731
0.008439687 0.2951664 0.3825442 0.3138497
0.0073115 0.2882834 0.3755285 0.3288767
0.0007182805 0.299401 0.4041182 0.2957625
0.00570986 0.3069369 0.3967727 0.2905805
0.007180934 0.3059358 0.3853164 0.3015669
0.004682441 0.2719301 0.3719297 0.3514578
0.005447075 0.2990392 0.3760369 0.3194769
0.001663913 0.319596 0.3953868 0.2833532
0.007330218 0.2820726 0.3994112 0.3111859
0.002503684 0.2754418 0.4109257 0.3111288
0.01108505 0.2972156 0.3859802 0.3057192
0.004822174 0.3177521 0.3764054 0.3010203
0.0004148556 0.3001561 0.3901316 0.3092975
0.001166049 0.2881523 0.3991399 0.3115418
0.0003029802 0.3048056 0.3824014 0.3124901
0.01241624 0.307015 0.3721432 0.3084255
0.002576878 0.3119831 0.3741219 0.3113181
0.0003851438 0.3018004 0.3906953 0.3071192
0.001990968 0.2768111 0.4063239 0.314874
0.001913259 0.2955148 0.385678 0.3168939
0.007376446 0.2844618 0.3855878 0.322574
0.003474415 0.2934546 0.4031375 0.2999335
0.001886171 0.3219551 0.3911477 0.285011
0.004134653 0.3314405 0.3711354 0.2932894
0.00493371 0.3301761 0.3753716 0.2895187
0.004683844 0.3029237 0.4168684 0.275524
0.00304933 0.3045201 0.3758958 0.3165349
0.001647316 0.2947626 0.3893895 0.3142006
0.004871745 0.2974928 0.3747542 0.3228813
0.0005686679 0.303451 0.3822941 0.3136862
0.001591512 0.29435 0.4025402 0.3015184
0.02134392 0.296824 0.3774523 0.3043798
0.00360115 0.2880102 0.3889276 0.319461
0.001038376 0.2959855 0.3882679 0.3147082
0.00277791 0.2979929 0.3846571 0.3145721
0.009479629 0.3129741 0.3715098 0.3060364
0.00358356 0.3115916 0.3869753 0.2978496
0.005033205 0.3108652 0.3752974 0.3088042
0.004984041 0.3004662 0.3821872 0.3123626
0.001255967 0.3049235 0.3855055 0.3083151
0.002163264 0.306151 0.3907953 0.3008905
0.02605142 0.3129349 0.3747618 0.2862519
0.003576676 0.3118175 0.371165 0.3134408
0.0008959388 0.3087735 0.3891031 0.3012275
0.004188841 0.2825332 0.3906563 0.3226217
0.004031589 0.2774739 0.4106422 0.3078523
0.01301709 0.2918822 0.3535536 0.3415471
0.003658278 0.2763079 0.4017524 0.3182815
0.0008474073 0.3010635 0.3903524 0.3077367
0.006991093 0.2972315 0.3900482 0.3057292
0.00199289 0.3062953 0.3621465 0.3295653
0.0008698033 0.2835508 0.3813906 0.3341889
0.01457849 0.2956064 0.3641261 0.3256889
0.002065745 0.3166334 0.3888667 0.2924341
0.0005151468 0.3091984 0.4136659 0.2766205
0.009055638 0.3189797 0.3723543 0.2996103
0.001431314 0.2998095 0.3820349 0.3167243
0.0005240741 0.3151988 0.4034958 0.2807813
0.01057685 0.2817806 0.3809599 0.3266827
0.002639371 0.2877167 0.3826403 0.3270036
0.003686201 0.3078992 0.4155163 0.2728983
0.004006302 0.2999377 0.397427 0.2986291
0.001796217 0.2973167 0.4036067 0.2972803
8.070053e-05 0.2951925 0.3952399 0.3094869
0.001366093 0.2969735 0.3787788 0.3228816
0.001413124 0.3076485 0.3890841 0.3018543
0.004501943 0.3012621 0.3816178 0.3126182
0.001479698 0.288284 0.3753991 0.3348373
0.004492802 0.3007361 0.3730043 0.3217668
0.004326674 0.3161079 0.3730204 0.306545
0.003110093 0.2860412 0.3899513 0.3208975
0.005622162 0.3017081 0.4075452 0.2851245
0.004253334 0.2643096 0.4068852 0.324552
0.002568801 0.284944 0.3781751 0.3343121
0.001485255 0.3020129 0.3733751 0.3231268
0.004436002 0.2766145 0.4142004 0.304749
0.006810755 0.2803641 0.4064546 0.3063705
0.002735001 0.2802679 0.3969103 0.3200868
0.003447344 0.3159299 0.3903412 0.2902816
0.004851526 0.2881508 0.3807867 0.3262109
0.008362212 0.2678491 0.4049037 0.3188851
0.002780988 0.2941405 0.3668116 0.3362668
0.01133823 0.3045667 0.3831313 0.3009638
0.004674338 0.3107841 0.3714847 0.3130568
0.009277604 0.3067185 0.3594786 0.3245253
0.001454326 0.2541304 0.4255033 0.318912
0.003166626 0.3095575 0.3904594 0.2968165
0.002988302 0.2943376 0.3732292 0.3294449
0.002806293 0.3025654 0.3830104 0.311618
0.003270882 0.2943873 0.3895 0.3128418
0.004806852 0.3047585 0.3792271 0.3112076
0.007259848 0.3011502 0.3802894 0.3113005
0.02592875 0.2931785 0.365768 0.3151247
0.007216691 0.2687992 0.403104 0.3208801
0.01149719 0.2738814 0.4106976 0.3039238
0.008333322 0.3119044 0.3909368 0.2888255
0.01636962 0.2983858 0.389537 0.2957076
0.008163253 0.3036658 0.3808851 0.3072858
0.003433842 0.2715617 0.4049153 0.3200892
0.0005982406 0.3155301 0.3837018 0.3001699
0.002420506 0.2895248 0.4165113 0.2915434
0.007980013 0.2944225 0.4106169 0.2869806
0.006798338 0.2781062 0.3857939 0.3293016
0.002485768 0.2765483 0.3905988 0.3303671
0.01759712 0.3014918 0.3752177 0.3056934
0.01765955 0.2788465 0.3986608 0.3048333
0.001547568 0.2963176 0.3829777 0.3191572
3.770937e-05 0.3010502 0.3767769 0.3221352
0.00405023 0.2952342 0.387361 0.3133546
0.003006404 0.310082 0.3735444 0.3133672
0.004720383 0.3004272 0.3921152 0.3027373
0.01193063 0.2780345 0.380499 0.3295358
0.01139316 0.3063718 0.3885553 0.2936798
0.0004397997 0.2707487 0.4253235 0.303488
0.0008552225 0.3113774 0.3940714 0.293696
0.001699053 0.2819174 0.3894517 0.3269318
0.01008534 0.314137 0.3693763 0.3064013
3.536788e-07 0.2825661 0.3998639 0.3175697
0.005723226 0.3124658 0.3655695 0.3162415
0.0003035268 0.296234 0.3884003 0.3150621
0.005609801 0.2896243 0.3916032 0.3131627
0.001677127 0.2961059 0.3956102 0.3066068
0.0005185741 0.306389 0.3878072 0.3052852
0.00623236 0.3057175 0.3751566 0.3128935
0.007879794 0.2887704 0.3658966 0.3374532
0.001060994 0.2765744 0.4103216 0.312043
0.01045094 0.2821518 0.3950339 0.3123634
0.00058233 0.2953447 0.4012273 0.3028457
0.002416499 0.2889279 0.3812366 0.327419
0.001873067 0.3088917 0.3927711 0.2964642
0.002445876 0.2848003 0.3916005 0.3211533
0.0005702048 0.2804601 0.4120631 0.3069066
0.0008778366 0.291959 0.3785075 0.3286557
0.006916047 0.2758132 0.3956744 0.3215963
0.005329173 0.3059844 0.3895163 0.2991701
0.0003046434 0.3010662 0.3945618 0.3040674
0.00248864 0.2821442 0.3964625 0.3189047
0.001672549 0.3095256 0.3651334 0.3236685
0.008352904 0.2925538 0.3750616 0.3240318
0.0004471159 0.2873389 0.3805278 0.3316861
0.004036953 0.2785701 0.3830339 0.3343591
0.001194937 0.2940914 0.3634501 0.3412635
0.002699992 0.2955082 0.3805662 0.3212256
0.003200442 0.2711677 0.3980094 0.3276225
0.000203613 0.2924063 0.420137 0.2872531
0.01004408 0.3026889 0.3616952 0.3255718
0.0015695 0.2843824 0.3831644 0.3308837
0.004472487 0.2820282 0.3804343 0.3330649
0.003702849 0.3200076 0.3728976 0.303392
0.001443529 0.2981258 0.3696686 0.330762
0.001829588 0.2913525 0.3788873 0.3279306
0.001039447 0.303679 0.411676 0.2836056
0.004162525 0.2922066 0.3830928 0.3205381
0.0006659354 0.2833639 0.3980025 0.3179678
0.004839147 0.2880837 0.3992639 0.3078133
0.007328106 0.3033373 0.3947798 0.2945548
0.006056894 0.3152885 0.3847587 0.2938959
0.002122599 0.3113361 0.3744181 0.3121231
0.0007029377 0.293355 0.384807 0.321135
0.005579349 0.3156116 0.4022702 0.2765389
0.004342353 0.2851107 0.4034821 0.3070649
0.001186432 0.319961 0.3791144 0.2997382
0.01675344 0.2791688 0.3794441 0.3246337
0.005418233 0.2991485 0.375599 0.3198342
0.01368048 0.2764727 0.3841651 0.3256817
0.005433541 0.2865255 0.3898279 0.3182131
0.002501743 0.2882269 0.3900449 0.3192264
0.0006612369 0.283431 0.3934071 0.3225007
0.0004493043 0.3047366 0.3671532 0.3276608
0.003055505 0.2798123 0.3965408 0.3205914
0.005505059 0.2984713 0.3672278 0.3287958
0.001592751 0.3023364 0.3844403 0.3116306
0.01095941 0.2948841 0.3847644 0.3093921
0.008910218 0.2934231 0.3739549 0.3237118
0.001331415 0.2856089 0.3756842 0.3373754
0.001894877 0.2735567 0.3931091 0.3314393
0.009139258 0.293848 0.3817378 0.3152749
0.0007148778 0.2768626 0.4120568 0.3103658
0.00250481 0.2885473 0.3834558 0.3254922
0.008988762 0.2871004 0.3708112 0.3330996
0.006484348 0.3119617 0.3854521 0.2961018
0.01162857 0.3044342 0.3863756 0.2975616
0.004656395 0.2985601 0.3888954 0.3078881
0.0004129542 0.2989851 0.3655004 0.3351015
0.0006380083 0.2904202 0.3866996 0.3222423
0.0005667995 0.2993218 0.3832726 0.3168388
0.001646751 0.281765 0.3944637 0.3221245
0.002913413 0.3023991 0.3691676 0.3255199
0.003759757 0.2912313 0.389971 0.315038
0.004310722 0.3099556 0.3796077 0.306126
0.007344544 0.2975081 0.3963879 0.2987595
0.001486651 0.2870025 0.3758471 0.3356638
0.001998731 0.2738445 0.3897901 0.3343666
0.003452838 0.3218788 0.3875819 0.2870864
0.001621184 0.2931922 0.3758896 0.329297
0.02014973 0.2986449 0.371322 0.3098834
0.01602313 0.2808395 0.3821528 0.3209845
0.02245873 0.2982015 0.3821832 0.2971566
0.02214959 0.3159072 0.3617335 0.3002097
0.001419711 0.3123975 0.3923764 0.2938064
0.000987205 0.2896556 0.3827767 0.3265806
0.001715246 0.3218897 0.3749379 0.3014572
0.004593763 0.2915394 0.3906584 0.3132084
0.0009315792 0.2964632 0.4013066 0.3012987
0.006674212 0.3132459 0.3834512 0.2966287
0.003669274 0.2978452 0.3881075 0.3103781
0.009265093 0.291323 0.3771476 0.3222643
0.003693544 0.3099612 0.3720667 0.3142785
0.006695053 0.310018 0.3816828 0.3016041
0.003534939 0.2943941 0.4015474 0.3005235
0.001000002 0.2917667 0.4064404 0.3007929
0.01020083 0.2841805 0.3816666 0.323952
0.00942097 0.2989971 0.3718801 0.3197018
0.001669227 0.3053234 0.390939 0.3020684
0.001148275 0.2822913 0.4017699 0.3147906
0.00202654 0.280836 0.4032726 0.3138648
0.0003099359 0.2963409 0.3850649 0.3182843
0.00654668 0.2953119 0.3517176 0.3464238
0.009852431 0.2643824 0.4035964 0.3221688
0.0006164134 0.3047538 0.3895621 0.3050677
0.001252796 0.2996015 0.3730118 0.3261339
0.004609174 0.2673058 0.3924209 0.3356642
0.001031838 0.2834819 0.3926244 0.3228619
0.003718292 0.2759877 0.4242554 0.2960386
0.001609392 0.2777338 0.3703902 0.3502666
0.001198387 0.2987369 0.3838253 0.3162394
0.0003100465 0.3254819 0.3995318 0.2746763
0.006793362 0.2796803 0.3997753 0.3137511
0.005543408 0.3234087 0.3998129 0.271235
0.01218738 0.3008899 0.394886 0.2920367
0.0006910456 0.2742487 0.4206709 0.3043893
0.004539968 0.31424 0.3875577 0.2936624
0.0007555296 0.3046519 0.3904557 0.3041369
0.00274096 0.2990592 0.3705771 0.3276228
0.0006227 0.2789347 0.3925019 0.3279407
0.003792603 0.2926083 0.4163044 0.2872947
0.001459663 0.3157586 0.3913645 0.2914172
0.006742733 0.3048221 0.3990955 0.2893396
0.0003162235 0.2984217 0.3795428 0.3217193
0.001676057 0.2843597 0.4128222 0.3011421
0.00516611 0.2918805 0.379357 0.3235964
0.004433832 0.2990256 0.3766079 0.3199326
2.621005e-05 0.2849488 0.3997336 0.3152914
0.00482916 0.2963138 0.3904057 0.3084514
0.004317136 0.2973671 0.3945013 0.3038145
0.003376575 0.280055 0.3946969 0.3218716
0.008080509 0.2849748 0.3909059 0.3160388
0.0006364548 0.2693999 0.4065237 0.32344
0.009763106 0.2816697 0.3723988 0.3361684
0.0006496164 0.2896587 0.4111219 0.2985698
0.002704359 0.3028412 0.3972899 0.2971646
0.002783367 0.291454 0.3772369 0.3285258
0.003881927 0.2948944 0.3876496 0.313574
0.002285793 0.2682246 0.4072629 0.3222267
0.005266624 0.3041535 0.3980366 0.2925433
0.003848647 0.2801838 0.4135471 0.3024205
0.004988494 0.287453 0.3927122 0.3148463
0.0005609698 0.2989693 0.3939375 0.3065322
0.000535279 0.3158053 0.3675797 0.3160797
0.0001596419 0.3037614 0.3847694 0.3113095
0.007047611 0.2997718 0.3795401 0.3136405
0.00531161 0.2953987 0.3821285 0.3171612
0.006347691 0.2777107 0.377271 0.3386706
0.006283198 0.3123038 0.3744043 0.3070087
0.0005891759 0.3048142 0.3768095 0.3177871
0.01579309 0.2949613 0.3530852 0.3361604
0.05421204 0.2904845 0.3471479 0.3081556
0.2046055 0.3013574 0.1799433 0.3140938
0.3261354 0.3112131 0.05097899 0.3116725
0.1636125 0.2898865 0.2558857 0.2906154
0.1931611 0.3158175 0.1656457 0.3253758
0.2588063 0.3067196 0.1277166 0.3067575
0.1805538 0.3038119 0.2001235 0.3155108
0.1059692 0.3093734 0.2903054 0.2943521
0.06740196 0.3003634 0.295545 0.3366897
0.03682669 0.2798054 0.3624781 0.3208897
0.0008589223 0.296507 0.3821564 0.3204777
0.0004804462 0.2935692 0.3905326 0.3154178
0.01320748 0.2925619 0.3962887 0.297942
0.003150953 0.2856317 0.405091 0.3061263
0.004967712 0.286019 0.4027527 0.3062606
0.004780209 0.3004247 0.3843208 0.3104742
0.002198321 0.3129935 0.3741821 0.3106262
0.01910559 0.3077857 0.3624192 0.3106895
0.00199146 0.3046408 0.4053249 0.2880429
0.006349103 0.2864606 0.3940604 0.3131299
0.02958798 0.2862497 0.3810319 0.3031304
0.01675013 0.3002279 0.3421403 0.3408816
0.008512627 0.2834052 0.3868244 0.3212577
0.001481592 0.3184987 0.3773859 0.3026338
4.332862e-05 0.2889551 0.3845725 0.326429
0.002342094 0.3136122 0.3807353 0.3033104
0.0009142408 0.3227444 0.3778941 0.2984473
0.003138202 0.3142788 0.3718074 0.3107756
0.003063895 0.3561879 0.3737848 0.2669634
0.001623115 0.3054652 0.3915654 0.3013463
0.002532332 0.3153974 0.3646203 0.31745
0.0009689283 0.3072292 0.3997322 0.2920696
0.008786978 0.2928855 0.3745652 0.3237623
0.01389176 0.3071316 0.3620906 0.3168861
0.002452469 0.3178148 0.4007633 0.2789694
0.001709695 0.3060212 0.4056786 0.2865905
0.0009138568 0.3140161 0.3739705 0.3110996
0.002639964 0.3184186 0.3709555 0.3079859
0.003745453 0.2678774 0.4031698 0.3252074
0.003756386 0.321726 0.3961772 0.2783404
0.001829457 0.295654 0.3933168 0.3091997
0.004646323 0.3201424 0.3693518 0.3058595
0.01356939 0.3034459 0.348981 0.3340037
0.003194696 0.3197577 0.3643596 0.312688
0.005081833 0.2733907 0.3893718 0.3321557
0.0004796618 0.2947382 0.3758292 0.328953
0.002511443 0.2894677 0.4139668 0.2940541
0.00124516 0.3028884 0.3920777 0.3037887
0.003464212 0.3045559 0.3856062 0.3063737
0.001413302 0.2871629 0.4035041 0.3079197
0.00150597 0.3012261 0.3919693 0.3052986
0.003654624 0.2939455 0.3756547 0.3267452
0.001073833 0.2927478 0.4025173 0.303661
0.00641454 0.2744975 0.3696496 0.3494383
0.001289866 0.2913075 0.4030531 0.3043495
0.0003504033 0.2873773 0.3994388 0.3128335
0.0008514124 0.2552071 0.420548 0.3233935
0.004787817 0.2789209 0.3748799 0.3414113
0.001637435 0.3065824 0.3819658 0.3098144
0.01459278 0.2924029 0.384846 0.3081584
0.001133335 0.3137984 0.4000707 0.2849976
0.001083731 0.311188 0.3624358 0.3252924
0.003796985 0.3125756 0.3963725 0.2872549
0.01856297 0.2951336 0.3853247 0.3009787
0.001975326 0.2882062 0.3934005 0.316418
0.003854563 0.2945066 0.3955486 0.3060902
0.01019168 0.3079799 0.3880344 0.293794
0.001813534 0.2957944 0.3851525 0.3172395
0.006891211 0.3066865 0.3755462 0.3108761
0.003865428 0.2697469 0.4051867 0.3212009
0.004020017 0.2747773 0.4158551 0.3053476
0.001535909 0.2946639 0.393865 0.3099352
0.02227128 0.3041196 0.3640247 0.3095844
0.002444512 0.3252615 0.3739355 0.2983585
0.008756937 0.3151859 0.383378 0.2926792
0.007462977 0.3168684 0.3547455 0.3209231
0.004273843 0.3094009 0.3808946 0.3054306
0.01035207 0.2861837 0.3830491 0.3204152
0.01108311 0.3080577 0.3771465 0.3037126
0.00347255 0.2733813 0.3878953 0.3352508
0.0110718 0.3046557 0.3882202 0.2960523
0.006044791 0.2903936 0.3968033 0.3067583
0.0007675987 0.3217258 0.3844758 0.2930308
0.002475745 0.287703 0.3926752 0.3171461
0.01014841 0.3201235 0.3906285 0.2790995
0.0004043224 0.2858561 0.3996055 0.3141341
0.004146832 0.3000528 0.3616384 0.334162
0.007536098 0.3182801 0.3719594 0.3022244
0.008388709 0.3246413 0.3738536 0.2931164
0.002219768 0.2903613 0.3839544 0.3234645
0.0004723357 0.3028782 0.3671148 0.3295346
0.0002670861 0.2781943 0.4036972 0.3178415
0.001639827 0.3018206 0.3891112 0.3074284
0.0002111791 0.2730383 0.3982027 0.3285478
0.0009867873 0.2744219 0.4122232 0.3123681
0.005199975 0.3048149 0.3940416 0.2959436
0.0048443 0.2779756 0.4046181 0.3125621
0.0009616475 0.3065143 0.3741762 0.3183478
0.001559443 0.3131373 0.3729647 0.3123385
0.004807137 0.2857457 0.3855482 0.323899
0.01123707 0.311448 0.358843 0.3184719
0.00296349 0.3149495 0.3873656 0.2947213
0.001230047 0.2965645 0.4069869 0.2952186
0.002514693 0.2790802 0.3925779 0.3258272
0.008794116 0.3092799 0.3930113 0.2889147
0.002943688 0.3126929 0.3786126 0.3057508
0.0002397335 0.3172829 0.3756201 0.3068573
0.001692305 0.3008557 0.3896542 0.3077978
0.009304588 0.2882105 0.3760662 0.3264187
0.008617805 0.3160331 0.3865012 0.2888478
0.00909476 0.3100448 0.4092651 0.2715953
0.001513926 0.2777009 0.3896085 0.3311767
0.004602221 0.2970786 0.3891504 0.3091688
0.001100452 0.316056 0.3955612 0.2872823
0.03194117 0.2947663 0.3424695 0.3308231
0.002696851 0.2859412 0.3914545 0.3199075
0.00247658 0.2940851 0.3964322 0.3070061
8.047679e-05 0.2992119 0.4018863 0.2988213
0.002481872 0.2971239 0.378609 0.3217852
0.002015497 0.302191 0.3805257 0.3152679
0.001241995 0.2925096 0.3843343 0.3219141
0.02582454 0.2685398 0.3765856 0.32905
0.005533596 0.2766188 0.4268422 0.2910054
0.0003200253 0.3093525 0.3797435 0.3105841
0.001951335 0.2821561 0.4191919 0.2967007
0.007393221 0.2746871 0.4085641 0.3093556
0.01024565 0.3065905 0.3663907 0.3167732
0.006913022 0.314696 0.3765127 0.3018782
0.001463693 0.2614488 0.4256677 0.3114198
0.001231265 0.291566 0.3991542 0.3080486
0.001124399 0.3102218 0.3701836 0.3184702
0.007028056 0.3148171 0.3846154 0.2935394
0.006041807 0.290944 0.3924642 0.3105501
0.0009554521 0.2844525 0.3767913 0.3378008
0.009495269 0.2950992 0.3975081 0.2978974
0.0001924353 0.2747264 0.4064433 0.3186379
0.004149243 0.2823795 0.3841909 0.3292804
0.00192587 0.2860099 0.4063439 0.3057204
0.001603797 0.2995077 0.3969042 0.3019843
0.0008005441 0.3105876 0.3783506 0.3102613
0.006025015 0.28441 0.4118364 0.2977285
0.001612289 0.3043026 0.3678363 0.3262488
0.01185245 0.3085981 0.4043263 0.2752232
0.02187385 0.2880661 0.3832741 0.3067859
0.0114789 0.278871 0.3878053 0.3218448
0.0003025559 0.307522 0.4019095 0.290266
0.00381953 0.2751208 0.3935875 0.3274721
0.008004253 0.290863 0.3855495 0.3155832
0.002459257 0.3117057 0.3906317 0.2952034
0.002571917 0.25498 0.4299298 0.3125183
0.002621864 0.3119498 0.3826493 0.302779
0.004657369 0.3053284 0.384677 0.3053372
0.004677333 0.3124108 0.3753649 0.307547
0.01144294 0.2830354 0.4016639 0.3038578
0.003024318 0.310359 0.3783703 0.3082464
0.005190754 0.2889645 0.3993244 0.3065204
0.004018979 0.2884389 0.4078137 0.2997284
0.003426214 0.290168 0.3870081 0.3193977
0.0001675478 0.3136623 0.4106107 0.2755595
0.00523055 0.2990722 0.3826049 0.3130924
0.003096315 0.2961756 0.3377483 0.3629797
0.01985409 0.287266 0.3836889 0.309191
0.001834455 0.2923736 0.3903798 0.3154121
0.006130076 0.2756892 0.380044 0.3381368
0.005310136 0.2890481 0.3933031 0.3123387
0.00406331 0.271819 0.3814506 0.342667
0.009628451 0.2893025 0.3731159 0.3279532
0.002705903 0.2927101 0.3767336 0.3278503
0.002692763 0.2823949 0.382867 0.3320454
0.008408304 0.315901 0.3895603 0.2861304
7.914494e-05 0.2864497 0.4066537 0.3068175
0.008039957 0.2858459 0.4015885 0.3045256
0.002631082 0.3072305 0.3505696 0.3395688
0.001044861 0.3018593 0.4020346 0.2950613
0.004894782 0.2732556 0.3937442 0.3281054
0.01136699 0.2830862 0.3788518 0.3266951
0.0007995543 0.3035898 0.4009357 0.294675
0.002468586 0.2963311 0.378875 0.3223253
0.003635287 0.296569 0.4078823 0.2919134
0.0002780165 0.303058 0.3737001 0.3229639
0.0002246385 0.3213182 0.3830562 0.2954009
0.002985598 0.2876129 0.3913038 0.3180977
0.0001367957 0.299755 0.3985296 0.3015786
0.01145945 0.3177787 0.3843353 0.2864265
0.01871446 0.2955722 0.3728517 0.3128617
0.01242336 0.2801262 0.4182582 0.2891923
0.001632674 0.2917913 0.3943256 0.3122504
0.001296634 0.2961206 0.3907562 0.3118266
0.006901921 0.2726086 0.3941273 0.3263622
0.0005582932 0.3195813 0.376456 0.3034044
0.002608282 0.2980995 0.4026123 0.2966799
0.0005393569 0.3182736 0.4064072 0.2747798
0.002802542 0.2865537 0.3812882 0.3293556
0.0008593145 0.304453 0.3760539 0.3186338
0.002969975 0.2821586 0.384712 0.3301594
0.004252202 0.3071923 0.3896121 0.2989434
0.001453524 0.2941881 0.3757165 0.3286419
0.005913604 0.3034748 0.3733046 0.3173069
0.001797827 0.2872714 0.3997015 0.3112292
0.001360096 0.2785429 0.4009526 0.3191443
0.003901601 0.292724 0.3965664 0.306808
0.0002875066 0.3136675 0.3853267 0.3007183
0.01423895 0.3121014 0.3474887 0.326171
0.004907942 0.2964876 0.3940474 0.304557
0.003145976 0.2700549 0.4096069 0.3171922
0.006414812 0.2778723 0.4102089 0.305504
0.002687252 0.2892174 0.3821495 0.3259458
0.0003760379 0.301143 0.3829862 0.3154948
0.003847614 0.3156027 0.3924317 0.288118
0.005718896 0.2945138 0.3781343 0.321633
0.0009127802 0.317897 0.3827226 0.2984676
0.005203263 0.2976588 0.3934326 0.3037053
0.0001754981 0.27892 0.3816933 0.3392112
0.00539955 0.2709172 0.4246234 0.2990598
1.096568e-05 0.2656669 0.4308932 0.3034289
0.0004897276 0.284999 0.4147866 0.2997247
0.00584422 0.2757542 0.3968575 0.3215441
0.01485882 0.326121 0.3597851 0.2992352
0.007346704 0.2982084 0.3897969 0.304648
0.004171597 0.2810536 0.4074064 0.3073684
0.006066994 0.3111524 0.3941909 0.2885897
0.00188416 0.303517 0.3983359 0.296263
0.001936962 0.293621 0.3843409 0.3201011
0.001852693 0.2873515 0.4041331 0.3066627
0.002221528 0.2786295 0.4054995 0.3136495
0.004571415 0.3061619 0.3839193 0.3053474
0.006802481 0.3021722 0.3929578 0.2980675
0.02301671 0.2755478 0.3820613 0.3193741
0.0003722941 0.295007 0.3774748 0.3271459
0.00371824 0.2977489 0.3899094 0.3086235
0.0137929 0.3224696 0.3670453 0.2966922
0.001502804 0.2935073 0.3907558 0.314234
0.0002041566 0.2939211 0.4119689 0.2939059
0.005541609 0.297494 0.3872315 0.309733
0.001429909 0.3030943 0.3967536 0.2987222
0.0007596989 0.2839235 0.3843608 0.330956
0.01050257 0.3077909 0.3661949 0.3155117
0.004022881 0.3053477 0.3860902 0.3045392
0.003145232 0.3102688 0.3855584 0.3010276
0.0004700258 0.3121208 0.3628199 0.3245893
0.0009404846 0.2810705 0.3942259 0.3237631
0.02196751 0.306258 0.3621053 0.3096692
0.002680205 0.318707 0.3661871 0.3124257
0.003830783 0.277596 0.4056075 0.3129657
0.0002837183 0.2912115 0.40653 0.3019748
0.0001704479 0.2837017 0.4139368 0.302191
0.0028068 0.2801538 0.412969 0.3040704
0.007524482 0.3018424 0.3740663 0.3165668
0.004490959 0.2995745 0.392501 0.3034336
0.001088735 0.2936751 0.3909336 0.3143026
0.005533549 0.3089455 0.3837878 0.3017332
0.00145473 0.2945357 0.3850243 0.3189853
0.009599098 0.3088278 0.376229 0.3053441
0.005442124 0.2832106 0.3947932 0.3165541
0.004326074 0.2642902 0.4314239 0.2999598
0.002584001 0.2894906 0.3860594 0.3218661
0.0136711 0.2902203 0.397188 0.2989206
0.008165206 0.286349 0.3892902 0.3161956
0.008739737 0.2788903 0.3884113 0.3239587
0.003215042 0.2830382 0.3933413 0.3204055
0.003301317 0.2693692 0.3910497 0.3362798
0.0002004642 0.3007715 0.4007982 0.2982299
0.001110337 0.2875968 0.3850614 0.3262315
0.002510659 0.3139504 0.3989304 0.2846085
0.004070695 0.2875767 0.3842294 0.3241232
0.001886721 0.2824424 0.4067202 0.3089506
0.00291759 0.3024741 0.387007 0.3076013
0.0009544935 0.2938291 0.4132673 0.2919491
0.01108797 0.2802041 0.3824321 0.3262758
0.004341727 0.3130851 0.373129 0.3094442
0.001366547 0.2999705 0.3726726 0.3259904
0.002716169 0.2984683 0.39923 0.2995856
0.005856098 0.2842858 0.3797445 0.3301136
0.01598043 0.3199552 0.3720875 0.2919769
0.004047826 0.3013313 0.3555383 0.3390825
0.01552037 0.3318919 0.3640841 0.2885037
0.004161679 0.3007913 0.383977 0.31107
0.0006664623 0.2973669 0.3906291 0.3113375
0.01218062 0.3228688 0.3636579 0.3012927
0.003469514 0.3098593 0.4001404 0.2865308
0.001110758 0.28671 0.3823154 0.3298639
0.006310512 0.2978543 0.398 0.2978352
0.01011132 0.2838383 0.3710433 0.3350072
0.004214791 0.3168356 0.3510863 0.3278634
0.001669852 0.2965262 0.3899591 0.3118449
0.002631721 0.3223478 0.379817 0.2952034
0.001168231 0.2882831 0.4096582 0.3008905
0.001407746 0.3006306 0.3789416 0.31902
0.007430694 0.3098282 0.3702522 0.3124889
0.004071625 0.2847062 0.3871598 0.3240624
0.003639087 0.3032344 0.3755339 0.3175926
0.007105262 0.2771746 0.3888796 0.3268405
0.006467142 0.3056534 0.3740546 0.3138248
0.008352221 0.2880593 0.3916759 0.3119127
0.004249074 0.3160742 0.3838411 0.2958356
0.0003212345 0.2990269 0.3929514 0.3077005
0.007104433 0.2792092 0.3907775 0.3229088
0.0003211024 0.2887542 0.4177752 0.2931495
0.002323351 0.3099624 0.3883168 0.2993975
0.001071602 0.2897582 0.401891 0.3072791
0.0008535156 0.2881247 0.3886897 0.322332
0.003177129 0.2975609 0.4015502 0.2977117
0.001732176 0.2912524 0.3871981 0.3198173
0.005989076 0.2771931 0.4011038 0.315714
0.007004525 0.2850018 0.3613059 0.3466877
0.0004552448 0.3037355 0.4090388 0.2867705
0.01272922 0.3011459 0.3810283 0.3050966
0.01299359 0.2988531 0.3820606 0.3060927
0.01551022 0.3157752 0.3833126 0.285402
0.00589842 0.2756408 0.3961963 0.3222645
0.002685044 0.3274272 0.3758185 0.2940692
0.003027921 0.3128516 0.376233 0.3078875
0.001092826 0.3013505 0.4047448 0.2928119
0.007351282 0.3026536 0.3953614 0.2946337
0.004085684 0.3025413 0.3769588 0.3164143
0.005878127 0.3031005 0.3792336 0.3117877
0.01044345 0.3049863 0.3560561 0.3285141
0.005018438 0.3027814 0.3766771 0.3155231
0.002955646 0.2818638 0.3913483 0.3238323
0.004576636 0.288543 0.3986889 0.3081915
0.001304926 0.2814701 0.4099912 0.3072337
0.001714483 0.2829102 0.4177292 0.2976461
0.006756846 0.3163243 0.3684179 0.308501
0.002936257 0.2789403 0.3875954 0.330528
0.005374976 0.3144193 0.3655616 0.3146441
1.300042e-05 0.3076445 0.4059742 0.2863684
0.01104118 0.3014248 0.3864252 0.3011088
0.00143487 0.290102 0.4002058 0.3082574
0.001780505 0.3083391 0.3880983 0.3017822
0.00338815 0.2759287 0.4200528 0.3006304
0.001007327 0.2933444 0.3961002 0.309548
0.002550277 0.2698391 0.4047007 0.3229099
0.0003943737 0.3116406 0.3710113 0.3169538
0.001978381 0.2967975 0.3817856 0.3194386
0.001573254 0.3079099 0.3896777 0.3008392
0.002208597 0.2963923 0.4012025 0.3001966
0.003520954 0.3122578 0.363067 0.3211542
0.0001125326 0.2890236 0.393232 0.3176319
0.0111739 0.2924653 0.3933756 0.3029852
0.00211804 0.2963958 0.3750501 0.326436
0.002849444 0.2979036 0.3884549 0.310792
0.02523744 0.2847801 0.3840054 0.3059771
0.01157822 0.2923072 0.3764456 0.3196691
0.004050382 0.3028626 0.4077019 0.2853851
0.004381507 0.3045655 0.382603 0.3084499
0.001446127 0.2750333 0.4079915 0.3155291
0.001318368 0.2976365 0.394661 0.3063841
0.009330801 0.3322779 0.3621899 0.2962013
0.003715039 0.2750938 0.3985919 0.3225993
0.0001257429 0.3140863 0.3958689 0.2899191
0.001657904 0.2963021 0.3756211 0.326419
0.0007600827 0.2906334 0.3870606 0.3215459
0.0009747861 0.2928776 0.3818485 0.3242991
0.0005417824 0.3085485 0.3941624 0.2967473
0.01142413 0.3117694 0.3690703 0.3077362
0.0004575347 0.3084698 0.3847295 0.3063432
0.01343926 0.282593 0.391692 0.3122757
0.009933842 0.3012875 0.3973326 0.291446
0.0006128776 0.2896258 0.391825 0.3179363
0.004379383 0.2847394 0.3812112 0.3296701
0.002990515 0.2830962 0.3728914 0.3410219
0.0008199617 0.3042277 0.3974746 0.2974777
0.0003579795 0.279515 0.4029096 0.3172174
0.003568773 0.284654 0.382591 0.3291862
0.002352387 0.3074244 0.3681911 0.3220321
0.0008184731 0.297294 0.386398 0.3154895
0.007802888 0.2965743 0.3813237 0.3142991
0.004279621 0.2884739 0.3734557 0.3337908
0.004250801 0.3000674 0.3787375 0.3169442
0.009340778 0.2879785 0.3956715 0.3070092
0.001247777 0.3053943 0.3721132 0.3212447
0.004574848 0.2962585 0.389397 0.3097697
0.003109853 0.2920683 0.3693872 0.3354346
0.001492426 0.3050178 0.3838034 0.3096864
0.008098047 0.3123825 0.3785184 0.3010011
0.0009754405 0.3020756 0.3751688 0.3217802
0.006080912 0.2914941 0.3932428 0.3091822
0.009181184 0.3095477 0.3786369 0.3026342
0.01861246 0.2781213 0.3820228 0.3212434
0.01077539 0.2828723 0.4035237 0.3028286
0.005268699 0.2676068 0.4156521 0.3114723
0.001255595 0.2910087 0.3544515 0.3532843
0.008051933 0.303709 0.37175 0.316489
0.0008548936 0.3035808 0.3919693 0.303595
0.003474979 0.311768 0.385543 0.2992141
0.0006826755 0.2975208 0.3771366 0.3246599
0.00273261 0.2770802 0.3882258 0.3319613
0.004692951 0.2837776 0.3953277 0.3162017
0.0005544106 0.2640924 0.4159139 0.3194393
0.001933197 0.3044686 0.3725435 0.3210547
0.007156674 0.2990423 0.4073261 0.2864749
0.006341528 0.2900687 0.3947672 0.3088226
6.350338e-05 0.3325442 0.3817092 0.2856831
0.008823333 0.2947457 0.3679221 0.3285088
0.005986139 0.2737721 0.396914 0.3233278
0.001318788 0.315633 0.3702399 0.3128083
0.0001039024 0.2998832 0.3968396 0.3031733
0.001230847 0.3109269 0.3891011 0.2987411
0.001562188 0.2952131 0.3850457 0.3181791
0.0003430656 0.2975981 0.391845 0.3102139
0.01159355 0.3059235 0.3615327 0.3209502
0.02876588 0.3219129 0.355942 0.2933792
0.01070562 0.2925443 0.4046985 0.2920515
0.006342525 0.3129344 0.3589624 0.3217606
0.004522058 0.3129694 0.3744333 0.3080753
0.003257006 0.2851815 0.3933236 0.3182379
0.002639822 0.2715597 0.3919402 0.3338603
0.001868958 0.2794237 0.4021408 0.3165666
0.002405319 0.2749656 0.3794275 0.3432015
0.004668434 0.2967427 0.3614025 0.3371863
0.01057448 0.3088133 0.3696199 0.3109923
0.01077628 0.3162084 0.37476 0.2982553
0.001407324 0.3146817 0.3716482 0.3122627
5.259102e-05 0.2842474 0.4061339 0.3095661
0.01107757 0.2597638 0.4058275 0.3233311
0.02615652 0.2862337 0.3839296 0.3036802
0.02059869 0.2723126 0.3843941 0.3226945
0.01841244 0.2938297 0.3430646 0.3446933
0.01435141 0.2940097 0.4057021 0.2859367
0.004834315 0.3124651 0.3434689 0.3392317
0.005486499 0.3073867 0.3857026 0.3014242
0.0002478086 0.3220079 0.3652675 0.3124768
0.002476673 0.29746 0.3702856 0.3297778
6.290026e-05 0.2926912 0.3697761 0.3374699
0.005544111 0.3034896 0.3713223 0.319644
0.01635956 0.3046574 0.3830175 0.2959655
0.004006624 0.2973286 0.3864436 0.3122212
0.002165147 0.3050377 0.4042556 0.2885416
0.002867229 0.2673006 0.4058873 0.3239449
0.005103738 0.2931387 0.3862435 0.3155141
0.005708708 0.3012042 0.3582111 0.334876
0.004843678 0.2928474 0.4037254 0.2985835
0.001056567 0.2814571 0.4060913 0.311395
0.005684806 0.3004779 0.4042401 0.2895972
0.01116389 0.3003081 0.3947633 0.2937647
0.003145099 0.2924951 0.3853124 0.3190474
0.002532166 0.309367 0.3631162 0.3249846
0.006731302 0.3341671 0.3800538 0.2790478
0.004061266 0.2923122 0.398764 0.3048626
0.0003317574 0.3064835 0.3924762 0.3007085
0.00561045 0.3032366 0.4081525 0.2830005
0.00933068 0.3114834 0.3752807 0.3039052
0.01589112 0.3056996 0.3490359 0.3293734
0.003927924 0.3135405 0.3558003 0.3267312
0.003131583 0.2935305 0.3999598 0.3033781
0.0003340382 0.2842722 0.3969664 0.3184274
0.00124032 0.2902372 0.3989614 0.3095611
0.007666577 0.2976983 0.3751799 0.3194553
0.003782369 0.3042236 0.3870927 0.3049013
0.0002408328 0.3275722 0.3665896 0.3055974
0.004621471 0.2931729 0.3711936 0.3310121
0.004152384 0.298667 0.376535 0.3206456
0.01216046 0.2723137 0.3852739 0.330252
0.001966075 0.3067304 0.3769418 0.3143617
0.005975235 0.2940033 0.3746158 0.3254057
0.002542043 0.2981144 0.3729007 0.3264429
0.002077766 0.314421 0.3723608 0.3111404
0.001709048 0.302682 0.3854531 0.3101559
0.01262562 0.2979502 0.3770852 0.3123389
0.0008183701 0.3003252 0.3720371 0.3268193
0.006735816 0.2821717 0.3729006 0.3381919
0.004765087 0.3017055 0.3709321 0.3225973
0.003583785 0.2928894 0.3655445 0.3379822
0.001021039 0.2737484 0.3995892 0.3256413
0.0006322569 0.3103635 0.4052713 0.2837329
0.001347174 0.3020992 0.3837913 0.3127624
0.007755963 0.2823755 0.4016121 0.3082564
0.002588224 0.3022407 0.3834493 0.3117218
0.006934282 0.2990637 0.3916002 0.3024018
0.001671843 0.2961367 0.3644256 0.3377658
0.001472427 0.2714122 0.3930742 0.3340412
0.003413867 0.3059543 0.3864861 0.3041457
0.001865944 0.2870329 0.4114483 0.2996529
0.00295879 0.3173235 0.392879 0.2868387
0.001712059 0.3025849 0.3899693 0.3057337
0.0164505 0.2950256 0.3765518 0.3119721
0.0007483352 0.2881366 0.390912 0.3202031
0.001879198 0.2745583 0.3899414 0.333621
0.001577866 0.2778358 0.4207828 0.2998035
0.003021047 0.2914422 0.3937196 0.3118172
0.005670665 0.310844 0.3719116 0.3115737
0.002416051 0.3168573 0.3881545 0.2925721
0.001912901 0.2931075 0.3680789 0.3369007
0.001913156 0.2931722 0.3987698 0.3061449
0.0005786072 0.3270701 0.37886 0.2934913
0.008329719 0.3148082 0.3930089 0.2838532
0.0006188521 0.2999853 0.3769341 0.3224617
0.007659802 0.295749 0.3827895 0.3138017
0.007208061 0.2893644 0.3950008 0.3084267
0.002741557 0.2869097 0.4034599 0.3068889
0.001595092 0.3131925 0.3651857 0.3200267
0.008050778 0.2799198 0.3921882 0.3198413
0.003351188 0.2935084 0.4014813 0.3016592
0.0017823 0.289378 0.4070289 0.3018108
0.001991098 0.2971063 0.4127222 0.2881805
0.0001222164 0.2942793 0.3806969 0.3249016
0.00346776 0.3057346 0.3814134 0.3093842
0.0001557417 0.3235039 0.3744916 0.3018487
0.001635895 0.3038187 0.3617675 0.3327779
0.003565243 0.2808799 0.3895706 0.3259842
0.01300849 0.295522 0.3859346 0.3055349
0.008714942 0.3050806 0.365501 0.3207034
0.0091917 0.2969008 0.388208 0.3056995
0.004718461 0.2901007 0.3849677 0.3202132
0.003138544 0.2932989 0.3878361 0.3157264
0.001620947 0.2739859 0.3965391 0.327854
0.002369046 0.309558 0.3804258 0.3076472
0.003605562 0.2928336 0.3982831 0.3052777
0.00647317 0.3010401 0.3989344 0.2935523
0.0003524103 0.3008825 0.3824624 0.3163027
0.0002307455 0.2935733 0.4046676 0.3015283
0.0003457755 0.3065249 0.3857368 0.3073925
0.002455757 0.3031402 0.3932868 0.3011173
0.002982344 0.2955175 0.4103083 0.2911919
0.01616437 0.2893826 0.4058585 0.2885946
0.003751208 0.2890134 0.3866771 0.3205583
0.000401724 0.2941915 0.3955979 0.3098089
0.001638703 0.3201004 0.38436 0.2939008
0.0004584695 0.3140735 0.3578562 0.3276118
0.006748914 0.290309 0.3766475 0.3262946
0.004528957 0.2797277 0.3868674 0.3288759
0.005240294 0.2996121 0.3930145 0.3021331
0.001252168 0.2808873 0.4104364 0.3074242
0.003956652 0.2849561 0.3838008 0.3272865
0.004391399 0.2801901 0.378378 0.3370405
0.003110635 0.2987242 0.4020553 0.2961098
0.01005814 0.2848951 0.3887308 0.316316
0.00720375 0.2954832 0.3718777 0.3254354
0.0007455116 0.3096886 0.356346 0.3332199
0.003109825 0.2828263 0.4258698 0.2881941
0.002384687 0.2683031 0.4204376 0.3088746
0.01343911 0.3055164 0.3676701 0.3133744
0.0006386992 0.2940549 0.3921089 0.3131975
0.006198413 0.2986253 0.3783725 0.3168038
0.003666877 0.2764486 0.4282716 0.291613
0.00595568 0.2845253 0.4017589 0.3077601
0.008464011 0.2940414 0.3946995 0.302795
0.005925785 0.2830003 0.4112898 0.2997841
0.006492128 0.2797439 0.3657848 0.3479792
0.001100369 0.2940111 0.3873618 0.3175267
6.531772e-05 0.2825043 0.3831652 0.3342651
0.001910706 0.2887209 0.3991119 0.3102565
0.01187513 0.3098704 0.3615323 0.3167222
0.002310144 0.313405 0.4075716 0.2767133
0.01276609 0.2882579 0.3851692 0.3138068
0.002421375 0.2903731 0.389053 0.3181525
0.00946796 0.2979938 0.3736376 0.3189006
0.002441837 0.3001379 0.3735433 0.323877
0.001806597 0.3209369 0.3887819 0.2884746
0.00322941 0.294998 0.4107669 0.2910057
0.006854914 0.3047482 0.3853582 0.3030387
0.006361666 0.2938665 0.3893325 0.3104394
0.0001083448 0.3027902 0.3761187 0.3209828
4.600126e-05 0.2906448 0.4025039 0.3068054
0.003189035 0.2732529 0.3885063 0.3350518
0.004813547 0.3012592 0.374205 0.3197222
0.001649395 0.3195228 0.3725788 0.3062489
0.002195103 0.2712026 0.4098666 0.3167356
0.0009985121 0.2913412 0.3659051 0.3417551
0.001133804 0.27685 0.3910471 0.3309691
0.003567957 0.2969582 0.3708815 0.3285923
0.002184067 0.2674528 0.4006589 0.3297042
0.008303025 0.2707366 0.393029 0.3279314
0.0003586661 0.2860769 0.3930587 0.3205057
0.001389968 0.3234272 0.362977 0.3122058
0.0111352 0.3105293 0.3766598 0.3016757
0.004357152 0.2852853 0.395045 0.3153125
0.005148516 0.2830384 0.3859072 0.3259059
0.004176782 0.3047129 0.3840707 0.3070396
0.00362152 0.2964207 0.3923168 0.307641
0.006877191 0.2739244 0.4027834 0.3164151
0.0007711562 0.2993921 0.3919741 0.3078626
0.005846188 0.3191641 0.3812234 0.2937663
0.001196015 0.305344 0.3909649 0.3024951
0.002958111 0.2858086 0.4465176 0.2647158
0.001102323 0.3059193 0.4010728 0.2919056
0.002118034 0.2872676 0.3971829 0.3134315
0.0009030693 0.3062506 0.3886064 0.30424
0.003348147 0.2940006 0.3819178 0.3207334
0.008611482 0.3007975 0.3813059 0.3092851
0.001940499 0.2710802 0.3871179 0.3398614
0.002571935 0.3042865 0.4071897 0.2859518
0.008106801 0.2801181 0.4022815 0.3094936
0.00573267 0.3021662 0.3866011 0.3055
0.004463081 0.2886965 0.4178615 0.288979
0.003728566 0.2741386 0.3977376 0.3243953
0.006731545 0.3217392 0.389802 0.2817273
0.000298924 0.2883018 0.3927565 0.3186427
0.01685982 0.2977633 0.401314 0.2840629
0.005668272 0.312869 0.3922106 0.2892521
0.006727045 0.295974 0.3807662 0.3165327
0.003994211 0.3039312 0.3992832 0.2927913
0.004222125 0.3024137 0.3739735 0.3193907
0.002191989 0.2933169 0.3689925 0.3354986
0.005487964 0.3226246 0.3389583 0.3329292
0.001619479 0.3011569 0.3696337 0.3275899
0.001532956 0.272107 0.4284466 0.2979134
0.002578938 0.2916005 0.3871756 0.318645
0.00529269 0.2920991 0.4149622 0.287646
0.004932467 0.2677379 0.4106837 0.316646
0.002783274 0.2972099 0.4031905 0.2968163
0.007205643 0.2985415 0.3799824 0.3142705
0.003546931 0.2940033 0.3835328 0.3189169
0.003941537 0.2966445 0.3922149 0.307199
0.004897543 0.3034373 0.3973447 0.2943205
0.004552932 0.3078936 0.3932587 0.2942948
0.003350629 0.3006157 0.4071078 0.2889259
0.004551489 0.2944857 0.4070815 0.2938813
0.001792074 0.2951116 0.3662359 0.3368604
0.00281054 0.3055303 0.3772915 0.3143677
0.00991711 0.3185652 0.3508044 0.3207133
0.002052468 0.2911263 0.3790833 0.3277379
0.002758424 0.2957586 0.3982465 0.3032365
0.001517257 0.2891447 0.4004259 0.3089121
0.00686163 0.2983566 0.3938325 0.3009493
0.004413764 0.2807387 0.3941861 0.3206615
0.0004188776 0.3017876 0.3800023 0.3177912
0.0004623656 0.3246454 0.3856546 0.2892376
0.002272087 0.2886791 0.4111112 0.2979377
0.0009547199 0.3019855 0.3822111 0.3148486
0.0132858 0.3094253 0.3987966 0.2784922
0.004960053 0.2775673 0.4039213 0.3135514
0.001209209 0.2714187 0.4211234 0.3062486
0.000707381 0.303775 0.3738403 0.3216774
0.004709166 0.3106393 0.3719284 0.3127232
0.000937003 0.2893253 0.3998914 0.3098464
0.003579014 0.2754394 0.3974655 0.3235161
0.001968014 0.2913571 0.3923203 0.3143546
0.001422839 0.3312368 0.3758698 0.2914706
0.004942669 0.3038422 0.3927528 0.2984624
0.004584133 0.3048038 0.3875658 0.3030463
0.00541071 0.2849144 0.3931462 0.3165287
0.0008758426 0.2961919 0.3893795 0.3135528
0.00546367 0.2934091 0.3963386 0.3047886
0.005780419 0.3011335 0.3748548 0.3182313
0.004428428 0.2850433 0.3935495 0.3169788
0.0001002194 0.2908777 0.3923459 0.3166762
0.006654906 0.3022226 0.3781885 0.312934
0.005686501 0.2875237 0.3983601 0.3084297
0.002813751 0.2863871 0.385373 0.3254262
0.002879325 0.3035952 0.3802076 0.3133179
0.002573666 0.2956223 0.4018865 0.2999175
0.002667269 0.276638 0.4084144 0.3122803
0.0009410821 0.3017845 0.399902 0.2973724
0.00568272 0.2742455 0.3820857 0.3379861
0.0005711829 0.2892665 0.4240519 0.2861104
0.002444161 0.282921 0.405283 0.3093518
0.004444315 0.2937125 0.3999419 0.3019013
0.0002205959 0.2896542 0.3967857 0.3133394
0.002996921 0.2970467 0.4048593 0.295097
3.675607e-05 0.3111312 0.3757534 0.3130787
0.008779033 0.2862729 0.3978179 0.3071302
0.001403228 0.2959351 0.4048426 0.2978191
0.004270002 0.2981324 0.3923201 0.3052775
0.002235648 0.2907984 0.4062349 0.300731
0.005231984 0.2999951 0.3618396 0.3329333
0.001444666 0.2990193 0.4111363 0.2883997
0.003909243 0.3031864 0.4098435 0.2830609
0.001481637 0.2905095 0.3900318 0.317977
0.002337054 0.2940079 0.3866794 0.3169757
0.001917323 0.2917906 0.3940144 0.3122777
0.01701658 0.2933442 0.4030712 0.2865681
0.004292593 0.3030833 0.3911387 0.3014854
0.003288876 0.2814999 0.4020629 0.3131483
0.003392264 0.3028548 0.4021379 0.291615
0.0009260477 0.2794838 0.3882733 0.3313169
0.002732696 0.2933017 0.3902209 0.3137447
0.001248397 0.3129073 0.3853857 0.3004587
0.005672596 0.3076319 0.3792364 0.3074591
0.00235987 0.2686415 0.4151614 0.3138373
0.01034361 0.2827368 0.4141402 0.2927794
0.0009837304 0.2807038 0.4042928 0.3140196
0.0009331636 0.2828302 0.3915365 0.3247001
0.006910136 0.2906183 0.4164024 0.2860692
0.00650972 0.3062983 0.3806396 0.3065524
0.008248509 0.2813157 0.4087201 0.3017156
0.0001941308 0.2968031 0.3518113 0.3511914
0.006292047 0.2812237 0.3828434 0.3296408
0.001310956 0.303406 0.3732327 0.3220504
0.006048783 0.2915452 0.3737375 0.3286685
0.003015403 0.3016387 0.3917293 0.3036166
0.01854175 0.3209266 0.370633 0.2898987
0.0004963285 0.2733024 0.4089221 0.3172791
0.0006518134 0.3130199 0.377965 0.3083633
0.0002039915 0.3132762 0.3972061 0.2893136
0.001623962 0.2963628 0.4034555 0.2985578
0.0005819737 0.2871419 0.4224288 0.2898473
