p_1 p_2 p_3 p_4 
0.05895137 0.7947023 0.0240962 0.1222501 
0.04901105 0.7805351 0.04978177 0.1206721 
0.02988659 0.7995481 0.03767629 0.1328891 
0.0772207 0.7636182 0.04136337 0.1177977 
0.01472963 0.8305778 0.02158617 0.1331064 
0.03820129 0.8128259 0.01995211 0.1290207 
0.05907122 0.7405296 0.0253355 0.1750636 
0.04114247 0.8096082 0.01204459 0.1372047 
0.04066135 0.7618075 0.01860827 0.1789228 
0.00324194 0.7148169 0.07281913 0.209122 
0.01120449 0.7848701 0.04545954 0.1584658 
0.02005825 0.6678298 0.0476417 0.2644703 
0.04172705 0.8643058 0.03569996 0.05826721 
0.01060786 0.766227 0.03607982 0.1870853 
0.03449063 0.8036425 0.03556034 0.1263065 
0.02873073 0.7847818 0.002506503 0.183981 
0.04834723 0.8025573 0.03397642 0.1151191 
0.03882581 0.885203 0.04776487 0.02820631 
0.08456646 0.7960874 0.09129195 0.02805418 
0.05281474 0.8394602 0.1032716 0.004453456 
0.06806071 0.8125962 0.1173334 0.002009646 
0.04601912 0.7838409 0.1562693 0.01387068 
0.002943467 0.8112809 0.1486185 0.03715717 
0.1086971 0.8398895 0.01601495 0.03539845 
0.1070857 0.811703 0.03992792 0.04128331 
0.193454 0.7413864 0.0001382946 0.06502133 
0.07210516 0.8381094 0.01598566 0.07379974 
0.1481998 0.7515772 0.002841204 0.09738175 
0.1596886 0.7647531 0.03480145 0.0407568 
0.1416784 0.7408014 0.02942844 0.08809169 
0.1133856 0.8095599 0.0288718 0.04818269 
0.08826858 0.8050408 0.007540591 0.09914998 
0.04575451 0.8678422 0.07464417 0.01175915 
0.1511054 0.7505327 0.01833046 0.08003145 
0.09991488 0.8507851 0.004936158 0.04436389 
0.1465785 0.7819068 0.007628574 0.06388609 
0.1803913 0.7372182 0.006503993 0.07588656 
0.2431145 0.6708 0.03179488 0.05429065 
0.1287003 0.7700839 0.07851797 0.02269781 
0.1234707 0.7972316 0.06849657 0.01080106 
0.1651866 0.7737859 0.04163364 0.01939386 
0.09089211 0.7956878 0.02325822 0.09016183 
0.005113401 0.7259824 0.2212873 0.04761688 
0.02277968 0.7923557 0.1016015 0.08326313 
0.06269214 0.7989991 0.1257739 0.01253486 
0.07917659 0.7764436 0.1303368 0.01404306 
0.05569624 0.8400346 0.09850507 0.005764123 
0.06778429 0.7636281 0.1684049 0.0001827259 
0.08175641 0.7915697 0.1067043 0.01996961 
0.1129972 0.7660253 0.1067633 0.01421414 
0.06419433 0.7391203 0.1962591 0.0004262871 
0.06943353 0.7367927 0.1723797 0.02139411 
0.05679153 0.7618019 0.1747303 0.006676272 
0.05280503 0.7873062 0.1224418 0.037447 
0.08139371 0.7337261 0.134491 0.05038913 
0.06577174 0.7295129 0.1919767 0.01273858 
0.09745718 0.786338 0.1058773 0.01032753 
0.03505982 0.833926 0.1251369 0.005877339 
0.04627538 0.7695848 0.183518 0.00062191 
0.08748087 0.7007891 0.2060739 0.005656126 
0.04629597 0.7884956 0.16517 3.842752e-05 
0.08084373 0.7574612 0.1347163 0.02697875 
0.0789833 0.7624013 0.1304697 0.02814569 
0.07044034 0.7791239 0.1432038 0.007232018 
0.1000417 0.6673558 0.2052027 0.02739988 
0.09068129 0.7774468 0.1202957 0.01157621 
0.01194266 0.8081766 0.08147632 0.09840445 
0.1431965 0.8036052 0.005736357 0.04746196 
0.1346179 0.792364 0.01274543 0.0602727 
0.1515698 0.789415 0.01230889 0.04670637 
0.1703558 0.7322368 0.04621259 0.05119479 
0.1410405 0.7883356 0.01881159 0.0518123 
0.1103785 0.8058147 0.0267153 0.05709154 
0.1674763 0.7528382 0.01606599 0.06361953 
0.09889659 0.7953991 0.04094162 0.06476268 
0.1866109 0.714421 0.03572356 0.06324448 
0.07021807 0.832187 0.0143868 0.08320816 
0.1246415 0.7856092 0.001940356 0.08780901 
0.1647622 0.7629782 0.01015301 0.06210661 
0.1632193 0.7290712 0.04351034 0.06419919 
0.1472951 0.7306383 0.04880018 0.07326637 
0.07682584 0.8177322 0.0281352 0.07730674 
0.06981886 0.88111 0.0104277 0.03864346 
0.1733654 0.8001893 0.005125706 0.02131955 
0.1412277 0.7045593 0.1450276 0.009185427 
0.1613622 0.7362637 0.0324002 0.069974 
0.2756074 0.665553 0.0150675 0.04377207 
0.1963964 0.7326864 0.04838479 0.02253241 
0.1994408 0.7048636 0.06190228 0.03379325 
0.1065354 0.8181755 0.01539174 0.05989736 
0.2344891 0.6981516 0.01173266 0.05562665 
0.07281716 0.8330387 0.0553339 0.03881025 
0.1338624 0.7564751 0.0341086 0.07555389 
0.07282268 0.7352095 0.01979447 0.1721733 
0.102462 0.8032231 0.09102968 0.003285164 
0.1995155 0.7422215 0.0370589 0.02120406 
0.183924 0.7791077 0.03184421 0.005124067 
0.1817041 0.7158879 0.06817933 0.03422877 
0.156322 0.7385371 0.01827997 0.08686089 
0.1251817 0.7794692 0.0832533 0.01209574 
0.1655446 0.759688 0.05526039 0.01950699 
0.08004661 0.8315342 0.07051192 0.01790728 
0.1511503 0.7656972 0.07596491 0.007187554 
0.1130751 0.8000818 0.07266356 0.01417957 
0.1405204 0.7485042 0.07393351 0.03704188 
0.1543699 0.7675978 0.07418223 0.003850066 
0.1676184 0.7179816 0.08342595 0.03097409 
0.1583117 0.7676074 0.05691976 0.01716116 
0.1210758 0.8187419 0.05658758 0.003594765 
0.1291875 0.7874918 0.06030949 0.02301117 
0.1373669 0.7773188 0.03931277 0.04600155 
0.1198142 0.8112685 0.05624985 0.01266745 
0.003252544 0.6875647 0.09552985 0.2136529 
0.002777573 0.8428705 0.04700354 0.1073484 
0.03005173 0.7765041 0.07980054 0.1136437 
0.08254058 0.8913435 0.0159046 0.01021134 
0.1348166 0.8009865 0.06190803 0.002288893 
0.2062031 0.7531391 0.04058264 7.518883e-05 
0.154408 0.7985995 0.04659548 0.0003970752 
0.1959936 0.6626872 0.06027587 0.0810433 
0.1258339 0.7890997 0.07826101 0.006805424 
0.1205552 0.8077224 0.07155349 0.0001689185 
0.1034368 0.7743058 0.00893036 0.113327 
0.106825 0.7800535 0.01879296 0.09432851 
0.2029213 0.7322645 0.06432939 0.0004847615 
0.1181825 0.7947329 0.07646622 0.01061838 
0.1795635 0.7701897 0.04884712 0.001399649 
0.1282276 0.7927437 0.07033076 0.008697967 
0.09015518 0.8321878 0.06673035 0.01092662 
0.1569655 0.7853965 0.03841005 0.019228 
0.09900811 0.7407783 0.09149396 0.06871961 
0.1386935 0.8239231 0.01621647 0.02116693 
0.1285312 0.7619756 0.1005572 0.008936045 
0.1095648 0.7993069 0.05155877 0.03956959 
0.09680977 0.8520492 0.006291303 0.04484972 
0.1826416 0.7286148 0.03601129 0.05273229 
0.1163806 0.7781027 0.03071085 0.07480581 
0.07725026 0.7771599 0.01696211 0.1286278 
0.2181127 0.7163861 0.01966213 0.04583912 
0.1407793 0.7598453 0.06357116 0.03580423 
0.1234303 0.806337 0.06990243 0.0003302081 
0.1692659 0.808195 0.003627008 0.01891211 
0.149279 0.7711203 0.07309932 0.00650138 
0.1470705 0.8087571 0.02505004 0.0191223 
0.1202353 0.8250033 0.04897105 0.00579035 
0.1764524 0.7827454 0.03575054 0.005051662 
0.1060774 0.7754232 0.06225065 0.05624879 
0.07463558 0.8719298 0.05243839 0.0009961815 
0.1610225 0.7608594 0.0732935 0.004824695 
0.1278876 0.7812377 0.0664615 0.02441326 
0.1470618 0.7759385 0.06802809 0.008971668 
0.1317484 0.7981801 0.06582199 0.00424949 
0.2297462 0.6713964 0.09369607 0.005161354 
0.0916462 0.7763955 0.08846837 0.04348996 
0.1336638 0.7803855 0.07892491 0.007025801 
0.07363591 0.7626472 0.1244071 0.03930977 
0.1315412 0.754514 0.004846725 0.1090981 
0.1488855 0.8025489 0.002716978 0.0458486 
0.1461994 0.7777201 0.0154281 0.06065242 
0.09889772 0.8247757 0.003611424 0.07271515 
0.07383557 0.8201577 0.02747402 0.07853274 
0.07624772 0.8126967 0.05267115 0.05838439 
0.09853139 0.7858884 0.05392053 0.06165969 
0.1845881 0.7031771 0.09090672 0.02132805 
0.1684582 0.75069 0.07765837 0.003193485 
0.1296915 0.7876291 0.07731772 0.005361599 
0.1622798 0.7476591 0.08736598 0.002695053 
0.08279975 0.790434 0.1214782 0.005288074 
0.142382 0.8158921 0.02038949 0.02133636 
0.1603674 0.7433678 0.09242928 0.003835496 
0.1547101 0.7452275 0.09408919 0.005973168 
0.1870376 0.6882857 0.0879201 0.03675654 
0.1469407 0.7286041 0.1155268 0.008928351 
0.08689159 0.8489332 0.04253991 0.02163528 
0.08042538 0.7504755 0.07028416 0.09881496 
0.1381079 0.7688711 0.05113841 0.04188265 
0.1662104 0.7729665 0.03912942 0.02169365 
0.1331973 0.7450482 0.07492155 0.04683298 
0.1068642 0.8159526 0.02404217 0.05314105 
0.1954229 0.722137 0.05302931 0.02941076 
0.1285199 0.8303663 0.0380855 0.003028214 
0.1661596 0.7729821 0.04978122 0.01107706 
0.1354483 0.8005594 0.0425075 0.02148488 
0.0794687 0.8831208 0.03723647 0.0001740062 
0.1513727 0.7874075 0.02624692 0.03497287 
0.2494214 0.7116884 0.02685766 0.0120325 
0.1471971 0.7834397 0.0684089 0.0009543465 
0.1104612 0.8331598 0.04102963 0.01534933 
0.1646886 0.7525934 0.07442496 0.00829307 
0.1834413 0.7552685 0.0568525 0.004437729 
0.1278164 0.8160411 0.05041023 0.005732225 
0.132446 0.7354976 0.1251985 0.006857938 
0.03669874 0.7766631 0.1743839 0.01225419 
0.1039297 0.7512678 0.1247174 0.02008504 
0.02305444 0.8326887 0.07528761 0.06896921 
0.01263297 0.783627 0.08614805 0.1175919 
0.01142064 0.7477906 0.08656865 0.1542201 
0.01490959 0.8081006 0.1262014 0.05078839 
0.02762189 0.7537177 0.1162537 0.1024067 
0.01953678 0.7916859 0.1130102 0.07576717 
0.02702647 0.7698689 0.1158476 0.08725698 
0.06409758 0.7992427 0.07804485 0.05861485 
0.05705584 0.7119582 0.1798008 0.05118517 
0.1101176 0.7582576 0.1125012 0.01912362 
0.02563944 0.8103997 0.1544528 0.009508057 
0.04665162 0.7478 0.1956087 0.009939661 
0.06673392 0.7169843 0.2058884 0.01039342 
0.04121735 0.8530985 0.07953515 0.02614902 
0.04021633 0.854901 0.08593999 0.0189427 
0.05636026 0.7394489 0.1546164 0.04957442 
0.04797142 0.8535607 0.07525714 0.02321069 
0.05870053 0.8181342 0.1191165 0.004048792 
0.02817681 0.7816071 0.1873161 0.002900013 
0.09042423 0.7163784 0.1870409 0.00615645 
0.03244382 0.7765553 0.1890454 0.001955504 
0.05168739 0.8106673 0.129111 0.008534388 
0.09183401 0.7957922 0.08857891 0.02379485 
0.07121276 0.7659477 0.1462618 0.01657773 
0.05893345 0.7849169 0.1159303 0.04021943 
0.0627044 0.7616119 0.1217549 0.05392883 
0.0364056 0.8488856 0.1039564 0.01075237 
0.02299843 0.7463332 0.1397229 0.09094554 
0.01431652 0.7434781 0.1893615 0.05284396 
0.02011498 0.7016639 0.2040232 0.07419793 
0.03709638 0.8381775 0.07831261 0.04641353 
0.0167666 0.7358206 0.1927003 0.05471248 
0.002719344 0.7583943 0.1667596 0.07212678 
0.0288611 0.7483458 0.1420402 0.08075286 
0.00451895 0.812882 0.1280216 0.05457743 
0.04178516 0.7610806 0.1233824 0.07375179 
0.07104698 0.7395381 0.07513259 0.1142823 
0.01613767 0.8438517 0.0905538 0.04945686 
0.05303449 0.7825903 0.08798382 0.07639135 
0.004382881 0.7553075 0.1649596 0.07535008 
0.002126328 0.6508877 0.1986642 0.1483217 
0.08821828 0.7881774 0.06761263 0.05599165 
0.006833302 0.9003889 0.05069392 0.04208387 
0.06295988 0.7612403 0.1455702 0.0302296 
0.03868488 0.8417913 0.106382 0.01314178 
0.09628167 0.7343671 0.09662113 0.07273008 
0.1009433 0.7613487 0.1357458 0.001962309 
0.1423947 0.738436 0.1115743 0.007595046 
0.06853791 0.7884512 0.0590846 0.08392624 
0.1002697 0.7626386 0.1305789 0.00651271 
0.07047792 0.7958911 0.1271765 0.006454483 
0.04192177 0.7907518 0.1484915 0.01883495 
0.1392297 0.7605732 0.09774182 0.002455274 
0.05767423 0.849176 0.09250479 0.0006449908 
0.05095672 0.8316304 0.1022453 0.01516765 
0.08093472 0.8211155 0.08732974 0.01062001 
0.02776103 0.8368735 0.1302893 0.005076148 
0.05694212 0.7805557 0.1322975 0.0302047 
0.05107082 0.758178 0.1008671 0.08988413 
0.06134404 0.8352946 0.09670424 0.006657135 
0.06960866 0.7052082 0.182009 0.04317412 
0.1001003 0.7882662 0.09847891 0.01315458 
0.05239065 0.8218865 0.02428857 0.1014342 
0.07232878 0.7712739 0.06030979 0.09608757 
0.1015961 0.8441774 0.02303791 0.03118855 
0.1103033 0.7800177 0.03602222 0.07365684 
0.111407 0.7791777 0.03270523 0.07671007 
0.1250783 0.7900028 0.06923115 0.0156878 
0.1228276 0.7692519 0.05845852 0.04946196 
0.1325638 0.7422342 0.08621332 0.03898871 
0.1257136 0.7745394 0.0491001 0.0506469 
0.1683317 0.7826606 0.01176583 0.03724182 
0.100911 0.7897467 0.02382637 0.0855159 
0.149088 0.7498226 0.01481026 0.0862791 
0.1668209 0.7198232 0.0497174 0.0636386 
0.1156662 0.7430608 0.01905671 0.1222163 
0.1626228 0.7792166 0.0108711 0.04728943 
0.1883428 0.7579709 0.04856034 0.005125998 
0.1901933 0.7507708 0.03630339 0.02273246 
0.1722957 0.7787387 0.04311597 0.005849664 
0.09777347 0.8039836 0.07994555 0.01829742 
0.1941475 0.7626588 0.03933427 0.003859419 
0.1354107 0.7879639 0.04846116 0.02816424 
0.110326 0.8330659 0.04542889 0.01117922 
0.1847803 0.7693862 0.03844842 0.007385126 
0.1935542 0.7492319 0.01549481 0.04171914 
0.08089567 0.7877919 0.01064579 0.1206666 
0.1140507 0.7838826 0.01730895 0.08475778 
0.1735523 0.7944599 0.006134386 0.02585342 
0.1098114 0.8370892 0.0182744 0.03482504 
0.1030374 0.7578234 0.08973938 0.04939982 
0.05168393 0.7872421 0.1321809 0.02889308 
0.01121884 0.8076019 0.1282528 0.05292654 
0.02206651 0.8014558 0.1354119 0.04106581 
0.008051306 0.7905974 0.1097403 0.091611 
0.01217246 0.7806139 0.1575007 0.04971299 
0.009789795 0.8436343 0.1182688 0.02830709 
0.0004206355 0.8062953 0.1473477 0.04593635 
0.002491752 0.7873811 0.1408897 0.06923745 
0.01026873 0.8179374 0.1410682 0.03072559 
0.04481736 0.7897234 0.09366574 0.07179346 
0.04302527 0.7838003 0.09968311 0.07349137 
0.01242794 0.7405848 0.1564705 0.09051678 
0.105108 0.8003968 0.05562966 0.03886556 
0.01583206 0.6894072 0.2025342 0.0922266 
0.006170621 0.7443898 0.2024304 0.04700911 
0.003875535 0.7583962 0.1603357 0.07739256 
0.01592863 0.76639 0.1653373 0.05234407 
0.00470778 0.8436968 0.1230495 0.02854587 
0.01481863 0.742486 0.1405582 0.1021372 
0.04742864 0.7944322 0.1195 0.03863913 
0.002893152 0.7697409 0.1772519 0.05011405 
0.0259655 0.8081218 0.1183492 0.04756348 
0.06898294 0.820228 0.06646009 0.04432894 
0.01920324 0.7805563 0.1451545 0.05508603 
0.03775973 0.8177536 0.1128572 0.03162947 
0.03367607 0.7151956 0.1200764 0.1310519 
0.01324884 0.8383054 0.1245731 0.02387269 
0.004113349 0.694852 0.2549124 0.04612225 
0.02378109 0.6407347 0.2925815 0.04290276 
0.005765052 0.7318124 0.1356935 0.126729 
0.01695973 0.7800253 0.1458682 0.05714684 
0.01869965 0.7378789 0.1795767 0.06384472 
0.02073805 0.7152726 0.2181921 0.04579721 
0.01426561 0.8061412 0.1390409 0.04055224 
0.1101217 0.8495959 0.0383298 0.001952556 
0.01781983 0.8826408 0.07975792 0.01978142 
0.05318511 0.751418 0.1517308 0.04366613 
0.0833178 0.6964232 0.2071258 0.01313323 
0.03771228 0.835534 0.09914339 0.0276103 
0.06619238 0.7244467 0.1815105 0.0278504 
0.08182164 0.8133453 0.08279824 0.02203482 
0.1302996 0.6558243 0.1919814 0.02189471 
0.09210185 0.7469471 0.1199086 0.04104247 
0.105244 0.7495025 0.1382056 0.007047812 
0.04115206 0.7491928 0.2019715 0.007683633 
0.08317602 0.7842302 0.0864232 0.04617061 
0.08873229 0.7739376 0.1363452 0.0009848915 
0.03380125 0.7667357 0.1790779 0.02038516 
0.06102776 0.7284732 0.2094347 0.00106438 
0.04829215 0.756605 0.1688338 0.02626907 
0.04849495 0.8176181 0.1310485 0.002838429 
0.04085212 0.8226285 0.1200067 0.01651271 
0.08567163 0.6860563 0.2028134 0.02545874 
0.02720097 0.7688246 0.1707537 0.03322071 
0.08373889 0.7641727 0.1284835 0.02360487 
0.008647392 0.8115663 0.1581721 0.02161425 
0.01263867 0.7959098 0.1369017 0.05454978 
0.01418616 0.7921487 0.1493611 0.04430405 
0.04867235 0.7623435 0.1321685 0.0568157 
0.0005335045 0.7288967 0.1413467 0.1292231 
0.001972738 0.7228347 0.2350685 0.04012408 
0.02616817 0.7318725 0.1608821 0.08107721 
0.105942 0.7330539 0.1247306 0.03627351 
0.1158843 0.8475301 0.006204013 0.03038165 
0.09043125 0.8450787 0.03174523 0.03274483 
0.08457067 0.8329147 0.003454513 0.0790601 
0.1307469 0.7913182 0.001712607 0.07622229 
0.1318911 0.793197 0.0006285497 0.0742833 
0.1215606 0.6753565 0.02575719 0.1773257 
0.09523419 0.782724 0.1083836 0.01365814 
0.1192492 0.778441 0.0146606 0.0876492 
0.1117843 0.7522599 0.08614589 0.04980995 
0.1296811 0.8005768 0.0292459 0.04049618 
0.1720304 0.7958985 0.003162737 0.02890839 
0.1300415 0.7609461 0.03395732 0.07505506 
0.160693 0.7740768 0.03603788 0.02919227 
0.1396844 0.7135083 0.03405959 0.1127477 
0.1341853 0.8113803 0.002046291 0.05238806 
0.01503278 0.80382 0.1325718 0.04857536 
0.004081481 0.7902508 0.1462367 0.05943102 
0.0002702166 0.8143166 0.1513077 0.03410545 
0.00703756 0.7894954 0.02583201 0.1776351 
0.01303438 0.7640012 0.102444 0.1205203 
0.0114983 0.778186 0.06232293 0.1479928 
0.04091905 0.7234575 0.08152134 0.1541021 
0.0004114498 0.9007657 0.03696263 0.06186019 
0.04615704 0.791012 0.0596188 0.1032122 
0.02782919 0.8289561 0.02516524 0.1180495 
0.00389247 0.7802616 0.0420069 0.173839 
0.008136252 0.7674362 0.08704909 0.1373785 
0.08310785 0.8021524 0.006527142 0.1082126 
0.0627578 0.7637832 0.04404004 0.1294189 
0.03252705 0.768216 0.0536994 0.1455575 
0.01466527 0.7445471 0.04302359 0.197764 
0.002684116 0.7509002 0.01628305 0.2301326 
0.01831902 0.7779431 0.03949921 0.1642387 
0.08782017 0.8334694 0.05913013 0.01958026 
0.1137707 0.8260436 0.0460054 0.01418031 
0.09514274 0.7644452 0.1026963 0.03771575 
0.0849755 0.825126 0.05614878 0.03374967 
0.1092822 0.8458762 0.03654327 0.008298278 
0.1461534 0.779417 0.05962253 0.01480702 
0.1765697 0.7670764 0.04709439 0.009259555 
0.1038484 0.7982589 0.0968594 0.001033274 
0.1306461 0.7965193 0.05529765 0.01753691 
0.1195661 0.7779315 0.09695535 0.005547081 
0.1127868 0.84691 0.02038988 0.0199133 
0.1039717 0.8140036 0.0686218 0.01340291 
0.1403173 0.7901118 0.03179368 0.03777724 
0.0888095 0.8462825 0.02415953 0.04074849 
0.1046875 0.8464464 0.03091281 0.01795337 
0.192338 0.7317811 0.05452289 0.02135799 
0.1516359 0.7988024 0.03807889 0.01148283 
0.1083292 0.8386451 0.04855618 0.004469581 
0.1004982 0.8045002 0.07436474 0.02063688 
0.1679463 0.7667983 0.05115485 0.01410061 
0.1432882 0.6764052 0.1356985 0.04460812 
0.125589 0.7374244 0.09224064 0.04474604 
0.1365191 0.7556395 0.06437841 0.04346294 
0.08821231 0.813261 0.08871248 0.009814249 
0.03810602 0.8004655 0.04911744 0.112311 
0.02997482 0.7995735 0.05159347 0.1188582 
0.0008638384 0.7949062 0.0560973 0.1481326 
0.08718957 0.7867573 0.01210323 0.1139499 
0.06362078 0.7136954 0.05923484 0.163449 
0.04066953 0.7760668 0.02342383 0.1598398 
0.07379722 0.7822791 0.002711548 0.1412121 
0.07210881 0.779906 0.02113689 0.1268483 
0.05126687 0.7897255 0.007403382 0.1516042 
0.02709015 0.7044146 0.1282633 0.1402319 
0.02127653 0.7802661 0.1147863 0.08367105 
0.01027174 0.7736095 0.05079392 0.1653249 
0.02039374 0.786588 0.06947814 0.1235402 
0.005044442 0.8059194 0.03656802 0.1524681 
0.008737354 0.7955185 0.06894724 0.1267969 
0.02939882 0.7475489 0.08289546 0.1401569 
0.04617284 0.8265805 0.0634494 0.06379723 
0.07114389 0.8195314 0.01946821 0.08985651 
0.05510873 0.7592357 0.04175291 0.1439027 
0.06346432 0.7090878 0.05020323 0.1772447 
0.05601343 0.7768806 0.04295679 0.1241492 
0.05378716 0.7901849 0.009226697 0.1468012 
0.07548422 0.785602 0.01395014 0.1249637 
0.05610348 0.7824748 0.03429083 0.1271309 
0.07472537 0.7970916 0.0304114 0.09777166 
0.0684498 0.7786874 0.003643978 0.1492188 
0.06677614 0.7341588 0.00883457 0.1902305 
0.07284328 0.7822264 0.03693838 0.107992 
0.1570754 0.7026433 0.04881589 0.09146545 
0.003963455 0.7844978 0.09643878 0.1150999 
0.05640801 0.7928037 0.04812118 0.1026671 
0.05631842 0.7008769 0.04781348 0.1949912 
0.06674356 0.7972225 0.004790648 0.1312433 
0.04796982 0.7620733 0.03617672 0.1537801 
0.04323224 0.8123006 0.002499137 0.141968 
0.07416011 0.730025 0.0126811 0.1831338 
0.06183537 0.7736426 3.433581e-05 0.1644877 
0.06079676 0.7884733 0.004864184 0.1458657 
0.03465927 0.8125305 0.05777127 0.09503898 
0.06751609 0.7378971 0.0118524 0.1827344 
0.05674127 0.774657 0.01164236 0.1569593 
0.03282473 0.796599 0.05496654 0.1156097 
0.04047084 0.7738112 0.05067351 0.1350445 
0.00198343 0.6982994 0.06372631 0.2359909 
0.01356986 0.8579296 0.04738797 0.08111257 
0.1015694 0.7791732 0.002007084 0.1172503 
0.04650697 0.7466314 0.1108907 0.09597093 
0.06723585 0.7542681 0.06132342 0.1171727 
0.06456172 0.6788569 0.02590946 0.2306719 
0.05211606 0.734848 0.02783245 0.1852035 
0.0453105 0.7823701 0.03228504 0.1400344 
0.0484932 0.7457332 0.08758135 0.1181922 
0.03042216 0.8418809 0.006370482 0.1213264 
0.05153664 0.784395 0.03154792 0.1325204 
0.02782656 0.8358414 0.01351395 0.1228181 
0.04436215 0.8272338 0.002862008 0.125542 
0.09428723 0.7872719 0.00543371 0.1130072 
0.06283777 0.7802262 0.0422412 0.1146948 
0.06126305 0.7700879 0.02131748 0.1473315 
0.004742818 0.7991361 0.06366593 0.1324552 
0.06094429 0.6713693 0.005872038 0.2618144 
0.0245762 0.8355003 0.02350546 0.1164181 
0.02424065 0.7915574 0.0541388 0.1300632 
0.03668537 0.7583523 0.0484103 0.156552 
0.007064272 0.7590538 0.07157323 0.1623087 
0.02702712 0.75178 0.04798484 0.173208 
0.1514676 0.7760845 0.04954115 0.02290677 
0.09940891 0.8402434 0.0569623 0.003385397 
0.1114059 0.8585893 0.02852857 0.001476313 
0.1514519 0.7544466 0.09135164 0.002749917 
0.1893858 0.7592922 0.05013302 0.001188985 
0.1415635 0.8076446 0.04004707 0.01074478 
0.1014823 0.7920641 0.08272273 0.02373079 
0.145104 0.75556 0.08905437 0.01028156 
0.2019957 0.7657873 0.02985007 0.00236697 
0.1372208 0.7773481 0.08026903 0.005162086 
0.2299524 0.7259706 0.03638886 0.007688162 
0.07881331 0.874136 0.03657011 0.01048062 
0.1644677 0.7864899 0.03019347 0.01884891 
0.1689972 0.7151869 0.1037576 0.01205828 
0.1376734 0.7938518 0.01197035 0.0565044 
0.1500531 0.7868799 0.009725247 0.05334176 
0.08309408 0.7850584 0.0701282 0.0617193 
0.1231264 0.7786275 0.04943986 0.04880622 
0.09213737 0.8306925 0.008086071 0.06908409 
0.1499001 0.8054948 0.008751978 0.03585314 
0.1384197 0.7606064 0.02504366 0.07593021 
0.1446002 0.7292493 0.05312182 0.07302872 
0.1871948 0.7183705 0.004191685 0.09024299 
0.09751485 0.8238223 0.003168988 0.07549387 
0.1719562 0.7661171 0.03629285 0.0256338 
0.1187991 0.7467306 0.01523114 0.1192391 
0.08317844 0.8478872 0.02887057 0.04006375 
0.006427971 0.8370732 0.09423048 0.0622684 
0.02011833 0.8350925 0.1139847 0.03080448 
0.04923046 0.8229144 0.1069073 0.02094789 
0.05866092 0.6898671 0.1883796 0.06309238 
0.03098545 0.8067178 0.07535635 0.08694037 
0.04211195 0.803553 0.1226926 0.03164244 
0.005527143 0.8026474 0.1133703 0.07845507 
0.0583222 0.7961863 0.1100091 0.03548237 
0.03452324 0.7720376 0.1425205 0.05091875 
0.03763537 0.7636492 0.1436935 0.05502189 
0.08478559 0.8064236 0.07032787 0.03846293 
0.04198345 0.8161728 0.1251469 0.01669692 
0.07964762 0.8162685 0.08490362 0.01918023 
0.06793244 0.8084426 0.1233112 0.0003137801 
0.07037485 0.8208441 0.1070152 0.001765826 
0.03221096 0.802516 0.1615461 0.003726955 
0.09383025 0.7967356 0.1025987 0.006835414 
0.08128471 0.7778 0.1248098 0.01610542 
0.05913615 0.811678 0.1282888 0.0008970622 
0.01821019 0.809521 0.1674278 0.00484101 
0.04646352 0.7751682 0.1682173 0.01015094 
0.08425193 0.7759235 0.0303585 0.1094661 
0.06418586 0.7874632 0.01800142 0.1303496 
0.04784718 0.8323303 0.006654796 0.1131677 
0.08487474 0.8216977 0.008528427 0.08489911 
0.001440936 0.7706542 0.03523606 0.1926688 
0.03337476 0.8174553 0.0265027 0.1226672 
0.006352019 0.8263685 0.05754593 0.1097335 
0.02547339 0.8241066 0.04861063 0.1018094 
0.0052004 0.8242074 0.04664373 0.1239484 
0.03550212 0.7764612 0.08135101 0.1066857 
0.0153381 0.7748425 0.06185513 0.1479643 
0.01588077 0.7897458 0.08152949 0.1128439 
0.02520227 0.7391023 0.07547852 0.1602169 
0.02274674 0.7554055 0.06292128 0.1589265 
0.1345518 0.8160052 0.03747447 0.01196854 
0.1259306 0.8467668 0.02632046 0.000982115 
0.1272716 0.8275417 0.03439666 0.01079005 
0.1111291 0.7744974 0.0766904 0.03768304 
0.15016 0.8031947 0.04446301 0.002182375 
0.1261718 0.7972789 0.05345232 0.02309699 
0.091801 0.7490501 0.1371447 0.02200422 
0.08687082 0.8143931 0.02951924 0.06921681 
0.1295899 0.7723064 0.05651334 0.04159034 
0.1052194 0.842563 0.002406947 0.04981063 
0.09513058 0.8188729 0.00235778 0.08363874 
0.1435707 0.8032036 0.0244576 0.02876815 
0.1110699 0.7912384 0.04517606 0.05251566 
0.1210775 0.7893384 0.02705206 0.06253204 
0.1527854 0.7669536 0.007989685 0.07227135 
0.14996 0.7872043 0.01054815 0.05228762 
0.1868231 0.7641494 0.01656651 0.03246104 
0.1399168 0.8053526 0.01523987 0.03949073 
0.1367651 0.7677134 0.03920524 0.05631624 
0.2035297 0.7420313 0.004015419 0.05042355 
0.1407709 0.7740737 0.07821963 0.006935768 
0.1006177 0.7410883 0.07500837 0.08328565 
0.08401963 0.7845823 0.02725551 0.1041426 
0.1719899 0.7560952 0.02272194 0.04919299 
0.1208997 0.8326372 0.01224765 0.03421541 
0.1396558 0.7451595 0.007687109 0.1074976 
0.1281379 0.8290671 0.00718242 0.03561266 
0.1240072 0.7873808 0.01608761 0.07252439 
0.2347783 0.70772 0.01156825 0.04593349 
0.1549187 0.7867155 0.001508742 0.05685706 
0.1130245 0.8192324 0.02860005 0.03914309 
0.0932746 0.8054464 0.053254 0.048025 
0.1387801 0.776541 0.01358385 0.07109503 
0.0779086 0.7877561 0.08820394 0.04613135 
0.06955168 0.8601943 0.00305425 0.06719974 
0.1585973 0.7917308 0.01091834 0.03875359 
0.1180484 0.7905591 0.034711 0.05668152 
0.1548707 0.7157157 0.04511304 0.08430054 
0.1709141 0.7690811 0.01474603 0.04525875 
0.1132612 0.7612785 0.018553 0.1069073 
0.1795387 0.7817362 0.004670094 0.03405502 
0.1225254 0.7881708 0.03261887 0.05668486 
0.1066852 0.8051912 0.001367968 0.08675566 
0.1532677 0.7756198 0.06278412 0.008328435 
0.1202031 0.8047259 0.008884925 0.06618613 
0.1968252 0.7448623 0.01367041 0.04464204 
0.09052022 0.8888644 0.007739117 0.01287626 
0.2025583 0.7141923 0.04763166 0.03561775 
0.09899168 0.8428461 0.02060248 0.03755978 
0.1629494 0.7595626 0.04222139 0.03526656 
0.09047457 0.8040365 0.02876911 0.07671985 
0.09252417 0.8377081 0.01245507 0.05731269 
0.133797 0.7645077 0.01895182 0.08274349 
0.1365936 0.8220026 0.003913541 0.03749025 
0.1016551 0.8331448 0.02649605 0.03870406 
0.2296389 0.6987153 0.006123078 0.06552274 
0.117406 0.8013478 0.02788442 0.05336178 
0.09439742 0.8629162 0.01666951 0.02601685 
0.1250417 0.7463372 0.07323474 0.05538641 
0.1488573 0.8029879 0.01791117 0.03024361 
0.1397275 0.7968821 0.01686443 0.04652598 
0.1899075 0.7098663 0.02513982 0.0750864 
0.1589292 0.7518003 0.04015663 0.04911389 
0.1649437 0.7664676 0.03215188 0.03643681 
0.1609825 0.7264392 0.002693445 0.1098849 
0.08174577 0.8046872 0.06021745 0.05334954 
0.1318871 0.7874248 0.0559731 0.02471503 
0.1660684 0.7688894 0.02110581 0.04393639 
0.1576515 0.7876766 0.04709286 0.007579084 
0.1089406 0.7968152 0.04156722 0.05267704 
0.08857601 0.7257484 0.1510768 0.03459882 
0.02653906 0.7185809 0.2332165 0.02166363 
0.02097536 0.8113103 0.1394412 0.0282732 
0.03418492 0.8269496 0.1309927 0.007872724 
0.0006356287 0.7768099 0.1552991 0.06725546 
0.007171504 0.7914551 0.1996011 0.001772305 
0.08880425 0.7681246 0.1427019 0.0003692893 
0.06744967 0.7586099 0.1671724 0.006767981 
0.04931529 0.7180124 0.2089098 0.02376245 
0.0120121 0.774197 0.1502304 0.0635605 
0.05782108 0.7667576 0.1693824 0.006038931 
0.06740695 0.8002605 0.130306 0.002026522 
0.0478125 0.7943585 0.1148914 0.04293759 
0.06705696 0.7735294 0.1234911 0.03592252 
0.04329507 0.7725974 0.1100679 0.0740397 
0.04902797 0.7932107 0.1350537 0.02270767 
0.08934496 0.752784 0.1421799 0.01569113 
0.06049767 0.6889717 0.1783997 0.07213089 
0.04499128 0.8592114 0.08867079 0.007126484 
0.04039235 0.7830911 0.1644626 0.01205393 
0.0122834 0.7703711 0.1400274 0.07731814 
0.003789178 0.7180205 0.08364538 0.194545 
0.04217033 0.7687037 0.182867 0.006259045 
0.1135852 0.7500817 0.1288056 0.007527473 
0.03842383 0.7630978 0.1703898 0.02808859 
0.07260772 0.7752715 0.1201307 0.03199005 
0.04439711 0.815163 0.1191049 0.02133493 
0.03570012 0.7300116 0.1212732 0.1130151 
0.05536115 0.6640363 0.2760511 0.004551416 
0.08121722 0.6978486 0.1981835 0.02275071 
0.003918008 0.8369612 0.1266024 0.03251838 
0.02979971 0.8258272 0.1045592 0.03981396 
0.05311962 0.7656158 0.1370567 0.04420786 
0.0725259 0.8085046 0.08726142 0.03170811 
0.01514102 0.8581554 0.08971655 0.03698699 
0.02162217 0.7248037 0.151095 0.1024792 
0.002564243 0.7904638 0.1567976 0.05017437 
0.004206435 0.754593 0.1626807 0.07851993 
0.001215305 0.7836298 0.1665247 0.04863024 
0.01162541 0.6881363 0.2228884 0.07734992 
0.03812846 0.7752317 0.138642 0.04799776 
0.06603831 0.7258773 0.02818476 0.1798997 
0.009150407 0.7915445 0.07058548 0.1287196 
0.01248725 0.7675333 0.1180873 0.1018922 
0.05858765 0.7640602 0.02417831 0.1531739 
0.03192807 0.6952444 0.101256 0.1715715 
0.0200988 0.7430242 0.09874251 0.1381345 
0.02808778 0.8097962 0.04785461 0.1142614 
0.01465879 0.6925073 0.092383 0.2004509 
0.01712495 0.7605657 0.09270243 0.129607 
0.08863125 0.7771043 0.05103231 0.08323211 
0.03447328 0.8036043 0.01127712 0.1506453 
0.0263946 0.8047076 0.02949818 0.1393996 
0.04339176 0.8269382 0.01623754 0.1134325 
0.03141631 0.8542838 0.01817342 0.09612643 
0.06473963 0.7442858 0.00808729 0.1828873 
0.08051145 0.7888309 0.01478044 0.1158772 
0.02398161 0.8354104 0.003574723 0.1370332 
0.1087201 0.7289908 0.06306278 0.09922632 
0.07543344 0.7179326 0.03041385 0.1762201 
0.0458033 0.7590237 0.01802219 0.1771508 
0.03017314 0.82447 0.000148121 0.1452087 
0.08437259 0.7950687 0.01393209 0.1066266 
0.06053606 0.8068573 0.01292581 0.1196808 
0.1071353 0.7256021 0.003197878 0.1640647 
0.03614017 0.8494036 0.005214022 0.1092422 
0.05084452 0.5593985 0.1978252 0.1919318 
0.03217397 0.8595051 0.02213573 0.08618521 
0.02757759 0.8692021 0.00759902 0.09562124 
0.07072977 0.7949451 0.03184782 0.1024773 
0.01893509 0.7864647 0.08046608 0.1141342 
0.07453435 0.7033984 0.06379894 0.1582683 
0.004354938 0.8076136 0.02413441 0.163897 
0.07221327 0.7804705 0.04545691 0.1018593 
0.01686336 0.7776963 0.02123489 0.1842055 
0.003548601 0.8700347 0.05280543 0.07361131 
0.005859503 0.796854 0.04926587 0.1480206 
0.03490391 0.7574145 0.07712151 0.1305601 
0.08261914 0.7723074 0.003327708 0.1417457 
0.1057827 0.7664008 3.962378e-05 0.1277769 
0.08860228 0.816816 0.01233882 0.08224288 
0.0008844202 0.8293479 0.02653106 0.1432367 
0.02713358 0.8348238 0.05690723 0.08113535 
0.07569649 0.772303 0.002303867 0.1496966 
0.02205336 0.6530601 0.08473315 0.2401534 
0.05087231 0.7613611 0.0495967 0.1381699 
0.0001170353 0.8092593 0.04376543 0.1468582 
0.01146746 0.7732937 0.05171284 0.163526 
0.04012996 0.7476689 0.04848786 0.1637133 
0.04864512 0.8376524 0.01161565 0.1020868 
0.1164492 0.736757 0.02116292 0.1256309 
0.03744224 0.6570772 0.005409892 0.3000707 
0.03710418 0.8267626 0.01444979 0.1216835 
0.1092984 0.7378923 0.01624 0.1365693 
0.04379747 0.7687926 0.002015572 0.1853944 
0.02331319 0.7358913 0.04909026 0.1917053 
0.08113121 0.8166908 0.01211155 0.09006644 
0.1388121 0.730632 0.02208183 0.108474 
0.06474408 0.6986884 0.009566593 0.227001 
0.03995572 0.8188944 0.0005245814 0.1406253 
0.002385414 0.7745051 0.01412845 0.208981 
0.1146613 0.7825211 0.01578065 0.08703694 
0.01112856 0.7636266 0.0007231032 0.2245217 
0.00976204 0.7995546 0.02118225 0.1695011 
0.0790931 0.7912791 0.02239606 0.1072318 
0.08883121 0.7713362 0.01307274 0.1267598 
0.06802869 0.8266067 0.01562398 0.08974065 
0.0002006483 0.7599067 0.06823729 0.1716553 
0.03585047 0.712323 0.0381653 0.2136612 
0.1287722 0.7131852 0.145616 0.01242658 
0.05437476 0.7061036 0.2383865 0.001135198 
0.02816145 0.7726563 0.1801322 0.01904998 
0.03186219 0.7842784 0.1423324 0.04152697 
0.05396365 0.7449456 0.1969416 0.004149126 
0.08845651 0.764725 0.1246326 0.02218588 
0.03136947 0.7905086 0.1765346 0.001587299 
0.03558687 0.7926237 0.1320242 0.03976528 
0.0346862 0.7168683 0.2346252 0.01382024 
0.06652468 0.7968406 0.1280833 0.008551499 
0.06968876 0.754317 0.1506104 0.02538387 
0.06178545 0.7802201 0.1436714 0.01432303 
0.03916135 0.8560449 0.08009545 0.02469833 
0.05271264 0.8431059 0.1024875 0.001693952 
0.06613834 0.8062754 0.1255886 0.001997626 
0.06140326 0.8146606 0.1214372 0.002498934 
0.05974812 0.7725018 0.1643999 0.003350113 
0.03003593 0.8278351 0.1383389 0.00379001 
0.1277918 0.7314457 0.1220249 0.01873761 
0.08698388 0.7016808 0.1697425 0.04159282 
0.08227069 0.7722929 0.1334257 0.01201074 
0.0365138 0.7603434 0.1795614 0.02358134 
0.0854881 0.7195692 0.1857012 0.009241511 
0.04663814 0.6578804 0.2399104 0.05557103 
0.05883215 0.8632652 0.0753926 0.002510038 
0.080762 0.7709096 0.03582926 0.1124992 
0.02360816 0.8105007 0.05600058 0.1098906 
0.07145459 0.8388786 0.00315 0.08651677 
0.08785749 0.8237738 0.01086235 0.07750634 
0.08156023 0.7616478 0.03074917 0.1260429 
0.1309065 0.7495327 0.009483006 0.1100778 
0.1025609 0.7250791 0.003773634 0.1685863 
0.07550753 0.7581673 0.01221827 0.154107 
0.08588682 0.7270872 0.005428355 0.1815976 
0.07556525 0.813594 0.006599862 0.1042409 
0.0264754 0.7928467 0.01711473 0.1635631 
0.05643505 0.820799 0.03011969 0.09264621 
0.005311381 0.7554678 0.04721593 0.1920049 
0.07104598 0.7639232 0.07573146 0.08929936 
0.03837581 0.7564651 0.05472833 0.1504308 
0.01391793 0.7866693 0.0381684 0.1612444 
0.02697204 0.7914736 0.03375202 0.1478024 
0.003159084 0.8525005 0.05053022 0.09381015 
0.1097494 0.6564324 0.06991176 0.1639064 
0.01806085 0.779677 0.03618001 0.1660821 
0.06751806 0.7431649 0.02583045 0.1634866 
0.0788952 0.7531849 0.04479319 0.1231267 
0.03112341 0.7915051 0.05487557 0.122496 
0.01745528 0.7441704 0.1331136 0.1052607 
0.003645559 0.8280695 0.06610719 0.1021778 
0.003671331 0.6502803 0.1081536 0.2378947 
0.001081115 0.7284345 0.1624504 0.1080339 
0.06053559 0.7288667 0.0487774 0.1618203 
0.02245327 0.7990497 0.008214747 0.1702823 
0.2055937 0.7065697 0.05157381 0.03626272 
0.08483094 0.8162187 0.02553758 0.07341278 
0.01044847 0.814385 0.11585 0.05931654 
0.02618184 0.7288276 0.0744658 0.1705248 
0.007189676 0.7830019 0.07228383 0.1375246 
0.02606822 0.7756929 0.03537674 0.1628622 
0.07606249 0.7932467 0.03443231 0.09625852 
0.01889321 0.7414442 0.0398402 0.1998224 
0.02135226 0.7957237 0.04598443 0.1369396 
0.07774865 0.7442857 0.06752175 0.1104439 
0.01616161 0.8533095 0.06884101 0.0616879 
0.02361107 0.8027669 0.1556605 0.01796154 
0.04082139 0.7695353 0.03386437 0.1557789 
0.03109934 0.8437631 0.00307691 0.1220606 
0.04362636 0.788149 0.007863099 0.1603616 
0.1192694 0.6738638 0.03116427 0.1757026 
0.08995731 0.7739171 0.003663442 0.1324621 
0.03088046 0.8400691 0.04240918 0.08664128 
0.03790365 0.8258243 0.01778504 0.118487 
0.03112392 0.7795454 0.1743045 0.01502614 
0.0836335 0.7182984 0.1860035 0.0120646 
0.07357238 0.7762586 0.1445513 0.005617796 
0.04433127 0.7956406 0.1545669 0.005461268 
0.03186911 0.8145295 0.1241653 0.02943607 
0.02291478 0.8171203 0.1577731 0.002191818 
0.04688837 0.7460694 0.1907808 0.01626144 
0.06099017 0.8186063 0.1140224 0.006381227 
0.01842647 0.8120201 0.154492 0.01506139 
0.06870846 0.8292051 0.09864712 0.003439273 
0.09146198 0.7414115 0.1361449 0.03098155 
0.04001291 0.7710833 0.1007059 0.08819786 
0.07563418 0.7532932 0.1511646 0.01990806 
0.1008914 0.7709338 0.1185232 0.009651502 
0.05994877 0.8050773 0.1179437 0.01703023 
0.0276115 0.8700668 0.08111328 0.02120839 
0.1303699 0.6842771 0.1515455 0.03380745 
0.04807335 0.8313812 0.1049633 0.01558218 
0.00697511 0.7789416 0.1765429 0.03754037 
0.02412464 0.7841646 0.141421 0.05028978 
0.01839681 0.7304909 0.09802868 0.1530836 
0.0595949 0.7320133 0.1880429 0.02034898 
0.07787369 0.7830287 0.1374263 0.001671285 
0.07026442 0.7752317 0.1451317 0.009372147 
0.03954821 0.8092552 0.1491024 0.002094269 
0.1145687 0.6920564 0.1918224 0.001552508 
0.03954995 0.8194424 0.1152402 0.02576749 
0.04533362 0.7878243 0.1457645 0.02107765 
0.01239021 0.8300396 0.0883906 0.06917963 
0.0271926 0.7414355 0.1912503 0.04012166 
0.0929891 0.7330474 0.1728364 0.001127154 
0.0830502 0.7629627 0.1431887 0.01079835 
0.06685168 0.7647764 0.1442574 0.02411447 
0.08525169 0.7797427 0.1215533 0.01345226 
0.02841857 0.7820807 0.1836412 0.005859575 
0.03150982 0.7032743 0.185861 0.07935482 
0.1030665 0.7406238 0.1402551 0.01605452 
0.0630476 0.756872 0.1641 0.01598048 
0.02566736 0.7354737 0.1963301 0.04252882 
0.05797962 0.7642926 0.16062 0.01710781 
0.07897899 0.8082117 0.08987752 0.02293179 
0.05286662 0.8077474 0.1176956 0.0216903 
0.03919265 0.6809244 0.2753089 0.004574118 
0.04727958 0.6943936 0.2112844 0.04704244 
0.043823 0.8416728 0.114158 0.0003461472 
0.00342334 0.8271938 0.1545231 0.01485979 
0.002679343 0.804764 0.1558203 0.03673637 
0.01481725 0.7421914 0.2139401 0.02905124 
0.01930423 0.8238056 0.1196694 0.03722073 
0.007813112 0.7649946 0.1440797 0.08311262 
0.02897424 0.7478274 0.1574354 0.06576294 
0.0916798 0.7712574 0.1134774 0.02358533 
0.01766858 0.7132481 0.2566094 0.0124739 
0.02664954 0.7476205 0.1631135 0.06261654 
0.006768769 0.8331118 0.1022053 0.05791419 
0.04980203 0.8741043 0.0757275 0.0003662058 
0.06367751 0.7629715 0.1313078 0.04204321 
0.06231079 0.7791448 0.127044 0.03150039 
0.1179348 0.7084905 0.1565324 0.01704232 
0.04268283 0.7685782 0.1577013 0.03103767 
0.01262201 0.733268 0.139525 0.114585 
0.0493946 0.7866927 0.125125 0.0387877 
0.07554537 0.7219752 0.1700811 0.03239838 
0.03206027 0.8440591 0.105138 0.01874266 
0.1298361 0.7813342 0.07913854 0.009691156 
0.01231056 0.7183184 0.0732547 0.1961164 
0.008725505 0.8218187 0.09589373 0.07356207 
0.01067654 0.7646329 0.09133385 0.1333568 
0.01093718 0.7282176 0.111228 0.1496172 
0.06366709 0.823019 0.00758465 0.1057293 
0.04598199 0.8077558 0.01696809 0.1292941 
0.02317867 0.8091091 0.04840361 0.1193086 
0.05532031 0.7231969 0.01653962 0.2049432 
0.02822507 0.8511041 0.0294959 0.09117497 
0.04024849 0.7675754 0.03252694 0.1596492 
0.02921924 0.8230821 0.01459953 0.1330991 
0.0827316 0.7750078 0.003606752 0.1386538 
0.03843523 0.7861072 0.007461296 0.1679963 
0.07045676 0.7748325 0.01630204 0.1384087 
0.08770141 0.8020754 0.005770718 0.1044525 
0.02208967 0.7728777 0.06499974 0.1400329 
0.009865353 0.7080497 0.08531077 0.1967742 
0.02466252 0.7449432 0.07713452 0.1532598 
0.03892528 0.7855974 0.02616272 0.1493146 
0.004306418 0.8450792 0.04323477 0.1073796 
0.004989064 0.784975 0.04965387 0.160382 
0.06979981 0.8473843 0.000283321 0.0825326 
0.04918918 0.7518784 0.02991772 0.1690147 
0.03639591 0.7739646 0.03647441 0.1531651 
0.06042523 0.7040634 0.04532395 0.1901874 
0.05942438 0.7739925 0.01839181 0.1481913 
0.08477848 0.7633126 0.04095804 0.1109508 
0.03257379 0.7871708 0.01190615 0.1683493 
0.05826077 0.8725248 0.01707738 0.05213708 
0.09475105 0.7701154 0.02234551 0.1127881 
0.06902808 0.8252913 0.008743873 0.09693672 
0.0317006 0.8452961 0.02037003 0.1026332 
0.1296298 0.7244684 0.03148671 0.114415 
0.06326571 0.8086984 0.003108882 0.124927 
0.06374065 0.7529023 0.08323748 0.1001195 
0.03578537 0.7287848 0.1325666 0.1028633 
0.005764139 0.7767383 0.04784074 0.1696568 
0.02337269 0.7506487 0.0459804 0.1799982 
0.009297361 0.7530887 0.08086521 0.1567487 
0.004577555 0.7799391 0.04242201 0.1730613 
0.008863794 0.7466736 0.07727657 0.1671861 
0.02022606 0.7450613 0.09023388 0.1444787 
0.008318476 0.7507006 0.100688 0.1402929 
0.060097 0.7226779 0.08985535 0.1273698 
0.02384848 0.7477408 0.06555806 0.1628527 
0.03114158 0.7695173 0.04488068 0.1544604 
0.003587496 0.818273 0.06531522 0.1128243 
0.09646504 0.7526776 0.02639153 0.1244658 
0.05783097 0.7447167 0.01491724 0.1825351 
0.02739664 0.7786661 0.0160905 0.1778468 
0.05177436 0.77369 0.003809005 0.1707267 
0.1198805 0.696347 0.009461298 0.1743112 
0.05620397 0.7540641 0.009254866 0.180477 
0.01615655 0.8000254 0.05238031 0.1314377 
0.02142778 0.7846632 0.07749754 0.1164115 
0.004207655 0.723214 0.03829279 0.2342855 
0.03997091 0.8592964 0.005366326 0.09536639 
0.03689719 0.739964 0.02548076 0.197658 
0.08580256 0.8035507 0.001527096 0.1091197 
0.02499451 0.8830912 0.001556008 0.09035833 
0.08578356 0.7871366 0.007736737 0.1193431 
0.04318859 0.680631 0.07000274 0.2061776 
0.07551779 0.7420329 0.003784587 0.1786647 
0.05660705 0.8074564 0.03402454 0.101912 
0.05420663 0.7620834 0.1788972 0.004812811 
0.03272376 0.8318928 0.1090461 0.02633742 
0.03567647 0.7272165 0.1984159 0.0386912 
0.004178236 0.7422052 0.2208851 0.03273146 
0.04521182 0.8441737 0.1048984 0.005716068 
0.0560702 0.7695324 0.1672913 0.007106104 
0.06258942 0.8198396 0.1054133 0.0121577 
0.1052563 0.7167555 0.1461996 0.03178858 
0.1021276 0.7046938 0.1929382 0.0002403617 
0.03981329 0.7842711 0.1641137 0.01180189 
0.02112843 0.8423192 0.07297566 0.06357672 
0.0651174 0.8194035 0.1119953 0.003483735 
0.06635991 0.7215289 0.1912082 0.02090295 
0.04015215 0.8469662 0.111974 0.0009076671 
0.04173873 0.8047198 0.0144626 0.1390789 
